PROPERTY sim/west -180
PROPERTY sim/east 180
PROPERTY sim/north 90
PROPERTY sim/south -90
PROPERTY sim/planet earth
PROPERTY sim/creation_agent WorldEditor2.2.0r2
PROPERTY laminar/internal_revision 0
PROPERTY sim/overlay 1
FILTER 0
FILTER -1
FILTER 0
FILTER -1
FILTER 0
FILTER -1
FILTER 0
FILTER -1
FILTER 0
FILTER -1
FILTER 0
OBJECT 0 -82.087417163 28.671474151 270.000000
BEGIN_POLYGON 0 10 3
BEGIN_WINDING
POLYGON_POINT -82.087809507 28.671269374 0.000000000
POLYGON_POINT -82.087141808 28.671270806 0.000000000
POLYGON_POINT -82.087141808 28.672157509 0.000000000
POLYGON_POINT -82.087791885 28.672157027 0.000000000
END_WINDING
END_POLYGON
OBJECT 1 -82.085266899 28.668865554 0.000000
OBJECT 1 -82.085322404 28.668842485 14.036081
OBJECT 1 -82.085269821 28.668821979 315.000336
OBJECT 1 -82.085217237 28.668804037 0.000000
OBJECT 1 -82.085228923 28.668757899 0.000000
OBJECT 1 -82.085284427 28.668750210 75.963608
OBJECT 1 -82.085266899 28.668686130 90.000000
OBJECT 1 -82.085380830 28.668722014 90.000000
OBJECT 1 -82.085357460 28.668801474 180.000000
OBJECT 1 -82.085415886 28.668829669 90.000000
OBJECT 1 -82.085412965 28.668783531 270.000000
OBJECT 1 -82.085319483 28.668688693 270.000000
OBJECT 1 -82.085223080 28.668688693 0.000000
OBJECT 1 -82.085152969 28.668737394 224.999680
OBJECT 1 -82.085147126 28.668780968 0.000000
OBJECT 1 -82.085158811 28.668827106 135.000336
OBJECT 1 -82.085202631 28.668865554 0.000000
OBJECT 1 -82.085234765 28.668911692 0.000000
OBJECT 1 -82.085301955 28.668911692 90.000000
OBJECT 1 -82.085380830 28.668909128 90.000000
OBJECT 1 -82.085456784 28.668893749 104.036415
OBJECT 1 -82.085427571 28.668945013 224.999634
OBJECT 1 -82.085345775 28.668962956 270.000000
OBJECT 1 -82.085278585 28.668962956 270.000000
OBJECT 1 -82.085275663 28.668996277 180.000000
OBJECT 1 -82.085339932 28.669006530 99.462448
OBJECT 1 -82.085477233 28.669091116 0.000000
OBJECT 1 -82.085366224 28.669055231 0.000000
OBJECT 1 -82.085383752 28.669016783 33.689705
OBJECT 1 -82.085462627 28.668965519 90.000000
OBJECT 1 -82.085550266 28.669009093 0.000000
OBJECT 1 -82.085494761 28.669019346 0.000000
OBJECT 1 -82.085518132 28.669062921 0.000000
OBJECT 1 -82.085433414 28.669052668 0.000000
OBJECT 1 -82.085541502 28.668593854 0.000000
OBJECT 1 -82.085588243 28.668614360 0.000000
OBJECT 1 -82.085661276 28.668611797 83.659744
OBJECT 1 -82.085687567 28.668565659 44.999729
OBJECT 1 -82.085760600 28.668591291 224.999725
OBJECT 1 -82.085702174 28.668711762 90.000000
OBJECT 1 -82.085725544 28.668634866 0.000000
OBJECT 1 -82.085646669 28.668675877 0.000000
OBJECT 1 -82.085640827 28.668752773 0.000000
OBJECT 1 -82.085781049 28.668622050 0.000000
OBJECT 1 -82.085743072 28.668673314 0.000000
OBJECT 1 -82.085810262 28.668706635 0.000000
OBJECT 1 -82.085743072 28.668750210 0.000000
OBJECT 1 -82.085804420 28.668801474 0.000000
OBJECT 1 -82.085687567 28.668798911 0.000000
OBJECT 1 -82.085675882 28.668734831 0.000000
OBJECT 1 -82.087329425 28.669749253 0.000000
OBJECT 1 -82.087267107 28.669729725 0.000000
OBJECT 1 -82.087053446 28.669759017 0.000000
OBJECT 1 -82.087097959 28.669694575 0.000000
OBJECT 1 -82.087207015 28.669696528 0.000000
OBJECT 1 -82.087055671 28.669829317 153.435089
OBJECT 1 -82.087129118 28.669829317 80.537621
OBJECT 1 -82.087140246 28.669745347 90.000000
OBJECT 1 -82.087207015 28.669743395 90.000000
OBJECT 1 -82.087291589 28.669821506 0.000000
OBJECT 1 -82.087267107 28.669760970 270.000000
OBJECT 1 -82.087302717 28.669930862 0.000000
OBJECT 1 -82.087202564 28.669975776 0.000000
OBJECT 1 -82.087169179 28.669936720 0.000000
OBJECT 1 -82.087126892 28.669903523 0.000000
OBJECT 1 -82.087053446 28.669883995 44.999809
OBJECT 1 -82.087093507 28.669776592 7.124977
OBJECT 1 -82.087060123 28.669704339 26.564939
OBJECT 1 -82.087138020 28.669665283 135.000137
OBJECT 1 -82.087251528 28.669680906 102.528862
OBJECT 1 -82.087331651 28.669712150 105.945473
OBJECT 1 -82.087378389 28.669755111 102.528870
OBJECT 1 -82.087358358 28.669823459 0.000000
OBJECT 1 -82.087369487 28.669883995 0.000000
OBJECT 1 -82.087324974 28.669883995 0.000000
OBJECT 1 -82.087267107 28.669883995 0.000000
OBJECT 1 -82.087258208 28.669912197 0.000000
OBJECT 1 -82.087191752 28.669878182 0.000000
OBJECT 1 -82.087186214 28.669810154 0.000000
OBJECT 1 -82.087578335 28.670929126 116.565125
OBJECT 1 -82.087661798 28.670945399 108.435005
OBJECT 1 -82.087600592 28.670953535 270.000000
OBJECT 1 -82.087531967 28.670956790 0.000000
OBJECT 1 -82.087520839 28.670995846 0.000000
OBJECT 1 -82.087157312 28.671217161 0.000000
OBJECT 1 -82.087116508 28.671217161 0.000000
OBJECT 1 -82.087118363 28.671169969 116.565125
OBJECT 1 -82.087199971 28.671174851 97.125038
OBJECT 1 -82.087220373 28.671207397 0.000000
OBJECT 1 -82.087261177 28.671207397 90.000000
OBJECT 1 -82.087305691 28.671238316 270.000000
OBJECT 1 -82.087246339 28.671254590 0.000000
OBJECT 1 -82.087216664 28.671251335 0.000000
OBJECT 1 -82.087151748 28.671309919 0.000000
OBJECT 1 -82.087105380 28.671290391 270.000000
OBJECT 1 -82.087049738 28.671313173 180.000000
OBJECT 1 -82.087057157 28.671355484 0.000000
OBJECT 1 -82.087086833 28.671324565 0.000000
OBJECT 1 -82.087366897 28.671770450 90.000000
OBJECT 1 -82.087383589 28.671804624 116.565239
OBJECT 1 -82.087416974 28.671749295 33.689865
OBJECT 1 -82.087342785 28.671718376 333.435120
OBJECT 1 -82.087370606 28.671682575 82.874931
OBJECT 1 -82.087426248 28.671679320 90.000000
OBJECT 1 -82.087465197 28.671724885 0.000000
OBJECT 1 -82.087468907 28.671780214 90.000000
OBJECT 1 -82.087539387 28.671755805 90.000000
OBJECT 1 -82.087552370 28.671697221 49.398502
OBJECT 1 -82.087541241 28.671638637 90.000000
OBJECT 1 -82.087595028 28.671705358 90.000000
OBJECT 1 -82.087654380 28.671747668 0.000000
OBJECT 1 -82.087609866 28.671773705 0.000000
OBJECT 1 -82.087645106 28.671799742 90.000000
OBJECT 1 -82.087593174 28.671827407 270.000000
OBJECT 1 -82.087515275 28.671802997 300.963959
OBJECT 1 -82.087413265 28.671825779 254.744766
OBJECT 1 -82.087431812 28.671851817 180.000000
OBJECT 1 -82.087507856 28.671861580 99.462402
OBJECT 1 -82.087595028 28.671887618 90.000000
OBJECT 1 -82.087528258 28.671902263 0.000000
OBJECT 1 -82.087455924 28.671907145 0.000000
OBJECT 1 -82.087389153 28.671889245 315.000244
OBJECT 1 -82.087342785 28.671843680 0.000000
OBJECT 1 -82.087311255 28.671794860 0.000000
OBJECT 1 -82.087272305 28.671747668 44.999783
OBJECT 1 -82.087288998 28.671677693 0.000000
OBJECT 1 -82.087250049 28.671628874 44.999813
OBJECT 1 -82.087474471 28.671645147 0.000000
OBJECT 1 -82.087619140 28.671654911 14.036153
OBJECT 1 -82.087596883 28.671604464 0.000000
OBJECT 1 -82.087535677 28.671580054 0.000000
OBJECT 1 -82.087580191 28.671552389 44.999836
OBJECT 1 -82.087544951 28.671514961 0.000000
OBJECT 1 -82.087593174 28.671490551 78.690010
OBJECT 1 -82.087556079 28.671443359 0.000000
OBJECT 1 -82.087552370 28.671394539 90.000000
OBJECT 1 -82.087604302 28.671422204 90.000000
OBJECT 1 -82.087654380 28.671480787 90.000000
OBJECT 1 -82.087654380 28.671571917 180.000000
OBJECT 1 -82.087682201 28.671643519 90.000000
OBJECT 1 -82.087702603 28.671697221 180.000000
OBJECT 1 -82.087721150 28.671757432 180.000000
OBJECT 1 -82.087693329 28.671799742 180.000000
OBJECT 1 -82.087734133 28.671830661 0.000000
OBJECT 1 -82.087652525 28.671895754 0.000000
OBJECT 1 -82.087695184 28.671851817 0.000000
OBJECT 1 -82.087773402 28.671871797 0.000000
OBJECT 1 -82.087771176 28.671781969 0.000000
OBJECT 1 -82.087775628 28.671703858 0.000000
OBJECT 1 -82.087764499 28.671631605 0.000000
OBJECT 1 -82.087713309 28.671590596 323.130310
OBJECT 1 -82.087708857 28.671520296 0.000000
OBJECT 1 -82.087717760 28.671465618 0.000000
OBJECT 1 -82.087666570 28.671426562 0.000000
OBJECT 1 -82.087675472 28.671354309 0.000000
OBJECT 1 -82.087593122 28.671344545 224.999832
OBJECT 1 -82.087519675 28.671348451 0.000000
OBJECT 1 -82.087492967 28.671408987 0.000000
OBJECT 1 -82.087497418 28.671473429 0.000000
OBJECT 1 -82.087481839 28.671545682 0.000000
OBJECT 1 -82.087479613 28.671598407 0.000000
OBJECT 1 -82.087383909 28.671619888 0.000000
OBJECT 1 -82.087301559 28.671617935 0.000000
OBJECT 1 -82.087196953 28.671594502 0.000000
OBJECT 1 -82.087205855 28.671662849 180.000000
OBJECT 1 -82.087237015 28.671711669 116.565262
OBJECT 1 -82.087223661 28.671787828 90.000000
OBJECT 1 -82.087274851 28.671848364 90.000000
OBJECT 1 -82.087308236 28.671904995 0.000000
OBJECT 1 -82.087372781 28.671938192 0.000000
OBJECT 1 -82.087475162 28.671953814 90.000000
OBJECT 1 -82.087550835 28.671942098 90.000000
OBJECT 1 -82.087624282 28.671951862 90.000000
OBJECT 1 -82.087702180 28.671940145 90.000000
OBJECT 1 -82.087748919 28.671975295 0.000000
OBJECT 1 -82.087722211 28.672035831 0.000000
OBJECT 1 -82.087619830 28.671990917 0.000000
OBJECT 1 -82.087533029 28.671994823 0.000000
OBJECT 1 -82.087439551 28.671992870 0.000000
OBJECT 1 -82.087477387 28.672039737 0.000000
OBJECT 1 -82.087570866 28.672051454 0.000000
OBJECT 1 -82.087544158 28.672113943 0.000000
OBJECT 1 -82.087655441 28.672084651 0.000000
OBJECT 1 -82.087768951 28.672106132 0.000000
OBJECT 1 -82.087755596 28.672180337 0.000000
OBJECT 1 -82.087773402 28.672295552 0.000000
OBJECT 1 -82.087744468 28.672231110 0.000000
OBJECT 1 -82.087599345 28.672119254 0.000000
OBJECT 1 -82.087707031 28.672085510 0.000000
OBJECT 1 -82.087637805 28.672038268 0.000000
OBJECT 1 -82.087680110 28.671991027 0.000000
BEGIN_POLYGON 1 5 3
BEGIN_WINDING
POLYGON_POINT -82.087562652 28.672319386 0.000000000
POLYGON_POINT -82.087563158 28.672165314 0.000000000
POLYGON_POINT -82.087556830 28.672165215 0.000000000
POLYGON_POINT -82.087556324 28.672319287 0.000000000
END_WINDING
END_POLYGON
BEGIN_POLYGON 2 5 3
BEGIN_WINDING
POLYGON_POINT -82.087661527 28.672301284 1.000000000
POLYGON_POINT -82.087457909 28.672301231 1.000000000
POLYGON_POINT -82.087457861 28.672443412 1.000000000
POLYGON_POINT -82.087661479 28.672443465 1.000000000
END_WINDING
END_POLYGON
BEGIN_POLYGON 2 5 3
BEGIN_WINDING
POLYGON_POINT -82.087661574 28.672163567 1.000000000
POLYGON_POINT -82.087457957 28.672163559 1.000000000
POLYGON_POINT -82.087457909 28.672186044 1.000000000
POLYGON_POINT -82.087661527 28.672186052 1.000000000
END_WINDING
END_POLYGON
BEGIN_POLYGON 2 5 3
BEGIN_WINDING
POLYGON_POINT -82.087661574 28.672190666 1.000000000
POLYGON_POINT -82.087457957 28.672190657 1.000000000
POLYGON_POINT -82.087457909 28.672213142 1.000000000
POLYGON_POINT -82.087661527 28.672213151 1.000000000
END_WINDING
END_POLYGON
BEGIN_POLYGON 2 5 3
BEGIN_WINDING
POLYGON_POINT -82.087661574 28.672218878 1.000000000
POLYGON_POINT -82.087457957 28.672218870 1.000000000
POLYGON_POINT -82.087457909 28.672241354 1.000000000
POLYGON_POINT -82.087661527 28.672241363 1.000000000
END_WINDING
END_POLYGON
BEGIN_POLYGON 2 5 3
BEGIN_WINDING
POLYGON_POINT -82.087661574 28.672246719 1.000000000
POLYGON_POINT -82.087457957 28.672246710 1.000000000
POLYGON_POINT -82.087457909 28.672269195 1.000000000
POLYGON_POINT -82.087661527 28.672269204 1.000000000
END_WINDING
END_POLYGON
BEGIN_POLYGON 2 5 3
BEGIN_WINDING
POLYGON_POINT -82.087661574 28.672274188 1.000000000
POLYGON_POINT -82.087457957 28.672274180 1.000000000
POLYGON_POINT -82.087457909 28.672296665 1.000000000
POLYGON_POINT -82.087661527 28.672296673 1.000000000
END_WINDING
END_POLYGON
OBJECT 2 -82.085568505 28.668843909 90.427155
OBJECT 2 -82.085567926 28.668917904 90.427155
OBJECT 2 -82.087353407 28.675065861 91.949997
FILTER -1
OBJECT_DEF lib/g10/US/suburban/dB-RnchLHGry.obj
OBJECT_DEF lib/g10/forests/autogen_tree3.obj
OBJECT_DEF lib/g10/US/industrial/light/WoodShed8x10.obj
POLYGON_DEF lib/constructions/fencing/fence_Mesh_04.fac
POLYGON_DEF lib/airport/Modern_Airports/Terminal_kit/term_building_Ground_02.fac
POLYGON_DEF lib/airport/Modern_Airports/Terminal_kit/term_building_Ground_01.fac
PROPERTY sim/filter/aptid 09FD
PROPERTY sim/require_agpoint 1/0
PROPERTY sim/require_object 1/0
PROPERTY sim/require_facade 1/0
