PROPERTY sim/west -180
PROPERTY sim/east 180
PROPERTY sim/north 90
PROPERTY sim/south -90
PROPERTY sim/planet earth
PROPERTY sim/creation_agent WorldEditor1.7.0r3
PROPERTY laminar/internal_revision 0
PROPERTY sim/overlay 1
FILTER 0
FILTER -1
FILTER 0
FILTER -1
FILTER 0
FILTER -1
FILTER 0
FILTER -1
FILTER 0
FILTER -1
FILTER 0
OBJECT 0 -120.019163756 34.588630019 0.000000
OBJECT 0 -120.019159289 34.588563818 0.000000
OBJECT 0 -120.019244169 34.588582207 0.000000
OBJECT 0 -120.019078875 34.588615308 0.000000
OBJECT 0 -120.017921817 34.588534395 90.000000
OBJECT 0 -120.018011165 34.588549106 90.000000
OBJECT 0 -120.018122851 34.588534395 0.000000
OBJECT 0 -120.018203264 34.588512328 45.000000
OBJECT 0 -120.018306015 34.588504972 90.000000
OBJECT 0 -120.018373026 34.588516006 0.000000
OBJECT 0 -120.018279210 34.588556462 270.000000
OBJECT 0 -120.018189862 34.588611630 0.000000
OBJECT 0 -120.018109449 34.588618986 0.000000
OBJECT 0 -120.018046905 34.588633697 270.000000
OBJECT 0 -120.017953089 34.588611630 0.000000
OBJECT 0 -120.017895013 34.588622664 0.000000
OBJECT 0 -120.017845871 34.588574852 270.000000
OBJECT 0 -120.017792262 34.588600597 0.000000
OBJECT 0 -120.017783327 34.588652087 0.000000
OBJECT 0 -120.017698447 34.588670476 0.000000
OBJECT 0 -120.017693979 34.588604274 270.000000
OBJECT 0 -120.017631435 34.588571174 0.000000
OBJECT 0 -120.017595696 34.588607952 0.000000
OBJECT 0 -120.017568892 34.588655765 0.000000
OBJECT 0 -120.017470609 34.588618986 0.000000
OBJECT 0 -120.017501881 34.588549106 0.000000
OBJECT 0 -120.017430402 34.588571174 0.000000
OBJECT 0 -120.017349989 34.588600597 0.000000
OBJECT 0 -120.017309782 34.588652087 0.000000
OBJECT 0 -120.017251705 34.588589563 0.000000
OBJECT 0 -120.017200259 34.588646084 0.000000
OBJECT 0 -120.017144678 34.588539315 0.000000
OBJECT 0 -120.017052044 34.588585073 0.000000
OBJECT 0 -120.016903829 34.588447798 0.000000
OBJECT 0 -120.016801931 34.588485930 0.000000
OBJECT 0 -120.016431836 34.590527126 0.000000
OBJECT 0 -120.016560498 34.590527126 0.000000
OBJECT 0 -120.016715965 34.590549194 90.000000
OBJECT 0 -120.016892876 34.590562434 0.000000
OBJECT 0 -120.016866071 34.590452098 0.000000
OBJECT 0 -120.016721326 34.590421204 0.000000
OBJECT 0 -120.016571220 34.590399137 0.000000
OBJECT 0 -120.016426475 34.590377070 0.000000
OBJECT 0 -120.016297813 34.590328522 0.000000
OBJECT 0 -120.016405032 34.590284387 90.000000
OBJECT 0 -120.015899316 34.590079163 90.000000
OBJECT 0 -120.015984198 34.590119619 0.000000
OBJECT 0 -120.016078014 34.590097552 0.000000
OBJECT 0 -120.016015470 34.589895269 45.000000
OBJECT 0 -120.016100352 34.589957793 0.000000
OBJECT 0 -120.016073547 34.590009283 0.000000
OBJECT 0 -120.015966328 34.590001927 0.000000
OBJECT 0 -120.015881446 34.589961471 0.000000
OBJECT 0 -120.015845707 34.589858491 0.000000
OBJECT 0 -120.015729553 34.589862169 0.000000
OBJECT 0 -120.015635736 34.589858491 0.000000
OBJECT 0 -120.015626801 34.589784933 0.000000
OBJECT 0 -120.015510647 34.589788611 0.000000
OBJECT 0 -120.015519582 34.589880558 180.000000
OBJECT 0 -120.015599996 34.589954115 270.000000
OBJECT 0 -120.015515115 34.589961471 0.000000
OBJECT 0 -120.015443635 34.589898947 0.000000
OBJECT 0 -120.015416831 34.589818034 0.000000
OBJECT 0 -120.015412363 34.589718732 270.000000
OBJECT 0 -120.015282807 34.589737121 0.000000
OBJECT 0 -120.015184523 34.589744477 0.000000
OBJECT 0 -120.015188990 34.589652530 0.000000
OBJECT 0 -120.015046032 34.589586329 45.000000
OBJECT 0 -120.015126446 34.589531161 0.000000
OBJECT 0 -120.015059434 34.589475993 270.000000
OBJECT 0 -120.014492075 34.589214865 0.000000
OBJECT 0 -120.014639500 34.589229576 0.000000
OBJECT 0 -120.014563554 34.589277388 0.000000
OBJECT 0 -120.014693109 34.589281066 0.000000
OBJECT 0 -120.014621630 34.589336234 0.000000
OBJECT 0 -120.014684174 34.589343590 0.000000
OBJECT 0 -120.014786925 34.589435536 0.000000
OBJECT 0 -120.014876273 34.589417147 0.000000
OBJECT 0 -120.015010296 34.589376691 0.000000
OBJECT 0 -120.015130917 34.589314167 0.000000
OBJECT 0 -120.015162189 34.589200153 0.000000
OBJECT 0 -120.015063905 34.589214865 0.000000
OBJECT 0 -120.015077308 34.589148663 0.000000
OBJECT 0 -120.015032633 34.589115562 315.000000
OBJECT 0 -120.014849469 34.589189120 0.000000
OBJECT 0 -120.014791392 34.589167052 0.000000
OBJECT 0 -120.014733316 34.589078784 0.000000
OBJECT 0 -120.014626098 34.589038327 0.000000
OBJECT 0 -120.014608228 34.589111884 0.000000
OBJECT 0 -120.014474205 34.589126596 0.000000
OBJECT 0 -120.014514412 34.589075106 0.000000
OBJECT 0 -120.014545684 34.589008904 0.000000
OBJECT 0 -120.014460803 34.589016260 0.000000
OBJECT 0 -120.014398259 34.588939025 270.000000
OBJECT 0 -120.014375922 34.589012582 0.000000
OBJECT 0 -120.014340182 34.588950058 0.000000
OBJECT 0 -120.014264236 34.588847078 0.000000
OBJECT 0 -120.014541216 34.588876501 0.000000
OBJECT 0 -120.014617163 34.588869145 0.000000
OBJECT 0 -120.014782457 34.588935347 0.000000
OBJECT 0 -120.014795860 34.588975803 0.000000
OBJECT 0 -120.014880741 34.588913280 0.000000
OBJECT 0 -120.014023004 34.587607638 0.000000
OBJECT 0 -120.013933657 34.587567182 0.000000
OBJECT 0 -120.013165268 34.588394701 0.000000
OBJECT 0 -120.013089322 34.588405735 0.000000
OBJECT 0 -120.012839150 34.588497681 0.000000
OBJECT 0 -120.012874889 34.588560205 0.000000
OBJECT 0 -120.012794476 34.588541815 0.000000
OBJECT 0 -120.012606846 34.588413090 0.000000
OBJECT 0 -120.012575575 34.588449869 315.000000
OBJECT 0 -120.012472825 34.588438835 0.000000
OBJECT 0 -120.012508564 34.588372634 90.000000
OBJECT 0 -120.012647053 34.588251264 0.000000
OBJECT 0 -120.012575575 34.588221841 0.000000
OBJECT 0 -120.012463891 34.588203452 0.000000
OBJECT 0 -120.012463891 34.588313788 0.000000
OBJECT 0 -120.012396880 34.588277009 0.000000
OBJECT 0 -120.012307533 34.588254942 0.000000
OBJECT 0 -120.012374543 34.588192418 0.000000
OBJECT 0 -120.012298598 34.588144606 0.000000
OBJECT 0 -120.012222653 34.588207130 0.000000
OBJECT 0 -120.012195848 34.588148284 0.000000
OBJECT 0 -120.012236055 34.588060015 270.000000
OBJECT 0 -120.012155642 34.588060015 0.000000
OBJECT 0 -120.012093099 34.588100472 0.000000
OBJECT 0 -120.012106501 34.587942324 0.000000
OBJECT 0 -120.012035023 34.587986458 0.000000
OBJECT 0 -120.012008219 34.587938646 0.000000
OBJECT 0 -120.012052892 34.587861411 0.000000
OBJECT 0 -120.012128838 34.587806243 180.000000
OBJECT 0 -120.012160109 34.587861411 0.000000
OBJECT 0 -120.012204783 34.587927612 0.000000
OBJECT 0 -120.012298598 34.587975424 0.000000
OBJECT 0 -120.012289663 34.587934968 0.000000
OBJECT 0 -120.012312000 34.587872444 0.000000
OBJECT 0 -120.012262859 34.587791531 0.000000
OBJECT 0 -120.012186914 34.587747397 0.000000
OBJECT 0 -120.012070762 34.587736363 0.000000
OBJECT 0 -120.011981415 34.587695907 0.000000
OBJECT 0 -120.013192072 34.587416389 0.000000
OBJECT 0 -120.013209941 34.587478913 0.000000
OBJECT 0 -120.013308224 34.587467879 0.000000
OBJECT 0 -120.013419908 34.587512014 0.000000
OBJECT 0 -120.013335028 34.587559826 90.000000
OBJECT 0 -120.013446712 34.587596604 90.000000
OBJECT 0 -120.013504788 34.587559826 0.000000
OBJECT 0 -120.013576266 34.587626027 0.000000
OBJECT 0 -120.013670081 34.587589249 0.000000
OBJECT 0 -120.013585201 34.587512014 0.000000
OBJECT 0 -120.013536060 34.587427423 0.000000
OBJECT 0 -120.013384169 34.587409033 0.000000
OBJECT 0 -120.013281419 34.587353865 90.000000
OBJECT 1 -120.012437717 34.587989706 342.320007
OBJECT 1 -120.012630674 34.587938731 343.220001
FILTER -1
OBJECT_DEF lib/g10/forests/autogen_tree2.obj
OBJECT_DEF lib/airport/Common_Elements/Hangars/Sm_Gray_Hangar.agp
PROPERTY sim/filter/aptid 0CA3
PROPERTY sim/exclude_obj -120.013775/34.585433/-120.010865/34.588778
PROPERTY sim/exclude_fac -120.013775/34.585433/-120.010865/34.588778
PROPERTY sim/exclude_for -120.013775/34.585433/-120.010865/34.588778
PROPERTY sim/exclude_net -120.013775/34.585433/-120.010865/34.588778
PROPERTY sim/exclude_obj -120.015884/34.587060/-120.013654/34.589357
PROPERTY sim/exclude_fac -120.015884/34.587060/-120.013654/34.589357
PROPERTY sim/exclude_for -120.015884/34.587060/-120.013654/34.589357
PROPERTY sim/exclude_net -120.015884/34.587060/-120.013654/34.589357
PROPERTY sim/exclude_obj -120.017092/34.587928/-120.015653/34.590252
PROPERTY sim/exclude_fac -120.017092/34.587928/-120.015653/34.590252
PROPERTY sim/exclude_for -120.017092/34.587928/-120.015653/34.590252
PROPERTY sim/exclude_net -120.017092/34.587928/-120.015653/34.590252
PROPERTY sim/exclude_obj -120.018794/34.588543/-120.017004/34.590939
PROPERTY sim/exclude_fac -120.018794/34.588543/-120.017004/34.590939
PROPERTY sim/exclude_for -120.018794/34.588543/-120.017004/34.590939
PROPERTY sim/exclude_net -120.018794/34.588543/-120.017004/34.590939
PROPERTY sim/exclude_obj -120.020881/34.589809/-120.018706/34.591572
PROPERTY sim/exclude_fac -120.020881/34.589809/-120.018706/34.591572
PROPERTY sim/exclude_for -120.020881/34.589809/-120.018706/34.591572
PROPERTY sim/exclude_net -120.020881/34.589809/-120.018706/34.591572
PROPERTY sim/require_agpoint 1/0
PROPERTY sim/require_object 1/0
