PROPERTY sim/west -180
PROPERTY sim/east 180
PROPERTY sim/north 90
PROPERTY sim/south -90
PROPERTY sim/planet earth
PROPERTY sim/creation_agent WorldEditor2.2.0r2
PROPERTY laminar/internal_revision 0
PROPERTY sim/overlay 1
FILTER 0
BEGIN_POLYGON 0 0 2
BEGIN_WINDING
POLYGON_POINT -103.220792351 45.270607472
POLYGON_POINT -103.220257393 45.270607481
POLYGON_POINT -103.220257418 45.271389665
POLYGON_POINT -103.218313374 45.271389696
POLYGON_POINT -103.218313388 45.271835758
POLYGON_POINT -103.220792390 45.271835719
END_WINDING
END_POLYGON
FILTER -1
FILTER 0
FILTER -1
FILTER 0
FILTER -1
FILTER 0
FILTER -1
FILTER 0
FILTER -1
FILTER 0
BEGIN_POLYGON 1 10 3
BEGIN_WINDING
POLYGON_POINT -103.220792390 45.271835719 0.000000000
POLYGON_POINT -103.220792351 45.270607472 0.000000000
POLYGON_POINT -103.220257393 45.270607481 0.000000000
POLYGON_POINT -103.220257418 45.271389665 0.000000000
POLYGON_POINT -103.218313374 45.271389696 0.000000000
POLYGON_POINT -103.218313388 45.271835758 0.000000000
POLYGON_POINT -103.220760438 45.271834187 0.000000000
END_WINDING
END_POLYGON
OBJECT 0 -103.219406135 45.271440508 0.000000
OBJECT 0 -103.219443287 45.271466654 0.000000
OBJECT 0 -103.219368984 45.271492800 0.000000
OBJECT 0 -103.219310604 45.271455449 0.000000
OBJECT 0 -103.219177920 45.271455449 0.000000
OBJECT 0 -103.219199150 45.271485330 0.000000
OBJECT 0 -103.219082389 45.271511476 270.000000
OBJECT 0 -103.219055852 45.271537622 0.000000
OBJECT 0 -103.218992164 45.271451714 0.000000
OBJECT 0 -103.218939091 45.271466654 224.999161
OBJECT 0 -103.218923169 45.271500270 90.000000
OBJECT 0 -103.218838252 45.271500270 0.000000
OBJECT 0 -103.218785179 45.271470389 0.000000
OBJECT 0 -103.218732106 45.271466654 0.000000
OBJECT 0 -103.218652496 45.271492800 0.000000
OBJECT 0 -103.218535735 45.271477860 0.000000
OBJECT 0 -103.218456125 45.271470389 0.000000
OBJECT 0 -103.218418974 45.271414362 0.000000
OBJECT 0 -103.218392437 45.271459184 0.000000
OBJECT 0 -103.218397744 45.271556297 90.000000
OBJECT 0 -103.218429588 45.271597384 0.000000
OBJECT 0 -103.218418974 45.271668351 0.000000
OBJECT 0 -103.218578193 45.271724378 90.000000
OBJECT 0 -103.218450818 45.271672086 0.000000
OBJECT 0 -103.218456125 45.271623530 18.434395
OBJECT 0 -103.218514505 45.271597384 135.000916
OBJECT 0 -103.218541042 45.271634735 135.000931
OBJECT 0 -103.218604730 45.271649676 44.999062
OBJECT 0 -103.218716184 45.271597384 21.800781
OBJECT 0 -103.218790486 45.271687027 0.000000
OBJECT 0 -103.218726798 45.271724378 270.000000
OBJECT 0 -103.218891325 45.271716908 44.999027
OBJECT 0 -103.218917862 45.271657146 44.999058
OBJECT 0 -103.218944398 45.271604854 0.000000
OBJECT 0 -103.219018701 45.271597384 0.000000
OBJECT 0 -103.219246916 45.271593649 90.000000
OBJECT 0 -103.219177920 45.271604854 255.963333
OBJECT 0 -103.219130155 45.271627265 0.000000
OBJECT 0 -103.219114233 45.271694497 0.000000
OBJECT 0 -103.219124847 45.271728113 0.000000
OBJECT 0 -103.219183228 45.271720643 0.000000
OBJECT 0 -103.219299989 45.271720643 0.000000
OBJECT 0 -103.219241608 45.271675822 0.000000
OBJECT 0 -103.219368984 45.271623530 90.000000
OBJECT 0 -103.219544126 45.271701967 108.435524
OBJECT 0 -103.219469823 45.271716908 0.000000
OBJECT 0 -103.219358369 45.271675822 0.000000
OBJECT 0 -103.219437979 45.271642205 0.000000
OBJECT 0 -103.219506974 45.271560033 90.000000
OBJECT 0 -103.219698038 45.271560033 135.000885
OBJECT 0 -103.219629043 45.271623530 0.000000
OBJECT 0 -103.219650272 45.271728113 180.000000
OBJECT 0 -103.219708653 45.271735584 0.000000
OBJECT 0 -103.219751111 45.271657146 0.000000
OBJECT 0 -103.219809492 45.271612324 90.000000
OBJECT 0 -103.219857258 45.271664616 0.000000
OBJECT 0 -103.219905023 45.271619795 90.000000
OBJECT 0 -103.220043014 45.271705703 0.000000
OBJECT 0 -103.220005863 45.271679557 315.000946
OBJECT 0 -103.220021784 45.271634735 26.564308
OBJECT 0 -103.220122624 45.271601119 0.000000
OBJECT 0 -103.220255307 45.271705703 0.000000
OBJECT 0 -103.220212848 45.271642205 0.000000
OBJECT 0 -103.219846643 45.270999763 0.000000
OBJECT 0 -103.219883794 45.270984823 44.999397
OBJECT 0 -103.219862565 45.270940001 315.000580
OBJECT 0 -103.219883794 45.270902650 30.963263
OBJECT 0 -103.219936867 45.270913855 135.000565
OBJECT 0 -103.220011170 45.270940001 116.565514
OBJECT 0 -103.219979326 45.270966147 0.000000
OBJECT 0 -103.220016477 45.270996028 90.000000
OBJECT 0 -103.220053628 45.270981087 0.000000
OBJECT 0 -103.220377375 45.270686012 180.000000
OBJECT 0 -103.220377375 45.270719628 0.000000
OBJECT 0 -103.220430448 45.270734569 0.000000
OBJECT 0 -103.220430448 45.270925060 0.000000
OBJECT 0 -103.220451677 45.270973617 180.000000
OBJECT 0 -103.220435755 45.271010968 0.000000
OBJECT 0 -103.220441063 45.271055790 0.000000
OBJECT 0 -103.220456985 45.271160374 180.000000
OBJECT 0 -103.220441063 45.271182784 0.000000
OBJECT 0 -103.220478214 45.271216401 0.000000
OBJECT 0 -103.220446370 45.271246282 0.000000
OBJECT 0 -103.220451677 45.271313514 90.000000
OBJECT 0 -103.220462292 45.271373276 0.000000
OBJECT 0 -103.220441063 45.271410627 0.000000
OBJECT 0 -103.220334916 45.271567503 0.000000
OBJECT 0 -103.220398604 45.271608589 0.000000
OBJECT 0 -103.220462292 45.271567503 0.000000
OBJECT 0 -103.220472907 45.271638470 0.000000
OBJECT 0 -103.220449344 45.271787267 0.000000
OBJECT 0 -103.220697834 45.271789787 0.000000
OBJECT 0 -103.220585191 45.271761998 0.000000
OBJECT 1 -103.220867096 45.270287294 0.000000
OBJECT 2 -103.220928209 45.270315966 0.000000
FILTER -1
OBJECT_DEF lib/g10/forests/autogen_tree3.obj
OBJECT_DEF lib/airport/European_Airports/silos/12m_green.obj
OBJECT_DEF lib/airport/European_Airports/silos/12m_wood.obj
POLYGON_DEF lib/g10/terrain10/apt_wrm_wet.pol
POLYGON_DEF lib/constructions/fencing/fence_Mesh_03.fac
PROPERTY sim/filter/aptid 0SD3
PROPERTY sim/require_agpoint 1/0
PROPERTY sim/require_object 1/0
PROPERTY sim/require_facade 1/1
PROPERTY sim/require_facade 6/0
