PROPERTY sim/west -180
PROPERTY sim/east 180
PROPERTY sim/north 90
PROPERTY sim/south -90
PROPERTY sim/planet earth
PROPERTY sim/creation_agent WorldEditor2.2.0r2
PROPERTY laminar/internal_revision 0
PROPERTY sim/overlay 1
FILTER 0
BEGIN_POLYGON 0 0 4
BEGIN_WINDING
POLYGON_POINT -76.452804552 37.447289840 -76.452804552 37.447289840
POLYGON_POINT -76.452652915 37.447234138 -76.452652915 37.447234138
POLYGON_POINT -76.452963411 37.445155921 -76.452963411 37.445155921
POLYGON_POINT -76.452913273 37.445151068 -76.452913273 37.445151068
POLYGON_POINT -76.452573851 37.447421528 -76.452580640 37.447452074
POLYGON_POINT -76.452575658 37.447489413 -76.452575658 37.447489413
POLYGON_POINT -76.452640156 37.447565761 -76.452719369 37.447535215
POLYGON_POINT -76.452659710 37.447460194 -76.452641604 37.447413476
POLYGON_POINT -76.452649625 37.447312954 -76.452649625 37.447312954
POLYGON_POINT -76.452780946 37.447363941 -76.452780946 37.447363941
END_WINDING
END_POLYGON
BEGIN_POLYGON 0 0 4
BEGIN_WINDING
POLYGON_POINT -76.453890706 37.445284929 -76.453890706 37.445284929
POLYGON_POINT -76.453615601 37.447039324 -76.453615601 37.447039324
POLYGON_POINT -76.453605309 37.447061452 -76.453597292 37.447067817
POLYGON_POINT -76.453583199 37.447073711 -76.453583199 37.447073711
POLYGON_POINT -76.453202734 37.447063800 -76.453202734 37.447063800
POLYGON_POINT -76.453203059 37.447119706 -76.453203059 37.447119706
POLYGON_POINT -76.453178881 37.447119706 -76.453178881 37.447119706
POLYGON_POINT -76.453177369 37.447234891 -76.453177369 37.447234891
POLYGON_POINT -76.453240837 37.447234880 -76.453240837 37.447234880
POLYGON_POINT -76.453508310 37.447154498 -76.453508310 37.447154498
POLYGON_POINT -76.453614398 37.447106745 -76.453643110 37.447087549
POLYGON_POINT -76.453665737 37.447048368 -76.453665737 37.447048368
POLYGON_POINT -76.453947870 37.445330100 -76.453947870 37.445330100
POLYGON_POINT -76.453993203 37.445295547 -76.453993203 37.445295547
END_WINDING
BEGIN_WINDING
POLYGON_POINT -76.453429265 37.447123610 -76.453429265 37.447123610
POLYGON_POINT -76.453429265 37.447123610 -76.453425487 37.447160602
POLYGON_POINT -76.453268076 37.447180598 -76.453249187 37.447171600
POLYGON_POINT -76.453269335 37.447098616 -76.453290743 37.447090618
POLYGON_POINT -76.453429265 37.447123610 -76.453425487 37.447160602
END_WINDING
END_POLYGON
FILTER -1
FILTER 0
FILTER -1
FILTER 0
FILTER -1
FILTER 0
FILTER -1
FILTER 0
FILTER -1
FILTER 0
OBJECT 0 -76.454315421 37.447813640 41.655678
OBJECT 0 -76.454047485 37.448020763 41.655678
OBJECT 0 -76.455077812 37.448482552 62.702503
OBJECT 0 -76.455021405 37.448311816 62.702503
OBJECT 0 -76.454546600 37.448059900 62.702503
OBJECT 0 -76.454922692 37.448015127 62.702503
OBJECT 0 -76.455204618 37.448088843 0.000000
OBJECT 0 -76.455253354 37.447788975 0.000000
OBJECT 0 -76.455326457 37.447440740 0.000000
OBJECT 0 -76.455399561 37.447140872 0.000000
OBJECT 0 -76.455484847 37.446807147 0.000000
OBJECT 0 -76.455551857 37.446502442 0.000000
OBJECT 0 -76.455606684 37.446197737 0.000000
OBJECT 0 -76.455667602 37.445893032 0.000000
OBJECT 0 -76.454226103 37.447792449 41.655678
OBJECT 0 -76.453958166 37.447999572 41.655678
OBJECT 0 -76.455004038 37.448437308 62.702503
OBJECT 0 -76.454947631 37.448266572 62.702503
OBJECT 0 -76.455120143 37.448120141 0.000000
OBJECT 0 -76.455168879 37.447820273 0.000000
OBJECT 0 -76.455241983 37.447472038 0.000000
OBJECT 0 -76.455315086 37.447172170 0.000000
OBJECT 0 -76.455400372 37.446838445 0.000000
OBJECT 0 -76.455467383 37.446533740 0.000000
OBJECT 0 -76.455522210 37.446229035 0.000000
OBJECT 0 -76.455583129 37.445924329 0.000000
OBJECT 0 -76.454291515 37.447922425 176.656082
OBJECT 0 -76.454023579 37.448129547 176.656082
OBJECT 0 -76.455006291 37.448577263 197.702896
OBJECT 0 -76.454949884 37.448406526 197.702896
OBJECT 0 -76.454475080 37.448154611 197.702896
OBJECT 0 -76.454475080 37.448020262 197.702896
OBJECT 0 -76.455277830 37.448182736 135.000397
OBJECT 0 -76.455326566 37.447882868 135.000397
OBJECT 0 -76.455399669 37.447534633 135.000397
OBJECT 0 -76.455472772 37.447234765 135.000397
OBJECT 0 -76.455558057 37.446901040 135.000397
OBJECT 0 -76.455625067 37.446596335 135.000397
OBJECT 0 -76.455679894 37.446291630 135.000397
OBJECT 0 -76.455740812 37.445986925 135.000397
OBJECT 0 -76.454229766 37.447950625 41.655678
OBJECT 0 -76.453961830 37.448157747 41.655678
OBJECT 0 -76.454935904 37.448585976 62.702503
OBJECT 0 -76.454879497 37.448415240 62.702503
OBJECT 0 -76.455255304 37.448236389 0.000000
OBJECT 0 -76.455304039 37.447936521 0.000000
OBJECT 0 -76.455377142 37.447588286 0.000000
OBJECT 0 -76.455450245 37.447288418 0.000000
OBJECT 0 -76.455535531 37.446954693 0.000000
OBJECT 0 -76.455602541 37.446649988 0.000000
OBJECT 0 -76.455657368 37.446345283 0.000000
OBJECT 0 -76.455718286 37.446040578 0.000000
OBJECT 0 -76.454180694 37.447880063 333.457367
OBJECT 0 -76.453912757 37.448087185 333.457367
OBJECT 0 -76.454922025 37.448506130 354.504181
OBJECT 0 -76.454865618 37.448335394 354.504181
OBJECT 0 -76.455159565 37.448209563 291.801697
OBJECT 0 -76.455208301 37.447909694 291.801697
OBJECT 0 -76.455281404 37.447561460 291.801697
OBJECT 0 -76.455354508 37.447261591 291.801697
OBJECT 0 -76.455439794 37.446927867 291.801697
OBJECT 0 -76.455506804 37.446623162 291.801697
OBJECT 0 -76.455561631 37.446318456 291.801697
OBJECT 0 -76.455622550 37.446013751 291.801697
OBJECT 0 -76.454226076 37.447846288 41.655678
OBJECT 0 -76.453958140 37.448053410 41.655678
OBJECT 0 -76.454979658 37.448487548 62.702503
OBJECT 0 -76.454923252 37.448316811 62.702503
OBJECT 0 -76.455165196 37.448160381 0.000000
OBJECT 0 -76.455213932 37.447860512 0.000000
OBJECT 0 -76.455287036 37.447512278 0.000000
OBJECT 0 -76.455360139 37.447212409 0.000000
OBJECT 0 -76.455445425 37.446878685 0.000000
OBJECT 0 -76.455512436 37.446573980 0.000000
OBJECT 0 -76.455567263 37.446269274 0.000000
OBJECT 0 -76.455628181 37.445964569 0.000000
OBJECT 0 -76.454274246 37.447850387 41.655678
OBJECT 0 -76.454006310 37.448057509 41.655678
OBJECT 0 -76.455022761 37.448505107 62.702503
OBJECT 0 -76.454966354 37.448334371 62.702503
OBJECT 0 -76.454491550 37.448082456 62.702503
OBJECT 0 -76.454491550 37.447948106 62.702503
OBJECT 0 -76.455204618 37.448138025 0.000000
OBJECT 0 -76.455253354 37.447838157 0.000000
OBJECT 0 -76.455326457 37.447489922 0.000000
OBJECT 0 -76.455399561 37.447190054 0.000000
OBJECT 0 -76.455484847 37.446856329 0.000000
OBJECT 0 -76.455551857 37.446551624 0.000000
OBJECT 0 -76.455606684 37.446246919 0.000000
OBJECT 0 -76.455667602 37.445942214 0.000000
OBJECT 0 -76.454390695 37.447860818 105.090340
OBJECT 0 -76.454122759 37.448067941 105.090340
OBJECT 0 -76.455126724 37.448548044 126.137161
OBJECT 0 -76.455070317 37.448377308 126.137161
OBJECT 0 -76.454971604 37.448214969 126.137161
OBJECT 0 -76.454971604 37.448080619 126.137161
OBJECT 0 -76.455300357 37.448084372 63.434662
OBJECT 0 -76.455349093 37.447784504 63.434662
OBJECT 0 -76.455422196 37.447436269 63.434662
OBJECT 0 -76.455495299 37.447136401 63.434662
OBJECT 0 -76.455580584 37.446802676 63.434662
OBJECT 0 -76.455647594 37.446497971 63.434662
OBJECT 0 -76.455702420 37.446193266 63.434662
OBJECT 0 -76.455763338 37.445888561 63.434662
OBJECT 0 -76.454380913 37.447782099 41.655678
OBJECT 0 -76.454112977 37.447989222 41.655678
OBJECT 0 -76.455153203 37.448471788 62.702503
OBJECT 0 -76.455096796 37.448301052 62.702503
OBJECT 0 -76.454998083 37.448138712 62.702503
OBJECT 0 -76.454998083 37.448004363 62.702503
OBJECT 0 -76.455227145 37.448030719 0.000000
OBJECT 0 -76.455275881 37.447730851 0.000000
OBJECT 0 -76.455348984 37.447382616 0.000000
OBJECT 0 -76.455422087 37.447082748 0.000000
OBJECT 0 -76.455507373 37.446749023 0.000000
OBJECT 0 -76.455574383 37.446444318 0.000000
OBJECT 0 -76.455629210 37.446139613 0.000000
OBJECT 0 -76.455690128 37.445834908 0.000000
OBJECT 0 -76.454345393 37.447733077 41.655678
OBJECT 0 -76.454077457 37.447940199 41.655678
OBJECT 0 -76.455142228 37.448415908 62.702503
OBJECT 0 -76.455085821 37.448245172 62.702503
OBJECT 0 -76.454987108 37.448082833 62.702503
OBJECT 0 -76.454611017 37.447858907 62.702503
OBJECT 0 -76.455159565 37.448012835 0.000000
OBJECT 0 -76.455208301 37.447712966 0.000000
OBJECT 0 -76.455281404 37.447364732 0.000000
OBJECT 0 -76.455354508 37.447064863 0.000000
OBJECT 0 -76.455439794 37.446731139 0.000000
OBJECT 0 -76.455506804 37.446426434 0.000000
OBJECT 0 -76.455561631 37.446121728 0.000000
OBJECT 0 -76.455622550 37.445817023 0.000000
OBJECT 0 -76.454450148 37.447747218 176.655991
OBJECT 0 -76.454182212 37.447954340 176.655991
OBJECT 0 -76.455233599 37.448458973 197.702820
OBJECT 0 -76.455177192 37.448288237 197.702820
OBJECT 0 -76.455078479 37.448125898 197.702820
OBJECT 0 -76.455078479 37.447991548 197.702820
OBJECT 0 -76.455249672 37.447968124 135.000320
OBJECT 0 -76.455298407 37.447668255 135.000320
OBJECT 0 -76.455371511 37.447320021 135.000320
OBJECT 0 -76.455444614 37.447020152 135.000320
OBJECT 0 -76.455529899 37.446686428 135.000320
OBJECT 0 -76.455596910 37.446381723 135.000320
OBJECT 0 -76.455651736 37.446077018 135.000320
OBJECT 0 -76.455712654 37.445772312 135.000320
OBJECT 0 -76.454495013 37.447814808 41.655678
OBJECT 0 -76.454227077 37.448021931 41.655678
OBJECT 0 -76.455244896 37.448534846 62.702503
OBJECT 0 -76.455188488 37.448364110 62.702503
OBJECT 0 -76.455089775 37.448201771 62.702503
OBJECT 0 -76.455089775 37.448067421 62.702503
OBJECT 0 -76.455339779 37.447994951 0.000000
OBJECT 0 -76.455388514 37.447695082 0.000000
OBJECT 0 -76.455461617 37.447346848 0.000000
OBJECT 0 -76.455534720 37.447046979 0.000000
OBJECT 0 -76.455620005 37.446713254 0.000000
OBJECT 0 -76.455687015 37.446408549 0.000000
OBJECT 0 -76.455741841 37.446103844 0.000000
OBJECT 0 -76.455802759 37.445799139 0.000000
OBJECT 0 -76.452602234 37.447597031 0.000000
OBJECT 0 -76.452564632 37.447623899 0.000000
OBJECT 0 -76.452530791 37.447671664 0.000000
OBJECT 0 -76.452523270 37.447719429 0.000000
OBJECT 0 -76.452707518 37.447853768 0.000000
OBJECT 0 -76.452850405 37.447850782 0.000000
OBJECT 0 -76.452865445 37.447806003 0.000000
OBJECT 0 -76.452733382 37.447456359 0.000000
OBJECT 0 -76.452880486 37.447456721 68.198105
OBJECT 0 -76.452876726 37.447507472 180.000000
OBJECT 0 -76.452876726 37.447573149 0.000000
OBJECT 0 -76.452872966 37.447647781 0.000000
OBJECT 0 -76.452816563 37.447594046 315.000763
OBJECT 0 -76.452778962 37.447528369 0.000000
OBJECT 0 -76.452715039 37.447537325 0.000000
OBJECT 0 -76.452685415 37.447612683 0.000000
OBJECT 0 -76.453151218 37.447570163 0.000000
OBJECT 0 -76.453076015 37.447531354 279.462585
OBJECT 0 -76.452997052 37.447394030 0.000000
OBJECT 0 -76.452970731 37.447441795 0.000000
OBJECT 0 -76.452997052 37.447489560 135.000778
OBJECT 0 -76.453023373 37.447561207 0.000000
OBJECT 0 -76.453121137 37.447570163 96.340370
OBJECT 0 -76.453132417 37.447617928 0.000000
OBJECT 0 -76.453181299 37.447668678 0.000000
OBJECT 0 -76.453230181 37.447659723 44.999149
OBJECT 0 -76.453215141 37.447608972 0.000000
OBJECT 0 -76.453173779 37.447519413 0.000000
OBJECT 0 -76.453091056 37.447474633 0.000000
OBJECT 0 -76.453083535 37.447400001 0.000000
OBJECT 0 -76.452963211 37.447394030 0.000000
OBJECT 0 -76.452899288 37.447337309 0.000000
OBJECT 0 -76.452872967 37.447274618 0.000000
OBJECT 0 -76.453045934 37.447286559 0.000000
OBJECT 0 -76.453087296 37.447301485 0.000000
OBJECT 0 -76.453038414 37.447334324 0.000000
OBJECT 0 -76.452966971 37.447313427 0.000000
OBJECT 0 -76.452970731 37.447161176 108.435341
OBJECT 0 -76.453034653 37.447199985 0.000000
OBJECT 0 -76.452974491 37.447247750 0.000000
OBJECT 0 -76.452914328 37.447205955 333.435486
OBJECT 0 -76.452854166 37.447176102 0.000000
OBJECT 0 -76.452839125 37.447110426 0.000000
OBJECT 0 -76.452891768 37.447119381 0.000000
OBJECT 0 -76.453004572 37.447086543 0.000000
OBJECT 0 -76.453027133 37.447038778 0.000000
OBJECT 0 -76.452948170 37.447047734 0.000000
OBJECT 0 -76.452880487 37.447008925 326.310486
OBJECT 0 -76.452794004 37.446991013 315.000580
OBJECT 0 -76.452763922 37.446946234 26.564589
OBJECT 0 -76.452820325 37.446925336 71.564713
OBJECT 0 -76.452888007 37.446937278 90.000000
OBJECT 0 -76.452970731 37.446967131 116.565521
OBJECT 0 -76.453027133 37.446970116 0.000000
OBJECT 0 -76.453015853 37.446916380 0.000000
OBJECT 0 -76.452925609 37.446871601 0.000000
OBJECT 0 -76.452895528 37.446826821 90.000000
OBJECT 0 -76.452951930 37.446785027 135.000519
OBJECT 0 -76.452993292 37.446859660 0.000000
OBJECT 0 -76.453053454 37.446814880 63.434528
OBJECT 0 -76.453019613 37.446758159 90.000000
OBJECT 0 -76.453094816 37.446758159 90.000000
OBJECT 0 -76.453128657 37.446826821 180.000000
OBJECT 0 -76.453087296 37.446901454 0.000000
OBJECT 0 -76.453151218 37.446874586 71.564720
OBJECT 0 -76.453192580 37.446829806 53.129589
OBJECT 0 -76.453196340 37.446779056 44.999485
OBJECT 0 -76.453256503 37.446758159 90.000000
OBJECT 0 -76.453279063 37.446808909 0.000000
OBJECT 0 -76.453245222 37.446862645 0.000000
OBJECT 0 -76.453309145 37.446835777 63.434521
OBJECT 0 -76.453354267 37.446790997 44.999481
OBJECT 0 -76.453467071 37.446767115 0.000000
OBJECT 0 -76.453421949 37.446814880 0.000000
OBJECT 0 -76.453406909 37.446865630 0.000000
OBJECT 0 -76.453342986 37.446877571 243.434509
OBJECT 0 -76.453373067 37.446916380 0.000000
OBJECT 0 -76.453482112 37.446871601 0.000000
OBJECT 0 -76.453512193 37.446823836 90.000000
OBJECT 0 -76.453587396 37.446841748 0.000000
OBJECT 0 -76.453564835 37.446910410 0.000000
OBJECT 0 -76.453549795 37.446982057 0.000000
OBJECT 0 -76.453523474 37.446940263 0.000000
OBJECT 0 -76.453444510 37.446928322 0.000000
BEGIN_POLYGON 1 10 3
BEGIN_WINDING
POLYGON_POINT -76.453193852 37.447126357 1.000000000
POLYGON_POINT -76.453094260 37.447126357 1.000000000
POLYGON_POINT -76.453094260 37.447223147 1.000000000
POLYGON_POINT -76.453193852 37.447223147 1.000000000
END_WINDING
END_POLYGON
OBJECT 1 -76.453473055 37.447401459 352.983582
FILTER -1
OBJECT_DEF lib/g10/forests/autogen_tree3.obj
OBJECT_DEF lib/g10/US/suburban/B-RnchLHGry.obj
POLYGON_DEF lib/airport/pavement/concrete_1D.pol
POLYGON_DEF lib/airport/Modern_Airports/Terminal_kit/term_building_Ground_01.fac
PROPERTY sim/filter/aptid 0VA9
PROPERTY sim/exclude_net -76.454262/37.445393/-76.452440/37.447804
PROPERTY sim/require_agpoint 1/0
PROPERTY sim/require_object 1/0
PROPERTY sim/require_facade 1/1
PROPERTY sim/require_facade 6/0
