PROPERTY sim/west -180
PROPERTY sim/east 180
PROPERTY sim/north 90
PROPERTY sim/south -90
PROPERTY sim/planet earth
PROPERTY sim/creation_agent WorldEditor2.2.0r2
PROPERTY laminar/internal_revision 0
PROPERTY sim/overlay 1
FILTER 0
BEGIN_POLYGON 0 255 2
BEGIN_WINDING
POLYGON_POINT -73.362667632 43.055323971
POLYGON_POINT -73.359470377 43.055296158
POLYGON_POINT -73.359952503 43.056807372
POLYGON_POINT -73.361804881 43.056779558
END_WINDING
END_POLYGON
BEGIN_POLYGON 1 0 2
BEGIN_WINDING
POLYGON_POINT -73.366236759 43.048671120
POLYGON_POINT -73.365925308 43.048675447
POLYGON_POINT -73.365918069 43.048397116
POLYGON_POINT -73.365659279 43.048400711
POLYGON_POINT -73.365670624 43.048836885
POLYGON_POINT -73.366240865 43.048828964
END_WINDING
END_POLYGON
FILTER -1
FILTER 0
FILTER -1
FILTER 0
FILTER -1
FILTER 0
FILTER -1
FILTER 0
FILTER -1
FILTER 0
OBJECT 0 -73.359318339 43.053010652 357.137604
OBJECT 1 -73.358843902 43.052513938 357.175568
OBJECT 1 -73.359086383 43.052833375 357.175568
OBJECT 2 -73.359991466 43.053106084 0.000000
OBJECT 2 -73.360120562 43.052909930 90.000000
OBJECT 2 -73.360165643 43.052948861 0.000000
OBJECT 2 -73.360212773 43.052999771 0.000000
OBJECT 2 -73.360218920 43.053067153 0.000000
OBJECT 2 -73.360253756 43.053112073 0.000000
OBJECT 2 -73.360165643 43.053158492 0.000000
OBJECT 2 -73.360136955 43.053213894 0.000000
OBJECT 2 -73.360196380 43.053246836 0.000000
OBJECT 2 -73.360155397 43.053297746 0.000000
OBJECT 2 -73.360179987 43.053363630 0.000000
OBJECT 2 -73.359286561 43.053192931 0.000000
OBJECT 2 -73.359216890 43.053213894 0.000000
OBJECT 2 -73.359266069 43.053233359 0.000000
OBJECT 2 -73.359593932 43.053145015 0.000000
OBJECT 2 -73.359518114 43.053165978 0.000000
OBJECT 2 -73.359442295 43.053182449 0.000000
OBJECT 2 -73.359473033 43.053228867 90.000000
OBJECT 2 -73.359501721 43.053219883 0.000000
OBJECT 2 -73.359573441 43.053213894 90.000000
OBJECT 2 -73.359614423 43.053189936 0.000000
OBJECT 2 -73.359688193 43.053146513 69.443855
OBJECT 2 -73.359774257 43.053133036 69.443863
OBJECT 2 -73.359884910 43.053136031 0.000000
OBJECT 2 -73.359821387 43.053165978 0.000000
OBJECT 2 -73.359747618 43.053171968 0.000000
OBJECT 2 -73.359675898 43.053197423 0.000000
OBJECT 2 -73.360085727 43.053537323 180.000000
OBJECT 2 -73.360073432 43.053574757 180.000000
OBJECT 2 -73.360007859 43.053589731 0.000000
OBJECT 2 -73.359876714 43.053576255 0.000000
OBJECT 2 -73.359827534 43.053520852 0.000000
OBJECT 2 -73.359764010 43.053522350 0.000000
OBJECT 2 -73.359784502 43.053454969 0.000000
OBJECT 2 -73.359841878 43.053460958 0.000000
OBJECT 2 -73.359770158 43.053507376 296.565186
OBJECT 2 -73.359725076 43.053475932 0.000000
OBJECT 2 -73.359694339 43.053517858 0.000000
OBJECT 2 -73.359710732 43.053555292 90.000000
OBJECT 2 -73.359753764 43.053583742 116.565216
OBJECT 2 -73.359819337 43.053567271 90.000000
OBJECT 2 -73.359876714 43.053523847 56.309769
OBJECT 2 -73.359950483 43.053496895 26.564920
OBJECT 2 -73.359950483 43.053456466 0.000000
OBJECT 2 -73.360032449 43.053450477 90.000000
OBJECT 2 -73.360034498 43.053498392 180.000000
OBJECT 2 -73.359973024 43.053553794 180.000000
OBJECT 2 -73.359899254 43.053561281 270.000000
OBJECT 2 -73.359917697 43.053601710 0.000000
OBJECT 2 -73.359981220 43.053610694 90.000000
OBJECT 2 -73.360048842 43.053549302 0.000000
OBJECT 2 -73.360112366 43.053501387 90.000000
OBJECT 2 -73.360171792 43.053526842 0.000000
OBJECT 2 -73.360128759 43.053562779 0.000000
OBJECT 2 -73.360040646 43.053622673 0.000000
OBJECT 2 -73.360118514 43.053613689 0.000000
OBJECT 2 -73.360194332 43.053586736 0.000000
OBJECT 2 -73.358999671 43.053863748 0.000000
OBJECT 2 -73.359046802 43.053910166 90.000000
OBJECT 2 -73.359065244 43.053985034 0.000000
OBJECT 2 -73.359118523 43.053950595 90.000000
OBJECT 2 -73.359218932 43.053973055 90.000000
OBJECT 2 -73.359130818 43.054010489 0.000000
OBJECT 2 -73.359145162 43.054086854 0.000000
OBJECT 2 -73.359218932 43.054034447 90.000000
OBJECT 2 -73.359278358 43.054071881 0.000000
OBJECT 2 -73.359235325 43.054127283 0.000000
OBJECT 2 -73.359167703 43.054149743 0.000000
OBJECT 2 -73.359093933 43.054206643 0.000000
OBJECT 2 -73.359155408 43.054218622 0.000000
OBJECT 2 -73.359223030 43.054185680 0.000000
OBJECT 2 -73.359302948 43.054158727 0.000000
OBJECT 2 -73.359485324 43.054076373 0.000000
OBJECT 2 -73.359331636 43.054101828 0.000000
OBJECT 2 -73.359358275 43.054037441 341.565186
OBJECT 2 -73.359284505 43.054008992 44.999767
OBJECT 2 -73.359335734 43.053955087 0.000000
OBJECT 2 -73.359372619 43.053902679 0.000000
OBJECT 2 -73.359362374 43.053797864 0.000000
OBJECT 2 -73.359411554 43.053844282 0.000000
OBJECT 2 -73.359612372 43.053970060 0.000000
OBJECT 2 -73.359764010 43.053758933 63.434856
OBJECT 2 -73.359741469 43.053835298 0.000000
OBJECT 2 -73.359858272 43.053856261 0.000000
OBJECT 2 -73.359907452 43.053805351 0.000000
OBJECT 2 -73.359682043 43.053743959 0.000000
OBJECT 2 -73.359712781 43.053874229 0.000000
OBJECT 2 -73.359593929 43.053874229 0.000000
OBJECT 2 -73.359477127 43.053848774 0.000000
OBJECT 2 -73.359522208 43.053949097 90.000000
OBJECT 2 -73.359518110 43.054011986 0.000000
OBJECT 2 -73.359575487 43.054058404 0.000000
OBJECT 2 -73.359616470 43.054003002 0.000000
OBJECT 2 -73.359610323 43.053922145 348.690155
OBJECT 2 -73.359600077 43.053806848 63.434837
OBJECT 2 -73.359731223 43.053684065 180.000000
OBJECT 2 -73.359653355 43.053854764 224.999847
OBJECT 2 -73.359698437 43.053944605 0.000000
OBJECT 2 -73.359710732 43.054005997 0.000000
OBJECT 2 -73.359811141 43.053938616 44.999802
OBJECT 2 -73.359860321 43.053910166 0.000000
OBJECT 2 -73.359790649 43.053874229 0.000000
OBJECT 2 -73.359831633 43.053809843 0.000000
OBJECT 2 -73.359723027 43.053788880 0.000000
OBJECT 2 -73.359796797 43.053733477 108.435013
OBJECT 2 -73.359942288 43.053746954 0.000000
OBJECT 2 -73.360054992 43.053772409 135.000122
OBJECT 2 -73.360028352 43.053811340 0.000000
OBJECT 2 -73.359954582 43.053836795 0.000000
OBJECT 3 -73.359453947 43.054739415 91.930000
OBJECT 3 -73.359709685 43.054992768 91.930000
OBJECT 4 -73.360330302 43.054337368 271.929993
OBJECT 4 -73.360321024 43.054819132 181.929993
OBJECT 4 -73.360319601 43.054540457 271.929993
OBJECT 5 -73.359824763 43.054749288 91.930000
OBJECT 5 -73.360745997 43.054112201 1.930000
OBJECT 6 -73.360733811 43.054388310 1.930000
OBJECT 7 -73.360418911 43.053279697 260.167389
OBJECT 7 -73.360761644 43.054729761 1.930000
OBJECT 8 -73.359230009 43.053798024 181.462540
OBJECT 9 -73.365779889 43.048758622 88.404930
OBJECT 9 -73.359081882 43.053649407 80.053917
FILTER -1
OBJECT_DEF lib/g10/US/suburban/TrailerDblLong.obj
OBJECT_DEF lib/g10/US/industrial/light/Shed13x24.obj
OBJECT_DEF lib/g10/forests/autogen_tree3.obj
OBJECT_DEF lib/g10/US/industrial/light/TinShed10x30Dk.obj
OBJECT_DEF lib/airport/Common_Elements/Hangars/Sm_Gray_Hangar.agp
OBJECT_DEF lib/g10/US/industrial/light/TinShed10x30Lt.obj
OBJECT_DEF lib/g10/US/industrial/light/TinShed10x50.obj
OBJECT_DEF lib/airport/European_Airports/hangars/25x20x5.obj
OBJECT_DEF lib/g10/US/industrial/light/WoodShed8x10.obj
OBJECT_DEF lib/g10/US/suburban/B-RnchLH.obj
POLYGON_DEF lib/g8/broad_cld_rain.for
POLYGON_DEF lib/airport/pavement/asphalt_1D.pol
PROPERTY sim/filter/aptid 1B8
PROPERTY sim/exclude_net -73.360991/43.053998/-73.359367/43.054909
PROPERTY sim/require_agpoint 1/0
PROPERTY sim/require_object 1/0
PROPERTY sim/require_facade 6/0
