PROPERTY sim/west -180
PROPERTY sim/east 180
PROPERTY sim/north 90
PROPERTY sim/south -90
PROPERTY sim/planet earth
PROPERTY sim/creation_agent WorldEditor1.7.1r2
PROPERTY laminar/internal_revision 0
PROPERTY sim/overlay 1
FILTER 0
BEGIN_POLYGON 0 93 4
BEGIN_WINDING
POLYGON_POINT -88.536119796 39.075868633 -88.536119796 39.075868633
POLYGON_POINT -88.536092664 39.075789471 -88.536094121 39.075745910
POLYGON_POINT -88.536092664 39.075789471 -88.536092664 39.075789471
POLYGON_POINT -88.536028390 39.075632061 -88.536028390 39.075632061
POLYGON_POINT -88.536031028 39.075583644 -88.536031028 39.075583644
POLYGON_POINT -88.535681980 39.075572158 -88.535681980 39.075572158
POLYGON_POINT -88.535680835 39.075633958 -88.535680835 39.075633958
POLYGON_POINT -88.535634553 39.075633229 -88.535634553 39.075633229
POLYGON_POINT -88.535643006 39.075407177 -88.535643006 39.075407177
POLYGON_POINT -88.535257359 39.075399270 -88.535257359 39.075399270
POLYGON_POINT -88.535255589 39.075452384 -88.535255589 39.075452384
POLYGON_POINT -88.535010329 39.075445930 -88.535010329 39.075445930
POLYGON_POINT -88.535006370 39.075671329 -88.535006370 39.075671329
POLYGON_POINT -88.534733959 39.075667085 -88.534733959 39.075667085
POLYGON_POINT -88.534729009 39.075761301 -88.534729009 39.075761301
POLYGON_POINT -88.534974063 39.075767130 -88.534974063 39.075767130
POLYGON_POINT -88.534979137 39.075671787 -88.534979137 39.075671787
POLYGON_POINT -88.535006370 39.075671329 -88.535006370 39.075671329
POLYGON_POINT -88.535005117 39.075719285 -88.535005117 39.075719285
POLYGON_POINT -88.535209818 39.075724403 -88.535209818 39.075724403
POLYGON_POINT -88.535210659 39.075809294 -88.535210659 39.075809294
POLYGON_POINT -88.535210659 39.075809294 -88.535208473 39.075829660
POLYGON_POINT -88.535163616 39.075842335 -88.535163616 39.075842335
POLYGON_POINT -88.535352745 39.075846784 -88.535352745 39.075846784
POLYGON_POINT -88.535314234 39.075822544 -88.535316420 39.075808401
POLYGON_POINT -88.535314234 39.075822544 -88.535314234 39.075822544
POLYGON_POINT -88.535314194 39.075788699 -88.535314194 39.075788699
POLYGON_POINT -88.535367219 39.075748416 -88.535407263 39.075745281
POLYGON_POINT -88.535367219 39.075748416 -88.535367219 39.075748416
POLYGON_POINT -88.535940842 39.075767807 -88.535940842 39.075767807
POLYGON_POINT -88.535940842 39.075767807 -88.535998412 39.075771767
POLYGON_POINT -88.535979167 39.075866840 -88.535924512 39.075913796
POLYGON_POINT -88.535979167 39.075866840 -88.535979167 39.075866840
END_WINDING
END_POLYGON
BEGIN_POLYGON 1 0 4
BEGIN_WINDING
POLYGON_POINT -88.536915330 39.075277199 -88.536915330 39.075277199
POLYGON_POINT -88.536981959 39.075314084 -88.536994121 39.075330075
POLYGON_POINT -88.536979840 39.075357870 -88.536967768 39.075357870
POLYGON_POINT -88.536979840 39.075357870 -88.536979840 39.075357870
POLYGON_POINT -88.536425670 39.075323629 -88.536425670 39.075323629
POLYGON_POINT -88.536418544 39.075502294 -88.536418544 39.075502294
POLYGON_POINT -88.536965419 39.075525777 -88.536965419 39.075525777
POLYGON_POINT -88.536965419 39.075525777 -88.536990234 39.075526298
POLYGON_POINT -88.536965069 39.075566586 -88.536939584 39.075567107
POLYGON_POINT -88.536965069 39.075566586 -88.536965069 39.075566586
POLYGON_POINT -88.536803484 39.075562262 -88.536803484 39.075562262
POLYGON_POINT -88.536802328 39.075538634 -88.536802328 39.075538634
POLYGON_POINT -88.536410158 39.075525767 -88.536410158 39.075525767
POLYGON_POINT -88.536399255 39.075707615 -88.536399255 39.075707615
POLYGON_POINT -88.536805563 39.075720162 -88.536805563 39.075720162
POLYGON_POINT -88.536947543 39.075687894 -88.536988401 39.075671539
POLYGON_POINT -88.537056498 39.075634105 -88.537056498 39.075634105
POLYGON_POINT -88.538182281 39.075661765 -88.538182281 39.075661765
POLYGON_POINT -88.538180925 39.075598291 -88.538180925 39.075598291
POLYGON_POINT -88.538131261 39.075598167 -88.538131261 39.075598167
POLYGON_POINT -88.538131261 39.075598167 -88.538105896 39.075593585
POLYGON_POINT -88.538108252 39.075567826 -88.538108252 39.075567826
POLYGON_POINT -88.538113173 39.075443613 -88.538113173 39.075443613
POLYGON_POINT -88.537300278 39.075425954 -88.537300278 39.075425954
POLYGON_POINT -88.537295103 39.075565566 -88.537295103 39.075565566
POLYGON_POINT -88.537295103 39.075565566 -88.537294346 39.075577616
POLYGON_POINT -88.537267577 39.075574267 -88.537267577 39.075574267
POLYGON_POINT -88.537153054 39.075570510 -88.537153054 39.075570510
POLYGON_POINT -88.537153054 39.075570510 -88.537080289 39.075568035
POLYGON_POINT -88.537075657 39.075504616 -88.537075657 39.075504616
POLYGON_POINT -88.537081876 39.075314640 -88.537081876 39.075314640
POLYGON_POINT -88.537081876 39.075314640 -88.537081876 39.075298500
POLYGON_POINT -88.537100380 39.075282617 -88.537100380 39.075282617
END_WINDING
BEGIN_WINDING
POLYGON_POINT -88.537475525 39.075457407 -88.537475525 39.075457407
POLYGON_POINT -88.537470882 39.075550777 -88.537470882 39.075550777
POLYGON_POINT -88.537470882 39.075550777 -88.537469746 39.075562239
POLYGON_POINT -88.537443979 39.075563247 -88.537443979 39.075563247
POLYGON_POINT -88.537417840 39.075562233 -88.537417840 39.075562233
POLYGON_POINT -88.537385102 39.075547140 -88.537385102 39.075534209
POLYGON_POINT -88.537385102 39.075547140 -88.537385102 39.075547140
POLYGON_POINT -88.537389339 39.075455377 -88.537389339 39.075455377
END_WINDING
BEGIN_WINDING
POLYGON_POINT -88.537627650 39.075467231 -88.537627650 39.075467231
POLYGON_POINT -88.537622551 39.075552929 -88.537622551 39.075552929
POLYGON_POINT -88.537622551 39.075552929 -88.537621794 39.075565860
POLYGON_POINT -88.537596476 39.075566984 -88.537596476 39.075566984
POLYGON_POINT -88.537570337 39.075565969 -88.537570337 39.075565969
POLYGON_POINT -88.537541456 39.075551742 -88.537541077 39.075539986
POLYGON_POINT -88.537541456 39.075551742 -88.537541456 39.075551742
POLYGON_POINT -88.537545313 39.075464658 -88.537545313 39.075464658
END_WINDING
BEGIN_WINDING
POLYGON_POINT -88.537767377 39.075473109 -88.537767377 39.075473109
POLYGON_POINT -88.537765357 39.075557952 -88.537765357 39.075557952
POLYGON_POINT -88.537765357 39.075557952 -88.537763843 39.075571177
POLYGON_POINT -88.537743109 39.075571735 -88.537743109 39.075571735
POLYGON_POINT -88.537718021 39.075571142 -88.537718021 39.075571142
POLYGON_POINT -88.537692647 39.075554636 -88.537691890 39.075540529
POLYGON_POINT -88.537692647 39.075554636 -88.537692647 39.075554636
POLYGON_POINT -88.537693882 39.075472843 -88.537693882 39.075472843
END_WINDING
BEGIN_WINDING
POLYGON_POINT -88.537906206 39.075481148 -88.537906206 39.075481148
POLYGON_POINT -88.537901885 39.075563075 -88.537901885 39.075563075
POLYGON_POINT -88.537901885 39.075563075 -88.537899992 39.075574537
POLYGON_POINT -88.537878774 39.075574779 -88.537878774 39.075574779
POLYGON_POINT -88.537852157 39.075574879 -88.537852157 39.075574879
POLYGON_POINT -88.537835996 39.075560280 -88.537835617 39.075547349
POLYGON_POINT -88.537835996 39.075560280 -88.537835996 39.075560280
POLYGON_POINT -88.537837110 39.075475398 -88.537837110 39.075475398
END_WINDING
BEGIN_WINDING
POLYGON_POINT -88.538046220 39.075484430 -88.538046220 39.075484430
POLYGON_POINT -88.538041599 39.075566168 -88.538041599 39.075566168
POLYGON_POINT -88.538041599 39.075566168 -88.538040085 39.075578512
POLYGON_POINT -88.538019988 39.075579209 -88.538019988 39.075579209
POLYGON_POINT -88.537992828 39.075577551 -88.537992828 39.075577551
POLYGON_POINT -88.537971853 39.075562853 -88.537971474 39.075549334
POLYGON_POINT -88.537971853 39.075562853 -88.537971853 39.075562853
POLYGON_POINT -88.537973781 39.075483521 -88.537973781 39.075483521
END_WINDING
END_POLYGON
BEGIN_POLYGON 1 0 4
BEGIN_WINDING
POLYGON_POINT -88.537112840 39.075270282 -88.537112840 39.075270282
POLYGON_POINT -88.537169806 39.075252411 -88.537195459 39.075249313
POLYGON_POINT -88.537235106 39.075276179 -88.537235106 39.075287641
POLYGON_POINT -88.537235106 39.075276179 -88.537235106 39.075276179
POLYGON_POINT -88.537230989 39.075394878 -88.537230989 39.075394878
POLYGON_POINT -88.538030012 39.075407254 -88.538030012 39.075407254
POLYGON_POINT -88.538032174 39.075304343 -88.538035986 39.075281405
POLYGON_POINT -88.538180158 39.075289874 -88.538180158 39.075289874
POLYGON_POINT -88.538179738 39.075221096 -88.538179738 39.075221096
POLYGON_POINT -88.537226400 39.075194024 -88.537226400 39.075194024
POLYGON_POINT -88.537226400 39.075194024 -88.537150598 39.075187936
POLYGON_POINT -88.537115580 39.075150616 -88.537115580 39.075150616
END_WINDING
BEGIN_WINDING
POLYGON_POINT -88.537299423 39.075348855 -88.537299423 39.075348855
POLYGON_POINT -88.537351270 39.075261641 -88.537425669 39.075261737
POLYGON_POINT -88.537413998 39.075350873 -88.537413998 39.075350873
END_WINDING
BEGIN_WINDING
POLYGON_POINT -88.537453299 39.075352824 -88.537453299 39.075352824
POLYGON_POINT -88.537502245 39.075265664 -88.537576708 39.075266378
POLYGON_POINT -88.537556555 39.075355289 -88.537556555 39.075355289
END_WINDING
BEGIN_WINDING
POLYGON_POINT -88.537589979 39.075357279 -88.537589979 39.075357279
POLYGON_POINT -88.537647914 39.075267548 -88.537716417 39.075267637
POLYGON_POINT -88.537701353 39.075357699 -88.537701353 39.075357699
END_WINDING
BEGIN_WINDING
POLYGON_POINT -88.537733239 39.075357550 -88.537733239 39.075357550
POLYGON_POINT -88.537786922 39.075272447 -88.537846743 39.075274350
POLYGON_POINT -88.537825992 39.075359253 -88.537825992 39.075359253
END_WINDING
BEGIN_WINDING
POLYGON_POINT -88.537874778 39.075361405 -88.537874778 39.075361405
POLYGON_POINT -88.537923536 39.075277860 -88.537973331 39.075279347
POLYGON_POINT -88.537964949 39.075364024 -88.537964949 39.075364024
END_WINDING
END_POLYGON
BEGIN_POLYGON 2 92 4
BEGIN_WINDING
POLYGON_POINT -88.533380732 39.074217050 -88.533380732 39.074217050
POLYGON_POINT -88.533188366 39.074311372 -88.533021488 39.074308117
POLYGON_POINT -88.533188366 39.074311372 -88.533188366 39.074311372
POLYGON_POINT -88.530144895 39.074237329 -88.530144895 39.074237329
POLYGON_POINT -88.530136210 39.074396901 -88.530136210 39.074396901
POLYGON_POINT -88.532235076 39.074457583 -88.532235076 39.074457583
POLYGON_POINT -88.532235076 39.074612660 -88.532235076 39.074612660
POLYGON_POINT -88.532235076 39.074612660 -88.532234237 39.074755233
POLYGON_POINT -88.532492730 39.074821677 -88.532572396 39.074823630
POLYGON_POINT -88.532814075 39.074668847 -88.532856004 39.074541247
POLYGON_POINT -88.532814075 39.074668847 -88.532814075 39.074668847
POLYGON_POINT -88.532834340 39.074572205 -88.532834340 39.074572205
POLYGON_POINT -88.532956115 39.074471568 -88.533015655 39.074471568
POLYGON_POINT -88.532956115 39.074471568 -88.532956115 39.074471568
POLYGON_POINT -88.533309732 39.074480285 -88.533309732 39.074480285
POLYGON_POINT -88.533339751 39.074464774 -88.533339751 39.074464774
END_WINDING
BEGIN_WINDING
POLYGON_POINT -88.532512994 39.074722787 -88.532512994 39.074722787
POLYGON_POINT -88.532512994 39.074722787 -88.532467710 39.074718881
POLYGON_POINT -88.532365350 39.074599175 -88.532365350 39.074508032
POLYGON_POINT -88.532365350 39.074599175 -88.532365350 39.074599175
POLYGON_POINT -88.532365350 39.074599175 -88.532372059 39.074493059
POLYGON_POINT -88.532470707 39.074459117 -88.532470707 39.074459117
POLYGON_POINT -88.532572193 39.074460588 -88.532572193 39.074460588
POLYGON_POINT -88.532689541 39.074601423 -88.532678639 39.074696472
POLYGON_POINT -88.532512994 39.074722787 -88.532467710 39.074718881
END_WINDING
END_POLYGON
BEGIN_POLYGON 2 92 4
BEGIN_WINDING
POLYGON_POINT -88.540754511 39.074679523 -88.540754511 39.074679523
POLYGON_POINT -88.544192255 39.074778662 -88.544192255 39.074778662
POLYGON_POINT -88.544189872 39.074573530 -88.544181135 39.074498920
POLYGON_POINT -88.543936234 39.074418470 -88.543814665 39.074416620
POLYGON_POINT -88.543721932 39.074570263 -88.543721932 39.074570263
POLYGON_POINT -88.543721932 39.074570263 -88.543678849 39.074614089
POLYGON_POINT -88.543533370 39.074604065 -88.543533370 39.074604065
POLYGON_POINT -88.540831894 39.074541453 -88.540831894 39.074541453
END_WINDING
END_POLYGON
FILTER -1
FILTER 0
FILTER -1
FILTER 0
FILTER -1
FILTER 0
FILTER -1
FILTER 0
FILTER -1
FILTER 0
OBJECT 0 -88.535705270 39.075590950 3.580000
OBJECT 0 -88.535310112 39.075620958 1.170000
OBJECT 0 -88.534730110 39.075694783 269.359985
OBJECT 0 -88.535011084 39.075722767 179.029999
OBJECT 0 -88.535198349 39.075729681 180.949997
OBJECT 0 -88.538085624 39.075666754 181.149994
OBJECT 0 -88.538074110 39.075211268 359.329987
OBJECT 0 -88.537630605 39.075200642 0.000000
OBJECT 0 -88.537649487 39.075656614 178.490005
OBJECT 0 -88.537059696 39.075639706 167.850006
OBJECT 0 -88.537136477 39.075163598 37.330002
OBJECT 0 -88.534640199 39.075023488 271.489990
OBJECT 0 -88.535003053 39.074842485 0.310000
OBJECT 0 -88.535384435 39.074850876 0.430000
OBJECT 0 -88.536757104 39.074882042 0.500000
OBJECT 0 -88.536069998 39.074867658 359.359985
OBJECT 0 -88.536435683 39.074871254 2.140000
OBJECT 1 -88.536098837 39.075797548 90.379997
OBJECT 2 -88.536038986 39.075641158 89.059998
OBJECT 2 -88.536324905 39.075504509 179.059998
OBJECT 2 -88.535699947 39.075279352 0.000000
OBJECT 3 -88.534697076 39.075467179 180.360001
OBJECT 4 -88.534659844 39.075260807 0.000000
OBJECT 5 -88.536585310 39.075555635 93.760002
OBJECT 6 -88.536622802 39.075624431 269.130005
OBJECT 6 -88.536531912 39.075614729 176.190002
OBJECT 7 -88.535180440 39.075720792 92.580002
OBJECT 8 -88.534740338 39.075674848 271.309998
OBJECT 7 -88.535146659 39.075460298 271.880005
OBJECT 9 -88.535853715 39.075587770 181.910004
OBJECT 10 -88.536932733 39.075394116 274.179993
OBJECT 10 -88.536932365 39.075369089 261.869995
OBJECT 11 -88.534744518 39.075280165 135.000000
OBJECT 12 -88.534688534 39.075210863 91.139999
OBJECT 13 -88.536905583 39.075504974 179.679993
OBJECT 13 -88.536027077 39.075595362 22.620001
OBJECT 13 -88.535046033 39.075563624 337.489990
OBJECT 14 -88.536948429 39.075423422 92.339996
OBJECT 15 -88.535326809 39.075629502 345.670013
OBJECT 16 -88.535407985 39.075635279 271.970001
OBJECT 16 -88.535356578 39.075632343 272.100006
OBJECT 17 -88.536974469 39.075502194 272.679993
OBJECT 18 -88.535916177 39.075280815 1.800000
OBJECT 19 -88.538088340 39.075419448 92.000000
OBJECT 20 -88.535324131 39.074923567 0.000000
OBJECT 20 -88.536290809 39.074957120 0.000000
OBJECT 21 -88.536221588 39.075739773 0.000000
OBJECT 22 -88.536802856 39.075551403 171.300003
OBJECT 23 -88.535103919 39.075293823 180.520004
OBJECT 24 -88.534755361 39.075374248 0.000000
OBJECT 2 -88.535222042 39.075411684 181.210007
OBJECT 2 -88.534741009 39.075386827 248.720001
OBJECT 2 -88.534705267 39.075301272 228.580002
OBJECT 25 -88.534691235 39.075541544 271.029999
BEGIN_POLYGON 3 10 3
BEGIN_WINDING
POLYGON_POINT -88.535312283 39.075403251 0.000000000
POLYGON_POINT -88.535182437 39.075401141 0.000000000
END_WINDING
END_POLYGON
BEGIN_POLYGON 3 10 2
BEGIN_WINDING
POLYGON_POINT -88.536167740 39.075550308
POLYGON_POINT -88.536365337 39.075556566
POLYGON_POINT -88.536361340 39.075755722
POLYGON_POINT -88.536781164 39.075766884
POLYGON_POINT -88.536780729 39.075820558
POLYGON_POINT -88.538882272 39.075863593
POLYGON_POINT -88.540983815 39.075906628
POLYGON_POINT -88.543085358 39.075949663
POLYGON_POINT -88.545186901 39.075992698
POLYGON_POINT -88.545255513 39.075033924
POLYGON_POINT -88.545121505 39.074815471
POLYGON_POINT -88.545133959 39.074438404
POLYGON_POINT -88.543609996 39.073519222
POLYGON_POINT -88.543471290 39.073303840
POLYGON_POINT -88.541639220 39.072823717
POLYGON_POINT -88.539859877 39.072275364
POLYGON_POINT -88.537445810 39.071525089
POLYGON_POINT -88.534899950 39.070697764
POLYGON_POINT -88.535126192 39.069506446
POLYGON_POINT -88.535469711 39.068126221
POLYGON_POINT -88.535536310 39.066335330
POLYGON_POINT -88.535854184 39.064877014
POLYGON_POINT -88.534952661 39.064365481
POLYGON_POINT -88.534323186 39.064374833
POLYGON_POINT -88.533997477 39.065081859
POLYGON_POINT -88.533601396 39.065876814
POLYGON_POINT -88.531797968 39.065876745
POLYGON_POINT -88.531280345 39.066574330
POLYGON_POINT -88.530609106 39.067478939
POLYGON_POINT -88.529882085 39.068458723
POLYGON_POINT -88.529054007 39.068435745
POLYGON_POINT -88.528818024 39.068885842
POLYGON_POINT -88.526258204 39.068051657
POLYGON_POINT -88.524163322 39.067331473
POLYGON_POINT -88.522068440 39.066611289
POLYGON_POINT -88.519657695 39.065835870
POLYGON_POINT -88.519638379 39.067039809
POLYGON_POINT -88.519643153 39.067936849
POLYGON_POINT -88.519869362 39.068620556
POLYGON_POINT -88.520080775 39.068699091
POLYGON_POINT -88.522295838 39.069422005
POLYGON_POINT -88.524490980 39.070136081
POLYGON_POINT -88.526711734 39.070881089
POLYGON_POINT -88.528975176 39.071634935
POLYGON_POINT -88.529126416 39.071749638
POLYGON_POINT -88.529089865 39.073681369
POLYGON_POINT -88.529076079 39.074819919
POLYGON_POINT -88.529578574 39.075541436
POLYGON_POINT -88.532472038 39.075646120
POLYGON_POINT -88.533128396 39.075673378
POLYGON_POINT -88.533684063 39.075707758
POLYGON_POINT -88.533955210 39.075713803
POLYGON_POINT -88.534560470 39.075725843
POLYGON_POINT -88.534618175 39.075682598
POLYGON_POINT -88.534628154 39.075387849
POLYGON_POINT -88.534742405 39.075390855
END_WINDING
END_POLYGON
BEGIN_POLYGON 4 10 3
BEGIN_WINDING
POLYGON_POINT -88.535006370 39.075671329 4.000000000
POLYGON_POINT -88.535005870 39.075643070 1.000000000
POLYGON_POINT -88.535005483 39.075614851 4.000000000
POLYGON_POINT -88.535012316 39.075394557 2.000000000
POLYGON_POINT -88.534742680 39.075390406 4.000000000
POLYGON_POINT -88.534733959 39.075667085 4.000000000
END_WINDING
END_POLYGON
BEGIN_POLYGON 5 10 3
BEGIN_WINDING
POLYGON_POINT -88.535009909 39.075550628 2.000000000
POLYGON_POINT -88.535141780 39.075552121 2.000000000
POLYGON_POINT -88.535142926 39.075455785 2.000000000
POLYGON_POINT -88.535180005 39.075456752 2.000000000
POLYGON_POINT -88.535182496 39.075399182 2.000000000
POLYGON_POINT -88.535011974 39.075395618 2.000000000
END_WINDING
END_POLYGON
BEGIN_POLYGON 4 10 3
BEGIN_WINDING
POLYGON_POINT -88.535679251 39.075305136 4.000000000
POLYGON_POINT -88.535680625 39.075271198 4.000000000
POLYGON_POINT -88.535619522 39.075269708 3.000000000
POLYGON_POINT -88.535573666 39.075268589 4.000000000
POLYGON_POINT -88.535473929 39.075265669 4.000000000
POLYGON_POINT -88.535469171 39.075383242 4.000000000
POLYGON_POINT -88.535318323 39.075380050 4.000000000
POLYGON_POINT -88.535316175 39.075433112 3.000000000
POLYGON_POINT -88.535314835 39.075466227 4.000000000
POLYGON_POINT -88.535308708 39.075617622 4.000000000
POLYGON_POINT -88.535520902 39.075622798 1.000000000
POLYGON_POINT -88.535565692 39.075623890 4.000000000
POLYGON_POINT -88.535616290 39.075625124 4.000000000
POLYGON_POINT -88.535618155 39.075579032 4.000000000
POLYGON_POINT -88.536167743 39.075592437 4.000000000
POLYGON_POINT -88.536178877 39.075317322 4.000000000
END_WINDING
END_POLYGON
FILTER -1
OBJECT_DEF lib/airport/Common_Elements/Lighting/Dir_Ramp_Lit_Short.obj
OBJECT_DEF lib/g10/streetlights/HwyLt1BarMnt.obj
OBJECT_DEF lib/g10/streetlights/AreaFloodShort.obj
OBJECT_DEF lib/airport/Common_Elements/Miscellaneous/Sm_Propane_Tank.obj
OBJECT_DEF lib/airport/Common_Elements/Miscellaneous/Stack_of_Cones.obj
OBJECT_DEF lib/airport/Common_Elements/Vehicles/Cargo_Trailer.obj
OBJECT_DEF lib/airport/Ramp_Equipment/Cargo_Container_6.obj
OBJECT_DEF lib/airport/Common_Elements/Parking_Items/Row_of_Cars_4.agp
OBJECT_DEF lib/airport/Common_Elements/Parking_Items/Row_of_Cars_6.agp
OBJECT_DEF lib/airport/Common_Elements/Parking/6_wHandicapL.obj
OBJECT_DEF lib/cars/car_static_invar.obj
OBJECT_DEF lib/airport/Common_Elements/vehicles/Large_Fuel_Truck.obj
OBJECT_DEF lib/airport/Common_Elements/Fueling_Stations/2_horiz_tanks.agp
OBJECT_DEF lib/airport/Common_Elements/Miscellaneous/Blue_Dumpster.obj
OBJECT_DEF lib/airport/Common_Elements/Miscellaneous/Hangar_Construct.obj
OBJECT_DEF lib/airport/Common_Elements/Miscellaneous/BBQ_Grill.obj
OBJECT_DEF lib/airport/Common_Elements/Miscellaneous/Picnic_Table.obj
OBJECT_DEF lib/airport/Common_Elements/Miscellaneous/Porta_Potty_1.obj
OBJECT_DEF lib/airport/Common_Elements/Hangars/Med_Gray_Hangar.agp
OBJECT_DEF lib/airport/Common_Elements/Hangars/Long_Row_Beige.agp
OBJECT_DEF lib/airport/aircraft/general_aviation/prop_a.obj
OBJECT_DEF lib/airport/Common_Elements/Miscellaneous/Flagpole.obj
OBJECT_DEF lib/airport/Common_Elements/Miscellaneous/Const_Trailer.agp
OBJECT_DEF lib/airport/aircraft/general_aviation/turboprop_b.obj
OBJECT_DEF lib/airport/Common_Elements/Miscellaneous/Round_Trash_Can.obj
OBJECT_DEF lib/airport/Common_Elements/Miscellaneous/Large_AC_on_Pad.obj
POLYGON_DEF lib/airport/pavement/concrete_6L.pol
POLYGON_DEF lib/airport/pavement/asphalt_2L.pol
POLYGON_DEF lib/airport/pavement/concrete_1D.pol
POLYGON_DEF lib/airport/Common_Elements/Fence_Facades/Fence.fac
POLYGON_DEF lib/airport/Common_Elements/Misc_Buildings/Cargo_Terminal.fac
POLYGON_DEF lib/airport/Common_Elements/Misc_Buildings/White_Office.fac
PROPERTY sim/filter/aptid 1H2
PROPERTY sim/require_agpoint 1/0
PROPERTY sim/require_object 1/0
PROPERTY sim/require_facade 1/3
PROPERTY sim/require_facade 6/0
