PROPERTY sim/west -180
PROPERTY sim/east 180
PROPERTY sim/north 90
PROPERTY sim/south -90
PROPERTY sim/planet earth
PROPERTY sim/creation_agent WorldEditor2.0.0r4
PROPERTY laminar/internal_revision 0
PROPERTY sim/overlay 1
FILTER 0
BEGIN_POLYGON 0 0 4
BEGIN_WINDING
POLYGON_POINT -97.115126984 37.775141907 -97.115126984 37.775141907
POLYGON_POINT -97.115350342 37.775142812 -97.115350342 37.775142812
POLYGON_POINT -97.115363128 37.774624391 -97.115363128 37.774624391
POLYGON_POINT -97.115419274 37.774608686 -97.115452514 37.774606809
POLYGON_POINT -97.115478003 37.774621148 -97.115478003 37.774621148
POLYGON_POINT -97.115596981 37.774559532 -97.115623098 37.774544518
POLYGON_POINT -97.115732725 37.774456931 -97.115784183 37.774433399
POLYGON_POINT -97.115908098 37.774413417 -97.115908098 37.774413417
POLYGON_POINT -97.116816842 37.774411640 -97.116816842 37.774411640
POLYGON_POINT -97.116939948 37.774442762 -97.116981394 37.774466410
POLYGON_POINT -97.117038785 37.774533066 -97.117038785 37.774533066
POLYGON_POINT -97.117034484 37.774234405 -97.117034484 37.774234405
POLYGON_POINT -97.116929837 37.774333462 -97.116887657 37.774343211
POLYGON_POINT -97.116811899 37.774343003 -97.116811899 37.774343003
POLYGON_POINT -97.116268501 37.774345553 -97.116268501 37.774345553
POLYGON_POINT -97.115328369 37.774354370 -97.115328369 37.774354370
POLYGON_POINT -97.115317998 37.774465486 -97.115317998 37.774475215
POLYGON_POINT -97.115277161 37.774568959 -97.115268001 37.774621452
POLYGON_POINT -97.115259269 37.774831084 -97.115259269 37.774831084
POLYGON_POINT -97.115221228 37.774861869 -97.115210637 37.774867098
POLYGON_POINT -97.115119423 37.774876391 -97.115097954 37.774876391
POLYGON_POINT -97.115045414 37.774866101 -97.115045414 37.774866101
POLYGON_POINT -97.114996551 37.774841423 -97.114980722 37.774824220
POLYGON_POINT -97.114978366 37.774805257 -97.114978366 37.774805257
POLYGON_POINT -97.114979608 37.774546463 -97.114979608 37.774546463
POLYGON_POINT -97.114700873 37.774547651 -97.114700873 37.774547651
POLYGON_POINT -97.114406136 37.774548125 -97.114406136 37.774548125
POLYGON_POINT -97.114413879 37.774748349 -97.114413879 37.774748349
POLYGON_POINT -97.114558685 37.774749213 -97.114558685 37.774749213
POLYGON_POINT -97.114559414 37.774946979 -97.114559414 37.774946979
POLYGON_POINT -97.114972080 37.774947830 -97.114972080 37.774947830
POLYGON_POINT -97.114976183 37.775065432 -97.114976183 37.775065432
POLYGON_POINT -97.114909457 37.775126882 -97.114909457 37.775126882
POLYGON_POINT -97.114353284 37.775122470 -97.114353284 37.775122470
POLYGON_POINT -97.114354060 37.775188460 -97.114354060 37.775188460
POLYGON_POINT -97.114920037 37.775195149 -97.114920037 37.775195149
POLYGON_POINT -97.114971320 37.775260008 -97.114971320 37.775260008
POLYGON_POINT -97.114975423 37.775428642 -97.114975423 37.775428642
POLYGON_POINT -97.115015686 37.775468217 -97.115032781 37.775489837
POLYGON_POINT -97.115026356 37.775517761 -97.115026356 37.775517761
POLYGON_POINT -97.114675360 37.775515850 -97.114675360 37.775515850
POLYGON_POINT -97.114678682 37.775724240 -97.114678682 37.775724240
POLYGON_POINT -97.115137924 37.775721750 -97.115137924 37.775721750
END_WINDING
BEGIN_WINDING
POLYGON_POINT -97.115607042 37.774439333 -97.115607042 37.774439333
POLYGON_POINT -97.115532681 37.774499787 -97.115501079 37.774516078
POLYGON_POINT -97.115435842 37.774522794 -97.115422102 37.774517364
POLYGON_POINT -97.115409978 37.774471923 -97.115420970 37.774452374
POLYGON_POINT -97.115482338 37.774430436 -97.115509818 37.774421748
POLYGON_POINT -97.115595964 37.774416886 -97.115595964 37.774416886
POLYGON_POINT -97.115615550 37.774423720 -97.115621046 37.774432408
END_WINDING
END_POLYGON
BEGIN_POLYGON 0 176 4
BEGIN_WINDING
POLYGON_POINT -97.114863531 37.767218416 -97.114863531 37.767218416
POLYGON_POINT -97.114889316 37.767110093 -97.114906662 37.767069096
POLYGON_POINT -97.114954547 37.767011698 -97.114954547 37.767011698
POLYGON_POINT -97.114648033 37.767012562 -97.114648033 37.767012562
POLYGON_POINT -97.114733334 37.767101032 -97.114752721 37.767133399
POLYGON_POINT -97.114752109 37.767220142 -97.114752109 37.767220142
POLYGON_POINT -97.114752937 37.767315604 -97.114752937 37.767315604
POLYGON_POINT -97.114728749 37.767392457 -97.114699073 37.767412006
POLYGON_POINT -97.114648147 37.767396209 -97.114648147 37.767396209
POLYGON_POINT -97.114295134 37.767323235 -97.114240729 37.767315415
POLYGON_POINT -97.114129292 37.767319995 -97.114129292 37.767319995
POLYGON_POINT -97.114059403 37.767312761 -97.114026166 37.767303377
POLYGON_POINT -97.114016557 37.767283267 -97.114016557 37.767283267
POLYGON_POINT -97.113654739 37.767278322 -97.113654739 37.767278322
POLYGON_POINT -97.113655204 37.767454537 -97.113655204 37.767454537
POLYGON_POINT -97.113567636 37.767456273 -97.113567636 37.767456273
POLYGON_POINT -97.113569809 37.767548513 -97.113569809 37.767548513
POLYGON_POINT -97.113851822 37.767548507 -97.113851822 37.767548507
POLYGON_POINT -97.113913517 37.767469876 -97.113949128 37.767445479
POLYGON_POINT -97.114058891 37.767399373 -97.114121539 37.767391553
POLYGON_POINT -97.114258812 37.767393591 -97.114258812 37.767393591
POLYGON_POINT -97.114488834 37.767443963 -97.114574299 37.767460853
POLYGON_POINT -97.114754404 37.767469521 -97.114754404 37.767469521
POLYGON_POINT -97.114759515 37.768024769 -97.114759515 37.768024769
POLYGON_POINT -97.114735241 37.768387927 -97.114694217 37.768536562
POLYGON_POINT -97.114632520 37.768749942 -97.114632520 37.768749942
POLYGON_POINT -97.114559746 37.768809336 -97.114498210 37.768836361
POLYGON_POINT -97.114478135 37.768806859 -97.114478135 37.768806859
POLYGON_POINT -97.113967988 37.768816008 -97.113967988 37.768816008
POLYGON_POINT -97.113968074 37.768894590 -97.113968074 37.768894590
POLYGON_POINT -97.114030429 37.768890558 -97.114030429 37.768890558
POLYGON_POINT -97.114079181 37.768908448 -97.114086253 37.768918231
POLYGON_POINT -97.114074750 37.768946348 -97.114074750 37.768946348
POLYGON_POINT -97.114004199 37.768984245 -97.114004199 37.768984245
POLYGON_POINT -97.114261863 37.769056096 -97.114261863 37.769056096
POLYGON_POINT -97.114293175 37.769251280 -97.114315966 37.769296321
POLYGON_POINT -97.114381743 37.769363688 -97.114381743 37.769363688
POLYGON_POINT -97.114355240 37.769518600 -97.114355240 37.769518600
POLYGON_POINT -97.113671067 37.769497022 -97.113671067 37.769497022
POLYGON_POINT -97.113672015 37.769691928 -97.113672015 37.769691928
POLYGON_POINT -97.113814055 37.769691202 -97.113814055 37.769691202
POLYGON_POINT -97.113939452 37.769692740 -97.113939452 37.769692740
POLYGON_POINT -97.113942461 37.769835778 -97.113942461 37.769835778
POLYGON_POINT -97.114317865 37.769842194 -97.114317865 37.769842194
POLYGON_POINT -97.114297740 37.770213667 -97.114285869 37.770391954
POLYGON_POINT -97.114403811 37.771185990 -97.114433349 37.771357218
POLYGON_POINT -97.114611773 37.771693971 -97.114611773 37.771693971
POLYGON_POINT -97.114654724 37.772008429 -97.114654724 37.772008429
POLYGON_POINT -97.114270434 37.772006334 -97.114270434 37.772006334
POLYGON_POINT -97.114242424 37.771880223 -97.114217693 37.771846338
POLYGON_POINT -97.114117634 37.771822672 -97.114117634 37.771822672
POLYGON_POINT -97.114129627 37.772112343 -97.114129627 37.772112343
POLYGON_POINT -97.114262785 37.772111234 -97.114262785 37.772111234
POLYGON_POINT -97.114257421 37.772241587 -97.114257421 37.772241587
POLYGON_POINT -97.114642098 37.772248911 -97.114642098 37.772248911
POLYGON_POINT -97.114643352 37.772363859 -97.114643352 37.772363859
POLYGON_POINT -97.114336221 37.772372368 -97.114336221 37.772372368
POLYGON_POINT -97.114066019 37.772392078 -97.114066019 37.772392078
POLYGON_POINT -97.113730246 37.772411834 -97.113730246 37.772411834
POLYGON_POINT -97.113737476 37.772470316 -97.113737476 37.772470316
POLYGON_POINT -97.113787067 37.772486758 -97.113809012 37.772499580
POLYGON_POINT -97.113801370 37.772524257 -97.113801370 37.772524257
POLYGON_POINT -97.113814516 37.772631835 -97.113814516 37.772631835
POLYGON_POINT -97.114062356 37.772622009 -97.114062356 37.772622009
POLYGON_POINT -97.114048482 37.772487425 -97.114048482 37.772487425
POLYGON_POINT -97.114053437 37.772462035 -97.114064429 37.772451174
POLYGON_POINT -97.114080501 37.772454337 -97.114080501 37.772454337
POLYGON_POINT -97.114253233 37.772443722 -97.114253233 37.772443722
POLYGON_POINT -97.114297238 37.772470422 -97.114312077 37.772487364
POLYGON_POINT -97.114306392 37.772518512 -97.114306392 37.772518512
POLYGON_POINT -97.114322288 37.772633459 -97.114322288 37.772633459
POLYGON_POINT -97.114493833 37.772628048 -97.114493833 37.772628048
POLYGON_POINT -97.114487915 37.772505780 -97.114487915 37.772505780
POLYGON_POINT -97.114489499 37.772464625 -97.114501040 37.772451592
POLYGON_POINT -97.114516931 37.772432756 -97.114516931 37.772432756
POLYGON_POINT -97.114639428 37.772430386 -97.114639428 37.772430386
POLYGON_POINT -97.114598875 37.773169969 -97.114598875 37.773169969
POLYGON_POINT -97.114487015 37.773169593 -97.114487015 37.773169593
POLYGON_POINT -97.114453233 37.773148732 -97.114442241 37.773133527
POLYGON_POINT -97.114453166 37.773110454 -97.114453166 37.773110454
POLYGON_POINT -97.114448399 37.773019817 -97.114423667 37.772982891
POLYGON_POINT -97.114371111 37.772939607 -97.114371111 37.772939607
POLYGON_POINT -97.114241216 37.772937169 -97.114241216 37.772937169
POLYGON_POINT -97.114236347 37.773248725 -97.114236347 37.773248725
POLYGON_POINT -97.114605076 37.773252379 -97.114605076 37.773252379
POLYGON_POINT -97.114602882 37.773368463 -97.114602882 37.773368463
POLYGON_POINT -97.114551785 37.773416475 -97.114518810 37.773436024
POLYGON_POINT -97.114473885 37.773433981 -97.114473885 37.773433981
POLYGON_POINT -97.114320115 37.773437252 -97.114320115 37.773437252
POLYGON_POINT -97.114321906 37.773510205 -97.114321906 37.773510205
POLYGON_POINT -97.114508278 37.773511681 -97.114508278 37.773511681
POLYGON_POINT -97.114640831 37.773567373 -97.114727886 37.773567373
POLYGON_POINT -97.114794937 37.773513951 -97.114794937 37.773513951
POLYGON_POINT -97.116468851 37.773502203 -97.116468851 37.773502203
POLYGON_POINT -97.116643342 37.773540555 -97.116703680 37.773548788
POLYGON_POINT -97.116845382 37.773570495 -97.116936871 37.773585685
POLYGON_POINT -97.117039283 37.773707820 -97.117039283 37.773707820
POLYGON_POINT -97.117035789 37.773256211 -97.117035789 37.773256211
POLYGON_POINT -97.116838698 37.773374120 -97.116760064 37.773393037
POLYGON_POINT -97.116645498 37.773375913 -97.116568273 37.773385486
POLYGON_POINT -97.116471105 37.773411014 -97.116471105 37.773411014
POLYGON_POINT -97.114812006 37.773410706 -97.114812006 37.773410706
POLYGON_POINT -97.114730941 37.773386592 -97.114712804 37.773368346
POLYGON_POINT -97.114709273 37.773310992 -97.114709273 37.773310992
POLYGON_POINT -97.114744798 37.772497928 -97.114744798 37.772497928
POLYGON_POINT -97.114819155 37.772461454 -97.114866639 37.772459890
POLYGON_POINT -97.114896151 37.772488135 -97.114896151 37.772488135
POLYGON_POINT -97.115042921 37.772490555 -97.115042921 37.772490555
POLYGON_POINT -97.115039682 37.772276255 -97.115039682 37.772276255
POLYGON_POINT -97.114882690 37.772276226 -97.114882690 37.772276226
POLYGON_POINT -97.114882711 37.772343081 -97.114882711 37.772343081
POLYGON_POINT -97.114824785 37.772345574 -97.114824785 37.772345574
POLYGON_POINT -97.114770512 37.772338847 -97.114752706 37.772326336
POLYGON_POINT -97.114750588 37.772307548 -97.114750588 37.772307548
POLYGON_POINT -97.114778155 37.772084183 -97.114782903 37.772016622
POLYGON_POINT -97.114774401 37.771891512 -97.114774401 37.771891512
POLYGON_POINT -97.114808400 37.771839315 -97.114834516 37.771822425
POLYGON_POINT -97.114878550 37.771821470 -97.114878550 37.771821470
POLYGON_POINT -97.115214519 37.771810941 -97.115214519 37.771810941
POLYGON_POINT -97.115240064 37.771828290 -97.115248079 37.771837340
POLYGON_POINT -97.115250511 37.771849609 -97.115250511 37.771849609
POLYGON_POINT -97.115251795 37.771968839 -97.115251795 37.771968839
POLYGON_POINT -97.115249206 37.771990051 -97.115243905 37.771996336
POLYGON_POINT -97.115230054 37.772003398 -97.115230054 37.772003398
POLYGON_POINT -97.115189523 37.772005979 -97.115189523 37.772005979
POLYGON_POINT -97.115189784 37.772051207 -97.115189784 37.772051207
POLYGON_POINT -97.115367983 37.772051727 -97.115367983 37.772051727
POLYGON_POINT -97.115363757 37.771848885 -97.115363757 37.771848885
POLYGON_POINT -97.115372005 37.771825617 -97.115380020 37.771817472
POLYGON_POINT -97.115400087 37.771812543 -97.115400087 37.771812543
POLYGON_POINT -97.115903551 37.771811257 -97.115903551 37.771811257
POLYGON_POINT -97.115958224 37.771843328 -97.115958224 37.771843328
POLYGON_POINT -97.116037630 37.771857455 -97.116037630 37.771857455
POLYGON_POINT -97.116118837 37.771839028 -97.116118837 37.771839028
POLYGON_POINT -97.116155881 37.771776764 -97.116155881 37.771776764
POLYGON_POINT -97.116132594 37.771699244 -97.116132594 37.771699244
POLYGON_POINT -97.116042116 37.771663778 -97.116042116 37.771663778
POLYGON_POINT -97.115969917 37.771677236 -97.115969917 37.771677236
POLYGON_POINT -97.115907545 37.771708772 -97.115907545 37.771708772
POLYGON_POINT -97.114871270 37.771737046 -97.114871270 37.771737046
POLYGON_POINT -97.114782072 37.771730091 -97.114758330 37.771718831
POLYGON_POINT -97.114730460 37.771680511 -97.114730460 37.771680511
POLYGON_POINT -97.114527266 37.771156162 -97.114478036 37.770969368
POLYGON_POINT -97.114527266 37.771156162 -97.114527266 37.771156162
POLYGON_POINT -97.114527266 37.771156162 -97.114484963 37.770995651
POLYGON_POINT -97.114452465 37.770623195 -97.114452465 37.770623195
POLYGON_POINT -97.114457670 37.770606758 -97.114467974 37.770601328
POLYGON_POINT -97.114473027 37.770606585 -97.114473027 37.770606585
POLYGON_POINT -97.114720321 37.770791561 -97.114720321 37.770791561
POLYGON_POINT -97.115015741 37.770790667 -97.115015741 37.770790667
POLYGON_POINT -97.115011644 37.770688074 -97.115011644 37.770688074
POLYGON_POINT -97.115247886 37.770617292 -97.115247886 37.770617292
POLYGON_POINT -97.115322102 37.770537496 -97.115318683 37.770505067
POLYGON_POINT -97.115192842 37.770462609 -97.115168911 37.770440989
POLYGON_POINT -97.115090623 37.770372194 -97.115049598 37.770342467
POLYGON_POINT -97.114897158 37.770337962 -97.114849295 37.770319045
POLYGON_POINT -97.114756121 37.770223270 -97.114756121 37.770223270
POLYGON_POINT -97.115892051 37.770230110 -97.115892051 37.770230110
POLYGON_POINT -97.115941141 37.770238788 -97.115954880 37.770246028
POLYGON_POINT -97.115984645 37.770269906 -97.115984645 37.770269906
POLYGON_POINT -97.116045405 37.770284783 -97.116086623 37.770285688
POLYGON_POINT -97.116111179 37.770272912 -97.116111179 37.770272912
POLYGON_POINT -97.116157531 37.770225828 -97.116164401 37.770214062
POLYGON_POINT -97.116161369 37.770174796 -97.116161369 37.770174796
POLYGON_POINT -97.116144808 37.770143044 -97.116144808 37.770129468
POLYGON_POINT -97.116150434 37.770104836 -97.116150434 37.770104836
POLYGON_POINT -97.116268568 37.770006945 -97.116268568 37.770006945
POLYGON_POINT -97.116163490 37.769934115 -97.116163490 37.769934115
POLYGON_POINT -97.116044466 37.770033670 -97.116044466 37.770033670
POLYGON_POINT -97.116061096 37.770049310 -97.116061096 37.770059366
POLYGON_POINT -97.116047501 37.770070284 -97.116047501 37.770070284
POLYGON_POINT -97.116006350 37.770096446 -97.115985741 37.770103686
POLYGON_POINT -97.115963155 37.770102437 -97.115950561 37.770110582
POLYGON_POINT -97.115919989 37.770134554 -97.115906250 37.770141794
POLYGON_POINT -97.115881920 37.770136395 -97.115881920 37.770136395
POLYGON_POINT -97.114529960 37.770139426 -97.114529960 37.770139426
POLYGON_POINT -97.114459221 37.770130581 -97.114427882 37.770114817
POLYGON_POINT -97.114419236 37.770087673 -97.114419236 37.770087673
POLYGON_POINT -97.114432892 37.769927512 -97.114447661 37.769845790
POLYGON_POINT -97.114458494 37.769752474 -97.114458494 37.769752474
POLYGON_POINT -97.114506982 37.769408699 -97.114506982 37.769408699
POLYGON_POINT -97.114651108 37.769043349 -97.114651108 37.769043349
POLYGON_POINT -97.114761599 37.768950462 -97.114806041 37.768961272
POLYGON_POINT -97.114885979 37.769016184 -97.114885979 37.769016184
POLYGON_POINT -97.115158185 37.769014001 -97.115158185 37.769014001
POLYGON_POINT -97.115153112 37.768896489 -97.115153112 37.768896489
POLYGON_POINT -97.115384036 37.768888730 -97.115384036 37.768888730
POLYGON_POINT -97.115389663 37.768762670 -97.115386244 37.768722133
POLYGON_POINT -97.115322465 37.768640512 -97.115301953 37.768597273
POLYGON_POINT -97.115306880 37.768518703 -97.115306880 37.768518703
POLYGON_POINT -97.115414187 37.768523513 -97.115414187 37.768523513
POLYGON_POINT -97.115558160 37.768513988 -97.115558160 37.768513988
POLYGON_POINT -97.115811722 37.768408491 -97.115893769 37.768351739
POLYGON_POINT -97.115964863 37.768106822 -97.115964863 37.768106822
POLYGON_POINT -97.116077177 37.767887802 -97.116155805 37.767855373
POLYGON_POINT -97.116290413 37.767865637 -97.116381576 37.767856629
POLYGON_POINT -97.116427429 37.767817436 -97.116427429 37.767817436
POLYGON_POINT -97.116548796 37.767650212 -97.116548796 37.767650212
POLYGON_POINT -97.116161212 37.767487076 -97.116161212 37.767487076
POLYGON_POINT -97.116042339 37.767680061 -97.116042339 37.767680061
POLYGON_POINT -97.115993553 37.767700667 -97.115958146 37.767700881
POLYGON_POINT -97.115946955 37.767684452 -97.115946955 37.767684452
POLYGON_POINT -97.115915279 37.767585774 -97.115915279 37.767585774
POLYGON_POINT -97.115750749 37.767622236 -97.115750749 37.767622236
POLYGON_POINT -97.115821261 37.767809724 -97.115821261 37.767809724
POLYGON_POINT -97.115865466 37.767939216 -97.115868885 37.768004075
POLYGON_POINT -97.115832529 37.768126546 -97.115832529 37.768126546
POLYGON_POINT -97.115786278 37.768259354 -97.115786278 37.768259354
POLYGON_POINT -97.115706976 37.768316557 -97.115706976 37.768316557
POLYGON_POINT -97.115638955 37.768302470 -97.115638955 37.768302470
POLYGON_POINT -97.115608079 37.768234452 -97.115608079 37.768234452
POLYGON_POINT -97.115709920 37.768049007 -97.115709920 37.768049007
POLYGON_POINT -97.115463522 37.767964555 -97.115463522 37.767964555
POLYGON_POINT -97.115288943 37.768257529 -97.115288943 37.768257529
POLYGON_POINT -97.115424023 37.768293251 -97.115475302 37.768312168
POLYGON_POINT -97.115544954 37.768343065 -97.115544954 37.768343065
POLYGON_POINT -97.115550471 37.768394141 -97.115526541 37.768423868
POLYGON_POINT -97.115484594 37.768421817 -97.115484594 37.768421817
POLYGON_POINT -97.115334579 37.768428228 -97.115334579 37.768428228
POLYGON_POINT -97.115116931 37.768415759 -97.115048083 37.768408252
POLYGON_POINT -97.114957035 37.768389202 -97.114957035 37.768389202
POLYGON_POINT -97.114902744 37.768358897 -97.114877484 37.768337277
POLYGON_POINT -97.114874154 37.768289214 -97.114874154 37.768289214
END_WINDING
BEGIN_WINDING
POLYGON_POINT -97.114441448 37.770483995 -97.114441448 37.770483995
POLYGON_POINT -97.114432150 37.770309096 -97.114432150 37.770305343
POLYGON_POINT -97.114469410 37.770251961 -97.114510628 37.770237625
POLYGON_POINT -97.114647471 37.770242578 -97.114680445 37.770266037
POLYGON_POINT -97.114677015 37.770325466 -97.114677015 37.770325466
POLYGON_POINT -97.114646547 37.770422012 -97.114615222 37.770461110
POLYGON_POINT -97.114539052 37.770492961 -97.114504429 37.770499477
END_WINDING
BEGIN_WINDING
POLYGON_POINT -97.115189425 37.768766237 -97.115189425 37.768766237
POLYGON_POINT -97.114914760 37.768857570 -97.114914760 37.768857570
POLYGON_POINT -97.114822370 37.768848603 -97.114781153 37.768822538
POLYGON_POINT -97.114769547 37.768768426 -97.114769547 37.768768426
POLYGON_POINT -97.114813071 37.768592642 -97.114813071 37.768592642
POLYGON_POINT -97.114875324 37.768510640 -97.114916541 37.768488484
POLYGON_POINT -97.114981234 37.768494427 -97.114981234 37.768494427
POLYGON_POINT -97.115166411 37.768521640 -97.115166411 37.768521640
POLYGON_POINT -97.115198724 37.768538113 -97.115216859 37.768552449
POLYGON_POINT -97.115223388 37.768601712 -97.115231631 37.768636900
POLYGON_POINT -97.115230972 37.768678449 -97.115234269 37.768697998
POLYGON_POINT -97.115263351 37.768733186 -97.115263351 37.768733186
END_WINDING
BEGIN_WINDING
POLYGON_POINT -97.114403617 37.769225791 -97.114403617 37.769225791
POLYGON_POINT -97.114403617 37.769225791 -97.114363774 37.769219275
POLYGON_POINT -97.114376139 37.769137821 -97.114376139 37.769137821
POLYGON_POINT -97.114367893 37.769060052 -97.114351406 37.769017696
POLYGON_POINT -97.114330566 37.768967772 -97.114330566 37.768967772
POLYGON_POINT -97.114344803 37.768912892 -97.114364038 37.768905290
POLYGON_POINT -97.114426973 37.768910835 -97.114464068 37.768915179
POLYGON_POINT -97.114530015 37.768945589 -97.114543754 37.768965138
POLYGON_POINT -97.114531389 37.769032473 -97.114517650 37.769060710
POLYGON_POINT -97.114475060 37.769167144 -97.114453078 37.769202984
POLYGON_POINT -97.114403617 37.769225791 -97.114363774 37.769219275
END_WINDING
BEGIN_WINDING
POLYGON_POINT -97.115487798 37.768230130 -97.115487798 37.768230130
POLYGON_POINT -97.115458736 37.768217564 -97.115458736 37.768217564
POLYGON_POINT -97.115449062 37.768193324 -97.115449062 37.768193324
POLYGON_POINT -97.115462149 37.768170543 -97.115462149 37.768170543
POLYGON_POINT -97.115492622 37.768161212 -97.115492622 37.768161212
POLYGON_POINT -97.115528251 37.768173053 -97.115528251 37.768173053
POLYGON_POINT -97.115538052 37.768196634 -97.115538052 37.768196634
POLYGON_POINT -97.115521186 37.768222064 -97.115521186 37.768222064
END_WINDING
END_POLYGON
BEGIN_POLYGON 0 176 4
BEGIN_WINDING
POLYGON_POINT -97.112172533 37.767107429 -97.112172533 37.767107429
POLYGON_POINT -97.112192175 37.767058196 -97.112205835 37.767039957
POLYGON_POINT -97.112244578 37.767008422 -97.112244578 37.767008422
POLYGON_POINT -97.111991088 37.767008567 -97.111991088 37.767008567
POLYGON_POINT -97.112047251 37.767061607 -97.112062952 37.767076620
POLYGON_POINT -97.112061111 37.767108074 -97.112061111 37.767108074
POLYGON_POINT -97.112102522 37.767545049 -97.112102522 37.767545049
POLYGON_POINT -97.112201531 37.767540712 -97.112201531 37.767540712
END_WINDING
END_POLYGON
BEGIN_POLYGON 0 0 2
BEGIN_WINDING
POLYGON_POINT -97.114720674 37.781517553
POLYGON_POINT -97.113052414 37.781527609
POLYGON_POINT -97.113048056 37.780989548
POLYGON_POINT -97.113159271 37.780991264
POLYGON_POINT -97.113158360 37.780697109
POLYGON_POINT -97.112576048 37.780703563
POLYGON_POINT -97.112578850 37.781001876
POLYGON_POINT -97.112494022 37.781001917
POLYGON_POINT -97.112506543 37.781496538
POLYGON_POINT -97.112194760 37.781558071
POLYGON_POINT -97.112197720 37.781606086
POLYGON_POINT -97.112540617 37.781629403
POLYGON_POINT -97.114725747 37.781616878
POLYGON_POINT -97.115221131 37.781598318
POLYGON_POINT -97.115219605 37.781541310
END_WINDING
END_POLYGON
BEGIN_POLYGON 1 85 2
BEGIN_WINDING
POLYGON_POINT -97.117040259 37.767028592
POLYGON_POINT -97.112150147 37.767036266
POLYGON_POINT -97.112181865 37.767552631
POLYGON_POINT -97.112729688 37.767546454
POLYGON_POINT -97.113997819 37.781524416
POLYGON_POINT -97.117010627 37.781528777
END_WINDING
END_POLYGON
BEGIN_POLYGON 1 0 2
BEGIN_WINDING
POLYGON_POINT -97.110736799 37.768494224
POLYGON_POINT -97.110735953 37.768812298
POLYGON_POINT -97.111023774 37.768814862
POLYGON_POINT -97.111023018 37.768762446
POLYGON_POINT -97.111024853 37.768495152
END_WINDING
END_POLYGON
FILTER -1
FILTER 0
FILTER -1
FILTER 0
FILTER -1
FILTER 0
FILTER -1
FILTER 0
FILTER -1
FILTER 0
OBJECT 0 -97.114259509 37.773803257 234.080002
OBJECT 1 -97.115906435 37.773234681 0.000000
OBJECT 2 -97.114553018 37.770422174 90.000000
OBJECT 2 -97.114614685 37.770330909 126.870003
OBJECT 2 -97.114511392 37.770335649 180.000000
OBJECT 2 -97.113820886 37.769962104 90.000000
OBJECT 2 -97.114082743 37.769423136 0.000000
OBJECT 2 -97.114189303 37.769397866 101.309998
OBJECT 2 -97.114204221 37.769413028 135.000000
OBJECT 2 -97.114505988 37.767736247 270.000000
OBJECT 2 -97.113967582 37.767550182 0.000000
OBJECT 2 -97.113273893 37.767266985 75.959999
OBJECT 2 -97.113468254 37.767182076 0.000000
OBJECT 2 -97.113516844 37.767216444 90.000000
OBJECT 2 -97.113596122 37.767186120 0.000000
OBJECT 2 -97.113662614 37.767216444 126.870003
OBJECT 2 -97.113974614 37.767202293 116.570000
OBJECT 2 -97.114133172 37.767212401 0.000000
OBJECT 2 -97.114301959 37.767210379 0.000000
OBJECT 2 -97.114442614 37.767220487 90.000000
OBJECT 2 -97.114313772 37.767627547 0.000000
OBJECT 2 -97.114196132 37.767568920 0.000000
OBJECT 2 -97.114091279 37.767700326 270.000000
OBJECT 2 -97.113715343 37.767698304 296.570007
OBJECT 2 -97.113986426 37.767633612 0.000000
OBJECT 2 -97.116691839 37.767768443 0.000000
OBJECT 2 -97.116699401 37.767962882 180.000000
OBJECT 2 -97.116635765 37.768130564 198.429993
OBJECT 2 -97.116513797 37.768369511 200.559998
OBJECT 2 -97.116397132 37.768533001 213.690002
OBJECT 2 -97.116333496 37.768889326 180.000000
OBJECT 2 -97.116211528 37.769270803 185.190002
OBJECT 2 -97.116333496 37.769480406 180.000000
OBJECT 2 -97.116619856 37.769543286 90.000000
OBJECT 2 -97.116912534 37.767593981 180.000000
OBJECT 2 -97.116899557 37.767701371 180.000000
OBJECT 2 -97.116918624 37.767814023 180.000000
OBJECT 2 -97.116909449 37.768020766 168.690002
OBJECT 2 -97.116918573 37.768187328 180.000000
OBJECT 2 -97.116920806 37.768427267 180.000000
OBJECT 2 -97.116914958 37.768668169 191.309998
OBJECT 2 -97.116897691 37.768825010 0.000000
OBJECT 2 -97.116904518 37.769022467 180.000000
OBJECT 2 -97.116909957 37.769192951 90.000000
OBJECT 2 -97.115766094 37.769503004 0.000000
OBJECT 2 -97.116911034 37.769317549 0.000000
OBJECT 2 -97.116910133 37.769555574 0.000000
OBJECT 2 -97.116907277 37.769783872 180.000000
OBJECT 2 -97.116924785 37.770040660 180.000000
OBJECT 2 -97.116912795 37.770228270 180.000000
OBJECT 2 -97.116911437 37.770467763 153.440002
OBJECT 2 -97.116928730 37.770654827 158.199997
OBJECT 2 -97.116911566 37.770781580 180.000000
OBJECT 2 -97.116910145 37.770970615 180.000000
OBJECT 2 -97.116919456 37.771113145 0.000000
OBJECT 2 -97.116920686 37.771284337 0.000000
OBJECT 2 -97.116917355 37.771420919 180.000000
OBJECT 2 -97.116912149 37.771534470 0.000000
OBJECT 2 -97.116914275 37.771679072 0.000000
OBJECT 2 -97.116916869 37.771837978 0.000000
OBJECT 2 -97.116922228 37.771991696 0.000000
OBJECT 2 -97.116916925 37.772176146 180.000000
OBJECT 2 -97.116927531 37.772381557 0.000000
OBJECT 2 -97.116916925 37.772591160 180.000000
OBJECT 2 -97.116890408 37.772846875 180.000000
OBJECT 2 -97.116906318 37.773098398 153.440002
OBJECT 2 -97.116922228 37.773236736 90.000000
OBJECT 2 -97.116895711 37.773693670 135.000000
OBJECT 2 -97.116916925 37.773852968 90.000000
OBJECT 2 -97.116879801 37.774104491 153.440002
OBJECT 2 -97.116765446 37.774217063 180.000000
OBJECT 2 -97.116591632 37.774213568 0.000000
OBJECT 2 -97.116360774 37.774205326 180.000000
OBJECT 2 -97.116112649 37.774217911 0.000000
OBJECT 2 -97.115857404 37.774226774 0.000000
OBJECT 2 -97.115541550 37.774229941 0.000000
OBJECT 2 -97.115324691 37.774239273 270.000000
OBJECT 2 -97.115147713 37.774239396 0.000000
OBJECT 2 -97.114969432 37.774235216 270.000000
OBJECT 2 -97.114808924 37.774232754 0.000000
OBJECT 2 -97.114658412 37.774240865 0.000000
OBJECT 2 -97.114436611 37.774243614 180.000000
OBJECT 2 -97.114176158 37.774207651 0.000000
OBJECT 2 -97.113982752 37.774217824 0.000000
OBJECT 3 -97.111773807 37.780247087 0.000000
OBJECT 3 -97.112263672 37.780530857 225.000000
OBJECT 3 -97.111998962 37.780639075 0.000000
OBJECT 3 -97.111658187 37.780475546 315.000000
OBJECT 3 -97.111630803 37.780836271 0.000000
OBJECT 3 -97.111813361 37.780836271 71.559998
OBJECT 3 -97.112090242 37.780848295 0.000000
OBJECT 3 -97.112526031 37.780937667 0.000000
OBJECT 3 -97.112505920 37.780862591 0.000000
OBJECT 3 -97.112523858 37.780765452 0.000000
OBJECT 3 -97.112145255 37.775634070 0.000000
OBJECT 3 -97.112251670 37.776101638 0.000000
OBJECT 3 -97.112154645 37.776180803 0.000000
OBJECT 3 -97.112245410 37.776759697 0.000000
OBJECT 3 -97.112088918 37.776910605 0.000000
OBJECT 3 -97.112210982 37.776987296 0.000000
OBJECT 3 -97.112274080 37.778490640 0.000000
OBJECT 3 -97.112217741 37.778666287 0.000000
OBJECT 3 -97.112214611 37.779282290 0.000000
OBJECT 3 -97.112117582 37.779153647 0.000000
OBJECT 3 -97.111676777 37.779683475 0.000000
OBJECT 3 -97.111798138 37.779662000 0.000000
OBJECT 3 -97.111914064 37.779686338 0.000000
OBJECT 3 -97.112039047 37.779435798 0.000000
OBJECT 3 -97.112199428 37.779816911 0.000000
OBJECT 3 -97.112311129 37.779771575 0.000000
OBJECT 3 -97.112277920 37.779880143 0.000000
OBJECT 3 -97.111971498 37.779883722 0.000000
OBJECT 3 -97.112336790 37.779966042 0.000000
OBJECT 3 -97.112376036 37.780300096 0.000000
OBJECT 3 -97.112411257 37.780459169 0.000000
OBJECT 3 -97.112353603 37.780390817 0.000000
OBJECT 3 -97.112414751 37.780537877 0.000000
OBJECT 3 -97.112426981 37.780635227 0.000000
OBJECT 3 -97.112360564 37.780733057 0.000000
OBJECT 3 -97.112313770 37.780796288 0.000000
OBJECT 3 -97.112416734 37.780817782 0.000000
OBJECT 3 -97.112408867 37.780972860 0.000000
OBJECT 3 -97.112413395 37.781073076 0.000000
OBJECT 3 -97.112300184 37.780910821 0.000000
OBJECT 4 -97.116484879 37.780933044 0.000000
OBJECT 4 -97.115594401 37.781419824 0.000000
OBJECT 4 -97.115274561 37.781475232 270.000000
OBJECT 4 -97.114963484 37.781350565 63.430000
OBJECT 4 -97.114998535 37.781184343 71.559998
OBJECT 4 -97.115186934 37.781139325 79.690002
OBJECT 4 -97.115270180 37.781146251 90.000000
OBJECT 4 -97.115384095 37.781177417 90.000000
OBJECT 4 -97.115489248 37.781215510 90.000000
OBJECT 4 -97.115594401 37.781222436 0.000000
OBJECT 4 -97.115598782 37.780335919 0.000000
OBJECT 4 -97.115581257 37.780180086 0.000000
OBJECT 4 -97.115651359 37.780069271 26.559999
OBJECT 4 -97.115809088 37.780024253 75.959999
OBJECT 4 -97.115887953 37.780017327 90.000000
OBJECT 4 -97.115521144 37.778378798 0.000000
OBJECT 4 -97.115421253 37.778490998 270.000000
OBJECT 4 -97.115316105 37.778515931 270.000000
OBJECT 4 -97.115084778 37.778515931 296.570007
OBJECT 4 -97.114911283 37.778503465 270.000000
OBJECT 4 -97.114795620 37.778478531 303.690002
OBJECT 4 -97.114664760 37.778477199 270.000000
OBJECT 4 -97.114501204 37.778478531 0.000000
OBJECT 4 -97.114976523 37.777335046 0.000000
OBJECT 4 -97.114520885 37.777896045 0.000000
OBJECT 4 -97.114976523 37.777812934 35.540001
OBJECT 4 -97.115020334 37.777632861 0.000000
OBJECT 4 -97.114882666 37.777623708 270.000000
OBJECT 4 -97.114780336 37.777690012 270.000000
OBJECT 4 -97.114630124 37.777682340 270.000000
OBJECT 4 -97.114462407 37.777635921 288.440002
OBJECT 4 -97.114521935 37.776971675 0.000000
OBJECT 4 -97.116015738 37.775860284 153.440002
OBJECT 4 -97.115789381 37.775840083 300.070007
OBJECT 4 -97.115657948 37.775793910 302.470001
OBJECT 4 -97.115566675 37.775718880 327.100006
OBJECT 4 -97.115548420 37.775626534 0.000000
OBJECT 4 -97.115541118 37.775528417 0.000000
OBJECT 4 -97.115573977 37.775387013 0.000000
OBJECT 4 -97.116282255 37.775133063 0.000000
OBJECT 4 -97.116150822 37.775147492 0.000000
OBJECT 4 -97.115979229 37.775170578 270.000000
OBJECT 4 -97.115749221 37.775208093 0.000000
OBJECT 4 -97.115610486 37.775208093 277.130005
OBJECT 4 -97.115515562 37.775040717 338.200012
OBJECT 4 -97.115497307 37.774959915 0.000000
OBJECT 4 -97.115490006 37.774815625 8.130000
OBJECT 4 -97.115493656 37.774723279 0.000000
OBJECT 4 -97.115588580 37.774798310 0.000000
OBJECT 4 -97.115639693 37.774665564 0.000000
OBJECT 3 -97.116689733 37.774616473 0.000000
OBJECT 3 -97.115781279 37.774573388 63.430000
OBJECT 3 -97.115754762 37.775006091 45.000000
OBJECT 3 -97.116836899 37.775733312 90.000000
OBJECT 3 -97.116810612 37.775283128 0.000000
OBJECT 3 -97.116306784 37.775355850 0.000000
OBJECT 3 -97.115956294 37.775702146 63.430000
OBJECT 3 -97.115925626 37.775445887 0.000000
OBJECT 3 -97.115868672 37.775331609 0.000000
OBJECT 3 -97.114914452 37.776015014 0.000000
OBJECT 3 -97.114875021 37.775938829 90.000000
OBJECT 3 -97.116145562 37.776226254 0.000000
OBJECT 3 -97.115685539 37.776184699 90.000000
OBJECT 3 -97.115821355 37.776537921 153.440002
OBJECT 3 -97.115523435 37.776392476 0.000000
OBJECT 3 -97.115326282 37.776430569 270.000000
OBJECT 3 -97.115072174 37.776413254 0.000000
OBJECT 3 -97.114743586 37.776475587 0.000000
OBJECT 3 -97.115418979 37.777177249 0.000000
OBJECT 3 -97.116743849 37.776698530 0.000000
OBJECT 3 -97.116371623 37.776698530 270.000000
OBJECT 3 -97.116005707 37.776743410 0.000000
OBJECT 3 -97.116213901 37.777242075 135.000000
OBJECT 3 -97.116112958 37.777341809 0.000000
OBJECT 3 -97.115941247 37.778021679 26.559999
OBJECT 3 -97.116153008 37.778114025 0.000000
OBJECT 3 -97.115374279 37.779743622 90.000000
OBJECT 3 -97.114976810 37.779603995 0.000000
OBJECT 3 -97.114749684 37.780182448 0.000000
OBJECT 3 -97.114768611 37.781005246 90.000000
OBJECT 3 -97.116737033 37.781324392 0.000000
OBJECT 3 -97.116099819 37.781259566 0.000000
OBJECT 3 -97.110320199 37.779147223 0.000000
OBJECT 3 -97.110467685 37.778785869 0.000000
OBJECT 3 -97.110815299 37.778456168 0.000000
OBJECT 4 -97.110418827 37.778218794 116.570000
OBJECT 4 -97.110477143 37.778246850 0.000000
OBJECT 4 -97.110608986 37.778292943 90.000000
OBJECT 4 -97.110707868 37.778331019 113.199997
OBJECT 4 -97.110745900 37.778343043 90.000000
OBJECT 3 -97.111090630 37.778024310 180.000000
OBJECT 5 -97.111651526 37.779219413 0.000000
OBJECT 5 -97.111699700 37.779123220 26.559999
OBJECT 5 -97.111821404 37.779109192 0.000000
OBJECT 5 -97.108905474 37.778671530 18.430000
OBJECT 5 -97.108934682 37.778518583 0.000000
OBJECT 5 -97.108960239 37.778440666 8.130000
OBJECT 5 -97.108982146 37.778342549 0.000000
OBJECT 5 -97.107983982 37.777975859 0.000000
OBJECT 5 -97.108001730 37.777869646 0.000000
OBJECT 5 -97.108006801 37.777727360 0.000000
OBJECT 5 -97.107991588 37.777647199 0.000000
OBJECT 5 -97.107987134 37.777517687 45.000000
OBJECT 5 -97.107992025 37.777420076 0.000000
OBJECT 5 -97.107982244 37.777324398 0.000000
OBJECT 5 -97.107974337 37.777227250 0.000000
OBJECT 5 -97.107995465 37.777108678 348.690002
OBJECT 5 -97.107978562 37.777010147 0.000000
OBJECT 5 -97.107972224 37.776904936 0.000000
OBJECT 5 -97.107977550 37.776803931 0.000000
OBJECT 5 -97.107988959 37.776696449 0.000000
OBJECT 5 -97.107974654 37.776416263 0.000000
OBJECT 5 -97.107980963 37.776261677 18.430000
OBJECT 5 -97.107949420 37.776092130 26.559999
OBJECT 5 -97.107958480 37.775876061 0.000000
OBJECT 5 -97.107943268 37.775681270 4.640000
OBJECT 5 -97.107928056 37.775508122 0.000000
OBJECT 5 -97.107949352 37.775318140 10.010000
OBJECT 5 -97.107925013 37.775152207 0.000000
OBJECT 5 -97.107937183 37.774983869 20.559999
OBJECT 5 -97.107952395 37.774832364 0.000000
OBJECT 5 -97.107949352 37.774685670 350.540009
OBJECT 5 -97.107958480 37.774529356 45.000000
OBJECT 5 -97.107982819 37.774437972 45.000000
OBJECT 5 -97.108416040 37.776353215 90.000000
OBJECT 5 -97.108573233 37.775934374 308.660004
OBJECT 5 -97.108692395 37.775866237 59.040001
OBJECT 5 -97.108432473 37.774930255 0.000000
OBJECT 5 -97.108489250 37.774775668 26.559999
OBJECT 5 -97.109579381 37.774451171 90.000000
OBJECT 5 -97.108735216 37.774450378 0.000000
OBJECT 5 -97.109113584 37.774425555 78.690002
OBJECT 5 -97.109376446 37.774425555 71.559998
OBJECT 5 -97.109753214 37.774453259 90.000000
OBJECT 5 -97.109985409 37.774453259 0.000000
OBJECT 5 -97.110405987 37.774422092 0.000000
OBJECT 5 -97.110655706 37.774401315 90.000000
OBJECT 5 -97.110410486 37.776017204 90.000000
OBJECT 5 -97.110558383 37.775870242 45.939999
OBJECT 5 -97.110659798 37.775790081 38.160000
OBJECT 5 -97.110763327 37.775729961 71.559998
OBJECT 5 -97.110900660 37.775659820 41.990002
OBJECT 5 -97.110993624 37.775626419 0.000000
OBJECT 5 -97.111139409 37.775549598 0.000000
OBJECT 5 -97.111739361 37.777388625 71.559998
OBJECT 5 -97.111846765 37.777420634 180.000000
OBJECT 5 -97.111927759 37.777332958 41.189999
OBJECT 5 -97.111631465 37.778322169 0.000000
OBJECT 5 -97.111694851 37.778492511 0.000000
OBJECT 5 -97.111821623 37.778480487 75.959999
OBJECT 5 -97.111925577 37.778486499 68.199997
OBJECT 5 -97.112075168 37.778490507 90.000000
OBJECT 5 -97.112158838 37.778494515 0.000000
OBJECT 5 -97.112118492 37.777850450 0.000000
OBJECT 5 -97.111971413 37.777906819 0.000000
OBJECT 5 -97.111851683 37.777945786 0.000000
OBJECT 5 -97.111738996 37.777976403 0.000000
OBJECT 5 -97.111650960 37.777995887 270.000000
OBJECT 5 -97.111540034 37.778037637 0.000000
OBJECT 3 -97.110335820 37.774781751 0.000000
OBJECT 3 -97.110730112 37.775255483 0.000000
OBJECT 3 -97.111092701 37.775992535 0.000000
OBJECT 3 -97.111571886 37.775764076 0.000000
OBJECT 3 -97.111313279 37.775635818 20.850000
OBJECT 3 -97.111432441 37.775251045 0.000000
OBJECT 3 -97.111348774 37.775363271 0.000000
OBJECT 3 -97.111356380 37.774874288 0.000000
OBJECT 3 -97.110364356 37.777468703 0.000000
OBJECT 3 -97.110716833 37.777823374 0.000000
OBJECT 3 -97.110836337 37.781350967 90.000000
OBJECT 3 -97.109728889 37.781071597 0.000000
OBJECT 3 -97.109804753 37.781341034 0.000000
OBJECT 3 -97.108945402 37.781300923 0.000000
OBJECT 3 -97.108627834 37.781368884 90.000000
OBJECT 3 -97.108080155 37.781422993 0.000000
OBJECT 3 -97.108087928 37.781369413 0.000000
OBJECT 3 -97.108431475 37.780837448 0.000000
OBJECT 3 -97.109189194 37.780576611 0.000000
OBJECT 3 -97.108717590 37.780343342 0.000000
OBJECT 3 -97.108900146 37.779989832 53.130001
OBJECT 3 -97.108757144 37.780122098 270.000000
OBJECT 3 -97.109107044 37.780134122 0.000000
OBJECT 3 -97.108761234 37.779773620 0.000000
OBJECT 3 -97.108779489 37.779612497 0.000000
OBJECT 3 -97.109223705 37.779359989 90.000000
OBJECT 3 -97.108393266 37.779501859 0.000000
OBJECT 3 -97.108130393 37.779456841 0.000000
OBJECT 3 -97.108529084 37.779377193 71.559998
OBJECT 3 -97.108607946 37.778989341 33.689999
OBJECT 3 -97.108274973 37.778902767 0.000000
OBJECT 3 -97.108130393 37.778719231 33.689999
OBJECT 3 -97.108336310 37.778598027 0.000000
OBJECT 3 -97.108511559 37.778712305 0.000000
OBJECT 3 -97.108393266 37.778456046 45.000000
OBJECT 3 -97.108086581 37.778206713 0.000000
OBJECT 3 -97.108340691 37.778109750 32.470001
OBJECT 3 -97.108108487 37.777950454 315.000000
OBJECT 3 -97.108450222 37.777496807 13.390000
OBJECT 3 -97.108539539 37.777123822 0.000000
OBJECT 3 -97.108460678 37.777281732 135.000000
OBJECT 3 -97.110071970 37.777784207 0.000000
OBJECT 3 -97.109904630 37.777779398 90.000000
OBJECT 3 -97.109536482 37.778094431 0.000000
OBJECT 3 -97.109813354 37.778221887 71.559998
OBJECT 3 -97.109779886 37.778099240 333.440002
OBJECT 3 -97.110071970 37.777911663 146.309998
OBJECT 3 -97.109554738 37.777654347 0.000000
OBJECT 3 -97.109537382 37.777018200 0.000000
OBJECT 3 -97.110152227 37.776749351 270.000000
OBJECT 3 -97.111512736 37.777111263 0.000000
OBJECT 3 -97.111998238 37.778405528 0.000000
OBJECT 3 -97.111998238 37.778614967 180.000000
OBJECT 3 -97.111733261 37.779268220 90.000000
OBJECT 3 -97.111947766 37.779193420 90.000000
OBJECT 3 -97.111002619 37.778948958 0.000000
OBJECT 3 -97.110054448 37.780163664 0.000000
OBJECT 3 -97.110379993 37.780049968 90.000000
OBJECT 3 -97.110349710 37.779882416 0.000000
OBJECT 3 -97.110349710 37.779690928 0.000000
OBJECT 3 -97.110311855 37.779355825 0.000000
OBJECT 3 -97.111225515 37.780099779 0.000000
OBJECT 3 -97.111256184 37.781377610 53.130001
OBJECT 3 -97.111190464 37.780764667 0.000000
OBJECT 3 -97.110782999 37.780553426 90.000000
OBJECT 3 -97.111120363 37.780910111 206.559998
OBJECT 3 -97.110388678 37.780560352 180.000000
OBJECT 3 -97.110379915 37.780629611 0.000000
OBJECT 3 -97.110322958 37.780716185 0.000000
OBJECT 3 -97.110388678 37.780778518 116.570000
OBJECT 3 -97.110134560 37.781471110 0.000000
OBJECT 3 -97.110410585 37.781471110 0.000000
OBJECT 3 -97.110436873 37.781249481 0.000000
OBJECT 3 -97.111411276 37.769037705 0.000000
OBJECT 3 -97.111420112 37.769173761 0.000000
OBJECT 3 -97.111441090 37.769294091 0.000000
OBJECT 3 -97.111447909 37.771539748 0.000000
OBJECT 3 -97.111436019 37.771405041 0.000000
OBJECT 3 -97.111463761 37.771129360 0.000000
OBJECT 3 -97.111511317 37.770675114 0.000000
OBJECT 3 -97.111444808 37.770571778 0.000000
OBJECT 3 -97.111458568 37.770482945 0.000000
OBJECT 3 -97.111444808 37.770361479 0.000000
OBJECT 3 -97.111453981 37.770172935 0.000000
OBJECT 3 -97.111474622 37.770085914 0.000000
OBJECT 3 -97.111476916 37.769897370 0.000000
OBJECT 3 -97.111481502 37.769774092 0.000000
OBJECT 3 -97.111460862 37.769665316 0.000000
OBJECT 3 -97.111472329 37.769561980 0.000000
OBJECT 3 -97.111456106 37.769476552 0.000000
OBJECT 3 -97.111447439 37.769373395 0.000000
OBJECT 3 -97.111422630 37.771698694 0.000000
OBJECT 3 -97.111399743 37.772374655 0.000000
OBJECT 3 -97.111399743 37.772273132 0.000000
OBJECT 3 -97.111385982 37.772167982 0.000000
OBJECT 3 -97.111960286 37.774856856 0.000000
OBJECT 3 -97.111964250 37.775104342 0.000000
OBJECT 3 -97.112102964 37.775044820 0.000000
OBJECT 3 -97.112095037 37.775179528 0.000000
OBJECT 3 -97.111976140 37.775552323 0.000000
OBJECT 3 -97.112130268 37.775134625 0.000000
OBJECT 6 -97.116811122 37.773518695 89.699997
OBJECT 6 -97.116811658 37.773425040 270.950012
OBJECT 6 -97.112119133 37.767149682 0.000000
OBJECT 7 -97.110458280 37.778573879 112.300003
OBJECT 8 -97.110265081 37.778731945 116.120003
OBJECT 9 -97.110871704 37.768626916 0.000000
OBJECT 10 -97.111572864 37.768667981 0.000000
OBJECT 11 -97.113015068 37.780698459 359.660004
OBJECT 12 -97.112811202 37.778101075 357.059998
OBJECT 13 -97.112659906 37.776010947 356.420013
OBJECT 13 -97.112726714 37.776826146 356.420013
OBJECT 13 -97.112830289 37.779257851 358.440002
OBJECT 14 -97.112103718 37.772823025 267.489990
OBJECT 14 -97.112090844 37.772636644 267.489990
OBJECT 14 -97.112076811 37.772450813 267.489990
OBJECT 15 -97.111940550 37.769998377 176.309998
OBJECT 14 -97.111884785 37.768948303 265.920013
OBJECT 14 -97.111901235 37.769163959 265.920013
OBJECT 14 -97.111920913 37.769368777 265.920013
OBJECT 14 -97.111942894 37.769565867 265.920013
OBJECT 14 -97.111968051 37.770427154 265.920013
OBJECT 14 -97.111985448 37.770624262 265.920013
OBJECT 14 -97.112005744 37.770819077 265.920013
OBJECT 14 -97.112023140 37.771013892 265.920013
OBJECT 14 -97.111459600 37.772619297 270.820007
OBJECT 14 -97.111462246 37.772828867 270.820007
OBJECT 14 -97.111461498 37.773037172 270.820007
OBJECT 14 -97.111462476 37.773247108 270.820007
OBJECT 14 -97.111467717 37.773456319 270.820007
OBJECT 14 -97.112473059 37.774676534 267.760010
OBJECT 14 -97.112491744 37.774959446 267.760010
OBJECT 14 -97.112513894 37.775204982 267.760010
OBJECT 14 -97.112523793 37.775450968 267.760010
OBJECT 14 -97.112540439 37.775685787 267.760010
OBJECT 14 -97.111476631 37.773868815 270.820007
OBJECT 14 -97.111470743 37.773663235 270.820007
OBJECT 14 -97.111155813 37.768610055 180.160004
OBJECT 14 -97.111385225 37.767359514 359.549988
OBJECT 14 -97.110805897 37.767356407 0.000000
OBJECT 14 -97.111149531 37.768092591 0.000000
OBJECT 16 -97.112216929 37.771302343 86.080002
OBJECT 16 -97.112296150 37.773120075 86.820000
OBJECT 16 -97.112318366 37.773516105 86.820000
OBJECT 16 -97.112339857 37.773906142 86.820000
OBJECT 15 -97.112753855 37.777790724 176.500000
OBJECT 14 -97.112921439 37.780360640 270.119995
OBJECT 14 -97.112777751 37.780360309 270.140015
OBJECT 17 -97.112519790 37.781139279 178.990005
OBJECT 18 -97.112767486 37.781288795 179.389999
OBJECT 19 -97.113041926 37.781001297 0.000000
OBJECT 20 -97.113854400 37.769151728 15.090000
OBJECT 14 -97.114152777 37.773255694 89.330002
OBJECT 21 -97.114349514 37.772167788 270.950012
OBJECT 22 -97.116855390 37.773471735 0.000000
OBJECT 11 -97.113807194 37.769803191 270.459991
OBJECT 11 -97.113923278 37.769803191 270.459991
OBJECT 23 -97.113646638 37.767320126 269.880005
OBJECT 20 -97.113567662 37.767502663 270.000000
OBJECT 24 -97.114301492 37.773076855 270.000000
OBJECT 25 -97.113981200 37.769603985 270.510010
OBJECT 9 -97.114861479 37.770742275 269.700012
OBJECT 0 -97.114809530 37.770592774 180.250000
OBJECT 14 -97.115116579 37.770631317 158.149994
OBJECT 14 -97.115024880 37.769130966 179.440002
OBJECT 0 -97.115061322 37.768745468 331.790009
OBJECT 25 -97.115471701 37.768027866 293.200012
OBJECT 26 -97.115189353 37.772379586 359.420013
OBJECT 8 -97.115279656 37.772087194 180.649994
OBJECT 27 -97.114006079 37.772604324 177.500000
OBJECT 28 -97.114407322 37.772666256 178.309998
OBJECT 29 -97.115076301 37.775565749 180.520004
OBJECT 21 -97.115275633 37.775056507 89.839996
OBJECT 21 -97.115276562 37.775326617 90.199997
OBJECT 30 -97.114608406 37.774741568 0.000000
OBJECT 11 -97.114859114 37.774738132 180.000000
OBJECT 9 -97.114762492 37.775614163 0.000000
OBJECT 24 -97.114184918 37.769038018 197.639999
OBJECT 28 -97.115823442 37.767570804 342.190002
OBJECT 31 -97.116345202 37.767720007 29.740000
OBJECT 9 -97.114476391 37.774658366 0.000000
OBJECT 30 -97.116213837 37.769969495 43.049999
OBJECT 14 -97.116250472 37.767543357 26.750000
OBJECT 9 -97.112159050 37.775794114 89.760002
OBJECT 9 -97.108861687 37.781139008 271.399994
OBJECT 9 -97.112064522 37.781125152 28.240000
OBJECT 32 -97.112096636 37.778990824 270.510010
OBJECT 24 -97.111958246 37.781362215 0.000000
OBJECT 33 -97.112117793 37.779507730 0.000000
OBJECT 34 -97.112124900 37.780134602 13.390000
OBJECT 32 -97.112119331 37.780409860 90.470001
OBJECT 32 -97.112034985 37.778990824 90.470001
OBJECT 35 -97.111796198 37.780584197 90.000000
OBJECT 25 -97.111891349 37.778851359 0.000000
OBJECT 36 -97.111546807 37.777731862 81.029999
OBJECT 7 -97.111926348 37.777761741 172.970001
OBJECT 37 -97.111847918 37.777144919 198.250000
OBJECT 7 -97.112186638 37.776363512 89.639999
OBJECT 38 -97.112095024 37.776661129 223.250000
OBJECT 39 -97.112064977 37.775912858 91.400002
OBJECT 25 -97.111276451 37.776089814 219.449997
OBJECT 40 -97.111741630 37.775916918 0.000000
OBJECT 32 -97.111160270 37.775803525 315.000000
OBJECT 41 -97.112137310 37.778233855 0.000000
OBJECT 41 -97.112137287 37.778262718 0.000000
OBJECT 42 -97.111821609 37.778242586 274.649994
OBJECT 9 -97.110738309 37.778077238 127.260002
OBJECT 40 -97.106894263 37.776052364 251.559998
OBJECT 43 -97.116615253 37.780657094 89.250000
OBJECT 39 -97.115257366 37.778033738 332.429993
OBJECT 23 -97.114827704 37.779811012 272.559998
OBJECT 8 -97.116489995 37.778054900 259.540009
OBJECT 44 -97.115116733 37.778353168 180.429993
OBJECT 44 -97.115246509 37.778810921 15.150000
OBJECT 25 -97.115025173 37.779149659 208.580002
OBJECT 44 -97.116212084 37.779735904 225.699997
OBJECT 8 -97.116438159 37.779853959 138.279999
OBJECT 40 -97.116488489 37.779111002 333.670013
OBJECT 25 -97.116496493 37.781178612 45.959999
OBJECT 25 -97.111810551 37.779983880 106.080002
OBJECT 45 -97.111718534 37.779517580 89.209999
OBJECT 45 -97.111068427 37.778763453 273.010010
OBJECT 14 -97.110846347 37.779232128 270.000000
OBJECT 26 -97.111758027 37.781034904 270.000000
OBJECT 8 -97.116452432 37.777289280 270.000000
OBJECT 44 -97.115186299 37.777429726 244.800003
OBJECT 25 -97.115252373 37.777317421 335.049988
OBJECT 39 -97.116381832 37.775642003 37.410000
OBJECT 46 -97.116597730 37.776509120 223.410004
OBJECT 14 -97.116074758 37.776935920 90.470001
OBJECT 14 -97.116199408 37.778374829 270.000000
OBJECT 14 -97.110629458 37.781003542 270.000000
OBJECT 40 -97.110923035 37.779522483 271.640015
OBJECT 47 -97.111046191 37.780619143 271.190002
OBJECT 25 -97.110920675 37.779948954 183.199997
OBJECT 7 -97.110598488 37.779793489 270.000000
OBJECT 48 -97.110874830 37.777879479 215.029999
OBJECT 40 -97.111115638 37.778289098 271.179993
OBJECT 7 -97.111047126 37.778562724 271.570007
OBJECT 7 -97.111044531 37.778635529 271.570007
OBJECT 7 -97.110669481 37.779793489 270.000000
OBJECT 38 -97.111101198 37.781085646 229.559998
OBJECT 42 -97.109997307 37.777288780 126.129997
OBJECT 49 -97.109166673 37.781186619 207.710007
OBJECT 47 -97.109068369 37.780817702 271.559998
OBJECT 25 -97.109074058 37.779836680 179.389999
OBJECT 8 -97.109068833 37.780397265 267.910004
OBJECT 38 -97.110146213 37.777503540 218.729996
OBJECT 40 -97.109696954 37.777941881 302.450012
OBJECT 7 -97.109172212 37.778364969 5.590000
OBJECT 25 -97.109246783 37.778564613 55.090000
OBJECT 39 -97.109105068 37.779090086 162.809998
OBJECT 44 -97.108945490 37.779751412 270.299988
OBJECT 44 -97.108811838 37.780483206 270.299988
OBJECT 44 -97.108811838 37.781362828 270.299988
OBJECT 25 -97.108194641 37.779012933 136.910004
OBJECT 38 -97.108147241 37.778473427 32.380001
OBJECT 33 -97.110465374 37.775488917 318.920013
OBJECT 50 -97.111016975 37.774969352 97.050003
OBJECT 25 -97.110460452 37.775326614 26.150000
OBJECT 7 -97.108117564 37.775711437 269.480011
OBJECT 7 -97.110972822 37.775115173 140.130005
OBJECT 51 -97.111528116 37.774643406 91.660004
OBJECT 28 -97.111536434 37.774484808 92.250000
OBJECT 30 -97.109497278 37.775269434 321.519989
OBJECT 24 -97.109776185 37.775532145 137.889999
OBJECT 37 -97.109836763 37.774789435 47.270000
OBJECT 44 -97.111011647 37.776379449 304.880005
OBJECT 44 -97.111068160 37.776410640 304.880005
OBJECT 1 -97.111077504 37.776515909 215.039993
OBJECT 25 -97.108378537 37.776171228 18.969999
OBJECT 42 -97.109205717 37.776282021 337.010010
OBJECT 47 -97.109268471 37.776081773 66.629997
OBJECT 41 -97.110921501 37.776700687 306.279999
OBJECT 52 -97.108268212 37.777091639 132.770004
OBJECT 53 -97.109351721 37.776985465 205.509995
OBJECT 40 -97.108771489 37.776887400 200.350006
OBJECT 52 -97.108640257 37.775257036 32.570000
OBJECT 24 -97.108196717 37.775169772 334.899994
OBJECT 42 -97.108949417 37.774873123 120.779999
OBJECT 49 -97.110641086 37.777081552 308.140015
OBJECT 9 -97.110847486 37.776646933 37.759998
OBJECT 9 -97.109332631 37.775107576 52.299999
OBJECT 9 -97.108059576 37.774978044 332.730011
BEGIN_POLYGON 2 10 3
BEGIN_WINDING
POLYGON_POINT -97.112059008 37.767149804 0.000000000
POLYGON_POINT -97.110618139 37.767146191 0.000000000
POLYGON_POINT -97.110613165 37.768885700 0.000000000
POLYGON_POINT -97.111564198 37.768901437 0.000000000
POLYGON_POINT -97.111525849 37.772438727 0.000000000
POLYGON_POINT -97.111311099 37.772436522 0.000000000
POLYGON_POINT -97.111307704 37.773985003 0.000000000
POLYGON_POINT -97.111409969 37.773986840 0.000000000
POLYGON_POINT -97.111397563 37.774258134 0.000000000
POLYGON_POINT -97.112308444 37.774284800 0.000000000
POLYGON_POINT -97.112291747 37.774361960 0.000000000
POLYGON_POINT -97.112297182 37.774559313 0.000000000
POLYGON_POINT -97.112501889 37.781487294 0.000000000
END_WINDING
END_POLYGON
BEGIN_POLYGON 2 10 3
BEGIN_WINDING
POLYGON_POINT -97.114746428 37.767165644 0.000000000
POLYGON_POINT -97.112179198 37.767149741 0.000000000
END_WINDING
END_POLYGON
BEGIN_POLYGON 2 10 3
BEGIN_WINDING
POLYGON_POINT -97.116812349 37.773377731 0.000000000
POLYGON_POINT -97.116826362 37.767168466 0.000000000
POLYGON_POINT -97.114874200 37.767167585 0.000000000
END_WINDING
END_POLYGON
BEGIN_POLYGON 2 10 3
BEGIN_WINDING
POLYGON_POINT -97.114456615 37.781472056 0.000000000
POLYGON_POINT -97.114510522 37.781474322 0.000000000
POLYGON_POINT -97.113911103 37.775433055 0.000000000
POLYGON_POINT -97.114283809 37.775430517 0.000000000
POLYGON_POINT -97.114281111 37.775261762 0.000000000
END_WINDING
END_POLYGON
BEGIN_POLYGON 2 10 3
BEGIN_WINDING
POLYGON_POINT -97.114272551 37.775072507 0.000000000
POLYGON_POINT -97.114256429 37.774165157 0.000000000
POLYGON_POINT -97.116802072 37.774154108 0.000000000
POLYGON_POINT -97.116811284 37.773565241 0.000000000
END_WINDING
END_POLYGON
BEGIN_POLYGON 3 10 3
BEGIN_WINDING
POLYGON_POINT -97.110924869 37.767467800 0.000000000
POLYGON_POINT -97.110924490 37.767437462 10.000000000
POLYGON_POINT -97.110924115 37.767418254 0.000000000
POLYGON_POINT -97.110919901 37.767257094 0.000000000
POLYGON_POINT -97.110919147 37.767227538 0.000000000
POLYGON_POINT -97.110877213 37.767227710 9.000000000
POLYGON_POINT -97.110840625 37.767227860 0.000000000
POLYGON_POINT -97.110828852 37.767227908 0.000000000
POLYGON_POINT -97.110770189 37.767228149 0.000000000
POLYGON_POINT -97.110756436 37.767228205 9.000000000
POLYGON_POINT -97.110720561 37.767228352 0.000000000
POLYGON_POINT -97.110683404 37.767228504 0.000000000
POLYGON_POINT -97.110683510 37.767250154 10.000000000
POLYGON_POINT -97.110683631 37.767275346 0.000000000
POLYGON_POINT -97.110684573 37.767468867 0.000000000
END_WINDING
END_POLYGON
BEGIN_POLYGON 3 10 3
BEGIN_WINDING
POLYGON_POINT -97.112072967 37.769459933 0.000000000
POLYGON_POINT -97.112034677 37.769462026 10.000000000
POLYGON_POINT -97.112010443 37.769463457 0.000000000
POLYGON_POINT -97.111807172 37.769476309 0.000000000
POLYGON_POINT -97.111769893 37.769478651 0.000000000
POLYGON_POINT -97.111772589 37.769511732 9.000000000
POLYGON_POINT -97.111774941 37.769540596 0.000000000
POLYGON_POINT -97.111775698 37.769549883 0.000000000
POLYGON_POINT -97.111779470 37.769596161 0.000000000
POLYGON_POINT -97.111780354 37.769607011 9.000000000
POLYGON_POINT -97.111782660 37.769635312 0.000000000
POLYGON_POINT -97.111785049 37.769664624 0.000000000
POLYGON_POINT -97.111812383 37.769663261 10.000000000
POLYGON_POINT -97.111844189 37.769661676 0.000000000
POLYGON_POINT -97.112088520 37.769649493 0.000000000
END_WINDING
END_POLYGON
BEGIN_POLYGON 4 10 3
BEGIN_WINDING
POLYGON_POINT -97.110926204 37.767471710 0.000000000
POLYGON_POINT -97.110926160 37.767455471 4.000000000
POLYGON_POINT -97.110925626 37.767259212 0.000000000
POLYGON_POINT -97.110925546 37.767229562 0.000000000
POLYGON_POINT -97.110886441 37.767229067 4.000000000
POLYGON_POINT -97.110718391 37.767226938 0.000000000
POLYGON_POINT -97.110686938 37.767226540 0.000000000
POLYGON_POINT -97.110686403 37.767251546 4.000000000
POLYGON_POINT -97.110682450 37.767454002 0.000000000
POLYGON_POINT -97.110682135 37.767469947 0.000000000
POLYGON_POINT -97.110702716 37.767469980 4.000000000
POLYGON_POINT -97.110724562 37.767470234 0.000000000
POLYGON_POINT -97.110878248 37.767471364 4.000000000
POLYGON_POINT -97.110904197 37.767471552 0.000000000
END_WINDING
END_POLYGON
BEGIN_POLYGON 4 10 3
BEGIN_WINDING
POLYGON_POINT -97.112077276 37.769457816 0.000000000
POLYGON_POINT -97.112056798 37.769459115 4.000000000
POLYGON_POINT -97.111809315 37.769474815 0.000000000
POLYGON_POINT -97.111771926 37.769477187 0.000000000
POLYGON_POINT -97.111774346 37.769508044 4.000000000
POLYGON_POINT -97.111784745 37.769640651 0.000000000
POLYGON_POINT -97.111786692 37.769665470 0.000000000
POLYGON_POINT -97.111818272 37.769663945 4.000000000
POLYGON_POINT -97.112073920 37.769651298 0.000000000
POLYGON_POINT -97.112094054 37.769650305 0.000000000
POLYGON_POINT -97.112092493 37.769634083 4.000000000
POLYGON_POINT -97.112091113 37.769616846 0.000000000
POLYGON_POINT -97.112080573 37.769495637 4.000000000
POLYGON_POINT -97.112078789 37.769475172 0.000000000
END_WINDING
END_POLYGON
BEGIN_POLYGON 3 10 3
BEGIN_WINDING
POLYGON_POINT -97.112055361 37.769262777 0.000000000
POLYGON_POINT -97.112017072 37.769264871 10.000000000
POLYGON_POINT -97.111992838 37.769266302 0.000000000
POLYGON_POINT -97.111789568 37.769279153 0.000000000
POLYGON_POINT -97.111752288 37.769281496 0.000000000
POLYGON_POINT -97.111754984 37.769314577 9.000000000
POLYGON_POINT -97.111757337 37.769343441 0.000000000
POLYGON_POINT -97.111758094 37.769352727 0.000000000
POLYGON_POINT -97.111761865 37.769399006 0.000000000
POLYGON_POINT -97.111762749 37.769409855 9.000000000
POLYGON_POINT -97.111765056 37.769438156 0.000000000
POLYGON_POINT -97.111767445 37.769467469 0.000000000
POLYGON_POINT -97.111794778 37.769466106 10.000000000
POLYGON_POINT -97.111826584 37.769464520 0.000000000
POLYGON_POINT -97.112070915 37.769452338 0.000000000
END_WINDING
END_POLYGON
BEGIN_POLYGON 4 10 3
BEGIN_WINDING
POLYGON_POINT -97.112056136 37.769261004 0.000000000
POLYGON_POINT -97.112035658 37.769262304 4.000000000
POLYGON_POINT -97.111788175 37.769278004 0.000000000
POLYGON_POINT -97.111750786 37.769280376 0.000000000
POLYGON_POINT -97.111753206 37.769311232 4.000000000
POLYGON_POINT -97.111763606 37.769443840 0.000000000
POLYGON_POINT -97.111765552 37.769468658 0.000000000
POLYGON_POINT -97.111797133 37.769467133 4.000000000
POLYGON_POINT -97.112052779 37.769454487 0.000000000
POLYGON_POINT -97.112072914 37.769453494 0.000000000
POLYGON_POINT -97.112071353 37.769437272 4.000000000
POLYGON_POINT -97.112069972 37.769420034 0.000000000
POLYGON_POINT -97.112059433 37.769298825 4.000000000
POLYGON_POINT -97.112057649 37.769278361 0.000000000
END_WINDING
END_POLYGON
BEGIN_POLYGON 3 10 3
BEGIN_WINDING
POLYGON_POINT -97.112033761 37.769059789 0.000000000
POLYGON_POINT -97.111995471 37.769061883 10.000000000
POLYGON_POINT -97.111971238 37.769063313 0.000000000
POLYGON_POINT -97.111767968 37.769076165 0.000000000
POLYGON_POINT -97.111730689 37.769078507 0.000000000
POLYGON_POINT -97.111733385 37.769111588 9.000000000
POLYGON_POINT -97.111735737 37.769140452 0.000000000
POLYGON_POINT -97.111736494 37.769149739 0.000000000
POLYGON_POINT -97.111740266 37.769196017 0.000000000
POLYGON_POINT -97.111741150 37.769206867 9.000000000
POLYGON_POINT -97.111743456 37.769235168 0.000000000
POLYGON_POINT -97.111745845 37.769264481 0.000000000
POLYGON_POINT -97.111773178 37.769263118 10.000000000
POLYGON_POINT -97.111804984 37.769261532 0.000000000
POLYGON_POINT -97.112049314 37.769249349 0.000000000
END_WINDING
END_POLYGON
BEGIN_POLYGON 4 10 3
BEGIN_WINDING
POLYGON_POINT -97.112037494 37.769056517 0.000000000
POLYGON_POINT -97.112017016 37.769057816 4.000000000
POLYGON_POINT -97.111769534 37.769073517 0.000000000
POLYGON_POINT -97.111732145 37.769075889 0.000000000
POLYGON_POINT -97.111734565 37.769106745 4.000000000
POLYGON_POINT -97.111744965 37.769239353 0.000000000
POLYGON_POINT -97.111746911 37.769264171 0.000000000
POLYGON_POINT -97.111778492 37.769262646 4.000000000
POLYGON_POINT -97.112034138 37.769250000 0.000000000
POLYGON_POINT -97.112054272 37.769249006 0.000000000
POLYGON_POINT -97.112052711 37.769232784 4.000000000
POLYGON_POINT -97.112051330 37.769215547 0.000000000
POLYGON_POINT -97.112040791 37.769094338 4.000000000
POLYGON_POINT -97.112039007 37.769073873 0.000000000
END_WINDING
END_POLYGON
BEGIN_POLYGON 3 10 3
BEGIN_WINDING
POLYGON_POINT -97.112019497 37.768846365 0.000000000
POLYGON_POINT -97.111981208 37.768848459 10.000000000
POLYGON_POINT -97.111956974 37.768849889 0.000000000
POLYGON_POINT -97.111753705 37.768862741 0.000000000
POLYGON_POINT -97.111716426 37.768865083 0.000000000
POLYGON_POINT -97.111719122 37.768898165 9.000000000
POLYGON_POINT -97.111721474 37.768927029 0.000000000
POLYGON_POINT -97.111722231 37.768936315 0.000000000
POLYGON_POINT -97.111726003 37.768982593 0.000000000
POLYGON_POINT -97.111726887 37.768993443 9.000000000
POLYGON_POINT -97.111729194 37.769021744 0.000000000
POLYGON_POINT -97.111731583 37.769051057 0.000000000
POLYGON_POINT -97.111761613 37.769049694 10.000000000
POLYGON_POINT -97.111790721 37.769048108 0.000000000
POLYGON_POINT -97.112035051 37.769035926 0.000000000
END_WINDING
END_POLYGON
BEGIN_POLYGON 4 10 3
BEGIN_WINDING
POLYGON_POINT -97.112020819 37.768844870 0.000000000
POLYGON_POINT -97.112000341 37.768846169 4.000000000
POLYGON_POINT -97.111752859 37.768861869 0.000000000
POLYGON_POINT -97.111715471 37.768864241 0.000000000
POLYGON_POINT -97.111717891 37.768895097 4.000000000
POLYGON_POINT -97.111728291 37.769027705 0.000000000
POLYGON_POINT -97.111730237 37.769052523 0.000000000
POLYGON_POINT -97.111761817 37.769050999 4.000000000
POLYGON_POINT -97.112017462 37.769038352 0.000000000
POLYGON_POINT -97.112037597 37.769037359 0.000000000
POLYGON_POINT -97.112036035 37.769021137 4.000000000
POLYGON_POINT -97.112034655 37.769003900 0.000000000
POLYGON_POINT -97.112024116 37.768882690 4.000000000
POLYGON_POINT -97.112022332 37.768862226 0.000000000
END_WINDING
END_POLYGON
BEGIN_POLYGON 3 10 3
BEGIN_WINDING
POLYGON_POINT -97.111623208 37.768495286 0.000000000
POLYGON_POINT -97.111608391 37.768495308 0.000000000
POLYGON_POINT -97.111487303 37.768495491 0.000000000
POLYGON_POINT -97.111426409 37.768495456 9.000000000
POLYGON_POINT -97.111323644 37.768495378 0.000000000
POLYGON_POINT -97.111303082 37.768495363 0.000000000
POLYGON_POINT -97.111056359 37.768495176 0.000000000
POLYGON_POINT -97.111024853 37.768495152 0.000000000
POLYGON_POINT -97.111024714 37.768528110 9.000000000
POLYGON_POINT -97.111024581 37.768559491 0.000000000
POLYGON_POINT -97.111024472 37.768585171 4.000000000
POLYGON_POINT -97.111024134 37.768662993 0.000000000
POLYGON_POINT -97.111023929 37.768710837 9.000000000
POLYGON_POINT -97.111023818 37.768736684 0.000000000
POLYGON_POINT -97.111023711 37.768761828 0.000000000
POLYGON_POINT -97.111069310 37.768762319 9.000000000
POLYGON_POINT -97.111294654 37.768764749 0.000000000
POLYGON_POINT -97.111329191 37.768765121 9.000000000
POLYGON_POINT -97.111589058 37.768767922 0.000000000
POLYGON_POINT -97.111625684 37.768768317 0.000000000
POLYGON_POINT -97.111625530 37.768752388 10.000000000
POLYGON_POINT -97.111625239 37.768722243 0.000000000
POLYGON_POINT -97.111624358 37.768630786 0.000000000
POLYGON_POINT -97.111624209 37.768616021 9.000000000
POLYGON_POINT -97.111623224 37.768520043 0.000000000
END_WINDING
END_POLYGON
BEGIN_POLYGON 4 10 3
BEGIN_WINDING
POLYGON_POINT -97.111623756 37.768494804 0.000000000
POLYGON_POINT -97.111608293 37.768494798 7.000000000
POLYGON_POINT -97.111323616 37.768494683 0.000000000
POLYGON_POINT -97.111286855 37.768494669 0.000000000
POLYGON_POINT -97.111024163 37.768494563 6.000000000
POLYGON_POINT -97.111023018 37.768762446 0.000000000
POLYGON_POINT -97.111069611 37.768763257 0.000000000
POLYGON_POINT -97.111294732 37.768765636 4.000000000
POLYGON_POINT -97.111610289 37.768768971 0.000000000
POLYGON_POINT -97.111626300 37.768768990 0.000000000
POLYGON_POINT -97.111626184 37.768756501 4.000000000
POLYGON_POINT -97.111623867 37.768506723 0.000000000
END_WINDING
END_POLYGON
BEGIN_POLYGON 3 10 3
BEGIN_WINDING
POLYGON_POINT -97.111293132 37.767922077 0.000000000
POLYGON_POINT -97.111238152 37.767921534 9.000000000
POLYGON_POINT -97.111053348 37.767921207 0.000000000
POLYGON_POINT -97.111016394 37.767920705 0.000000000
POLYGON_POINT -97.111016572 37.767930227 9.000000000
POLYGON_POINT -97.111016590 37.767961187 0.000000000
POLYGON_POINT -97.111017017 37.767982959 4.000000000
POLYGON_POINT -97.111017938 37.768029891 0.000000000
POLYGON_POINT -97.111018247 37.768045624 9.000000000
POLYGON_POINT -97.111018547 37.768073644 0.000000000
POLYGON_POINT -97.111018650 37.768083236 0.000000000
POLYGON_POINT -97.111008048 37.768083263 9.000000000
POLYGON_POINT -97.110958678 37.768083387 0.000000000
POLYGON_POINT -97.110945054 37.768083421 0.000000000
POLYGON_POINT -97.110945130 37.768098474 9.000000000
POLYGON_POINT -97.110945225 37.768117521 0.000000000
POLYGON_POINT -97.110945313 37.768134899 10.000000000
POLYGON_POINT -97.110945424 37.768157039 0.000000000
POLYGON_POINT -97.110945502 37.768172516 9.000000000
POLYGON_POINT -97.110945594 37.768190761 0.000000000
POLYGON_POINT -97.110945666 37.768205119 0.000000000
POLYGON_POINT -97.111287784 37.768203346 0.000000000
POLYGON_POINT -97.111287744 37.768171817 2.000000000
POLYGON_POINT -97.111289020 37.768119043 4.000000000
POLYGON_POINT -97.111291276 37.768025706 2.000000000
POLYGON_POINT -97.111292974 37.767955489 0.000000000
END_WINDING
END_POLYGON
BEGIN_POLYGON 4 10 3
BEGIN_WINDING
POLYGON_POINT -97.111296066 37.767920337 6.000000000
POLYGON_POINT -97.111014158 37.767918152 6.000000000
POLYGON_POINT -97.111015756 37.768080110 6.000000000
POLYGON_POINT -97.110940787 37.768080384 6.000000000
POLYGON_POINT -97.110942604 37.768208049 0.000000000
POLYGON_POINT -97.111023358 37.768207662 0.000000000
POLYGON_POINT -97.111290116 37.768206380 4.000000000
END_WINDING
END_POLYGON
BEGIN_POLYGON 3 10 3
BEGIN_WINDING
POLYGON_POINT -97.111676031 37.767468190 0.000000000
POLYGON_POINT -97.111676902 37.767507828 0.000000000
POLYGON_POINT -97.111689856 37.767507749 0.000000000
POLYGON_POINT -97.111691046 37.767528799 3.000000000
POLYGON_POINT -97.111752258 37.767529180 0.000000000
POLYGON_POINT -97.111751478 37.767491609 8.000000000
POLYGON_POINT -97.111769644 37.767491421 0.000000000
POLYGON_POINT -97.111769947 37.767509527 0.000000000
POLYGON_POINT -97.111779993 37.767509422 0.000000000
POLYGON_POINT -97.111780148 37.767518703 4.000000000
POLYGON_POINT -97.111827708 37.767519439 8.000000000
POLYGON_POINT -97.111826964 37.767498263 0.000000000
POLYGON_POINT -97.111849027 37.767497561 0.000000000
POLYGON_POINT -97.111848848 37.767472633 8.000000000
POLYGON_POINT -97.111848431 37.767449382 0.000000000
POLYGON_POINT -97.111881232 37.767449006 0.000000000
POLYGON_POINT -97.111879858 37.767413987 8.000000000
POLYGON_POINT -97.111880222 37.767397840 0.000000000
POLYGON_POINT -97.111893627 37.767398015 0.000000000
POLYGON_POINT -97.111893142 37.767380429 0.000000000
POLYGON_POINT -97.111912428 37.767380404 9.000000000
POLYGON_POINT -97.111911925 37.767355754 0.000000000
POLYGON_POINT -97.111895345 37.767356367 0.000000000
POLYGON_POINT -97.111893653 37.767306494 0.000000000
POLYGON_POINT -97.111883625 37.767306598 9.000000000
POLYGON_POINT -97.111881906 37.767203684 0.000000000
POLYGON_POINT -97.111858955 37.767203922 0.000000000
POLYGON_POINT -97.111858756 37.767192022 0.000000000
POLYGON_POINT -97.111837705 37.767192240 0.000000000
POLYGON_POINT -97.111837524 37.767181373 9.000000000
POLYGON_POINT -97.111771937 37.767181880 0.000000000
POLYGON_POINT -97.111771734 37.767169724 1.000000000
POLYGON_POINT -97.111707299 37.767170343 0.000000000
POLYGON_POINT -97.111708312 37.767182487 9.000000000
POLYGON_POINT -97.111659068 37.767182534 0.000000000
POLYGON_POINT -97.111658402 37.767191846 0.000000000
POLYGON_POINT -97.111510616 37.767193377 1.000000000
POLYGON_POINT -97.111382842 37.767194701 6.000000000
POLYGON_POINT -97.111252382 37.767196053 0.000000000
POLYGON_POINT -97.111211373 37.767196478 9.000000000
POLYGON_POINT -97.111215992 37.767472939 0.000000000
POLYGON_POINT -97.111506848 37.767469925 0.000000000
POLYGON_POINT -97.111566094 37.767469311 9.000000000
POLYGON_POINT -97.111616053 37.767468793 0.000000000
END_WINDING
END_POLYGON
BEGIN_POLYGON 4 10 3
BEGIN_WINDING
POLYGON_POINT -97.111753120 37.767522652 0.000000000
POLYGON_POINT -97.111829164 37.767521637 0.000000000
POLYGON_POINT -97.111828692 37.767499538 0.000000000
POLYGON_POINT -97.111850666 37.767499245 0.000000000
POLYGON_POINT -97.111850397 37.767486622 4.000000000
POLYGON_POINT -97.111849965 37.767466419 0.000000000
POLYGON_POINT -97.111849623 37.767450392 0.000000000
POLYGON_POINT -97.111883108 37.767449945 0.000000000
POLYGON_POINT -97.111882852 37.767437937 4.000000000
POLYGON_POINT -97.111882346 37.767414273 0.000000000
POLYGON_POINT -97.111882036 37.767399766 0.000000000
POLYGON_POINT -97.111895013 37.767399593 0.000000000
POLYGON_POINT -97.111894640 37.767382148 0.000000000
POLYGON_POINT -97.111913937 37.767381890 0.000000000
POLYGON_POINT -97.111913349 37.767354371 0.000000000
POLYGON_POINT -97.111897047 37.767354588 0.000000000
POLYGON_POINT -97.111896544 37.767331045 4.000000000
POLYGON_POINT -97.111894469 37.767233884 0.000000000
POLYGON_POINT -97.111893487 37.767187909 0.000000000
POLYGON_POINT -97.111840709 37.767188613 0.000000000
POLYGON_POINT -97.111840242 37.767166748 0.000000000
POLYGON_POINT -97.111807953 37.767167179 4.000000000
POLYGON_POINT -97.111685090 37.767168819 0.000000000
POLYGON_POINT -97.111654898 37.767169222 0.000000000
POLYGON_POINT -97.111655308 37.767188415 0.000000000
POLYGON_POINT -97.111589154 37.767189298 4.000000000
POLYGON_POINT -97.111267888 37.767193586 0.000000000
POLYGON_POINT -97.111203011 37.767194452 0.000000000
POLYGON_POINT -97.111204024 37.767241892 4.000000000
POLYGON_POINT -97.111208114 37.767433401 0.000000000
POLYGON_POINT -97.111209013 37.767475455 0.000000000
POLYGON_POINT -97.111324720 37.767473417 6.000000000
POLYGON_POINT -97.111443518 37.767472237 0.000000000
POLYGON_POINT -97.111497947 37.767471598 4.000000000
POLYGON_POINT -97.111645346 37.767469631 0.000000000
POLYGON_POINT -97.111674881 37.767469237 0.000000000
POLYGON_POINT -97.111675729 37.767508905 0.000000000
POLYGON_POINT -97.111688457 37.767508740 0.000000000
POLYGON_POINT -97.111689432 37.767529815 0.000000000
POLYGON_POINT -97.111699344 37.767529781 6.000000000
POLYGON_POINT -97.111739148 37.767530015 0.000000000
POLYGON_POINT -97.111753102 37.767530019 0.000000000
END_WINDING
END_POLYGON
BEGIN_POLYGON 5 10 3
BEGIN_WINDING
POLYGON_POINT -97.111013228 37.768503816 0.000000000
POLYGON_POINT -97.111002403 37.768495266 0.000000000
POLYGON_POINT -97.110736799 37.768494224 0.000000000
POLYGON_POINT -97.110735068 37.768813317 0.000000000
POLYGON_POINT -97.111023774 37.768814862 0.000000000
POLYGON_POINT -97.111022944 37.768785189 0.000000000
POLYGON_POINT -97.111008303 37.768772517 0.000000000
END_WINDING
END_POLYGON
BEGIN_POLYGON 5 10 3
BEGIN_WINDING
POLYGON_POINT -97.114700872 37.774580630 0.000000000
POLYGON_POINT -97.114701728 37.774547455 0.000000000
POLYGON_POINT -97.114406782 37.774548809 0.000000000
POLYGON_POINT -97.114411283 37.774749353 0.000000000
POLYGON_POINT -97.114558685 37.774749213 0.000000000
END_WINDING
END_POLYGON
BEGIN_POLYGON 6 10 3
BEGIN_WINDING
POLYGON_POINT -97.114944331 37.775573805 0.000000000
POLYGON_POINT -97.114944331 37.775518604 0.000000000
POLYGON_POINT -97.114679056 37.775518468 0.000000000
POLYGON_POINT -97.114678682 37.775724240 0.000000000
POLYGON_POINT -97.114940674 37.775719649 0.000000000
END_WINDING
END_POLYGON
BEGIN_POLYGON 3 10 3
BEGIN_WINDING
POLYGON_POINT -97.112948589 37.780802353 0.000000000
POLYGON_POINT -97.112948775 37.780857648 4.000000000
POLYGON_POINT -97.112948906 37.780896664 0.000000000
POLYGON_POINT -97.112949075 37.780946987 1.000000000
POLYGON_POINT -97.112997746 37.780946268 4.000000000
POLYGON_POINT -97.113033305 37.780945750 1.000000000
POLYGON_POINT -97.113081252 37.780945636 0.000000000
POLYGON_POINT -97.113081297 37.780925788 4.000000000
POLYGON_POINT -97.113080872 37.780895239 0.000000000
POLYGON_POINT -97.113080604 37.780847116 1.000000000
POLYGON_POINT -97.113080437 37.780817167 0.000000000
POLYGON_POINT -97.113080350 37.780801430 0.000000000
END_WINDING
END_POLYGON
FILTER -1
OBJECT_DEF lib/g10/US/suburban/dL-RnchLHGry.obj
OBJECT_DEF lib/g10/US/suburban/dT-RnchLHGry.obj
OBJECT_DEF lib/airport/Common_Elements/Miscellaneous/Tree.obj
OBJECT_DEF lib/g10/forests/autogen_tree_any.obj
OBJECT_DEF lib/g10/forests/autogen_tree4.obj
OBJECT_DEF lib/g10/forests/autogen_tree2.obj
OBJECT_DEF lib/constructions/fencing/gates/gate_10mL_01.obj
OBJECT_DEF lib/g10/US/suburban/GrgSmlWht.obj
OBJECT_DEF lib/g10/US/suburban/dU-RnchRHGry.obj
OBJECT_DEF lib/garden/pools/pool_Small_7x10.obj
OBJECT_DEF lib/airport/European_Airports/towers/Sweden_14m.obj
OBJECT_DEF lib/airport/Common_Elements/Hangars/Sm_Brown_Hangar.agp
OBJECT_DEF lib/airport/Vintage_Airports/Hangars/Corrugated_Row.agp
OBJECT_DEF lib/airport/Common_Elements/Hangars/Long_Row_Beige.agp
OBJECT_DEF lib/airport/European_Airports/hangars/25x20x5.obj
OBJECT_DEF lib/airport/European_Airports/hangars/28x26x6_Germany.obj
OBJECT_DEF lib/airport/Common_Elements/Hangars/Med_Gray_Hangar.agp
OBJECT_DEF lib/airport/Common_Elements/Parking_Items/Row_of_Cars_4.agp
OBJECT_DEF lib/airport/Common_Elements/Parking_Items/Row_of_Cars_10.agp
OBJECT_DEF lib/airport/Common_Elements/Parking_Items/Row_of_Cars_6.agp
OBJECT_DEF lib/airport/Common_Elements/Hangars/Sm_Blue_Hangar.agp
OBJECT_DEF lib/airport/European_Airports/hangars/25x20x5_solar.obj
OBJECT_DEF lib/g10/US/industrial/light/GateHut3x3.obj
OBJECT_DEF lib/g10/US/suburban/dZ-RnchLHRd.obj
OBJECT_DEF lib/g10/US/suburban/dh-RnchRHGry.obj
OBJECT_DEF lib/g10/US/suburban/B-RnchLH.obj
OBJECT_DEF lib/airport/European_Airports/hangars/28x26x6_Russia.obj
OBJECT_DEF lib/g10/US/suburban/h-RnchRHGryDk.obj
OBJECT_DEF lib/g10/US/suburban/U-RnchRHGry.obj
OBJECT_DEF lib/g10/US/suburban/dZ-RnchRHRd.obj
OBJECT_DEF lib/g10/US/suburban/dh-RnchRHGryDk.obj
OBJECT_DEF lib/g10/US/suburban/T-RnchRHRd.obj
OBJECT_DEF lib/g10/US/industrial/light/WoodShed8x10.obj
OBJECT_DEF lib/g10/US/industrial/light/Shed13x24.obj
OBJECT_DEF lib/g10/US/industrial/light/TinShed10x30Lt.obj
OBJECT_DEF lib/g10/US/suburban/dL-RnchLHRd.obj
OBJECT_DEF lib/g10/US/suburban/L-RnchLHRd.obj
OBJECT_DEF lib/g10/US/suburban/Z-RnchRHGry.obj
OBJECT_DEF lib/g10/US/suburban/dB-RnchLHGry.obj
OBJECT_DEF lib/g10/US/suburban/dB-RnchLH.obj
OBJECT_DEF lib/g10/US/suburban/dU-RnchLHGry.obj
OBJECT_DEF lib/g10/US/industrial/light/StorHut3x3.obj
OBJECT_DEF lib/g10/US/industrial/light/WoodShed8x20.obj
OBJECT_DEF lib/g10/US/suburban/T-RnchRHGry.obj
OBJECT_DEF lib/g10/US/suburban/dGrgSmlWht.obj
OBJECT_DEF lib/g10/US/suburban/dZ-RnchLHGry.obj
OBJECT_DEF lib/g10/US/suburban/dT-RnchRHRd.obj
OBJECT_DEF lib/g10/US/suburban/dSmlRnchGry.obj
OBJECT_DEF lib/g10/US/suburban/T-RnchLHGry.obj
OBJECT_DEF lib/g10/US/suburban/dT-RnchRHGry.obj
OBJECT_DEF lib/g10/US/suburban/B-RnchLHGry.obj
OBJECT_DEF lib/g10/US/suburban/U-RnchLHGry.obj
OBJECT_DEF lib/g10/US/suburban/dL-RnchRHGry.obj
OBJECT_DEF lib/g10/US/suburban/dZ-RnchRHGry.obj
POLYGON_DEF lib/airport/pavement/asphalt_1D.pol
POLYGON_DEF lib/g8/pol/apt_wet_cold_bor.pol
POLYGON_DEF lib/constructions/fencing/fence_Mesh_04.fac
POLYGON_DEF lib/airport/Modern_Airports/Terminal_kit/term_building_Ground_01.fac
POLYGON_DEF lib/airport/Modern_Airports/Terminal_kit/term_building_Levels_01.fac
POLYGON_DEF lib/constructions/fencing/fence_Wood_02.fac
POLYGON_DEF lib/constructions/fencing/fence_Wood_01.fac
PROPERTY sim/filter/aptid 1K1
PROPERTY sim/exclude_net -97.116875/37.767197/-97.112686/37.774223
PROPERTY sim/exclude_obj -97.117050/37.766899/-97.111298/37.774399
PROPERTY sim/exclude_fac -97.117050/37.766899/-97.111298/37.774399
PROPERTY sim/exclude_for -97.117050/37.766899/-97.111298/37.774399
PROPERTY sim/exclude_pol -97.117050/37.766899/-97.111298/37.774399
PROPERTY sim/exclude_obj -97.108009/37.775715/-97.106552/37.776409
PROPERTY sim/exclude_fac -97.108009/37.775715/-97.106552/37.776409
PROPERTY sim/exclude_for -97.108009/37.775715/-97.106552/37.776409
PROPERTY sim/exclude_pol -97.108009/37.775715/-97.106552/37.776409
PROPERTY sim/exclude_obj -97.112389/37.774357/-97.107941/37.781662
PROPERTY sim/exclude_fac -97.112389/37.774357/-97.107941/37.781662
PROPERTY sim/exclude_for -97.112389/37.774357/-97.107941/37.781662
PROPERTY sim/exclude_pol -97.112389/37.774357/-97.107941/37.781662
PROPERTY sim/exclude_obj -97.117035/37.774216/-97.112236/37.781521
PROPERTY sim/exclude_fac -97.117035/37.774216/-97.112236/37.781521
PROPERTY sim/exclude_for -97.117035/37.774216/-97.112236/37.781521
PROPERTY sim/exclude_pol -97.117035/37.774216/-97.112236/37.781521
PROPERTY sim/exclude_obj -97.111389/37.766872/-97.110565/37.769115
PROPERTY sim/exclude_fac -97.111389/37.766872/-97.110565/37.769115
PROPERTY sim/exclude_for -97.111389/37.766872/-97.110565/37.769115
PROPERTY sim/exclude_net -97.111389/37.766872/-97.110565/37.769115
PROPERTY sim/exclude_pol -97.111389/37.766872/-97.110565/37.769115
PROPERTY sim/exclude_net -97.112396/37.767120/-97.111870/37.767708
PROPERTY sim/exclude_net -97.113144/37.780453/-97.112381/37.781498
PROPERTY sim/require_agpoint 1/0
PROPERTY sim/require_object 1/0
PROPERTY sim/require_facade 1/2
PROPERTY sim/require_facade 6/0
