PROPERTY sim/west -180
PROPERTY sim/east 180
PROPERTY sim/north 90
PROPERTY sim/south -90
PROPERTY sim/planet earth
PROPERTY sim/creation_agent WorldEditor1.6.1r1
PROPERTY laminar/internal_revision 0
PROPERTY sim/overlay 1
FILTER 0
BEGIN_POLYGON 0 0 2
BEGIN_WINDING
POLYGON_POINT -106.173872419 35.093322440
POLYGON_POINT -106.173871984 35.093024737
POLYGON_POINT -106.173762857 35.093069234
POLYGON_POINT -106.173762820 35.092911587
POLYGON_POINT -106.173723487 35.092938684
POLYGON_POINT -106.173620916 35.092936988
POLYGON_POINT -106.172744039 35.092986502
POLYGON_POINT -106.172747030 35.093241045
POLYGON_POINT -106.173653644 35.093299054
POLYGON_POINT -106.173763211 35.093322315
END_WINDING
END_POLYGON
BEGIN_POLYGON 0 20 2
BEGIN_WINDING
POLYGON_POINT -106.170651548 35.093725026
POLYGON_POINT -106.170550369 35.093692661
POLYGON_POINT -106.170461681 35.093888554
POLYGON_POINT -106.170562792 35.093918170
END_WINDING
END_POLYGON
BEGIN_POLYGON 1 0 4
BEGIN_WINDING
POLYGON_POINT -106.171633461 35.093988120 -106.171633461 35.093988120
POLYGON_POINT -106.171632203 35.093653095 -106.171632203 35.093653095
POLYGON_POINT -106.171443754 35.093759399 -106.171352378 35.093737028
POLYGON_POINT -106.171443754 35.093759399 -106.171443754 35.093759399
POLYGON_POINT -106.170909166 35.093551100 -106.170909166 35.093551100
POLYGON_POINT -106.170909166 35.093551100 -106.170130735 35.093446508
POLYGON_POINT -106.169100753 35.093494587 -106.169100753 35.093494587
POLYGON_POINT -106.166123899 35.093492871 -106.166123899 35.093492871
POLYGON_POINT -106.165675097 35.093496035 -106.165675097 35.093496035
POLYGON_POINT -106.164457436 35.092926432 -106.164457436 35.092926432
POLYGON_POINT -106.164457436 35.092926432 -106.163877377 35.092645176
POLYGON_POINT -106.163267421 35.092957429 -106.163267421 35.092957429
POLYGON_POINT -106.162145111 35.093472831 -106.162145111 35.093472831
POLYGON_POINT -106.162145111 35.093472831 -106.161849708 35.093528985
POLYGON_POINT -106.161660437 35.093525567 -106.161660437 35.093525567
POLYGON_POINT -106.157235076 35.093516261 -106.157235076 35.093516261
POLYGON_POINT -106.156669310 35.093621968 -106.156432988 35.093690524
POLYGON_POINT -106.156112453 35.093818802 -106.156112453 35.093818802
POLYGON_POINT -106.156104333 35.094460337 -106.156104333 35.094460337
POLYGON_POINT -106.156104333 35.094460337 -106.156106494 35.094569459
POLYGON_POINT -106.155981332 35.094556068 -106.155981332 35.094556068
POLYGON_POINT -106.154936207 35.094550542 -106.154936207 35.094550542
POLYGON_POINT -106.154938114 35.094635766 -106.154938114 35.094635766
POLYGON_POINT -106.156239414 35.094638521 -106.156239414 35.094638521
POLYGON_POINT -106.156239414 35.094638521 -106.156333669 35.094636755
POLYGON_POINT -106.156488759 35.094652831 -106.156488759 35.094652831
POLYGON_POINT -106.156488648 35.094570569 -106.156488648 35.094570569
POLYGON_POINT -106.156699952 35.094570388 -106.156699952 35.094570388
POLYGON_POINT -106.156561436 35.094492665 -106.156484989 35.094489803
POLYGON_POINT -106.156561436 35.094492665 -106.156561436 35.094492665
POLYGON_POINT -106.156561436 35.094492665 -106.156530457 35.094490621
POLYGON_POINT -106.156447524 35.094497162 -106.156436532 35.094498388
POLYGON_POINT -106.156447524 35.094497162 -106.156447524 35.094497162
POLYGON_POINT -106.156447524 35.094497162 -106.156414547 35.094500024
POLYGON_POINT -106.156374248 35.094519850 -106.156374248 35.094519850
POLYGON_POINT -106.156205530 35.094414320 -106.156201533 35.094348091
POLYGON_POINT -106.156205530 35.094414320 -106.156205530 35.094414320
POLYGON_POINT -106.156206005 35.093939090 -106.156206005 35.093939090
POLYGON_POINT -106.156268695 35.093877461 -106.156323400 35.093877461
POLYGON_POINT -106.156268695 35.093877461 -106.156268695 35.093877461
POLYGON_POINT -106.156268695 35.093877461 -106.156323400 35.093892720
POLYGON_POINT -106.156317183 35.094059153 -106.156317183 35.094059153
POLYGON_POINT -106.156536001 35.094053962 -106.156536001 35.094053962
POLYGON_POINT -106.156534758 35.093869496 -106.156534758 35.093869496
POLYGON_POINT -106.156361616 35.093814054 -106.156322593 35.093752612
POLYGON_POINT -106.156361616 35.093814054 -106.156361616 35.093814054
POLYGON_POINT -106.156361616 35.093814054 -106.156404584 35.093789444
POLYGON_POINT -106.156713858 35.093691224 -106.156952329 35.093620910
POLYGON_POINT -106.157226167 35.093600097 -106.157226167 35.093600097
POLYGON_POINT -106.159067169 35.093601350 -106.159067169 35.093601350
POLYGON_POINT -106.159067169 35.093601350 -106.159110339 35.093638085
POLYGON_POINT -106.159110703 35.093687368 -106.159110703 35.093687368
POLYGON_POINT -106.159118205 35.094377125 -106.159118205 35.094377125
POLYGON_POINT -106.159118205 35.094377125 -106.159113025 35.094456246
POLYGON_POINT -106.159063178 35.094568550 -106.159063178 35.094568550
POLYGON_POINT -106.159238745 35.094568420 -106.159238745 35.094568420
POLYGON_POINT -106.159173295 35.094367429 -106.159165524 35.094273472
POLYGON_POINT -106.159173295 35.094367429 -106.159173295 35.094367429
POLYGON_POINT -106.159171191 35.093696135 -106.159171191 35.093696135
POLYGON_POINT -106.159226809 35.093601459 -106.159276886 35.093585211
POLYGON_POINT -106.159226809 35.093601459 -106.159226809 35.093601459
POLYGON_POINT -106.161689316 35.093603135 -106.161689316 35.093603135
POLYGON_POINT -106.161689316 35.093603135 -106.161807179 35.093601914
POLYGON_POINT -106.161840906 35.093668949 -106.161840906 35.093668949
POLYGON_POINT -106.162159553 35.094316964 -106.162159553 35.094316964
POLYGON_POINT -106.162159553 35.094316964 -106.162216744 35.094472607
POLYGON_POINT -106.162174009 35.094566541 -106.162174009 35.094566541
POLYGON_POINT -106.162424188 35.094566130 -106.162424188 35.094566130
POLYGON_POINT -106.162014151 35.093704387 -106.162014151 35.093704387
POLYGON_POINT -106.162137897 35.093575291 -106.162288284 35.093512301
POLYGON_POINT -106.162137897 35.093575291 -106.162137897 35.093575291
POLYGON_POINT -106.162137897 35.093575291 -106.162343783 35.093513766
POLYGON_POINT -106.163322765 35.093031060 -106.163322765 35.093031060
POLYGON_POINT -106.164433381 35.093013340 -106.164968324 35.093273502
POLYGON_POINT -106.164433381 35.093013340 -106.164433381 35.093013340
POLYGON_POINT -106.165642645 35.093582686 -106.165642645 35.093582686
POLYGON_POINT -106.165741996 35.093658824 -106.165741996 35.093658824
POLYGON_POINT -106.165761134 35.093766669 -106.165726598 35.093840845
POLYGON_POINT -106.165761134 35.093766669 -106.165761134 35.093766669
POLYGON_POINT -106.165483929 35.094446647 -106.165483929 35.094446647
POLYGON_POINT -106.165381656 35.094563485 -106.165381656 35.094563485
POLYGON_POINT -106.165706880 35.094563233 -106.165706880 35.094563233
POLYGON_POINT -106.165612062 35.094418216 -106.165646598 35.094346865
POLYGON_POINT -106.165612062 35.094418216 -106.165612062 35.094418216
POLYGON_POINT -106.165964739 35.093589072 -106.165964739 35.093589072
POLYGON_POINT -106.168312815 35.093585416 -106.168312815 35.093585416
POLYGON_POINT -106.168486779 35.093685550 -106.168520451 35.093785158
POLYGON_POINT -106.168486779 35.093685550 -106.168486779 35.093685550
POLYGON_POINT -106.168489153 35.094402933 -106.168489153 35.094402933
POLYGON_POINT -106.168489153 35.094402933 -106.168489153 35.094461426
POLYGON_POINT -106.168387385 35.094561444 -106.168387385 35.094561444
POLYGON_POINT -106.168757901 35.094560908 -106.168757901 35.094560908
POLYGON_POINT -106.168623172 35.094388724 -106.168612811 35.094325144
POLYGON_POINT -106.168623172 35.094388724 -106.168623172 35.094388724
POLYGON_POINT -106.168622180 35.093676543 -106.168622180 35.093676543
POLYGON_POINT -106.168724270 35.093595541 -106.168831689 35.093588217
POLYGON_POINT -106.168724270 35.093595541 -106.168724270 35.093595541
POLYGON_POINT -106.170276789 35.093605210 -106.170276789 35.093605210
POLYGON_POINT -106.170276789 35.093605210 -106.170378238 35.093692338
POLYGON_POINT -106.170328400 35.093820805 -106.170347107 35.093854361
POLYGON_POINT -106.170461681 35.093888554 -106.170461681 35.093888554
POLYGON_POINT -106.170550369 35.093692661 -106.170550369 35.093692661
POLYGON_POINT -106.170466559 35.093660779 -106.170449291 35.093643707
POLYGON_POINT -106.170466559 35.093660779 -106.170466559 35.093660779
POLYGON_POINT -106.170466559 35.093660779 -106.170449291 35.093641352
POLYGON_POINT -106.170449827 35.093617577 -106.170449827 35.093617577
POLYGON_POINT -106.170871554 35.093663110 -106.170998601 35.093682529
POLYGON_POINT -106.170871554 35.093663110 -106.170871554 35.093663110
POLYGON_POINT -106.171396032 35.093861327 -106.171396032 35.093861327
POLYGON_POINT -106.171396032 35.093861327 -106.171440798 35.093873445
POLYGON_POINT -106.171254222 35.093981956 -106.171254222 35.093981956
POLYGON_POINT -106.171281319 35.094029935 -106.171281319 35.094029935
POLYGON_POINT -106.171499627 35.093902508 -106.171539252 35.093905474
POLYGON_POINT -106.171499627 35.093902508 -106.171499627 35.093902508
POLYGON_POINT -106.171499627 35.093902508 -106.171588547 35.093945284
END_WINDING
END_POLYGON
BEGIN_POLYGON 2 0 2
BEGIN_WINDING
POLYGON_POINT -106.164227715 35.094013982
POLYGON_POINT -106.164227933 35.093996225
POLYGON_POINT -106.164204162 35.093996049
POLYGON_POINT -106.164204049 35.094001761
POLYGON_POINT -106.164221245 35.094001966
POLYGON_POINT -106.164221093 35.094013844
END_WINDING
END_POLYGON
BEGIN_POLYGON 2 0 2
BEGIN_WINDING
POLYGON_POINT -106.163972043 35.093980494
POLYGON_POINT -106.163972091 35.093998253
POLYGON_POINT -106.163995863 35.093998189
POLYGON_POINT -106.163995890 35.093992477
POLYGON_POINT -106.163978693 35.093992445
POLYGON_POINT -106.163978666 35.093980565
END_WINDING
END_POLYGON
FILTER -1
FILTER 0
FILTER -1
FILTER 0
FILTER -1
FILTER 0
FILTER -1
FILTER 0
FILTER -1
FILTER 0
OBJECT 0 -106.158751996 35.093931357 0.000000
OBJECT 0 -106.158986600 35.093910263 0.000000
OBJECT 0 -106.158937617 35.093948232 0.000000
OBJECT 0 -106.158906680 35.093992530 270.000000
OBJECT 0 -106.161262663 35.092847937 0.000000
OBJECT 0 -106.161471148 35.093049146 0.000000
OBJECT 1 -106.165454356 35.093346220 90.000000
OBJECT 1 -106.165495192 35.093367483 0.000000
OBJECT 1 -106.165558303 35.093397859 0.000000
OBJECT 1 -106.165617701 35.093434309 0.000000
OBJECT 1 -106.165706798 35.093455572 0.000000
OBJECT 1 -106.165799607 35.093449497 90.000000
OBJECT 1 -106.165851580 35.093419122 33.689999
OBJECT 1 -106.165914691 35.093379633 0.000000
OBJECT 1 -106.164907001 35.093625550 0.000000
OBJECT 1 -106.165010123 35.093629065 0.000000
OBJECT 1 -106.165134729 35.093634339 0.000000
OBJECT 1 -106.164943523 35.093796061 0.000000
OBJECT 1 -106.165074575 35.093760904 0.000000
OBJECT 0 -106.168726725 35.094039837 0.000000
OBJECT 0 -106.168752506 35.093970227 45.000000
OBJECT 0 -106.168739615 35.093845771 0.000000
OBJECT 2 -106.168675164 35.094016634 0.000000
OBJECT 2 -106.168706100 35.094115777 0.000000
OBJECT 2 -106.168804067 35.094069369 225.000000
OBJECT 2 -106.168811801 35.094010306 90.000000
OBJECT 2 -106.169605845 35.093769831 90.000000
OBJECT 2 -106.169657406 35.093824676 123.690002
OBJECT 2 -106.169680608 35.093904834 0.000000
OBJECT 2 -106.169690921 35.093984992 0.000000
OBJECT 2 -106.169690921 35.094107339 0.000000
OBJECT 2 -106.169082498 35.093896397 0.000000
OBJECT 2 -106.169134059 35.094014524 0.000000
OBJECT 2 -106.169069607 35.093984992 0.000000
OBJECT 2 -106.168816960 35.092820591 0.000000
OBJECT 2 -106.168739619 35.092818482 0.000000
OBJECT 2 -106.168667433 35.092816372 0.000000
OBJECT 2 -106.168677745 35.092757309 90.000000
OBJECT 2 -106.168770555 35.092757309 0.000000
OBJECT 2 -106.169185621 35.092769965 63.430000
OBJECT 2 -106.169260385 35.092778403 0.000000
OBJECT 2 -106.169324836 35.092854342 0.000000
OBJECT 2 -106.169314524 35.093061065 0.000000
OBJECT 2 -106.169311946 35.093155989 135.000000
OBJECT 2 -106.169306789 35.093248804 0.000000
OBJECT 2 -106.169304211 35.093354275 180.000000
OBJECT 0 -106.169337726 35.092799497 0.000000
OBJECT 0 -106.169322258 35.092879655 161.570007
OBJECT 0 -106.169317102 35.092947157 0.000000
OBJECT 0 -106.169314524 35.093014658 0.000000
OBJECT 0 -106.169317102 35.093109582 315.000000
OBJECT 0 -106.169304211 35.093200287 0.000000
OBJECT 0 -106.169306789 35.093307868 0.000000
OBJECT 0 -106.169304211 35.093404901 0.000000
OBJECT 0 -106.172352756 35.093766392 0.000000
OBJECT 0 -106.172275414 35.093732641 0.000000
OBJECT 2 -106.171917064 35.092977468 0.000000
OBJECT 2 -106.171878393 35.092652617 0.000000
OBJECT 0 -106.171576763 35.092528161 0.000000
OBJECT 0 -106.171597387 35.092772854 0.000000
OBJECT 0 -106.171576763 35.093013328 0.000000
OBJECT 0 -106.170970105 35.094098376 0.000000
OBJECT 0 -106.170998750 35.094148182 0.000000
OBJECT 0 -106.171140186 35.094126209 0.000000
OBJECT 0 -106.171133025 35.094186269 0.000000
OBJECT 0 -106.171124073 35.094277091 0.000000
OBJECT 0 -106.171363977 35.094199453 0.000000
OBJECT 2 -106.171045299 35.093765849 0.000000
OBJECT 2 -106.171095428 35.093781963 0.000000
OBJECT 2 -106.171181364 35.093825909 0.000000
OBJECT 2 -106.171238654 35.093846418 0.000000
OBJECT 2 -106.171324590 35.093880110 0.000000
OBJECT 2 -106.171482139 35.093931381 0.000000
OBJECT 2 -106.171525107 35.093960678 0.000000
OBJECT 2 -106.171543010 35.094007554 0.000000
OBJECT 2 -106.171546591 35.094051500 0.000000
OBJECT 2 -106.171528688 35.094134998 0.000000
OBJECT 2 -106.171534059 35.094180410 0.000000
OBJECT 2 -106.171528688 35.094214102 0.000000
OBJECT 2 -106.171525107 35.094255118 0.000000
OBJECT 2 -106.171532268 35.094294670 0.000000
OBJECT 2 -106.171537639 35.094334222 0.000000
OBJECT 3 -106.173426001 35.094118259 90.000000
OBJECT 4 -106.172974379 35.093657486 90.000000
OBJECT 4 -106.173370536 35.093658183 90.000000
OBJECT 4 -106.173372220 35.093789631 90.000000
OBJECT 5 -106.170603214 35.093830836 290.630005
OBJECT 6 -106.172237339 35.093611248 90.000000
OBJECT 7 -106.172260283 35.094229041 180.000000
OBJECT 4 -106.172822705 35.093789730 90.000000
OBJECT 4 -106.172152731 35.094051778 90.000000
OBJECT 8 -106.173580626 35.093301808 90.000000
OBJECT 8 -106.173572033 35.092922112 90.000000
OBJECT 9 -106.170523389 35.093851069 181.539993
OBJECT 9 -106.171825944 35.093664848 194.039993
OBJECT 9 -106.171954251 35.093679497 166.759995
OBJECT 10 -106.171233395 35.094019147 245.119995
OBJECT 11 -106.170003732 35.094032770 218.330002
OBJECT 12 -106.169441718 35.093858960 180.250000
OBJECT 13 -106.164571229 35.093457068 209.020004
OBJECT 14 -106.165208519 35.093639322 190.679993
OBJECT 10 -106.164131215 35.093358678 179.139999
OBJECT 15 -106.161911751 35.094048061 248.419998
OBJECT 14 -106.160541379 35.094090658 131.820007
OBJECT 16 -106.158881539 35.094029836 270.000000
OBJECT 10 -106.159495024 35.093894744 180.000000
OBJECT 17 -106.156567083 35.093958520 90.000000
OBJECT 6 -106.156422248 35.094173125 180.000000
OBJECT 18 -106.171952460 35.092848928 90.000000
FILTER -1
OBJECT_DEF lib/g10/forests/autogen_tree2.obj
OBJECT_DEF lib/g10/forests/autogen_tree4.obj
OBJECT_DEF lib/g10/forests/autogen_tree3.obj
OBJECT_DEF lib/airport/Common_Elements/Hangars/Long_Row_Green.agp
OBJECT_DEF lib/g10/US/industrial/light/TinShed10x50.obj
OBJECT_DEF lib/airport/Common_Elements/Hangars/Sm_Blue_Hangar.agp
OBJECT_DEF lib/airport/European_Airports/hangars/25x20x5.obj
OBJECT_DEF lib/airport/Common_Elements/Hangars/Sm_Gray_Hangar.agp
OBJECT_DEF lib/airport/Common_Elements/Hangars/Long_Row_Beige.agp
OBJECT_DEF lib/airport/aircraft/general_aviation/prop_a.obj
OBJECT_DEF lib/g10/US/suburban/h-RnchRHGryDk.obj
OBJECT_DEF lib/g10/US/suburban/T-RnchRHRd.obj
OBJECT_DEF lib/g10/US/suburban/Z-RnchRHRd.obj
OBJECT_DEF lib/g10/US/suburban/U-RnchRHGry.obj
OBJECT_DEF lib/g10/US/suburban/T-RnchLHGry.obj
OBJECT_DEF lib/g10/US/suburban/dL-RnchLHGry.obj
OBJECT_DEF lib/g10/US/suburban/L-RnchRHGry.obj
OBJECT_DEF lib/g10/US/suburban/h-RnchRHGry.obj
OBJECT_DEF lib/g10/US/industrial/light/TinShed10x30Lt.obj
POLYGON_DEF lib/airport/pavement/concrete_4D.pol
POLYGON_DEF lib/airport/pavement/asphalt_1D.pol
POLYGON_DEF lib/airport/pavement/concrete_6L.pol
PROPERTY sim/filter/aptid 1N1
PROPERTY sim/exclude_obj -106.174080/35.092620/-106.154826/35.094952
PROPERTY sim/exclude_fac -106.174080/35.092620/-106.154826/35.094952
PROPERTY sim/exclude_for -106.174080/35.092620/-106.154826/35.094952
PROPERTY sim/exclude_bch -106.174080/35.092620/-106.154826/35.094952
PROPERTY sim/exclude_net -106.174080/35.092620/-106.154826/35.094952
PROPERTY sim/exclude_lin -106.174080/35.092620/-106.154826/35.094952
PROPERTY sim/exclude_pol -106.174080/35.092620/-106.154826/35.094952
PROPERTY sim/exclude_str -106.174080/35.092620/-106.154826/35.094952
PROPERTY sim/require_agpoint 1/0
PROPERTY sim/require_object 1/0
PROPERTY sim/require_facade 6/0
