PROPERTY sim/west -180
PROPERTY sim/east 180
PROPERTY sim/north 90
PROPERTY sim/south -90
PROPERTY sim/planet earth
PROPERTY sim/creation_agent WorldEditor1.7.1r2
PROPERTY laminar/internal_revision 0
PROPERTY sim/overlay 1
FILTER 0
BEGIN_POLYGON 0 255 2
BEGIN_WINDING
POLYGON_POINT -101.768110776 42.010489496
POLYGON_POINT -101.768423039 42.010575889
POLYGON_POINT -101.768838283 42.010432724
POLYGON_POINT -101.768808385 42.009386145
POLYGON_POINT -101.768346634 42.009210892
POLYGON_POINT -101.768060947 42.009383676
POLYGON_POINT -101.768044337 42.009603359
POLYGON_POINT -101.768217078 42.009682346
POLYGON_POINT -101.768210434 42.009981017
POLYGON_POINT -101.768346634 42.010161206
POLYGON_POINT -101.768339990 42.010368547
POLYGON_POINT -101.768087522 42.010366079
END_WINDING
END_POLYGON
BEGIN_POLYGON 1 90 2
BEGIN_WINDING
POLYGON_POINT -101.769111316 42.004232432
POLYGON_POINT -101.769092034 42.004121444
POLYGON_POINT -101.769038468 42.004121777
POLYGON_POINT -101.769039287 42.004232022
END_WINDING
END_POLYGON
BEGIN_POLYGON 2 90 4
BEGIN_WINDING
POLYGON_POINT -101.768882640 42.004221407 -101.768882640 42.004221407
POLYGON_POINT -101.768786531 42.004157677 -101.768786531 42.004157677
POLYGON_POINT -101.768649209 42.004164076 -101.768583897 42.004165232
POLYGON_POINT -101.767915229 42.004164780 -101.767765945 42.004179802
POLYGON_POINT -101.767915229 42.004164780 -101.767915229 42.004164780
POLYGON_POINT -101.767915229 42.004164780 -101.767893458 42.004170558
POLYGON_POINT -101.767820372 42.004189047 -101.767820372 42.004189047
POLYGON_POINT -101.767670354 42.004221563 -101.767670354 42.004221563
POLYGON_POINT -101.767716789 42.004288777 -101.767716789 42.004288777
POLYGON_POINT -101.767949440 42.004214469 -101.768066586 42.004206830
POLYGON_POINT -101.767949440 42.004214469 -101.767949440 42.004214469
POLYGON_POINT -101.767949440 42.004214469 -101.768168700 42.004206380
POLYGON_POINT -101.768695880 42.004208143 -101.768739421 42.004206987
END_WINDING
END_POLYGON
BEGIN_POLYGON 2 82 2
BEGIN_WINDING
POLYGON_POINT -101.768941537 42.006195952
POLYGON_POINT -101.768936049 42.006154550
POLYGON_POINT -101.768792962 42.006164230
POLYGON_POINT -101.768809211 42.006220886
END_WINDING
END_POLYGON
FILTER -1
FILTER 0
FILTER -1
FILTER 0
FILTER -1
FILTER 0
FILTER -1
FILTER 0
FILTER -1
FILTER 0
OBJECT 0 -101.767286647 42.003195189 133.029999
OBJECT 1 -101.768404844 42.003159597 180.000000
OBJECT 1 -101.767338432 42.003086927 293.630005
OBJECT 1 -101.767305777 42.003370038 237.339996
OBJECT 1 -101.767341543 42.003299549 315.000000
OBJECT 1 -101.767700751 42.003342304 270.000000
OBJECT 1 -101.767769951 42.003256598 90.000000
OBJECT 1 -101.767774565 42.003152036 0.000000
OBJECT 1 -101.768035219 42.003770837 270.000000
OBJECT 1 -101.768175927 42.003715985 45.000000
OBJECT 1 -101.768254354 42.003786264 109.440002
OBJECT 1 -101.768367382 42.003733126 32.470001
OBJECT 1 -101.768000619 42.003349161 270.000000
OBJECT 2 -101.767482272 42.003411198 225.000000
OBJECT 2 -101.767769950 42.003433153 225.000000
OBJECT 2 -101.768028299 42.003448580 18.430000
OBJECT 2 -101.768235901 42.003448580 101.309998
OBJECT 1 -101.768252048 42.003074900 325.309998
OBJECT 1 -101.768411209 42.003004621 135.000000
OBJECT 2 -101.768431969 42.003314878 53.130001
OBJECT 2 -101.768429662 42.003446866 150.259995
OBJECT 1 -101.769393628 42.013788481 164.050003
OBJECT 0 -101.774933999 42.011808689 203.199997
OBJECT 1 -101.771345111 42.003513099 180.000000
OBJECT 2 -101.770700719 42.003431643 7.120000
OBJECT 2 -101.770667503 42.003295884 229.089996
OBJECT 2 -101.770514709 42.003367466 158.199997
OBJECT 1 -101.768904415 42.012546463 171.250000
OBJECT 1 -101.768925554 42.012726672 49.400002
OBJECT 1 -101.768933342 42.012983758 107.349998
OBJECT 2 -101.773929797 42.005616095 61.779999
OBJECT 2 -101.773772015 42.005572899 128.660004
OBJECT 2 -101.773583784 42.005558501 18.430000
OBJECT 2 -101.773412161 42.005556444 156.039993
OBJECT 2 -101.773251611 42.005562615 37.869999
OBJECT 2 -101.772875149 42.005568785 180.000000
OBJECT 2 -101.772476540 42.005778595 0.000000
OBJECT 2 -101.772421178 42.005566729 131.190002
OBJECT 2 -101.772205266 42.005537931 0.000000
OBJECT 2 -101.771928455 42.005566729 240.949997
OBJECT 1 -101.770402549 42.004983146 234.690002
OBJECT 0 -101.775121443 42.011839638 120.959999
OBJECT 3 -101.769659987 42.004832921 31.700001
OBJECT 3 -101.769650375 42.004670079 313.529999
OBJECT 3 -101.769713811 42.004642938 30.070000
OBJECT 3 -101.769723422 42.004798639 180.000000
OBJECT 3 -101.769717655 42.004925770 264.290009
OBJECT 3 -101.769713811 42.005001477 90.000000
OBJECT 3 -101.769731111 42.005087184 333.440002
OBJECT 3 -101.769734957 42.005202888 30.260000
OBJECT 3 -101.769750336 42.005325734 150.639999
OBJECT 3 -101.769763792 42.005434295 0.000000
OBJECT 3 -101.769775326 42.005541429 270.000000
OBJECT 3 -101.769773403 42.005675702 0.000000
OBJECT 3 -101.769794550 42.005818546 282.989990
OBJECT 3 -101.769800317 42.005949963 0.000000
OBJECT 3 -101.769231314 42.006045669 319.399994
OBJECT 3 -101.769244770 42.006164229 28.610001
OBJECT 3 -101.769804163 42.006101378 190.300003
OBJECT 3 -101.769825310 42.006211368 60.250000
OBJECT 3 -101.769821465 42.006288504 177.710007
OBJECT 3 -101.769829154 42.006374210 10.780000
OBJECT 3 -101.769838767 42.006488486 208.440002
OBJECT 3 -101.769842612 42.006591334 36.380001
OBJECT 3 -101.769850302 42.006691325 90.000000
OBJECT 3 -101.769844535 42.006781316 348.690002
OBJECT 3 -101.769863759 42.006878451 173.660004
OBJECT 3 -101.769869526 42.006962729 270.000000
OBJECT 3 -101.769877216 42.007067005 40.240002
OBJECT 3 -101.769877216 42.007178423 235.300003
OBJECT 3 -101.769881061 42.007289842 90.000000
OBJECT 3 -101.769898362 42.007385548 350.540009
OBJECT 3 -101.769907974 42.007511250 194.039993
OBJECT 3 -101.769913743 42.007632668 236.309998
OBJECT 3 -101.769911821 42.007734087 65.220001
OBJECT 3 -101.769932967 42.007832650 192.529999
OBJECT 3 -101.769932968 42.007938355 355.100006
OBJECT 3 -101.769936813 42.008078342 253.610001
OBJECT 3 -101.769959882 42.008174048 27.469999
OBJECT 3 -101.769969494 42.008318320 149.039993
OBJECT 3 -101.769975261 42.008412598 81.870003
OBJECT 3 -101.769982952 42.008524016 2.730000
OBJECT 3 -101.769975262 42.008642577 174.559998
OBJECT 3 -101.769992563 42.008792563 111.040001
OBJECT 3 -101.770004099 42.008951120 183.949997
OBJECT 3 -101.770009867 42.009061110 0.000000
OBJECT 3 -101.770027168 42.009191099 71.559998
OBJECT 3 -101.770031015 42.009379653 173.660004
OBJECT 3 -101.770038705 42.009479644 345.470001
OBJECT 3 -101.770036782 42.009598205 104.040001
OBJECT 3 -101.770046396 42.009725336 350.839996
OBJECT 3 -101.770056008 42.009846754 198.429993
OBJECT 3 -101.770073310 42.009949602 16.700001
OBJECT 3 -101.770084846 42.010092446 0.000000
OBJECT 3 -101.770090613 42.010215292 308.660004
OBJECT 3 -101.770094458 42.010319568 97.129997
OBJECT 3 -101.770098305 42.010449556 195.250000
OBJECT 3 -101.770107917 42.010565260 16.700001
OBJECT 3 -101.770123297 42.010705248 53.970001
OBJECT 3 -101.770129064 42.010840950 319.399994
OBJECT 3 -101.770129064 42.010950940 180.000000
OBJECT 3 -101.770150211 42.011048074 12.800000
OBJECT 3 -101.770161747 42.011145208 82.870003
OBJECT 3 -101.770157903 42.011282338 270.000000
OBJECT 3 -101.770173283 42.011389471 39.810001
OBJECT 3 -101.770175205 42.011526602 199.440002
OBJECT 3 -101.770177129 42.011590882 69.440002
OBJECT 3 -101.770184819 42.011652305 184.970001
OBJECT 3 -101.770182896 42.011750867 35.540001
OBJECT 3 -101.770188665 42.011838002 270.000000
OBJECT 3 -101.770204045 42.011916567 90.000000
OBJECT 3 -101.770205969 42.012005130 206.559998
OBJECT 3 -101.770211737 42.012097979 22.250000
OBJECT 3 -101.770221349 42.012190828 246.039993
OBJECT 3 -101.770227117 42.012299389 7.590000
OBJECT 3 -101.770225196 42.012405094 285.260010
OBJECT 3 -101.770236731 42.012510799 180.000000
OBJECT 3 -101.770250188 42.012623646 18.430000
OBJECT 3 -101.770255957 42.012770775 209.740005
OBJECT 3 -101.770265570 42.012870766 139.399994
OBJECT 3 -101.770282874 42.013000754 229.399994
OBJECT 3 -101.770290564 42.013117887 70.349998
OBJECT 3 -101.770290564 42.013197879 356.989990
OBJECT 3 -101.770296331 42.013320725 180.000000
OBJECT 3 -101.770302099 42.013387862 104.040001
OBJECT 3 -101.770308672 42.013508969 180.000000
OBJECT 3 -101.770318686 42.013606513 40.240002
OBJECT 3 -101.770325361 42.013722243 176.419998
OBJECT 3 -101.770334263 42.013866906 93.580002
OBJECT 3 -101.770343164 42.014012396 348.929993
OBJECT 3 -101.770347615 42.014132259 180.000000
OBJECT 3 -101.770346502 42.014228150 90.000000
OBJECT 3 -101.770363192 42.014312468 289.980011
OBJECT 3 -101.770364304 42.014404225 180.000000
OBJECT 3 -101.770386557 42.014621633 49.860001
OBJECT 3 -101.770384331 42.014729097 228.470001
OBJECT 3 -101.770392120 42.014825814 93.989998
OBJECT 3 -101.770397683 42.014948158 173.289993
OBJECT 3 -101.770391008 42.015074634 25.459999
OBJECT 3 -101.770393233 42.015163085 358.549988
OBJECT 3 -101.770345391 42.015277162 178.669998
OBJECT 3 -101.770417711 42.015354040 82.870003
OBJECT 4 -101.770382705 42.014593979 270.170013
OBJECT 4 -101.770397363 42.015080136 89.489998
OBJECT 4 -101.770409602 42.015216532 176.850006
OBJECT 4 -101.770389575 42.015343835 358.190002
OBJECT 4 -101.769822414 42.006341882 273.709991
OBJECT 4 -101.769800630 42.006086097 90.000000
OBJECT 4 -101.769232193 42.006077601 285.910004
OBJECT 5 -101.769739218 42.004588999 268.850006
OBJECT 4 -101.769695608 42.004770233 176.729996
OBJECT 4 -101.769711182 42.004933909 86.209999
OBJECT 4 -101.769721194 42.005133957 265.910004
OBJECT 4 -101.769737881 42.005259607 83.730003
OBJECT 6 -101.767668091 42.003700550 153.440002
OBJECT 7 -101.767897457 42.003574402 270.549988
OBJECT 7 -101.768076475 42.003608055 180.000000
OBJECT 8 -101.767521454 42.003188255 179.490005
OBJECT 9 -101.767894657 42.003222922 90.239998
OBJECT 10 -101.768171028 42.003582697 270.000000
OBJECT 10 -101.767861579 42.003744474 181.490005
OBJECT 11 -101.767934040 42.003846742 90.000000
OBJECT 11 -101.767984351 42.003846742 90.000000
OBJECT 11 -101.768034155 42.003846681 90.000000
OBJECT 12 -101.769086719 42.004070730 70.160004
OBJECT 12 -101.769185544 42.005529933 293.679993
OBJECT 7 -101.775029091 42.012322374 90.500000
OBJECT 13 -101.774941786 42.012111695 180.000000
OBJECT 10 -101.775007458 42.012062900 180.000000
OBJECT 8 -101.774992967 42.011933566 89.889999
OBJECT 14 -101.774685645 42.012428535 157.220001
OBJECT 14 -101.771217461 42.011827571 176.190002
OBJECT 15 -101.769184917 42.005396060 90.000000
OBJECT 13 -101.769025730 42.005446897 180.000000
OBJECT 15 -101.769289603 42.004309074 90.000000
OBJECT 16 -101.769151754 42.005391813 175.029999
OBJECT 16 -101.771242619 42.012229759 266.630005
OBJECT 16 -101.771213692 42.012223146 180.000000
OBJECT 16 -101.771214804 42.011923901 270.000000
OBJECT 16 -101.771316048 42.012095843 164.479996
OBJECT 16 -101.771333849 42.012063604 88.029999
OBJECT 16 -101.771317160 42.011931341 180.000000
OBJECT 16 -101.769158956 42.005583785 186.339996
OBJECT 16 -101.769184886 42.005582124 82.410004
OBJECT 16 -101.768878082 42.005321993 251.559998
OBJECT 16 -101.768915936 42.005346103 135.000000
OBJECT 16 -101.769104689 42.004276943 90.000000
OBJECT 16 -101.769154080 42.004069621 165.960007
OBJECT 16 -101.769123377 42.004069621 266.989990
OBJECT 17 -101.769163424 42.004420779 269.739990
OBJECT 13 -101.769160754 42.004274959 269.519989
OBJECT 18 -101.769226379 42.004175505 90.000000
OBJECT 19 -101.769196291 42.006544780 84.540001
OBJECT 20 -101.771120259 42.012311507 265.440002
OBJECT 20 -101.771081319 42.012006337 265.440002
OBJECT 20 -101.769206520 42.005467305 90.029999
OBJECT 20 -101.769197709 42.005649365 90.709999
OBJECT 21 -101.769160676 42.005974656 357.690002
OBJECT 10 -101.769160564 42.005786121 271.019989
FILTER -1
OBJECT_DEF lib/g10/forests/autogen_tree4.obj
OBJECT_DEF lib/g10/forests/autogen_tree3.obj
OBJECT_DEF lib/g10/forests/autogen_tree2.obj
OBJECT_DEF lib/airport/Common_Elements/Parking/Grunge1_Sm.obj
OBJECT_DEF lib/airport/Common_Elements/Parking/Asphalt_CracksLg.obj
OBJECT_DEF lib/airport/Common_Elements/Parking/Asphalt_CracksSm.obj
OBJECT_DEF lib/g10/US/industrial/light/WoodShed8x20.obj
OBJECT_DEF lib/g10/US/industrial/light/WoodShed8x10.obj
OBJECT_DEF lib/g10/US/suburban/dSmlRnchGry.obj
OBJECT_DEF lib/g10/US/suburban/B-RnchLH.obj
OBJECT_DEF lib/g10/US/suburban/GdnShed.obj
OBJECT_DEF lib/g10/US/suburban/Greenhse.obj
OBJECT_DEF lib/g10/streetlights/PrimaryLt1.obj
OBJECT_DEF lib/airport/Common_Elements/Miscellaneous/Sm_Propane_Tank.obj
OBJECT_DEF lib/cars/car_static_invar.obj
OBJECT_DEF lib/airport/Common_Elements/Vehicles/Cargo_Trailer.obj
OBJECT_DEF lib/airport/Ramp_Equipment/Cargo_Palette_1.obj
OBJECT_DEF lib/airport/Common_Elements/Miscellaneous/Water_Tank_Elev.obj
OBJECT_DEF lib/airport/European_Airports/hangars/25x20x5.obj
OBJECT_DEF lib/airport/Common_Elements/Hangars/Sm_Gray_Hangar.agp
OBJECT_DEF lib/airport/Common_Elements/Hangars/Sm_Blue_Hangar.agp
OBJECT_DEF lib/airport/Common_Elements/Fueling_Stations/fuel_station_orange_avgas100LL.obj
POLYGON_DEF lib/g8/broad_tmp_dry.for
POLYGON_DEF lib/airport/pavement/concrete_3D.pol
POLYGON_DEF lib/airport/pavement/asphalt_2L.pol
PROPERTY sim/filter/aptid 1V2
PROPERTY sim/exclude_net -101.769574/42.003727/-101.768607/42.004454
PROPERTY sim/exclude_net -101.771166/42.013538/-101.769333/42.014781
PROPERTY sim/exclude_net -101.771827/42.011626/-101.770675/42.012602
PROPERTY sim/exclude_obj -101.768920/42.002858/-101.767438/42.004099
PROPERTY sim/exclude_fac -101.768920/42.002858/-101.767438/42.004099
PROPERTY sim/exclude_for -101.768920/42.002858/-101.767438/42.004099
PROPERTY sim/exclude_obj -101.776617/42.003182/-101.768887/42.016224
PROPERTY sim/exclude_fac -101.776617/42.003182/-101.768887/42.016224
PROPERTY sim/exclude_for -101.776617/42.003182/-101.768887/42.016224
PROPERTY sim/require_agpoint 1/0
PROPERTY sim/require_object 1/0
PROPERTY sim/require_facade 6/0
