PROPERTY sim/west -180
PROPERTY sim/east 180
PROPERTY sim/north 90
PROPERTY sim/south -90
PROPERTY sim/planet earth
PROPERTY sim/creation_agent WorldEditor2.1.0r1
PROPERTY laminar/internal_revision 0
PROPERTY sim/overlay 1
FILTER 0
BEGIN_POLYGON 0 0 4
BEGIN_WINDING
POLYGON_POINT -97.332894470 37.697647677 -97.332894470 37.697647677
POLYGON_POINT -97.330494545 37.697640440 -97.330494545 37.697640440
POLYGON_POINT -97.330500403 37.699042446 -97.330500403 37.699042446
POLYGON_POINT -97.331346629 37.699044893 -97.331346629 37.699044893
POLYGON_POINT -97.331385455 37.699012693 -97.331421440 37.698995150
POLYGON_POINT -97.331514379 37.698965546 -97.331514379 37.698965546
POLYGON_POINT -97.331605643 37.698946049 -97.331635728 37.698943404
POLYGON_POINT -97.331692586 37.698954076 -97.331718508 37.698962244
POLYGON_POINT -97.331831242 37.699019616 -97.331873484 37.699030142
POLYGON_POINT -97.331985373 37.699036436 -97.332043161 37.699039440
POLYGON_POINT -97.332237584 37.699032437 -97.332237584 37.699032437
POLYGON_POINT -97.332243322 37.699144464 -97.332243322 37.699144464
POLYGON_POINT -97.332374572 37.699142053 -97.332374572 37.699142053
POLYGON_POINT -97.332377854 37.699038249 -97.332377854 37.699038249
POLYGON_POINT -97.332546780 37.699036067 -97.332546780 37.699036067
POLYGON_POINT -97.332570454 37.699041933 -97.332580126 37.699049586
POLYGON_POINT -97.332574872 37.699063194 -97.332574872 37.699063194
POLYGON_POINT -97.332573618 37.699143166 -97.332573618 37.699143166
POLYGON_POINT -97.332703984 37.699143166 -97.332703984 37.699143166
POLYGON_POINT -97.332705462 37.699067170 -97.332705462 37.699067170
POLYGON_POINT -97.332707924 37.699044606 -97.332714609 37.699036671
POLYGON_POINT -97.332735073 37.699036748 -97.332735073 37.699036748
POLYGON_POINT -97.332897173 37.699037175 -97.332897173 37.699037175
END_WINDING
BEGIN_WINDING
POLYGON_POINT -97.331822722 37.698912790 -97.331822722 37.698912790
POLYGON_POINT -97.331822722 37.698912790 -97.331809288 37.698910133
POLYGON_POINT -97.331780395 37.698900240 -97.331768305 37.698895457
POLYGON_POINT -97.331741518 37.698880084 -97.331733458 37.698873706
POLYGON_POINT -97.331709012 37.698853898 -97.331702295 37.698844863
POLYGON_POINT -97.331685569 37.698821887 -97.331680867 37.698812321
POLYGON_POINT -97.331675036 37.698784165 -97.331673693 37.698772473
POLYGON_POINT -97.331676914 37.698745997 -97.331678929 37.698735899
POLYGON_POINT -97.331689554 37.698712500 -97.331694256 37.698702934
POLYGON_POINT -97.331710481 37.698683856 -97.331718047 37.698673730
POLYGON_POINT -97.331741214 37.698658195 -97.331750123 37.698650474
POLYGON_POINT -97.331781966 37.698636902 -97.331794587 37.698631027
POLYGON_POINT -97.331832095 37.698622725 -97.331850042 37.698619545
POLYGON_POINT -97.331890592 37.698618581 -97.331907384 37.698619112
POLYGON_POINT -97.331950990 37.698630034 -97.331965095 37.698635349
POLYGON_POINT -97.331990577 37.698652231 -97.332004011 37.698662329
POLYGON_POINT -97.332017352 37.698675501 -97.332025412 37.698684004
POLYGON_POINT -97.332040830 37.698707965 -97.332047547 37.698720189
POLYGON_POINT -97.332055322 37.698744240 -97.332056927 37.698758382
POLYGON_POINT -97.332056392 37.698779773 -97.332053967 37.698794654
POLYGON_POINT -97.332047039 37.698814070 -97.332041666 37.698825762
POLYGON_POINT -97.332026645 37.698847477 -97.332015898 37.698858106
POLYGON_POINT -97.331996881 37.698875175 -97.331985462 37.698882084
POLYGON_POINT -97.331958486 37.698894811 -97.331943709 37.698901189
POLYGON_POINT -97.331915032 37.698909449 -97.331902270 37.698912106
POLYGON_POINT -97.331871048 37.698915234 -97.331856943 37.698915765
POLYGON_POINT -97.331822722 37.698912790 -97.331809288 37.698910133
END_WINDING
BEGIN_WINDING
POLYGON_POINT -97.331666983 37.698641951 -97.331666983 37.698641951
POLYGON_POINT -97.331666983 37.698641951 -97.331665421 37.698639479
POLYGON_POINT -97.331665945 37.698636106 -97.331665945 37.698636106
POLYGON_POINT -97.331675274 37.698472177 -97.331675274 37.698472177
POLYGON_POINT -97.331683524 37.698467290 -97.331688490 37.698467735
POLYGON_POINT -97.331690432 37.698472425 -97.331690432 37.698472425
POLYGON_POINT -97.331687641 37.698530099 -97.331687641 37.698530099
POLYGON_POINT -97.331698497 37.698552465 -97.331705105 37.698561692
POLYGON_POINT -97.331713175 37.698564079 -97.331713175 37.698564079
POLYGON_POINT -97.331739871 37.698579691 -97.331739871 37.698579691
POLYGON_POINT -97.331744896 37.698591638 -97.331744119 37.698599778
POLYGON_POINT -97.331738710 37.698601732 -97.331738710 37.698601732
POLYGON_POINT -97.331672552 37.698645813 -97.331672552 37.698645813
POLYGON_POINT -97.331666983 37.698641951 -97.331665421 37.698639479
END_WINDING
BEGIN_WINDING
POLYGON_POINT -97.332183484 37.698925392 -97.332183484 37.698925392
POLYGON_POINT -97.332207665 37.698892506 -97.332213496 37.698881741
POLYGON_POINT -97.332219271 37.698858045 -97.332219271 37.698858045
POLYGON_POINT -97.332283108 37.698867994 -97.332283108 37.698867994
POLYGON_POINT -97.332263764 37.698941464 -97.332263764 37.698941464
END_WINDING
BEGIN_WINDING
POLYGON_POINT -97.332226042 37.698841974 -97.332226042 37.698841974
POLYGON_POINT -97.332235326 37.698817169 -97.332238079 37.698805178
POLYGON_POINT -97.332239583 37.698789933 -97.332239583 37.698789933
POLYGON_POINT -97.332283108 37.698789933 -97.332283108 37.698789933
POLYGON_POINT -97.332281174 37.698847331 -97.332281174 37.698847331
END_WINDING
BEGIN_WINDING
POLYGON_POINT -97.332239583 37.698769270 -97.332239583 37.698769270
POLYGON_POINT -97.332242485 37.698743249 -97.332241260 37.698732262
POLYGON_POINT -97.332237649 37.698719525 -97.332237649 37.698719525
POLYGON_POINT -97.332281174 37.698714933 -97.332281174 37.698714933
POLYGON_POINT -97.332280207 37.698769270 -97.332280207 37.698769270
END_WINDING
BEGIN_WINDING
POLYGON_POINT -97.332280207 37.698695035 -97.332280207 37.698695035
POLYGON_POINT -97.332227009 37.698702688 -97.332227009 37.698702688
POLYGON_POINT -97.332222785 37.698676322 -97.332217681 37.698664082
POLYGON_POINT -97.332205730 37.698647586 -97.332205730 37.698647586
POLYGON_POINT -97.332282141 37.698644525 -97.332282141 37.698644525
END_WINDING
BEGIN_WINDING
POLYGON_POINT -97.331592589 37.698626383 -97.331592589 37.698626383
POLYGON_POINT -97.331592735 37.698529085 -97.331592735 37.698529085
POLYGON_POINT -97.331603740 37.698525339 -97.331612145 37.698525493
POLYGON_POINT -97.331614789 37.698529838 -97.331614789 37.698529838
POLYGON_POINT -97.331614866 37.698626445 -97.331614866 37.698626445
POLYGON_POINT -97.331603771 37.698629470 -97.331596288 37.698629508
END_WINDING
BEGIN_WINDING
POLYGON_POINT -97.331600106 37.698498195 -97.331600106 37.698498195
POLYGON_POINT -97.331600106 37.698498195 -97.331593109 37.698498503
POLYGON_POINT -97.331587238 37.698492740 -97.331587238 37.698492740
POLYGON_POINT -97.331582316 37.698326399 -97.331582316 37.698326399
POLYGON_POINT -97.331594744 37.698319469 -97.331600266 37.698319270
POLYGON_POINT -97.331608641 37.698325489 -97.331608641 37.698325489
POLYGON_POINT -97.331613031 37.698492102 -97.331613031 37.698492102
POLYGON_POINT -97.331600106 37.698498195 -97.331593109 37.698498503
END_WINDING
BEGIN_WINDING
POLYGON_POINT -97.331527263 37.698397887 -97.331527263 37.698397887
POLYGON_POINT -97.331527263 37.698397887 -97.331524983 37.698392474
POLYGON_POINT -97.331509169 37.698367362 -97.331505292 37.698360686
POLYGON_POINT -97.331507235 37.698324505 -97.331509059 37.698321438
POLYGON_POINT -97.331525612 37.698313791 -97.331530401 37.698312167
POLYGON_POINT -97.331547858 37.698317617 -97.331553559 37.698320143
POLYGON_POINT -97.331553661 37.698330627 -97.331553661 37.698330627
POLYGON_POINT -97.331558497 37.698435474 -97.331557805 37.698438685
POLYGON_POINT -97.331552694 37.698445423 -97.331548817 37.698448310
POLYGON_POINT -97.331541087 37.698449250 -97.331541087 37.698449250
POLYGON_POINT -97.331527263 37.698397887 -97.331524983 37.698392474
END_WINDING
BEGIN_WINDING
POLYGON_POINT -97.331580758 37.698216179 -97.331580758 37.698216179
POLYGON_POINT -97.331580758 37.698216179 -97.331555688 37.698212873
POLYGON_POINT -97.331554295 37.698196342 -97.331554295 37.698196342
POLYGON_POINT -97.331554295 37.698135729 -97.331559866 37.698113688
POLYGON_POINT -97.331568223 37.698074015 -97.331569616 37.698069607
POLYGON_POINT -97.331578990 37.697996620 -97.331578990 37.697996620
POLYGON_POINT -97.331596539 37.697989865 -97.331602693 37.697990121
POLYGON_POINT -97.331612779 37.697997656 -97.331612779 37.697997656
POLYGON_POINT -97.331611399 37.698206260 -97.331611399 37.698206260
POLYGON_POINT -97.331580758 37.698216179 -97.331555688 37.698212873
END_WINDING
BEGIN_WINDING
POLYGON_POINT -97.331594746 37.697946820 -97.331594746 37.697946820
POLYGON_POINT -97.331594746 37.697946820 -97.331586824 37.697946261
POLYGON_POINT -97.331579916 37.697942821 -97.331579916 37.697942821
POLYGON_POINT -97.331579505 37.697723795 -97.331579505 37.697723795
POLYGON_POINT -97.331596649 37.697716087 -97.331603042 37.697716087
POLYGON_POINT -97.331613605 37.697723263 -97.331613605 37.697723263
POLYGON_POINT -97.331611399 37.697943974 -97.331611399 37.697943974
POLYGON_POINT -97.331594746 37.697946820 -97.331586824 37.697946261
END_WINDING
BEGIN_WINDING
POLYGON_POINT -97.330555342 37.698049399 -97.330555342 37.698049399
POLYGON_POINT -97.330555342 37.698049399 -97.330537398 37.698049554
POLYGON_POINT -97.330535127 37.698043281 -97.330535127 37.698043281
POLYGON_POINT -97.330533966 37.697818570 -97.330533966 37.697818570
POLYGON_POINT -97.330553733 37.697807792 -97.330569982 37.697807792
POLYGON_POINT -97.330579217 37.697817894 -97.330579217 37.697817894
POLYGON_POINT -97.330576810 37.698041512 -97.330576810 37.698041512
POLYGON_POINT -97.330555342 37.698049399 -97.330537398 37.698049554
END_WINDING
BEGIN_WINDING
POLYGON_POINT -97.330564223 37.698506373 -97.330564223 37.698506373
POLYGON_POINT -97.330564223 37.698506373 -97.330544879 37.698506373
POLYGON_POINT -97.330539871 37.698494443 -97.330539871 37.698494443
POLYGON_POINT -97.330537040 37.698155491 -97.330537040 37.698155491
POLYGON_POINT -97.330565475 37.698139509 -97.330579016 37.698139509
POLYGON_POINT -97.330586712 37.698151101 -97.330586712 37.698151101
POLYGON_POINT -97.330586498 37.698493622 -97.330586498 37.698493622
POLYGON_POINT -97.330564223 37.698506373 -97.330544879 37.698506373
END_WINDING
BEGIN_WINDING
POLYGON_POINT -97.330571282 37.698937284 -97.330571282 37.698937284
POLYGON_POINT -97.330571282 37.698937284 -97.330557354 37.698936366
POLYGON_POINT -97.330552386 37.698930099 -97.330552386 37.698930099
POLYGON_POINT -97.330552070 37.698592830 -97.330552070 37.698592830
POLYGON_POINT -97.330572127 37.698583970 -97.330587216 37.698584888
POLYGON_POINT -97.330594188 37.698592830 -97.330594188 37.698592830
POLYGON_POINT -97.330591338 37.698928093 -97.330591338 37.698928093
POLYGON_POINT -97.330571282 37.698937284 -97.330557354 37.698936366
END_WINDING
BEGIN_WINDING
POLYGON_POINT -97.332545779 37.697819977 -97.332545779 37.697819977
POLYGON_POINT -97.332544710 37.697743721 -97.332544710 37.697743721
POLYGON_POINT -97.332560005 37.697696347 -97.332576718 37.697679155
POLYGON_POINT -97.332609871 37.697672020 -97.332609871 37.697672020
POLYGON_POINT -97.332744506 37.697669959 -97.332744506 37.697669959
POLYGON_POINT -97.332796859 37.697690810 -97.332818586 37.697710647
POLYGON_POINT -97.332819211 37.697735403 -97.332819211 37.697735403
POLYGON_POINT -97.332825233 37.697819977 -97.332825233 37.697819977
END_WINDING
BEGIN_WINDING
POLYGON_POINT -97.332411550 37.697755641 -97.332411550 37.697755641
POLYGON_POINT -97.332397475 37.697733925 -97.332388770 37.697721680
POLYGON_POINT -97.332371438 37.697705455 -97.332371438 37.697693975
POLYGON_POINT -97.332384809 37.697682973 -97.332395448 37.697679912
POLYGON_POINT -97.332415860 37.697680678 -97.332415860 37.697680678
POLYGON_POINT -97.332441634 37.697680329 -97.332441634 37.697680329
POLYGON_POINT -97.332463361 37.697689586 -97.332472066 37.697700300
POLYGON_POINT -97.332473389 37.697710745 -97.332473389 37.697710745
POLYGON_POINT -97.332468375 37.697757031 -97.332468375 37.697757031
END_WINDING
END_POLYGON
FILTER -1
FILTER 0
FILTER -1
FILTER 0
FILTER -1
FILTER 0
FILTER -1
FILTER 0
FILTER -1
FILTER 0
BEGIN_POLYGON 1 28 3
BEGIN_WINDING
POLYGON_POINT -97.332246924 37.698500025 0.000000000
POLYGON_POINT -97.332238175 37.697753830 1.000000000
POLYGON_POINT -97.332125536 37.697753830 2.000000000
POLYGON_POINT -97.332122714 37.697681865 2.000000000
POLYGON_POINT -97.331823065 37.697679681 1.000000000
POLYGON_POINT -97.331819696 37.697955393 0.000000000
POLYGON_POINT -97.331815737 37.698497059 0.000000000
END_WINDING
END_POLYGON
OBJECT 0 -97.332227094 37.698746158 176.089996
OBJECT 0 -97.332192121 37.698895707 204.699997
OBJECT 1 -97.330971408 37.698926267 269.989990
OBJECT 1 -97.331103384 37.698926880 269.989990
OBJECT 1 -97.332399883 37.698508716 271.660004
OBJECT 2 -97.331017036 37.698290483 179.509995
OBJECT 3 -97.331230684 37.697998401 180.000000
OBJECT 3 -97.331013723 37.698008672 180.000000
OBJECT 3 -97.330821623 37.698004420 180.000000
OBJECT 3 -97.330823371 37.697815808 0.000000
OBJECT 3 -97.330961670 37.698544425 90.629997
OBJECT 3 -97.331015575 37.697821318 0.000000
OBJECT 3 -97.331232849 37.697810298 0.000000
OBJECT 3 -97.331571295 37.697744175 0.000000
OBJECT 2 -97.331414631 37.697815755 359.730011
OBJECT 2 -97.330822698 37.697994286 359.730011
OBJECT 2 -97.331015367 37.697998878 359.730011
OBJECT 2 -97.331233776 37.697989805 359.570007
OBJECT 2 -97.331235703 37.698281667 179.509995
OBJECT 2 -97.330709119 37.697689870 270.019989
OBJECT 2 -97.331070128 37.697689870 270.019989
OBJECT 2 -97.330823439 37.698284973 179.509995
OBJECT 2 -97.330606937 37.698901441 179.509995
OBJECT 2 -97.330598580 37.698447840 179.509995
OBJECT 3 -97.332594852 37.698967101 180.389999
OBJECT 3 -97.332597627 37.698780167 0.000000
OBJECT 2 -97.332380351 37.698934894 179.779999
OBJECT 2 -97.332818246 37.698653212 0.000000
OBJECT 3 -97.330585328 37.698017801 180.000000
OBJECT 4 -97.331865472 37.698773978 0.000000
OBJECT_MSL 5 -97.332026440 37.698332330 414.833000000 90.470001
BEGIN_POLYGON 2 20 3
BEGIN_WINDING
POLYGON_POINT -97.332176616 37.698451153 4.000000000
POLYGON_POINT -97.332178709 37.698213421 4.000000000
POLYGON_POINT -97.331875556 37.698211673 4.000000000
POLYGON_POINT -97.331875260 37.698449382 4.000000000
END_WINDING
END_POLYGON
OBJECT 6 -97.332606176 37.698211805 180.660004
OBJECT 6 -97.332604064 37.698360193 180.660004
OBJECT 6 -97.332602872 37.698509538 180.520004
BEGIN_POLYGON 3 10 3
BEGIN_WINDING
POLYGON_POINT -97.331251548 37.698920338 2.000000000
POLYGON_POINT -97.331251270 37.698764289 2.000000000
POLYGON_POINT -97.330948151 37.698764628 2.000000000
POLYGON_POINT -97.330948064 37.698716210 1.000000000
POLYGON_POINT -97.330947891 37.698619072 2.000000000
POLYGON_POINT -97.330947772 37.698552564 2.000000000
POLYGON_POINT -97.330741097 37.698552795 2.000000000
POLYGON_POINT -97.330741754 37.698920417 2.000000000
POLYGON_POINT -97.330793201 37.698920376 1.000000000
POLYGON_POINT -97.330919660 37.698920558 2.000000000
END_WINDING
END_POLYGON
BEGIN_POLYGON 4 10 3
BEGIN_WINDING
POLYGON_POINT -97.331367823 37.698526217 1.000000000
POLYGON_POINT -97.331367805 37.698392458 4.000000000
POLYGON_POINT -97.331252948 37.698391927 1.000000000
POLYGON_POINT -97.331250701 37.698525379 0.000000000
END_WINDING
END_POLYGON
BEGIN_POLYGON 5 15 2
BEGIN_WINDING
POLYGON_POINT -97.331170237 37.698864310
POLYGON_POINT -97.331170932 37.698773466
POLYGON_POINT -97.330938875 37.698772355
POLYGON_POINT -97.330940482 37.698562244
POLYGON_POINT -97.330758190 37.698561371
POLYGON_POINT -97.330761132 37.698784754
POLYGON_POINT -97.330860784 37.698787102
POLYGON_POINT -97.330862506 37.698862837
END_WINDING
END_POLYGON
BEGIN_POLYGON 2 10 2
BEGIN_WINDING
POLYGON_POINT -97.331520039 37.698801573
POLYGON_POINT -97.331518274 37.698628559
POLYGON_POINT -97.331540582 37.698628423
POLYGON_POINT -97.331541326 37.698562448
POLYGON_POINT -97.331515817 37.698562796
POLYGON_POINT -97.331514890 37.698522634
POLYGON_POINT -97.331368145 37.698524309
POLYGON_POINT -97.331250510 37.698524627
POLYGON_POINT -97.331098246 37.698525403
POLYGON_POINT -97.331098560 37.698555709
POLYGON_POINT -97.331067093 37.698556105
POLYGON_POINT -97.331066947 37.698626163
POLYGON_POINT -97.331095668 37.698626218
POLYGON_POINT -97.331095308 37.698789469
POLYGON_POINT -97.331157751 37.698789191
POLYGON_POINT -97.331158167 37.698829209
POLYGON_POINT -97.331270182 37.698828481
POLYGON_POINT -97.331368788 37.698827839
POLYGON_POINT -97.331446380 37.698827489
POLYGON_POINT -97.331445925 37.698802127
END_WINDING
END_POLYGON
BEGIN_POLYGON 6 25 3
BEGIN_WINDING
POLYGON_POINT -97.331518580 37.698800331 3.000000000
POLYGON_POINT -97.331516785 37.698627228 0.000000000
POLYGON_POINT -97.331538160 37.698626604 4.000000000
POLYGON_POINT -97.331539228 37.698563660 0.000000000
POLYGON_POINT -97.331514202 37.698564306 0.000000000
POLYGON_POINT -97.331513073 37.698524510 1.000000000
POLYGON_POINT -97.331367823 37.698526217 1.000000000
POLYGON_POINT -97.331250701 37.698525379 0.000000000
POLYGON_POINT -97.331100293 37.698526483 0.000000000
POLYGON_POINT -97.331100068 37.698557207 0.000000000
POLYGON_POINT -97.331069007 37.698557509 4.000000000
POLYGON_POINT -97.331068733 37.698624674 0.000000000
POLYGON_POINT -97.331097176 37.698624954 0.000000000
POLYGON_POINT -97.331098828 37.698786781 0.000000000
POLYGON_POINT -97.331160698 37.698786859 0.000000000
POLYGON_POINT -97.331161605 37.698826488 0.000000000
POLYGON_POINT -97.331270538 37.698825839 4.000000000
POLYGON_POINT -97.331368387 37.698825160 1.000000000
POLYGON_POINT -97.331443296 37.698825969 0.000000000
POLYGON_POINT -97.331443512 37.698799843 1.000000000
END_WINDING
END_POLYGON
FILTER -1
OBJECT_DEF lib/cars/car.obj
OBJECT_DEF lib/airport/Common_Elements/Parking_Items/Row_of_Cars_4.agp
OBJECT_DEF lib/airport/Common_Elements/Parking_Items/Row_of_Cars_10.agp
OBJECT_DEF lib/airport/Common_Elements/Parking_Items/Row_of_Cars_6.agp
OBJECT_DEF lib/airport/Common_Elements/Miscellaneous/Flagpole.obj
OBJECT_DEF lib/constructions/helipads/rooftop_helipad_1.obj
OBJECT_DEF lib/g10/US/urban_high/0450A0338S016.obj
POLYGON_DEF lib/airport/pavement/asphalt_1D.pol
POLYGON_DEF lib/airport/Modern_Airports/Facades/Garage_1.fac
POLYGON_DEF lib/airport/Modern_Airports/Terminal_kit/term_building_Levels_01.fac
POLYGON_DEF lib/airport/Common_Elements/Misc_Buildings/White_Office.fac
POLYGON_DEF lib/airport/Modern_Airports/Terminal_kit/term_building_Ground_03.fac
POLYGON_DEF lib/airport/Modern_Airports/Terminal_kit/term_building_Ground_02.fac
POLYGON_DEF lib/airport/Modern_Airports/Terminal_kit/term_building_Ground_01.fac
PROPERTY sim/filter/aptid 22KS
PROPERTY sim/exclude_obj -97.332904/37.697645/-97.330487/37.699142
PROPERTY sim/exclude_fac -97.332904/37.697645/-97.330487/37.699142
PROPERTY sim/exclude_for -97.332904/37.697645/-97.330487/37.699142
PROPERTY sim/exclude_net -97.332904/37.697645/-97.330487/37.699142
PROPERTY sim/exclude_pol -97.332904/37.697645/-97.330487/37.699142
PROPERTY sim/require_agpoint 1/0
PROPERTY sim/require_object 1/0
PROPERTY sim/require_facade 1/1
PROPERTY sim/require_facade 6/0
