PROPERTY sim/west -180
PROPERTY sim/east 180
PROPERTY sim/north 90
PROPERTY sim/south -90
PROPERTY sim/planet earth
PROPERTY sim/creation_agent WorldEditor1.7.0r3
PROPERTY laminar/internal_revision 0
PROPERTY sim/overlay 1
FILTER 0
BEGIN_POLYGON 0 0 4
BEGIN_WINDING
POLYGON_POINT -96.013367743 36.357621370 -96.013367743 36.357621370
POLYGON_POINT -96.013373890 36.357448098 -96.013373890 36.357448098
POLYGON_POINT -96.013291927 36.357495954 -96.013252084 36.357497100
POLYGON_POINT -96.013291927 36.357495954 -96.013291927 36.357495954
POLYGON_POINT -96.012583613 36.357475229 -96.012583613 36.357475229
POLYGON_POINT -96.012538988 36.357473646 -96.012538988 36.357473646
POLYGON_POINT -96.012538988 36.357473646 -96.012464993 36.357467916
POLYGON_POINT -96.012404892 36.357355103 -96.012404892 36.357355103
POLYGON_POINT -96.012400126 36.357595962 -96.012400126 36.357595962
POLYGON_POINT -96.012524692 36.357533516 -96.012592995 36.357532370
POLYGON_POINT -96.012524692 36.357533516 -96.012524692 36.357533516
POLYGON_POINT -96.013274279 36.357553272 -96.013274279 36.357553272
POLYGON_POINT -96.013274279 36.357553272 -96.013316968 36.357557856
END_WINDING
END_POLYGON
BEGIN_POLYGON 0 0 4
BEGIN_WINDING
POLYGON_POINT -96.013336866 36.359980369 -96.013336866 36.359980369
POLYGON_POINT -96.013340964 36.359810397 -96.013340964 36.359810397
POLYGON_POINT -96.013254900 36.359859243 -96.013205094 36.359861153
POLYGON_POINT -96.013254900 36.359859243 -96.013254900 36.359859243
POLYGON_POINT -96.012242626 36.359856603 -96.012242626 36.359856603
POLYGON_POINT -96.012254921 36.359953965 -96.012254921 36.359953965
POLYGON_POINT -96.012540434 36.360525213 -96.012540434 36.360525213
POLYGON_POINT -96.012937669 36.360525018 -96.012937669 36.360525018
POLYGON_POINT -96.012938311 36.359965517 -96.012938311 36.359965517
POLYGON_POINT -96.013027108 36.359905009 -96.013111303 36.359903099
POLYGON_POINT -96.013027108 36.359905009 -96.013027108 36.359905009
POLYGON_POINT -96.013230315 36.359910510 -96.013230315 36.359910510
POLYGON_POINT -96.013230315 36.359910510 -96.013287236 36.359918150
END_WINDING
END_POLYGON
BEGIN_POLYGON 1 0 4
BEGIN_WINDING
POLYGON_POINT -96.013375335 36.355155109 -96.013375335 36.355155109
POLYGON_POINT -96.013369643 36.355027906 -96.013369643 36.355027906
POLYGON_POINT -96.013312726 36.355064577 -96.013312726 36.355064577
POLYGON_POINT -96.012753513 36.355071262 -96.012753513 36.355071262
POLYGON_POINT -96.012753513 36.355071262 -96.012632564 36.355060757
POLYGON_POINT -96.012580389 36.354972135 -96.012580389 36.354972135
POLYGON_POINT -96.012564739 36.354524630 -96.012564739 36.354524630
POLYGON_POINT -96.012564739 36.354524630 -96.012567198 36.354457301
POLYGON_POINT -96.012450430 36.354425121 -96.012450430 36.354425121
POLYGON_POINT -96.012190035 36.354427413 -96.012190035 36.354427413
POLYGON_POINT -96.012195727 36.354538573 -96.012195727 36.354538573
POLYGON_POINT -96.012457545 36.354532843 -96.012457545 36.354532843
POLYGON_POINT -96.012513039 36.354587850 -96.012517782 36.354624330
POLYGON_POINT -96.012513039 36.354587850 -96.012513039 36.354587850
POLYGON_POINT -96.012513039 36.354587850 -96.012513039 36.354588566
POLYGON_POINT -96.012524436 36.355027324 -96.012524436 36.355027324
POLYGON_POINT -96.012522990 36.355136641 -96.012522990 36.355136641
POLYGON_POINT -96.012524703 36.355230947 -96.012524703 36.355230947
POLYGON_POINT -96.012466084 36.355257102 -96.012466084 36.355257102
POLYGON_POINT -96.012281103 36.355244496 -96.012281103 36.355244496
POLYGON_POINT -96.012281103 36.355244496 -96.012239601 36.355242904
POLYGON_POINT -96.012207110 36.355227306 -96.012207110 36.355227306
POLYGON_POINT -96.012207110 36.355227306 -96.012168572 36.355211390
POLYGON_POINT -96.012138586 36.355148629 -96.012138586 36.355148629
POLYGON_POINT -96.012092817 36.355149676 -96.012092817 36.355149676
POLYGON_POINT -96.012117428 36.355205277 -96.012128944 36.355215831
POLYGON_POINT -96.012117428 36.355205277 -96.012117428 36.355205277
POLYGON_POINT -96.012239563 36.355266396 -96.012328496 36.355276742
POLYGON_POINT -96.012239563 36.355266396 -96.012239563 36.355266396
POLYGON_POINT -96.012462490 36.355289316 -96.012462490 36.355289316
POLYGON_POINT -96.012515850 36.355336110 -96.012515850 36.355336110
POLYGON_POINT -96.012503994 36.355623559 -96.012503994 36.355623559
POLYGON_POINT -96.012443519 36.355623559 -96.012443519 36.355623559
POLYGON_POINT -96.012442333 36.355662210 -96.012442333 36.355662210
POLYGON_POINT -96.012496879 36.355662714 -96.012496879 36.355662714
POLYGON_POINT -96.012468422 36.355998868 -96.012468422 36.355998868
POLYGON_POINT -96.012426635 36.356030348 -96.012426635 36.356030348
POLYGON_POINT -96.012498642 36.356029814 -96.012498642 36.356029814
POLYGON_POINT -96.012534825 36.355753437 -96.012534825 36.355753437
POLYGON_POINT -96.012554982 36.355413463 -96.012554982 36.355413463
POLYGON_POINT -96.012556167 36.355306505 -96.012556167 36.355306505
POLYGON_POINT -96.012817038 36.355114554 -96.013009134 36.355101184
POLYGON_POINT -96.012817038 36.355114554 -96.012817038 36.355114554
POLYGON_POINT -96.013297277 36.355109779 -96.013297277 36.355109779
END_WINDING
BEGIN_WINDING
POLYGON_POINT -96.012568734 36.355193543 -96.012568734 36.355193543
POLYGON_POINT -96.012573477 36.355040746 -96.012573477 36.355040746
POLYGON_POINT -96.012694426 36.355107594 -96.012785731 36.355125739
POLYGON_POINT -96.012694426 36.355107594 -96.012694426 36.355107594
POLYGON_POINT -96.012568734 36.355193543 -96.012558062 36.355234607
END_WINDING
END_POLYGON
BEGIN_POLYGON 2 0 4
BEGIN_WINDING
POLYGON_POINT -96.013127984 36.353520888 -96.013127984 36.353520888
POLYGON_POINT -96.013128972 36.353442898 -96.013128972 36.353442898
POLYGON_POINT -96.012883917 36.353444489 -96.012883917 36.353444489
POLYGON_POINT -96.012770282 36.353271797 -96.012770282 36.353271797
POLYGON_POINT -96.012686291 36.353332279 -96.012686291 36.353332279
POLYGON_POINT -96.012688267 36.353513726 -96.012688267 36.353513726
POLYGON_POINT -96.012472856 36.353509747 -96.012472856 36.353509747
POLYGON_POINT -96.012472856 36.353509747 -96.012438271 36.353508951
POLYGON_POINT -96.012439259 36.353491443 -96.012439259 36.353491443
POLYGON_POINT -96.012442224 36.353353766 -96.012442224 36.353353766
POLYGON_POINT -96.012427402 36.353330687 -96.012427402 36.353330687
POLYGON_POINT -96.012168512 36.353329096 -96.012168512 36.353329096
POLYGON_POINT -96.012167524 36.353410269 -96.012167524 36.353410269
POLYGON_POINT -96.012086498 36.353413453 -96.012086498 36.353413453
POLYGON_POINT -96.012087486 36.353551129 -96.012087486 36.353551129
POLYGON_POINT -96.012172465 36.353550333 -96.012172465 36.353550333
POLYGON_POINT -96.012174441 36.353567841 -96.012174441 36.353567841
POLYGON_POINT -96.012274242 36.353560679 -96.012274242 36.353560679
POLYGON_POINT -96.012357245 36.353550333 -96.012357245 36.353550333
POLYGON_POINT -96.012621075 36.353550333 -96.012621075 36.353550333
POLYGON_POINT -96.012769294 36.353552721 -96.012769294 36.353552721
POLYGON_POINT -96.012852297 36.353559883 -96.012852297 36.353559883
POLYGON_POINT -96.012950121 36.353567841 -96.012950121 36.353567841
POLYGON_POINT -96.012950121 36.353567841 -96.012969884 36.353566249
POLYGON_POINT -96.012992611 36.353520092 -96.012992611 36.353520092
END_WINDING
END_POLYGON
BEGIN_POLYGON 3 0 4
BEGIN_WINDING
POLYGON_POINT -96.013323462 36.362516059 -96.013323462 36.362516059
POLYGON_POINT -96.013316574 36.362435635 -96.013316574 36.362435635
POLYGON_POINT -96.013154718 36.362435635 -96.013154718 36.362435635
POLYGON_POINT -96.013078956 36.362349664 -96.013078956 36.362349664
POLYGON_POINT -96.013061737 36.361936449 -96.013061737 36.361936449
POLYGON_POINT -96.013309687 36.361941995 -96.013309687 36.361941995
POLYGON_POINT -96.013320018 36.361817199 -96.013320018 36.361817199
POLYGON_POINT -96.013213262 36.361811652 -96.013213262 36.361811652
POLYGON_POINT -96.013082399 36.361645257 -96.013082399 36.361645257
POLYGON_POINT -96.012985975 36.361573152 -96.012930328 36.361549334
POLYGON_POINT -96.012892993 36.361551127 -96.012892993 36.361551127
POLYGON_POINT -96.012193913 36.361542647 -96.012193913 36.361542647
POLYGON_POINT -96.012193913 36.361423397 -96.012193913 36.361423397
POLYGON_POINT -96.012094044 36.361423397 -96.012094044 36.361423397
POLYGON_POINT -96.012083713 36.361961408 -96.012083713 36.361961408
POLYGON_POINT -96.012052719 36.362244280 -96.012087596 36.362446229
POLYGON_POINT -96.012231794 36.362482780 -96.012231794 36.362482780
POLYGON_POINT -96.013089287 36.362482780 -96.013089287 36.362482780
END_WINDING
END_POLYGON
BEGIN_POLYGON 3 0 4
BEGIN_WINDING
POLYGON_POINT -96.010312174 36.362499037 -96.010312174 36.362499037
POLYGON_POINT -96.010312174 36.361408815 -96.010312174 36.361408815
POLYGON_POINT -96.010108857 36.361400828 -96.010108857 36.361400828
POLYGON_POINT -96.010114095 36.361539651 -96.010114095 36.361539651
POLYGON_POINT -96.009702758 36.361510763 -96.009702758 36.361510763
POLYGON_POINT -96.009650145 36.361759201 -96.009650145 36.361763052
POLYGON_POINT -96.009674060 36.361998009 -96.009674060 36.361998009
POLYGON_POINT -96.009590358 36.362063488 -96.009590358 36.362063488
POLYGON_POINT -96.008951825 36.362065414 -96.008951825 36.362065414
POLYGON_POINT -96.008966174 36.362583474 -96.008966174 36.362583474
POLYGON_POINT -96.009162277 36.362556512 -96.009162277 36.362556512
POLYGON_POINT -96.009509045 36.362598881 -96.009762544 36.362595029
POLYGON_POINT -96.009903643 36.362502587 -96.009903643 36.362502587
END_WINDING
END_POLYGON
BEGIN_POLYGON 4 0 2
BEGIN_WINDING
POLYGON_POINT -96.012583613 36.357475229
POLYGON_POINT -96.012586267 36.357378368
POLYGON_POINT -96.012539263 36.357377684
POLYGON_POINT -96.012538988 36.357473646
END_WINDING
END_POLYGON
BEGIN_POLYGON 5 0 4
BEGIN_WINDING
POLYGON_POINT -96.011508289 36.360895290 -96.011508289 36.360895290
POLYGON_POINT -96.011509871 36.360794614 -96.011487716 36.360752560
POLYGON_POINT -96.011475057 36.360753834 -96.011413340 36.360752560
POLYGON_POINT -96.011448155 36.360900387 -96.011448155 36.360900387
END_WINDING
END_POLYGON
BEGIN_POLYGON 6 0 4
BEGIN_WINDING
POLYGON_POINT -96.011745474 36.361268562 -96.011745474 36.361268562
POLYGON_POINT -96.011734578 36.361136935 -96.011680095 36.361106222
POLYGON_POINT -96.011647406 36.361147904 -96.011598372 36.361143516
POLYGON_POINT -96.011622888 36.361231267 -96.011625612 36.361281724
END_WINDING
END_POLYGON
BEGIN_POLYGON 5 0 4
BEGIN_WINDING
POLYGON_POINT -96.011669199 36.361044796 -96.011669199 36.361044796
POLYGON_POINT -96.011671923 36.360985564 -96.011647406 36.360963626
POLYGON_POINT -96.011620164 36.360959238 -96.011573854 36.360965819
POLYGON_POINT -96.011576578 36.361014083 -96.011573854 36.361027246
POLYGON_POINT -96.011573854 36.361055765 -96.011573854 36.361055765
END_WINDING
END_POLYGON
BEGIN_POLYGON 5 0 4
BEGIN_WINDING
POLYGON_POINT -96.012110509 36.361261980 -96.012110509 36.361261980
POLYGON_POINT -96.012105060 36.361097447 -96.012080543 36.361088672
POLYGON_POINT -96.012034233 36.361121578 -96.012017888 36.361165454
POLYGON_POINT -96.012036957 36.361266368 -96.012036957 36.361266368
END_WINDING
END_POLYGON
BEGIN_POLYGON 5 0 4
BEGIN_WINDING
POLYGON_POINT -96.011829923 36.361057958 -96.011829923 36.361057958
POLYGON_POINT -96.011821750 36.361011889 -96.011797233 36.360989951
POLYGON_POINT -96.011767267 36.360976788 -96.011740026 36.360976788
POLYGON_POINT -96.011707337 36.361025052 -96.011710061 36.361055765
POLYGON_POINT -96.011715509 36.361066734 -96.011715509 36.361066734
END_WINDING
END_POLYGON
BEGIN_POLYGON 5 0 4
BEGIN_WINDING
POLYGON_POINT -96.011671923 36.360930719 -96.011671923 36.360930719
POLYGON_POINT -96.011680095 36.360706953 -96.011650130 36.360695984
POLYGON_POINT -96.011603819 36.360737666 -96.011598371 36.360766185
POLYGON_POINT -96.011592923 36.360930719 -96.011623872 36.360946721
POLYGON_POINT -96.011661026 36.360939494 -96.011661026 36.360939494
END_WINDING
END_POLYGON
BEGIN_POLYGON 5 0 4
BEGIN_WINDING
POLYGON_POINT -96.012260336 36.360915362 -96.012260336 36.360915362
POLYGON_POINT -96.012235819 36.359796532 -96.012235819 36.359796532
POLYGON_POINT -96.012235819 36.359796532 -96.012110509 36.359768013
POLYGON_POINT -96.011900750 36.359840408 -96.011900750 36.359840408
POLYGON_POINT -96.011720957 36.359774595 -96.011644681 36.359785564
POLYGON_POINT -96.011625612 36.359958873 -96.011625612 36.359965454
POLYGON_POINT -96.011666474 36.360219933 -96.011669198 36.360257227
POLYGON_POINT -96.011799957 36.360410792 -96.011821750 36.360474412
POLYGON_POINT -96.011799957 36.360410792 -96.011799957 36.360410792
POLYGON_POINT -96.011799957 36.360410792 -96.011808129 36.360474412
POLYGON_POINT -96.011750923 36.360919750 -96.011791785 36.360954851
END_WINDING
END_POLYGON
BEGIN_POLYGON 7 0 4
BEGIN_WINDING
POLYGON_POINT -96.007514913 36.357926805 -96.007514913 36.357926805
POLYGON_POINT -96.008253237 36.357148629 -96.008253237 36.357148629
POLYGON_POINT -96.008253237 36.357148629 -96.008708993 36.356913708
POLYGON_POINT -96.008189431 36.352039102 -96.008189431 36.352039102
POLYGON_POINT -96.007150308 36.352024419 -96.007150308 36.352024419
POLYGON_POINT -96.007022012 36.354166733 -96.007022012 36.354166733
POLYGON_POINT -96.006591252 36.354413203 -96.006591252 36.354413203
POLYGON_POINT -96.006567888 36.355139105 -96.006567888 36.355139105
POLYGON_POINT -96.006949775 36.355402352 -96.006949775 36.355402352
POLYGON_POINT -96.006885970 36.356487915 -96.006885970 36.356493297
POLYGON_POINT -96.006885970 36.356487915 -96.006885970 36.356487915
POLYGON_POINT -96.006885970 36.356487915 -96.006885970 36.356509939
POLYGON_POINT -96.006247911 36.357148629 -96.006193220 36.357398232
POLYGON_POINT -96.006612516 36.357963511 -96.006612516 36.357963511
END_WINDING
END_POLYGON
BEGIN_POLYGON 8 0 2
BEGIN_WINDING
POLYGON_POINT -96.009995783 36.357828678
POLYGON_POINT -96.009995602 36.357865615
POLYGON_POINT -96.010012154 36.357865668
POLYGON_POINT -96.010012283 36.357839378
POLYGON_POINT -96.010035068 36.357839451
POLYGON_POINT -96.010035120 36.357828804
END_WINDING
END_POLYGON
BEGIN_POLYGON 8 0 2
BEGIN_WINDING
POLYGON_POINT -96.010007098 36.358223538
POLYGON_POINT -96.010007360 36.358186601
POLYGON_POINT -96.009990808 36.358186525
POLYGON_POINT -96.009990622 36.358212814
POLYGON_POINT -96.009967837 36.358212710
POLYGON_POINT -96.009967762 36.358223357
END_WINDING
END_POLYGON
BEGIN_POLYGON 8 0 2
BEGIN_WINDING
POLYGON_POINT -96.010034394 36.358161716
POLYGON_POINT -96.010038256 36.358173950
POLYGON_POINT -96.010064103 36.358168658
POLYGON_POINT -96.010060241 36.358156424
POLYGON_POINT -96.010047317 36.358159070
END_WINDING
END_POLYGON
BEGIN_POLYGON 8 0 2
BEGIN_WINDING
POLYGON_POINT -96.010076995 36.358151289
POLYGON_POINT -96.010084661 36.358162299
POLYGON_POINT -96.010107923 36.358151795
POLYGON_POINT -96.010100256 36.358140784
POLYGON_POINT -96.010088625 36.358146036
END_WINDING
END_POLYGON
BEGIN_POLYGON 8 0 2
BEGIN_WINDING
POLYGON_POINT -96.010115473 36.358131870
POLYGON_POINT -96.010126479 36.358140859
POLYGON_POINT -96.010145468 36.358125778
POLYGON_POINT -96.010134462 36.358116790
POLYGON_POINT -96.010124967 36.358124330
END_WINDING
END_POLYGON
BEGIN_POLYGON 8 0 2
BEGIN_WINDING
POLYGON_POINT -96.010145416 36.358105867
POLYGON_POINT -96.010158916 36.358112283
POLYGON_POINT -96.010172471 36.358093787
POLYGON_POINT -96.010158971 36.358087370
POLYGON_POINT -96.010152194 36.358096619
END_WINDING
END_POLYGON
BEGIN_POLYGON 8 0 2
BEGIN_WINDING
POLYGON_POINT -96.010165760 36.358075240
POLYGON_POINT -96.010180827 36.358078720
POLYGON_POINT -96.010188180 36.358058075
POLYGON_POINT -96.010173112 36.358054595
POLYGON_POINT -96.010169436 36.358064917
END_WINDING
END_POLYGON
BEGIN_POLYGON 8 0 2
BEGIN_WINDING
POLYGON_POINT -96.010176439 36.358036851
POLYGON_POINT -96.010192114 36.358036745
POLYGON_POINT -96.010191889 36.358015268
POLYGON_POINT -96.010176214 36.358015374
POLYGON_POINT -96.010176326 36.358026113
END_WINDING
END_POLYGON
BEGIN_POLYGON 8 0 2
BEGIN_WINDING
POLYGON_POINT -96.010174556 36.358003501
POLYGON_POINT -96.010189734 36.358000349
POLYGON_POINT -96.010183075 36.357979552
POLYGON_POINT -96.010167896 36.357982704
POLYGON_POINT -96.010171226 36.357993103
END_WINDING
END_POLYGON
BEGIN_POLYGON 8 0 2
BEGIN_WINDING
POLYGON_POINT -96.010160821 36.357968115
POLYGON_POINT -96.010174397 36.357961805
POLYGON_POINT -96.010161067 36.357943203
POLYGON_POINT -96.010147490 36.357949513
POLYGON_POINT -96.010154156 36.357958814
END_WINDING
END_POLYGON
BEGIN_POLYGON 8 0 2
BEGIN_WINDING
POLYGON_POINT -96.010136583 36.357937700
POLYGON_POINT -96.010147642 36.357928754
POLYGON_POINT -96.010128742 36.357913601
POLYGON_POINT -96.010117683 36.357922547
POLYGON_POINT -96.010127133 36.357930123
END_WINDING
END_POLYGON
BEGIN_POLYGON 8 0 2
BEGIN_WINDING
POLYGON_POINT -96.010105474 36.357914652
POLYGON_POINT -96.010113457 36.357903788
POLYGON_POINT -96.010090507 36.357892849
POLYGON_POINT -96.010082523 36.357903713
POLYGON_POINT -96.010093998 36.357909182
END_WINDING
END_POLYGON
BEGIN_POLYGON 8 0 2
BEGIN_WINDING
POLYGON_POINT -96.010065881 36.357897749
POLYGON_POINT -96.010070070 36.357885585
POLYGON_POINT -96.010044372 36.357879844
POLYGON_POINT -96.010040182 36.357892008
POLYGON_POINT -96.010053031 36.357894879
END_WINDING
END_POLYGON
BEGIN_POLYGON 8 0 2
BEGIN_WINDING
POLYGON_POINT -96.010019832 36.357889585
POLYGON_POINT -96.010019721 36.357876961
POLYGON_POINT -96.009993053 36.357877113
POLYGON_POINT -96.009993164 36.357889737
POLYGON_POINT -96.010006498 36.357889661
END_WINDING
END_POLYGON
BEGIN_POLYGON 8 0 2
BEGIN_WINDING
POLYGON_POINT -96.009949057 36.357884067
POLYGON_POINT -96.009952919 36.357896302
POLYGON_POINT -96.009965842 36.357893656
POLYGON_POINT -96.009978766 36.357891010
POLYGON_POINT -96.009974904 36.357878775
END_WINDING
END_POLYGON
BEGIN_POLYGON 8 0 2
BEGIN_WINDING
POLYGON_POINT -96.009905237 36.357900931
POLYGON_POINT -96.009912904 36.357911942
POLYGON_POINT -96.009924534 36.357906689
POLYGON_POINT -96.009936165 36.357901437
POLYGON_POINT -96.009928498 36.357890426
END_WINDING
END_POLYGON
BEGIN_POLYGON 8 0 2
BEGIN_WINDING
POLYGON_POINT -96.009867691 36.357926947
POLYGON_POINT -96.009878698 36.357935936
POLYGON_POINT -96.009888192 36.357928396
POLYGON_POINT -96.009897687 36.357920855
POLYGON_POINT -96.009886680 36.357911867
END_WINDING
END_POLYGON
BEGIN_POLYGON 8 0 2
BEGIN_WINDING
POLYGON_POINT -96.009840689 36.357958939
POLYGON_POINT -96.009854188 36.357965355
POLYGON_POINT -96.009860966 36.357956107
POLYGON_POINT -96.009867743 36.357946859
POLYGON_POINT -96.009854244 36.357940443
END_WINDING
END_POLYGON
BEGIN_POLYGON 8 0 2
BEGIN_WINDING
POLYGON_POINT -96.009824980 36.357994651
POLYGON_POINT -96.009840047 36.357998131
POLYGON_POINT -96.009843724 36.357987808
POLYGON_POINT -96.009847400 36.357977486
POLYGON_POINT -96.009832332 36.357974006
END_WINDING
END_POLYGON
BEGIN_POLYGON 8 0 2
BEGIN_WINDING
POLYGON_POINT -96.009821271 36.358037458
POLYGON_POINT -96.009836945 36.358037351
POLYGON_POINT -96.009836833 36.358026613
POLYGON_POINT -96.009836721 36.358015874
POLYGON_POINT -96.009821046 36.358015981
END_WINDING
END_POLYGON
BEGIN_POLYGON 8 0 2
BEGIN_WINDING
POLYGON_POINT -96.009830085 36.358073173
POLYGON_POINT -96.009845263 36.358070021
POLYGON_POINT -96.009841934 36.358059623
POLYGON_POINT -96.009838604 36.358049224
POLYGON_POINT -96.009823425 36.358052376
END_WINDING
END_POLYGON
BEGIN_POLYGON 8 0 2
BEGIN_WINDING
POLYGON_POINT -96.009852093 36.358109523
POLYGON_POINT -96.009865669 36.358103213
POLYGON_POINT -96.009859004 36.358093912
POLYGON_POINT -96.009852339 36.358084611
POLYGON_POINT -96.009838762 36.358090921
END_WINDING
END_POLYGON
BEGIN_POLYGON 8 0 2
BEGIN_WINDING
POLYGON_POINT -96.009884417 36.358139125
POLYGON_POINT -96.009895477 36.358130179
POLYGON_POINT -96.009886027 36.358122602
POLYGON_POINT -96.009876577 36.358115026
POLYGON_POINT -96.009865517 36.358123972
END_WINDING
END_POLYGON
BEGIN_POLYGON 8 0 2
BEGIN_WINDING
POLYGON_POINT -96.009922653 36.358159876
POLYGON_POINT -96.009930637 36.358149013
POLYGON_POINT -96.009919161 36.358143543
POLYGON_POINT -96.009907686 36.358138074
POLYGON_POINT -96.009899702 36.358148937
END_WINDING
END_POLYGON
BEGIN_POLYGON 8 0 2
BEGIN_WINDING
POLYGON_POINT -96.009968788 36.358172882
POLYGON_POINT -96.009972978 36.358160717
POLYGON_POINT -96.009960128 36.358157847
POLYGON_POINT -96.009947279 36.358154976
POLYGON_POINT -96.009943089 36.358167141
END_WINDING
END_POLYGON
BEGIN_POLYGON 8 0 2
BEGIN_WINDING
POLYGON_POINT -96.010020107 36.358175612
POLYGON_POINT -96.010019996 36.358162989
POLYGON_POINT -96.010006662 36.358163065
POLYGON_POINT -96.009993327 36.358163141
POLYGON_POINT -96.009993438 36.358175764
END_WINDING
END_POLYGON
BEGIN_POLYGON 9 0 4
BEGIN_WINDING
POLYGON_POINT -96.013000427 36.357812646 -96.013000427 36.357812646
POLYGON_POINT -96.013000427 36.357812646 -96.013023998 36.357811222
POLYGON_POINT -96.013039905 36.357775697 -96.013038137 36.357756715
POLYGON_POINT -96.012994025 36.357743905 -96.012970454 36.357745329
POLYGON_POINT -96.012954547 36.357780853 -96.012956315 36.357799835
POLYGON_POINT -96.013000427 36.357812646 -96.013023998 36.357811222
END_WINDING
END_POLYGON
BEGIN_POLYGON 9 0 4
BEGIN_WINDING
POLYGON_POINT -96.013000943 36.357307355 -96.013000943 36.357307355
POLYGON_POINT -96.013000943 36.357307355 -96.013024514 36.357305931
POLYGON_POINT -96.013040421 36.357270406 -96.013038653 36.357251424
POLYGON_POINT -96.012994541 36.357238613 -96.012970970 36.357240037
POLYGON_POINT -96.012955064 36.357275562 -96.012956832 36.357294544
POLYGON_POINT -96.013000943 36.357307355 -96.013024514 36.357305931
END_WINDING
END_POLYGON
FILTER -1
FILTER 0
FILTER -1
FILTER 0
FILTER -1
FILTER 0
FILTER -1
FILTER 0
FILTER -1
FILTER 0
OBJECT 0 -96.012560704 36.357400411 0.000000
OBJECT 1 -96.011367930 36.351312625 0.000000
OBJECT 1 -96.011359734 36.351167407 0.000000
OBJECT 1 -96.011273128 36.359310677 0.000000
OBJECT 1 -96.011252376 36.359460291 0.000000
BEGIN_POLYGON 10 10 2
BEGIN_WINDING
POLYGON_POINT -96.012240604 36.359495318
POLYGON_POINT -96.012241985 36.358708876
POLYGON_POINT -96.012138159 36.358708758
POLYGON_POINT -96.012136777 36.359495199
END_WINDING
END_POLYGON
OBJECT 2 -96.012118962 36.359447415 270.000000
OBJECT 2 -96.012119715 36.359297596 270.000000
OBJECT 2 -96.012120756 36.359141208 270.000000
OBJECT 2 -96.012121510 36.358991390 270.000000
OBJECT 2 -96.012121896 36.358834244 270.000000
OBJECT 2 -96.012257587 36.359372620 90.000000
OBJECT 2 -96.012258370 36.359220217 90.000000
OBJECT 2 -96.012259381 36.359066413 90.000000
OBJECT 2 -96.012260165 36.358914010 90.000000
OBJECT 2 -96.012260551 36.358756865 90.000000
OBJECT 3 -96.012226561 36.357421221 0.000000
OBJECT 4 -96.012257952 36.357406282 270.000000
BEGIN_POLYGON 10 10 2
BEGIN_WINDING
POLYGON_POINT -96.012255155 36.357417209
POLYGON_POINT -96.012256536 36.356630768
POLYGON_POINT -96.012152710 36.356630650
POLYGON_POINT -96.012151328 36.357417091
END_WINDING
END_POLYGON
OBJECT 2 -96.012133309 36.357367473 270.000000
OBJECT 2 -96.012134063 36.357217654 270.000000
OBJECT 2 -96.012135104 36.357061266 270.000000
OBJECT 2 -96.012135857 36.356911448 270.000000
OBJECT 2 -96.012136243 36.356754302 270.000000
OBJECT 2 -96.012271934 36.357292678 90.000000
OBJECT 2 -96.012272718 36.357140275 90.000000
OBJECT 2 -96.012273728 36.356986471 90.000000
OBJECT 2 -96.012274512 36.356834069 90.000000
OBJECT 2 -96.012274898 36.356676923 90.000000
OBJECT 5 -96.012569961 36.358881798 270.000000
OBJECT 5 -96.012515345 36.358881798 270.000000
OBJECT 6 -96.012515169 36.358674632 270.000000
OBJECT 2 -96.012559726 36.358485644 270.000000
OBJECT 2 -96.012516011 36.358485644 270.000000
OBJECT 2 -96.012559942 36.358275972 270.000000
OBJECT 2 -96.012516011 36.358275972 270.000000
OBJECT 7 -96.012279656 36.356161340 89.790001
BEGIN_POLYGON 11 5 3
BEGIN_WINDING
POLYGON_POINT -96.012428148 36.356261793 0.000000000
POLYGON_POINT -96.012428148 36.356067500 0.000000000
POLYGON_POINT -96.012138134 36.356067500 0.000000000
POLYGON_POINT -96.012138134 36.356261793 0.000000000
END_WINDING
END_POLYGON
OBJECT 7 -96.012300943 36.355595586 89.790001
BEGIN_POLYGON 12 20 3
BEGIN_WINDING
POLYGON_POINT -96.012449436 36.355696040 0.000000000
POLYGON_POINT -96.012449436 36.355501747 0.000000000
POLYGON_POINT -96.012159421 36.355501747 0.000000000
POLYGON_POINT -96.012159421 36.355696040 0.000000000
END_WINDING
END_POLYGON
BEGIN_POLYGON 12 10 3
BEGIN_WINDING
POLYGON_POINT -96.012375018 36.355160903 0.000000000
POLYGON_POINT -96.012376497 36.354997499 0.000000000
POLYGON_POINT -96.012165918 36.354997184 0.000000000
POLYGON_POINT -96.012162301 36.355161449 0.000000000
END_WINDING
END_POLYGON
OBJECT 2 -96.012142002 36.355077288 270.000000
OBJECT 8 -96.012228008 36.354944639 0.000000
OBJECT 7 -96.012313715 36.354327785 89.790001
BEGIN_POLYGON 12 20 3
BEGIN_WINDING
POLYGON_POINT -96.012462208 36.354428238 0.000000000
POLYGON_POINT -96.012462208 36.354233946 0.000000000
POLYGON_POINT -96.012172194 36.354233946 0.000000000
POLYGON_POINT -96.012172194 36.354428238 0.000000000
END_WINDING
END_POLYGON
OBJECT 9 -96.012926369 36.353379729 269.510010
OBJECT 9 -96.012959733 36.353485180 269.510010
OBJECT 10 -96.012779560 36.353464077 358.869995
OBJECT 8 -96.012270519 36.353433861 0.000000
BEGIN_POLYGON 12 10 3
BEGIN_WINDING
POLYGON_POINT -96.012589451 36.360692046 0.000000000
POLYGON_POINT -96.012590069 36.360501878 1.000000000
POLYGON_POINT -96.012592187 36.360326535 1.000000000
POLYGON_POINT -96.012591258 36.360136074 0.000000000
POLYGON_POINT -96.012591395 36.360093993 0.000000000
POLYGON_POINT -96.012591517 36.360056315 3.000000000
POLYGON_POINT -96.012591910 36.359935590 0.000000000
POLYGON_POINT -96.012250124 36.359934870 0.000000000
POLYGON_POINT -96.012249791 36.360037224 3.000000000
POLYGON_POINT -96.012249484 36.360131684 0.000000000
POLYGON_POINT -96.012248302 36.360495267 3.000000000
POLYGON_POINT -96.012247993 36.360590493 0.000000000
POLYGON_POINT -96.012247665 36.360691326 0.000000000
END_WINDING
END_POLYGON
OBJECT 11 -96.011625043 36.359959671 0.000000
OBJECT 11 -96.011629192 36.360874645 0.000000
OBJECT 11 -96.011629192 36.360870057 0.000000
OBJECT 11 -96.011640586 36.360781360 33.689999
OBJECT 11 -96.011644384 36.360793594 161.570007
OBJECT 11 -96.011651980 36.360825709 180.000000
OBJECT 11 -96.011640586 36.360896054 0.000000
OBJECT 11 -96.011471578 36.360824180 180.000000
OBJECT 11 -96.011479174 36.360857823 0.000000
OBJECT 11 -96.012075449 36.361250841 0.000000
OBJECT 11 -96.012058358 36.361116267 15.950000
OBJECT 11 -96.012075449 36.361149910 180.000000
OBJECT 11 -96.012075449 36.361200375 180.000000
OBJECT 11 -96.012050763 36.361235548 0.000000
OBJECT 11 -96.011650081 36.361223314 270.000000
OBJECT 11 -96.011648182 36.361220256 0.000000
OBJECT 11 -96.011703252 36.361174378 90.000000
OBJECT 11 -96.011718443 36.361174378 0.000000
OBJECT 11 -96.011720342 36.361243194 0.000000
OBJECT 11 -96.011595011 36.361039804 0.000000
OBJECT 11 -96.011612101 36.360981692 161.570007
OBJECT 11 -96.011644384 36.361029099 90.000000
OBJECT 11 -96.011636788 36.360889937 8.130000
OBJECT 11 -96.011646283 36.360825709 9.460000
OBJECT 11 -96.011653879 36.360744658 6.710000
OBJECT 11 -96.011826685 36.359883690 108.440002
OBJECT 11 -96.012071650 36.359954035 126.870003
OBJECT 11 -96.011957713 36.360021323 210.960007
OBJECT 11 -96.011984298 36.360088610 90.000000
OBJECT 11 -96.012113427 36.360016735 153.440002
OBJECT 11 -96.012065953 36.360070259 180.000000
OBJECT 11 -96.011914037 36.360272120 185.190002
OBJECT 11 -96.011927329 36.360319527 161.570007
OBJECT 11 -96.012145709 36.360181894 109.980003
OBJECT 11 -96.012121023 36.360288942 180.000000
OBJECT 11 -96.011902643 36.360567265 0.000000
OBJECT 11 -96.012086841 36.360418928 75.959999
OBJECT 11 -96.012037469 36.360735483 176.820007
OBJECT 11 -96.011811493 36.360853235 193.570007
OBJECT 11 -96.011843776 36.360870057 108.440002
OBJECT 11 -96.011988096 36.360865469 87.139999
OBJECT 11 -96.012147608 36.360821121 42.709999
OBJECT 11 -96.012155204 36.360698781 0.000000
OBJECT 11 -96.012153305 36.360588675 3.180000
OBJECT 11 -96.012064054 36.360525975 0.000000
OBJECT 11 -96.011931127 36.360311880 7.590000
OBJECT 11 -96.011737434 36.359865339 8.130000
OBJECT 11 -96.011777312 36.359905099 7.430000
OBJECT 11 -96.011855169 36.359946389 90.000000
OBJECT 11 -96.011989995 36.359931097 77.010002
OBJECT 11 -96.012077347 36.359999913 180.000000
OBJECT 11 -96.012100134 36.360106961 135.000000
OBJECT 11 -96.011767816 36.360119195 210.960007
OBJECT 11 -96.011803897 36.360171189 143.130005
OBJECT 11 -96.011915936 36.360171189 73.610001
OBJECT 11 -96.012058358 36.360204833 143.130005
OBJECT 11 -96.012121024 36.360343995 170.539993
OBJECT 11 -96.011999490 36.360270591 270.000000
OBJECT 11 -96.011885552 36.360342465 135.000000
OBJECT 11 -96.011914037 36.360434220 26.559999
OBJECT 11 -96.012111529 36.360389872 165.960007
OBJECT 11 -96.012086843 36.360461747 180.000000
OBJECT 11 -96.011989995 36.360524446 0.000000
OBJECT 11 -96.011953915 36.360573382 96.339996
OBJECT 11 -96.012098236 36.360619260 135.000000
OBJECT 11 -96.012062156 36.360729366 270.000000
OBJECT 11 -96.012007086 36.360782890 0.000000
OBJECT 11 -96.012128620 36.360811946 90.000000
OBJECT 12 -96.011878957 36.360055399 90.000000
OBJECT 12 -96.011639233 36.360544613 0.000000
OBJECT 12 -96.012110509 36.361027245 0.000000
OBJECT 12 -96.012317543 36.360994339 45.000000
OBJECT 13 -96.012578042 36.360836668 0.000000
OBJECT 13 -96.012604944 36.360815004 90.000000
OBJECT 13 -96.012620769 36.360830297 180.000000
OBJECT 13 -96.012614439 36.360854510 0.000000
OBJECT 13 -96.012370738 36.361215158 0.000000
OBJECT 13 -96.012348583 36.361221530 90.000000
OBJECT 13 -96.012502083 36.361248292 0.000000
OBJECT 13 -96.012494171 36.361240646 0.000000
OBJECT 13 -96.012519491 36.361231725 90.000000
OBJECT 13 -96.012628681 36.361192219 0.000000
OBJECT 13 -96.012585955 36.361190945 0.000000
OBJECT 13 -96.012604944 36.361111934 315.000000
OBJECT 13 -96.012582790 36.361091544 315.000000
OBJECT 13 -96.012562218 36.361077526 0.000000
OBJECT 13 -96.012565382 36.361060959 45.000000
OBJECT 13 -96.012603362 36.361054587 0.000000
OBJECT 13 -96.012494171 36.360950088 0.000000
OBJECT 13 -96.012562218 36.360922052 51.340000
OBJECT 13 -96.012592285 36.360914405 0.000000
OBJECT 13 -96.012628681 36.360929698 0.000000
OBJECT 13 -96.011839027 36.361146342 161.570007
OBJECT 13 -96.011829532 36.361196042 201.800003
OBJECT 13 -96.011812125 36.361235548 90.000000
OBJECT 13 -96.011842192 36.361234274 0.000000
OBJECT 13 -96.011952965 36.361156537 171.869995
OBJECT 13 -96.011951382 36.361176927 191.309998
OBJECT 13 -96.011946635 36.361239371 0.000000
OBJECT 13 -96.012092223 36.361125952 90.000000
OBJECT 13 -96.012077980 36.361241920 0.000000
OBJECT 13 -96.012079563 36.361193494 0.000000
OBJECT 13 -96.012060573 36.361137421 0.000000
OBJECT 13 -96.012054243 36.361142519 180.000000
OBJECT 13 -96.012060573 36.361194768 180.000000
OBJECT 13 -96.012049496 36.361253389 0.000000
OBJECT 13 -96.011739331 36.361193494 180.000000
OBJECT 13 -96.011709264 36.361212609 0.000000
OBJECT 13 -96.011744078 36.361151439 45.000000
OBJECT 13 -96.011758321 36.361182024 180.000000
OBJECT 13 -96.011728254 36.361248292 208.610001
OBJECT 13 -96.011691857 36.361249566 0.000000
OBJECT 13 -96.011666537 36.361229176 326.309998
OBJECT 13 -96.011668119 36.361202414 90.000000
OBJECT 13 -96.011683944 36.361182024 0.000000
OBJECT 13 -96.011661790 36.361169281 63.430000
OBJECT 13 -96.011701351 36.361153988 0.000000
OBJECT 13 -96.011777310 36.361039294 90.000000
OBJECT 13 -96.011739331 36.361013807 90.000000
OBJECT 13 -96.011739331 36.361059684 0.000000
OBJECT 13 -96.011769398 36.361015081 33.689999
OBJECT 13 -96.011831114 36.361026550 161.570007
OBJECT 13 -96.011788388 36.361044392 236.309998
OBJECT 13 -96.011717176 36.361059684 270.000000
OBJECT 13 -96.011603238 36.361006160 0.000000
OBJECT 13 -96.011581083 36.360984496 288.440002
OBJECT 13 -96.011631722 36.361026550 66.800003
OBJECT 13 -96.011652295 36.360999789 26.559999
OBJECT 13 -96.011622228 36.360971752 291.799988
OBJECT 13 -96.011609568 36.360976850 0.000000
OBJECT 13 -96.011576336 36.361035471 251.559998
OBJECT 13 -96.011530444 36.361044392 270.000000
OBJECT 13 -96.011475058 36.360781870 180.000000
OBJECT 13 -96.011467145 36.360826473 225.000000
OBJECT 13 -96.011478223 36.360878723 90.000000
OBJECT 13 -96.011601655 36.360843040 180.000000
OBJECT 13 -96.011636470 36.360879997 45.000000
OBJECT 13 -96.011647547 36.360853235 18.430000
OBJECT 13 -96.011655459 36.360794614 0.000000
OBJECT 13 -96.011606403 36.360789516 0.000000
OBJECT 13 -96.011625393 36.360755108 53.130001
OBJECT 13 -96.011658624 36.360728346 32.009998
OBJECT 13 -96.011598490 36.360609829 0.000000
OBJECT 13 -96.011562094 36.360595811 0.000000
OBJECT 13 -96.011634887 36.360608555 0.000000
OBJECT 13 -96.011647547 36.360425045 315.000000
OBJECT 13 -96.011535192 36.360403381 0.000000
OBJECT 13 -96.011590578 36.360352405 0.000000
OBJECT 13 -96.011478223 36.360518074 90.000000
OBJECT 13 -96.011536774 36.360518074 90.000000
OBJECT 13 -96.011581083 36.360515526 0.000000
OBJECT 13 -96.011505125 36.360332015 0.000000
OBJECT 13 -96.011557346 36.360329467 71.559998
OBJECT 13 -96.011527279 36.360110274 63.430000
OBJECT 13 -96.011581083 36.360083512 315.000000
OBJECT 13 -96.011516202 36.360049104 0.000000
OBJECT 13 -96.011560511 36.360009598 0.000000
OBJECT 13 -96.011489300 36.359973916 0.000000
OBJECT 13 -96.011528862 36.359924215 90.000000
OBJECT 13 -96.011587413 36.359939508 0.000000
OBJECT 13 -96.011595325 36.359857947 0.000000
OBJECT 13 -96.011554181 36.359842655 45.000000
OBJECT 13 -96.011611150 36.359819716 0.000000
OBJECT 13 -96.011574753 36.359803149 180.000000
OBJECT 13 -96.011535192 36.359814619 0.000000
OBJECT 13 -96.011516202 36.359837557 180.000000
OBJECT 13 -96.011487718 36.359854124 90.000000
OBJECT 13 -96.012127553 36.360810704 270.000000
OBJECT 13 -96.012102866 36.360848935 135.000000
OBJECT 13 -96.012205410 36.360862698 0.000000
OBJECT 13 -96.012211107 36.360799999 0.000000
OBJECT 13 -96.012209208 36.360784706 0.000000
OBJECT 13 -96.012131351 36.360755651 0.000000
OBJECT 13 -96.011837013 36.360691422 90.000000
OBJECT 13 -96.011799033 36.360618018 262.869995
OBJECT 13 -96.011776246 36.360686834 180.000000
OBJECT 13 -96.011806629 36.360754121 153.440002
OBJECT 13 -96.011901577 36.360911634 0.000000
OBJECT 13 -96.011890183 36.360911634 0.000000
OBJECT 13 -96.011886385 36.360903988 0.000000
OBJECT 13 -96.011933859 36.360858110 0.000000
OBJECT 13 -96.011968040 36.360870345 135.000000
OBJECT 13 -96.011971838 36.360876462 180.000000
OBJECT 13 -96.011973737 36.360914693 63.430000
OBJECT 13 -96.012085776 36.360536968 180.000000
OBJECT 13 -96.011952849 36.360573670 246.369995
OBJECT 13 -96.011859800 36.360552260 45.000000
OBJECT 13 -96.011854103 36.360503324 350.540009
OBJECT 13 -96.011837013 36.360483444 45.000000
OBJECT 13 -96.012184521 36.360484973 0.000000
OBJECT 13 -96.012182622 36.360484973 0.000000
OBJECT 13 -96.012148441 36.360484973 270.000000
OBJECT 13 -96.012146542 36.360452859 90.000000
OBJECT 13 -96.012169330 36.360448271 90.000000
OBJECT 13 -96.012214905 36.360448271 0.000000
OBJECT 13 -96.011850304 36.360394747 0.000000
OBJECT 13 -96.011797134 36.360347341 90.000000
OBJECT 13 -96.011873091 36.360371809 0.000000
OBJECT 13 -96.011823719 36.360358045 0.000000
OBJECT 13 -96.011766750 36.360310638 0.000000
OBJECT 13 -96.011852203 36.360304521 90.000000
OBJECT 13 -96.011810426 36.360309109 0.000000
OBJECT 13 -96.011738266 36.360254056 63.430000
OBJECT 13 -96.011789538 36.360247939 75.959999
OBJECT 13 -96.011861698 36.360238764 90.000000
OBJECT 13 -96.011952847 36.360203591 68.199997
OBJECT 13 -96.012040198 36.360182181 63.430000
OBJECT 13 -96.012137044 36.360102660 0.000000
OBJECT 13 -96.012104762 36.360038432 0.000000
OBJECT 13 -96.012154135 36.359906916 343.299988
OBJECT 13 -96.012076278 36.359902328 270.000000
OBJECT 13 -96.011930060 36.360029256 0.000000
OBJECT 13 -96.011873091 36.360035373 306.869995
OBJECT 13 -96.011924363 36.359937501 49.400002
OBJECT 13 -96.012057289 36.359971145 180.000000
OBJECT 13 -96.012036400 36.360006317 0.000000
OBJECT 13 -96.011968038 36.360087368 0.000000
OBJECT 13 -96.011861698 36.360134775 180.000000
OBJECT 13 -96.011802830 36.360205120 260.540009
OBJECT 13 -96.011742064 36.360168418 0.000000
OBJECT 13 -96.011800931 36.360137833 63.430000
OBJECT 13 -96.011831314 36.360067488 0.000000
OBJECT 13 -96.011759155 36.360059841 0.000000
OBJECT 13 -96.011736367 36.360091956 349.700012
OBJECT 13 -96.011715479 36.360046078 0.000000
OBJECT 13 -96.011818022 36.360024668 0.000000
OBJECT 13 -96.011761054 36.359972674 0.000000
OBJECT 13 -96.011668005 36.359960440 0.000000
OBJECT 13 -96.011856001 36.359955852 0.000000
OBJECT 13 -96.011776245 36.359903858 308.660004
OBJECT 13 -96.011753458 36.359848805 33.689999
OBJECT 13 -96.011825618 36.359861039 123.690002
OBJECT 14 -96.011908923 36.359770207 351.869995
OBJECT 14 -96.011993371 36.359774595 355.600006
OBJECT 14 -96.012085991 36.359772401 354.640015
OBJECT 15 -96.011525696 36.360620024 0.000000
OBJECT 15 -96.011473474 36.360627671 0.000000
OBJECT 15 -96.011481387 36.361230451 0.000000
OBJECT 15 -96.011563675 36.361230451 0.000000
OBJECT 15 -96.011494047 36.361076251 0.000000
BEGIN_POLYGON 13 10 3
BEGIN_WINDING
POLYGON_POINT -96.012252892 36.359934986 0.000000000
POLYGON_POINT -96.012249724 36.359858455 9.000000000
POLYGON_POINT -96.012244041 36.359721450 9.000000000
POLYGON_POINT -96.011447612 36.359765630 9.000000000
POLYGON_POINT -96.011436254 36.361270810 9.000000000
POLYGON_POINT -96.012654561 36.361272333 9.000000000
POLYGON_POINT -96.012662128 36.360678183 9.000000000
POLYGON_POINT -96.012589911 36.360678833 9.000000000
END_WINDING
END_POLYGON
OBJECT 16 -96.010154752 36.361632093 359.779938
OBJECT 17 -96.009592469 36.362107749 270.262756
OBJECT 17 -96.009756607 36.362062314 269.952179
OBJECT 17 -96.009921480 36.362057704 270.000000
OBJECT 17 -96.010084400 36.362038717 270.603119
OBJECT 17 -96.010216931 36.361940233 0.016785
OBJECT 17 -96.010236063 36.361784237 359.610504
OBJECT 17 -96.009425342 36.362125116 269.930908
BEGIN_POLYGON 14 10 3
BEGIN_WINDING
POLYGON_POINT -96.007818706 36.354089260 4.000000000
POLYGON_POINT -96.007912687 36.352779211 3.000000000
POLYGON_POINT -96.007918143 36.352703167 4.000000000
POLYGON_POINT -96.007937203 36.352437473 4.000000000
POLYGON_POINT -96.007860864 36.352435638 2.000000000
POLYGON_POINT -96.007784525 36.352433802 4.000000000
POLYGON_POINT -96.007708185 36.352431967 4.000000000
POLYGON_POINT -96.007631846 36.352430132 2.000000000
POLYGON_POINT -96.007555507 36.352428296 4.000000000
POLYGON_POINT -96.007479168 36.352426461 2.000000000
POLYGON_POINT -96.007402828 36.352424626 4.000000000
POLYGON_POINT -96.007326489 36.352422790 4.000000000
POLYGON_POINT -96.007207992 36.354067236 4.000000000
END_WINDING
END_POLYGON
BEGIN_POLYGON 14 10 3
BEGIN_WINDING
POLYGON_POINT -96.007590828 36.357400175 4.000000000
POLYGON_POINT -96.007645519 36.356746801 4.000000000
POLYGON_POINT -96.008037470 36.356761484 4.000000000
POLYGON_POINT -96.008077566 36.356013360 3.000000000
POLYGON_POINT -96.008081518 36.355939618 4.000000000
POLYGON_POINT -96.008092160 36.355741047 4.000000000
POLYGON_POINT -96.007966827 36.355737376 2.000000000
POLYGON_POINT -96.007841494 36.355733705 4.000000000
POLYGON_POINT -96.007716161 36.355730035 2.000000000
POLYGON_POINT -96.007590828 36.355726364 4.000000000
POLYGON_POINT -96.007465495 36.355722694 2.000000000
POLYGON_POINT -96.007340162 36.355719023 4.000000000
POLYGON_POINT -96.007214829 36.355715352 4.000000000
POLYGON_POINT -96.007089495 36.355711682 4.000000000
POLYGON_POINT -96.006980114 36.357363469 4.000000000
END_WINDING
END_POLYGON
BEGIN_POLYGON 15 10 3
BEGIN_WINDING
POLYGON_POINT -96.012981658 36.362317928 0.000000000
POLYGON_POINT -96.012725898 36.362320602 0.000000000
POLYGON_POINT -96.012722136 36.362087368 1.000000000
POLYGON_POINT -96.012662803 36.362087988 4.000000000
POLYGON_POINT -96.012581420 36.362088839 1.000000000
POLYGON_POINT -96.012515024 36.362089534 8.000000000
POLYGON_POINT -96.012115224 36.362093715 8.000000000
POLYGON_POINT -96.012117690 36.362246614 8.000000000
POLYGON_POINT -96.012545128 36.362242144 0.000000000
POLYGON_POINT -96.012546249 36.362311652 8.000000000
POLYGON_POINT -96.012241623 36.362314838 8.000000000
POLYGON_POINT -96.012243644 36.362440177 8.000000000
POLYGON_POINT -96.012578044 36.362438069 0.000000000
POLYGON_POINT -96.012577350 36.362461558 0.000000000
POLYGON_POINT -96.012610032 36.362461761 0.000000000
POLYGON_POINT -96.012609993 36.362501156 6.000000000
POLYGON_POINT -96.012664721 36.362500855 0.000000000
POLYGON_POINT -96.012664035 36.362460696 0.000000000
POLYGON_POINT -96.012694986 36.362460920 0.000000000
POLYGON_POINT -96.012694325 36.362435677 8.000000000
POLYGON_POINT -96.012983505 36.362432439 0.000000000
POLYGON_POINT -96.012982845 36.362391546 9.000000000
POLYGON_POINT -96.012982349 36.362359457 0.000000000
END_WINDING
END_POLYGON
BEGIN_POLYGON 12 10 3
BEGIN_WINDING
POLYGON_POINT -96.013136994 36.362307713 0.000000000
POLYGON_POINT -96.013135384 36.362026855 0.000000000
POLYGON_POINT -96.013059473 36.362027137 1.000000000
POLYGON_POINT -96.012848219 36.362029520 0.000000000
POLYGON_POINT -96.012783663 36.362028162 0.000000000
POLYGON_POINT -96.012785273 36.362309020 0.000000000
END_WINDING
END_POLYGON
BEGIN_POLYGON 16 10 2
BEGIN_WINDING
POLYGON_POINT -96.012583207 36.357422027
POLYGON_POINT -96.012537316 36.357422394
END_WINDING
END_POLYGON
BEGIN_POLYGON 16 10 2
BEGIN_WINDING
POLYGON_POINT -96.012583207 36.357422027
POLYGON_POINT -96.012584134 36.357379104
POLYGON_POINT -96.012538264 36.357378462
POLYGON_POINT -96.012537316 36.357422394
END_WINDING
END_POLYGON
BEGIN_POLYGON 13 10 3
BEGIN_WINDING
POLYGON_POINT -96.012871492 36.357438083 8.000000000
POLYGON_POINT -96.012879326 36.357441584 8.000000000
END_WINDING
END_POLYGON
BEGIN_POLYGON 13 10 3
BEGIN_WINDING
POLYGON_POINT -96.012917448 36.357674591 8.000000000
POLYGON_POINT -96.012925553 36.357671517 8.000000000
END_WINDING
END_POLYGON
BEGIN_POLYGON 13 10 3
BEGIN_WINDING
POLYGON_POINT -96.012879326 36.357441584 8.000000000
POLYGON_POINT -96.012883367 36.357435692 8.000000000
POLYGON_POINT -96.012880085 36.357434221 8.000000000
POLYGON_POINT -96.012920457 36.357377462 8.000000000
POLYGON_POINT -96.012923629 36.357378833 8.000000000
POLYGON_POINT -96.012928175 36.357372463 8.000000000
POLYGON_POINT -96.012920829 36.357369306 8.000000000
POLYGON_POINT -96.012916426 36.357375563 8.000000000
POLYGON_POINT -96.012919311 36.357376841 8.000000000
POLYGON_POINT -96.012878985 36.357433707 8.000000000
POLYGON_POINT -96.012875751 36.357432309 8.000000000
POLYGON_POINT -96.012871492 36.357438083 8.000000000
END_WINDING
END_POLYGON
BEGIN_POLYGON 13 10 3
BEGIN_WINDING
POLYGON_POINT -96.012925553 36.357671517 8.000000000
POLYGON_POINT -96.012921978 36.357665434 8.000000000
POLYGON_POINT -96.012918578 36.357666719 8.000000000
POLYGON_POINT -96.012884977 36.357607166 8.000000000
POLYGON_POINT -96.012888212 36.357605895 8.000000000
POLYGON_POINT -96.012884450 36.357599202 8.000000000
POLYGON_POINT -96.012876976 36.357602157 8.000000000
POLYGON_POINT -96.012880708 36.357608691 8.000000000
POLYGON_POINT -96.012883683 36.357607553 8.000000000
POLYGON_POINT -96.012917417 36.357667137 8.000000000
POLYGON_POINT -96.012914119 36.357668434 8.000000000
POLYGON_POINT -96.012917448 36.357674591 8.000000000
END_WINDING
END_POLYGON
OBJECT 18 -96.012425269 36.357626142 270.350006
OBJECT 19 -96.012574122 36.357606941 183.009995
OBJECT 20 -96.012383535 36.357709396 270.799988
OBJECT 21 -96.012997237 36.357778278 0.000000
OBJECT_MSL 21 -96.012997237 36.357778278 202.235000000 0.000000
OBJECT_MSL 22 -96.013004610 36.357764011 202.692000000 201.539993
OBJECT 21 -96.012997730 36.357272974 0.000000
OBJECT_MSL 21 -96.012997730 36.357272974 202.082000000 0.000000
OBJECT_MSL 23 -96.013019146 36.357320759 202.601000000 340.019989
OBJECT 24 -96.010305371 36.362137409 359.456940
OBJECT 24 -96.009301881 36.362179806 0.000000
OBJECT 25 -96.012433077 36.354532867 90.330002
OBJECT 24 -96.012921963 36.360212948 359.850006
OBJECT 25 -96.012924618 36.360029887 0.680000
OBJECT 24 -96.012200737 36.361857666 269.053040
OBJECT 24 -96.012665642 36.362037927 87.917397
OBJECT 26 -96.008666298 36.362414079 90.000000
OBJECT 26 -96.008467940 36.362590458 0.000000
OBJECT 26 -96.008480337 36.362437374 315.000854
OBJECT 26 -96.008492734 36.362257667 18.434477
OBJECT 26 -96.008674563 36.362018058 0.000000
OBJECT 26 -96.009662224 36.361565462 90.000000
OBJECT 26 -96.009576768 36.361925483 0.000000
OBJECT 26 -96.008976941 36.362022094 0.000000
OBJECT 26 -96.008788425 36.362022094 0.000000
OBJECT 26 -96.008557063 36.362015193 0.000000
OBJECT 26 -96.008548494 36.362587955 0.000000
OBJECT 26 -96.008702735 36.362608657 135.001404
OBJECT 26 -96.008882683 36.362629360 0.000000
OBJECT 26 -96.009782423 36.362650062 44.998581
OBJECT 26 -96.009936664 36.362636260 0.000000
OBJECT 26 -96.010125180 36.362608657 90.000000
OBJECT 26 -96.010262284 36.362622459 0.000000
OBJECT 26 -96.010356542 36.362719069 0.000000
OBJECT 26 -96.010347973 36.362808779 0.000000
OBJECT 26 -96.010330835 36.362960596 0.000000
OBJECT 26 -96.010330835 36.363105511 0.000000
OBJECT 26 -96.010347973 36.363250427 0.000000
OBJECT 26 -96.010356542 36.363416045 0.000000
OBJECT 26 -96.010339404 36.363560961 0.000000
OBJECT 26 -96.010330835 36.363740380 0.000000
OBJECT 27 -96.012496828 36.357630391 0.000000
OBJECT 27 -96.012244895 36.354186607 0.000000
FILTER -1
OBJECT_DEF lib/airport/beacons/beacon_airport_big.obj
OBJECT_DEF lib/airport/lights/slow/taxi_edge.obj
OBJECT_DEF lib/airport/Common_Elements/Hangars/Sm_Gray_Hangar.agp
OBJECT_DEF lib/airport/Modern_Airports/Terminal_kit/entrances/entrance_1_4m.obj
OBJECT_DEF lib/airport/Common_Elements/Miscellaneous/AC_Cond_noFence.obj
OBJECT_DEF lib/airport/Common_Elements/Hangars/Sm_Blue_Hangar.agp
OBJECT_DEF lib/airport/Common_Elements/Hangars/Sm_Brown_Hangar.agp
OBJECT_DEF lib/airport/European_Airports/hangars/25x20x5.obj
OBJECT_DEF lib/g10/US/industrial/light/TinShed10x30Lt.obj
OBJECT_DEF lib/g10/US/suburban/h-RnchRHGry.obj
OBJECT_DEF lib/g10/global_objects/ResPoolSmall.obj
OBJECT_DEF lib/airport/Common_Elements/Parking/Grunge1_Sm.obj
OBJECT_DEF lib/airport/Common_Elements/Parking/Grunge1_XLg.obj
OBJECT_DEF lib/g10/US/industrial/light/OilDrums.obj
OBJECT_DEF lib/airport/Common_Elements/Runway_Markers/Barrels/White_Red_5.obj
OBJECT_DEF lib/g10/US/industrial/light/MineralsPile.obj
OBJECT_DEF lib/g10/US/industrial/light/StorSml2p2.obj
OBJECT_DEF lib/g10/US/industrial/light/StorSml2p1.obj
OBJECT_DEF lib/airport/Common_Elements/Miscellaneous/Picnic_Table.obj
OBJECT_DEF lib/g10/streetlights/PrimaryLt1.obj
OBJECT_DEF lib/airport/Common_Elements/Fueling_Stations/Small_Fuel_Station.obj
OBJECT_DEF lib/airport/Common_Elements/Markers/Poles/Thin_Red.obj
OBJECT_DEF lib/airport/aircraft/military/prop_a.obj
OBJECT_DEF lib/airport/aircraft/military/fighter_a.obj
OBJECT_DEF lib/airport/Common_Elements/Parking_Items/Row_of_Cars_10.agp
OBJECT_DEF lib/airport/Common_Elements/Parking_Items/Row_of_Cars_6.agp
OBJECT_DEF lib/g10/forests/autogen_tree_any.obj
OBJECT_DEF lib/g10/forests/autogen_tree3.obj
POLYGON_DEF lib/airport/pavement/asphalt_1D.pol
POLYGON_DEF lib/airport/pavement/asphalt_4L.pol
POLYGON_DEF lib/airport/pavement/concrete_2L.pol
POLYGON_DEF lib/airport/pavement/asphalt_5D.pol
POLYGON_DEF lib/airport/pavement/asphalt_1L.pol
POLYGON_DEF lib/airport/pavement/asphalt_3D.pol
POLYGON_DEF lib/airport/pavement/asphalt_4D.pol
POLYGON_DEF lib/g10/terrain10/any_hot_dry_fl_md.pol
POLYGON_DEF lib/airport/pavement/concrete_6L.pol
POLYGON_DEF lib/airport/pavement/concrete_1L.pol
POLYGON_DEF lib/airport/Modern_Airports/Terminal_kit/term_building_Ground_02.fac
POLYGON_DEF lib/airport/Common_Elements/Misc_Buildings/Blue_Warehouse.fac
POLYGON_DEF lib/airport/Common_Elements/Misc_Buildings/White_Warehouse.fac
POLYGON_DEF lib/g10/global_objects/fencing_Industrial_1.fac
POLYGON_DEF lib/airport/Common_Elements/Misc_Buildings/Cargo_Terminal.fac
POLYGON_DEF lib/airport/Modern_Airports/Terminal_kit/term_building_Ground_04.fac
POLYGON_DEF lib/airport/Common_Elements/Fence_Facades/Fence.fac
PROPERTY sim/filter/aptid 2F6
PROPERTY sim/exclude_obj -96.013359/36.354421/-96.012763/36.359559
PROPERTY sim/exclude_for -96.013359/36.354421/-96.012763/36.359559
PROPERTY sim/exclude_obj -96.008705/36.351985/-96.006648/36.358266
PROPERTY sim/exclude_for -96.008705/36.351985/-96.006648/36.358266
PROPERTY sim/exclude_obj -96.010321/36.361421/-96.009666/36.362067
PROPERTY sim/exclude_for -96.010321/36.361421/-96.009666/36.362067
PROPERTY sim/exclude_obj -96.010317/36.362062/-96.008960/36.362589
PROPERTY sim/exclude_for -96.010317/36.362062/-96.008960/36.362589
PROPERTY sim/exclude_for -96.013096/36.347309/-96.007157/36.350295
PROPERTY sim/exclude_obj -96.011964/36.361338/-96.010453/36.363259
PROPERTY sim/exclude_for -96.011964/36.361338/-96.010453/36.363259
PROPERTY sim/require_agpoint 1/0
PROPERTY sim/require_object 1/0
PROPERTY sim/require_facade 1/10
PROPERTY sim/require_facade 6/0
