PROPERTY sim/west -180
PROPERTY sim/east 180
PROPERTY sim/north 90
PROPERTY sim/south -90
PROPERTY sim/planet earth
PROPERTY sim/creation_agent WorldEditor1.6.0r1
PROPERTY laminar/internal_revision 0
PROPERTY sim/overlay 1
FILTER 0
BEGIN_POLYGON 0 255 2
BEGIN_WINDING
POLYGON_POINT -77.786636435 38.760944533
POLYGON_POINT -77.786144808 38.761977379
POLYGON_POINT -77.786102846 38.762287327
POLYGON_POINT -77.785858225 38.762603952
POLYGON_POINT -77.785172999 38.764794575
POLYGON_POINT -77.786322671 38.765016308
POLYGON_POINT -77.786329824 38.764929046
POLYGON_POINT -77.786157206 38.764639124
POLYGON_POINT -77.786162928 38.764398795
POLYGON_POINT -77.786249714 38.763709277
POLYGON_POINT -77.786470493 38.763383593
POLYGON_POINT -77.786984531 38.763037404
POLYGON_POINT -77.787817578 38.763144694
POLYGON_POINT -77.788507095 38.761835279
POLYGON_POINT -77.787441825 38.761361772
POLYGON_POINT -77.788026913 38.760615511
POLYGON_POINT -77.789023995 38.760139620
POLYGON_POINT -77.789196136 38.759854944
POLYGON_POINT -77.788681621 38.759897860
POLYGON_POINT -77.788060292 38.760235943
POLYGON_POINT -77.787306878 38.761008431
POLYGON_POINT -77.787391279 38.760335126
POLYGON_POINT -77.787315461 38.759878309
POLYGON_POINT -77.787501907 38.759235523
POLYGON_POINT -77.787255856 38.759287499
END_WINDING
END_POLYGON
FILTER -1
FILTER 0
FILTER -1
FILTER 0
FILTER -1
FILTER 0
FILTER -1
FILTER 0
FILTER -1
FILTER 0
OBJECT 0 -77.787975891 38.758755341 106.000000
OBJECT 1 -77.787747005 38.758371004 15.000000
OBJECT 1 -77.787700275 38.758499752 285.989990
OBJECT 2 -77.787879091 38.754461833 245.000000
OBJECT 2 -77.787943942 38.754499981 245.000000
OBJECT 2 -77.787840944 38.754559586 245.000000
OBJECT 2 -77.787905795 38.754597734 245.000000
OBJECT 2 -77.787775616 38.754752232 245.000000
OBJECT 2 -77.787878614 38.754692626 245.000000
OBJECT 2 -77.787813764 38.754654479 245.000000
OBJECT 2 -77.787840467 38.754790379 245.000000
OBJECT 2 -77.787644484 38.755148013 245.000000
OBJECT 2 -77.787747959 38.754857137 245.000000
OBJECT 2 -77.787774662 38.754993038 245.000000
OBJECT 2 -77.787709335 38.755185683 245.000000
OBJECT 2 -77.787682631 38.755049783 245.000000
OBJECT 2 -77.787747482 38.755088407 245.000000
OBJECT 2 -77.787709812 38.754954891 245.000000
OBJECT 2 -77.787812810 38.754895285 245.000000
OBJECT 2 -77.786808576 38.757775902 245.000000
OBJECT 2 -77.787012188 38.757237068 245.000000
OBJECT 2 -77.786937800 38.757413024 245.000000
OBJECT 2 -77.786776627 38.757848383 245.000000
OBJECT 2 -77.786875811 38.757598993 245.000000
OBJECT 2 -77.786834325 38.757690070 245.000000
OBJECT 2 -77.786911097 38.757507916 245.000000
OBJECT 2 -77.786978332 38.757332914 245.000000
OBJECT 2 -77.786509594 38.758546006 244.000000
OBJECT 2 -77.786734188 38.757930400 244.000000
OBJECT 2 -77.786540112 38.758472572 244.000000
OBJECT 2 -77.786663138 38.758107309 244.000000
OBJECT 2 -77.786604486 38.758294232 244.000000
OBJECT 2 -77.786637865 38.758202678 244.000000
OBJECT 2 -77.786564431 38.758386263 244.000000
OBJECT 2 -77.786702239 38.758026722 244.000000
OBJECT 2 -77.786298352 38.759247444 241.000000
OBJECT 2 -77.786490520 38.758620871 241.000000
OBJECT 2 -77.786325055 38.759173056 241.000000
OBJECT 2 -77.786429007 38.758801595 241.000000
OBJECT 2 -77.786380369 38.758991855 241.000000
OBJECT 2 -77.786408503 38.758897917 241.000000
OBJECT 2 -77.786345083 38.759085794 241.000000
OBJECT 2 -77.786463817 38.758718624 241.000000
OBJECT 2 -77.786072805 38.759962234 243.000000
OBJECT 2 -77.786287861 38.759342813 243.000000
OBJECT 2 -77.786103323 38.759888800 243.000000
OBJECT 2 -77.786218719 38.759521630 243.000000
OBJECT 2 -77.786163882 38.759709506 243.000000
OBJECT 2 -77.786195830 38.759617952 243.000000
OBJECT 2 -77.786125734 38.759802014 243.000000
OBJECT 2 -77.786256867 38.759440089 243.000000
OBJECT 2 -77.785822938 38.760669394 243.000000
OBJECT 2 -77.786036564 38.760049973 243.000000
OBJECT 2 -77.785852026 38.760595483 243.000000
OBJECT 2 -77.785968853 38.760228313 243.000000
OBJECT 2 -77.785913539 38.760416190 243.000000
OBJECT 2 -77.785945010 38.760324159 243.000000
OBJECT 2 -77.785874914 38.760509174 243.000000
OBJECT 2 -77.786006523 38.760147250 243.000000
OBJECT 2 -77.785619802 38.761390383 240.000000
OBJECT 2 -77.785801003 38.760760472 240.000000
OBJECT 2 -77.785645075 38.761315042 240.000000
OBJECT 2 -77.785742351 38.760942149 240.000000
OBJECT 2 -77.785696574 38.761132887 240.000000
OBJECT 2 -77.785723754 38.761038949 240.000000
OBJECT 2 -77.785663195 38.761227302 240.000000
OBJECT 2 -77.785775731 38.760858701 240.000000
OBJECT 2 -77.785619326 38.761570630 245.000000
OBJECT 2 -77.785583085 38.761470970 245.000000
OBJECT 2 -77.785651274 38.761498150 245.000000
OBJECT 2 -77.785508698 38.761646925 245.000000
OBJECT 2 -77.785446708 38.761832895 245.000000
OBJECT 2 -77.785481994 38.761741817 245.000000
OBJECT 2 -77.785677024 38.761412318 245.000000
OBJECT 2 -77.785549229 38.761566815 245.000000
OBJECT 2 -77.785002766 38.763067445 240.000000
OBJECT 2 -77.785183967 38.762437533 240.000000
OBJECT 2 -77.785028038 38.762992580 240.000000
OBJECT 2 -77.785125315 38.762619211 240.000000
OBJECT 2 -77.785079538 38.762809949 240.000000
OBJECT 2 -77.785107195 38.762716487 240.000000
OBJECT 2 -77.785046635 38.762904841 240.000000
OBJECT 2 -77.785158694 38.762536240 240.000000
OBJECT 2 -77.784968433 38.763154231 240.000000
OBJECT 2 -77.784831102 38.763621538 240.000000
OBJECT 2 -77.784891661 38.763433185 240.000000
OBJECT 2 -77.784864004 38.763526646 240.000000
OBJECT 2 -77.784787232 38.763784142 240.000000
OBJECT 2 -77.784943160 38.763252937 240.000000
OBJECT 2 -77.784812505 38.763709277 240.000000
OBJECT 2 -77.784909781 38.763335908 240.000000
OBJECT 2 -77.784756237 38.763869497 240.000000
OBJECT 2 -77.784618906 38.764336805 240.000000
OBJECT 2 -77.784679465 38.764148451 240.000000
OBJECT 2 -77.784651808 38.764241913 240.000000
OBJECT 2 -77.784575036 38.764499409 240.000000
OBJECT 2 -77.784730964 38.763968204 240.000000
OBJECT 2 -77.784600309 38.764424544 240.000000
OBJECT 2 -77.784697585 38.764051175 240.000000
OBJECT 2 -77.785181582 38.764811265 320.000000
OBJECT 2 -77.784697585 38.764757858 320.000000
OBJECT 2 -77.784893091 38.764786469 320.000000
OBJECT 2 -77.784795338 38.764774548 320.000000
OBJECT 2 -77.784528782 38.764743553 320.000000
OBJECT 2 -77.785079061 38.764805066 320.000000
OBJECT 2 -77.784607462 38.764754520 320.000000
OBJECT 2 -77.784991798 38.764785992 320.000000
OBJECT 2 -77.784161612 38.764703975 240.000000
OBJECT 2 -77.784896429 38.764889944 240.000000
OBJECT 2 -77.784972724 38.764964809 240.000000
OBJECT 2 -77.785075246 38.764968624 240.000000
OBJECT 2 -77.784516861 38.764649138 240.000000
OBJECT 2 -77.784309434 38.764721141 240.000000
OBJECT 2 -77.784560254 38.764554246 240.000000
OBJECT 2 -77.785182059 38.764911402 240.000000
OBJECT 2 -77.789075017 38.753473335 235.000000
OBJECT 2 -77.789280537 38.754287785 235.000000
OBJECT 2 -77.789197089 38.753748951 235.000000
OBJECT 2 -77.789258125 38.753807126 235.000000
OBJECT 2 -77.789335851 38.754339284 235.000000
OBJECT 2 -77.789137007 38.753543431 235.000000
OBJECT 2 -77.789399748 38.754350729 235.000000
OBJECT 2 -77.789181830 38.753647860 235.000000
OBJECT 2 -77.789418822 38.754498074 240.000000
OBJECT 2 -77.789571412 38.755155165 240.000000
OBJECT 2 -77.789521344 38.754946307 240.000000
OBJECT 2 -77.789540417 38.755033093 240.000000
OBJECT 2 -77.789367323 38.754437037 240.000000
OBJECT 2 -77.789445048 38.754579614 240.000000
OBJECT 2 -77.789589055 38.755256733 240.000000
OBJECT 2 -77.789481289 38.754861429 240.000000
OBJECT 2 -77.788737411 38.759200713 175.000000
OBJECT 2 -77.789102674 38.759523537 175.000000
OBJECT 2 -77.788957713 38.759389067 175.000000
OBJECT 2 -77.789031624 38.759452487 175.000000
OBJECT 2 -77.789233330 38.759631304 175.000000
OBJECT 2 -77.788817044 38.759265564 175.000000
OBJECT 2 -77.789174201 38.759576467 175.000000
OBJECT 2 -77.788878080 38.759329938 175.000000
OBJECT 2 -77.788470378 38.758962768 175.000000
OBJECT 2 -77.788176165 38.758710517 175.000000
OBJECT 2 -77.788541428 38.759033818 175.000000
OBJECT 2 -77.788672084 38.759141585 175.000000
OBJECT 2 -77.788612955 38.759086748 175.000000
OBJECT 2 -77.788255798 38.758775845 175.000000
OBJECT 2 -77.788396468 38.758899348 175.000000
OBJECT 2 -77.788316835 38.758840219 175.000000
OBJECT 2 -77.788664931 38.759427691 175.000000
OBJECT 2 -77.788103685 38.758937972 175.000000
OBJECT 2 -77.788805600 38.759551194 175.000000
OBJECT 2 -77.789022087 38.759738594 175.000000
OBJECT 2 -77.788950561 38.759685664 175.000000
OBJECT 2 -77.788024052 38.758873121 175.000000
OBJECT 2 -77.788725967 38.759492065 175.000000
OBJECT 2 -77.788460842 38.759248875 175.000000
OBJECT 2 -77.788585298 38.759362840 175.000000
OBJECT 2 -77.788519970 38.759303712 175.000000
OBJECT 2 -77.788879511 38.759614614 175.000000
OBJECT 2 -77.788164721 38.759002346 175.000000
OBJECT 2 -77.788389315 38.759195945 175.000000
OBJECT 2 -77.788318265 38.759124895 175.000000
OBJECT 2 -77.788244354 38.759061475 175.000000
OBJECT 2 -77.789081216 38.759793431 175.000000
OBJECT 2 -77.788280594 38.757740616 175.000000
OBJECT 2 -77.787897688 38.757979515 175.000000
OBJECT 2 -77.789242390 38.757984283 175.000000
OBJECT 2 -77.789916171 38.758155947 175.000000
OBJECT 2 -77.789647707 38.758081083 175.000000
OBJECT 2 -77.787927253 38.757889868 175.000000
OBJECT 2 -77.789125563 38.757967594 175.000000
OBJECT 2 -77.788017376 38.758299477 175.000000
OBJECT 2 -77.788259613 38.757696269 175.000000
OBJECT 2 -77.787982567 38.758383879 175.000000
OBJECT 2 -77.789328222 38.757980945 175.000000
OBJECT 2 -77.787871939 38.758062009 175.000000
OBJECT 2 -77.787910563 38.758165961 175.000000
OBJECT 2 -77.787818532 38.758245594 175.000000
OBJECT 2 -77.787704089 38.758209831 175.000000
OBJECT 2 -77.789857519 38.758122091 175.000000
OBJECT 2 -77.787985428 38.758530747 175.000000
OBJECT 2 -77.788014038 38.758440623 175.000000
OBJECT 2 -77.787434672 38.759234569 175.000000
OBJECT 2 -77.787579633 38.758739128 175.000000
OBJECT 2 -77.787565805 38.758676184 175.000000
OBJECT 2 -77.787537194 38.758993763 175.000000
OBJECT 2 -77.787640669 38.758757248 175.000000
OBJECT 2 -77.787474727 38.759131094 175.000000
OBJECT 2 -77.788236248 38.759812505 175.000000
OBJECT 2 -77.788423171 38.759772927 175.000000
OBJECT 2 -77.788388838 38.759622721 175.000000
OBJECT 2 -77.788292992 38.759609846 175.000000
OBJECT 2 -77.788433661 38.759678035 175.000000
OBJECT 2 -77.788179026 38.759773404 175.000000
OBJECT 2 -77.788318742 38.759825380 175.000000
OBJECT 2 -77.788179503 38.759708076 175.000000
OBJECT 3 -77.787562943 38.758026246 196.000000
OBJECT 4 -77.787447070 38.758123522 196.000000
OBJECT 4 -77.787421321 38.758117800 15.000000
OBJECT 4 -77.787628271 38.758176928 196.000000
OBJECT 5 -77.787392710 38.758113508 11.000000
OBJECT 5 -77.787528134 38.758292325 281.000000
OBJECT 5 -77.787473897 38.758282132 281.000000
OBJECT 5 -77.787658789 38.758185035 11.000000
OBJECT 6 -77.787502384 38.758674754 196.000000
OBJECT 7 -77.787412737 38.758597982 16.000000
OBJECT 8 -77.787837129 38.758481155 195.000000
OBJECT 9 -77.789159419 38.754946784 356.000000
OBJECT 9 -77.789260986 38.755300126 356.000000
OBJECT 10 -77.787808995 38.758290417 96.000000
OBJECT 10 -77.787801843 38.758323320 106.000000
OBJECT 10 -77.787791829 38.758352407 101.000000
BEGIN_POLYGON 1 2 2
BEGIN_WINDING
POLYGON_POINT -77.787974460 38.758410582
POLYGON_POINT -77.787914855 38.758584154
POLYGON_POINT -77.788130865 38.758694781
POLYGON_POINT -77.789255741 38.759668498
END_WINDING
END_POLYGON
BEGIN_POLYGON 1 2 2
BEGIN_WINDING
POLYGON_POINT -77.787427043 38.759228370
POLYGON_POINT -77.787843805 38.759279393
POLYGON_POINT -77.787947757 38.759201667
POLYGON_POINT -77.788020237 38.758803502
POLYGON_POINT -77.789199474 38.759813458
END_WINDING
END_POLYGON
BEGIN_POLYGON 1 2 2
BEGIN_WINDING
POLYGON_POINT -77.788187610 38.758625162
POLYGON_POINT -77.788143263 38.758571756
POLYGON_POINT -77.788149462 38.758506905
POLYGON_POINT -77.788233864 38.758220798
POLYGON_POINT -77.788236725 38.758155947
POLYGON_POINT -77.788206683 38.758116369
POLYGON_POINT -77.787903410 38.758053426
POLYGON_POINT -77.787829976 38.758038643
POLYGON_POINT -77.787747005 38.758001926
POLYGON_POINT -77.787711242 38.757966163
POLYGON_POINT -77.787707427 38.757915618
POLYGON_POINT -77.787727932 38.757853628
POLYGON_POINT -77.788528077 38.755504215
POLYGON_POINT -77.788557641 38.755467498
POLYGON_POINT -77.788601511 38.755451762
POLYGON_POINT -77.789672503 38.755292496
END_WINDING
END_POLYGON
BEGIN_POLYGON 1 2 2
BEGIN_WINDING
POLYGON_POINT -77.789308194 38.755275807
POLYGON_POINT -77.789356355 38.755239567
POLYGON_POINT -77.789389258 38.755185206
POLYGON_POINT -77.789396887 38.755141814
POLYGON_POINT -77.789399271 38.755096990
POLYGON_POINT -77.789383059 38.755056935
POLYGON_POINT -77.789358740 38.755017357
POLYGON_POINT -77.789315824 38.754976349
POLYGON_POINT -77.789285782 38.754955367
POLYGON_POINT -77.789223793 38.754933433
END_WINDING
END_POLYGON
FILTER -1
OBJECT_DEF lib/airport/Common_Elements/Parking_Items/Row_of_Cars_10.agp
OBJECT_DEF lib/airport/Common_Elements/Parking_Items/Row_of_Cars_6.agp
OBJECT_DEF lib/g10/forests/autogen_tree_any.obj
OBJECT_DEF lib/cars/car_or_truck.obj
OBJECT_DEF lib/cars/car_static_invar.obj
OBJECT_DEF lib/cars/car_static.obj
OBJECT_DEF lib/g10/US/suburban/TrailerSnglLong.obj
OBJECT_DEF lib/airport/Common_Elements/Vehicles/Cargo_Trailer.obj
OBJECT_DEF lib/g10/US/commercial/store_services.obj
OBJECT_DEF lib/g10/US/industrial/light/StorHut3x3.obj
OBJECT_DEF lib/airport/Common_Elements/Miscellaneous/Blue_Dumpster.obj
POLYGON_DEF lib/g8/broad_hot_wet.for
POLYGON_DEF lib/g10/global_objects/fence_res_tall.fac
PROPERTY sim/filter/aptid 2VA9
PROPERTY sim/exclude_obj -77.786139/38.762386/-77.784548/38.764836
PROPERTY sim/exclude_fac -77.786139/38.762386/-77.784548/38.764836
PROPERTY sim/exclude_for -77.786139/38.762386/-77.784548/38.764836
PROPERTY sim/exclude_obj -77.786671/38.760768/-77.785080/38.763218
PROPERTY sim/exclude_fac -77.786671/38.760768/-77.785080/38.763218
PROPERTY sim/exclude_for -77.786671/38.760768/-77.785080/38.763218
PROPERTY sim/exclude_obj -77.787528/38.758722/-77.785938/38.761172
PROPERTY sim/exclude_fac -77.787528/38.758722/-77.785938/38.761172
PROPERTY sim/exclude_for -77.787528/38.758722/-77.785938/38.761172
PROPERTY sim/exclude_obj -77.788214/38.757144/-77.786624/38.759594
PROPERTY sim/exclude_fac -77.788214/38.757144/-77.786624/38.759594
PROPERTY sim/exclude_for -77.788214/38.757144/-77.786624/38.759594
PROPERTY sim/exclude_obj -77.788600/38.755104/-77.787009/38.757554
PROPERTY sim/exclude_fac -77.788600/38.755104/-77.787009/38.757554
PROPERTY sim/exclude_for -77.788600/38.755104/-77.787009/38.757554
PROPERTY sim/exclude_obj -77.789443/38.753299/-77.787853/38.755749
PROPERTY sim/exclude_fac -77.789443/38.753299/-77.787853/38.755749
PROPERTY sim/exclude_for -77.789443/38.753299/-77.787853/38.755749
PROPERTY sim/require_agpoint 1/0
PROPERTY sim/require_object 1/0
PROPERTY sim/require_facade 1/1
PROPERTY sim/require_facade 6/0
