PROPERTY sim/west -180
PROPERTY sim/east 180
PROPERTY sim/north 90
PROPERTY sim/south -90
PROPERTY sim/planet earth
PROPERTY sim/creation_agent WorldEditor1.6.0r1
PROPERTY laminar/internal_revision 0
PROPERTY sim/overlay 1
FILTER 0
BEGIN_POLYGON 0 0 4
BEGIN_WINDING
POLYGON_POINT -112.106956280 46.211183728 -112.106956280 46.211183728
POLYGON_POINT -112.106956280 46.211183728 -112.106960528 46.211178828
POLYGON_POINT -112.106955431 46.211174125 -112.106955431 46.211174125
POLYGON_POINT -112.106938576 46.211174839 -112.106934045 46.211179346
POLYGON_POINT -112.106939425 46.211184442 -112.106939425 46.211184442
POLYGON_POINT -112.106956280 46.211183728 -112.106960528 46.211178828
END_WINDING
END_POLYGON
BEGIN_POLYGON 0 0 4
BEGIN_WINDING
POLYGON_POINT -112.106760100 46.211327677 -112.106760100 46.211327677
POLYGON_POINT -112.106760100 46.211327677 -112.106764348 46.211322778
POLYGON_POINT -112.106759250 46.211318075 -112.106759250 46.211318075
POLYGON_POINT -112.106742395 46.211318789 -112.106737865 46.211323296
POLYGON_POINT -112.106743245 46.211328391 -112.106743245 46.211328391
POLYGON_POINT -112.106760100 46.211327677 -112.106764348 46.211322778
END_WINDING
END_POLYGON
BEGIN_POLYGON 0 0 4
BEGIN_WINDING
POLYGON_POINT -112.106247666 46.210779381 -112.106247666 46.210779381
POLYGON_POINT -112.106247666 46.210779381 -112.106251914 46.210774482
POLYGON_POINT -112.106246817 46.210769779 -112.106246817 46.210769779
POLYGON_POINT -112.106229962 46.210770493 -112.106225431 46.210775000
POLYGON_POINT -112.106230811 46.210780095 -112.106230811 46.210780095
POLYGON_POINT -112.106247666 46.210779381 -112.106251914 46.210774482
END_WINDING
END_POLYGON
BEGIN_POLYGON 0 0 4
BEGIN_WINDING
POLYGON_POINT -112.106065018 46.210930938 -112.106065018 46.210930938
POLYGON_POINT -112.106065018 46.210930938 -112.106069265 46.210926039
POLYGON_POINT -112.106064168 46.210921335 -112.106064168 46.210921335
POLYGON_POINT -112.106047313 46.210922050 -112.106042782 46.210926557
POLYGON_POINT -112.106048162 46.210931652 -112.106048162 46.210931652
POLYGON_POINT -112.106065018 46.210930938 -112.106069265 46.210926039
END_WINDING
END_POLYGON
BEGIN_POLYGON 0 0 4
BEGIN_WINDING
POLYGON_POINT -112.105685957 46.210454812 -112.105685957 46.210454812
POLYGON_POINT -112.105685957 46.210454812 -112.105690204 46.210449913
POLYGON_POINT -112.105685107 46.210445209 -112.105685107 46.210445209
POLYGON_POINT -112.105668252 46.210445923 -112.105663721 46.210450431
POLYGON_POINT -112.105669101 46.210455526 -112.105669101 46.210455526
POLYGON_POINT -112.105685957 46.210454812 -112.105690204 46.210449913
END_WINDING
END_POLYGON
BEGIN_POLYGON 0 0 4
BEGIN_WINDING
POLYGON_POINT -112.105505094 46.210618169 -112.105505094 46.210618169
POLYGON_POINT -112.105505094 46.210618169 -112.105509342 46.210613270
POLYGON_POINT -112.105504244 46.210608567 -112.105504244 46.210608567
POLYGON_POINT -112.105487389 46.210609281 -112.105482858 46.210613788
POLYGON_POINT -112.105488239 46.210618883 -112.105488239 46.210618883
POLYGON_POINT -112.105505094 46.210618169 -112.105509342 46.210613270
END_WINDING
END_POLYGON
BEGIN_POLYGON 0 0 4
BEGIN_WINDING
POLYGON_POINT -112.105481605 46.210639706 -112.105481605 46.210639706
POLYGON_POINT -112.105481605 46.210639706 -112.105485853 46.210634807
POLYGON_POINT -112.105480756 46.210630104 -112.105480756 46.210630104
POLYGON_POINT -112.105463901 46.210630818 -112.105459370 46.210635325
POLYGON_POINT -112.105464750 46.210640421 -112.105464750 46.210640421
POLYGON_POINT -112.105481605 46.210639706 -112.105485853 46.210634807
END_WINDING
END_POLYGON
BEGIN_POLYGON 0 0 4
BEGIN_WINDING
POLYGON_POINT -112.104788692 46.210244723 -112.104788692 46.210244723
POLYGON_POINT -112.104788692 46.210244723 -112.104792940 46.210239824
POLYGON_POINT -112.104787843 46.210235120 -112.104787843 46.210235120
POLYGON_POINT -112.104770988 46.210235834 -112.104766457 46.210240342
POLYGON_POINT -112.104771837 46.210245437 -112.104771837 46.210245437
POLYGON_POINT -112.104788692 46.210244723 -112.104792940 46.210239824
END_WINDING
END_POLYGON
BEGIN_POLYGON 0 0 4
BEGIN_WINDING
POLYGON_POINT -112.104812768 46.210228468 -112.104812768 46.210228468
POLYGON_POINT -112.104812768 46.210228468 -112.104817016 46.210223569
POLYGON_POINT -112.104811918 46.210218866 -112.104811918 46.210218866
POLYGON_POINT -112.104795063 46.210219580 -112.104790532 46.210224087
POLYGON_POINT -112.104795913 46.210229182 -112.104795913 46.210229182
POLYGON_POINT -112.104812768 46.210228468 -112.104817016 46.210223569
END_WINDING
END_POLYGON
BEGIN_POLYGON 0 0 4
BEGIN_WINDING
POLYGON_POINT -112.105015374 46.210061395 -112.105015374 46.210061395
POLYGON_POINT -112.105015374 46.210061395 -112.105019622 46.210056496
POLYGON_POINT -112.105014525 46.210051793 -112.105014525 46.210051793
POLYGON_POINT -112.104997670 46.210052507 -112.104993139 46.210057014
POLYGON_POINT -112.104998519 46.210062109 -112.104998519 46.210062109
POLYGON_POINT -112.105015374 46.210061395 -112.105019622 46.210056496
END_WINDING
END_POLYGON
BEGIN_POLYGON 0 0 4
BEGIN_WINDING
POLYGON_POINT -112.104026512 46.209775316 -112.104026512 46.209775316
POLYGON_POINT -112.104026512 46.209775316 -112.104030760 46.209770417
POLYGON_POINT -112.104025663 46.209765714 -112.104025663 46.209765714
POLYGON_POINT -112.104008808 46.209766428 -112.104004277 46.209770935
POLYGON_POINT -112.104009657 46.209776030 -112.104009657 46.209776030
POLYGON_POINT -112.104026512 46.209775316 -112.104030760 46.209770417
END_WINDING
END_POLYGON
BEGIN_POLYGON 0 0 4
BEGIN_WINDING
POLYGON_POINT -112.104221466 46.209608708 -112.104221466 46.209608708
POLYGON_POINT -112.104221466 46.209608708 -112.104225713 46.209603809
POLYGON_POINT -112.104220616 46.209599105 -112.104220616 46.209599105
POLYGON_POINT -112.104203761 46.209599820 -112.104199230 46.209604327
POLYGON_POINT -112.104204611 46.209609422 -112.104204611 46.209609422
POLYGON_POINT -112.104221466 46.209608708 -112.104225713 46.209603809
END_WINDING
END_POLYGON
BEGIN_POLYGON 0 0 4
BEGIN_WINDING
POLYGON_POINT -112.103670080 46.209297841 -112.103670080 46.209297841
POLYGON_POINT -112.103670080 46.209297841 -112.103674327 46.209292942
POLYGON_POINT -112.103669230 46.209288239 -112.103669230 46.209288239
POLYGON_POINT -112.103652375 46.209288953 -112.103647844 46.209293460
POLYGON_POINT -112.103653224 46.209298555 -112.103653224 46.209298555
POLYGON_POINT -112.103670080 46.209297841 -112.103674327 46.209292942
END_WINDING
END_POLYGON
BEGIN_POLYGON 0 0 4
BEGIN_WINDING
POLYGON_POINT -112.103473953 46.209453884 -112.103473953 46.209453884
POLYGON_POINT -112.103473953 46.209453884 -112.103478201 46.209448985
POLYGON_POINT -112.103473104 46.209444282 -112.103473104 46.209444282
POLYGON_POINT -112.103456249 46.209444996 -112.103451718 46.209449503
POLYGON_POINT -112.103457098 46.209454598 -112.103457098 46.209454598
POLYGON_POINT -112.103473953 46.209453884 -112.103478201 46.209448985
END_WINDING
END_POLYGON
BEGIN_POLYGON 0 0 4
BEGIN_WINDING
POLYGON_POINT -112.102816873 46.209086127 -112.102816873 46.209086127
POLYGON_POINT -112.102816873 46.209086127 -112.102821121 46.209081227
POLYGON_POINT -112.102816024 46.209076524 -112.102816024 46.209076524
POLYGON_POINT -112.102799169 46.209077238 -112.102794638 46.209081746
POLYGON_POINT -112.102800018 46.209086841 -112.102800018 46.209086841
POLYGON_POINT -112.102816873 46.209086127 -112.102821121 46.209081227
END_WINDING
END_POLYGON
BEGIN_POLYGON 0 0 4
BEGIN_WINDING
POLYGON_POINT -112.103009475 46.208919925 -112.103009475 46.208919925
POLYGON_POINT -112.103009475 46.208919925 -112.103013722 46.208915025
POLYGON_POINT -112.103008625 46.208910322 -112.103008625 46.208910322
POLYGON_POINT -112.102991770 46.208911036 -112.102987239 46.208915544
POLYGON_POINT -112.102992620 46.208920639 -112.102992620 46.208920639
POLYGON_POINT -112.103009475 46.208919925 -112.103013722 46.208915025
END_WINDING
END_POLYGON
BEGIN_POLYGON 0 0 4
BEGIN_WINDING
POLYGON_POINT -112.102548524 46.208657008 -112.102548524 46.208657008
POLYGON_POINT -112.102548524 46.208657008 -112.102552771 46.208652109
POLYGON_POINT -112.102547674 46.208647406 -112.102547674 46.208647406
POLYGON_POINT -112.102530819 46.208648120 -112.102526288 46.208652627
POLYGON_POINT -112.102531669 46.208657723 -112.102531669 46.208657723
POLYGON_POINT -112.102548524 46.208657008 -112.102552771 46.208652109
END_WINDING
END_POLYGON
BEGIN_POLYGON 0 0 4
BEGIN_WINDING
POLYGON_POINT -112.102350051 46.208819147 -112.102350051 46.208819147
POLYGON_POINT -112.102350051 46.208819147 -112.102354299 46.208814248
POLYGON_POINT -112.102349201 46.208809544 -112.102349201 46.208809544
POLYGON_POINT -112.102332346 46.208810258 -112.102327816 46.208814766
POLYGON_POINT -112.102333196 46.208819861 -112.102333196 46.208819861
POLYGON_POINT -112.102350051 46.208819147 -112.102354299 46.208814248
END_WINDING
END_POLYGON
BEGIN_POLYGON 0 0 4
BEGIN_WINDING
POLYGON_POINT -112.101848585 46.208531036 -112.101848585 46.208531036
POLYGON_POINT -112.101848585 46.208531036 -112.101852833 46.208526137
POLYGON_POINT -112.101847735 46.208521434 -112.101847735 46.208521434
POLYGON_POINT -112.101830880 46.208522148 -112.101826350 46.208526655
POLYGON_POINT -112.101831730 46.208531750 -112.101831730 46.208531750
POLYGON_POINT -112.101848585 46.208531036 -112.101852833 46.208526137
END_WINDING
END_POLYGON
BEGIN_POLYGON 0 0 4
BEGIN_WINDING
POLYGON_POINT -112.102051167 46.208370117 -112.102051167 46.208370117
POLYGON_POINT -112.102051167 46.208370117 -112.102055415 46.208365218
POLYGON_POINT -112.102050318 46.208360514 -112.102050318 46.208360514
POLYGON_POINT -112.102033463 46.208361229 -112.102028932 46.208365736
POLYGON_POINT -112.102034312 46.208370831 -112.102034312 46.208370831
POLYGON_POINT -112.102051167 46.208370117 -112.102055415 46.208365218
END_WINDING
END_POLYGON
BEGIN_POLYGON 0 0 4
BEGIN_WINDING
POLYGON_POINT -112.101506254 46.208026741 -112.101506254 46.208026741
POLYGON_POINT -112.101506254 46.208026741 -112.101510501 46.208021842
POLYGON_POINT -112.101505404 46.208017139 -112.101505404 46.208017139
POLYGON_POINT -112.101488549 46.208017853 -112.101484018 46.208022360
POLYGON_POINT -112.101489398 46.208027455 -112.101489398 46.208027455
POLYGON_POINT -112.101506254 46.208026741 -112.101510501 46.208021842
END_WINDING
END_POLYGON
BEGIN_POLYGON 0 0 4
BEGIN_WINDING
POLYGON_POINT -112.101479830 46.208047466 -112.101479830 46.208047466
POLYGON_POINT -112.101479830 46.208047466 -112.101484078 46.208042566
POLYGON_POINT -112.101478980 46.208037863 -112.101478980 46.208037863
POLYGON_POINT -112.101462125 46.208038577 -112.101457594 46.208043085
POLYGON_POINT -112.101462975 46.208048180 -112.101462975 46.208048180
POLYGON_POINT -112.101479830 46.208047466 -112.101484078 46.208042566
END_WINDING
END_POLYGON
BEGIN_POLYGON 0 0 4
BEGIN_WINDING
POLYGON_POINT -112.101260978 46.208232534 -112.101260978 46.208232534
POLYGON_POINT -112.101260978 46.208232534 -112.101265226 46.208227635
POLYGON_POINT -112.101260129 46.208222931 -112.101260129 46.208222931
POLYGON_POINT -112.101243274 46.208223646 -112.101238743 46.208228153
POLYGON_POINT -112.101244123 46.208233248 -112.101244123 46.208233248
POLYGON_POINT -112.101260978 46.208232534 -112.101265226 46.208227635
END_WINDING
END_POLYGON
BEGIN_POLYGON 0 0 4
BEGIN_WINDING
POLYGON_POINT -112.101287030 46.208213329 -112.101287030 46.208213329
POLYGON_POINT -112.101287030 46.208213329 -112.101291278 46.208208430
POLYGON_POINT -112.101286181 46.208203727 -112.101286181 46.208203727
POLYGON_POINT -112.101269326 46.208204441 -112.101264795 46.208208948
POLYGON_POINT -112.101270175 46.208214043 -112.101270175 46.208214043
POLYGON_POINT -112.101287030 46.208213329 -112.101291278 46.208208430
END_WINDING
END_POLYGON
BEGIN_POLYGON 1 0 2
BEGIN_WINDING
POLYGON_POINT -112.112666789 46.214359477
POLYGON_POINT -112.112680062 46.214366851
POLYGON_POINT -112.112713920 46.214337522
POLYGON_POINT -112.112700647 46.214330147
END_WINDING
END_POLYGON
BEGIN_POLYGON 1 0 2
BEGIN_WINDING
POLYGON_POINT -112.112375038 46.214607683
POLYGON_POINT -112.112388312 46.214615057
POLYGON_POINT -112.112422170 46.214585727
POLYGON_POINT -112.112408896 46.214578353
END_WINDING
END_POLYGON
BEGIN_POLYGON 1 0 2
BEGIN_WINDING
POLYGON_POINT -112.112448119 46.214565977
POLYGON_POINT -112.112459395 46.214556711
POLYGON_POINT -112.112416741 46.214531857
POLYGON_POINT -112.112405466 46.214541122
END_WINDING
END_POLYGON
BEGIN_POLYGON 1 0 2
BEGIN_WINDING
POLYGON_POINT -112.112647552 46.214394329
POLYGON_POINT -112.112658828 46.214385064
POLYGON_POINT -112.112616174 46.214360210
POLYGON_POINT -112.112604899 46.214369475
END_WINDING
END_POLYGON
BEGIN_POLYGON 0 0 4
BEGIN_WINDING
POLYGON_POINT -112.112692858 46.214383626 -112.112692858 46.214383626
POLYGON_POINT -112.112692858 46.214383626 -112.112698238 46.214380490
POLYGON_POINT -112.112693991 46.214375591 -112.112693991 46.214375591
POLYGON_POINT -112.112680812 46.214375074 -112.112676281 46.214377622
POLYGON_POINT -112.112679396 46.214382717 -112.112679396 46.214382717
POLYGON_POINT -112.112692858 46.214383626 -112.112698238 46.214380490
END_WINDING
END_POLYGON
BEGIN_POLYGON 0 0 4
BEGIN_WINDING
POLYGON_POINT -112.112667488 46.214402644 -112.112667488 46.214402644
POLYGON_POINT -112.112667488 46.214402644 -112.112672869 46.214399508
POLYGON_POINT -112.112668621 46.214394609 -112.112668621 46.214394609
POLYGON_POINT -112.112655443 46.214394092 -112.112650911 46.214396640
POLYGON_POINT -112.112654027 46.214401735 -112.112654027 46.214401735
POLYGON_POINT -112.112667488 46.214402644 -112.112672869 46.214399508
END_WINDING
END_POLYGON
BEGIN_POLYGON 0 0 4
BEGIN_WINDING
POLYGON_POINT -112.112430001 46.214568927 -112.112430001 46.214568927
POLYGON_POINT -112.112430001 46.214568927 -112.112435381 46.214565791
POLYGON_POINT -112.112431133 46.214560892 -112.112431133 46.214560892
POLYGON_POINT -112.112417955 46.214560375 -112.112413424 46.214562923
POLYGON_POINT -112.112416539 46.214568018 -112.112416539 46.214568018
POLYGON_POINT -112.112430001 46.214568927 -112.112435381 46.214565791
END_WINDING
END_POLYGON
BEGIN_POLYGON 0 0 4
BEGIN_WINDING
POLYGON_POINT -112.112405336 46.214589407 -112.112405336 46.214589407
POLYGON_POINT -112.112405336 46.214589407 -112.112410716 46.214586272
POLYGON_POINT -112.112406468 46.214581373 -112.112406468 46.214581373
POLYGON_POINT -112.112393290 46.214580856 -112.112388759 46.214583403
POLYGON_POINT -112.112391874 46.214588499 -112.112391874 46.214588499
POLYGON_POINT -112.112405336 46.214589407 -112.112410716 46.214586272
END_WINDING
END_POLYGON
BEGIN_POLYGON 0 0 4
BEGIN_WINDING
POLYGON_POINT -112.112239729 46.214168579 -112.112239729 46.214168579
POLYGON_POINT -112.112239729 46.214168579 -112.112245109 46.214165444
POLYGON_POINT -112.112240862 46.214160544 -112.112240862 46.214160544
POLYGON_POINT -112.112227683 46.214160027 -112.112223152 46.214162575
POLYGON_POINT -112.112226267 46.214167670 -112.112226267 46.214167670
POLYGON_POINT -112.112239729 46.214168579 -112.112245109 46.214165444
END_WINDING
END_POLYGON
BEGIN_POLYGON 0 0 4
BEGIN_WINDING
POLYGON_POINT -112.112036068 46.214336325 -112.112036068 46.214336325
POLYGON_POINT -112.112036068 46.214336325 -112.112041449 46.214333190
POLYGON_POINT -112.112037201 46.214328291 -112.112037201 46.214328291
POLYGON_POINT -112.112024022 46.214327774 -112.112019491 46.214330321
POLYGON_POINT -112.112022606 46.214335416 -112.112022606 46.214335416
POLYGON_POINT -112.112036068 46.214336325 -112.112041449 46.214333190
END_WINDING
END_POLYGON
BEGIN_POLYGON 0 0 4
BEGIN_WINDING
POLYGON_POINT -112.111531499 46.213771157 -112.111531499 46.213771157
POLYGON_POINT -112.111531499 46.213771157 -112.111536879 46.213768022
POLYGON_POINT -112.111532631 46.213763122 -112.111532631 46.213763122
POLYGON_POINT -112.111519453 46.213762606 -112.111514922 46.213765153
POLYGON_POINT -112.111518037 46.213770248 -112.111518037 46.213770248
POLYGON_POINT -112.111531499 46.213771157 -112.111536879 46.213768022
END_WINDING
END_POLYGON
BEGIN_POLYGON 0 0 4
BEGIN_WINDING
POLYGON_POINT -112.111341229 46.213935490 -112.111341229 46.213935490
POLYGON_POINT -112.111341229 46.213935490 -112.111346609 46.213932354
POLYGON_POINT -112.111342362 46.213927455 -112.111342362 46.213927455
POLYGON_POINT -112.111329183 46.213926938 -112.111324652 46.213929486
POLYGON_POINT -112.111327767 46.213934581 -112.111327767 46.213934581
POLYGON_POINT -112.111341229 46.213935490 -112.111346609 46.213932354
END_WINDING
END_POLYGON
BEGIN_POLYGON 0 0 4
BEGIN_WINDING
POLYGON_POINT -112.110958576 46.213442979 -112.110958576 46.213442979
POLYGON_POINT -112.110958576 46.213442979 -112.110963956 46.213439844
POLYGON_POINT -112.110959709 46.213434945 -112.110959709 46.213434945
POLYGON_POINT -112.110946530 46.213434428 -112.110941999 46.213436975
POLYGON_POINT -112.110945114 46.213442071 -112.110945114 46.213442071
POLYGON_POINT -112.110958576 46.213442979 -112.110963956 46.213439844
END_WINDING
END_POLYGON
BEGIN_POLYGON 0 0 4
BEGIN_WINDING
POLYGON_POINT -112.110761261 46.213603899 -112.110761261 46.213603899
POLYGON_POINT -112.110761261 46.213603899 -112.110766641 46.213600763
POLYGON_POINT -112.110762393 46.213595864 -112.110762393 46.213595864
POLYGON_POINT -112.110749215 46.213595347 -112.110744684 46.213597895
POLYGON_POINT -112.110747799 46.213602990 -112.110747799 46.213602990
POLYGON_POINT -112.110761261 46.213603899 -112.110766641 46.213600763
END_WINDING
END_POLYGON
BEGIN_POLYGON 0 0 4
BEGIN_WINDING
POLYGON_POINT -112.110419482 46.213136257 -112.110419482 46.213136257
POLYGON_POINT -112.110419482 46.213136257 -112.110424863 46.213133122
POLYGON_POINT -112.110420615 46.213128223 -112.110420615 46.213128223
POLYGON_POINT -112.110407437 46.213127706 -112.110402906 46.213130253
POLYGON_POINT -112.110406021 46.213135349 -112.110406021 46.213135349
POLYGON_POINT -112.110419482 46.213136257 -112.110424863 46.213133122
END_WINDING
END_POLYGON
BEGIN_POLYGON 0 0 4
BEGIN_WINDING
POLYGON_POINT -112.110230624 46.213305466 -112.110230624 46.213305466
POLYGON_POINT -112.110230624 46.213305466 -112.110236005 46.213302331
POLYGON_POINT -112.110231757 46.213297432 -112.110231757 46.213297432
POLYGON_POINT -112.110218579 46.213296915 -112.110214048 46.213299462
POLYGON_POINT -112.110217163 46.213304558 -112.110217163 46.213304558
POLYGON_POINT -112.110230624 46.213305466 -112.110236005 46.213302331
END_WINDING
END_POLYGON
BEGIN_POLYGON 0 0 4
BEGIN_WINDING
POLYGON_POINT -112.109732407 46.212745175 -112.109732407 46.212745175
POLYGON_POINT -112.109732407 46.212745175 -112.109737787 46.212742039
POLYGON_POINT -112.109733540 46.212737140 -112.109733540 46.212737140
POLYGON_POINT -112.109720361 46.212736623 -112.109715830 46.212739171
POLYGON_POINT -112.109718945 46.212744266 -112.109718945 46.212744266
POLYGON_POINT -112.109732407 46.212745175 -112.109737787 46.212742039
END_WINDING
END_POLYGON
BEGIN_POLYGON 0 0 4
BEGIN_WINDING
POLYGON_POINT -112.109549187 46.212919260 -112.109549187 46.212919260
POLYGON_POINT -112.109549187 46.212919260 -112.109554568 46.212916125
POLYGON_POINT -112.109550320 46.212911225 -112.109550320 46.212911225
POLYGON_POINT -112.109537142 46.212910709 -112.109532611 46.212913256
POLYGON_POINT -112.109535726 46.212918351 -112.109535726 46.212918351
POLYGON_POINT -112.109549187 46.212919260 -112.109554568 46.212916125
END_WINDING
END_POLYGON
BEGIN_POLYGON 0 0 4
BEGIN_WINDING
POLYGON_POINT -112.109184863 46.212427237 -112.109184863 46.212427237
POLYGON_POINT -112.109184863 46.212427237 -112.109190244 46.212424102
POLYGON_POINT -112.109185996 46.212419202 -112.109185996 46.212419202
POLYGON_POINT -112.109172817 46.212418686 -112.109168286 46.212421233
POLYGON_POINT -112.109171401 46.212426328 -112.109171401 46.212426328
POLYGON_POINT -112.109184863 46.212427237 -112.109190244 46.212424102
END_WINDING
END_POLYGON
BEGIN_POLYGON 0 0 4
BEGIN_WINDING
POLYGON_POINT -112.108991074 46.212603761 -112.108991074 46.212603761
POLYGON_POINT -112.108991074 46.212603761 -112.108996455 46.212600625
POLYGON_POINT -112.108992207 46.212595726 -112.108992207 46.212595726
POLYGON_POINT -112.108979029 46.212595209 -112.108974497 46.212597757
POLYGON_POINT -112.108977613 46.212602852 -112.108977613 46.212602852
POLYGON_POINT -112.108991074 46.212603761 -112.108996455 46.212600625
END_WINDING
END_POLYGON
BEGIN_POLYGON 0 0 4
BEGIN_WINDING
POLYGON_POINT -112.108528801 46.212053709 -112.108528801 46.212053709
POLYGON_POINT -112.108528801 46.212053709 -112.108534182 46.212050574
POLYGON_POINT -112.108529934 46.212045675 -112.108529934 46.212045675
POLYGON_POINT -112.108516755 46.212045158 -112.108512224 46.212047705
POLYGON_POINT -112.108515340 46.212052801 -112.108515340 46.212052801
POLYGON_POINT -112.108528801 46.212053709 -112.108534182 46.212050574
END_WINDING
END_POLYGON
BEGIN_POLYGON 0 0 4
BEGIN_WINDING
POLYGON_POINT -112.108313873 46.212211703 -112.108313873 46.212211703
POLYGON_POINT -112.108313873 46.212211703 -112.108319254 46.212208567
POLYGON_POINT -112.108315006 46.212203668 -112.108315006 46.212203668
POLYGON_POINT -112.108301828 46.212203151 -112.108297297 46.212205699
POLYGON_POINT -112.108300412 46.212210794 -112.108300412 46.212210794
POLYGON_POINT -112.108313873 46.212211703 -112.108319254 46.212208567
END_WINDING
END_POLYGON
BEGIN_POLYGON 0 0 4
BEGIN_WINDING
POLYGON_POINT -112.107913615 46.211704563 -112.107913615 46.211704563
POLYGON_POINT -112.107913615 46.211704563 -112.107918996 46.211701428
POLYGON_POINT -112.107914748 46.211696529 -112.107914748 46.211696529
POLYGON_POINT -112.107901569 46.211696012 -112.107897038 46.211698559
POLYGON_POINT -112.107900154 46.211703654 -112.107900154 46.211703654
POLYGON_POINT -112.107913615 46.211704563 -112.107918996 46.211701428
END_WINDING
END_POLYGON
BEGIN_POLYGON 0 0 4
BEGIN_WINDING
POLYGON_POINT -112.107688119 46.211854755 -112.107688119 46.211854755
POLYGON_POINT -112.107688119 46.211854755 -112.107693499 46.211851619
POLYGON_POINT -112.107689251 46.211846720 -112.107689251 46.211846720
POLYGON_POINT -112.107676073 46.211846203 -112.107671542 46.211848751
POLYGON_POINT -112.107674657 46.211853846 -112.107674657 46.211853846
POLYGON_POINT -112.107688119 46.211854755 -112.107693499 46.211851619
END_WINDING
END_POLYGON
BEGIN_POLYGON 0 0 4
BEGIN_WINDING
POLYGON_POINT -112.107100420 46.211520238 -112.107100420 46.211520238
POLYGON_POINT -112.107100420 46.211520238 -112.107105801 46.211517102
POLYGON_POINT -112.107101553 46.211512203 -112.107101553 46.211512203
POLYGON_POINT -112.107088375 46.211511686 -112.107083844 46.211514234
POLYGON_POINT -112.107086959 46.211519329 -112.107086959 46.211519329
POLYGON_POINT -112.107100420 46.211520238 -112.107105801 46.211517102
END_WINDING
END_POLYGON
BEGIN_POLYGON 0 0 4
BEGIN_WINDING
POLYGON_POINT -112.107287158 46.211365657 -112.107287158 46.211365657
POLYGON_POINT -112.107287158 46.211365657 -112.107292539 46.211362522
POLYGON_POINT -112.107288291 46.211357623 -112.107288291 46.211357623
POLYGON_POINT -112.107275113 46.211357106 -112.107270582 46.211359653
POLYGON_POINT -112.107273697 46.211364749 -112.107273697 46.211364749
POLYGON_POINT -112.107287158 46.211365657 -112.107292539 46.211362522
END_WINDING
END_POLYGON
BEGIN_POLYGON 0 0 4
BEGIN_WINDING
POLYGON_POINT -112.108114135 46.211147419 -112.108114135 46.211147419
POLYGON_POINT -112.108114135 46.211147419 -112.108119515 46.211144283
POLYGON_POINT -112.108115267 46.211139384 -112.108115267 46.211139384
POLYGON_POINT -112.108102089 46.211138867 -112.108097558 46.211141415
POLYGON_POINT -112.108100673 46.211146510 -112.108100673 46.211146510
POLYGON_POINT -112.108114135 46.211147419 -112.108119515 46.211144283
END_WINDING
END_POLYGON
BEGIN_POLYGON 0 0 4
BEGIN_WINDING
POLYGON_POINT -112.108131692 46.211147419 -112.108131692 46.211147419
POLYGON_POINT -112.108131692 46.211147419 -112.108137073 46.211144283
POLYGON_POINT -112.108132825 46.211139384 -112.108132825 46.211139384
POLYGON_POINT -112.108119647 46.211138867 -112.108115116 46.211141415
POLYGON_POINT -112.108118231 46.211146510 -112.108118231 46.211146510
POLYGON_POINT -112.108131692 46.211147419 -112.108137073 46.211144283
END_WINDING
END_POLYGON
BEGIN_POLYGON 0 0 4
BEGIN_WINDING
POLYGON_POINT -112.108164826 46.211142911 -112.108164826 46.211142911
POLYGON_POINT -112.108164826 46.211142911 -112.108170206 46.211139776
POLYGON_POINT -112.108165959 46.211134877 -112.108165959 46.211134877
POLYGON_POINT -112.108152780 46.211134360 -112.108148249 46.211136907
POLYGON_POINT -112.108151364 46.211142003 -112.108151364 46.211142003
POLYGON_POINT -112.108164826 46.211142911 -112.108170206 46.211139776
END_WINDING
END_POLYGON
BEGIN_POLYGON 0 0 4
BEGIN_WINDING
POLYGON_POINT -112.108178985 46.211136445 -112.108178985 46.211136445
POLYGON_POINT -112.108178985 46.211136445 -112.108184366 46.211133309
POLYGON_POINT -112.108180118 46.211128410 -112.108180118 46.211128410
POLYGON_POINT -112.108166940 46.211127893 -112.108162409 46.211130440
POLYGON_POINT -112.108165524 46.211135536 -112.108165524 46.211135536
POLYGON_POINT -112.108178985 46.211136445 -112.108184366 46.211133309
END_WINDING
END_POLYGON
BEGIN_POLYGON 0 0 4
BEGIN_WINDING
POLYGON_POINT -112.108209570 46.211119395 -112.108209570 46.211119395
POLYGON_POINT -112.108209570 46.211119395 -112.108214951 46.211116260
POLYGON_POINT -112.108210703 46.211111360 -112.108210703 46.211111360
POLYGON_POINT -112.108197524 46.211110844 -112.108192993 46.211113391
POLYGON_POINT -112.108196108 46.211118486 -112.108196108 46.211118486
POLYGON_POINT -112.108209570 46.211119395 -112.108214951 46.211116260
END_WINDING
END_POLYGON
BEGIN_POLYGON 0 0 4
BEGIN_WINDING
POLYGON_POINT -112.108221747 46.211087844 -112.108221747 46.211087844
POLYGON_POINT -112.108221747 46.211087844 -112.108227128 46.211084709
POLYGON_POINT -112.108222880 46.211079809 -112.108222880 46.211079809
POLYGON_POINT -112.108209701 46.211079292 -112.108205170 46.211081840
POLYGON_POINT -112.108208285 46.211086935 -112.108208285 46.211086935
POLYGON_POINT -112.108221747 46.211087844 -112.108227128 46.211084709
END_WINDING
END_POLYGON
BEGIN_POLYGON 0 0 4
BEGIN_WINDING
POLYGON_POINT -112.108223729 46.211075890 -112.108223729 46.211075890
POLYGON_POINT -112.108223729 46.211075890 -112.108229110 46.211072754
POLYGON_POINT -112.108224862 46.211067855 -112.108224862 46.211067855
POLYGON_POINT -112.108211684 46.211067338 -112.108207153 46.211069886
POLYGON_POINT -112.108210268 46.211074981 -112.108210268 46.211074981
POLYGON_POINT -112.108223729 46.211075890 -112.108229110 46.211072754
END_WINDING
END_POLYGON
BEGIN_POLYGON 0 0 4
BEGIN_WINDING
POLYGON_POINT -112.108218349 46.211058645 -112.108218349 46.211058645
POLYGON_POINT -112.108218349 46.211058645 -112.108223729 46.211055509
POLYGON_POINT -112.108219482 46.211050610 -112.108219482 46.211050610
POLYGON_POINT -112.108206303 46.211050093 -112.108201772 46.211052641
POLYGON_POINT -112.108204887 46.211057736 -112.108204887 46.211057736
POLYGON_POINT -112.108218349 46.211058645 -112.108223729 46.211055509
END_WINDING
END_POLYGON
BEGIN_POLYGON 0 0 4
BEGIN_WINDING
POLYGON_POINT -112.108212119 46.211047083 -112.108212119 46.211047083
POLYGON_POINT -112.108212119 46.211047083 -112.108217499 46.211043947
POLYGON_POINT -112.108213251 46.211039048 -112.108213251 46.211039048
POLYGON_POINT -112.108200073 46.211038531 -112.108195542 46.211041078
POLYGON_POINT -112.108198657 46.211046174 -112.108198657 46.211046174
POLYGON_POINT -112.108212119 46.211047083 -112.108217499 46.211043947
END_WINDING
END_POLYGON
BEGIN_POLYGON 0 0 4
BEGIN_WINDING
POLYGON_POINT -112.108186631 46.211026702 -112.108186631 46.211026702
POLYGON_POINT -112.108186631 46.211026702 -112.108192012 46.211023566
POLYGON_POINT -112.108187764 46.211018667 -112.108187764 46.211018667
POLYGON_POINT -112.108174586 46.211018150 -112.108170055 46.211020698
POLYGON_POINT -112.108173170 46.211025793 -112.108173170 46.211025793
POLYGON_POINT -112.108186631 46.211026702 -112.108192012 46.211023566
END_WINDING
END_POLYGON
BEGIN_POLYGON 0 0 4
BEGIN_WINDING
POLYGON_POINT -112.108172472 46.211019843 -112.108172472 46.211019843
POLYGON_POINT -112.108172472 46.211019843 -112.108177853 46.211016707
POLYGON_POINT -112.108173605 46.211011808 -112.108173605 46.211011808
POLYGON_POINT -112.108160426 46.211011291 -112.108155895 46.211013839
POLYGON_POINT -112.108159010 46.211018934 -112.108159010 46.211018934
POLYGON_POINT -112.108172472 46.211019843 -112.108177853 46.211016707
END_WINDING
END_POLYGON
BEGIN_POLYGON 0 0 4
BEGIN_WINDING
POLYGON_POINT -112.108130560 46.211011220 -112.108130560 46.211011220
POLYGON_POINT -112.108130560 46.211011220 -112.108135940 46.211008085
POLYGON_POINT -112.108131693 46.211003185 -112.108131693 46.211003185
POLYGON_POINT -112.108118514 46.211002669 -112.108113983 46.211005216
POLYGON_POINT -112.108117098 46.211010311 -112.108117098 46.211010311
POLYGON_POINT -112.108130560 46.211011220 -112.108135940 46.211008085
END_WINDING
END_POLYGON
BEGIN_POLYGON 0 0 4
BEGIN_WINDING
POLYGON_POINT -112.108112152 46.211012004 -112.108112152 46.211012004
POLYGON_POINT -112.108112152 46.211012004 -112.108117533 46.211008869
POLYGON_POINT -112.108113285 46.211003969 -112.108113285 46.211003969
POLYGON_POINT -112.108100107 46.211003452 -112.108095576 46.211006000
POLYGON_POINT -112.108098691 46.211011095 -112.108098691 46.211011095
POLYGON_POINT -112.108112152 46.211012004 -112.108117533 46.211008869
END_WINDING
END_POLYGON
BEGIN_POLYGON 0 0 4
BEGIN_WINDING
POLYGON_POINT -112.108079869 46.211016903 -112.108079869 46.211016903
POLYGON_POINT -112.108079869 46.211016903 -112.108085249 46.211013768
POLYGON_POINT -112.108081001 46.211008869 -112.108081001 46.211008869
POLYGON_POINT -112.108067823 46.211008352 -112.108063292 46.211010899
POLYGON_POINT -112.108066407 46.211015994 -112.108066407 46.211015994
POLYGON_POINT -112.108079869 46.211016903 -112.108085249 46.211013768
END_WINDING
END_POLYGON
BEGIN_POLYGON 0 0 4
BEGIN_WINDING
POLYGON_POINT -112.108064860 46.211024546 -112.108064860 46.211024546
POLYGON_POINT -112.108064860 46.211024546 -112.108070240 46.211021411
POLYGON_POINT -112.108065992 46.211016511 -112.108065992 46.211016511
POLYGON_POINT -112.108052814 46.211015994 -112.108048283 46.211018542
POLYGON_POINT -112.108051398 46.211023637 -112.108051398 46.211023637
POLYGON_POINT -112.108064860 46.211024546 -112.108070240 46.211021411
END_WINDING
END_POLYGON
BEGIN_POLYGON 0 0 4
BEGIN_WINDING
POLYGON_POINT -112.108003407 46.211002206 -112.108003407 46.211002206
POLYGON_POINT -112.108003407 46.211002206 -112.108008788 46.210999070
POLYGON_POINT -112.108004540 46.210994171 -112.108004540 46.210994171
POLYGON_POINT -112.107991362 46.210993654 -112.107986831 46.210996202
POLYGON_POINT -112.107989946 46.211001297 -112.107989946 46.211001297
POLYGON_POINT -112.108003407 46.211002206 -112.108008788 46.210999070
END_WINDING
END_POLYGON
BEGIN_POLYGON 0 0 4
BEGIN_WINDING
POLYGON_POINT -112.108003974 46.211012788 -112.108003974 46.211012788
POLYGON_POINT -112.108003974 46.211012788 -112.108009354 46.211009652
POLYGON_POINT -112.108005106 46.211004753 -112.108005106 46.211004753
POLYGON_POINT -112.107991928 46.211004236 -112.107987397 46.211006784
POLYGON_POINT -112.107990512 46.211011879 -112.107990512 46.211011879
POLYGON_POINT -112.108003974 46.211012788 -112.108009354 46.211009652
END_WINDING
END_POLYGON
BEGIN_POLYGON 0 0 4
BEGIN_WINDING
POLYGON_POINT -112.108014452 46.211017687 -112.108014452 46.211017687
POLYGON_POINT -112.108014452 46.211017687 -112.108019832 46.211014552
POLYGON_POINT -112.108015584 46.211009652 -112.108015584 46.211009652
POLYGON_POINT -112.108002406 46.211009136 -112.107997875 46.211011683
POLYGON_POINT -112.108000990 46.211016778 -112.108000990 46.211016778
POLYGON_POINT -112.108014452 46.211017687 -112.108019832 46.211014552
END_WINDING
END_POLYGON
BEGIN_POLYGON 0 0 4
BEGIN_WINDING
POLYGON_POINT -112.108036540 46.211029641 -112.108036540 46.211029641
POLYGON_POINT -112.108036540 46.211029641 -112.108041921 46.211026506
POLYGON_POINT -112.108037673 46.211021607 -112.108037673 46.211021607
POLYGON_POINT -112.108024495 46.211021090 -112.108019964 46.211023637
POLYGON_POINT -112.108023079 46.211028732 -112.108023079 46.211028732
POLYGON_POINT -112.108036540 46.211029641 -112.108041921 46.211026506
END_WINDING
END_POLYGON
BEGIN_POLYGON 0 0 4
BEGIN_WINDING
POLYGON_POINT -112.108048434 46.211035912 -112.108048434 46.211035912
POLYGON_POINT -112.108048434 46.211035912 -112.108053815 46.211032777
POLYGON_POINT -112.108049567 46.211027878 -112.108049567 46.211027878
POLYGON_POINT -112.108036389 46.211027361 -112.108031858 46.211029908
POLYGON_POINT -112.108034973 46.211035003 -112.108034973 46.211035003
POLYGON_POINT -112.108048434 46.211035912 -112.108053815 46.211032777
END_WINDING
END_POLYGON
BEGIN_POLYGON 0 0 4
BEGIN_WINDING
POLYGON_POINT -112.108034841 46.211049630 -112.108034841 46.211049630
POLYGON_POINT -112.108034841 46.211049630 -112.108040222 46.211046495
POLYGON_POINT -112.108035974 46.211041595 -112.108035974 46.211041595
POLYGON_POINT -112.108022796 46.211041078 -112.108018265 46.211043626
POLYGON_POINT -112.108021380 46.211048721 -112.108021380 46.211048721
POLYGON_POINT -112.108034841 46.211049630 -112.108040222 46.211046495
END_WINDING
END_POLYGON
BEGIN_POLYGON 0 0 4
BEGIN_WINDING
POLYGON_POINT -112.108028611 46.211059821 -112.108028611 46.211059821
POLYGON_POINT -112.108028611 46.211059821 -112.108033992 46.211056685
POLYGON_POINT -112.108029744 46.211051786 -112.108029744 46.211051786
POLYGON_POINT -112.108016566 46.211051269 -112.108012034 46.211053816
POLYGON_POINT -112.108015150 46.211058912 -112.108015150 46.211058912
POLYGON_POINT -112.108028611 46.211059821 -112.108033992 46.211056685
END_WINDING
END_POLYGON
BEGIN_POLYGON 0 0 4
BEGIN_WINDING
POLYGON_POINT -112.108022947 46.211076674 -112.108022947 46.211076674
POLYGON_POINT -112.108022947 46.211076674 -112.108028328 46.211073538
POLYGON_POINT -112.108024080 46.211068639 -112.108024080 46.211068639
POLYGON_POINT -112.108010902 46.211068122 -112.108006371 46.211070670
POLYGON_POINT -112.108009486 46.211075765 -112.108009486 46.211075765
POLYGON_POINT -112.108022947 46.211076674 -112.108028328 46.211073538
END_WINDING
END_POLYGON
BEGIN_POLYGON 0 0 4
BEGIN_WINDING
POLYGON_POINT -112.108024080 46.211087844 -112.108024080 46.211087844
POLYGON_POINT -112.108024080 46.211087844 -112.108029461 46.211084709
POLYGON_POINT -112.108025213 46.211079809 -112.108025213 46.211079809
POLYGON_POINT -112.108012034 46.211079292 -112.108007503 46.211081840
POLYGON_POINT -112.108010619 46.211086935 -112.108010619 46.211086935
POLYGON_POINT -112.108024080 46.211087844 -112.108029461 46.211084709
END_WINDING
END_POLYGON
BEGIN_POLYGON 0 0 4
BEGIN_WINDING
POLYGON_POINT -112.108035408 46.211111164 -112.108035408 46.211111164
POLYGON_POINT -112.108035408 46.211111164 -112.108040788 46.211108029
POLYGON_POINT -112.108036541 46.211103130 -112.108036541 46.211103130
POLYGON_POINT -112.108023362 46.211102613 -112.108018831 46.211105160
POLYGON_POINT -112.108021946 46.211110256 -112.108021946 46.211110256
POLYGON_POINT -112.108035408 46.211111164 -112.108040788 46.211108029
END_WINDING
END_POLYGON
BEGIN_POLYGON 0 0 4
BEGIN_WINDING
POLYGON_POINT -112.108042488 46.211119983 -112.108042488 46.211119983
POLYGON_POINT -112.108042488 46.211119983 -112.108047868 46.211116848
POLYGON_POINT -112.108043620 46.211111948 -112.108043620 46.211111948
POLYGON_POINT -112.108030442 46.211111431 -112.108025911 46.211113979
POLYGON_POINT -112.108029026 46.211119074 -112.108029026 46.211119074
POLYGON_POINT -112.108042488 46.211119983 -112.108047868 46.211116848
END_WINDING
END_POLYGON
BEGIN_POLYGON 0 0 4
BEGIN_WINDING
POLYGON_POINT -112.108060045 46.211129782 -112.108060045 46.211129782
POLYGON_POINT -112.108060045 46.211129782 -112.108065426 46.211126646
POLYGON_POINT -112.108061178 46.211121747 -112.108061178 46.211121747
POLYGON_POINT -112.108048000 46.211121230 -112.108043469 46.211123778
POLYGON_POINT -112.108046584 46.211128873 -112.108046584 46.211128873
POLYGON_POINT -112.108060045 46.211129782 -112.108065426 46.211126646
END_WINDING
END_POLYGON
BEGIN_POLYGON 0 0 4
BEGIN_WINDING
POLYGON_POINT -112.108071373 46.211137620 -112.108071373 46.211137620
POLYGON_POINT -112.108071373 46.211137620 -112.108076754 46.211134485
POLYGON_POINT -112.108072506 46.211129586 -112.108072506 46.211129586
POLYGON_POINT -112.108059327 46.211129069 -112.108054796 46.211131616
POLYGON_POINT -112.108057911 46.211136711 -112.108057911 46.211136711
POLYGON_POINT -112.108071373 46.211137620 -112.108076754 46.211134485
END_WINDING
END_POLYGON
BEGIN_POLYGON 1 0 2
BEGIN_WINDING
POLYGON_POINT -112.101422952 46.208340778
POLYGON_POINT -112.101413607 46.208334155
POLYGON_POINT -112.101378003 46.208358216
POLYGON_POINT -112.101387348 46.208364839
END_WINDING
END_POLYGON
BEGIN_POLYGON 1 0 2
BEGIN_WINDING
POLYGON_POINT -112.101563291 46.208014876
POLYGON_POINT -112.101553946 46.208008253
POLYGON_POINT -112.101518342 46.208032313
POLYGON_POINT -112.101527687 46.208038937
END_WINDING
END_POLYGON
BEGIN_POLYGON 1 0 2
BEGIN_WINDING
POLYGON_POINT -112.101526380 46.208080123
POLYGON_POINT -112.101535452 46.208073321
POLYGON_POINT -112.101498883 46.208049964
POLYGON_POINT -112.101489810 46.208056766
END_WINDING
END_POLYGON
BEGIN_POLYGON 1 0 2
BEGIN_WINDING
POLYGON_POINT -112.101480578 46.208338569
POLYGON_POINT -112.101489651 46.208331767
POLYGON_POINT -112.101453082 46.208308410
POLYGON_POINT -112.101444009 46.208315212
END_WINDING
END_POLYGON
BEGIN_POLYGON 1 0 2
BEGIN_WINDING
POLYGON_POINT -112.102437120 46.208601486
POLYGON_POINT -112.102446193 46.208594683
POLYGON_POINT -112.102409624 46.208571326
POLYGON_POINT -112.102400551 46.208578128
END_WINDING
END_POLYGON
BEGIN_POLYGON 1 0 2
BEGIN_WINDING
POLYGON_POINT -112.102220444 46.208754684
POLYGON_POINT -112.102229517 46.208747882
POLYGON_POINT -112.102192947 46.208724525
POLYGON_POINT -112.102183875 46.208731327
END_WINDING
END_POLYGON
BEGIN_POLYGON 1 0 2
BEGIN_WINDING
POLYGON_POINT -112.103615047 46.209268732
POLYGON_POINT -112.103624119 46.209261930
POLYGON_POINT -112.103587550 46.209238572
POLYGON_POINT -112.103578477 46.209245375
END_WINDING
END_POLYGON
BEGIN_POLYGON 1 0 2
BEGIN_WINDING
POLYGON_POINT -112.103423618 46.209443467
POLYGON_POINT -112.103432691 46.209436665
POLYGON_POINT -112.103396121 46.209413308
POLYGON_POINT -112.103387049 46.209420110
END_WINDING
END_POLYGON
BEGIN_POLYGON 1 0 2
BEGIN_WINDING
POLYGON_POINT -112.104787652 46.210220459
POLYGON_POINT -112.104797206 46.210213980
POLYGON_POINT -112.104762379 46.210189382
POLYGON_POINT -112.104752824 46.210195860
END_WINDING
END_POLYGON
BEGIN_POLYGON 1 0 2
BEGIN_WINDING
POLYGON_POINT -112.104633508 46.210133091
POLYGON_POINT -112.104643063 46.210126613
POLYGON_POINT -112.104608235 46.210102014
POLYGON_POINT -112.104598680 46.210108492
END_WINDING
END_POLYGON
BEGIN_POLYGON 1 0 2
BEGIN_WINDING
POLYGON_POINT -112.104830714 46.209961064
POLYGON_POINT -112.104840269 46.209954586
POLYGON_POINT -112.104805441 46.209929987
POLYGON_POINT -112.104795886 46.209936466
END_WINDING
END_POLYGON
BEGIN_POLYGON 1 0 2
BEGIN_WINDING
POLYGON_POINT -112.105695638 46.210451967
POLYGON_POINT -112.105687482 46.210459304
POLYGON_POINT -112.105726927 46.210480301
POLYGON_POINT -112.105735083 46.210472964
END_WINDING
END_POLYGON
BEGIN_POLYGON 1 0 2
BEGIN_WINDING
POLYGON_POINT -112.105511299 46.210616982
POLYGON_POINT -112.105503143 46.210624319
POLYGON_POINT -112.105542588 46.210645316
POLYGON_POINT -112.105550744 46.210637979
END_WINDING
END_POLYGON
BEGIN_POLYGON 1 0 2
BEGIN_WINDING
POLYGON_POINT -112.105596705 46.210434412
POLYGON_POINT -112.105588549 46.210441749
POLYGON_POINT -112.105627995 46.210462746
POLYGON_POINT -112.105636151 46.210455409
END_WINDING
END_POLYGON
BEGIN_POLYGON 1 0 2
BEGIN_WINDING
POLYGON_POINT -112.106021193 46.210623419
POLYGON_POINT -112.106013037 46.210630756
POLYGON_POINT -112.106052482 46.210651753
POLYGON_POINT -112.106060638 46.210644416
END_WINDING
END_POLYGON
BEGIN_POLYGON 1 0 2
BEGIN_WINDING
POLYGON_POINT -112.105820787 46.210789605
POLYGON_POINT -112.105812631 46.210796942
POLYGON_POINT -112.105852076 46.210817939
POLYGON_POINT -112.105860232 46.210810602
END_WINDING
END_POLYGON
BEGIN_POLYGON 1 0 2
BEGIN_WINDING
POLYGON_POINT -112.108256698 46.212173894
POLYGON_POINT -112.108248542 46.212181231
POLYGON_POINT -112.108287987 46.212202228
POLYGON_POINT -112.108296143 46.212194891
END_WINDING
END_POLYGON
BEGIN_POLYGON 1 0 2
BEGIN_WINDING
POLYGON_POINT -112.108468754 46.212015864
POLYGON_POINT -112.108460598 46.212023202
POLYGON_POINT -112.108500044 46.212044198
POLYGON_POINT -112.108508200 46.212036861
END_WINDING
END_POLYGON
FILTER -1
FILTER 0
FILTER -1
FILTER 0
FILTER -1
FILTER 0
FILTER -1
FILTER 0
FILTER -1
FILTER 0
OBJECT 0 -112.105143270 46.209477717 180.018250
OBJECT 1 -112.105462769 46.208751667 31.750483
OBJECT 2 -112.104860436 46.210935315 307.635010
BEGIN_POLYGON 2 10 2
BEGIN_WINDING
POLYGON_POINT -112.100639084 46.207979245
POLYGON_POINT -112.100637360 46.208320618
POLYGON_POINT -112.101113715 46.208582977
POLYGON_POINT -112.102640724 46.209413285
POLYGON_POINT -112.104513156 46.210475073
POLYGON_POINT -112.104127759 46.210814745
POLYGON_POINT -112.104127759 46.210935517
POLYGON_POINT -112.104225927 46.210935517
POLYGON_POINT -112.104385903 46.210938033
POLYGON_POINT -112.104436849 46.210960678
POLYGON_POINT -112.104840431 46.211184609
POLYGON_POINT -112.105211291 46.210867583
POLYGON_POINT -112.107385565 46.212097948
POLYGON_POINT -112.109858048 46.213506956
POLYGON_POINT -112.112915986 46.215240539
POLYGON_POINT -112.113668658 46.214601454
POLYGON_POINT -112.111225205 46.213217607
POLYGON_POINT -112.108145568 46.211466411
POLYGON_POINT -112.105705927 46.210077532
POLYGON_POINT -112.105698609 46.209629669
POLYGON_POINT -112.105687702 46.208550268
POLYGON_POINT -112.105665869 46.207241903
POLYGON_POINT -112.102070214 46.207209194
POLYGON_POINT -112.101717556 46.207272096
POLYGON_POINT -112.101122625 46.207602344
POLYGON_POINT -112.100639084 46.207979245
END_WINDING
END_POLYGON
FILTER -1
OBJECT_DEF lib/airport/Common_Elements/Hangars/Med_Brown_Hangar.agp
OBJECT_DEF lib/g10/EU/suburban/gshed1_3x2.obj
OBJECT_DEF lib/airport/Common_Elements/Hangars/Sm_Blue_Hangar.agp
POLYGON_DEF lib/airport/pavement/concrete_6L.pol
POLYGON_DEF lib/airport/pavement/concrete_6D.pol
POLYGON_DEF lib/airport/Common_Elements/Fence_Facades/Fence.fac
PROPERTY sim/filter/aptid 3U9
PROPERTY sim/require_agpoint 1/0
PROPERTY sim/require_object 1/0
PROPERTY sim/require_facade 1/2
PROPERTY sim/require_facade 6/0
