PROPERTY sim/west -180
PROPERTY sim/east 180
PROPERTY sim/north 90
PROPERTY sim/south -90
PROPERTY sim/planet earth
PROPERTY sim/creation_agent WorldEditor2.0.0r4
PROPERTY laminar/internal_revision 0
PROPERTY sim/overlay 1
FILTER 0
BEGIN_POLYGON 0 90 4
BEGIN_WINDING
POLYGON_POINT -96.985717273 38.337323061 -96.985717273 38.337323061
POLYGON_POINT -96.985667770 38.337391051 -96.985643334 38.337398950
POLYGON_POINT -96.985503313 38.337336596 -96.985480195 38.337290607
POLYGON_POINT -96.985503313 38.337336596 -96.985503313 38.337336596
POLYGON_POINT -96.985503313 38.337336596 -96.985482392 38.337294977
POLYGON_POINT -96.985516957 38.337229185 -96.985516957 38.337229185
POLYGON_POINT -96.985549802 38.337174268 -96.985552987 38.337155533
POLYGON_POINT -96.985526739 38.337152580 -96.985526739 38.337152580
POLYGON_POINT -96.985446079 38.337123520 -96.985422620 38.337118263
POLYGON_POINT -96.985446079 38.337123520 -96.985446079 38.337123520
POLYGON_POINT -96.985446079 38.337123520 -96.985407558 38.337114887
POLYGON_POINT -96.985310796 38.337242402 -96.985310796 38.337242402
POLYGON_POINT -96.985188584 38.337331069 -96.985163820 38.337332148
POLYGON_POINT -96.985126446 38.337288804 -96.985126446 38.337288804
POLYGON_POINT -96.985126446 38.337431786 -96.985126446 38.337431786
POLYGON_POINT -96.985213118 38.337383765 -96.985243385 38.337374053
POLYGON_POINT -96.985446601 38.337412320 -96.985446601 38.337412320
POLYGON_POINT -96.985580378 38.337429864 -96.985580378 38.337429864
POLYGON_POINT -96.985684706 38.337457441 -96.985684706 38.337457441
POLYGON_POINT -96.985722161 38.337493588 -96.985722161 38.337493588
END_WINDING
END_POLYGON
BEGIN_POLYGON 0 90 4
BEGIN_WINDING
POLYGON_POINT -96.985811679 38.338871807 -96.985811679 38.338871807
POLYGON_POINT -96.985744700 38.338877274 -96.985720151 38.338895488
POLYGON_POINT -96.985711335 38.338936671 -96.985702710 38.338962691
POLYGON_POINT -96.985705602 38.339029294 -96.985707895 38.339033790
POLYGON_POINT -96.985684243 38.339077946 -96.985666329 38.339094079
POLYGON_POINT -96.985631080 38.339095839 -96.985631080 38.339095839
POLYGON_POINT -96.985507948 38.339060768 -96.985469426 38.339052135
POLYGON_POINT -96.985358904 38.339044761 -96.985358904 38.339044761
POLYGON_POINT -96.985202294 38.339039546 -96.985187160 38.339033071
POLYGON_POINT -96.985120894 38.339011309 -96.985120894 38.339011309
POLYGON_POINT -96.985120894 38.339154291 -96.985120894 38.339154291
POLYGON_POINT -96.985210320 38.339135407 -96.985240587 38.339125695
POLYGON_POINT -96.985425770 38.339143818 -96.985425770 38.339143818
POLYGON_POINT -96.985546175 38.339179347 -96.985546175 38.339179347
POLYGON_POINT -96.985679167 38.339245892 -96.985679167 38.339245892
POLYGON_POINT -96.985813365 38.339276476 -96.985813365 38.339276476
END_WINDING
END_POLYGON
BEGIN_POLYGON 1 0 2
BEGIN_WINDING
POLYGON_POINT -96.985585352 38.338083222
POLYGON_POINT -96.985450206 38.338085145
POLYGON_POINT -96.985460130 38.338514171
POLYGON_POINT -96.985595276 38.338512248
END_WINDING
END_POLYGON
FILTER -1
FILTER 0
FILTER -1
FILTER 0
FILTER -1
FILTER 0
FILTER -1
FILTER 0
FILTER -1
FILTER 0
OBJECT 0 -96.985994430 38.338999544 270.399994
OBJECT 1 -96.986089960 38.336490640 270.320007
OBJECT 2 -96.985562782 38.336552399 0.000000
OBJECT 2 -96.986011225 38.336799435 0.000000
OBJECT 2 -96.986038611 38.337400913 0.000000
OBJECT 3 -96.986037445 38.337947296 0.000000
OBJECT 4 -96.985702386 38.337251991 90.459999
OBJECT 5 -96.985699752 38.337279045 92.400002
OBJECT 1 -96.995110038 38.334424493 270.359985
OBJECT 6 -96.985599188 38.336940734 89.839996
OBJECT 7 -96.987111150 38.334274589 181.330002
OBJECT 7 -96.987117409 38.334630364 92.320000
OBJECT 7 -96.987113301 38.335890609 92.320000
OBJECT 7 -96.987137852 38.335090161 92.320000
OBJECT 7 -96.987120107 38.335518584 92.320000
OBJECT 7 -96.987122164 38.336356400 92.320000
OBJECT 7 -96.987118703 38.336755745 92.320000
OBJECT 7 -96.987123457 38.337129312 92.320000
OBJECT 7 -96.987122164 38.337464540 2.010000
OBJECT 7 -96.987113948 38.337981511 2.010000
OBJECT 7 -96.987130380 38.338563298 2.010000
OBJECT 7 -96.987121251 38.338822149 2.010000
OBJECT 7 -96.987129467 38.339083147 2.010000
OBJECT 7 -96.987122164 38.339283551 271.339996
OBJECT 7 -96.987119311 38.339402146 271.339996
OBJECT 7 -96.987127869 38.339540880 271.339996
OBJECT 7 -96.987116921 38.338318080 271.339996
OBJECT 7 -96.987129245 38.339782600 271.339996
OBJECT 7 -96.987115963 38.337736607 271.339996
OBJECT 7 -96.987125822 38.336954062 180.710007
OBJECT 7 -96.987132669 38.340171950 180.710007
OBJECT 7 -96.987100313 38.336112515 180.710007
OBJECT 7 -96.987134650 38.340380175 90.000000
OBJECT 7 -96.987130688 38.340467195 90.000000
OBJECT 7 -96.987128706 38.340552660 0.000000
OBJECT 8 -96.987144963 38.333986727 0.000000
OBJECT 7 -96.987111964 38.334138302 0.000000
OBJECT 7 -96.987125831 38.334436655 0.000000
OBJECT 7 -96.987114000 38.334882093 0.000000
OBJECT 7 -96.987125831 38.335271851 0.000000
OBJECT 7 -96.987130585 38.335721244 0.000000
OBJECT 8 -96.987158117 38.340786674 0.000000
OBJECT 9 -96.993827501 38.340634097 222.669998
OBJECT 9 -96.993988715 38.340508612 222.669998
OBJECT 9 -96.992955578 38.339957936 222.669998
OBJECT 9 -96.993116328 38.339827421 222.669998
OBJECT 9 -96.992086058 38.339289347 222.669998
OBJECT 9 -96.987268602 38.335545992 222.669998
OBJECT 9 -96.992253945 38.339155324 222.669998
OBJECT 9 -96.991172737 38.338582784 222.669998
OBJECT 9 -96.991353018 38.338456541 222.669998
OBJECT 9 -96.990273786 38.337594428 222.669998
OBJECT 9 -96.989184999 38.337028876 222.669998
OBJECT 9 -96.989348794 38.336921463 222.669998
OBJECT 9 -96.988595903 38.336588809 222.669998
OBJECT 9 -96.988757175 38.336445566 222.669998
OBJECT 9 -96.987864157 38.336023499 222.669998
OBJECT 9 -96.988035636 38.335876513 222.669998
OBJECT 9 -96.987391923 38.335396528 222.669998
OBJECT 9 -96.992898390 38.334790083 313.570007
OBJECT 9 -96.993195498 38.335033573 312.640015
OBJECT 9 -96.992173784 38.335346451 313.570007
OBJECT 9 -96.992476471 38.335583269 312.640015
OBJECT 9 -96.991438549 38.335910980 313.570007
OBJECT 9 -96.991769376 38.336123842 312.640015
OBJECT 9 -96.990849681 38.336363126 313.570007
OBJECT 9 -96.991169329 38.336582578 312.640015
OBJECT 9 -96.990134811 38.336912018 313.570007
OBJECT 9 -96.990445452 38.337135981 312.640015
OBJECT 9 -96.989656687 38.337748359 313.570007
OBJECT 9 -96.989356834 38.337511079 313.570007
OBJECT 9 -96.990081396 38.337759581 312.640015
OBJECT 9 -96.988754843 38.337971587 313.570007
OBJECT 9 -96.989057364 38.338197174 312.640015
OBJECT 9 -96.988034815 38.338540193 313.570007
OBJECT 9 -96.988338315 38.338746886 312.640015
OBJECT 9 -96.987666726 38.339260315 312.640015
OBJECT 9 -96.987370502 38.339056054 313.570007
OBJECT 9 -96.986945626 38.339390764 313.570007
OBJECT 9 -96.987230941 38.339588405 312.640015
OBJECT 9 -96.994027993 38.334315162 312.760010
OBJECT 9 -96.993769884 38.334103957 312.760010
OBJECT 9 -96.989923629 38.334679534 274.019989
OBJECT 9 -96.989410586 38.336919664 274.019989
OBJECT 9 -96.989017062 38.340982595 274.019989
OBJECT 9 -96.989308967 38.341003409 274.019989
OBJECT 9 -96.989074381 38.340378997 274.019989
OBJECT 9 -96.989372591 38.340393800 274.019989
OBJECT 9 -96.989115310 38.339761150 274.019989
OBJECT 9 -96.989444206 38.339775744 274.019989
OBJECT 9 -96.989190113 38.338995092 274.019989
OBJECT 9 -96.989509248 38.339020069 274.019989
OBJECT 9 -96.989270424 38.338286300 274.019989
OBJECT 9 -96.989585901 38.338303784 274.019989
OBJECT 9 -96.989706200 38.336944459 274.019989
OBJECT 9 -96.989477656 38.336163854 274.019989
OBJECT 9 -96.989776831 38.336183827 274.019989
OBJECT 9 -96.989553067 38.335435592 274.019989
OBJECT 9 -96.989852406 38.335464493 274.019989
OBJECT 9 -96.989636251 38.334656977 274.019989
OBJECT 7 -96.985522305 38.338131314 90.000000
OBJECT 7 -96.985523367 38.338178924 225.000000
OBJECT 7 -96.985511481 38.338242324 194.039993
OBJECT 7 -96.985523367 38.338290806 180.000000
OBJECT 7 -96.985523367 38.338350477 0.000000
OBJECT 7 -96.985524767 38.338410147 0.000000
OBJECT 7 -96.985523367 38.338470585 180.000000
FILTER -1
OBJECT_DEF lib/airport/European_Airports/hangars/28x26x6_Russia.obj
OBJECT_DEF lib/airport/European_Airports/hangars/25x20x5.obj
OBJECT_DEF lib/g10/US/industrial/light/TinShed10x30Lt.obj
OBJECT_DEF lib/g10/US/industrial/light/TinShed10x50.obj
OBJECT_DEF lib/airport/Common_Elements/Fueling_Stations/fuel_station_white_avgasUL91.obj
OBJECT_DEF lib/airport/Common_Elements/Fueling_Stations/fuel_station_white_avgas100LL.obj
OBJECT_DEF lib/airport/Common_Elements/Hangars/Sm_Gray_Hangar.agp
OBJECT_DEF lib/airport/Common_Elements/Parking/Asphalt_CracksSm.obj
OBJECT_DEF lib/airport/Common_Elements/Parking/Asphalt_CracksLg.obj
OBJECT_DEF lib/airport/Common_Elements/Runway_Markers/Sheet_Metal/Yellow_Black_Bent_1.obj
POLYGON_DEF lib/airport/pavement/asphalt_2L.pol
POLYGON_DEF lib/airport/pavement/concrete_1D.pol
PROPERTY sim/filter/aptid 43K
PROPERTY sim/exclude_obj -96.994807/38.333618/-96.985023/38.341209
PROPERTY sim/exclude_fac -96.994807/38.333618/-96.985023/38.341209
PROPERTY sim/exclude_for -96.994807/38.333618/-96.985023/38.341209
PROPERTY sim/exclude_pol -96.994807/38.333618/-96.985023/38.341209
PROPERTY sim/require_agpoint 1/0
PROPERTY sim/require_object 1/0
PROPERTY sim/require_facade 6/0
