PROPERTY sim/west -180
PROPERTY sim/east 180
PROPERTY sim/north 90
PROPERTY sim/south -90
PROPERTY sim/planet earth
PROPERTY sim/creation_agent WorldEditor1.6.1b1
PROPERTY laminar/internal_revision 0
PROPERTY sim/overlay 1
FILTER 0
BEGIN_POLYGON 0 0 4
BEGIN_WINDING
POLYGON_POINT -100.756582425 41.107321309 -100.756582425 41.107321309
POLYGON_POINT -100.757810015 41.107337180 -100.757810015 41.107337180
POLYGON_POINT -100.757834146 41.106058376 -100.757834146 41.106058376
POLYGON_POINT -100.756821652 41.106053396 -100.756821652 41.106053396
POLYGON_POINT -100.756640423 41.106188762 -100.756617097 41.106327030
POLYGON_POINT -100.756640423 41.106188762 -100.756640423 41.106188762
POLYGON_POINT -100.756640423 41.106188762 -100.756639937 41.106193885
POLYGON_POINT -100.756633497 41.106484304 -100.756633497 41.106484304
POLYGON_POINT -100.756593588 41.106545264 -100.756593588 41.106545264
POLYGON_POINT -100.756586641 41.107230969 -100.756586641 41.107230969
END_WINDING
BEGIN_WINDING
POLYGON_POINT -100.756974065 41.106284124 -100.756974065 41.106284124
POLYGON_POINT -100.757658308 41.106311075 -100.757658308 41.106311075
POLYGON_POINT -100.757720512 41.106347399 -100.757720512 41.106347399
POLYGON_POINT -100.757714292 41.106741110 -100.757714292 41.106741110
POLYGON_POINT -100.756975620 41.106739939 -100.756975620 41.106739939
END_WINDING
BEGIN_WINDING
POLYGON_POINT -100.756911863 41.106121250 -100.756911863 41.106121250
POLYGON_POINT -100.757611654 41.106122422 -100.757611654 41.106122422
POLYGON_POINT -100.757706506 41.106153861 -100.757706506 41.106153861
POLYGON_POINT -100.757692767 41.106252758 -100.757649224 41.106276193
POLYGON_POINT -100.757692767 41.106252758 -100.757692767 41.106252758
POLYGON_POINT -100.757692767 41.106252758 -100.757677216 41.106253930
POLYGON_POINT -100.757624095 41.106253659 -100.757624095 41.106253659
POLYGON_POINT -100.756910308 41.106254830 -100.756910308 41.106254830
END_WINDING
BEGIN_WINDING
POLYGON_POINT -100.757577447 41.107167631 -100.757577447 41.107167631
POLYGON_POINT -100.757630320 41.107168802 -100.757630320 41.107168802
POLYGON_POINT -100.757636541 41.106925076 -100.757636541 41.106925076
POLYGON_POINT -100.757580557 41.106923905 -100.757580557 41.106923905
POLYGON_POINT -100.757580557 41.106905157 -100.757580557 41.106905157
POLYGON_POINT -100.757656757 41.106907500 -100.757672308 41.106908672
POLYGON_POINT -100.757656757 41.106907500 -100.757656757 41.106907500
POLYGON_POINT -100.757656757 41.106907500 -100.757697190 41.106908672
POLYGON_POINT -100.757708076 41.106954370 -100.757708076 41.106954370
POLYGON_POINT -100.757711186 41.107184035 -100.757711186 41.107184035
POLYGON_POINT -100.757619435 41.107249654 -100.757549455 41.107243795
POLYGON_POINT -100.757619435 41.107249654 -100.757619435 41.107249654
POLYGON_POINT -100.757619435 41.107249654 -100.757515243 41.107194581
END_WINDING
BEGIN_WINDING
POLYGON_POINT -100.756938297 41.107237936 -100.756938297 41.107237936
POLYGON_POINT -100.756938297 41.107159428 -100.756938297 41.107159428
POLYGON_POINT -100.757389279 41.107165287 -100.757389279 41.107165287
POLYGON_POINT -100.757389279 41.107241451 -100.757389279 41.107241451
END_WINDING
BEGIN_WINDING
POLYGON_POINT -100.756664598 41.107196925 -100.756664598 41.107196925
POLYGON_POINT -100.756664598 41.107196925 -100.756664598 41.107182864
POLYGON_POINT -100.756666154 41.106954370 -100.756667709 41.106937965
POLYGON_POINT -100.756666154 41.106954370 -100.756666154 41.106954370
POLYGON_POINT -100.756666154 41.106954370 -100.756667709 41.106913358
POLYGON_POINT -100.756757905 41.106902813 -100.756757905 41.106902813
POLYGON_POINT -100.756759460 41.106939138 -100.756759460 41.106939138
POLYGON_POINT -100.756695701 41.106937966 -100.756695701 41.106937966
POLYGON_POINT -100.756695701 41.107206299 -100.756695701 41.107206299
POLYGON_POINT -100.756751684 41.107209814 -100.756751684 41.107209814
POLYGON_POINT -100.756750129 41.107228562 -100.756750129 41.107228562
POLYGON_POINT -100.756664598 41.107196925 -100.756653712 41.107148883
END_WINDING
END_POLYGON
BEGIN_POLYGON 1 175 2
BEGIN_WINDING
POLYGON_POINT -100.755699630 41.106363971
POLYGON_POINT -100.755661562 41.106083874
POLYGON_POINT -100.754965136 41.106100747
POLYGON_POINT -100.754942742 41.106475335
POLYGON_POINT -100.755509288 41.106473648
END_WINDING
END_POLYGON
BEGIN_POLYGON 2 0 4
BEGIN_WINDING
POLYGON_POINT -100.756582425 41.107321309 -100.756582425 41.107321309
POLYGON_POINT -100.756586641 41.107230969 -100.756586641 41.107230969
POLYGON_POINT -100.756548123 41.107231104 -100.756548123 41.107231104
POLYGON_POINT -100.756485109 41.107172740 -100.756485109 41.107131963
POLYGON_POINT -100.756549234 41.107107812 -100.756549234 41.107107812
POLYGON_POINT -100.756554124 41.106544419 -100.756554124 41.106544419
POLYGON_POINT -100.756430514 41.106542394 -100.756430514 41.106542394
POLYGON_POINT -100.756388289 41.105303150 -100.756388289 41.105303150
POLYGON_POINT -100.756246910 41.105306363 -100.756246910 41.105306363
POLYGON_POINT -100.756159105 41.104709951 -100.756158092 41.104700028
POLYGON_POINT -100.756159105 41.104709951 -100.756159105 41.104709951
POLYGON_POINT -100.756159105 41.104709951 -100.756137608 41.104630984
POLYGON_POINT -100.756325707 41.104564166 -100.756325707 41.104564166
POLYGON_POINT -100.755938759 41.104562141 -100.755938759 41.104562141
POLYGON_POINT -100.756022060 41.104695777 -100.756013999 41.104756521
POLYGON_POINT -100.756022060 41.104695777 -100.756022060 41.104695777
POLYGON_POINT -100.756022060 41.104695777 -100.756019976 41.104705199
POLYGON_POINT -100.755921764 41.104775654 -100.755921764 41.104775654
POLYGON_POINT -100.755599571 41.104783378 -100.755599571 41.104783378
POLYGON_POINT -100.755605091 41.104837958 -100.755605091 41.104837958
POLYGON_POINT -100.755390255 41.104840473 -100.755390255 41.104840473
POLYGON_POINT -100.755391489 41.104897796 -100.755391489 41.104897796
POLYGON_POINT -100.755277613 41.104905220 -100.755237306 41.104927493
POLYGON_POINT -100.755201607 41.105028718 -100.755201607 41.105028718
POLYGON_POINT -100.755172048 41.105310472 -100.755168167 41.105369022
POLYGON_POINT -100.755172048 41.105310472 -100.755172048 41.105310472
POLYGON_POINT -100.755172048 41.105310472 -100.755195888 41.105579682
POLYGON_POINT -100.755709479 41.105453259 -100.755836046 41.105504785
POLYGON_POINT -100.755709479 41.105453259 -100.755709479 41.105453259
POLYGON_POINT -100.755709479 41.105453259 -100.755711412 41.105564092
POLYGON_POINT -100.755909203 41.105600863 -100.755909203 41.105600863
POLYGON_POINT -100.756108053 41.105653508 -100.756132237 41.105673756
POLYGON_POINT -100.756102679 41.105874211 -100.756102679 41.105874211
POLYGON_POINT -100.754982130 41.105957227 -100.754982130 41.105957227
POLYGON_POINT -100.754874643 41.106044294 -100.754850458 41.106119212
POLYGON_POINT -100.754874643 41.106044294 -100.754874643 41.106044294
POLYGON_POINT -100.754874643 41.106044294 -100.754858520 41.106103013
POLYGON_POINT -100.754831643 41.106485700 -100.754831643 41.106485700
POLYGON_POINT -100.755019747 41.106663882 -100.755019747 41.106663882
POLYGON_POINT -100.754785960 41.107091115 -100.754785960 41.107091115
POLYGON_POINT -100.754785960 41.107297644 -100.754785960 41.107297644
END_WINDING
BEGIN_WINDING
POLYGON_POINT -100.755904281 41.107214668 -100.755904281 41.107214668
POLYGON_POINT -100.755851657 41.107156877 -100.755843881 41.107143988
POLYGON_POINT -100.755851657 41.107156877 -100.755851657 41.107156877
POLYGON_POINT -100.755851657 41.107156877 -100.755832996 41.107134614
POLYGON_POINT -100.755799966 41.107132129 -100.755799966 41.107132129
POLYGON_POINT -100.755412124 41.107124443 -100.755412124 41.107124443
POLYGON_POINT -100.755368450 41.107140277 -100.755360674 41.107147308
POLYGON_POINT -100.755309675 41.107203372 -100.755309675 41.107203372
POLYGON_POINT -100.754942299 41.107199154 -100.754923638 41.107197982
POLYGON_POINT -100.754942299 41.107199154 -100.754942299 41.107199154
POLYGON_POINT -100.754942299 41.107199154 -100.754858323 41.107196810
POLYGON_POINT -100.754869271 41.107133067 -100.754869271 41.107133067
POLYGON_POINT -100.755150930 41.106654380 -100.755150930 41.106654380
POLYGON_POINT -100.756075381 41.106657693 -100.756075381 41.106657693
POLYGON_POINT -100.756094252 41.106672894 -100.756094252 41.106672894
POLYGON_POINT -100.756330689 41.107154158 -100.756330689 41.107154158
POLYGON_POINT -100.756253618 41.107220480 -100.756177418 41.107218136
POLYGON_POINT -100.756253618 41.107220480 -100.756253618 41.107220480
POLYGON_POINT -100.756253618 41.107220480 -100.756231846 41.107219308
END_WINDING
BEGIN_WINDING
POLYGON_POINT -100.755509288 41.106473648 -100.755509288 41.106473648
POLYGON_POINT -100.754942742 41.106475335 -100.754942742 41.106475335
POLYGON_POINT -100.754965136 41.106100747 -100.754965136 41.106100747
POLYGON_POINT -100.755661562 41.106083874 -100.755661562 41.106083874
POLYGON_POINT -100.755699630 41.106363971 -100.755699630 41.106363971
END_WINDING
END_POLYGON
FILTER -1
FILTER 0
FILTER -1
FILTER 0
FILTER -1
FILTER 0
FILTER -1
FILTER 0
FILTER -1
FILTER 0
OBJECT 0 -100.756910152 41.107100586 269.959991
OBJECT 0 -100.757418154 41.107064457 90.000000
OBJECT 1 -100.759166059 41.104807198 0.000000
OBJECT 1 -100.759162949 41.104885705 0.000000
OBJECT 1 -100.759161394 41.104959526 0.000000
OBJECT 1 -100.759161394 41.105015771 0.000000
OBJECT 1 -100.759158284 41.105073187 0.000000
OBJECT 2 -100.757009650 41.107196040 90.000000
OBJECT 2 -100.756684373 41.107143311 269.609985
OBJECT 2 -100.756684373 41.106975358 270.000000
OBJECT 2 -100.757656317 41.106926535 90.900002
OBJECT 2 -100.757655021 41.107148193 90.000000
OBJECT 3 -100.757628839 41.106962313 0.150000
OBJECT 3 -100.756699662 41.107172253 179.750000
OBJECT 4 -100.756905149 41.106501052 180.000000
OBJECT 4 -100.756932647 41.106501052 90.000000
OBJECT 4 -100.756931397 41.106484100 354.959991
OBJECT 4 -100.756936397 41.106453962 79.699997
OBJECT 4 -100.756935147 41.106435597 0.000000
OBJECT 4 -100.756963895 41.106444544 84.900002
OBJECT 4 -100.756963895 41.106464793 182.600006
OBJECT 4 -100.756966032 41.106483458 87.269997
OBJECT 4 -100.756961366 41.106503377 164.929993
OBJECT 5 -100.756874281 41.106581885 88.599998
OBJECT 6 -100.757440112 41.106494337 0.220000
OBJECT 7 -100.756720498 41.106102959 180.000000
OBJECT 8 -100.758664040 41.104909447 271.309998
OBJECT 9 -100.758225206 41.104788024 0.600000
OBJECT 10 -100.757158944 41.106273943 180.300003
OBJECT 11 -100.755362766 41.103896156 92.199997
OBJECT 9 -100.756420068 41.103741750 181.589996
OBJECT 12 -100.758994662 41.103844486 182.009995
OBJECT 12 -100.756947111 41.103642816 181.669998
OBJECT 13 -100.756130235 41.103622568 181.360001
OBJECT 14 -100.759895545 41.105190131 270.750000
OBJECT 7 -100.759563477 41.104240757 268.940002
OBJECT 15 -100.759546683 41.103979220 266.420013
OBJECT 10 -100.760086911 41.103864547 91.190002
OBJECT 7 -100.760645903 41.103532708 178.190002
OBJECT 15 -100.760622578 41.103864315 275.640015
OBJECT 7 -100.760642793 41.103924075 268.790009
OBJECT 7 -100.760100893 41.103644566 271.660004
OBJECT 7 -100.760074768 41.103613631 272.640015
OBJECT 7 -100.759501897 41.103413964 270.000000
OBJECT 7 -100.759623189 41.103481457 270.000000
OBJECT 7 -100.759578404 41.103724714 268.059998
OBJECT 7 -100.759582138 41.103925788 267.750000
OBJECT 7 -100.759520558 41.104080460 264.130005
OBJECT 7 -100.759524290 41.104121237 261.089996
OBJECT 7 -100.759541085 41.104268879 273.779999
OBJECT 7 -100.755788471 41.103838609 91.989998
OBJECT 7 -100.755831390 41.103872356 90.000000
OBJECT 7 -100.756070244 41.104336372 120.120003
OBJECT 15 -100.756611396 41.103954473 87.559998
OBJECT 15 -100.756605798 41.103997500 92.190002
OBJECT 7 -100.756865178 41.103903290 275.750000
OBJECT 7 -100.756850249 41.103931412 272.799988
OBJECT 7 -100.756848383 41.103976408 269.339996
OBJECT 15 -100.757201066 41.103491300 181.470001
OBJECT 7 -100.757305564 41.103461772 178.320007
OBJECT 7 -100.757624656 41.103775334 0.560000
OBJECT 9 -100.758143249 41.104355771 180.440002
OBJECT 8 -100.758177995 41.103505896 1.730000
OBJECT 8 -100.757404117 41.104254261 182.100006
OBJECT 16 -100.755617929 41.104247571 90.820000
OBJECT 16 -100.754961495 41.103767046 175.369995
OBJECT 17 -100.755203896 41.103870524 91.860001
OBJECT 17 -100.754953846 41.104105345 179.009995
OBJECT 18 -100.755230377 41.104288645 272.390015
OBJECT 18 -100.755243440 41.103962428 272.390015
OBJECT 18 -100.755245306 41.104117100 272.390015
OBJECT 19 -100.755202244 41.102940410 181.850006
OBJECT 20 -100.758900033 41.104477766 270.000000
OBJECT 21 -100.758142599 41.105050040 90.000000
OBJECT 22 -100.757135708 41.103347083 302.059998
OBJECT 22 -100.757689040 41.103353919 67.430000
OBJECT 22 -100.757117565 41.103687870 271.540009
OBJECT 22 -100.757674787 41.103696658 91.739998
OBJECT 23 -100.755413843 41.103613095 123.690002
OBJECT 24 -100.754875358 41.103491607 223.149994
OBJECT 24 -100.760866928 41.103368083 118.949997
OBJECT 24 -100.760881856 41.103445419 49.900002
OBJECT 23 -100.760680705 41.105964660 209.740005
OBJECT 24 -100.760669957 41.105369369 124.989998
OBJECT 24 -100.760661895 41.105466559 46.590000
OBJECT 24 -100.756650237 41.105289783 270.000000
OBJECT 24 -100.757921196 41.105890271 242.779999
OBJECT 24 -100.757579854 41.106204927 144.160004
OBJECT 24 -100.757563007 41.106373856 38.290001
OBJECT 24 -100.757666683 41.106986100 167.910004
OBJECT 24 -100.757666683 41.107089605 4.090000
OBJECT 24 -100.757316784 41.107197016 113.959999
OBJECT 24 -100.755117518 41.106861243 180.000000
OBJECT 24 -100.754948604 41.107118065 270.000000
OBJECT 24 -100.754999882 41.107044201 11.310000
OBJECT 24 -100.756096313 41.106815788 46.430000
OBJECT 24 -100.756171721 41.106941926 187.119995
OBJECT 24 -100.756215458 41.107028291 109.650002
OBJECT 23 -100.756280308 41.107171475 123.559998
OBJECT 23 -100.755043618 41.106956699 249.619995
OBJECT 23 -100.755557887 41.107072891 128.660004
OBJECT 23 -100.755723366 41.107078415 250.559998
OBJECT 21 -100.755763150 41.106317871 203.529999
OBJECT 21 -100.755982376 41.106537576 266.720001
OBJECT 25 -100.756078741 41.107210413 91.529999
OBJECT 25 -100.755111111 41.107194952 90.430000
OBJECT 26 -100.755896787 41.105031316 155.970001
OBJECT 26 -100.756309541 41.106958115 15.940000
OBJECT 26 -100.756283745 41.106719998 93.150002
OBJECT 26 -100.755584004 41.106277782 292.829987
OBJECT 26 -100.755316361 41.106253485 169.990005
OBJECT 26 -100.755738785 41.106061534 319.200012
OBJECT 26 -100.756206354 41.106056674 92.839996
OBJECT 26 -100.756193455 41.106438146 179.029999
OBJECT 27 -100.755858095 41.105213548 88.070000
OBJECT 11 -100.755526716 41.104828085 268.450012
OBJECT 28 -100.755027071 41.106403028 74.739998
OBJECT 28 -100.755057069 41.106403028 169.699997
OBJECT 4 -100.755047957 41.106363144 90.000000
OBJECT 4 -100.755037071 41.106383064 349.220001
OBJECT 4 -100.755077503 41.106331507 90.000000
OBJECT 4 -100.755072838 41.106353770 180.000000
OBJECT 4 -100.755075948 41.106371347 90.000000
OBJECT 4 -100.755079058 41.106391267 0.000000
OBJECT 4 -100.755100830 41.106333850 72.349998
OBJECT 4 -100.755103940 41.106354942 180.000000
OBJECT 4 -100.755105495 41.106376034 180.000000
OBJECT 4 -100.755105495 41.106393610 86.349998
OBJECT 5 -100.755254784 41.106358457 85.540001
OBJECT 5 -100.755385411 41.106282293 160.710007
OBJECT 5 -100.755386966 41.106322133 156.039993
OBJECT 28 -100.755346534 41.106178006 270.000000
OBJECT 28 -100.755338759 41.106197926 171.250000
OBJECT 4 -100.755514484 41.106256514 267.839996
OBJECT 4 -100.754949989 41.105638997 105.260002
OBJECT 4 -100.754946879 41.105663604 354.290009
OBJECT 4 -100.754977981 41.105647200 270.000000
OBJECT 4 -100.755226794 41.105746799 215.130005
OBJECT 4 -100.755276556 41.105767891 270.000000
OBJECT 4 -100.755254785 41.105783124 296.570007
OBJECT 4 -100.755391632 41.105508932 82.720001
OBJECT 4 -100.755400963 41.105534711 167.470001
OBJECT 4 -100.755400963 41.105560490 265.489990
OBJECT 4 -100.755200357 41.106227220 180.000000
OBJECT 29 -100.755046241 41.105452078 84.809998
OBJECT 29 -100.755030043 41.105456147 90.000000
OBJECT 29 -100.755017444 41.105456147 90.000000
OBJECT 29 -100.755004845 41.105460894 90.000000
OBJECT 29 -100.754990446 41.105460894 90.000000
OBJECT 29 -100.755036342 41.105490730 90.000000
OBJECT 29 -100.755050741 41.105489374 90.000000
OBJECT 29 -100.755063340 41.105489374 90.000000
OBJECT 29 -100.755076839 41.105489374 90.000000
OBJECT 29 -100.755089438 41.105489374 90.000000
OBJECT 29 -100.755102937 41.105489374 90.000000
OBJECT 29 -100.755115536 41.105489374 90.000000
OBJECT 30 -100.754957724 41.105457178 84.959999
OBJECT 30 -100.754974823 41.105453787 90.129997
OBJECT 30 -100.755069316 41.105445650 90.129997
OBJECT 30 -100.755094514 41.105444294 90.129997
OBJECT 30 -100.755108912 41.105445650 86.379997
OBJECT 30 -100.755126011 41.105447684 91.359985
OBJECT 30 -100.755141310 41.105455143 91.359985
OBJECT 30 -100.755155709 41.105459890 91.359985
OBJECT 30 -100.754697645 41.105339866 94.639999
OBJECT 30 -100.754685946 41.105336476 94.639999
OBJECT 30 -100.754671547 41.105341223 90.000000
OBJECT 30 -100.754658948 41.105342579 90.000000
OBJECT 30 -100.754644549 41.105341901 90.000000
OBJECT 30 -100.754678746 41.105388690 90.000000
OBJECT 30 -100.754662547 41.105394114 90.000000
OBJECT 30 -100.754648149 41.105394114 90.000000
OBJECT 5 -100.756451560 41.105215421 85.540001
OBJECT 5 -100.755675580 41.105715762 346.329987
OBJECT 5 -100.755641369 41.105795442 333.440002
OBJECT 5 -100.756491998 41.106354371 75.959999
OBJECT 5 -100.756495108 41.106387180 90.000000
OBJECT 5 -100.754723870 41.105742713 169.110001
OBJECT 5 -100.754698989 41.105712247 201.039993
OBJECT 5 -100.754678773 41.105743884 180.000000
OBJECT 5 -100.755510740 41.105525937 277.790009
OBJECT 5 -100.755661583 41.105537655 261.540009
OBJECT 31 -100.755230826 41.105600930 87.610001
OBJECT 31 -100.755230826 41.105622021 267.839996
OBJECT 32 -100.755675579 41.105842312 0.000000
OBJECT 33 -100.756471782 41.106122362 38.660000
OBJECT 1 -100.756488449 41.105165879 180.000000
OBJECT 1 -100.756486237 41.105786822 357.980011
OBJECT 1 -100.756497332 41.106489797 181.809998
OBJECT 10 -100.754948796 41.106549568 0.440000
OBJECT 15 -100.756028396 41.105884168 180.990005
OBJECT 15 -100.755979532 41.105888258 180.000000
OBJECT 7 -100.756369985 41.105434070 264.609985
OBJECT 7 -100.756371032 41.105463268 266.049988
OBJECT 7 -100.754834289 41.104811295 178.479996
OBJECT 7 -100.754798507 41.104808665 179.350006
OBJECT 7 -100.754761851 41.104804061 181.080002
OBJECT 7 -100.754815089 41.104964523 181.080002
OBJECT 7 -100.755105514 41.105222335 90.440002
OBJECT 7 -100.755104466 41.105196293 89.989998
OBJECT 7 -100.755095041 41.105167884 89.989998
OBJECT 7 -100.754788179 41.105142631 183.000000
OBJECT 7 -100.756364748 41.105338582 265.109985
OBJECT 7 -100.756363701 41.105307805 263.929993
OBJECT 7 -100.756364748 41.105404082 263.929993
OBJECT 7 -100.756367890 41.105560334 270.410004
OBJECT 7 -100.756366843 41.105504304 267.890015
OBJECT 7 -100.756372080 41.105531925 267.890015
OBJECT 7 -100.756365796 41.105591901 267.890015
OBJECT 7 -100.756373127 41.105628991 264.380005
OBJECT 7 -100.756374174 41.105702382 267.459991
OBJECT 7 -100.756368938 41.105731581 267.459991
OBJECT 7 -100.756382553 41.105847587 272.010010
OBJECT 7 -100.756381505 41.105883099 269.369995
OBJECT 7 -100.756390931 41.106006996 268.149994
OBJECT 7 -100.756393026 41.105981743 265.059998
OBJECT 7 -100.756383600 41.105949388 265.059998
OBJECT 7 -100.756383600 41.105914665 268.750000
OBJECT 34 -100.756481147 41.106157707 304.779999
OBJECT 34 -100.756498426 41.106171540 74.050003
OBJECT 34 -100.756503826 41.106152824 215.539993
OBJECT 34 -100.756511385 41.106138177 137.389999
OBJECT 35 -100.754883694 41.106107790 185.929993
OBJECT 4 -100.754796961 41.105721621 180.000000
OBJECT 4 -100.754804737 41.105747400 5.710000
OBJECT 4 -100.754762750 41.105734510 180.000000
OBJECT 4 -100.754761194 41.105759117 167.009995
OBJECT 28 -100.754723873 41.105775522 270.000000
OBJECT 28 -100.754695881 41.105776694 172.880005
OBJECT 28 -100.754717652 41.105804816 260.540009
OBJECT 28 -100.754695881 41.105802472 180.000000
OBJECT 28 -100.754790741 41.105982923 270.000000
OBJECT 28 -100.754722317 41.105827079 270.000000
OBJECT 28 -100.754806292 41.105947770 180.000000
OBJECT 28 -100.754694326 41.105829423 180.000000
OBJECT 36 -100.756430598 41.104943541 90.000000
OBJECT 36 -100.756417999 41.104947609 90.000000
OBJECT 36 -100.756406300 41.104946253 90.000000
OBJECT 36 -100.756391901 41.104942184 90.000000
OBJECT 36 -100.756378402 41.104949644 90.000000
OBJECT 36 -100.756366703 41.104945575 90.000000
OBJECT 1 -100.754986679 41.105529453 267.959991
OBJECT 1 -100.754674108 41.105925507 267.959991
OBJECT 1 -100.754666333 41.106081351 178.220001
OBJECT 1 -100.755102066 41.106204386 89.269997
OBJECT 1 -100.755102066 41.106149547 0.000000
OBJECT 1 -100.754670998 41.106288752 0.000000
OBJECT 37 -100.756493026 41.106029139 92.639999
OBJECT 37 -100.756476827 41.106047041 266.989990
OBJECT 37 -100.756478987 41.106076334 95.330002
OBJECT 37 -100.756119994 41.106714761 248.100006
OBJECT 37 -100.756121549 41.106674921 65.169998
OBJECT 37 -100.755983145 41.106431195 68.290001
OBJECT 37 -100.755952044 41.106394871 51.230000
OBJECT 37 -100.756479222 41.106216763 90.000000
OBJECT 37 -100.756473001 41.106243714 91.260002
OBJECT 37 -100.755613034 41.105875781 10.970000
OBJECT 37 -100.755924052 41.105866407 6.680000
OBJECT 38 -100.755611301 41.106993976 121.760002
OBJECT 3 -100.755697010 41.106295271 174.589996
BEGIN_POLYGON 3 10 2
BEGIN_WINDING
POLYGON_POINT -100.756014853 41.104692632
POLYGON_POINT -100.754639043 41.104680483
POLYGON_POINT -100.754614855 41.107298548
POLYGON_POINT -100.754864766 41.107302598
END_WINDING
END_POLYGON
BEGIN_POLYGON 3 10 3
BEGIN_WINDING
POLYGON_POINT -100.755864365 41.106546443 0.000000000
POLYGON_POINT -100.756323876 41.106543298 1.000000000
POLYGON_POINT -100.756388369 41.106543298 0.000000000
POLYGON_POINT -100.756572489 41.106543298 0.000000000
POLYGON_POINT -100.756584524 41.104698087 0.000000000
POLYGON_POINT -100.756162645 41.104694656 0.000000000
END_WINDING
END_POLYGON
BEGIN_POLYGON 4 10 4
BEGIN_WINDING
POLYGON_POINT -100.755547831 41.106926276 -100.755547831 41.106926276
POLYGON_POINT -100.755542078 41.106947439 -100.755542078 41.106947439
POLYGON_POINT -100.755678173 41.106948231 -100.755678173 41.106948231
POLYGON_POINT -100.755672781 41.106925788 -100.755672781 41.106925788
POLYGON_POINT -100.755801822 41.106905111 -100.755801822 41.106905111
POLYGON_POINT -100.755902303 41.106854716 -100.755902303 41.106854716
POLYGON_POINT -100.756004876 41.106775592 -100.756004876 41.106775592
POLYGON_POINT -100.756075381 41.106657693 -100.756075381 41.106657693
POLYGON_POINT -100.755969680 41.106632962 -100.755916546 41.106618839
POLYGON_POINT -100.755969680 41.106632962 -100.755969680 41.106632962
POLYGON_POINT -100.755969680 41.106632962 -100.755974087 41.106616107
POLYGON_POINT -100.755975669 41.106572343 -100.755975669 41.106572343
POLYGON_POINT -100.755944636 41.106445705 -100.755944636 41.106445705
POLYGON_POINT -100.755825637 41.106341214 -100.755825637 41.106341214
POLYGON_POINT -100.755616545 41.106300479 -100.755616545 41.106300479
POLYGON_POINT -100.755402616 41.106340123 -100.755402616 41.106340123
POLYGON_POINT -100.755296888 41.106445658 -100.755296888 41.106445658
POLYGON_POINT -100.755192058 41.106443544 -100.755192058 41.106443544
POLYGON_POINT -100.755161393 41.106694466 -100.755161393 41.106694466
POLYGON_POINT -100.755245049 41.106796130 -100.755245049 41.106796130
POLYGON_POINT -100.755383757 41.106885913 -100.755383757 41.106885913
END_WINDING
END_POLYGON
BEGIN_POLYGON 5 10 3
BEGIN_WINDING
POLYGON_POINT -100.757394692 41.106984678 2.000000000
POLYGON_POINT -100.757399170 41.106743389 2.000000000
POLYGON_POINT -100.757652216 41.106741702 2.000000000
POLYGON_POINT -100.757654455 41.106524036 2.000000000
POLYGON_POINT -100.756893079 41.106522349 2.000000000
POLYGON_POINT -100.756881883 41.106984678 1.000000000
END_WINDING
END_POLYGON
FILTER -1
OBJECT_DEF lib/airport/Common_Elements/Parking/6_wHandicapL.obj
OBJECT_DEF lib/airport/Ramp_Equipment/Cargo_Container_6.obj
OBJECT_DEF lib/airport/Common_Elements/Lighting/Ovrhd_Flood_Med.obj
OBJECT_DEF lib/airport/Common_Elements/Parking_Items/Row_of_Cars_6.agp
OBJECT_DEF lib/airport/Ramp_Equipment/Cargo_Palette_1.obj
OBJECT_DEF lib/airport/Common_Elements/Miscellaneous/Blue_Dumpster.obj
OBJECT_DEF lib/airport/Common_Elements/Miscellaneous/Large_AC_on_Pad.obj
OBJECT_DEF lib/airport/Common_Elements/Vehicles/Cargo_Trailer.obj
OBJECT_DEF lib/g10/US/industrial/light/Warehse30x30Lt.obj
OBJECT_DEF lib/g10/US/industrial/light/Warehse15x30Lt.obj
OBJECT_DEF lib/g10/US/industrial/light/FactB30x45.obj
OBJECT_DEF lib/g10/US/industrial/light/SiteOffice4x14.obj
OBJECT_DEF lib/g10/US/industrial/light/TinShed10x50.obj
OBJECT_DEF lib/g10/US/industrial/light/Shed13x24.obj
OBJECT_DEF lib/g10/US/industrial/light/Whs60x90L.obj
OBJECT_DEF lib/airport/Common_Elements/Vehicles/Cargo_Truck.obj
OBJECT_DEF lib/g10/US/industrial/light/SiteOffice3x10.obj
OBJECT_DEF lib/g10/US/industrial/light/WoodShed8x20.obj
OBJECT_DEF lib/g10/US/industrial/light/TinShed10x30Lt.obj
OBJECT_DEF lib/g10/US/industrial/light/WoodShed8x10.obj
OBJECT_DEF lib/g10/US/industrial/light/SignLumber.obj
OBJECT_DEF lib/g10/streetlights/AreaFloodShort.obj
OBJECT_DEF lib/g10/streetlights/AreaFloodSml.obj
OBJECT_DEF lib/g10/forests/autogen_tree2.obj
OBJECT_DEF lib/g10/forests/autogen_tree3.obj
OBJECT_DEF lib/airport/Common_Elements/Lighting/Opposing_Flood_Sm.obj
OBJECT_DEF lib/airport/Common_Elements/Parking/Grunge1_Lg.obj
OBJECT_DEF lib/airport/Common_Elements/Parking/Grunge1_XLg.obj
OBJECT_DEF lib/airport/Ramp_Equipment/Cargo_Palette_2.obj
OBJECT_DEF lib/airport/Common_Elements/Barriers/concrete/grey_3m.obj
OBJECT_DEF lib/airport/Common_Elements/Barriers/concrete/grey_6m.obj
OBJECT_DEF lib/airport/Common_Elements/Miscellaneous/Water_Tank_Elev.obj
OBJECT_DEF lib/airport/Common_Elements/Vehicles/forklifts/forklift_yellow_palette.obj
OBJECT_DEF lib/airport/Common_Elements/Vehicles/forklifts/forklift_yellow_barrel.obj
OBJECT_DEF lib/g10/US/industrial/light/OilDrums.obj
OBJECT_DEF lib/cars/car.obj
OBJECT_DEF lib/airport/Common_Elements/Barriers/concrete/red_3m.obj
OBJECT_DEF lib/cars/car_static_invar.obj
OBJECT_DEF lib/airport/Common_Elements/Miscellaneous/Flagpole.obj
POLYGON_DEF lib/airport/pavement/asphalt_2L.pol
POLYGON_DEF lib/airport/pavement/concrete_2D.pol
POLYGON_DEF lib/airport/pavement/asphalt_1D.pol
POLYGON_DEF lib/airport/Common_Elements/Fence_Facades/Fence.fac
POLYGON_DEF lib/g10/US/urban_high/50x30x135scv0.fac
POLYGON_DEF lib/airport/Common_Elements/Misc_Buildings/White_Warehouse.fac
PROPERTY sim/filter/aptid 4NE3
PROPERTY sim/exclude_net -100.760427/41.103574/-100.759649/41.104428
PROPERTY sim/exclude_net -100.757427/41.104642/-100.754452/41.107459
PROPERTY sim/exclude_obj -100.761032/41.102679/-100.754507/41.107366
PROPERTY sim/exclude_fac -100.761032/41.102679/-100.754507/41.107366
PROPERTY sim/exclude_for -100.761032/41.102679/-100.754507/41.107366
PROPERTY sim/require_agpoint 1/0
PROPERTY sim/require_object 1/0
PROPERTY sim/require_facade 1/3
PROPERTY sim/require_facade 6/0
