PROPERTY sim/west -180
PROPERTY sim/east 180
PROPERTY sim/north 90
PROPERTY sim/south -90
PROPERTY sim/planet earth
PROPERTY sim/creation_agent WorldEditor1.5.1r1
PROPERTY laminar/internal_revision 0
PROPERTY sim/overlay 1
FILTER 0
FILTER -1
FILTER 0
FILTER -1
FILTER 0
FILTER -1
FILTER 0
FILTER -1
FILTER 0
FILTER -1
FILTER 0
OBJECT 0 -77.645626860 38.595484283 325.000000
OBJECT 1 -77.645478561 38.595858129 219.000000
OBJECT 2 -77.645415141 38.595720798 255.000000
OBJECT 2 -77.644576848 38.595913920 235.000000
OBJECT 3 -77.644885843 38.595846685 50.000000
OBJECT 4 -77.644286450 38.596024548 56.000000
OBJECT 4 -77.644546807 38.595692664 245.000000
OBJECT 4 -77.644435702 38.596276799 10.000000
OBJECT 5 -77.645351720 38.596532387 255.000000
OBJECT 5 -77.645367933 38.596581502 255.000000
OBJECT 6 -77.647281987 38.593642710 262.989990
OBJECT 6 -77.647303445 38.593724250 268.000000
OBJECT 6 -77.647228103 38.593504425 262.989990
OBJECT 6 -77.647254330 38.593575952 262.989990
OBJECT 6 -77.647332055 38.593641756 262.989990
OBJECT 6 -77.647353513 38.593723297 268.000000
OBJECT 6 -77.647278172 38.593503471 262.989990
OBJECT 6 -77.647304398 38.593574998 262.989990
OBJECT 6 -77.647066930 38.592929351 353.000000
OBJECT 6 -77.647137980 38.593154421 261.989990
OBJECT 6 -77.647228580 38.593433375 352.000000
OBJECT 6 -77.647074083 38.592801556 268.000000
OBJECT 6 -77.647132258 38.593015660 261.989990
OBJECT 6 -77.646978237 38.592509251 262.989990
OBJECT 6 -77.647044041 38.592872129 268.000000
OBJECT 6 -77.647255760 38.593376631 267.000000
OBJECT 6 -77.647003510 38.592730030 268.000000
OBJECT 6 -77.646954395 38.592581731 262.989990
OBJECT 6 -77.647159915 38.593085756 261.989990
OBJECT 6 -77.647082189 38.593016613 261.989990
OBJECT 6 -77.647278649 38.593432422 352.000000
OBJECT 6 -77.647109846 38.593086709 261.989990
OBJECT 6 -77.647231441 38.593307012 267.000000
OBJECT 6 -77.646928168 38.592510204 262.989990
OBJECT 6 -77.647188048 38.593153468 261.989990
OBJECT 6 -77.647116999 38.592928397 353.000000
OBJECT 6 -77.647053578 38.592729076 268.000000
OBJECT 6 -77.646982052 38.592648489 262.989990
OBJECT 6 -77.647211891 38.593234054 267.000000
OBJECT 6 -77.647161822 38.593235008 267.000000
OBJECT 6 -77.647205692 38.593377584 267.000000
OBJECT 6 -77.647181373 38.593307965 267.000000
OBJECT 6 -77.647024014 38.592802510 268.000000
OBJECT 6 -77.647094110 38.592871176 268.000000
OBJECT 6 -77.647004463 38.592580777 262.989990
OBJECT 6 -77.647032120 38.592647536 262.989990
OBJECT 6 -77.645104715 38.591942760 44.000000
OBJECT 6 -77.644769493 38.592442016 356.000000
OBJECT 6 -77.644974060 38.592139220 313.000000
OBJECT 6 -77.644814317 38.592385271 43.000000
OBJECT 6 -77.645208667 38.591867895 319.000000
OBJECT 6 -77.645077535 38.592047665 313.000000
OBJECT 6 -77.645374609 38.591609445 314.000000
OBJECT 6 -77.645134279 38.591888876 319.000000
OBJECT 6 -77.644876307 38.592370966 318.000000
OBJECT 6 -77.645219635 38.591766804 319.000000
OBJECT 6 -77.645303559 38.591636149 314.000000
OBJECT 6 -77.645041295 38.592113470 313.000000
OBJECT 6 -77.645046063 38.592009041 313.000000
OBJECT 6 -77.644846742 38.592423896 43.000000
OBJECT 6 -77.645008392 38.592074369 313.000000
OBJECT 6 -77.644914454 38.592308022 318.000000
OBJECT 6 -77.645342660 38.591570821 314.000000
OBJECT 6 -77.645006008 38.592176890 313.000000
OBJECT 6 -77.645136187 38.591980430 44.000000
OBJECT 6 -77.645251583 38.591806382 319.000000
OBJECT 6 -77.645269226 38.591699569 314.000000
OBJECT 6 -77.644958324 38.592247940 318.000000
OBJECT 6 -77.644926375 38.592208839 318.000000
OBJECT 6 -77.644843404 38.592330911 318.000000
OBJECT 6 -77.644882029 38.592269875 318.000000
OBJECT 6 -77.645175288 38.591829271 319.000000
OBJECT 6 -77.645166228 38.591927501 319.000000
OBJECT 6 -77.645335985 38.591674296 314.000000
OBJECT 6 -77.645302129 38.591738193 314.000000
OBJECT 6 -77.644481003 38.593008030 223.000000
OBJECT 6 -77.644809548 38.592504482 175.000000
OBJECT 6 -77.644609274 38.592810616 132.000000
OBJECT 6 -77.644764248 38.592560750 222.000000
OBJECT 6 -77.644378958 38.593084325 138.000000
OBJECT 6 -77.644506275 38.592904078 132.000000
OBJECT 6 -77.644216831 38.593347543 133.000000
OBJECT 6 -77.644453822 38.593061913 138.000000
OBJECT 6 -77.644702735 38.592577916 137.000000
OBJECT 6 -77.644369421 38.593186847 138.000000
OBJECT 6 -77.644287404 38.593320363 133.000000
OBJECT 6 -77.644541085 38.592837320 132.000000
OBJECT 6 -77.644538701 38.592941749 132.000000
OBJECT 6 -77.644732300 38.592522602 222.000000
OBJECT 6 -77.644575418 38.592875467 132.000000
OBJECT 6 -77.644665064 38.592639429 137.000000
OBJECT 6 -77.644250210 38.593384737 133.000000
OBJECT 6 -77.644576848 38.592772946 132.000000
OBJECT 6 -77.644447147 38.592970359 223.000000
OBJECT 6 -77.644336042 38.593149176 138.000000
OBJECT 6 -77.644321736 38.593255035 133.000000
OBJECT 6 -77.644622148 38.592701896 137.000000
OBJECT 6 -77.644654574 38.592739567 137.000000
OBJECT 6 -77.644737068 38.592614157 137.000000
OBJECT 6 -77.644698920 38.592677100 137.000000
OBJECT 6 -77.644412337 38.593123426 138.000000
OBJECT 6 -77.644420920 38.593026150 138.000000
OBJECT 6 -77.644254501 38.593282216 133.000000
OBJECT 6 -77.644288357 38.593215934 133.000000
OBJECT 6 -77.647026875 38.595075151 330.000000
OBJECT 6 -77.647077420 38.595023651 330.000000
OBJECT 6 -77.647133688 38.594971199 330.000000
OBJECT 6 -77.647236687 38.594878214 328.000000
OBJECT 6 -77.647291047 38.594823854 328.000000
OBJECT 6 -77.647188048 38.594931144 328.000000
OBJECT 6 -77.647398814 38.594737545 334.989990
OBJECT 6 -77.647459373 38.594690337 334.989990
OBJECT 6 -77.647343977 38.594784276 334.989990
OBJECT 6 -77.647515164 38.594570172 305.000000
OBJECT 6 -77.647543774 38.594498646 305.000000
OBJECT 6 -77.647491321 38.594638361 305.000000
OBJECT 6 -77.647644388 38.595115682 355.000000
OBJECT 6 -77.647543297 38.594763294 265.000000
OBJECT 6 -77.647519932 38.594691291 265.000000
OBJECT 6 -77.647568570 38.594831960 265.000000
OBJECT 6 -77.647604334 38.594987411 270.000000
OBJECT 6 -77.647587644 38.594913977 270.000000
OBJECT 6 -77.647623884 38.595057984 270.000000
OBJECT 6 -77.647786965 38.595734150 283.000000
OBJECT 6 -77.647773136 38.595892939 288.000000
OBJECT 6 -77.647768368 38.595965419 288.000000
OBJECT 6 -77.647783150 38.595585374 283.000000
OBJECT 6 -77.647770275 38.596026932 13.000000
OBJECT 6 -77.647779335 38.595817597 288.000000
OBJECT 6 -77.647783627 38.595661669 283.000000
OBJECT 6 -77.647760262 38.596262493 282.000000
OBJECT 6 -77.647748817 38.596422236 286.989990
OBJECT 6 -77.647747387 38.596495670 286.989990
OBJECT 6 -77.647755016 38.596114195 282.000000
OBJECT 6 -77.647749771 38.596556229 12.000000
OBJECT 6 -77.647755016 38.596346895 286.989990
OBJECT 6 -77.647756447 38.596189536 282.000000
OBJECT 6 -77.647731174 38.596808480 285.000000
OBJECT 6 -77.647711624 38.596966793 290.000000
OBJECT 6 -77.647706378 38.597040227 290.000000
OBJECT 6 -77.647734035 38.596659705 285.000000
OBJECT 6 -77.647705901 38.597100786 15.000000
OBJECT 6 -77.647721160 38.596891451 290.000000
OBJECT 6 -77.647731174 38.596735046 285.000000
OBJECT 6 -77.647525177 38.597796502 309.000000
OBJECT 6 -77.647444114 38.597933833 314.000000
OBJECT 6 -77.647407874 38.597998207 314.000000
OBJECT 6 -77.647588598 38.597661555 309.000000
OBJECT 6 -77.647383078 38.598053521 39.000000
OBJECT 6 -77.647482261 38.597868505 314.000000
OBJECT 6 -77.647556172 38.597729744 309.000000
OBJECT 6 -77.647650587 38.597515640 0.000000
OBJECT 6 -77.647693503 38.597377356 0.000000
OBJECT 6 -77.647696365 38.597257191 0.000000
OBJECT 6 -77.647481308 38.594302186 267.000000
OBJECT 6 -77.647366865 38.593923571 353.000000
OBJECT 6 -77.647323949 38.593796731 268.000000
OBJECT 6 -77.647382124 38.594010834 261.989990
OBJECT 6 -77.647461757 38.594229229 267.000000
OBJECT 6 -77.647528515 38.594427596 352.000000
OBJECT 6 -77.647343977 38.593866350 268.000000
OBJECT 6 -77.647409781 38.594080930 261.989990
OBJECT 6 -77.647505627 38.594371805 267.000000
OBJECT 6 -77.647437915 38.594148642 261.989990
OBJECT 6 -77.647531376 38.594301232 267.000000
OBJECT 6 -77.647416934 38.593922618 353.000000
OBJECT 6 -77.647374018 38.593795777 268.000000
OBJECT 6 -77.647432193 38.594009880 261.989990
OBJECT 6 -77.647511826 38.594228275 267.000000
OBJECT 6 -77.647578584 38.594426642 352.000000
OBJECT 6 -77.647394045 38.593865396 268.000000
OBJECT 6 -77.647459850 38.594079976 261.989990
OBJECT 6 -77.647555695 38.594370851 267.000000
OBJECT 6 -77.647487984 38.594147688 261.989990
OBJECT 6 -77.643977932 38.594240196 37.000000
OBJECT 6 -77.643706130 38.594776646 349.000000
OBJECT 6 -77.643873503 38.594451438 306.000000
OBJECT 6 -77.643745232 38.594715133 36.000000
OBJECT 6 -77.644071870 38.594153410 312.000000
OBJECT 6 -77.643965057 38.594347963 306.000000
OBJECT 6 -77.644206340 38.593876364 307.000000
OBJECT 6 -77.644001297 38.594182975 312.000000
OBJECT 6 -77.643802930 38.594694152 310.989990
OBJECT 6 -77.644071393 38.594053273 312.000000
OBJECT 6 -77.644139105 38.593913081 307.000000
OBJECT 6 -77.643935969 38.594416629 306.000000
OBJECT 6 -77.643928817 38.594314584 306.000000
OBJECT 6 -77.643780995 38.594749466 36.000000
OBJECT 6 -77.643900683 38.594382773 306.000000
OBJECT 6 -77.643834401 38.594625963 310.989990
OBJECT 6 -77.644170577 38.593843462 307.000000
OBJECT 6 -77.643910220 38.594485294 306.000000
OBJECT 6 -77.644015602 38.594274529 37.000000
OBJECT 6 -77.644108110 38.594087606 312.000000
OBJECT 6 -77.644112402 38.593979362 307.000000
OBJECT 6 -77.643870642 38.594559682 310.989990
OBJECT 6 -77.643833925 38.594525826 310.989990
OBJECT 6 -77.643767643 38.594659342 310.989990
OBJECT 6 -77.643798161 38.594592107 310.989990
OBJECT 6 -77.644035630 38.594119078 312.000000
OBJECT 6 -77.644038968 38.594217308 312.000000
OBJECT 6 -77.644175345 38.593946937 307.000000
OBJECT 6 -77.644148642 38.594013218 307.000000
OBJECT 6 -77.645846685 38.595925841 331.000000
OBJECT 6 -77.645758469 38.595824273 246.000000
OBJECT 6 -77.645944915 38.596055066 240.000000
OBJECT 6 -77.645803292 38.595881018 246.000000
OBJECT 6 -77.645611124 38.595644503 241.000000
OBJECT 6 -77.645893416 38.595999752 240.000000
OBJECT 6 -77.645560101 38.595589666 241.000000
OBJECT 6 -77.645662146 38.595696479 241.000000
OBJECT 6 -77.645996414 38.596107519 240.000000
OBJECT 6 -77.645713169 38.595764668 246.000000
OBJECT 6 -77.646128023 38.596051728 54.000000
OBJECT 6 -77.646219100 38.595953498 329.000000
OBJECT 6 -77.646011196 38.596166171 323.000000
OBJECT 6 -77.646168555 38.596005474 329.000000
OBJECT 6 -77.646059358 38.596108473 323.000000
OBJECT 6 -77.645967327 38.596223392 323.000000
OBJECT 6 -77.646273938 38.595900568 329.000000
OBJECT 6 -77.645478561 38.596588655 56.000000
OBJECT 6 -77.645571546 38.596492332 331.000000
OBJECT 6 -77.645357443 38.596697852 325.000000
OBJECT 6 -77.645519093 38.596542401 331.000000
OBJECT 6 -77.645737011 38.596330205 326.000000
OBJECT 6 -77.645407511 38.596641585 325.000000
OBJECT 6 -77.645788510 38.596274414 326.000000
OBJECT 6 -77.645690757 38.596385996 326.000000
OBJECT 6 -77.645311189 38.596754120 325.000000
OBJECT 6 -77.645628290 38.596441310 331.000000
OBJECT 6 -77.645154307 38.596927691 326.000000
OBJECT 6 -77.644942111 38.597130350 56.000000
OBJECT 6 -77.644982643 38.597084096 331.000000
OBJECT 6 -77.645091840 38.596983005 331.000000
OBJECT 6 -77.644820993 38.597239548 325.000000
OBJECT 6 -77.644774739 38.597295815 325.000000
OBJECT 6 -77.645035096 38.597034028 331.000000
OBJECT 6 -77.644871061 38.597183280 325.000000
OBJECT 6 -77.645200561 38.596871901 326.000000
OBJECT 6 -77.645252060 38.596816110 326.000000
OBJECT 6 -77.645039864 38.596060788 0.000000
OBJECT 6 -77.645207713 38.595971618 0.000000
OBJECT 6 -77.645176719 38.595865759 0.000000
OBJECT 6 -77.645032235 38.596000706 0.000000
OBJECT 6 -77.645071336 38.595894846 0.000000
OBJECT 6 -77.645054646 38.595740349 0.000000
OBJECT 6 -77.645379377 38.595621614 0.000000
OBJECT 6 -77.645547227 38.596373121 351.000000
OBJECT 6 -77.645408942 38.596279183 111.000000
OBJECT 6 -77.645469501 38.596285859 26.000000
OBJECT 6 -77.645466640 38.596396487 356.000000
OBJECT 6 -77.645294022 38.596143282 50.000000
OBJECT 6 -77.645234417 38.596101320 50.000000
OBJECT 6 -77.645540551 38.596300164 26.000000
OBJECT 6 -77.645324540 38.596251049 20.000000
OBJECT 6 -77.645612554 38.596342603 351.000000
OBJECT 6 -77.645683127 38.596312562 351.000000
OBJECT 6 -77.644751373 38.596184291 0.000000
OBJECT 6 -77.644529164 38.596321145 0.000000
OBJECT 6 -77.644404231 38.596382658 0.000000
OBJECT 6 -77.646131838 38.596288243 0.000000
OBJECT 6 -77.646132315 38.596458000 0.000000
OBJECT 6 -77.646190967 38.596359770 0.000000
OBJECT 6 -77.646293011 38.596405547 0.000000
OBJECT 6 -77.646399348 38.596481842 0.000000
OBJECT 6 -77.646307317 38.596572919 0.000000
OBJECT 6 -77.645904860 38.596325914 0.000000
FILTER -1
OBJECT_DEF lib/airport/Common_Elements/Hangars/Sm_Gray_Hangar.agp
OBJECT_DEF lib/g10/US/suburban/T-RnchRHGry.obj
OBJECT_DEF lib/g10/US/suburban/GrgSmlWht.obj
OBJECT_DEF lib/g10/US/industrial/light/WoodShed8x20.obj
OBJECT_DEF lib/g10/US/industrial/light/WoodShed8x10.obj
OBJECT_DEF lib/g10/US/suburban/GdnShed.obj
OBJECT_DEF lib/g10/forests/autogen_tree_any.obj
PROPERTY sim/filter/aptid 58VA
PROPERTY sim/exclude_obj -77.647462/38.597018/-77.646843/38.597948
PROPERTY sim/exclude_fac -77.647462/38.597018/-77.646843/38.597948
PROPERTY sim/exclude_for -77.647462/38.597018/-77.646843/38.597948
PROPERTY sim/exclude_bch -77.647462/38.597018/-77.646843/38.597948
PROPERTY sim/exclude_lin -77.647462/38.597018/-77.646843/38.597948
PROPERTY sim/exclude_pol -77.647462/38.597018/-77.646843/38.597948
PROPERTY sim/exclude_str -77.647462/38.597018/-77.646843/38.597948
PROPERTY sim/exclude_obj -77.647800/38.594530/-77.646377/38.597144
PROPERTY sim/exclude_fac -77.647800/38.594530/-77.646377/38.597144
PROPERTY sim/exclude_for -77.647800/38.594530/-77.646377/38.597144
PROPERTY sim/exclude_bch -77.647800/38.594530/-77.646377/38.597144
PROPERTY sim/exclude_lin -77.647800/38.594530/-77.646377/38.597144
PROPERTY sim/exclude_pol -77.647800/38.594530/-77.646377/38.597144
PROPERTY sim/exclude_str -77.647800/38.594530/-77.646377/38.597144
PROPERTY sim/exclude_obj -77.645939/38.591349/-77.645427/38.591806
PROPERTY sim/exclude_fac -77.645939/38.591349/-77.645427/38.591806
PROPERTY sim/exclude_for -77.645939/38.591349/-77.645427/38.591806
PROPERTY sim/exclude_bch -77.645939/38.591349/-77.645427/38.591806
PROPERTY sim/exclude_lin -77.645939/38.591349/-77.645427/38.591806
PROPERTY sim/exclude_pol -77.645939/38.591349/-77.645427/38.591806
PROPERTY sim/exclude_str -77.645939/38.591349/-77.645427/38.591806
PROPERTY sim/exclude_obj -77.646297/38.591719/-77.645367/38.592898
PROPERTY sim/exclude_fac -77.646297/38.591719/-77.645367/38.592898
PROPERTY sim/exclude_for -77.646297/38.591719/-77.645367/38.592898
PROPERTY sim/exclude_bch -77.646297/38.591719/-77.645367/38.592898
PROPERTY sim/exclude_lin -77.646297/38.591719/-77.645367/38.592898
PROPERTY sim/exclude_pol -77.646297/38.591719/-77.645367/38.592898
PROPERTY sim/exclude_str -77.646297/38.591719/-77.645367/38.592898
PROPERTY sim/exclude_obj -77.647046/38.592819/-77.644439/38.596006
PROPERTY sim/exclude_fac -77.647046/38.592819/-77.644439/38.596006
PROPERTY sim/exclude_for -77.647046/38.592819/-77.644439/38.596006
PROPERTY sim/exclude_bch -77.647046/38.592819/-77.644439/38.596006
PROPERTY sim/exclude_lin -77.647046/38.592819/-77.644439/38.596006
PROPERTY sim/exclude_pol -77.647046/38.592819/-77.644439/38.596006
PROPERTY sim/exclude_str -77.647046/38.592819/-77.644439/38.596006
PROPERTY sim/require_agpoint 1/0
PROPERTY sim/require_object 1/0
