PROPERTY sim/west -180
PROPERTY sim/east 180
PROPERTY sim/north 90
PROPERTY sim/south -90
PROPERTY sim/planet earth
PROPERTY sim/creation_agent WorldEditor2.2.0r2
PROPERTY laminar/internal_revision 0
PROPERTY sim/overlay 1
FILTER 0
FILTER -1
FILTER 0
FILTER -1
FILTER 0
FILTER -1
FILTER 0
FILTER -1
FILTER 0
FILTER -1
FILTER 0
OBJECT 0 -82.959246272 41.220827576 0.000000
OBJECT 0 -82.959092260 41.220836352 0.000000
OBJECT 0 -82.958931247 41.220831086 279.459991
OBJECT 0 -82.958667559 41.221045225 0.000000
OBJECT 0 -82.958772568 41.220850394 0.000000
OBJECT 0 -82.958737565 41.220811778 0.000000
OBJECT 0 -82.958681560 41.220738059 0.000000
OBJECT 0 -82.958786569 41.220745080 0.000000
OBJECT 0 -82.958924246 41.220752101 0.000000
OBJECT 0 -82.959033922 41.220739814 0.000000
OBJECT 0 -82.959129596 41.220746835 0.000000
OBJECT 0 -82.959236938 41.220746835 0.000000
OBJECT 0 -82.958954582 41.221038204 0.000000
OBJECT 0 -82.959257940 41.221032938 0.000000
OBJECT 0 -82.959339613 41.221085595 0.000000
OBJECT 0 -82.959365282 41.221147028 0.000000
OBJECT 0 -82.959404952 41.221211972 0.000000
OBJECT 1 -82.958961583 41.221289202 0.000000
OBJECT 1 -82.959871656 41.220818799 0.000000
OBJECT 1 -82.959969664 41.220811778 0.000000
OBJECT 1 -82.960107342 41.220822310 0.000000
OBJECT 1 -82.960296357 41.220799492 0.000000
OBJECT 1 -82.960238019 41.220748590 0.000000
OBJECT 1 -82.960121343 41.220755611 0.000000
OBJECT 1 -82.960032669 41.220757366 0.000000
OBJECT 1 -82.959939328 41.220755611 0.000000
OBJECT 1 -82.959834320 41.220736303 0.000000
OBJECT 1 -82.959778315 41.220746835 0.000000
OBJECT 1 -82.959780649 41.220778429 180.000000
OBJECT 1 -82.959778315 41.220810023 0.000000
OBJECT 1 -82.959785316 41.220855659 0.000000
OBJECT 1 -82.959789983 41.220889009 0.000000
OBJECT 1 -82.959792317 41.220922358 0.000000
OBJECT 1 -82.959796984 41.220994323 0.000000
OBJECT 1 -82.959794650 41.221064532 0.000000
OBJECT 1 -82.959792317 41.221099637 0.000000
OBJECT 1 -82.959801651 41.221145273 0.000000
OBJECT 1 -82.959803984 41.221201441 0.000000
OBJECT 1 -82.959808651 41.221282181 0.000000
OBJECT 1 -82.959750313 41.221276916 0.000000
OBJECT 1 -82.959696642 41.221303244 0.000000
OBJECT 1 -82.959745646 41.221338349 0.000000
OBJECT 1 -82.959794650 41.221341859 0.000000
OBJECT 1 -82.959598634 41.221285692 0.000000
OBJECT 1 -82.959635971 41.221329573 0.000000
OBJECT 1 -82.959687308 41.221354146 0.000000
OBJECT 1 -82.959752647 41.221398027 0.000000
OBJECT 1 -82.959799317 41.221412069 0.000000
OBJECT 1 -82.959801651 41.221498075 0.000000
OBJECT 1 -82.959726978 41.221494565 0.000000
OBJECT 1 -82.959628970 41.221499830 0.000000
OBJECT 1 -82.959551964 41.221503341 0.000000
OBJECT 1 -82.959502960 41.221506851 0.000000
OBJECT 1 -82.959437621 41.221506851 0.000000
OBJECT 1 -82.959362949 41.221512117 0.000000
OBJECT 1 -82.959306944 41.221512117 0.000000
OBJECT 1 -82.959211270 41.221508607 0.000000
OBJECT 2 -82.959489318 41.220912010 90.000000
OBJECT 3 -82.958699641 41.221253995 0.000000
OBJECT 4 -82.958852631 41.221251756 180.000000
OBJECT 5 -82.958551682 41.221422664 90.000000
OBJECT 6 -82.957266875 41.219654595 0.000000
OBJECT 6 -82.957667566 41.219656788 0.000000
OBJECT 6 -82.957237245 41.221457128 0.000000
OBJECT 6 -82.957637936 41.221459321 0.000000
OBJECT 6 -82.957208517 41.223261096 0.000000
OBJECT 6 -82.957609208 41.223263289 0.000000
OBJECT 6 -82.957178991 41.225063153 0.000000
OBJECT 6 -82.957579682 41.225065346 0.000000
OBJECT 6 -82.957148865 41.226866163 0.000000
OBJECT 6 -82.957549556 41.226868356 0.000000
FILTER -1
OBJECT_DEF lib/airport/Common_Elements/Miscellaneous/Tree.obj
OBJECT_DEF lib/g10/forests/autogen_tree_any.obj
OBJECT_DEF lib/g10/US/suburban/L-RnchLHGry.obj
OBJECT_DEF lib/g10/US/suburban/dZ-RnchLHGry.obj
OBJECT_DEF lib/g10/US/industrial/light/WoodShed8x20.obj
OBJECT_DEF lib/g10/US/industrial/light/TinShed10x50.obj
OBJECT_DEF lib/airport/Common_Elements/Markers/Poles/Large_Red_White.obj
PROPERTY sim/filter/aptid 5D9
PROPERTY sim/exclude_obj -82.961476/41.219623/-82.956531/41.226961
PROPERTY sim/exclude_for -82.961476/41.219623/-82.956531/41.226961
PROPERTY sim/require_agpoint 1/0
PROPERTY sim/require_object 1/0
