PROPERTY sim/west -180
PROPERTY sim/east 180
PROPERTY sim/north 90
PROPERTY sim/south -90
PROPERTY sim/planet earth
PROPERTY sim/creation_agent WorldEditor1.7.21r1
PROPERTY laminar/internal_revision 0
PROPERTY sim/overlay 1
FILTER 0
BEGIN_POLYGON 0 0 4
BEGIN_WINDING
POLYGON_POINT -81.199987731 40.000815088 -81.199987731 40.000815088
POLYGON_POINT -81.199556934 40.001695737 -81.199556934 40.001695737
POLYGON_POINT -81.199457816 40.001868575 -81.199428703 40.001905213
POLYGON_POINT -81.199161831 40.002152920 -81.199161831 40.002152920
POLYGON_POINT -81.198910209 40.002358414 -81.198839505 40.002388680
POLYGON_POINT -81.198583724 40.002495410 -81.198510941 40.002509747
POLYGON_POINT -81.198375772 40.002527269 -81.198375772 40.002527269
POLYGON_POINT -81.198378863 40.002424346 -81.198378863 40.002424346
POLYGON_POINT -81.198281328 40.002429599 -81.198281328 40.002429599
POLYGON_POINT -81.198276734 40.002533634 -81.198276734 40.002533634
POLYGON_POINT -81.196993013 40.002570997 -81.196993013 40.002570997
POLYGON_POINT -81.196742180 40.002587740 -81.196742180 40.002587740
POLYGON_POINT -81.196744078 40.002642470 -81.196744078 40.002642470
POLYGON_POINT -81.197027707 40.002627383 -81.197027707 40.002627383
POLYGON_POINT -81.197396448 40.002615394 -81.197396448 40.002615394
POLYGON_POINT -81.198218372 40.002595255 -81.198218372 40.002595255
POLYGON_POINT -81.198375425 40.002584351 -81.198375425 40.002584351
POLYGON_POINT -81.198782318 40.002497003 -81.198898771 40.002441249
POLYGON_POINT -81.198985071 40.002369565 -81.199026661 40.002332927
POLYGON_POINT -81.199266500 40.002168850 -81.199266500 40.002168850
POLYGON_POINT -81.199511537 40.001928577 -81.199511537 40.001928577
POLYGON_POINT -81.199688638 40.001646886 -81.199688638 40.001646886
POLYGON_POINT -81.200082005 40.000845355 -81.200082005 40.000845355
END_WINDING
END_POLYGON
BEGIN_POLYGON 0 0 4
BEGIN_WINDING
POLYGON_POINT -81.197038434 40.002642653 -81.197038434 40.002642653
POLYGON_POINT -81.197059424 40.002693591 -81.197059424 40.002693591
POLYGON_POINT -81.196482070 40.002998205 -81.196482070 40.002998205
POLYGON_POINT -81.196202348 40.003112406 -81.196145452 40.003126169
POLYGON_POINT -81.195938831 40.003155268 -81.195834023 40.003154418
POLYGON_POINT -81.195597456 40.003100937 -81.195510615 40.003080292
POLYGON_POINT -81.195303993 40.003059647 -81.195235119 40.003059647
POLYGON_POINT -81.195035761 40.003026693 -81.194972391 40.003008820
POLYGON_POINT -81.194690117 40.002905957 -81.194690117 40.002905957
POLYGON_POINT -81.194385154 40.002819017 -81.194234791 40.002781232
POLYGON_POINT -81.194017527 40.002794071 -81.194017527 40.002794071
POLYGON_POINT -81.192165743 40.002880724 -81.192165743 40.002880724
POLYGON_POINT -81.191866289 40.002931189 -81.191770464 40.002970185
POLYGON_POINT -81.191551074 40.003082352 -81.191551074 40.003082352
POLYGON_POINT -81.191102203 40.003398669 -81.191027340 40.003426196
POLYGON_POINT -81.190893642 40.003431965 -81.190893642 40.003431965
POLYGON_POINT -81.190443891 40.003454490 -81.190443891 40.003454490
POLYGON_POINT -81.190449957 40.003525990 -81.190449957 40.003525990
POLYGON_POINT -81.191075735 40.003490896 -81.191150010 40.003470787
POLYGON_POINT -81.191262735 40.003402273 -81.191262735 40.003402273
POLYGON_POINT -81.191642932 40.003102352 -81.191642932 40.003102352
POLYGON_POINT -81.191926236 40.002978010 -81.192040028 40.002936720
POLYGON_POINT -81.192636411 40.002909761 -81.192636411 40.002909761
POLYGON_POINT -81.193829802 40.002863559 -81.193829802 40.002863559
POLYGON_POINT -81.194248724 40.002857356 -81.194371499 40.002880295
POLYGON_POINT -81.194554605 40.002918892 -81.194554605 40.002918892
POLYGON_POINT -81.194929683 40.003068822 -81.195040480 40.003096349
POLYGON_POINT -81.195405814 40.003119288 -81.195531584 40.003133051
POLYGON_POINT -81.195837025 40.003211287 -81.195983757 40.003213581
POLYGON_POINT -81.196297308 40.003149202 -81.196369648 40.003121198
POLYGON_POINT -81.196297308 40.003149202 -81.196297308 40.003149202
POLYGON_POINT -81.196297308 40.003149202 -81.196314588 40.003142512
POLYGON_POINT -81.196483712 40.003069213 -81.196483712 40.003069213
POLYGON_POINT -81.197350371 40.002629362 -81.197350371 40.002629362
END_WINDING
END_POLYGON
BEGIN_POLYGON 1 255 2
BEGIN_WINDING
POLYGON_POINT -81.194747519 40.001645434
POLYGON_POINT -81.195069565 40.000572751
POLYGON_POINT -81.192241166 40.000497663
POLYGON_POINT -81.191275030 40.001323629
POLYGON_POINT -81.191275030 40.000358215
POLYGON_POINT -81.183293979 39.999113903
POLYGON_POINT -81.179359458 40.000476210
POLYGON_POINT -81.176895114 40.001538165
POLYGON_POINT -81.177629703 40.002625135
POLYGON_POINT -81.183097981 40.002160321
POLYGON_POINT -81.185055765 40.002043099
POLYGON_POINT -81.185095269 40.002277752
POLYGON_POINT -81.190576868 40.001789778
POLYGON_POINT -81.190771526 40.001673001
POLYGON_POINT -81.191397879 40.001668658
POLYGON_POINT -81.191572321 40.001788153
END_WINDING
END_POLYGON
BEGIN_POLYGON 1 255 2
BEGIN_WINDING
POLYGON_POINT -81.200011462 40.004097411
POLYGON_POINT -81.199903413 40.003952566
POLYGON_POINT -81.198843189 40.004247429
POLYGON_POINT -81.196351326 40.004361236
POLYGON_POINT -81.193663618 40.004433659
POLYGON_POINT -81.191746151 40.005129242
POLYGON_POINT -81.189267193 40.005243887
POLYGON_POINT -81.187281949 40.004925098
POLYGON_POINT -81.185882994 40.004882852
POLYGON_POINT -81.183805757 40.005032886
POLYGON_POINT -81.180937335 40.004468232
POLYGON_POINT -81.181035013 40.004987869
POLYGON_POINT -81.183743866 40.005696076
POLYGON_POINT -81.186019114 40.005576902
POLYGON_POINT -81.187531816 40.005840727
POLYGON_POINT -81.188490769 40.007599562
POLYGON_POINT -81.189010765 40.007589216
POLYGON_POINT -81.189112974 40.005867335
POLYGON_POINT -81.190591013 40.005628632
POLYGON_POINT -81.191536461 40.005732093
POLYGON_POINT -81.192036197 40.006383897
POLYGON_POINT -81.192542687 40.006311474
POLYGON_POINT -81.192252299 40.005742439
POLYGON_POINT -81.193190992 40.005199269
POLYGON_POINT -81.194541622 40.005245827
POLYGON_POINT -81.195135899 40.005545863
POLYGON_POINT -81.195622125 40.005525171
POLYGON_POINT -81.195790948 40.005163058
POLYGON_POINT -81.197843893 40.004852675
POLYGON_POINT -81.198647513 40.005028559
POLYGON_POINT -81.199302565 40.005918323
POLYGON_POINT -81.199721257 40.005711401
POLYGON_POINT -81.199565936 40.004914752
END_WINDING
END_POLYGON
BEGIN_POLYGON 1 255 2
BEGIN_WINDING
POLYGON_POINT -81.197227976 40.001594764
POLYGON_POINT -81.197809540 40.001087015
POLYGON_POINT -81.197021778 40.000839356
POLYGON_POINT -81.196392609 40.001048696
POLYGON_POINT -81.196125163 40.001224436
POLYGON_POINT -81.196183183 40.001421874
END_WINDING
END_POLYGON
BEGIN_POLYGON 1 255 2
BEGIN_WINDING
POLYGON_POINT -81.204853538 40.004163392
POLYGON_POINT -81.205250464 40.003425521
POLYGON_POINT -81.204490726 40.003311737
POLYGON_POINT -81.203939526 40.002404445
POLYGON_POINT -81.202973539 40.002386913
POLYGON_POINT -81.202890736 40.004634139
END_WINDING
END_POLYGON
BEGIN_POLYGON 1 255 2
BEGIN_WINDING
POLYGON_POINT -81.202010356 40.003533549
POLYGON_POINT -81.201990097 40.003088667
POLYGON_POINT -81.200788059 40.003217993
POLYGON_POINT -81.200078992 40.003699087
POLYGON_POINT -81.200355866 40.004004296
END_WINDING
END_POLYGON
FILTER -1
FILTER 0
FILTER -1
FILTER 0
FILTER -1
FILTER 0
FILTER -1
FILTER 0
FILTER -1
FILTER 0
OBJECT 0 -81.195865086 40.002792406 268.029999
OBJECT 1 -81.195744600 40.002874220 131.669998
OBJECT 1 -81.195312295 40.002681846 208.300003
OBJECT 1 -81.190304766 40.003116719 265.029999
BEGIN_POLYGON 2 3 3
BEGIN_WINDING
POLYGON_POINT -81.196573342 40.001641682 0.000000000
POLYGON_POINT -81.191806653 40.001846514 0.000000000
POLYGON_POINT -81.190690690 40.001859033 0.000000000
POLYGON_POINT -81.189500676 40.001970313 0.000000000
POLYGON_POINT -81.186926163 40.002112315 0.000000000
POLYGON_POINT -81.184896570 40.002307682 0.000000000
POLYGON_POINT -81.184836714 40.002131019 0.000000000
POLYGON_POINT -81.184003167 40.002190913 0.000000000
POLYGON_POINT -81.183978280 40.002442620 0.000000000
POLYGON_POINT -81.183599393 40.002487409 0.000000000
POLYGON_POINT -81.183672340 40.003199162 0.000000000
POLYGON_POINT -81.183790852 40.003179190 0.000000000
END_WINDING
END_POLYGON
BEGIN_POLYGON 2 3 3
BEGIN_WINDING
POLYGON_POINT -81.196691064 40.003117424 0.000000000
POLYGON_POINT -81.197596882 40.002768447 0.000000000
POLYGON_POINT -81.198507768 40.002736327 0.000000000
POLYGON_POINT -81.199145435 40.002488321 0.000000000
POLYGON_POINT -81.199805224 40.002148411 0.000000000
POLYGON_POINT -81.199738436 40.001636243 1.000000000
POLYGON_POINT -81.199577598 40.001583648 0.000000000
POLYGON_POINT -81.199286168 40.001512817 0.000000000
POLYGON_POINT -81.196899199 40.001631329 0.000000000
POLYGON_POINT -81.196707450 40.001532423 0.000000000
POLYGON_POINT -81.196597540 40.001634941 0.000000000
END_WINDING
END_POLYGON
BEGIN_POLYGON 2 3 5
BEGIN_WINDING
POLYGON_POINT -81.183790852 40.003179190 0.000000000 -81.183790852 40.003179190
POLYGON_POINT -81.184126215 40.003101609 0.000000000 -81.184126215 40.003101609
POLYGON_POINT -81.185202373 40.003125698 0.000000000 -81.185202373 40.003125698
POLYGON_POINT -81.186358893 40.003029344 0.000000000 -81.186358893 40.003029344
POLYGON_POINT -81.186659380 40.003013285 0.000000000 -81.186659380 40.003013285
POLYGON_POINT -81.187207941 40.003066815 0.000000000 -81.187207941 40.003066815
POLYGON_POINT -81.189650269 40.003454908 0.000000000 -81.189650269 40.003454908
POLYGON_POINT -81.190464379 40.003575351 0.000000000 -81.190464379 40.003575351
POLYGON_POINT -81.191219090 40.003529850 0.000000000 -81.191219090 40.003529850
POLYGON_POINT -81.191638375 40.003414760 0.000000000 -81.191638375 40.003414760
POLYGON_POINT -81.193035986 40.003053432 0.000000000 -81.193035986 40.003053432
POLYGON_POINT -81.193277074 40.003090903 0.000000000 -81.193277074 40.003090903
POLYGON_POINT -81.193507680 40.003139080 0.000000000 -81.193507680 40.003139080
POLYGON_POINT -81.193703346 40.003128374 0.000000000 -81.193703346 40.003128374
POLYGON_POINT -81.194583841 40.003069491 0.000000000 -81.194583841 40.003069491
POLYGON_POINT -81.194873846 40.003082874 0.000000000 -81.194873846 40.003082874
POLYGON_POINT -81.195205779 40.003123021 0.000000000 -81.195205779 40.003123021
POLYGON_POINT -81.195611087 40.003192610 0.000000000 -81.195614581 40.003195287
POLYGON_POINT -81.195946514 40.003227405 0.000000000 -81.195946514 40.003227405
POLYGON_POINT -81.196103746 40.003203316 0.000000000 -81.196103746 40.003203316
POLYGON_POINT -81.196669779 40.003131051 0.000000000 -81.196669779 40.003131051
END_WINDING
END_POLYGON
OBJECT 2 -81.196140358 40.002782972 86.250000
BEGIN_POLYGON 3 10 3
BEGIN_WINDING
POLYGON_POINT -81.196669253 40.002725093 1.000000000
POLYGON_POINT -81.196534236 40.002726286 4.000000000
POLYGON_POINT -81.196479883 40.002726766 1.000000000
POLYGON_POINT -81.196331046 40.002728799 0.000000000
POLYGON_POINT -81.196333782 40.002772636 0.000000000
POLYGON_POINT -81.196374913 40.002773039 0.000000000
POLYGON_POINT -81.196377749 40.002816568 0.000000000
POLYGON_POINT -81.196564034 40.002815888 4.000000000
POLYGON_POINT -81.196624959 40.002815665 0.000000000
POLYGON_POINT -81.196668621 40.002815506 0.000000000
END_WINDING
END_POLYGON
OBJECT 3 -81.195781650 40.003015023 93.730003
OBJECT 4 -81.195570460 40.002988548 292.959991
OBJECT 5 -81.190638166 40.003299121 355.190002
BEGIN_POLYGON 4 10 3
BEGIN_WINDING
POLYGON_POINT -81.195467767 40.002826178 0.000000000
POLYGON_POINT -81.195408285 40.002826904 0.000000000
POLYGON_POINT -81.195402717 40.002765784 3.000000000
POLYGON_POINT -81.195109722 40.002772665 0.000000000
POLYGON_POINT -81.195119577 40.002969345 0.000000000
POLYGON_POINT -81.195479272 40.002969752 0.000000000
END_WINDING
END_POLYGON
OBJECT 5 -81.196041486 40.002934289 268.149994
OBJECT 2 -81.190785388 40.003193851 356.130005
OBJECT 6 -81.176893100 40.005971767 0.000000
OBJECT 6 -81.181044421 40.002828017 44.997887
OBJECT 6 -81.181080106 40.002572872 0.000000
OBJECT 6 -81.181496428 40.002764231 90.000000
OBJECT 6 -81.181520217 40.002791568 0.000000
OBJECT 6 -81.181591587 40.003010264 0.000000
OBJECT 6 -81.181770010 40.003101387 90.000000
OBJECT 6 -81.181900854 40.002828017 51.338131
OBJECT 6 -81.182495599 40.002755119 74.053505
OBJECT 6 -81.182507494 40.002645771 0.000000
OBJECT 7 -81.180271253 40.002600209 270.000000
OBJECT 7 -81.179914406 40.003119612 0.000000
OBJECT 7 -81.179426715 40.003092275 0.000000
OBJECT 7 -81.180628100 40.003110499 90.000000
OBJECT 7 -81.180782733 40.003092275 0.000000
OBJECT 7 -81.182876236 40.003183398 0.000000
OBJECT 7 -81.182638338 40.002408851 270.000000
OBJECT 7 -81.182031698 40.003074050 0.000000
OBJECT 7 -81.181758115 40.003256296 249.442444
OBJECT 7 -81.182031698 40.003247184 0.000000
OBJECT 7 -81.182329071 40.002809793 296.566742
OBJECT 7 -81.182138752 40.002764231 315.002075
OBJECT 7 -81.181770010 40.002673108 0.000000
OBJECT 7 -81.181770010 40.002673108 0.000000
OBJECT 7 -81.181758115 40.002563760 0.000000
OBJECT 7 -81.183234344 40.002267153 0.000000
OBJECT 7 -81.183124204 40.002219693 0.000000
OBJECT 7 -81.195362459 40.000927200 0.000000
OBJECT 7 -81.195471013 40.000947989 0.000000
OBJECT 7 -81.195595851 40.001276460 171.250000
OBJECT 7 -81.195851622 40.001459158 0.000000
OBJECT 7 -81.203043850 40.002327724 0.000000
OBJECT 7 -81.203414956 40.002162692 0.000000
OBJECT 7 -81.203279898 40.002204077 0.000000
OBJECT 7 -81.203104322 40.002064404 0.000000
OBJECT 7 -81.203043546 40.001717810 0.000000
OBJECT 7 -81.202901735 40.001645388 0.000000
OBJECT 7 -81.203124581 40.001712637 120.959999
OBJECT 7 -81.203394698 40.001702291 0.000000
OBJECT 7 -81.205454295 40.001516062 0.000000
OBJECT 7 -81.205177429 40.001438466 0.000000
OBJECT 7 -81.205055878 40.001386736 278.130005
OBJECT 7 -81.204819530 40.001324659 284.040009
OBJECT 7 -81.204596687 40.001267756 270.000000
OBJECT 7 -81.204157755 40.001283275 270.000000
OBJECT 7 -81.203759339 40.001226371 282.529999
OBJECT 7 -81.203543249 40.001200506 275.190002
OBJECT 7 -81.203367676 40.001200506 0.000000
OBJECT 7 -81.203097564 40.001143603 0.000000
OBJECT 7 -81.192101561 40.003599171 270.000000
OBJECT 7 -81.191879018 40.003665697 0.000000
OBJECT 7 -81.191784030 40.003730144 0.000000
OBJECT 7 -81.195341987 40.003299805 0.000000
OBJECT 7 -81.192530357 40.003619961 270.000000
OBJECT 7 -81.192391946 40.003476515 296.570007
OBJECT 7 -81.191550628 40.003807065 30.959999
OBJECT 7 -81.192562922 40.003505620 281.510010
OBJECT 7 -81.191781310 40.003838248 0.000000
OBJECT 7 -81.191433928 40.003609566 0.000000
OBJECT 7 -81.192804466 40.003611645 0.000000
OBJECT 7 -81.191292807 40.003617882 83.480003
OBJECT 7 -81.191504494 40.003561751 64.980003
OBJECT 7 -81.191651047 40.003511856 72.650002
OBJECT 7 -81.191984861 40.003482751 109.980003
OBJECT 7 -81.192128703 40.003449488 0.000000
OBJECT 7 -81.192343102 40.003360094 0.000000
OBJECT 7 -81.192937451 40.003432857 100.309998
OBJECT 7 -81.192736621 40.003437015 270.000000
OBJECT 7 -81.192644348 40.003326832 0.000000
OBJECT 7 -81.192807183 40.003262385 91.970001
OBJECT 7 -81.193032439 40.003264464 100.010002
OBJECT 7 -81.193059578 40.003374647 182.199997
OBJECT 7 -81.193121998 40.003522251 26.559999
OBJECT 7 -81.193211558 40.003428699 29.049999
OBJECT 7 -81.193252267 40.003266543 14.040000
OBJECT 7 -81.193260408 40.003206254 0.000000
OBJECT 7 -81.193442241 40.003202096 0.000000
OBJECT 7 -81.193583365 40.003251990 90.000000
OBJECT 7 -81.193651213 40.003200017 0.000000
OBJECT 7 -81.193857471 40.003264464 0.000000
OBJECT 7 -81.193987739 40.003177149 0.000000
OBJECT 7 -81.194242848 40.003179227 120.959999
OBJECT 7 -81.194196712 40.003247832 0.000000
OBJECT 7 -81.194063729 40.003202096 270.000000
OBJECT 7 -81.194639081 40.003166754 0.000000
OBJECT 7 -81.194492529 40.003247832 0.000000
OBJECT 7 -81.194421967 40.003162596 66.800003
OBJECT 7 -81.194769349 40.003150122 102.529999
OBJECT 7 -81.194829055 40.003220806 198.429993
OBJECT 7 -81.194668934 40.003339305 231.339996
OBJECT 7 -81.194598372 40.003382963 210.960007
OBJECT 7 -81.194546808 40.003439094 219.800003
OBJECT 7 -81.194788347 40.003486909 0.000000
OBJECT 7 -81.194723212 40.003430778 0.000000
OBJECT 7 -81.194850767 40.003343463 36.869999
OBJECT 7 -81.194986463 40.003310200 0.000000
OBJECT 7 -81.194934898 40.003424541 0.000000
OBJECT 7 -81.195040741 40.003665697 0.000000
OBJECT 7 -81.194910473 40.003561751 0.000000
OBJECT 7 -81.195000032 40.003191701 0.000000
OBJECT 7 -81.195214432 40.003231201 0.000000
OBJECT 7 -81.195260569 40.003231201 0.000000
OBJECT 7 -81.197027331 40.002900651 0.000000
OBJECT 7 -81.197144030 40.002832046 0.000000
OBJECT 7 -81.196821073 40.002994203 180.000000
OBJECT 7 -81.196636527 40.003081518 0.000000
OBJECT 7 -81.197875455 40.002918280 0.000000
OBJECT 7 -81.197954240 40.002926902 0.000000
OBJECT 7 -81.198033024 40.002935524 90.000000
OBJECT 7 -81.198094926 40.002879482 0.000000
OBJECT 7 -81.182424230 40.003046713 0.000000
OBJECT 7 -81.182400440 40.003210735 0.000000
OBJECT 7 -81.182840552 40.003010264 0.000000
OBJECT 7 -81.182900026 40.002609322 90.000000
OBJECT 7 -81.182293386 40.002545536 0.000000
OBJECT 7 -81.181722431 40.003110499 0.000000
OBJECT 7 -81.179843036 40.002673108 0.000000
OBJECT 7 -81.179795457 40.002992039 123.692085
OBJECT 7 -81.180413991 40.003055825 101.310783
OBJECT 7 -81.180604310 40.002581985 0.000000
OBJECT 7 -81.180544835 40.002928253 0.000000
OBJECT 7 -81.180473466 40.002764231 0.000000
OBJECT 7 -81.180889788 40.002645771 0.000000
OBJECT 7 -81.181163370 40.002654883 0.000000
OBJECT 7 -81.180949262 40.002910028 129.807678
OBJECT 7 -81.181294214 40.003055825 116.566818
OBJECT 7 -81.182269596 40.003092275 90.000000
OBJECT 7 -81.182626443 40.002964702 69.442528
OBJECT 7 -81.182840552 40.002673108 18.433720
OBJECT 6 -81.182852446 40.003028488 0.000000
OBJECT 6 -81.182269596 40.002663996 0.000000
OBJECT 6 -81.181984119 40.002536423 270.000000
OBJECT 6 -81.181472638 40.002691333 270.000000
OBJECT 6 -81.180842208 40.002609322 0.000000
OBJECT 6 -81.179640823 40.002736894 270.000000
OBJECT 6 -81.179557558 40.003001151 0.000000
OBJECT 6 -81.180176093 40.002964702 0.000000
OBJECT 6 -81.180865998 40.002882691 55.302845
OBJECT 6 -81.181900854 40.002764231 90.000000
OBJECT 6 -81.181936539 40.002791568 0.000000
OBJECT 6 -81.181853275 40.002928253 0.000000
OBJECT 6 -81.181662956 40.002855354 270.000000
OBJECT 6 -81.181341794 40.002873579 135.002136
OBJECT 6 -81.181579692 40.003201622 158.200150
OBJECT 6 -81.181532112 40.003165173 0.000000
OBJECT 6 -81.180187988 40.002809793 288.436218
OBJECT 6 -81.180104724 40.002572872 0.000000
OBJECT 6 -81.180973052 40.002499974 93.900764
OBJECT 6 -81.181698641 40.002427075 74.053574
OBJECT 6 -81.182614548 40.002554648 108.436150
OBJECT 6 -81.182602653 40.002828017 165.964752
OBJECT 6 -81.182662128 40.003055825 140.196609
OBJECT 6 -81.182662128 40.003238072 0.000000
OBJECT 6 -81.182317176 40.003101387 0.000000
OBJECT 6 -81.182448020 40.002910028 0.000000
FILTER -1
OBJECT_DEF lib/airport/Common_Elements/Fueling_Stations/Small_Fuel_Station.obj
OBJECT_DEF lib/airport/aircraft/general_aviation/prop_a.obj
OBJECT_DEF lib/g10/US/industrial/light/TinShed10x30Dk.obj
OBJECT_DEF lib/g10/US/industrial/light/TinShed10x30Lt.obj
OBJECT_DEF lib/airport/Common_Elements/Miscellaneous/Sm_Propane_Tank.obj
OBJECT_DEF lib/airport/Common_Elements/Hangars/Sm_Gray_Hangar.agp
OBJECT_DEF lib/g10/forests/autogen_tree3.obj
OBJECT_DEF lib/g10/forests/autogen_tree4.obj
POLYGON_DEF lib/airport/pavement/asphalt_2L.pol
POLYGON_DEF lib/g8/broad_tmp_wet.for
POLYGON_DEF lib/airport/Common_Elements/Fence_Facades/Fence.fac
POLYGON_DEF lib/airport/Modern_Airports/Terminal_kit/term_building_Ground_02.fac
POLYGON_DEF lib/airport/Common_Elements/Misc_Buildings/White_Warehouse.fac
PROPERTY sim/filter/aptid 6G5
PROPERTY sim/exclude_obj -81.190797/40.001297/-81.182126/40.003952
PROPERTY sim/exclude_fac -81.190797/40.001297/-81.182126/40.003952
PROPERTY sim/exclude_for -81.190797/40.001297/-81.182126/40.003952
PROPERTY sim/exclude_bch -81.190797/40.001297/-81.182126/40.003952
PROPERTY sim/exclude_lin -81.190797/40.001297/-81.182126/40.003952
PROPERTY sim/exclude_pol -81.190797/40.001297/-81.182126/40.003952
PROPERTY sim/exclude_str -81.190797/40.001297/-81.182126/40.003952
PROPERTY sim/exclude_obj -81.201152/40.001096/-81.190392/40.004053
PROPERTY sim/exclude_fac -81.201152/40.001096/-81.190392/40.004053
PROPERTY sim/exclude_for -81.201152/40.001096/-81.190392/40.004053
PROPERTY sim/exclude_bch -81.201152/40.001096/-81.190392/40.004053
PROPERTY sim/exclude_lin -81.201152/40.001096/-81.190392/40.004053
PROPERTY sim/exclude_pol -81.201152/40.001096/-81.190392/40.004053
PROPERTY sim/exclude_str -81.201152/40.001096/-81.190392/40.004053
PROPERTY sim/exclude_net -81.200107/40.000882/-81.199430/40.001349
PROPERTY sim/exclude_net -81.201145/40.001174/-81.196408/40.003071
PROPERTY sim/exclude_net -81.198423/40.002743/-81.189962/40.003692
PROPERTY sim/exclude_for -81.205681/40.001206/-81.201052/40.003375
PROPERTY sim/require_agpoint 1/0
PROPERTY sim/require_object 1/0
PROPERTY sim/require_facade 1/2
PROPERTY sim/require_facade 6/0
