PROPERTY sim/west -180
PROPERTY sim/east 180
PROPERTY sim/north 90
PROPERTY sim/south -90
PROPERTY sim/planet earth
PROPERTY sim/creation_agent WorldEditor2.1.0r1
PROPERTY laminar/internal_revision 0
PROPERTY sim/overlay 1
FILTER 0
FILTER -1
FILTER 0
FILTER -1
FILTER 0
FILTER -1
FILTER 0
FILTER -1
FILTER 0
FILTER -1
FILTER 0
BEGIN_POLYGON 0 10 3
BEGIN_WINDING
POLYGON_POINT -98.203128808 27.103020483 0.000000000
POLYGON_POINT -98.202948949 27.102915219 0.000000000
POLYGON_POINT -98.202690654 27.102764048 0.000000000
END_WINDING
END_POLYGON
BEGIN_POLYGON 0 10 3
BEGIN_WINDING
POLYGON_POINT -98.202690654 27.102764048 0.000000000
POLYGON_POINT -98.202757002 27.102674214 0.000000000
POLYGON_POINT -98.203195155 27.102930649 0.000000000
POLYGON_POINT -98.203128808 27.103020483 0.000000000
END_WINDING
END_POLYGON
OBJECT 0 -98.203066385 27.102890034 121.000000
OBJECT 0 -98.203111923 27.102915333 121.000000
OBJECT 1 -98.203043290 27.103006432 228.809998
OBJECT 1 -98.202939111 27.102924711 90.000000
OBJECT 1 -98.202909198 27.102915529 90.000000
OBJECT 1 -98.202838025 27.102866863 88.150002
OBJECT 1 -98.202643075 27.102790651 234.460007
OBJECT 1 -98.202643075 27.102764941 54.090000
OBJECT 1 -98.203362135 27.103093318 220.100006
OBJECT 1 -98.203375544 27.103108928 90.000000
OBJECT 2 -98.200972711 27.103430255 0.000000
OBJECT 3 -98.203371250 27.103052826 0.000000
OBJECT 3 -98.203380951 27.103045227 0.000000
OBJECT 3 -98.203379010 27.103058352 0.000000
OBJECT 4 -98.202547164 27.102805017 303.970001
OBJECT 5 -98.208805065 27.105999037 0.000000
OBJECT 5 -98.208751113 27.105942535 0.000000
OBJECT 6 -98.208847909 27.105977848 0.000000
OBJECT 6 -98.208743179 27.106031525 0.000000
OBJECT 6 -98.208676532 27.105958073 0.000000
OBJECT 5 -98.209455451 27.106801454 0.000000
OBJECT 5 -98.209516386 27.106855696 0.000000
OBJECT 5 -98.210354237 27.107135379 0.000000
OBJECT 5 -98.210257122 27.107074357 0.000000
OBJECT 5 -98.209994342 27.107060797 0.000000
OBJECT 5 -98.209937215 27.107206571 0.000000
OBJECT 5 -98.210021000 27.107245558 0.000000
OBJECT 5 -98.210163816 27.107332005 0.000000
OBJECT 5 -98.210268547 27.107343871 0.000000
OBJECT 5 -98.210287589 27.107413368 0.000000
OBJECT 5 -98.210401842 27.107464219 0.000000
OBJECT 5 -98.210498956 27.107415063 0.000000
OBJECT 5 -98.210466585 27.107337090 0.000000
OBJECT 5 -98.210485627 27.107145550 0.000000
OBJECT 5 -98.210523711 27.107250643 0.000000
OBJECT 5 -98.210588454 27.107340481 0.000000
OBJECT 5 -98.210655101 27.107276069 0.000000
OBJECT 5 -98.210679856 27.107347261 180.000000
OBJECT 5 -98.210578933 27.107418453 0.000000
OBJECT 5 -98.210537041 27.107513376 0.000000
OBJECT 7 -98.210784587 27.107264203 0.000000
OBJECT 7 -98.210708419 27.107226912 0.000000
OBJECT 7 -98.210582742 27.107187926 0.000000
OBJECT 7 -98.210434213 27.107135379 270.000000
OBJECT 7 -98.210340907 27.107070967 0.000000
OBJECT 7 -98.210226655 27.107021811 0.000000
OBJECT 7 -98.210118115 27.106955704 0.000000
OBJECT 7 -98.210055276 27.106989605 0.000000
OBJECT 7 -98.209921982 27.107113344 0.000000
OBJECT 7 -98.209889610 27.107216742 0.000000
OBJECT 7 -98.209979108 27.107323530 0.000000
OBJECT 7 -98.210072414 27.107306580 0.000000
OBJECT 7 -98.210213325 27.107426928 0.000000
OBJECT 7 -98.210188571 27.107513376 90.000000
OBJECT 7 -98.210278068 27.107479475 90.000000
OBJECT 7 -98.210375183 27.107513376 0.000000
OBJECT 7 -98.210466585 27.107513376 0.000000
OBJECT 7 -98.210594167 27.107499815 63.430000
OBJECT 7 -98.210735078 27.107381162 0.000000
OBJECT 6 -98.210778875 27.107338786 0.000000
OBJECT 6 -98.210677952 27.107438794 0.000000
OBJECT 6 -98.210666527 27.107525241 0.000000
OBJECT 6 -98.209952449 27.107001470 0.000000
OBJECT 6 -98.209866760 27.107045542 0.000000
OBJECT 6 -98.209826771 27.107160805 0.000000
OBJECT 6 -98.209908652 27.107276069 0.000000
OBJECT 6 -98.210053372 27.107348956 0.000000
OBJECT 6 -98.210068606 27.107155720 0.000000
OBJECT 6 -98.210144774 27.107028591 0.000000
OBJECT 6 -98.210259026 27.107137074 120.959999
OBJECT 6 -98.210441830 27.107226912 0.000000
OBJECT 6 -98.210367566 27.107321835 0.000000
OBJECT 6 -98.210156199 27.107377772 0.000000
OBJECT 6 -98.210156199 27.107465914 90.000000
OBJECT 6 -98.210234272 27.107565922 0.000000
OBJECT 6 -98.210346620 27.107540497 0.000000
OBJECT 6 -98.210489435 27.107579483 0.000000
OBJECT 6 -98.210586550 27.107596433 0.000000
OBJECT 5 -98.209604692 27.107719768 0.000000
OBJECT 5 -98.209583746 27.107768925 0.000000
OBJECT 5 -98.209461876 27.107709598 0.000000
OBJECT 5 -98.209292402 27.107518057 0.000000
OBJECT 5 -98.209347624 27.107573994 0.000000
OBJECT 7 -98.209214329 27.107489241 0.000000
OBJECT 7 -98.209200999 27.107411269 0.000000
OBJECT 7 -98.209256222 27.107382453 0.000000
OBJECT 7 -98.209338103 27.107470595 0.000000
OBJECT 7 -98.209475206 27.107565518 0.000000
OBJECT 7 -98.209536140 27.107645186 0.000000
OBJECT 7 -98.209539949 27.107711293 0.000000
OBJECT 7 -98.209791304 27.107823166 0.000000
OBJECT 7 -98.209764645 27.107740109 0.000000
OBJECT 6 -98.209411277 27.107656079 0.000000
OBJECT 6 -98.209292822 27.107563287 0.000000
OBJECT 6 -98.209150676 27.107457841 0.000000
OBJECT 6 -98.209264393 27.107432534 0.000000
OBJECT 6 -98.209425492 27.107500019 0.000000
OBJECT 6 -98.209453921 27.107613901 0.000000
OBJECT 6 -98.209633973 27.107651861 0.000000
OBJECT 6 -98.209652926 27.107748871 0.000000
OBJECT 6 -98.209814025 27.107748871 0.000000
OBJECT 5 -98.208786010 27.107317735 0.000000
OBJECT 5 -98.208742137 27.107259154 0.000000
OBJECT 5 -98.208827140 27.107266477 0.000000
OBJECT 5 -98.208843592 27.107351907 0.000000
OBJECT 7 -98.208796978 27.107381198 0.000000
OBJECT 7 -98.208717458 27.107351907 0.000000
OBJECT 7 -98.208687296 27.107273799 0.000000
OBJECT 7 -98.208676328 27.107210336 0.000000
OBJECT 7 -98.208832624 27.107161519 0.000000
OBJECT 6 -98.208643423 27.107325058 0.000000
OBJECT 6 -98.208690038 27.107381198 0.000000
OBJECT 6 -98.208791494 27.107437338 180.000000
OBJECT 6 -98.208892949 27.107405606 90.000000
OBJECT 6 -98.208901175 27.107315294 0.000000
OBJECT 6 -98.208868271 27.107207896 0.000000
OBJECT 6 -98.208750363 27.107190809 0.000000
OBJECT 5 -98.205846620 27.106439939 0.000000
OBJECT 5 -98.205832406 27.106617088 0.000000
OBJECT 5 -98.205898740 27.106705662 180.000000
OBJECT 5 -98.206069315 27.106570692 0.000000
OBJECT 5 -98.206002980 27.106595999 0.000000
OBJECT 5 -98.205931907 27.106562256 0.000000
OBJECT 5 -98.206173555 27.106663484 0.000000
OBJECT 5 -98.206273056 27.106600216 0.000000
OBJECT 5 -98.206263580 27.106730969 0.000000
OBJECT 5 -98.206358344 27.106823762 0.000000
OBJECT 5 -98.206367820 27.106975603 0.000000
OBJECT 5 -98.206424678 27.106895465 270.000000
OBJECT 5 -98.206410464 27.106646613 0.000000
OBJECT 5 -98.206419940 27.106756276 0.000000
OBJECT 5 -98.207230169 27.106693009 0.000000
OBJECT 5 -98.207296503 27.106773148 0.000000
OBJECT 5 -98.207329671 27.106633959 0.000000
OBJECT 5 -98.207372314 27.106730969 0.000000
OBJECT 5 -98.207197002 27.106840633 0.000000
OBJECT 5 -98.207225431 27.106802672 0.000000
OBJECT 5 -98.207059594 27.106794237 0.000000
OBJECT 5 -98.207035904 27.106718316 0.000000
OBJECT 5 -98.207106976 27.106629741 0.000000
OBJECT 5 -98.207244383 27.106612870 0.000000
OBJECT 5 -98.207211216 27.106465246 0.000000
OBJECT 5 -98.207514460 27.106747841 0.000000
OBJECT 5 -98.207462340 27.106667702 270.000000
OBJECT 5 -98.207419696 27.106583345 0.000000
OBJECT 7 -98.206348867 27.106659266 0.000000
OBJECT 7 -98.205898740 27.106579127 0.000000
OBJECT 7 -98.205841882 27.106676137 0.000000
OBJECT 7 -98.205912955 27.106452592 0.000000
OBJECT 7 -98.206244627 27.106515860 90.000000
OBJECT 7 -98.206462584 27.106832197 0.000000
OBJECT 7 -98.206472060 27.106629741 0.000000
OBJECT 7 -98.206931664 27.106629741 0.000000
OBJECT 7 -98.206926925 27.106532731 0.000000
OBJECT 7 -98.207088024 27.106532731 0.000000
OBJECT 7 -98.207130667 27.106427285 0.000000
OBJECT 7 -98.207277551 27.106461028 0.000000
OBJECT 7 -98.207557103 27.106604434 0.000000
OBJECT 7 -98.207604485 27.106646613 0.000000
OBJECT 7 -98.207528674 27.106781583 0.000000
OBJECT 7 -98.207391267 27.106840633 0.000000
OBJECT 7 -98.207301242 27.106865940 0.000000
OBJECT 6 -98.205657093 27.107030435 0.000000
OBJECT 6 -98.205766071 27.106962950 90.000000
OBJECT 6 -98.205827667 27.106870158 26.559999
OBJECT 6 -98.205860835 27.106747841 45.000000
OBJECT 6 -98.205789762 27.106650830 0.000000
OBJECT 6 -98.205813453 27.106536949 0.000000
OBJECT 6 -98.205889264 27.106347147 0.000000
OBJECT 6 -98.206012456 27.106376671 0.000000
OBJECT 6 -98.205993504 27.106490553 0.000000
OBJECT 6 -98.206059838 27.106591781 0.000000
OBJECT 6 -98.206187769 27.106604434 0.000000
OBJECT 6 -98.206320438 27.106498989 0.000000
OBJECT 6 -98.206377296 27.106528513 0.000000
OBJECT 6 -98.206448369 27.106697227 0.000000
OBJECT 6 -98.206495751 27.106853286 90.000000
OBJECT 6 -98.207448125 27.106798455 0.000000
OBJECT 6 -98.207187525 27.106924990 0.000000
OBJECT 6 -98.207149620 27.106722534 0.000000
OBJECT 6 -98.206893758 27.106532731 0.000000
OBJECT 6 -98.207002736 27.106473682 0.000000
OBJECT 6 -98.207230169 27.106368236 0.000000
OBJECT 6 -98.207353362 27.106418850 0.000000
OBJECT 6 -98.207476554 27.106562256 0.000000
OBJECT 6 -98.207623438 27.106756276 0.000000
OBJECT 7 -98.195947093 27.101314996 0.000000
OBJECT 7 -98.195988983 27.101377713 180.000000
OBJECT 7 -98.195918531 27.101387883 270.000000
OBJECT 7 -98.195889969 27.101286180 0.000000
OBJECT 7 -98.195859504 27.101184477 0.000000
OBJECT 7 -98.195838559 27.101238718 0.000000
OBJECT 5 -98.195808093 27.101142101 0.000000
OBJECT 5 -98.195916627 27.101111590 0.000000
OBJECT 5 -98.196002312 27.101247194 0.000000
OBJECT 5 -98.196038490 27.101325166 0.000000
OBJECT 6 -98.195939476 27.101426869 0.000000
OBJECT 6 -98.196049914 27.101403139 0.000000
OBJECT 6 -98.195933764 27.101201427 0.000000
OBJECT 6 -98.195834750 27.101070908 0.000000
OBJECT 6 -98.200637394 27.099924684 0.000000
OBJECT 6 -98.200606928 27.099885698 270.000000
OBJECT 6 -98.200515532 27.099933160 0.000000
OBJECT 6 -98.200608832 27.100012827 0.000000
OBJECT 6 -98.200768776 27.100228099 0.000000
OBJECT 6 -98.200875405 27.100290816 0.000000
OBJECT 6 -98.200881118 27.100207758 0.000000
OBJECT 6 -98.200940144 27.100092495 90.000000
OBJECT 6 -98.200841132 27.100011132 90.000000
OBJECT 6 -98.201004884 27.100060289 90.000000
OBJECT 6 -98.201086759 27.100129786 0.000000
OBJECT 6 -98.201023924 27.100194198 0.000000
OBJECT 6 -98.201715325 27.100683574 0.000000
OBJECT 6 -98.201713421 27.100573396 0.000000
OBJECT 6 -98.201764831 27.100619162 0.000000
OBJECT 6 -98.201816242 27.100668319 0.000000
OBJECT 6 -98.202086624 27.100741206 0.000000
OBJECT 6 -98.202090432 27.100815788 270.000000
OBJECT 6 -98.201911447 27.101075131 0.000000
OBJECT 6 -98.201861940 27.101093777 0.000000
OBJECT 6 -98.201829571 27.101034450 0.000000
OBJECT 6 -98.201818146 27.100927662 0.000000
OBJECT 6 -98.201901926 27.100976818 90.000000
OBJECT 5 -98.197812990 27.098925642 0.000000
OBJECT 5 -98.198324448 27.099455667 0.000000
OBJECT 5 -98.198397564 27.099825866 0.000000
OBJECT 5 -98.198399849 27.099614323 0.000000
OBJECT 5 -98.198525518 27.099577710 0.000000
OBJECT 5 -98.198495814 27.099469905 0.000000
OBJECT 5 -98.198399849 27.099534995 0.000000
OBJECT 5 -98.198351866 27.099669243 180.000000
OBJECT 5 -98.198299314 27.099768912 0.000000
OBJECT 5 -98.198233052 27.099874683 0.000000
OBJECT 5 -98.198249046 27.099766878 0.000000
OBJECT 5 -98.198249046 27.099555336 0.000000
OBJECT 5 -98.198260471 27.099642800 0.000000
OBJECT 5 -98.198159936 27.099716027 0.000000
OBJECT 5 -98.198162221 27.099785185 0.000000
OBJECT 5 -98.198189639 27.099901126 0.000000
OBJECT 5 -98.198123378 27.099882820 0.000000
OBJECT 5 -98.198178215 27.099982489 0.000000
OBJECT 5 -98.198308454 27.099919433 0.000000
OBJECT 5 -98.198342727 27.099838070 0.000000
OBJECT 5 -98.198424983 27.099736367 0.000000
OBJECT 5 -98.198484390 27.099618392 0.000000
OBJECT 5 -98.198614629 27.099553302 0.000000
OBJECT 5 -98.198589495 27.099459735 0.000000
OBJECT 5 -98.198683175 27.099376338 0.000000
OBJECT 5 -98.198747152 27.099390577 0.000000
OBJECT 5 -98.198715164 27.099476007 0.000000
OBJECT 6 -98.198504954 27.099650937 0.000000
OBJECT 6 -98.198498099 27.099821798 0.000000
OBJECT 6 -98.198418128 27.099890956 0.000000
OBJECT 6 -98.198292459 27.099962148 0.000000
OBJECT 6 -98.198166790 27.100057749 0.000000
OBJECT 6 -98.198054831 27.099935705 0.000000
OBJECT 6 -98.198041122 27.099779082 0.000000
OBJECT 6 -98.198041122 27.099648902 0.000000
OBJECT 6 -98.198162221 27.099577710 0.000000
OBJECT 6 -98.198317593 27.099534995 0.000000
OBJECT 6 -98.198429553 27.099435326 0.000000
OBJECT 6 -98.198589495 27.099374304 0.000000
OBJECT 6 -98.198827123 27.099358032 0.000000
OBJECT 6 -98.198735728 27.099288873 0.000000
OBJECT 6 -98.198824838 27.099443462 0.000000
OBJECT 6 -98.198774571 27.099510586 0.000000
OBJECT 7 -98.198111953 27.100092328 0.000000
OBJECT 7 -98.198018273 27.100002829 0.000000
OBJECT 7 -98.197968005 27.099907228 0.000000
OBJECT 7 -98.197983999 27.099762810 0.000000
OBJECT 7 -98.197972575 27.099624494 0.000000
OBJECT 7 -98.198038837 27.099528893 0.000000
OBJECT 7 -98.198185070 27.099522791 0.000000
OBJECT 7 -98.198315308 27.099396679 0.000000
OBJECT 7 -98.198525518 27.099321418 0.000000
OBJECT 7 -98.198676320 27.099262431 0.000000
OBJECT 7 -98.198829408 27.099272601 0.000000
OBJECT 7 -98.198907094 27.099358032 0.000000
OBJECT 7 -98.198868251 27.099520757 0.000000
OBJECT 7 -98.198710594 27.099579744 0.000000
OBJECT 7 -98.198582640 27.099657039 0.000000
OBJECT 7 -98.198564361 27.099801457 0.000000
OBJECT 7 -98.198468396 27.099917399 180.000000
OBJECT 7 -98.198338157 27.100002829 0.000000
OBJECT 6 -98.198057116 27.100057749 0.000000
OBJECT 6 -98.197972575 27.099958080 0.000000
OBJECT 6 -98.197968005 27.099842138 0.000000
OBJECT 6 -98.197963435 27.099687550 0.000000
OBJECT 6 -98.197983999 27.099545165 0.000000
OBJECT 6 -98.198107383 27.099498382 0.000000
OBJECT 6 -98.198251331 27.099467871 0.000000
OBJECT 6 -98.198356436 27.099309214 0.000000
OBJECT 6 -98.198418128 27.099337691 0.000000
OBJECT 6 -98.198607774 27.099288873 0.000000
OBJECT 6 -98.198767716 27.099211579 0.000000
OBJECT 6 -98.198886530 27.099303112 0.000000
OBJECT 6 -98.198916234 27.099423122 0.000000
OBJECT 6 -98.198792850 27.099579744 0.000000
OBJECT 6 -98.198621483 27.099602119 0.000000
OBJECT 6 -98.198562076 27.099726197 0.000000
OBJECT 6 -98.198546082 27.099874683 0.000000
OBJECT 6 -98.198420413 27.099976387 0.000000
OBJECT 6 -98.198283320 27.100059783 0.000000
OBJECT 6 -98.198194209 27.100124873 0.000000
OBJECT 5 -98.198782569 27.100321917 0.000000
OBJECT 5 -98.198766118 27.100363411 0.000000
OBJECT 5 -98.198867567 27.100312153 0.000000
OBJECT 5 -98.198815472 27.100373175 0.000000
OBJECT 5 -98.198746925 27.100426874 0.000000
OBJECT 5 -98.198667411 27.100378057 0.000000
OBJECT 5 -98.198554994 27.100358530 0.000000
OBJECT 5 -98.198609831 27.100280422 0.000000
OBJECT 5 -98.198719506 27.100287744 0.000000
OBJECT 5 -98.198804504 27.100248690 0.000000
OBJECT 5 -98.198884019 27.100238927 0.000000
OBJECT 7 -98.198574187 27.100214518 0.000000
OBJECT 7 -98.198513866 27.100221841 0.000000
OBJECT 7 -98.198497414 27.100282863 0.000000
OBJECT 7 -98.198491931 27.100370734 0.000000
OBJECT 7 -98.198568703 27.100400025 0.000000
OBJECT 7 -98.198653701 27.100424433 90.000000
OBJECT 7 -98.198763376 27.100475692 90.000000
OBJECT 7 -98.198856600 27.100443960 0.000000
OBJECT 7 -98.198892244 27.100360971 0.000000
OBJECT 7 -98.198949823 27.100273099 0.000000
OBJECT 7 -98.198936114 27.100177905 0.000000
OBJECT 6 -98.199018370 27.100204755 0.000000
OBJECT 6 -98.198979984 27.100339003 0.000000
OBJECT 6 -98.198925147 27.100480573 180.000000
OBJECT 6 -98.198700313 27.100504982 0.000000
OBJECT 6 -98.198516608 27.100461046 0.000000
OBJECT 6 -98.198415158 27.100299949 0.000000
OBJECT 6 -98.198667411 27.100216959 0.000000
OBJECT 6 -98.198837407 27.100170582 0.000000
OBJECT 5 -98.198763376 27.100197432 0.000000
OBJECT 5 -98.198919663 27.100116883 0.000000
OBJECT 5 -98.199048531 27.100253572 0.000000
OBJECT 5 -98.198969017 27.100414670 0.000000
OBJECT 5 -98.198831923 27.100536714 0.000000
OBJECT 5 -98.198615315 27.100473251 0.000000
OBJECT 5 -98.198420642 27.100424433 0.000000
OBJECT 5 -98.198426126 27.100219400 0.000000
OBJECT 5 -98.200979588 27.103360628 0.000000
OBJECT 5 -98.200911040 27.103372833 0.000000
OBJECT 5 -98.200680716 27.103238585 0.000000
OBJECT 5 -98.200576521 27.103431414 0.000000
OBJECT 5 -98.200313294 27.103324015 0.000000
OBJECT 5 -98.200420230 27.103531490 0.000000
OBJECT 5 -98.200381843 27.103443618 0.000000
OBJECT 5 -98.200431198 27.103780459 0.000000
OBJECT 5 -98.200343456 27.103685265 0.000000
OBJECT 5 -98.200381843 27.103594952 0.000000
OBJECT 6 -98.200359907 27.103780459 0.000000
OBJECT 6 -98.200494263 27.103836599 0.000000
OBJECT 6 -98.200409262 27.103687706 0.000000
OBJECT 6 -98.200486037 27.103472909 0.000000
OBJECT 6 -98.200324262 27.103533931 0.000000
OBJECT 6 -98.200280391 27.103387478 0.000000
OBJECT 6 -98.200472327 27.103377715 0.000000
OBJECT 6 -98.200732813 27.103292284 0.000000
OBJECT 6 -98.200730071 27.103189767 0.000000
OBJECT 6 -98.200935717 27.103306929 0.000000
FILTER -1
OBJECT_DEF lib/airport/European_Airports/silos/16m_tan_white.obj
OBJECT_DEF lib/airport/Ramp_Equipment/Chocks_2.obj
OBJECT_DEF lib/g10/US/industrial/light/MineralsPile.obj
OBJECT_DEF lib/industrial_area/goods/barrel_01.obj
OBJECT_DEF lib/cars/car.obj
OBJECT_DEF lib/g10/forests/autogen_tree4.obj
OBJECT_DEF lib/g10/forests/autogen_tree2.obj
OBJECT_DEF lib/g10/forests/autogen_tree3.obj
POLYGON_DEF lib/airport/Common_Elements/Fence_Facades/Fence.fac
PROPERTY sim/filter/aptid 7TE2
PROPERTY sim/exclude_obj -98.197401/27.098327/-98.193227/27.102359
PROPERTY sim/exclude_fac -98.197401/27.098327/-98.193227/27.102359
PROPERTY sim/exclude_for -98.197401/27.098327/-98.193227/27.102359
PROPERTY sim/exclude_bch -98.197401/27.098327/-98.193227/27.102359
PROPERTY sim/exclude_net -98.197401/27.098327/-98.193227/27.102359
PROPERTY sim/exclude_lin -98.197401/27.098327/-98.193227/27.102359
PROPERTY sim/exclude_pol -98.197401/27.098327/-98.193227/27.102359
PROPERTY sim/exclude_str -98.197401/27.098327/-98.193227/27.102359
PROPERTY sim/exclude_obj -98.202512/27.098237/-98.197199/27.103936
PROPERTY sim/exclude_fac -98.202512/27.098237/-98.197199/27.103936
PROPERTY sim/exclude_for -98.202512/27.098237/-98.197199/27.103936
PROPERTY sim/exclude_bch -98.202512/27.098237/-98.197199/27.103936
PROPERTY sim/exclude_net -98.202512/27.098237/-98.197199/27.103936
PROPERTY sim/exclude_lin -98.202512/27.098237/-98.197199/27.103936
PROPERTY sim/exclude_pol -98.202512/27.098237/-98.197199/27.103936
PROPERTY sim/exclude_str -98.202512/27.098237/-98.197199/27.103936
PROPERTY sim/exclude_obj -98.205219/27.102044/-98.201045/27.106076
PROPERTY sim/exclude_fac -98.205219/27.102044/-98.201045/27.106076
PROPERTY sim/exclude_for -98.205219/27.102044/-98.201045/27.106076
PROPERTY sim/exclude_bch -98.205219/27.102044/-98.201045/27.106076
PROPERTY sim/exclude_net -98.205219/27.102044/-98.201045/27.106076
PROPERTY sim/exclude_lin -98.205219/27.102044/-98.201045/27.106076
PROPERTY sim/exclude_pol -98.205219/27.102044/-98.201045/27.106076
PROPERTY sim/exclude_str -98.205219/27.102044/-98.201045/27.106076
PROPERTY sim/exclude_obj -98.209115/27.104251/-98.204941/27.108283
PROPERTY sim/exclude_fac -98.209115/27.104251/-98.204941/27.108283
PROPERTY sim/exclude_for -98.209115/27.104251/-98.204941/27.108283
PROPERTY sim/exclude_bch -98.209115/27.104251/-98.204941/27.108283
PROPERTY sim/exclude_net -98.209115/27.104251/-98.204941/27.108283
PROPERTY sim/exclude_lin -98.209115/27.104251/-98.204941/27.108283
PROPERTY sim/exclude_pol -98.209115/27.104251/-98.204941/27.108283
PROPERTY sim/exclude_str -98.209115/27.104251/-98.204941/27.108283
PROPERTY sim/exclude_obj -98.212986/27.106256/-98.208812/27.110288
PROPERTY sim/exclude_fac -98.212986/27.106256/-98.208812/27.110288
PROPERTY sim/exclude_for -98.212986/27.106256/-98.208812/27.110288
PROPERTY sim/exclude_bch -98.212986/27.106256/-98.208812/27.110288
PROPERTY sim/exclude_net -98.212986/27.106256/-98.208812/27.110288
PROPERTY sim/exclude_lin -98.212986/27.106256/-98.208812/27.110288
PROPERTY sim/exclude_pol -98.212986/27.106256/-98.208812/27.110288
PROPERTY sim/exclude_str -98.212986/27.106256/-98.208812/27.110288
PROPERTY sim/require_agpoint 1/0
PROPERTY sim/require_object 1/0
PROPERTY sim/require_facade 1/0
