PROPERTY sim/west -180
PROPERTY sim/east 180
PROPERTY sim/north 90
PROPERTY sim/south -90
PROPERTY sim/planet earth
PROPERTY sim/creation_agent WorldEditor1.6.1r1
PROPERTY laminar/internal_revision 0
PROPERTY sim/overlay 1
FILTER 0
FILTER -1
FILTER 0
FILTER -1
FILTER 0
FILTER -1
FILTER 0
FILTER -1
FILTER 0
FILTER -1
FILTER 0
OBJECT 0 -109.130400296 45.407034975 90.000000
OBJECT 0 -109.130440036 45.407036188 0.000000
OBJECT 0 -109.130510878 45.407036188 90.000000
OBJECT 0 -109.130574808 45.407034975 0.000000
OBJECT 0 -109.130637010 45.407033762 90.000000
OBJECT 0 -109.130718219 45.407037401 180.000000
OBJECT 0 -109.130804611 45.407038614 0.000000
OBJECT 0 -109.130880636 45.407038614 90.000000
OBJECT 0 -109.130942838 45.407043466 90.000000
OBJECT 0 -109.130999857 45.407041040 90.000000
OBJECT 0 -109.131051692 45.407042253 0.000000
OBJECT 0 -109.131129445 45.407047106 90.000000
OBJECT 1 -109.131241752 45.406650429 0.000000
OBJECT 1 -109.130986034 45.406661347 270.000000
OBJECT 1 -109.130814979 45.406674691 270.000000
OBJECT 1 -109.130664659 45.406673478 0.000000
OBJECT 1 -109.130294904 45.406755967 44.999359
OBJECT 1 -109.130298360 45.406617676 90.000000
OBJECT 1 -109.130441769 45.406745049 90.000000
OBJECT 1 -109.130441769 45.406859079 0.000000
OBJECT 1 -109.132128125 45.407193888 90.000000
OBJECT 1 -109.132135036 45.407090777 8.129875
OBJECT 1 -109.132129853 45.406998583 0.000000
OBJECT 1 -109.132065923 45.407020418 195.944992
OBJECT 1 -109.131941520 45.407073793 224.999191
OBJECT 1 -109.131784288 45.407065302 0.000000
OBJECT 1 -109.131502653 45.406930650 90.000000
OBJECT 1 -109.131592500 45.406922159 180.000000
OBJECT 1 -109.131675435 45.407002222 135.000763
OBJECT 1 -109.131775649 45.406998583 53.129368
OBJECT 1 -109.131925970 45.406895471 39.804871
OBJECT 1 -109.131882774 45.406839669 315.000671
OBJECT 1 -109.131649518 45.406828752 180.000000
OBJECT 1 -109.131891413 45.406581284 71.564720
OBJECT 1 -109.132114302 45.406634659 180.000000
OBJECT 1 -109.132014089 45.406652855 270.000000
OBJECT 1 -109.131775649 45.406607971 0.000000
OBJECT 1 -109.131623601 45.406661347 0.000000
OBJECT 1 -109.132276711 45.406014776 18.434589
OBJECT 1 -109.132611904 45.405709080 90.000000
OBJECT 1 -109.132568709 45.405797635 0.000000
OBJECT 2 -109.132029634 45.405585346 0.000000
OBJECT 2 -109.132176497 45.405884977 78.689857
OBJECT 2 -109.132211053 45.405840093 0.000000
OBJECT 2 -109.132157492 45.405678753 26.564693
OBJECT 2 -109.132205870 45.405712719 190.304688
OBJECT 2 -109.132133302 45.405773373 270.000000
OBJECT 2 -109.132062463 45.405792783 0.000000
OBJECT 2 -109.132007173 45.405860715 0.000000
OBJECT 2 -109.132129847 45.405878911 0.000000
OBJECT 2 -109.132217965 45.405900747 0.000000
OBJECT 2 -109.132233515 45.406002645 0.000000
OBJECT 2 -109.132105658 45.405960187 0.000000
OBJECT 2 -109.131988167 45.405911664 0.000000
OBJECT 2 -109.131922511 45.405895894 0.000000
OBJECT 2 -109.131877588 45.405933500 0.000000
OBJECT 2 -109.131976072 45.406005071 150.255646
OBJECT 2 -109.131953611 45.406049955 180.000000
OBJECT 2 -109.131829209 45.406071791 216.869278
OBJECT 2 -109.131761825 45.406048742 0.000000
OBJECT 2 -109.131393803 45.405928647 0.000000
OBJECT 2 -109.131411081 45.405736981 0.000000
OBJECT 2 -109.131452548 45.405769734 180.000000
OBJECT 2 -109.131355791 45.405777013 0.000000
OBJECT 0 -109.131305685 45.406321685 0.000000
OBJECT 0 -109.131250396 45.406310767 0.000000
OBJECT 0 -109.131398987 45.406233130 0.000000
OBJECT 0 -109.131331602 45.406229491 0.000000
OBJECT 0 -109.131283224 45.406227065 0.000000
OBJECT 0 -109.132326816 45.405507709 0.000000
OBJECT 0 -109.132262888 45.405507709 180.000000
OBJECT 0 -109.132228332 45.405553806 180.000000
OBJECT 0 -109.131461187 45.405612034 0.000000
OBJECT 0 -109.131146727 45.405502857 90.000000
OBJECT 0 -109.131131177 45.405540462 0.000000
OBJECT 0 -109.131075888 45.405547741 0.000000
OBJECT 0 -109.131034420 45.405853437 0.000000
OBJECT 0 -109.131110444 45.405790356 227.290115
OBJECT 0 -109.131034420 45.405809766 224.999481
OBJECT 0 -109.130894468 45.405818257 0.000000
OBJECT 0 -109.130913474 45.405736981 0.000000
OBJECT 0 -109.130740694 45.405832814 180.000000
OBJECT 0 -109.130751061 45.405779439 0.000000
OBJECT 0 -109.130649120 45.405807340 0.000000
OBJECT 0 -109.130654304 45.405875272 0.000000
OBJECT 0 -109.130555819 45.405892255 0.000000
OBJECT 0 -109.130472885 45.405962614 270.000000
OBJECT 0 -109.130370944 45.406048742 153.435455
OBJECT 0 -109.130453879 45.406052381 90.000000
OBJECT 0 -109.130526447 45.406047529 0.000000
OBJECT 0 -109.130593831 45.406031759 90.000000
OBJECT 3 -109.130978131 45.406256351 182.547012
OBJECT 4 -109.130935056 45.406904904 272.385986
OBJECT 5 -109.130693160 45.406401476 92.891235
OBJECT 6 -109.131761859 45.405480466 128.584335
OBJECT 7 -109.132905882 45.406029575 116.263283
OBJECT 8 -109.131330602 45.405314517 51.329727
OBJECT 9 -109.132342398 45.405426606 65.225197
OBJECT 6 -109.131593917 45.405384391 127.731476
OBJECT 10 -109.130863323 45.406039391 0.000000
OBJECT 11 -109.130738908 45.400106849 96.225853
OBJECT 11 -109.130759800 45.400108374 276.842804
OBJECT 11 -109.130896615 45.400118365 96.394424
OBJECT 11 -109.130912484 45.400119524 97.683868
OBJECT 11 -109.129659934 45.409442482 96.269310
OBJECT 11 -109.129681174 45.409443081 276.886261
OBJECT 11 -109.129820265 45.409446999 96.437881
OBJECT 11 -109.129836398 45.409447453 97.727325
OBJECT 1 -109.131363350 45.404367510 0.000000
OBJECT 1 -109.132641188 45.404224968 0.000000
OBJECT 1 -109.132542663 45.404350740 0.000000
OBJECT 1 -109.132396369 45.404449261 0.000000
OBJECT 1 -109.132217239 45.404675651 0.000000
OBJECT 2 -109.132262023 45.404591803 0.000000
OBJECT 0 -109.132190368 45.404715479 0.000000
OBJECT 0 -109.132106771 45.404778365 0.000000
OBJECT 0 -109.131432020 45.404753210 0.000000
OBJECT 0 -109.131315581 45.404711286 90.000000
OBJECT 0 -109.130485577 45.405570728 0.000000
OBJECT 0 -109.130548275 45.405558151 0.000000
OBJECT 0 -109.130799068 45.405606364 135.000580
OBJECT 0 -109.130873708 45.405495265 0.000000
OBJECT 0 -109.130661729 45.405447052 90.000000
OBJECT 0 -109.130855197 45.405389197 90.000000
OBJECT 0 -109.130916103 45.405331342 36.869381
OBJECT 0 -109.130905355 45.405238271 0.000000
OBJECT 0 -109.130891024 45.405109984 0.000000
OBJECT 0 -109.130869528 45.404964088 0.000000
OBJECT 0 -109.130941182 45.404906233 0.000000
OBJECT 12 -109.130469122 45.406306925 3.012771
FILTER -1
OBJECT_DEF lib/g10/forests/autogen_tree1.obj
OBJECT_DEF lib/airport/Common_Elements/Miscellaneous/Tree.obj
OBJECT_DEF lib/g10/forests/autogen_tree_any.obj
OBJECT_DEF lib/g10/US/industrial/light/TinShed10x30Lt.obj
OBJECT_DEF lib/airport/Common_Elements/Hangars/Sm_Blue_Hangar.agp
OBJECT_DEF lib/airport/European_Airports/hangars/25x20x5.obj
OBJECT_DEF lib/g10/US/suburban/dZ-RnchRHGry.obj
OBJECT_DEF lib/g10/US/industrial/light/Shed13x24.obj
OBJECT_DEF lib/g10/US/suburban/dU-RnchGryNG.obj
OBJECT_DEF lib/g10/US/suburban/dGreenhse.obj
OBJECT_DEF lib/g10/EU/suburban/gshed1_3x2.obj
OBJECT_DEF lib/airport/Common_Elements/Runway_Markers/Barrels/White_Red.obj
OBJECT_DEF lib/airport/Common_Elements/Miscellaneous/Blue_Dumpster.obj
PROPERTY sim/filter/aptid 7U9
PROPERTY sim/exclude_obj -109.133118/45.399328/-109.127323/45.409685
PROPERTY sim/exclude_fac -109.133118/45.399328/-109.127323/45.409685
PROPERTY sim/exclude_for -109.133118/45.399328/-109.127323/45.409685
PROPERTY sim/exclude_bch -109.133118/45.399328/-109.127323/45.409685
PROPERTY sim/exclude_net -109.133118/45.399328/-109.127323/45.409685
PROPERTY sim/exclude_lin -109.133118/45.399328/-109.127323/45.409685
PROPERTY sim/exclude_pol -109.133118/45.399328/-109.127323/45.409685
PROPERTY sim/exclude_str -109.133118/45.399328/-109.127323/45.409685
PROPERTY sim/require_agpoint 1/0
PROPERTY sim/require_object 1/0
