PROPERTY sim/west -180
PROPERTY sim/east 180
PROPERTY sim/north 90
PROPERTY sim/south -90
PROPERTY sim/planet earth
PROPERTY sim/creation_agent WorldEditor2.0.0r4
PROPERTY laminar/internal_revision 0
PROPERTY sim/overlay 1
FILTER 0
BEGIN_POLYGON 0 307 2
BEGIN_WINDING
POLYGON_POINT -77.462140894 37.561262144
POLYGON_POINT -77.462017368 37.561185664
POLYGON_POINT -77.461997029 37.561206264
POLYGON_POINT -77.462120555 37.561282744
END_WINDING
END_POLYGON
BEGIN_POLYGON 0 307 2
BEGIN_WINDING
POLYGON_POINT -77.462208917 37.561191481
POLYGON_POINT -77.462086220 37.561115359
POLYGON_POINT -77.462065881 37.561135959
POLYGON_POINT -77.462188577 37.561212081
END_WINDING
END_POLYGON
BEGIN_POLYGON 0 307 2
BEGIN_WINDING
POLYGON_POINT -77.463763815 37.560867688
POLYGON_POINT -77.463436690 37.560672190
POLYGON_POINT -77.463230657 37.560891973
POLYGON_POINT -77.463265580 37.560912844
POLYGON_POINT -77.463257224 37.560918484
POLYGON_POINT -77.463131176 37.560843155
POLYGON_POINT -77.463147211 37.560826294
POLYGON_POINT -77.463184766 37.560848737
POLYGON_POINT -77.463377289 37.560646305
POLYGON_POINT -77.463037569 37.560443280
POLYGON_POINT -77.462845312 37.560645433
POLYGON_POINT -77.462917913 37.560688821
POLYGON_POINT -77.462888626 37.560719615
POLYGON_POINT -77.462717117 37.560617117
POLYGON_POINT -77.462680877 37.560655222
POLYGON_POINT -77.462856432 37.560760138
POLYGON_POINT -77.462829223 37.560788748
POLYGON_POINT -77.462762402 37.560748814
POLYGON_POINT -77.462605243 37.560914062
POLYGON_POINT -77.462950153 37.561120188
POLYGON_POINT -77.463112334 37.560949659
POLYGON_POINT -77.463060018 37.560918393
POLYGON_POINT -77.463079416 37.560897998
POLYGON_POINT -77.463209456 37.560975712
POLYGON_POINT -77.463190491 37.560995653
POLYGON_POINT -77.463145410 37.560968712
POLYGON_POINT -77.462982520 37.561139987
POLYGON_POINT -77.463313328 37.561337686
POLYGON_POINT -77.463524763 37.561112767
POLYGON_POINT -77.463453001 37.561069881
POLYGON_POINT -77.463554732 37.560965987
POLYGON_POINT -77.463628723 37.561010206
END_WINDING
END_POLYGON
BEGIN_POLYGON 0 350 4
BEGIN_WINDING
POLYGON_POINT -77.464827696 37.559718023 -77.464827696 37.559718023
POLYGON_POINT -77.464865328 37.559619688 -77.464858359 37.559562602
POLYGON_POINT -77.464780307 37.559518038 -77.464780307 37.559518038
POLYGON_POINT -77.464152863 37.559174187 -77.464152863 37.559174187
POLYGON_POINT -77.463811039 37.559226442 -77.463811039 37.559226442
POLYGON_POINT -77.463798287 37.559172862 -77.463798287 37.559172862
POLYGON_POINT -77.463990628 37.559095961 -77.464052846 37.559064140
POLYGON_POINT -77.464101015 37.558985914 -77.464101015 37.558985914
POLYGON_POINT -77.463978920 37.558919621 -77.463978920 37.558919621
POLYGON_POINT -77.463853481 37.559069444 -77.463775206 37.559117175
POLYGON_POINT -77.463696263 37.559139715 -77.463696263 37.559139715
POLYGON_POINT -77.463718006 37.559272302 -77.463718006 37.559272302
POLYGON_POINT -77.463564133 37.559289888 -77.463564133 37.559289888
POLYGON_POINT -77.463561756 37.559270460 -77.463561756 37.559270460
POLYGON_POINT -77.463651809 37.559257551 -77.463651809 37.559257551
POLYGON_POINT -77.463595347 37.558981091 -77.463595347 37.558981091
POLYGON_POINT -77.463517753 37.558991237 -77.463517753 37.558991237
POLYGON_POINT -77.463516251 37.558983427 -77.463516251 37.558983427
POLYGON_POINT -77.463559115 37.558948790 -77.463559115 37.558948790
POLYGON_POINT -77.463530682 37.558928902 -77.463530682 37.558928902
POLYGON_POINT -77.463497389 37.558959009 -77.463497389 37.558959009
POLYGON_POINT -77.463445370 37.558924052 -77.463445370 37.558924052
POLYGON_POINT -77.463217931 37.559139263 -77.463217931 37.559139263
POLYGON_POINT -77.463275349 37.559175058 -77.463275349 37.559175058
POLYGON_POINT -77.463278129 37.559203344 -77.463278129 37.559203344
POLYGON_POINT -77.463200849 37.559211337 -77.463200849 37.559211337
POLYGON_POINT -77.463231857 37.559383682 -77.463231857 37.559383682
POLYGON_POINT -77.463312682 37.559374844 -77.463312682 37.559374844
POLYGON_POINT -77.463327204 37.559439087 -77.463327204 37.559439087
POLYGON_POINT -77.463542861 37.559414906 -77.463542861 37.559414906
POLYGON_POINT -77.463533794 37.559354198 -77.463533794 37.559354198
POLYGON_POINT -77.463663317 37.559343473 -77.463663317 37.559343473
POLYGON_POINT -77.463713882 37.559352800 -77.463736287 37.559364345
POLYGON_POINT -77.463738076 37.559383675 -77.463738076 37.559383675
POLYGON_POINT -77.463890449 37.560241876 -77.463893404 37.560259765
POLYGON_POINT -77.463874191 37.560272988 -77.463874191 37.560272988
POLYGON_POINT -77.463819069 37.560240175 -77.463819069 37.560240175
POLYGON_POINT -77.463523880 37.560536881 -77.463523880 37.560536881
POLYGON_POINT -77.463880398 37.560747510 -77.463880398 37.560747510
POLYGON_POINT -77.464128783 37.560491166 -77.464128783 37.560491166
POLYGON_POINT -77.464046820 37.560439052 -77.464046820 37.560439052
POLYGON_POINT -77.464095973 37.560394835 -77.464095973 37.560394835
POLYGON_POINT -77.464269269 37.560506644 -77.464269269 37.560506644
POLYGON_POINT -77.464318052 37.560459133 -77.464318052 37.560459133
POLYGON_POINT -77.463987721 37.560244785 -77.463987721 37.560244785
POLYGON_POINT -77.463979032 37.560191021 -77.463979032 37.560191021
POLYGON_POINT -77.464026224 37.560186186 -77.464026224 37.560186186
POLYGON_POINT -77.464033716 37.560228211 -77.464033716 37.560228211
POLYGON_POINT -77.464397750 37.560197424 -77.464397750 37.560197424
END_WINDING
BEGIN_WINDING
POLYGON_POINT -77.464598510 37.559533506 -77.464598510 37.559533506
POLYGON_POINT -77.464589404 37.559481534 -77.464589404 37.559481534
POLYGON_POINT -77.463891469 37.559561032 -77.463891469 37.559561032
POLYGON_POINT -77.463900690 37.559610074 -77.463900690 37.559610074
POLYGON_POINT -77.463871803 37.559613025 -77.463871803 37.559613025
POLYGON_POINT -77.463849973 37.559496035 -77.463849973 37.559496035
POLYGON_POINT -77.463883576 37.559491537 -77.463883576 37.559491537
POLYGON_POINT -77.463892873 37.559542207 -77.463892873 37.559542207
POLYGON_POINT -77.464458035 37.559480114 -77.464458035 37.559480114
POLYGON_POINT -77.464448544 37.559424054 -77.464446462 37.559410328
POLYGON_POINT -77.464448544 37.559424054 -77.464448544 37.559424054
POLYGON_POINT -77.464448544 37.559424054 -77.464516097 37.559413701
POLYGON_POINT -77.464625850 37.559498286 -77.464640871 37.559531008
END_WINDING
BEGIN_WINDING
POLYGON_POINT -77.464734988 37.559575722 -77.464734988 37.559575722
POLYGON_POINT -77.464809466 37.559626935 -77.464817596 37.559680338
POLYGON_POINT -77.464738615 37.559721772 -77.464738615 37.559721772
POLYGON_POINT -77.464670451 37.559728396 -77.464670451 37.559728396
POLYGON_POINT -77.464647043 37.559585551 -77.464647043 37.559585551
END_WINDING
BEGIN_WINDING
POLYGON_POINT -77.463921029 37.559891158 -77.463921029 37.559891158
POLYGON_POINT -77.464619370 37.559825911 -77.464619370 37.559825911
POLYGON_POINT -77.464611631 37.559774085 -77.464611631 37.559774085
POLYGON_POINT -77.464634191 37.559772522 -77.464634191 37.559772522
POLYGON_POINT -77.464642307 37.559831372 -77.464642307 37.559831372
POLYGON_POINT -77.464580735 37.559893558 -77.464550084 37.559894197
POLYGON_POINT -77.464520838 37.559899087 -77.464520838 37.559899087
POLYGON_POINT -77.464516119 37.559860348 -77.464516119 37.559860348
POLYGON_POINT -77.463947928 37.559913164 -77.463947928 37.559913164
POLYGON_POINT -77.463956533 37.559963900 -77.463956533 37.559963900
POLYGON_POINT -77.463921486 37.559967199 -77.463921486 37.559967199
POLYGON_POINT -77.463901979 37.559834905 -77.463901979 37.559834905
POLYGON_POINT -77.463911798 37.559834160 -77.463911798 37.559834160
END_WINDING
BEGIN_WINDING
POLYGON_POINT -77.463471490 37.559097679 -77.463471490 37.559097679
POLYGON_POINT -77.463412997 37.559106069 -77.463412997 37.559106069
POLYGON_POINT -77.463442522 37.559277412 -77.463442522 37.559277412
POLYGON_POINT -77.463503944 37.559271788 -77.463503944 37.559271788
POLYGON_POINT -77.463507671 37.559300330 -77.463507671 37.559300330
POLYGON_POINT -77.463375196 37.559315240 -77.463375196 37.559315240
POLYGON_POINT -77.463372888 37.559298167 -77.463372888 37.559298167
POLYGON_POINT -77.463430575 37.559292671 -77.463430575 37.559292671
POLYGON_POINT -77.463414083 37.559195437 -77.463414083 37.559195437
POLYGON_POINT -77.463347820 37.559202781 -77.463347820 37.559202781
POLYGON_POINT -77.463347201 37.559172917 -77.463352037 37.559156306
POLYGON_POINT -77.463438623 37.559075157 -77.463438623 37.559075157
POLYGON_POINT -77.463463134 37.559075598 -77.463477061 37.559081339
END_WINDING
END_POLYGON
BEGIN_POLYGON 0 37 2
BEGIN_WINDING
POLYGON_POINT -77.463513683 37.558653781
POLYGON_POINT -77.463373145 37.558792813
POLYGON_POINT -77.463312748 37.558755063
POLYGON_POINT -77.463019750 37.559054776
POLYGON_POINT -77.463083631 37.559094368
POLYGON_POINT -77.462790327 37.559418693
POLYGON_POINT -77.462763613 37.559403961
POLYGON_POINT -77.462798457 37.559360686
POLYGON_POINT -77.462642818 37.559271374
POLYGON_POINT -77.462466273 37.559470254
POLYGON_POINT -77.462509248 37.559495114
POLYGON_POINT -77.462496471 37.559511688
POLYGON_POINT -77.461915564 37.559176959
POLYGON_POINT -77.462104843 37.558881353
POLYGON_POINT -77.462615022 37.558338984
POLYGON_POINT -77.462586945 37.558251900
POLYGON_POINT -77.462686676 37.558133904
POLYGON_POINT -77.462629014 37.558098032
POLYGON_POINT -77.461433264 37.559641359
POLYGON_POINT -77.461419552 37.559737909
POLYGON_POINT -77.461479627 37.559789905
POLYGON_POINT -77.461444234 37.559830904
POLYGON_POINT -77.462004098 37.560156629
POLYGON_POINT -77.462031523 37.560129135
POLYGON_POINT -77.462145898 37.560191924
POLYGON_POINT -77.463581234 37.558691747
END_WINDING
BEGIN_WINDING
POLYGON_POINT -77.462267231 37.559968040
POLYGON_POINT -77.462204620 37.559931999
POLYGON_POINT -77.462246796 37.559885957
POLYGON_POINT -77.461678714 37.559558947
POLYGON_POINT -77.461636951 37.559604538
POLYGON_POINT -77.461578765 37.559571044
POLYGON_POINT -77.461682889 37.559457375
POLYGON_POINT -77.461740759 37.559490686
POLYGON_POINT -77.461702664 37.559532273
POLYGON_POINT -77.462273017 37.559858214
POLYGON_POINT -77.462306794 37.559821341
POLYGON_POINT -77.462367452 37.559858632
END_WINDING
BEGIN_WINDING
POLYGON_POINT -77.462216998 37.560019952
POLYGON_POINT -77.462140679 37.560098116
POLYGON_POINT -77.462090360 37.560068547
POLYGON_POINT -77.462166680 37.559990383
END_WINDING
BEGIN_WINDING
POLYGON_POINT -77.461545106 37.559749889
POLYGON_POINT -77.461477885 37.559712573
POLYGON_POINT -77.461551821 37.559632454
POLYGON_POINT -77.461619041 37.559669769
END_WINDING
BEGIN_WINDING
POLYGON_POINT -77.461800530 37.559461246
POLYGON_POINT -77.461717749 37.559413052
POLYGON_POINT -77.461795931 37.559328663
POLYGON_POINT -77.461878712 37.559376857
END_WINDING
BEGIN_WINDING
POLYGON_POINT -77.461917961 37.559347665
POLYGON_POINT -77.461828272 37.559295556
POLYGON_POINT -77.461900344 37.559217603
POLYGON_POINT -77.461990033 37.559269712
END_WINDING
BEGIN_WINDING
POLYGON_POINT -77.462599947 37.559616762
POLYGON_POINT -77.462529309 37.559697841
POLYGON_POINT -77.462470227 37.559665600
POLYGON_POINT -77.462540864 37.559584521
END_WINDING
BEGIN_WINDING
POLYGON_POINT -77.462417456 37.559815377
POLYGON_POINT -77.462352278 37.559776074
POLYGON_POINT -77.462429796 37.559695292
POLYGON_POINT -77.462494974 37.559734595
END_WINDING
BEGIN_WINDING
POLYGON_POINT -77.462732926 37.559465843
POLYGON_POINT -77.462624853 37.559584193
POLYGON_POINT -77.462547705 37.559540495
POLYGON_POINT -77.462563227 37.559522552
POLYGON_POINT -77.462620186 37.559555438
POLYGON_POINT -77.462700644 37.559472001
POLYGON_POINT -77.462654324 37.559445256
POLYGON_POINT -77.462668643 37.559428728
END_WINDING
END_POLYGON
BEGIN_POLYGON 0 37 2
BEGIN_WINDING
POLYGON_POINT -77.462731395 37.560222780
POLYGON_POINT -77.462645756 37.560171457
POLYGON_POINT -77.462751140 37.560050601
POLYGON_POINT -77.462582013 37.559946737
POLYGON_POINT -77.462503711 37.560032657
POLYGON_POINT -77.462429531 37.559989665
POLYGON_POINT -77.462183209 37.560252674
POLYGON_POINT -77.462220814 37.560274837
POLYGON_POINT -77.462194701 37.560306142
POLYGON_POINT -77.462113231 37.560261900
POLYGON_POINT -77.462075626 37.560309446
POLYGON_POINT -77.462152014 37.560351702
POLYGON_POINT -77.462118956 37.560388055
POLYGON_POINT -77.462070980 37.560360466
POLYGON_POINT -77.461935085 37.560505022
POLYGON_POINT -77.461961799 37.560598017
POLYGON_POINT -77.462247543 37.560746207
END_WINDING
END_POLYGON
BEGIN_POLYGON 0 307 2
BEGIN_WINDING
POLYGON_POINT -77.461746975 37.561350149
POLYGON_POINT -77.461700576 37.561320251
POLYGON_POINT -77.462151717 37.560851011
POLYGON_POINT -77.461720846 37.560595309
POLYGON_POINT -77.461752981 37.560563083
POLYGON_POINT -77.461782005 37.560470002
POLYGON_POINT -77.461747160 37.560446983
POLYGON_POINT -77.461994702 37.560198022
POLYGON_POINT -77.461351229 37.559823697
POLYGON_POINT -77.460583346 37.560729885
POLYGON_POINT -77.460688850 37.560831934
POLYGON_POINT -77.460977280 37.560943506
POLYGON_POINT -77.461715628 37.561371428
END_WINDING
END_POLYGON
BEGIN_POLYGON 0 307 4
BEGIN_WINDING
POLYGON_POINT -77.463396619 37.561442949 -77.463396619 37.561442949
POLYGON_POINT -77.462475077 37.560876994 -77.462475077 37.560876994
POLYGON_POINT -77.463118434 37.560198620 -77.463118434 37.560198620
POLYGON_POINT -77.462946407 37.560097914 -77.462946407 37.560097914
POLYGON_POINT -77.462288418 37.560798503 -77.462288418 37.560798503
POLYGON_POINT -77.461908201 37.560595856 -77.461908201 37.560595856
POLYGON_POINT -77.461851326 37.560535854 -77.461844551 37.560499792
POLYGON_POINT -77.461871962 37.560456639 -77.461871962 37.560456639
POLYGON_POINT -77.462007082 37.560334324 -77.462007082 37.560334324
POLYGON_POINT -77.462035037 37.560311899 -77.462052782 37.560306144
POLYGON_POINT -77.462075626 37.560309446 -77.462075626 37.560309446
POLYGON_POINT -77.462113231 37.560261900 -77.462113231 37.560261900
POLYGON_POINT -77.462037825 37.560246710 -77.461998302 37.560249268
POLYGON_POINT -77.461973667 37.560275075 -77.461973667 37.560275075
POLYGON_POINT -77.461782005 37.560470002 -77.461782005 37.560470002
POLYGON_POINT -77.461752981 37.560563083 -77.461752981 37.560563083
POLYGON_POINT -77.461814816 37.560617953 -77.461858373 37.560643529
POLYGON_POINT -77.462230024 37.560850818 -77.462230024 37.560850818
POLYGON_POINT -77.462319695 37.560907929 -77.462319695 37.560907929
POLYGON_POINT -77.463066969 37.561374737 -77.463066969 37.561374737
POLYGON_POINT -77.463312533 37.561530879 -77.463312533 37.561530879
END_WINDING
END_POLYGON
BEGIN_POLYGON 0 37 4
BEGIN_WINDING
POLYGON_POINT -77.462144846 37.560942125 -77.462144846 37.560942125
POLYGON_POINT -77.461763965 37.561338534 -77.461763965 37.561338534
POLYGON_POINT -77.461850329 37.561390647 -77.461850329 37.561390647
POLYGON_POINT -77.462204629 37.561019713 -77.462204629 37.561019713
POLYGON_POINT -77.462230080 37.561007255 -77.462246212 37.561004697
POLYGON_POINT -77.462258369 37.561008356 -77.462258369 37.561008356
END_WINDING
END_POLYGON
BEGIN_POLYGON 0 307 4
BEGIN_WINDING
POLYGON_POINT -77.462230024 37.560850818 -77.462230024 37.560850818
POLYGON_POINT -77.462144846 37.560942125 -77.462144846 37.560942125
POLYGON_POINT -77.462258369 37.561008356 -77.462258369 37.561008356
POLYGON_POINT -77.462438129 37.561113230 -77.462532986 37.561154663
POLYGON_POINT -77.462657238 37.561207999 -77.462657238 37.561207999
POLYGON_POINT -77.462760613 37.561370970 -77.462779972 37.561465346
POLYGON_POINT -77.462686276 37.561560643 -77.462686276 37.561560643
POLYGON_POINT -77.462472557 37.561659163 -77.462355437 37.561663767
POLYGON_POINT -77.462258191 37.561619203 -77.462258191 37.561619203
POLYGON_POINT -77.461763965 37.561338534 -77.461763965 37.561338534
POLYGON_POINT -77.461715628 37.561371428 -77.461715628 37.561371428
POLYGON_POINT -77.461925832 37.561479184 -77.462016979 37.561523303
POLYGON_POINT -77.462248531 37.561659978 -77.462248531 37.561659978
POLYGON_POINT -77.462485353 37.561710303 -77.462608281 37.561704165
POLYGON_POINT -77.462734692 37.561590914 -77.462734692 37.561590914
POLYGON_POINT -77.462826452 37.561374539 -77.462804190 37.561247937
POLYGON_POINT -77.462702721 37.561173652 -77.462702721 37.561173652
POLYGON_POINT -77.462298723 37.560929669 -77.462298723 37.560929669
POLYGON_POINT -77.462319695 37.560907929 -77.462319695 37.560907929
END_WINDING
END_POLYGON
BEGIN_POLYGON 0 36 2
BEGIN_WINDING
POLYGON_POINT -77.463077665 37.561378192
POLYGON_POINT -77.463044566 37.561413743
POLYGON_POINT -77.462993643 37.561383951
POLYGON_POINT -77.462576816 37.561831654
POLYGON_POINT -77.462741648 37.561928087
POLYGON_POINT -77.463159814 37.561478946
POLYGON_POINT -77.463095340 37.561441227
POLYGON_POINT -77.463127100 37.561407114
END_WINDING
END_POLYGON
BEGIN_POLYGON 1 307 2
BEGIN_WINDING
POLYGON_POINT -77.462402949 37.561367135
POLYGON_POINT -77.462375935 37.561351431
POLYGON_POINT -77.462371632 37.561356082
POLYGON_POINT -77.462382094 37.561362164
POLYGON_POINT -77.462373854 37.561371071
POLYGON_POINT -77.462364041 37.561365366
POLYGON_POINT -77.462359911 37.561369830
POLYGON_POINT -77.462387414 37.561385818
POLYGON_POINT -77.462391690 37.561381196
POLYGON_POINT -77.462380695 37.561374805
POLYGON_POINT -77.462388718 37.561366133
POLYGON_POINT -77.462398575 37.561371863
END_WINDING
END_POLYGON
BEGIN_POLYGON 0 307 2
BEGIN_WINDING
POLYGON_POINT -77.462656148 37.561437971
POLYGON_POINT -77.462224439 37.561175452
POLYGON_POINT -77.462106398 37.561297430
POLYGON_POINT -77.462538108 37.561559949
END_WINDING
END_POLYGON
BEGIN_POLYGON 2 1 2
BEGIN_WINDING
POLYGON_POINT -77.462530452 37.561390945
POLYGON_POINT -77.462318377 37.561258779
POLYGON_POINT -77.462234419 37.561343433
POLYGON_POINT -77.462446493 37.561475599
END_WINDING
END_POLYGON
BEGIN_POLYGON 2 1 4
BEGIN_WINDING
POLYGON_POINT -77.462410242 37.561387056 -77.462410242 37.561387056
POLYGON_POINT -77.462410242 37.561387056 -77.462423260 37.561373389
POLYGON_POINT -77.462402597 37.561343625 -77.462385356 37.561333305
POLYGON_POINT -77.462347808 37.561349685 -77.462334790 37.561363352
POLYGON_POINT -77.462355453 37.561393116 -77.462372694 37.561403436
POLYGON_POINT -77.462410242 37.561387056 -77.462423260 37.561373389
END_WINDING
END_POLYGON
BEGIN_POLYGON 3 1 2
BEGIN_WINDING
POLYGON_POINT -77.462652593 37.561438138
POLYGON_POINT -77.462224797 37.561177766
POLYGON_POINT -77.462109400 37.561296906
POLYGON_POINT -77.462537195 37.561557278
END_WINDING
END_POLYGON
FILTER -1
FILTER 0
FILTER -1
FILTER 0
OBJECT 0 -77.461936366 37.560506897 216.839996
OBJECT 1 -77.462389044 37.560034496 216.759995
OBJECT 2 -77.462176273 37.560259729 216.589996
OBJECT 3 -77.463209481 37.561146599 127.000000
OBJECT 3 -77.463483277 37.560849563 127.000000
OBJECT 3 -77.463115270 37.560647425 127.000000
OBJECT 3 -77.462857669 37.560929465 127.000000
OBJECT 3 -77.462130562 37.560554410 127.000000
OBJECT 3 -77.463234049 37.561141281 307.000000
OBJECT 3 -77.463506798 37.560845582 307.000000
OBJECT 3 -77.463140033 37.560642599 307.000000
OBJECT 3 -77.462882431 37.560923723 307.000000
OBJECT 3 -77.462157516 37.560550594 307.000000
OBJECT 3 -77.462345229 37.560649033 307.000000
OBJECT 4 -77.462456420 37.560203996 127.000000
OBJECT 4 -77.462453761 37.560232939 307.000000
OBJECT 4 -77.462577363 37.560395936 307.000000
OBJECT 5 -77.462995199 37.561092118 38.070000
OBJECT 5 -77.463065858 37.561018459 39.900002
OBJECT 5 -77.463133613 37.560953240 40.520000
OBJECT 5 -77.463225416 37.560851043 38.900002
OBJECT 5 -77.463312530 37.560758969 42.139999
OBJECT 5 -77.463384156 37.560687612 29.910000
OBJECT 5 -77.463135999 37.560482397 128.350006
OBJECT 5 -77.463247310 37.560548383 127.720001
OBJECT 5 -77.463354749 37.560607464 122.570000
OBJECT 5 -77.464348262 37.560225602 134.289993
OBJECT 5 -77.464227466 37.560275322 123.250000
OBJECT 5 -77.464093894 37.560280847 130.600006
OBJECT 5 -77.464203075 37.560340695 130.910004
OBJECT 5 -77.464117595 37.560433361 127.610001
OBJECT 5 -77.464144310 37.560507020 129.809998
OBJECT 5 -77.464072296 37.560568710 123.480003
OBJECT 5 -77.463999121 37.560646973 131.789993
OBJECT 5 -77.463939961 37.560707627 115.709999
OBJECT 5 -77.463672813 37.560690747 125.169998
OBJECT 5 -77.463855695 37.560779130 131.080002
OBJECT 5 -77.463779228 37.560847419 123.900002
OBJECT 5 -77.463733736 37.560914172 129.600006
OBJECT 5 -77.463662109 37.560990134 125.540001
OBJECT 5 -77.463610809 37.561046913 123.050003
OBJECT 5 -77.463467124 37.561192189 128.389999
OBJECT 5 -77.463404209 37.561266360 135.800003
OBJECT 5 -77.463356619 37.561320070 128.160004
OBJECT 6 -77.462631831 37.561121016 0.000000
OBJECT 6 -77.462531826 37.561059642 0.000000
OBJECT 6 -77.462330625 37.560929466 0.000000
OBJECT 7 -77.462324139 37.560950563 131.110001
OBJECT 7 -77.462312523 37.560963411 131.110001
OBJECT 7 -77.462342913 37.560980958 131.110001
OBJECT 7 -77.462371052 37.560998505 131.110001
OBJECT 7 -77.462393563 37.561011889 131.110001
OBJECT 7 -77.462407632 37.560998654 131.110001
OBJECT 8 -77.462432424 37.561022369 128.369995
OBJECT 8 -77.462495609 37.561059667 128.369995
OBJECT 8 -77.462568204 37.561102294 125.120003
OBJECT 8 -77.462667013 37.561159840 125.120003
OBJECT 8 -77.462717426 37.561198205 138.240005
OBJECT 8 -77.462758429 37.561242963 150.119995
OBJECT 8 -77.462789349 37.561293050 160.380005
OBJECT 8 -77.462810859 37.561351129 167.940002
OBJECT 8 -77.462820941 37.561411872 179.029999
OBJECT 8 -77.462810299 37.561462048 195.710007
OBJECT 8 -77.462781171 37.561520660 205.759995
OBJECT 8 -77.462737479 37.561573499 216.000000
OBJECT 8 -77.462679224 37.561625007 228.669998
OBJECT 8 -77.462610886 37.561664081 235.269989
OBJECT 8 -77.462531905 37.561696052 250.100006
OBJECT 8 -77.462448442 37.561703156 272.929993
OBJECT 8 -77.462363020 37.561691315 279.589996
OBJECT 8 -77.462287399 37.561670224 291.769989
OBJECT 8 -77.462225783 37.561638772 305.959991
OBJECT 8 -77.462161833 37.561601769 305.959991
OBJECT 8 -77.462068474 37.561547375 305.959991
OBJECT 8 -77.462003124 37.561511483 305.959991
OBJECT 8 -77.461931160 37.561472199 303.790009
OBJECT 8 -77.461857252 37.561437354 303.790009
OBJECT 6 -77.463044229 37.561389572 0.000000
OBJECT 4 -77.460896573 37.560459668 128.000000
OBJECT 4 -77.461073698 37.560563448 128.000000
OBJECT 4 -77.461065669 37.560593740 308.000000
OBJECT 4 -77.461249860 37.560667229 128.000000
OBJECT 4 -77.461242794 37.560697521 308.000000
OBJECT 4 -77.461417359 37.560771010 128.000000
OBJECT 4 -77.461409330 37.560800539 308.000000
OBJECT 4 -77.461582425 37.560872303 128.000000
OBJECT 4 -77.461575786 37.560901225 308.000000
OBJECT 4 -77.461756549 37.560972111 128.000000
OBJECT 4 -77.461750666 37.561001063 308.000000
OBJECT 3 -77.461914524 37.560284038 308.000000
OBJECT 3 -77.461722131 37.560186938 128.000000
OBJECT 3 -77.461747668 37.560181656 308.000000
OBJECT 3 -77.461567307 37.560096003 128.000000
OBJECT 3 -77.461591241 37.560092628 308.000000
OBJECT 3 -77.461395991 37.559996942 128.000000
OBJECT 3 -77.461422736 37.559992169 308.000000
OBJECT 9 -77.461089721 37.560148638 306.179993
OBJECT 10 -77.461244579 37.560269177 305.959991
OBJECT 2 -77.461317168 37.560284683 307.119995
OBJECT 0 -77.463766452 37.560863618 36.810001
OBJECT 2 -77.463226645 37.560895997 216.639999
OBJECT 11 -77.461525058 37.560269273 125.730003
OBJECT 11 -77.461505003 37.560295328 125.730003
OBJECT 11 -77.461482720 37.560318292 125.730003
OBJECT 11 -77.461463223 37.560342138 125.730003
OBJECT 0 -77.462624063 37.560897225 217.850006
OBJECT 0 -77.463006877 37.561118684 217.850006
OBJECT 2 -77.463526944 37.561108575 36.669998
OBJECT 2 -77.462952412 37.561700115 36.970001
OBJECT 2 -77.462781553 37.561614696 216.190002
OBJECT 2 -77.462571305 37.561838533 216.529999
OBJECT 2 -77.463164970 37.561476550 36.970001
OBJECT 2 -77.464278217 37.559857427 83.209999
OBJECT 2 -77.464626885 37.559824582 83.209999
OBJECT 12 -77.464251173 37.559871600 83.570000
OBJECT 12 -77.464184433 37.559518634 81.750000
OBJECT 13 -77.461660318 37.559512167 34.169998
OBJECT 5 -77.461787604 37.559393493 0.000000
OBJECT 12 -77.462129161 37.559588305 126.300003
OBJECT 14 -77.462541235 37.559387686 125.699997
OBJECT 15 -77.462657712 37.559515123 307.299988
OBJECT 2 -77.461957170 37.559718953 305.579987
OBJECT 2 -77.461993336 37.559699818 125.629997
OBJECT 2 -77.462279698 37.559862319 125.629997
OBJECT 2 -77.461671331 37.559556305 305.579987
OBJECT 16 -77.461857726 37.559867143 125.930000
OBJECT 16 -77.462230607 37.559464962 125.930000
OBJECT 16 -77.462116248 37.559579426 125.930000
OBJECT 2 -77.463593734 37.558975825 350.769989
OBJECT 2 -77.463212807 37.559144118 219.889999
OBJECT 0 -77.463232711 37.559389594 171.889999
OBJECT 0 -77.463551753 37.559413253 81.519997
OBJECT 9 -77.463414044 37.559184325 352.339996
OBJECT 0 -77.463441452 37.559284481 172.759995
OBJECT 1 -77.463919784 37.560705582 38.040001
OBJECT 2 -77.464134540 37.560485168 37.590000
OBJECT 9 -77.463729860 37.560324577 219.419998
OBJECT 2 -77.463518462 37.560542147 217.779999
OBJECT 3 -77.463846362 37.560481046 308.000000
OBJECT 3 -77.463821334 37.560488677 128.000000
OBJECT 17 -77.461231249 37.560176930 125.449997
OBJECT 18 -77.461257610 37.560150840 304.690002
OBJECT 19 -77.461719376 37.560475338 127.470001
OBJECT 20 -77.461391621 37.560177905 306.450012
OBJECT 0 -77.464119149 37.559517853 82.260002
OBJECT 2 -77.464465936 37.559479634 82.029999
OBJECT 4 -77.464114322 37.559713024 353.000000
OBJECT 3 -77.463999865 37.559373484 352.000000
OBJECT 4 -77.464181706 37.560070152 353.000000
OBJECT 3 -77.464532314 37.559672597 353.000000
OBJECT 3 -77.464510407 37.559664544 173.000000
OBJECT 4 -77.464145126 37.559696236 173.000000
OBJECT 3 -77.463979888 37.559360876 172.000000
OBJECT 4 -77.464210585 37.560053364 173.000000
OBJECT 2 -77.464233134 37.559522376 261.899994
OBJECT 2 -77.463884304 37.559561012 261.899994
OBJECT 0 -77.464288702 37.559881161 263.459991
OBJECT 2 -77.463938536 37.559915659 262.929993
OBJECT 9 -77.463227660 37.558843167 217.669998
OBJECT 2 -77.463015080 37.559059785 218.009995
FILTER -1
FILTER 0
OBJECT 21 -77.460558346 37.560693141 40.599998
OBJECT 21 -77.460618558 37.560631090 41.419998
OBJECT 21 -77.460684791 37.560565857 38.230000
OBJECT 21 -77.460732961 37.560483123 21.320000
OBJECT 21 -77.460803208 37.560386070 32.279999
OBJECT 21 -77.460867434 37.560298562 34.110001
OBJECT 21 -77.460973808 37.560184007 37.970001
OBJECT 21 -77.461048069 37.560096500 34.380001
OBJECT 21 -77.461139307 37.559970104 27.030001
OBJECT 21 -77.461225610 37.559836456 26.930000
OBJECT 21 -77.461342018 37.559678943 32.119999
OBJECT 21 -77.461462441 37.559537341 32.840000
OBJECT 21 -77.461588884 37.559383010 27.780001
OBJECT 21 -77.461685222 37.559247771 40.830002
OBJECT 21 -77.461803638 37.559110941 44.520000
OBJECT 21 -77.461883920 37.558997978 43.049999
OBJECT 21 -77.460543103 37.560764778 164.880005
OBJECT 21 -77.460593280 37.560824442 133.960007
OBJECT 21 -77.460695028 37.560867533 117.260002
OBJECT 21 -77.460873436 37.560929407 118.769997
OBJECT 21 -77.460996046 37.560989886 119.279999
OBJECT 21 -77.461133105 37.561056180 121.900002
OBJECT 21 -77.461242287 37.561112345 119.449997
OBJECT 21 -77.461329401 37.561167589 129.589996
OBJECT 21 -77.461440906 37.561232962 125.330002
OBJECT 21 -77.461523374 37.561279920 126.349998
OBJECT 21 -77.461633717 37.561348055 126.610001
OBJECT 21 -77.462732662 37.559629724 107.349998
OBJECT 21 -77.462896039 37.559624574 90.000000
OBJECT 21 -77.463070262 37.559613525 94.930000
OBJECT 21 -77.463622201 37.559549441 187.460007
OBJECT 21 -77.464749725 37.559605586 154.029999
OBJECT 21 -77.464741362 37.559685138 187.500000
OBJECT 21 -77.464489086 37.559479629 262.059998
OBJECT 21 -77.464380370 37.559496202 264.959991
OBJECT 21 -77.464252142 37.559514985 262.179993
OBJECT 21 -77.464130882 37.559528244 259.799988
OBJECT 21 -77.464004047 37.559539293 265.140015
OBJECT 21 -77.463882787 37.559558076 262.410004
OBJECT 21 -77.464016591 37.559889543 83.019997
OBJECT 21 -77.464172696 37.559874074 80.379997
OBJECT 21 -77.464335769 37.559866340 92.050003
OBJECT 21 -77.464475148 37.559848662 86.480003
OBJECT 21 -77.464574107 37.559844242 89.160004
OBJECT 21 -77.464648066 37.559947245 43.490002
OBJECT 21 -77.464747954 37.559834914 33.689999
OBJECT 21 -77.464847843 37.559730870 34.919998
OBJECT 21 -77.464891400 37.559598488 3.500000
OBJECT 21 -77.464812790 37.559512307 315.000000
OBJECT 21 -77.464665607 37.559439384 295.390015
OBJECT 21 -77.464510061 37.559345247 307.029999
OBJECT 21 -77.464381276 37.559270999 298.339996
OBJECT 21 -77.464215695 37.559182165 300.299988
OBJECT 21 -77.463731950 37.559053805 141.949997
OBJECT 21 -77.463852372 37.559012438 132.649994
OBJECT 21 -77.464014942 37.559133357 146.309998
OBJECT 21 -77.463882478 37.559190634 144.610001
OBJECT 21 -77.461691891 37.559552322 123.500000
OBJECT 21 -77.461804841 37.559610244 127.570000
OBJECT 21 -77.461932605 37.559682062 124.820000
OBJECT 21 -77.462056884 37.559756642 131.380005
OBJECT 21 -77.462167226 37.559815569 125.430000
OBJECT 21 -77.462267115 37.559875418 133.639999
OBJECT 21 -77.461434943 37.559848694 127.610001
OBJECT 21 -77.461552254 37.559915908 127.029999
OBJECT 21 -77.461655628 37.559973915 128.110001
OBJECT 21 -77.461774100 37.560040208 126.730003
OBJECT 21 -77.461890250 37.560111105 129.990005
OBJECT 21 -77.461982000 37.560233957 228.270004
OBJECT 21 -77.461904567 37.560312220 219.089996
OBJECT 21 -77.461829069 37.560390483 214.589996
OBJECT 21 -77.461790332 37.560430404 215.539993
OBJECT 21 -77.462449801 37.559924202 210.960007
OBJECT 21 -77.462366173 37.560011489 216.160004
OBJECT 21 -77.462285333 37.560096565 215.130005
OBJECT 21 -77.462204493 37.560188271 212.990005
OBJECT 21 -77.462016918 37.560353972 231.339996
OBJECT 21 -77.461940258 37.560425790 208.500000
OBJECT 21 -77.461901232 37.560503132 191.820007
OBJECT 21 -77.461915170 37.560572740 158.500000
OBJECT 21 -77.462787158 37.560202486 211.649994
OBJECT 21 -77.462636628 37.560367115 210.860001
OBJECT 21 -77.462467686 37.560550799 209.119995
OBJECT 21 -77.462380573 37.560641952 217.979996
OBJECT 21 -77.462299268 37.560751521 211.160004
OBJECT 21 -77.463016421 37.560382434 211.300003
OBJECT 21 -77.462935116 37.560466068 212.830002
OBJECT 21 -77.462850906 37.560547400 209.589996
OBJECT 21 -77.462797671 37.560607248 219.679993
OBJECT 22 -77.461908266 37.561109195 128.220001
FILTER -1
FILTER 0
OBJECT 23 -77.462831663 37.560760434 214.470001
OBJECT 23 -77.462888126 37.560700330 37.180000
FILTER -1
FILTER 0
BEGIN_POLYGON 4 2 3
BEGIN_WINDING
POLYGON_POINT -77.461776790 37.560419583 0.000000000
POLYGON_POINT -77.462001273 37.560196226 0.000000000
POLYGON_POINT -77.461334962 37.559803416 0.000000000
POLYGON_POINT -77.461061191 37.560128010 0.000000000
POLYGON_POINT -77.461691617 37.560503657 0.000000000
END_WINDING
END_POLYGON
OBJECT 24 -77.462198154 37.561356496 308.529999
OBJECT 24 -77.462319229 37.561429469 308.529999
OBJECT 24 -77.462435837 37.561501026 308.529999
OBJECT 24 -77.462557868 37.561375060 308.529999
OBJECT 24 -77.462440593 37.561304259 308.529999
OBJECT 24 -77.462315237 37.561228087 308.529999
OBJECT 24 -77.462224295 37.561173489 308.529999
OBJECT 24 -77.462162527 37.561236240 308.529999
OBJECT 24 -77.462103970 37.561297187 308.529999
OBJECT 24 -77.462538130 37.561561837 308.529999
OBJECT 24 -77.462597993 37.561501248 308.529999
OBJECT 24 -77.462658642 37.561438029 308.529999
OBJECT 25 -77.462131047 37.560884876 36.450001
OBJECT 25 -77.461736691 37.561320631 36.450001
OBJECT 25 -77.462675333 37.561719603 307.000000
OBJECT 25 -77.462893118 37.561482512 307.000000
OBJECT 25 -77.462501295 37.561041534 307.000000
OBJECT 25 -77.463000558 37.561370489 307.000000
OBJECT 26 -77.462018431 37.561221701 308.670013
OBJECT 26 -77.462110106 37.561126644 308.670013
OBJECT 27 -77.462050451 37.560976873 216.789993
OBJECT 27 -77.461758022 37.561282245 214.619995
OBJECT 27 -77.461722113 37.561393964 114.720001
OBJECT 27 -77.461802258 37.561446446 122.940002
OBJECT 27 -77.461910280 37.561502611 125.709999
OBJECT 27 -77.462012493 37.561560618 122.010002
OBJECT 27 -77.462140261 37.561635198 125.839996
OBJECT 27 -77.462271822 37.561703284 127.180000
OBJECT 27 -77.462413528 37.561778785 124.940002
OBJECT 27 -77.462547103 37.561854286 126.629997
OBJECT 27 -77.462637702 37.561905847 125.400002
OBJECT 27 -77.462408732 37.560985629 131.360001
OBJECT 27 -77.462643311 37.561129804 128.369995
OBJECT 27 -77.462802684 37.561233420 135.000000
OBJECT 27 -77.462905751 37.561323558 124.470001
OBJECT 28 -77.461731844 37.561329358 128.679993
OBJECT 29 -77.462859480 37.560729016 125.250000
OBJECT 29 -77.461721360 37.560535075 269.559998
OBJECT 30 -77.463238203 37.561324494 128.229996
OBJECT 30 -77.463128424 37.561434429 305.970001
BEGIN_POLYGON 5 30 3
BEGIN_WINDING
POLYGON_POINT -77.463803248 37.560097637 1.000000000
POLYGON_POINT -77.463783503 37.560014770 1.000000000
POLYGON_POINT -77.463634831 37.560026740 0.000000000
POLYGON_POINT -77.463416470 37.559896915 0.000000000
POLYGON_POINT -77.463544643 37.559760591 1.000000000
POLYGON_POINT -77.463500119 37.559733736 1.000000000
POLYGON_POINT -77.463475921 37.559622480 1.000000000
POLYGON_POINT -77.463377897 37.559626018 0.000000000
POLYGON_POINT -77.462982418 37.560041923 1.000000000
POLYGON_POINT -77.463176464 37.560160002 1.000000000
POLYGON_POINT -77.463202021 37.560132913 0.000000000
POLYGON_POINT -77.463376180 37.560233564 0.000000000
POLYGON_POINT -77.463228572 37.560387021 1.000000000
POLYGON_POINT -77.463315760 37.560443006 1.000000000
POLYGON_POINT -77.463282164 37.560477147 1.000000000
POLYGON_POINT -77.463328591 37.560509147 0.000000000
POLYGON_POINT -77.463389611 37.560505727 1.000000000
POLYGON_POINT -77.463376799 37.560497638 1.000000000
POLYGON_POINT -77.463389930 37.560485117 1.000000000
POLYGON_POINT -77.463415910 37.560502396 0.000000000
END_WINDING
END_POLYGON
BEGIN_POLYGON 5 35 3
BEGIN_WINDING
POLYGON_POINT -77.463714300 37.560150062 1.000000000
POLYGON_POINT -77.463581115 37.560070418 1.000000000
POLYGON_POINT -77.463324833 37.560339727 1.000000000
POLYGON_POINT -77.463458018 37.560419371 1.000000000
END_WINDING
END_POLYGON
BEGIN_POLYGON 5 35 3
BEGIN_WINDING
POLYGON_POINT -77.463473870 37.559792815 1.000000000
POLYGON_POINT -77.463346106 37.559713631 1.000000000
POLYGON_POINT -77.463079393 37.559984060 1.000000000
POLYGON_POINT -77.463207157 37.560063244 1.000000000
END_WINDING
END_POLYGON
BEGIN_POLYGON 5 7 3
BEGIN_WINDING
POLYGON_POINT -77.463393745 37.559641713 0.000000000
POLYGON_POINT -77.462810411 37.559684270 1.000000000
POLYGON_POINT -77.462782718 37.559709100 1.000000000
POLYGON_POINT -77.462739430 37.559684909 1.000000000
POLYGON_POINT -77.462559347 37.559877602 1.000000000
POLYGON_POINT -77.463102932 37.560197401 1.000000000
POLYGON_POINT -77.463084843 37.560220552 1.000000000
POLYGON_POINT -77.463290322 37.560343927 1.000000000
POLYGON_POINT -77.463389728 37.560237016 1.000000000
POLYGON_POINT -77.463036554 37.560023561 1.000000000
END_WINDING
END_POLYGON
BEGIN_POLYGON 6 1 3
BEGIN_WINDING
POLYGON_POINT -77.462086291 37.561148948 0.000000000
POLYGON_POINT -77.462038297 37.561198666 0.000000000
END_WINDING
END_POLYGON
BEGIN_POLYGON 6 1 3
BEGIN_WINDING
POLYGON_POINT -77.462018459 37.561219752 0.000000000
POLYGON_POINT -77.461870500 37.561377007 0.000000000
POLYGON_POINT -77.462251943 37.561594414 0.000000000
POLYGON_POINT -77.462311879 37.561621500 0.000000000
POLYGON_POINT -77.462412146 37.561644590 0.000000000
POLYGON_POINT -77.462511852 37.561640593 0.000000000
POLYGON_POINT -77.462623040 37.561589261 0.000000000
POLYGON_POINT -77.462689324 37.561530797 0.000000000
POLYGON_POINT -77.462736003 37.561451241 0.000000000
POLYGON_POINT -77.462739827 37.561369966 0.000000000
POLYGON_POINT -77.462706685 37.561296701 0.000000000
POLYGON_POINT -77.462644602 37.561223066 0.000000000
POLYGON_POINT -77.462438857 37.561136737 0.000000000
POLYGON_POINT -77.462267518 37.561029643 0.000000000
POLYGON_POINT -77.462210243 37.561027336 0.000000000
POLYGON_POINT -77.462107377 37.561127834 0.000000000
END_WINDING
END_POLYGON
BEGIN_POLYGON 7 5 3
BEGIN_WINDING
POLYGON_POINT -77.461391553 37.560181089 0.000000000
POLYGON_POINT -77.461310776 37.560136045 0.000000000
POLYGON_POINT -77.461224712 37.560233030 0.000000000
POLYGON_POINT -77.461253122 37.560248873 9.000000000
POLYGON_POINT -77.461277683 37.560262568 0.000000000
POLYGON_POINT -77.461305489 37.560278074 9.000000000
POLYGON_POINT -77.461332041 37.560248153 0.000000000
POLYGON_POINT -77.461358534 37.560218297 7.000000000
END_WINDING
END_POLYGON
BEGIN_POLYGON 8 2 3
BEGIN_WINDING
POLYGON_POINT -77.462741422 37.561935825 0.000000000
POLYGON_POINT -77.463181174 37.561487160 0.000000000
POLYGON_POINT -77.463100129 37.561438284 0.000000000
END_WINDING
END_POLYGON
BEGIN_POLYGON 9 2 3
BEGIN_WINDING
POLYGON_POINT -77.461708877 37.561378626 0.000000000
POLYGON_POINT -77.461927695 37.561495289 0.000000000
POLYGON_POINT -77.462177048 37.561638369 0.000000000
POLYGON_POINT -77.462450542 37.561784103 0.000000000
POLYGON_POINT -77.462741422 37.561935825 0.000000000
END_WINDING
END_POLYGON
BEGIN_POLYGON 9 2 3
BEGIN_WINDING
POLYGON_POINT -77.461061191 37.560128010 0.000000000
POLYGON_POINT -77.460570521 37.560731022 0.000000000
POLYGON_POINT -77.460678904 37.560836798 0.000000000
POLYGON_POINT -77.460974776 37.560951149 0.000000000
POLYGON_POINT -77.461696949 37.561371982 0.000000000
END_WINDING
END_POLYGON
BEGIN_POLYGON 5 3 3
BEGIN_WINDING
POLYGON_POINT -77.463356382 37.558682418 0.000000000
POLYGON_POINT -77.462684826 37.558286062 0.000000000
POLYGON_POINT -77.462144921 37.558860922 0.000000000
POLYGON_POINT -77.462264259 37.558931356 0.000000000
POLYGON_POINT -77.462149749 37.559053280 0.000000000
POLYGON_POINT -77.462527899 37.559276467 0.000000000
POLYGON_POINT -77.462589650 37.559210718 0.000000000
POLYGON_POINT -77.462763717 37.559313454 0.000000000
END_WINDING
END_POLYGON
BEGIN_POLYGON 10 10 3
BEGIN_WINDING
POLYGON_POINT -77.462611055 37.559298672 0.000000000
POLYGON_POINT -77.462119721 37.559020255 0.000000000
POLYGON_POINT -77.461959164 37.559198310 0.000000000
POLYGON_POINT -77.462450498 37.559476727 0.000000000
END_WINDING
END_POLYGON
BEGIN_POLYGON 11 1 3
BEGIN_WINDING
POLYGON_POINT -77.463500192 37.558828918 0.000000000
POLYGON_POINT -77.463329694 37.558976164 0.000000000
POLYGON_POINT -77.463082956 37.559248681 0.000000000
POLYGON_POINT -77.462934637 37.559403619 0.000000000
END_WINDING
END_POLYGON
FILTER -1
OBJECT_DEF lib/airport/Common_Elements/Parking_Items/Row_of_Cars_6.agp
OBJECT_DEF lib/airport/Common_Elements/Parking_Items/Row_of_Cars_2.agp
OBJECT_DEF lib/airport/Common_Elements/Parking_Items/Row_of_Cars_10.agp
OBJECT_DEF lib/airport/Common_Elements/Parking_Items/7_Single_Spaces.agp
OBJECT_DEF lib/airport/Common_Elements/Parking_Items/14_Single_Spaces.agp
OBJECT_DEF lib/g10/forests/autogen_tree_any.obj
OBJECT_DEF lib/airport/Common_Elements/Miscellaneous/Stack_of_Cones.obj
OBJECT_DEF lib/airport/Ramp_Equipment/Traffic_Cone_1.obj
OBJECT_DEF lib/cars/car_static.obj
OBJECT_DEF lib/airport/Common_Elements/Parking_Items/Row_of_Cars_4.agp
OBJECT_DEF lib/airport/Common_Elements/Parking/NoParkStripes.obj
OBJECT_DEF lib/airport/Common_Elements/Vehicles/Cargo_Trailer.obj
OBJECT_DEF lib/airport/Common_Elements/Lighting/Omni_Parking_Lit.obj
OBJECT_DEF lib/g10/US/suburban/GdnShed.obj
OBJECT_DEF lib/airport/Common_Elements/Parking/6_wHandicapL.obj
OBJECT_DEF lib/airport/Common_Elements/Parking/4space_wStop.obj
OBJECT_DEF lib/airport/Common_Elements/Parking/20_Spaces_dual.obj
OBJECT_DEF lib/g10/EU/suburban/gshed1_3x2.obj
OBJECT_DEF lib/g10/US/industrial/light/StorHut3x3.obj
OBJECT_DEF lib/constructions/fencing/gates/gate_8mL_06.obj
OBJECT_DEF lib/street/streetlights/PrimaryLight_01.obj
OBJECT_DEF lib/g10/forests/autogen_tree_any.obj
OBJECT_DEF lib/g10/US/industrial/light/StorHut3x3.obj
OBJECT_DEF lib/airport/Common_Elements/Lighting/Ovrhd_Flood_Med.obj
OBJECT_DEF lib/airport/lights/slow/helipad_edge.obj
OBJECT_DEF lib/airport/Common_Elements/Lighting/Omni_Parking_Lit.obj
OBJECT_DEF lib/airport/Common_Elements/Miscellaneous/container_fire_extinguisher_metal.obj
OBJECT_DEF lib/g10/forests/autogen_tree1.obj
OBJECT_DEF lib/g10/US/industrial/light/SecBarrier.obj
OBJECT_DEF lib/constructions/fencing/barriers/barrier2w_8m_01.obj
OBJECT_DEF lib/constructions/fencing/barriers/barrier_8m_01.obj
POLYGON_DEF lib/airport/pavement/asphalt_1D.pol
POLYGON_DEF lib/airport/pavement/concrete_6L.pol
POLYGON_DEF lib/airport/lines/10_single_taxi_wide.lin
POLYGON_DEF lib/airport/lines/75_road_dash_wide_b.lin
POLYGON_DEF lib/constructions/fencing/fence_MeshHigh_05.fac
POLYGON_DEF lib/buildings/facades/generic/high_modern_05.fac
POLYGON_DEF lib/constructions/fencing/fence_Mesh_04.fac
POLYGON_DEF lib/airport/Modern_Airports/Terminal_kit/term_building_Ground_02.fac
POLYGON_DEF lib/constructions/fencing/fence_MeshHigh_07.fac
POLYGON_DEF lib/constructions/fencing/fence_MeshHigh_01.fac
POLYGON_DEF lib/buildings/facades/generic/high_modern_07.fac
POLYGON_DEF lib/constructions/fencing/fence_HedgeSmall_02.fac
PROPERTY sim/filter/aptid 7VA7
PROPERTY sim/exclude_obj -77.465002/37.559384/-77.464304/37.559789
PROPERTY sim/exclude_fac -77.465002/37.559384/-77.464304/37.559789
PROPERTY sim/exclude_for -77.465002/37.559384/-77.464304/37.559789
PROPERTY sim/exclude_bch -77.465002/37.559384/-77.464304/37.559789
PROPERTY sim/exclude_lin -77.465002/37.559384/-77.464304/37.559789
PROPERTY sim/exclude_pol -77.465002/37.559384/-77.464304/37.559789
PROPERTY sim/exclude_str -77.465002/37.559384/-77.464304/37.559789
PROPERTY sim/exclude_obj -77.464571/37.559093/-77.463561/37.560198
PROPERTY sim/exclude_fac -77.464571/37.559093/-77.463561/37.560198
PROPERTY sim/exclude_for -77.464571/37.559093/-77.463561/37.560198
PROPERTY sim/exclude_bch -77.464571/37.559093/-77.463561/37.560198
PROPERTY sim/exclude_lin -77.464571/37.559093/-77.463561/37.560198
PROPERTY sim/exclude_pol -77.464571/37.559093/-77.463561/37.560198
PROPERTY sim/exclude_str -77.464571/37.559093/-77.463561/37.560198
PROPERTY sim/exclude_obj -77.464127/37.558874/-77.463118/37.560711
PROPERTY sim/exclude_fac -77.464127/37.558874/-77.463118/37.560711
PROPERTY sim/exclude_for -77.464127/37.558874/-77.463118/37.560711
PROPERTY sim/exclude_bch -77.464127/37.558874/-77.463118/37.560711
PROPERTY sim/exclude_lin -77.464127/37.558874/-77.463118/37.560711
PROPERTY sim/exclude_pol -77.464127/37.558874/-77.463118/37.560711
PROPERTY sim/exclude_str -77.464127/37.558874/-77.463118/37.560711
PROPERTY sim/exclude_obj -77.463660/37.558536/-77.462650/37.561224
PROPERTY sim/exclude_fac -77.463660/37.558536/-77.462650/37.561224
PROPERTY sim/exclude_for -77.463660/37.558536/-77.462650/37.561224
PROPERTY sim/exclude_bch -77.463660/37.558536/-77.462650/37.561224
PROPERTY sim/exclude_lin -77.463660/37.558536/-77.462650/37.561224
PROPERTY sim/exclude_pol -77.463660/37.558536/-77.462650/37.561224
PROPERTY sim/exclude_str -77.463660/37.558536/-77.462650/37.561224
PROPERTY sim/exclude_obj -77.461777/37.559729/-77.461105/37.561281
PROPERTY sim/exclude_fac -77.461777/37.559729/-77.461105/37.561281
PROPERTY sim/exclude_for -77.461777/37.559729/-77.461105/37.561281
PROPERTY sim/exclude_bch -77.461777/37.559729/-77.461105/37.561281
PROPERTY sim/exclude_lin -77.461777/37.559729/-77.461105/37.561281
PROPERTY sim/exclude_pol -77.461777/37.559729/-77.461105/37.561281
PROPERTY sim/exclude_str -77.461777/37.559729/-77.461105/37.561281
PROPERTY sim/exclude_obj -77.462273/37.559222/-77.461601/37.561577
PROPERTY sim/exclude_fac -77.462273/37.559222/-77.461601/37.561577
PROPERTY sim/exclude_for -77.462273/37.559222/-77.461601/37.561577
PROPERTY sim/exclude_bch -77.462273/37.559222/-77.461601/37.561577
PROPERTY sim/exclude_lin -77.462273/37.559222/-77.461601/37.561577
PROPERTY sim/exclude_pol -77.462273/37.559222/-77.461601/37.561577
PROPERTY sim/exclude_str -77.462273/37.559222/-77.461601/37.561577
PROPERTY sim/exclude_obj -77.463115/37.558771/-77.462105/37.561794
PROPERTY sim/exclude_fac -77.463115/37.558771/-77.462105/37.561794
PROPERTY sim/exclude_for -77.463115/37.558771/-77.462105/37.561794
PROPERTY sim/exclude_bch -77.463115/37.558771/-77.462105/37.561794
PROPERTY sim/exclude_lin -77.463115/37.558771/-77.462105/37.561794
PROPERTY sim/exclude_pol -77.463115/37.558771/-77.462105/37.561794
PROPERTY sim/exclude_str -77.463115/37.558771/-77.462105/37.561794
PROPERTY sim/require_agpoint 1/24
PROPERTY sim/require_object 1/24
PROPERTY sim/require_facade 1/4
PROPERTY sim/require_agpoint 2/23
PROPERTY sim/require_object 2/23
PROPERTY sim/require_agpoint 3/21
PROPERTY sim/require_object 3/21
PROPERTY sim/require_agpoint 4/0
PROPERTY sim/require_object 4/0
PROPERTY sim/require_facade 6/0
