PROPERTY sim/west -180
PROPERTY sim/east 180
PROPERTY sim/north 90
PROPERTY sim/south -90
PROPERTY sim/planet earth
PROPERTY sim/creation_agent WorldEditor1.7.0r3
PROPERTY laminar/internal_revision 0
PROPERTY sim/overlay 1
FILTER 0
BEGIN_POLYGON 0 255 2
BEGIN_WINDING
POLYGON_POINT -71.546739025 44.266239915
POLYGON_POINT -71.546717886 44.266715261
POLYGON_POINT -71.547204098 44.267021057
POLYGON_POINT -71.547910162 44.266927199
POLYGON_POINT -71.548531639 44.266324690
POLYGON_POINT -71.549068571 44.265473911
POLYGON_POINT -71.548421711 44.263963098
POLYGON_POINT -71.547910160 44.264072095
POLYGON_POINT -71.547018091 44.264296143
POLYGON_POINT -71.545635596 44.264592856
POLYGON_POINT -71.545728607 44.265437579
POLYGON_POINT -71.545906176 44.265501160
POLYGON_POINT -71.546092200 44.266091558
POLYGON_POINT -71.546083744 44.266548738
POLYGON_POINT -71.546197895 44.266560849
POLYGON_POINT -71.546388147 44.266348911
POLYGON_POINT -71.546654499 44.266191472
END_WINDING
END_POLYGON
BEGIN_POLYGON 1 255 2
BEGIN_WINDING
POLYGON_POINT -71.545576396 44.264747268
POLYGON_POINT -71.545056373 44.264838098
POLYGON_POINT -71.545022551 44.264974344
POLYGON_POINT -71.544447566 44.265083340
POLYGON_POINT -71.544992956 44.265407302
POLYGON_POINT -71.545690547 44.265392164
END_WINDING
END_POLYGON
BEGIN_POLYGON 1 255 2
BEGIN_WINDING
POLYGON_POINT -71.543568175 44.265040953
POLYGON_POINT -71.542468930 44.265240780
POLYGON_POINT -71.542236398 44.265392164
POLYGON_POINT -71.542236398 44.265573825
POLYGON_POINT -71.542435107 44.265728237
POLYGON_POINT -71.543521668 44.266149084
POLYGON_POINT -71.543551263 44.266000728
POLYGON_POINT -71.543559719 44.265743375
POLYGON_POINT -71.543800707 44.265749430
POLYGON_POINT -71.544067062 44.265616212
END_WINDING
END_POLYGON
BEGIN_POLYGON 2 255 2
BEGIN_WINDING
POLYGON_POINT -71.545392356 44.266173358
POLYGON_POINT -71.544961597 44.266047444
POLYGON_POINT -71.544959890 44.266219812
POLYGON_POINT -71.545333177 44.266291122
END_WINDING
END_POLYGON
BEGIN_POLYGON 3 0 4
BEGIN_WINDING
POLYGON_POINT -71.545994364 44.266638438 -71.545994364 44.266638438
POLYGON_POINT -71.545988931 44.266813388 -71.545932629 44.266953027
POLYGON_POINT -71.545988931 44.266813388 -71.545988931 44.266813388
POLYGON_POINT -71.545988931 44.266813388 -71.545910657 44.266953027
POLYGON_POINT -71.545712724 44.267054004 -71.545712724 44.267054004
POLYGON_POINT -71.545311226 44.267257917 -71.545311226 44.267257917
POLYGON_POINT -71.545412767 44.267275575 -71.545412767 44.267275575
POLYGON_POINT -71.545764282 44.267096494 -71.545764282 44.267096494
POLYGON_POINT -71.546063371 44.266831191 -71.546156750 44.266673851
POLYGON_POINT -71.546063371 44.266831191 -71.546063371 44.266831191
POLYGON_POINT -71.546063371 44.266831191 -71.546074356 44.266799723
POLYGON_POINT -71.546117079 44.266662097 -71.546117079 44.266662097
END_WINDING
END_POLYGON
FILTER -1
FILTER 0
FILTER -1
FILTER 0
FILTER -1
FILTER 0
FILTER -1
FILTER 0
FILTER -1
FILTER 0
OBJECT 0 -71.545836689 44.266616874 106.733650
OBJECT 0 -71.545759427 44.266599749 105.027161
OBJECT 0 -71.545367993 44.266337521 15.945358
OBJECT 1 -71.544341717 44.266196086 93.012840
OBJECT 1 -71.544541041 44.266267455 224.999496
OBJECT 1 -71.544455616 44.266212399 0.000000
OBJECT 1 -71.544563820 44.266181812 0.000000
OBJECT 1 -71.544458464 44.266367372 176.633606
OBJECT 1 -71.544384430 44.266296003 180.000000
OBJECT 1 -71.544498329 44.266389803 147.995132
OBJECT 1 -71.544626465 44.266408155 0.000000
OBJECT 1 -71.544879890 44.266536619 270.000000
OBJECT 1 -71.544731821 44.266493798 0.000000
OBJECT 1 -71.544543888 44.266440781 270.000000
OBJECT 1 -71.544464159 44.266455055 233.129532
OBJECT 1 -71.544367345 44.266444859 270.000000
OBJECT 1 -71.544341717 44.266412233 0.000000
OBJECT 1 -71.544333175 44.266342903 0.000000
OBJECT 1 -71.543629849 44.266293964 0.000000
OBJECT 1 -71.543601374 44.266251142 0.000000
OBJECT 1 -71.543592832 44.266145108 0.000000
OBJECT 1 -71.543604221 44.265877983 44.999683
OBJECT 1 -71.543658323 44.265831083 75.963615
OBJECT 1 -71.543669713 44.265839239 135.000305
OBJECT 1 -71.543678256 44.265931000 180.000000
OBJECT 1 -71.543678256 44.265975860 180.000000
OBJECT 1 -71.543612764 44.265990134 90.000000
OBJECT 1 -71.543678256 44.266041112 161.565292
OBJECT 1 -71.543689646 44.266094130 185.710510
OBJECT 1 -71.543675408 44.266112482 0.000000
OBJECT 1 -71.543652629 44.266128795 194.036041
OBJECT 1 -71.543552967 44.266145108 231.339752
OBJECT 1 -71.543555814 44.266161421 135.000458
OBJECT 1 -71.543695341 44.266196086 158.198914
OBJECT 1 -71.543686798 44.266228712 194.036011
OBJECT 1 -71.543672561 44.266232790 224.999512
OBJECT 1 -71.543857647 44.266277651 63.434540
OBJECT 1 -71.543974393 44.266322512 153.435379
OBJECT 1 -71.544099682 44.266361255 63.434505
OBJECT 1 -71.543689646 44.266267455 0.000000
OBJECT 1 -71.543837714 44.266340864 135.000549
OBJECT 1 -71.543945918 44.266349020 90.000000
OBJECT 1 -71.543965851 44.266342903 0.000000
OBJECT 1 -71.544005715 44.266285807 20.555706
OBJECT 1 -71.544017105 44.266251142 0.000000
OBJECT 1 -71.544139547 44.266269494 180.000000
OBJECT 1 -71.544139547 44.266287846 0.000000
OBJECT 1 -71.544150937 44.266318433 0.000000
OBJECT 1 -71.544224971 44.266271533 0.000000
OBJECT 1 -71.544244903 44.266222594 0.000000
OBJECT 1 -71.544370192 44.266234829 90.000000
OBJECT 1 -71.545487739 44.266654336 0.000000
OBJECT 1 -71.545359603 44.266576849 0.000000
OBJECT 1 -71.545279874 44.266580928 0.000000
OBJECT 1 -71.545205840 44.266544224 0.000000
OBJECT 1 -71.545168823 44.266523832 0.000000
OBJECT 1 -71.545086247 44.266503441 180.000000
OBJECT 1 -71.545009365 44.266546263 270.000000
OBJECT 1 -71.544721771 44.266413720 90.000000
OBJECT 1 -71.544758788 44.266442267 161.565460
OBJECT 1 -71.544767331 44.266442267 90.000000
OBJECT 1 -71.544866992 44.266399446 0.000000
OBJECT 1 -71.544861297 44.266393328 0.000000
OBJECT 1 -71.544861297 44.266356624 0.000000
OBJECT 1 -71.544946721 44.266303607 116.565552
OBJECT 1 -71.544958111 44.266387211 180.000000
OBJECT 1 -71.544963806 44.265494075 315.000214
OBJECT 1 -71.544963806 44.265475723 0.000000
OBJECT 1 -71.544963806 44.265449214 0.000000
OBJECT 1 -71.544963806 44.265418627 0.000000
OBJECT 1 -71.544784416 44.265314632 180.000000
OBJECT 1 -71.544829975 44.265349297 180.000000
OBJECT 1 -71.544844212 44.265367649 180.000000
OBJECT 1 -71.544878382 44.265420666 156.037659
OBJECT 1 -71.545000823 44.265451253 116.565216
OBJECT 1 -71.545046382 44.265436979 75.963661
OBJECT 1 -71.545063467 44.265441058 0.000000
OBJECT 1 -71.545091942 44.265485918 142.125229
OBJECT 1 -71.545165976 44.265475723 90.000000
OBJECT 1 -71.545197298 44.265475723 90.000000
OBJECT 1 -71.545262790 44.265481840 90.000000
OBJECT 1 -71.545302654 44.265471644 0.000000
OBJECT 1 -71.545200145 44.265430862 0.000000
OBJECT 1 -71.545664282 44.265432901 0.000000
OBJECT 1 -71.545641503 44.265434940 243.434784
OBJECT 1 -71.545504824 44.265418627 0.000000
OBJECT 1 -71.545311197 44.265432901 0.000000
OBJECT 1 -71.545445030 44.265461449 135.000015
OBJECT 1 -71.545470657 44.265463488 104.036255
OBJECT 1 -71.545644354 44.265459410 0.000000
OBJECT 1 -71.545365300 44.265459410 194.036240
OBJECT 1 -71.545291266 44.265502231 90.000000
OBJECT 1 -71.544989432 44.265571562 44.999928
OBJECT 1 -71.545009365 44.265530779 26.565008
OBJECT 1 -71.545032145 44.265504270 90.000000
OBJECT 1 -71.545137502 44.265540975 141.340256
OBJECT 1 -71.545194451 44.265547092 44.999939
OBJECT 1 -71.545225774 44.265538936 90.000000
OBJECT 1 -71.545584557 44.265489997 90.000000
OBJECT 1 -71.545390928 44.265508349 170.537689
OBJECT 1 -71.545430792 44.265512427 90.000000
OBJECT 1 -71.545482047 44.265496114 63.434921
OBJECT 1 -71.545624421 44.265496114 90.000000
OBJECT 1 -71.545772491 44.265494075 90.000000
OBJECT 1 -71.545798118 44.265471644 90.000000
OBJECT 1 -71.545906322 44.265528740 135.000046
OBJECT 1 -71.545920560 44.265596031 0.000000
OBJECT 1 -71.545920560 44.265604188 180.000000
OBJECT 1 -71.545920560 44.265644970 0.000000
OBJECT 1 -71.545934797 44.265683713 0.000000
OBJECT 1 -71.545949035 44.265771396 168.690140
OBJECT 1 -71.545980357 44.265846843 180.000000
OBJECT 1 -71.546025917 44.265914134 180.000000
OBJECT 1 -71.546020222 44.265973269 0.000000
OBJECT 1 -71.546082866 44.266107851 0.000000
OBJECT 1 -71.546057239 44.266052795 0.000000
OBJECT 1 -71.545903475 44.266693080 0.000000
OBJECT 1 -71.545795270 44.266676767 279.462524
OBJECT 1 -71.545752558 44.266654336 0.000000
OBJECT 1 -71.545706998 44.266670649 224.999390
OBJECT 1 -71.545675676 44.266676767 0.000000
OBJECT 1 -71.545604489 44.266642101 180.000000
OBJECT 1 -71.545669981 44.266640062 86.185844
OBJECT 1 -71.545672829 44.266611515 0.000000
OBJECT 1 -71.545408013 44.266552380 0.000000
OBJECT 1 -71.545399470 44.266619671 0.000000
OBJECT 1 -71.545410860 44.266615593 0.000000
OBJECT 1 -71.545436487 44.266582967 90.000000
OBJECT 1 -71.545504827 44.266576849 180.000000
OBJECT 1 -71.545513369 44.266605397 180.000000
OBJECT 1 -71.545550387 44.266642101 0.000000
OBJECT 1 -71.545556082 44.266605397 0.000000
OBJECT 1 -71.545322588 44.266576849 0.000000
OBJECT 1 -71.545294113 44.266566654 0.000000
OBJECT 1 -71.545274181 44.266542184 0.000000
OBJECT 1 -71.545259943 44.266531989 0.000000
OBJECT 1 -71.545165976 44.266566654 0.000000
OBJECT 1 -71.545120417 44.266540145 0.000000
OBJECT 1 -71.545120417 44.266489167 0.000000
OBJECT 1 -71.544849906 44.266442267 0.000000
OBJECT 1 -71.544866991 44.266442267 0.000000
OBJECT 1 -71.544995127 44.266485089 0.000000
OBJECT 1 -71.545000822 44.266423915 0.000000
OBJECT 1 -71.544488275 44.266268942 153.435272
OBJECT 1 -71.544539530 44.266326037 0.000000
OBJECT 1 -71.544676209 44.266334194 0.000000
OBJECT 1 -71.544778719 44.266368859 0.000000
OBJECT 2 -71.545371350 44.266373117 195.610001
OBJECT 3 -71.545605503 44.266292252 296.000000
OBJECT 3 -71.545563697 44.266277871 296.000000
OBJECT 3 -71.545520936 44.266263269 296.000000
OBJECT 4 -71.545704137 44.266565587 285.609985
OBJECT 5 -71.544662894 44.265756780 352.559998
OBJECT 6 -71.544754652 44.266119477 99.089996
OBJECT 7 -71.543911047 44.265955896 88.599998
OBJECT 7 -71.543914626 44.266060996 88.599998
OBJECT 7 -71.543918356 44.266166802 88.599998
OBJECT 8 -71.544743600 44.266200140 9.050000
BEGIN_POLYGON 4 10 2
BEGIN_WINDING
POLYGON_POINT -71.544877380 44.266212069
POLYGON_POINT -71.544907539 44.266045406
END_WINDING
END_POLYGON
BEGIN_POLYGON 5 2 2
BEGIN_WINDING
POLYGON_POINT -71.546083043 44.266212597
POLYGON_POINT -71.545843266 44.265513497
POLYGON_POINT -71.545043192 44.265567813
POLYGON_POINT -71.545097019 44.265946273
POLYGON_POINT -71.545838372 44.266275673
POLYGON_POINT -71.546083043 44.266212597
END_WINDING
END_POLYGON
FILTER -1
OBJECT_DEF lib/cars/car.obj
OBJECT_DEF lib/g10/forests/autogen_tree_any.obj
OBJECT_DEF lib/g10/US/suburban/B-RnchLH.obj
OBJECT_DEF lib/g10/US/suburban/Greenhse.obj
OBJECT_DEF lib/g10/US/suburban/T-RnchRHRd.obj
OBJECT_DEF lib/g10/US/industrial/light/WoodShed8x10.obj
OBJECT_DEF lib/airport/aircraft/general_aviation/prop_a.obj
OBJECT_DEF lib/airport/Common_Elements/Hangars/Sm_Brown_Hangar.agp
OBJECT_DEF lib/airport/Common_Elements/Hangars/Sm_Blue_Hangar.agp
POLYGON_DEF lib/g8/wetl_wdy_vcld_sdry.for
POLYGON_DEF lib/g8/wetl_shrb_vcld_rain.for
POLYGON_DEF lib/g8/wetl_shrb_tmp_sdry.for
POLYGON_DEF lib/airport/pavement/asphalt_1D.pol
POLYGON_DEF lib/g10/global_objects/fencing_SmallHedge_2.fac
POLYGON_DEF lib/g10/global_objects/fence_res_tall.fac
PROPERTY sim/filter/aptid 8B2
PROPERTY sim/exclude_net -71.546199/44.266304/-71.545735/44.266746
PROPERTY sim/require_agpoint 1/0
PROPERTY sim/require_object 1/0
PROPERTY sim/require_facade 1/4
PROPERTY sim/require_facade 6/0
