PROPERTY sim/west -180
PROPERTY sim/east 180
PROPERTY sim/north 90
PROPERTY sim/south -90
PROPERTY sim/planet earth
PROPERTY sim/creation_agent WorldEditor1.7.0r3
PROPERTY laminar/internal_revision 0
PROPERTY sim/overlay 1
FILTER 0
FILTER -1
FILTER 0
FILTER -1
FILTER 0
FILTER -1
FILTER 0
FILTER -1
FILTER 0
FILTER -1
FILTER 0
OBJECT 0 -121.335211763 36.870222567 0.000000
OBJECT 0 -121.335115064 36.870197701 180.000000
OBJECT 0 -121.335121971 36.870261247 0.000000
OBJECT 0 -121.335180681 36.870291639 180.000000
OBJECT 0 -121.335270473 36.870291639 0.000000
OBJECT 0 -121.335467325 36.870451885 0.000000
OBJECT 0 -121.335401708 36.870404916 270.000000
OBJECT 0 -121.335329183 36.870407679 0.000000
OBJECT 0 -121.335246298 36.870399391 0.000000
OBJECT 0 -121.335305008 36.870512668 0.000000
OBJECT 0 -121.334973468 36.870924335 0.000000
OBJECT 0 -121.334938933 36.870788955 0.000000
OBJECT 0 -121.334759349 36.870802769 0.000000
OBJECT 0 -121.334831873 36.870443596 0.000000
OBJECT 0 -121.334942387 36.870427019 53.130001
OBJECT 0 -121.334904398 36.870341370 251.559998
OBJECT 0 -121.334849141 36.870380051 0.000000
OBJECT 0 -121.334586672 36.870410442 0.000000
OBJECT 0 -121.334555590 36.870446359 0.000000
OBJECT 0 -121.334510694 36.870371762 270.000000
OBJECT 0 -121.334472705 36.870418731 0.000000
OBJECT 0 -121.334469251 36.870485039 135.000000
OBJECT 0 -121.334545229 36.870532008 180.000000
OBJECT 0 -121.334500333 36.870584503 270.000000
OBJECT 0 -121.334438169 36.870573451 180.000000
OBJECT 0 -121.334427809 36.870650811 180.000000
OBJECT 0 -121.334489973 36.870686729 180.000000
OBJECT 0 -121.334427809 36.870730934 270.000000
OBJECT 0 -121.334407088 36.870811057 135.000000
OBJECT 0 -121.334517601 36.870797243 90.000000
OBJECT 0 -121.334486519 36.870852500 116.570000
OBJECT 0 -121.334572858 36.870830398 0.000000
OBJECT 0 -121.334141165 36.870844212 0.000000
OBJECT 0 -121.334168793 36.870758563 0.000000
OBJECT 0 -121.334075548 36.870786192 161.570007
OBJECT 0 -121.334058280 36.870882892 180.000000
OBJECT 0 -121.334134258 36.870929861 90.000000
OBJECT 0 -121.334220596 36.870907758 45.000000
OBJECT 0 -121.334262039 36.870863552 0.000000
OBJECT 0 -121.334382913 36.870264010 0.000000
OBJECT 0 -121.334458891 36.870241907 0.000000
OBJECT 0 -121.334527962 36.870200464 0.000000
OBJECT 0 -121.335146146 36.869987724 270.000000
OBJECT 0 -121.335080528 36.870023641 0.000000
OBJECT 0 -121.335101249 36.870065084 116.570000
OBJECT 0 -121.335166867 36.870056795 0.000000
OBJECT 0 -121.335477686 36.870208753 0.000000
OBJECT 0 -121.335536396 36.870264010 180.000000
OBJECT 0 -121.335591652 36.870324793 180.000000
OBJECT 0 -121.335674537 36.870407679 90.000000
OBJECT 0 -121.335795411 36.870399391 90.000000
OBJECT 0 -121.335909378 36.870399391 90.000000
OBJECT 0 -121.335974996 36.870407679 90.000000
OBJECT 0 -121.336047520 36.870429782 90.000000
OBJECT 0 -121.336123498 36.870471225 0.000000
OBJECT 0 -121.335418975 36.870863552 90.000000
OBJECT 0 -121.335671084 36.870846975 90.000000
OBJECT 0 -121.335829947 36.870860789 90.000000
OBJECT 0 -121.335888657 36.870772377 45.000000
OBJECT 0 -121.335961181 36.870695017 0.000000
OBJECT 0 -121.336054427 36.870623183 90.000000
OBJECT 0 -121.336130405 36.870598317 0.000000
OBJECT 0 -121.336220197 36.870623183 161.570007
OBJECT 0 -121.336209836 36.870683966 180.000000
OBJECT 0 -121.336175301 36.870722646 206.559998
OBJECT 0 -121.336137312 36.870777903 0.000000
OBJECT 0 -121.335995717 36.870772377 225.000000
OBJECT 0 -121.335995717 36.870811057 180.000000
OBJECT 0 -121.335926646 36.870841449 270.000000
OBJECT 0 -121.335874843 36.870888418 180.000000
OBJECT 0 -121.335791958 36.870921572 233.130005
OBJECT 0 -121.335722887 36.870974066 213.690002
OBJECT 0 -121.335650363 36.871012747 233.130005
OBJECT 0 -121.335608920 36.871068004 198.429993
OBJECT 0 -121.335467325 36.871120498 0.000000
OBJECT 0 -121.335374079 36.871145364 243.429993
OBJECT 0 -121.335318823 36.871167467 225.000000
OBJECT 0 -121.335229031 36.871208910 225.000000
OBJECT 0 -121.335073621 36.871242064 251.559998
OBJECT 0 -121.335004550 36.871247590 0.000000
OBJECT 0 -121.334918212 36.871261404 270.000000
OBJECT 0 -121.334835327 36.871253116 0.000000
OBJECT 0 -121.331914522 36.869830904 0.000000
OBJECT 0 -121.332052013 36.869892778 90.000000
OBJECT 0 -121.332043420 36.869782780 0.000000
OBJECT 0 -121.332017641 36.869720906 270.000000
OBJECT 0 -121.331931708 36.869727781 0.000000
OBJECT 0 -121.331854370 36.869720906 270.000000
OBJECT 0 -121.331794217 36.869775905 180.000000
OBJECT 0 -121.331819997 36.869858404 180.000000
OBJECT 0 -121.331888742 36.869906528 135.000000
OBJECT 0 -121.331948895 36.869927153 0.000000
OBJECT 0 -121.332034827 36.869940903 0.000000
OBJECT 0 -121.330934896 36.869837779 180.000000
OBJECT 0 -121.331029421 36.869837779 0.000000
OBJECT 0 -121.331038015 36.869734656 315.000000
OBJECT 0 -121.330960676 36.869727781 0.000000
OBJECT 0 -121.330883337 36.869762155 0.000000
OBJECT 0 -121.330823184 36.869824030 0.000000
OBJECT 0 -121.338745127 36.871129983 0.000000
OBJECT 0 -121.338749271 36.871060359 0.000000
OBJECT 0 -121.338637377 36.871086882 270.000000
OBJECT 0 -121.338612511 36.871159822 0.000000
OBJECT 0 -121.338666386 36.871209554 180.000000
OBJECT 0 -121.338745127 36.871246023 0.000000
OBJECT 0 -121.338823867 36.871192976 0.000000
OBJECT 0 -121.338832156 36.871133299 0.000000
OBJECT 0 -121.338823867 36.871076936 0.000000
OBJECT 0 -121.338774137 36.871017258 45.000000
OBJECT 0 -121.338836300 36.870960896 315.000000
OBJECT 0 -121.338786569 36.870931057 0.000000
OBJECT 0 -121.338616655 36.870735446 90.000000
OBJECT 0 -121.338678819 36.870771916 135.000000
OBJECT 0 -121.338707829 36.870838225 0.000000
OBJECT 0 -121.338653953 36.870848171 0.000000
OBJECT 0 -121.338600078 36.870897902 0.000000
OBJECT 0 -121.338508905 36.870874694 0.000000
OBJECT 0 -121.338521338 36.870805070 0.000000
OBJECT 0 -121.338459174 36.870775231 270.000000
OBJECT 0 -121.338392866 36.870824963 225.000000
OBJECT 0 -121.338388722 36.870878010 0.000000
OBJECT 0 -121.338264395 36.870894587 0.000000
OBJECT 0 -121.338202231 36.870884641 0.000000
OBJECT 0 -121.338160789 36.870927741 270.000000
OBJECT 0 -121.338069615 36.870924426 0.000000
OBJECT 0 -121.338102769 36.870868064 0.000000
OBJECT 0 -121.338082048 36.870808386 90.000000
OBJECT 0 -121.338156644 36.870815017 0.000000
OBJECT 0 -121.338135923 36.870748708 0.000000
OBJECT 0 -121.338024029 36.870705607 225.000000
OBJECT 0 -121.338024029 36.870755339 0.000000
OBJECT 0 -121.337978442 36.870834909 180.000000
OBJECT 0 -121.338007452 36.870891272 180.000000
OBJECT 0 -121.337978442 36.870931057 0.000000
OBJECT 0 -121.338455030 36.869575043 0.000000
OBJECT 0 -121.338359712 36.869591620 270.000000
OBJECT 0 -121.338343135 36.869525311 0.000000
OBJECT 0 -121.338434309 36.869505419 116.570000
OBJECT 0 -121.338571069 36.869505419 90.000000
OBJECT 0 -121.338575213 36.869561781 180.000000
OBJECT 0 -121.338566924 36.869618143 0.000000
OBJECT 0 -121.339975965 36.870009365 90.000000
OBJECT 0 -121.340092003 36.870015996 90.000000
OBJECT 0 -121.340187320 36.869969580 315.000000
OBJECT 0 -121.340100291 36.869923164 0.000000
OBJECT 0 -121.340009118 36.869906587 0.000000
OBJECT 0 -121.339909657 36.869956318 206.559998
OBJECT 0 -121.339830917 36.870025942 236.309998
OBJECT 0 -121.339785331 36.870092251 0.000000
OBJECT 0 -121.339905513 36.870092251 0.000000
OBJECT 0 -121.340067137 36.870082305 90.000000
OBJECT 0 -121.340195608 36.870069043 90.000000
OBJECT 0 -121.343759948 36.868892331 0.000000
OBJECT 0 -121.343863552 36.868834311 0.000000
OBJECT 0 -121.343929168 36.868801157 0.000000
OBJECT 0 -121.343942982 36.868850888 213.690002
OBJECT 0 -121.343908447 36.868878517 225.000000
OBJECT 0 -121.343839378 36.868906146 236.309998
OBJECT 0 -121.343770308 36.868966929 206.559998
OBJECT 0 -121.343694331 36.868955877 341.570007
OBJECT 0 -121.343666703 36.868872991 18.430000
OBJECT 0 -121.343725413 36.868820497 90.000000
OBJECT 0 -121.343787575 36.868809445 45.000000
OBJECT 0 -121.343860099 36.868762477 45.000000
OBJECT 0 -121.343929168 36.868729322 90.000000
OBJECT 0 -121.344001691 36.868734848 90.000000
OBJECT 0 -121.344032773 36.868817734 225.000000
OBJECT 0 -121.343473309 36.869519502 0.000000
OBJECT 0 -121.343383518 36.869533316 270.000000
OBJECT 0 -121.343366250 36.869591336 180.000000
OBJECT 0 -121.343255738 36.869624491 243.429993
OBJECT 0 -121.343127962 36.869674222 0.000000
OBJECT 0 -121.343089973 36.869751582 0.000000
OBJECT 0 -121.343003635 36.869784737 255.960007
OBJECT 0 -121.342900029 36.869834468 270.000000
OBJECT 0 -121.342824051 36.869867623 0.000000
OBJECT 0 -121.342734259 36.869917354 0.000000
OBJECT 0 -121.342592665 36.869980900 0.000000
OBJECT 0 -121.342233499 36.870077600 0.000000
OBJECT 0 -121.342223138 36.870257187 0.000000
OBJECT 0 -121.342302570 36.870116280 270.000000
OBJECT 0 -121.342243860 36.870154961 270.000000
OBJECT 0 -121.342122986 36.870182589 270.000000
OBJECT 0 -121.342071183 36.870226795 0.000000
OBJECT 0 -121.341974484 36.870246135 270.000000
OBJECT 0 -121.341926134 36.870306918 0.000000
OBJECT 0 -121.342005565 36.870295867 0.000000
OBJECT 0 -121.342102264 36.870284815 180.000000
OBJECT 0 -121.342043554 36.870340073 0.000000
OBJECT 0 -121.341939948 36.870384278 243.429993
OBJECT 0 -121.341819074 36.870398093 0.000000
OBJECT 0 -121.341853610 36.870356650 45.000000
OBJECT 0 -121.341839796 36.870273764 0.000000
OBJECT 0 -121.341736189 36.870295867 135.000000
OBJECT 0 -121.341739643 36.870351124 180.000000
OBJECT 0 -121.341694747 36.870392567 180.000000
OBJECT 0 -121.341615316 36.870445061 180.000000
OBJECT 0 -121.341624985 36.870314826 0.000000
OBJECT 0 -121.341532178 36.870389075 0.000000
OBJECT 0 -121.341470307 36.870463324 0.000000
OBJECT 0 -121.344966014 36.868854599 0.000000
OBJECT 0 -121.344873208 36.868796850 0.000000
OBJECT 0 -121.344945391 36.868796850 0.000000
OBJECT 0 -121.344801025 36.868854599 0.000000
OBJECT 0 -121.344440111 36.868945348 0.000000
OBJECT 0 -121.344275122 36.868994847 0.000000
OBJECT 0 -121.344068886 36.869052596 270.000000
OBJECT 0 -121.343986391 36.869093845 0.000000
OBJECT 0 -121.343883273 36.869126845 0.000000
OBJECT 0 -121.343780155 36.869209343 0.000000
OBJECT 0 -121.343687349 36.869275342 0.000000
OBJECT 0 -121.343604854 36.869308342 180.000000
OBJECT 0 -121.343522359 36.869382591 225.000000
OBJECT 0 -121.343450177 36.869423840 0.000000
OBJECT 0 -121.343326435 36.869448590 0.000000
OBJECT 0 -121.343202693 36.869539338 0.000000
OBJECT 0 -121.343109887 36.869621837 206.559998
OBJECT 0 -121.343017080 36.869687836 270.000000
OBJECT 0 -121.342872715 36.869753835 270.000000
OBJECT 0 -121.342779908 36.869803334 0.000000
OBJECT 0 -121.342676790 36.869852833 270.000000
OBJECT 0 -121.342553048 36.869918832 270.000000
OBJECT 0 -121.342460242 36.869968332 0.000000
OBJECT 0 -121.342315877 36.870034330 0.000000
OBJECT 0 -121.342140576 36.870108579 0.000000
OBJECT 0 -121.342027146 36.870149829 225.000000
OBJECT 0 -121.341913716 36.870191078 225.000000
OBJECT 0 -121.341800286 36.870215828 0.000000
OBJECT 0 -121.341645608 36.870232327 0.000000
OBJECT 0 -121.341480619 36.870248827 270.000000
OBJECT 0 -121.341387813 36.870290076 0.000000
OBJECT 0 -121.341325942 36.870413825 0.000000
OBJECT 0 -121.341325942 36.870496323 180.000000
OBJECT 0 -121.341439372 36.870537573 0.000000
OBJECT 0 -121.341604361 36.870529323 80.540001
OBJECT 0 -121.341717791 36.870512823 90.000000
OBJECT 0 -121.341820909 36.870488073 0.000000
OBJECT 0 -121.341965275 36.870446824 0.000000
OBJECT 0 -121.342089017 36.870422074 0.000000
OBJECT 0 -121.342171511 36.870389075 0.000000
OBJECT 0 -121.342264317 36.870314826 0.000000
OBJECT 0 -121.342346812 36.870232327 0.000000
OBJECT 0 -121.342398371 36.870141579 0.000000
OBJECT 0 -121.342480866 36.870075580 0.000000
OBJECT 0 -121.342542737 36.870232327 0.000000
OBJECT 0 -121.342573672 36.870158079 0.000000
OBJECT 0 -121.342594296 36.870042580 0.000000
OBJECT 0 -121.342676790 36.869984831 90.000000
OBJECT 0 -121.342718038 36.870141579 0.000000
OBJECT 0 -121.342769597 36.870042580 0.000000
OBJECT 0 -121.342810844 36.869943582 0.000000
OBJECT 0 -121.342955209 36.869877583 0.000000
OBJECT 0 -121.343078951 36.869844583 0.000000
OBJECT 0 -121.343213005 36.869778584 0.000000
OBJECT 0 -121.343326435 36.869712586 0.000000
OBJECT 0 -121.343460489 36.869621837 0.000000
OBJECT 0 -121.343584230 36.869489839 0.000000
OBJECT 0 -121.343707972 36.869415590 0.000000
OBJECT 0 -121.343842026 36.869308342 0.000000
OBJECT 0 -121.343955456 36.869234093 0.000000
OBJECT 0 -121.344048262 36.869176344 0.000000
OBJECT 0 -121.344182316 36.869118595 0.000000
OBJECT 0 -121.344316370 36.869044346 0.000000
OBJECT 0 -121.344440111 36.868978347 0.000000
OBJECT 0 -121.344605101 36.868937098 0.000000
OBJECT 0 -121.344801025 36.868945348 0.000000
OBJECT 0 -121.344935079 36.868945348 0.000000
OBJECT 0 -121.345089756 36.868904098 0.000000
OBJECT 0 -121.345151627 36.868788600 0.000000
OBJECT 1 -121.338496886 36.871017385 180.000000
OBJECT 2 -121.338517037 36.871095931 0.000000
OBJECT 3 -121.337566738 36.871096448 180.970001
OBJECT 4 -121.336764240 36.871467481 180.619995
OBJECT 5 -121.338164658 36.870944699 180.860001
BEGIN_POLYGON 0 10 3
BEGIN_WINDING
POLYGON_POINT -121.338477209 36.871438149 1.000000000
POLYGON_POINT -121.338477209 36.871096166 0.000000000
POLYGON_POINT -121.337786020 36.871095056 1.000000000
POLYGON_POINT -121.337786020 36.871431487 1.000000000
END_WINDING
END_POLYGON
BEGIN_POLYGON 1 10 3
BEGIN_WINDING
POLYGON_POINT -121.337560766 36.870975474 2.000000000
POLYGON_POINT -121.337175616 36.870978250 2.000000000
POLYGON_POINT -121.337172146 36.871101312 2.000000000
POLYGON_POINT -121.337364143 36.871104088 2.000000000
POLYGON_POINT -121.337361830 36.871419608 2.000000000
POLYGON_POINT -121.337508719 36.871419608 2.000000000
POLYGON_POINT -121.337509542 36.871195689 1.000000000
POLYGON_POINT -121.337509780 36.871130916 2.000000000
POLYGON_POINT -121.337509876 36.871105013 2.000000000
POLYGON_POINT -121.337558453 36.871104088 2.000000000
END_WINDING
END_POLYGON
OBJECT 6 -121.336931571 36.871073554 90.470001
FILTER -1
OBJECT_DEF lib/g10/forests/autogen_tree2.obj
OBJECT_DEF lib/airport/Common_Elements/Fueling_Stations/Small_Fuel_Station.obj
OBJECT_DEF lib/airport/Common_Elements/Miscellaneous/AC_Ground_wFence.agp
OBJECT_DEF lib/airport/Common_Elements/Parking_Items/Row_of_Cars_4.agp
OBJECT_DEF lib/airport/Common_Elements/Parking_Items/Row_of_Cars_10.agp
OBJECT_DEF lib/airport/Common_Elements/Parking_Items/14_Single_Spaces.agp
OBJECT_DEF lib/airport/Common_Elements/Hangars/Sm_Orange_Hangar.agp
POLYGON_DEF lib/airport/Common_Elements/Hangars/Blue_Hangar.fac
POLYGON_DEF lib/airport/Common_Elements/Misc_Buildings/White_Office.fac
PROPERTY sim/filter/aptid 9CL2
PROPERTY sim/exclude_obj -121.345527/36.868582/-121.329243/36.871317
PROPERTY sim/exclude_fac -121.345527/36.868582/-121.329243/36.871317
PROPERTY sim/exclude_for -121.345527/36.868582/-121.329243/36.871317
PROPERTY sim/exclude_obj -121.345565/36.871297/-121.327989/36.872170
PROPERTY sim/exclude_fac -121.345565/36.871297/-121.327989/36.872170
PROPERTY sim/exclude_for -121.345565/36.871297/-121.327989/36.872170
PROPERTY sim/exclude_net -121.345565/36.871297/-121.327989/36.872170
PROPERTY sim/require_agpoint 1/0
PROPERTY sim/require_object 1/0
PROPERTY sim/require_facade 1/0
