PROPERTY sim/west -180
PROPERTY sim/east 180
PROPERTY sim/north 90
PROPERTY sim/south -90
PROPERTY sim/planet earth
PROPERTY sim/creation_agent WorldEditor1.6.1r1
PROPERTY laminar/internal_revision 0
PROPERTY sim/overlay 1
FILTER 0
BEGIN_POLYGON 0 0 4
BEGIN_WINDING
POLYGON_POINT -149.145582433 61.555419083 -149.145582433 61.555419083
POLYGON_POINT -149.145229974 61.555261230 -149.145137000 61.555172658
POLYGON_POINT -149.145229974 61.555261230 -149.145229974 61.555261230
POLYGON_POINT -149.145229974 61.555261230 -149.145166426 61.555180167
POLYGON_POINT -149.145170471 61.555163801 -149.145170471 61.555163801
POLYGON_POINT -149.145047744 61.555181515 -149.145047744 61.555181515
POLYGON_POINT -149.144954770 61.555048658 -149.144954770 61.555048658
POLYGON_POINT -149.144463865 61.555130144 -149.144463865 61.555130144
POLYGON_POINT -149.144586591 61.555282487 -149.144586591 61.555282487
POLYGON_POINT -149.144761383 61.555261230 -149.144761383 61.555261230
POLYGON_POINT -149.144820887 61.555353344 -149.144820887 61.555353344
POLYGON_POINT -149.144798573 61.555387001 -149.144776259 61.555401172
POLYGON_POINT -149.144679565 61.555468487 -149.144679565 61.555468487
POLYGON_POINT -149.144631114 61.555616278 -149.144638552 61.555660564
POLYGON_POINT -149.144631114 61.555616278 -149.144631114 61.555616278
POLYGON_POINT -149.144631114 61.555616278 -149.144631252 61.555616027
POLYGON_POINT -149.144633292 61.555623532 -149.144633292 61.555623532
POLYGON_POINT -149.144754202 61.555597616 -149.144754202 61.555597616
POLYGON_POINT -149.144932456 61.555385230 -149.145203941 61.555310830
POLYGON_POINT -149.145503841 61.555439240 -149.145503841 61.555439240
END_WINDING
END_POLYGON
BEGIN_POLYGON 1 0 4
BEGIN_WINDING
POLYGON_POINT -149.148079199 61.556067765 -149.148079199 61.556067765
POLYGON_POINT -149.148229639 61.555941118 -149.148289115 61.555887793
POLYGON_POINT -149.148338095 61.555726150 -149.148313605 61.555701154
POLYGON_POINT -149.148128180 61.555614500 -149.147921763 61.555557842
POLYGON_POINT -149.147827301 61.555587838 -149.147827301 61.555587838
POLYGON_POINT -149.147193862 61.555201484 -149.147193862 61.555201484
POLYGON_POINT -149.147133500 61.555143937 -149.147122812 61.555114738
POLYGON_POINT -149.147183300 61.555090813 -149.147183300 61.555090813
POLYGON_POINT -149.147080517 61.555044740 -149.147080517 61.555044740
POLYGON_POINT -149.146821737 61.555128247 -149.146821737 61.555128247
POLYGON_POINT -149.146912417 61.555185838 -149.146983279 61.555188731
POLYGON_POINT -149.146989375 61.555198591 -149.146989375 61.555198591
POLYGON_POINT -149.147553800 61.555552592 -149.147553800 61.555552592
POLYGON_POINT -149.147780139 61.555755774 -149.147919424 61.555905051
POLYGON_POINT -149.147919424 61.556070914 -149.147919424 61.556070914
END_WINDING
BEGIN_WINDING
POLYGON_POINT -149.147975370 61.555910326 -149.147975370 61.555910326
POLYGON_POINT -149.147927565 61.555783753 -149.147927565 61.555783753
POLYGON_POINT -149.147995054 61.555719463 -149.148052701 61.555709418
POLYGON_POINT -149.148089258 61.555729508 -149.148092070 61.555732187
POLYGON_POINT -149.148144092 61.555862777 -149.148079415 61.555934434
POLYGON_POINT -149.148078009 61.555938453 -149.148078009 61.555938453
POLYGON_POINT -149.148023175 61.555946489 -149.147993649 61.555936444
POLYGON_POINT -149.147983806 61.555920371 -149.147983806 61.555920371
END_WINDING
END_POLYGON
BEGIN_POLYGON 1 0 4
BEGIN_WINDING
POLYGON_POINT -149.147183300 61.555090813 -149.147183300 61.555090813
POLYGON_POINT -149.147606468 61.554860448 -149.147860368 61.554679035
POLYGON_POINT -149.147908730 61.554454429 -149.147908730 61.554454429
POLYGON_POINT -149.147926805 61.552389782 -149.147926805 61.552389782
POLYGON_POINT -149.147582256 61.551802350 -149.147316288 61.551569105
POLYGON_POINT -149.146687647 61.551332982 -149.146687647 61.551332982
POLYGON_POINT -149.146512354 61.551286908 -149.146512354 61.551286908
POLYGON_POINT -149.145212767 61.551073821 -149.144546003 61.551042146
POLYGON_POINT -149.143737889 61.551168846 -149.143737889 61.551168846
POLYGON_POINT -149.143526327 61.551203401 -149.143526327 61.551203401
POLYGON_POINT -149.142214637 61.551635336 -149.141725020 61.551848424
POLYGON_POINT -149.141368371 61.552168055 -149.141368371 61.552168055
POLYGON_POINT -149.140951276 61.552697895 -149.140951276 61.552697895
POLYGON_POINT -149.140896872 61.552765666 -149.140896872 61.552765666
POLYGON_POINT -149.140697392 61.552982972 -149.140583100 61.553088377
POLYGON_POINT -149.140117059 61.553406268 -149.139971976 61.553475378
POLYGON_POINT -149.139598342 61.553548583 -149.139533000 61.553560552
POLYGON_POINT -149.139466118 61.553572476 -149.139427187 61.553576158
POLYGON_POINT -149.139466118 61.553572476 -149.139466118 61.553572476
POLYGON_POINT -149.139466118 61.553572476 -149.139206178 61.553609910
POLYGON_POINT -149.138750638 61.553637686 -149.138750638 61.553637686
POLYGON_POINT -149.137958946 61.553636633 -149.137958946 61.553636633
POLYGON_POINT -149.137809384 61.553638753 -149.137809384 61.553638753
POLYGON_POINT -149.136819266 61.553701796 -149.136512250 61.553733618
POLYGON_POINT -149.136093203 61.553846374 -149.135942074 61.553895327
POLYGON_POINT -149.135635955 61.554058582 -149.135635955 61.554058582
POLYGON_POINT -149.134573596 61.554762542 -149.134573596 61.554762542
POLYGON_POINT -149.134740259 61.554823375 -149.134836450 61.554858697
POLYGON_POINT -149.134740259 61.554823375 -149.134740259 61.554823375
POLYGON_POINT -149.134740259 61.554823375 -149.134925800 61.554891506
POLYGON_POINT -149.135262767 61.555024583 -149.135318505 61.555053029
POLYGON_POINT -149.135262767 61.555024583 -149.135262767 61.555024583
POLYGON_POINT -149.135262767 61.555024583 -149.135347402 61.555067776
POLYGON_POINT -149.135477913 61.555209957 -149.135477913 61.555209957
POLYGON_POINT -149.135661760 61.555462276 -149.135812251 61.555672893
POLYGON_POINT -149.136018421 61.555853897 -149.136018421 61.555853897
POLYGON_POINT -149.136151423 61.555925886 -149.136157469 61.555928766
POLYGON_POINT -149.136852711 61.556150492 -149.137263811 61.556225361
POLYGON_POINT -149.137747457 61.556199445 -149.137747457 61.556199445
POLYGON_POINT -149.138418517 61.556124576 -149.138418517 61.556124576
POLYGON_POINT -149.138648247 61.556095781 -149.138648247 61.556095781
POLYGON_POINT -149.139385801 61.555997875 -149.139385801 61.555997875
POLYGON_POINT -149.142390423 61.555986357 -149.142390423 61.555986357
POLYGON_POINT -149.143387929 61.555934525 -149.143545112 61.555923007
POLYGON_POINT -149.144125479 61.555827981 -149.144125479 61.555827981
POLYGON_POINT -149.145763797 61.555456517 -149.145763797 61.555456517
POLYGON_POINT -149.145884704 61.555427722 -149.145884704 61.555427722
POLYGON_POINT -149.145993521 61.555404685 -149.145993521 61.555404685
POLYGON_POINT -149.146114428 61.555375890 -149.146114428 61.555375890
POLYGON_POINT -149.146912417 61.555185838 -149.146912417 61.555185838
POLYGON_POINT -149.146821737 61.555128247 -149.146803601 61.555139765
POLYGON_POINT -149.145582433 61.555419083 -149.145582433 61.555419083
POLYGON_POINT -149.145503841 61.555439240 -149.145503841 61.555439240
POLYGON_POINT -149.144754202 61.555597616 -149.144754202 61.555597616
POLYGON_POINT -149.144633292 61.555623532 -149.144633292 61.555623532
POLYGON_POINT -149.143871562 61.555779029 -149.143309332 61.555865416
POLYGON_POINT -149.142952646 61.555885572 -149.142807553 61.555905729
POLYGON_POINT -149.141683080 61.555923007 -149.141683080 61.555923007
POLYGON_POINT -149.141531942 61.555923007 -149.141531942 61.555923007
POLYGON_POINT -149.140214018 61.555923007 -149.140214018 61.555923007
POLYGON_POINT -149.139996379 61.555923007 -149.139996379 61.555923007
POLYGON_POINT -149.139488555 61.555925886 -149.139488555 61.555925886
POLYGON_POINT -149.139367645 61.555925886 -149.139367645 61.555925886
POLYGON_POINT -149.138654275 61.556009394 -149.138654275 61.556009394
POLYGON_POINT -149.138478957 61.556035310 -149.138478957 61.556035310
POLYGON_POINT -149.137759537 61.556124576 -149.137735355 61.556133215
POLYGON_POINT -149.136749931 61.556055467 -149.136320697 61.555974839
POLYGON_POINT -149.136090962 61.555773269 -149.136090962 61.555773269
POLYGON_POINT -149.135510598 61.555013064 -149.135468281 61.554984268
POLYGON_POINT -149.135052752 61.554828013 -149.135045755 61.554828013
POLYGON_POINT -149.134906071 61.554768302 -149.134896192 61.554764196
POLYGON_POINT -149.134906071 61.554768302 -149.134906071 61.554768302
POLYGON_POINT -149.134906071 61.554768302 -149.134857709 61.554730868
POLYGON_POINT -149.134930252 61.554667517 -149.134930252 61.554667517
POLYGON_POINT -149.135849156 61.554074327 -149.135849156 61.554074327
POLYGON_POINT -149.136471793 61.553843961 -149.136834494 61.553760454
POLYGON_POINT -149.137342276 61.553728779 -149.137342276 61.553728779
POLYGON_POINT -149.138279254 61.553711502 -149.138279254 61.553711502
POLYGON_POINT -149.138454560 61.553711970 -149.138454560 61.553711970
POLYGON_POINT -149.138654467 61.553711427 -149.138656601 61.553711427
POLYGON_POINT -149.138799128 61.553705742 -149.138869684 61.553702217
POLYGON_POINT -149.138799128 61.553705742 -149.138799128 61.553705742
POLYGON_POINT -149.138799128 61.553705742 -149.138938163 61.553702862
POLYGON_POINT -149.139536617 61.553636633 -149.139536617 61.553636633
POLYGON_POINT -149.139657517 61.553610717 -149.139657517 61.553610717
POLYGON_POINT -149.139944302 61.553546696 -149.139944302 61.553546696
POLYGON_POINT -149.140026261 61.553524330 -149.140026261 61.553524330
POLYGON_POINT -149.140207611 61.553469618 -149.140207611 61.553469618
POLYGON_POINT -149.140352691 61.553400509 -149.140352691 61.553400509
POLYGON_POINT -149.140600536 61.553253651 -149.140600536 61.553253651
POLYGON_POINT -149.140648896 61.553216216 -149.140674758 61.553195927
POLYGON_POINT -149.140987415 61.552925380 -149.140987415 61.552925380
POLYGON_POINT -149.141501220 61.552260201 -149.141501220 61.552260201
POLYGON_POINT -149.141555623 61.552188212 -149.141555623 61.552188212
POLYGON_POINT -149.141894130 61.551940570 -149.142232637 61.551692927
POLYGON_POINT -149.143048674 61.551430887 -149.143048674 61.551430887
POLYGON_POINT -149.143242103 61.551373295 -149.143298520 61.551357937
POLYGON_POINT -149.143242103 61.551373295 -149.143242103 61.551373295
POLYGON_POINT -149.143242103 61.551373295 -149.143515120 61.551288348
POLYGON_POINT -149.144003736 61.551214919 -149.144003736 61.551214919
POLYGON_POINT -149.144293878 61.551189003 -149.144511485 61.551171726
POLYGON_POINT -149.144293878 61.551189003 -149.144293878 61.551189003
POLYGON_POINT -149.144293878 61.551189003 -149.144946696 61.551140050
POLYGON_POINT -149.146155624 61.551307065 -149.146760086 61.551448164
POLYGON_POINT -149.147183239 61.551669891 -149.147183239 61.551669891
POLYGON_POINT -149.147267866 61.551736121 -149.147347015 61.551796659
POLYGON_POINT -149.147267866 61.551736121 -149.147267866 61.551736121
POLYGON_POINT -149.147267866 61.551736121 -149.147749712 61.552036644
POLYGON_POINT -149.147712862 61.552527086 -149.147712862 61.552527086
POLYGON_POINT -149.147708973 61.552594231 -149.147708973 61.552594231
POLYGON_POINT -149.147709160 61.552945537 -149.147709160 61.552945537
POLYGON_POINT -149.147709863 61.553009691 -149.147709863 61.553009691
POLYGON_POINT -149.147757588 61.554434272 -149.147751543 61.554751024
POLYGON_POINT -149.147080517 61.555044740 -149.147080517 61.555044740
END_WINDING
END_POLYGON
BEGIN_POLYGON 2 0 4
BEGIN_WINDING
POLYGON_POINT -149.140600536 61.553253651 -149.140600536 61.553253651
POLYGON_POINT -149.141209750 61.553590815 -149.141209750 61.553590815
POLYGON_POINT -149.141629549 61.553626809 -149.141629549 61.553626809
POLYGON_POINT -149.141717706 61.553412842 -149.141717706 61.553412842
POLYGON_POINT -149.141507807 61.553398844 -149.141507807 61.553398844
POLYGON_POINT -149.141419649 61.553446837 -149.141419649 61.553446837
POLYGON_POINT -149.141243334 61.553464834 -149.141171968 61.553442837
POLYGON_POINT -149.140648896 61.553216216 -149.140648896 61.553216216
END_WINDING
END_POLYGON
BEGIN_POLYGON 1 0 4
BEGIN_WINDING
POLYGON_POINT -149.138279254 61.553711502 -149.138279254 61.553711502
POLYGON_POINT -149.138353602 61.553734482 -149.138368179 61.553751146
POLYGON_POINT -149.138461469 61.553887237 -149.138461469 61.553887237
POLYGON_POINT -149.138423570 61.553967780 -149.138374010 61.553995554
POLYGON_POINT -149.138251566 61.553967780 -149.138213667 61.553942784
POLYGON_POINT -149.138161192 61.553891403 -149.138161192 61.553891403
POLYGON_POINT -149.137747214 61.554006663 -149.137747214 61.554006663
POLYGON_POINT -149.138044577 61.554163584 -149.138044577 61.554163584
POLYGON_POINT -149.138473130 61.554034437 -149.138473130 61.554034437
POLYGON_POINT -149.138546013 61.553920565 -149.138522690 61.553853908
POLYGON_POINT -149.138439751 61.553738110 -149.138436361 61.553726268
POLYGON_POINT -149.138454560 61.553711970 -149.138454560 61.553711970
END_WINDING
END_POLYGON
BEGIN_POLYGON 3 0 4
BEGIN_WINDING
POLYGON_POINT -149.143009792 61.551420657 -149.143009792 61.551420657
POLYGON_POINT -149.143048674 61.551430887 -149.143099688 61.551436673
POLYGON_POINT -149.143128825 61.551454217 -149.143128825 61.551454217
POLYGON_POINT -149.143352310 61.551633588 -149.143352310 61.551633588
POLYGON_POINT -149.143804157 61.552003902 -149.143804157 61.552003902
POLYGON_POINT -149.143809016 61.552080279 -149.143809016 61.552080279
POLYGON_POINT -149.143845455 61.552162443 -149.143881894 61.552199474
POLYGON_POINT -149.144170980 61.552209889 -149.144324025 61.552177486
POLYGON_POINT -149.144275438 61.552045562 -149.144226852 61.551996958
POLYGON_POINT -149.144027652 61.551983072 -149.143998501 61.551980758
POLYGON_POINT -149.143940198 61.551947198 -149.143940198 61.551947198
POLYGON_POINT -149.143760432 61.551808330 -149.143760432 61.551808330
POLYGON_POINT -149.143748286 61.551775927 -149.143758003 61.551766669
POLYGON_POINT -149.143765291 61.551765512 -149.143765291 61.551765512
POLYGON_POINT -149.144293712 61.551636718 -149.144293712 61.551636718
POLYGON_POINT -149.144111734 61.551527551 -149.144111734 61.551527551
POLYGON_POINT -149.143957264 61.551575286 -149.143954362 61.551581166
POLYGON_POINT -149.143957264 61.551575286 -149.143957264 61.551575286
POLYGON_POINT -149.143957264 61.551575286 -149.143937784 61.551585650
POLYGON_POINT -149.143915903 61.551618544 -149.143903290 61.551630288
POLYGON_POINT -149.143915903 61.551618544 -149.143915903 61.551618544
POLYGON_POINT -149.143915903 61.551618544 -149.143862460 61.551668305
POLYGON_POINT -149.143738568 61.551726166 -149.143692412 61.551743524
POLYGON_POINT -149.143665690 61.551719223 -149.143665690 61.551719223
POLYGON_POINT -149.143279440 61.551441487 -149.143245431 61.551409084
POLYGON_POINT -149.143242103 61.551373295 -149.143242103 61.551373295
END_WINDING
END_POLYGON
BEGIN_POLYGON 2 0 4
BEGIN_WINDING
POLYGON_POINT -149.138417145 61.556124447 -149.138417145 61.556124447
POLYGON_POINT -149.138500768 61.556174234 -149.138547806 61.556231489
POLYGON_POINT -149.139086127 61.557155041 -149.139086127 61.557155041
POLYGON_POINT -149.139023443 61.557525955 -149.138871872 61.557690253
POLYGON_POINT -149.138506010 61.557879444 -149.138506010 61.557879444
POLYGON_POINT -149.137915409 61.558043741 -149.137539088 61.558083571
POLYGON_POINT -149.137069848 61.558034199 -149.137069848 61.558034199
POLYGON_POINT -149.136295283 61.557983651 -149.136295283 61.557983651
POLYGON_POINT -149.135406025 61.557919481 -149.135406025 61.557919481
POLYGON_POINT -149.134680100 61.557782359 -149.134436189 61.557705950
POLYGON_POINT -149.134225381 61.557511019 -149.134225381 61.557511019
POLYGON_POINT -149.133049439 61.556303680 -149.133049439 61.556303680
POLYGON_POINT -149.132871768 61.555930277 -149.132871768 61.555703745
POLYGON_POINT -149.133049462 61.555621596 -149.133049462 61.555621596
POLYGON_POINT -149.133609112 61.555350671 -149.133609112 61.555350671
POLYGON_POINT -149.134361258 61.555056512 -149.134554189 61.554952996
POLYGON_POINT -149.134361258 61.555056512 -149.134361258 61.555056512
POLYGON_POINT -149.134361258 61.555056512 -149.134695734 61.554864831
POLYGON_POINT -149.134740259 61.554823375 -149.134740259 61.554823375
POLYGON_POINT -149.134573596 61.554762542 -149.134573596 61.554762542
POLYGON_POINT -149.134267187 61.554959427 -149.134267187 61.554959427
POLYGON_POINT -149.133525068 61.555273086 -149.133165478 61.555381442
POLYGON_POINT -149.132850872 61.555636533 -149.132714989 61.555758512
POLYGON_POINT -149.132741121 61.556154319 -149.132825467 61.556307760
POLYGON_POINT -149.132892661 61.556346000 -149.132892661 61.556346000
POLYGON_POINT -149.134068579 61.557548359 -149.134068579 61.557548359
POLYGON_POINT -149.134439662 61.557802274 -149.134700988 61.557911806
POLYGON_POINT -149.135385666 61.557998933 -149.135385666 61.557998933
POLYGON_POINT -149.137141809 61.558128380 -149.137141809 61.558128380
POLYGON_POINT -149.138176686 61.558103486 -149.138573911 61.558018848
POLYGON_POINT -149.138730711 61.557899359 -149.138730711 61.557899359
POLYGON_POINT -149.139127917 61.557605614 -149.139248127 61.557478657
POLYGON_POINT -149.139216768 61.557132637 -149.139138370 61.556950914
POLYGON_POINT -149.138631394 61.556129425 -149.138631394 61.556129425
POLYGON_POINT -149.138648247 61.556095781 -149.138648247 61.556095781
END_WINDING
END_POLYGON
BEGIN_POLYGON 4 255 2
BEGIN_WINDING
POLYGON_POINT -149.138606465 61.556518125
POLYGON_POINT -149.137739349 61.556645599
POLYGON_POINT -149.137707234 61.556961735
POLYGON_POINT -149.138606465 61.556813865
POLYGON_POINT -149.138734926 61.557058615
POLYGON_POINT -149.137899926 61.557160594
POLYGON_POINT -149.137878516 61.557425740
POLYGON_POINT -149.139013260 61.557435938
POLYGON_POINT -149.139045375 61.557237078
END_WINDING
END_POLYGON
BEGIN_POLYGON 4 255 2
BEGIN_WINDING
POLYGON_POINT -149.139093316 61.555940943
POLYGON_POINT -149.138989243 61.555469997
POLYGON_POINT -149.138342500 61.555526652
POLYGON_POINT -149.138677022 61.556001139
END_WINDING
END_POLYGON
BEGIN_POLYGON 4 255 2
BEGIN_WINDING
POLYGON_POINT -149.139888735 61.555353146
POLYGON_POINT -149.139643419 61.555342523
POLYGON_POINT -149.139673155 61.555898451
POLYGON_POINT -149.139948206 61.555905533
END_WINDING
END_POLYGON
BEGIN_POLYGON 4 255 2
BEGIN_WINDING
POLYGON_POINT -149.143857538 61.555765562
POLYGON_POINT -149.143740491 61.555564353
POLYGON_POINT -149.142408809 61.555565603
POLYGON_POINT -149.141732327 61.555544357
POLYGON_POINT -149.141687724 61.555615176
POLYGON_POINT -149.140773358 61.555586848
POLYGON_POINT -149.140223245 61.555618717
POLYGON_POINT -149.140214018 61.555923007
POLYGON_POINT -149.141947900 61.555909074
POLYGON_POINT -149.142952646 61.555885572
END_WINDING
END_POLYGON
BEGIN_POLYGON 4 255 2
BEGIN_WINDING
POLYGON_POINT -149.136133743 61.554961216
POLYGON_POINT -149.135830448 61.554905977
POLYGON_POINT -149.135527153 61.554995209
POLYGON_POINT -149.136106982 61.555785548
POLYGON_POINT -149.136410277 61.555947015
POLYGON_POINT -149.136793857 61.556065990
POLYGON_POINT -149.137641299 61.556125478
POLYGON_POINT -149.137828629 61.556099983
POLYGON_POINT -149.137855390 61.555921520
POLYGON_POINT -149.137284481 61.555802544
POLYGON_POINT -149.137106072 61.555845035
POLYGON_POINT -149.136900902 61.555862032
POLYGON_POINT -149.136633289 61.555802544
POLYGON_POINT -149.136392437 61.555692067
POLYGON_POINT -149.136169425 61.555445617
POLYGON_POINT -149.136151584 61.555024953
END_WINDING
END_POLYGON
BEGIN_POLYGON 4 255 2
BEGIN_WINDING
POLYGON_POINT -149.137262679 61.555032743
POLYGON_POINT -149.136581247 61.555003235
POLYGON_POINT -149.136587442 61.555224544
POLYGON_POINT -149.136773287 61.555236347
POLYGON_POINT -149.136872404 61.555431099
POLYGON_POINT -149.136952937 61.555569786
POLYGON_POINT -149.137182146 61.555510770
POLYGON_POINT -149.137299848 61.555251101
END_WINDING
END_POLYGON
BEGIN_POLYGON 4 255 2
BEGIN_WINDING
POLYGON_POINT -149.132900404 61.555512109
POLYGON_POINT -149.131657428 61.555046888
POLYGON_POINT -149.130947156 61.555427523
POLYGON_POINT -149.130703000 61.555892744
POLYGON_POINT -149.130947156 61.556336819
POLYGON_POINT -149.131257900 61.556738601
POLYGON_POINT -149.132767228 61.557277834
POLYGON_POINT -149.133566284 61.557098090
POLYGON_POINT -149.133033580 61.556601149
POLYGON_POINT -149.132634052 61.556273380
POLYGON_POINT -149.132523072 61.555935037
POLYGON_POINT -149.132678444 61.555702427
END_WINDING
END_POLYGON
BEGIN_POLYGON 4 255 2
BEGIN_WINDING
POLYGON_POINT -149.132500876 61.554771984
POLYGON_POINT -149.133344324 61.555247779
POLYGON_POINT -149.134365341 61.554803704
END_WINDING
END_POLYGON
BEGIN_POLYGON 4 255 2
BEGIN_WINDING
POLYGON_POINT -149.137733030 61.556646868
POLYGON_POINT -149.137707339 61.556285862
POLYGON_POINT -149.137103583 61.556249149
POLYGON_POINT -149.136666823 61.556169606
POLYGON_POINT -149.136230064 61.556028874
POLYGON_POINT -149.135985992 61.555930974
POLYGON_POINT -149.135472158 61.556132893
POLYGON_POINT -149.135228086 61.555943212
POLYGON_POINT -149.135652000 61.555673987
POLYGON_POINT -149.135459312 61.555319099
POLYGON_POINT -149.135202395 61.555080468
POLYGON_POINT -149.134727097 61.554872430
POLYGON_POINT -149.134354567 61.555104943
POLYGON_POINT -149.133943499 61.555294624
POLYGON_POINT -149.134405951 61.555618918
POLYGON_POINT -149.134508718 61.555753530
POLYGON_POINT -149.134071958 61.555888143
POLYGON_POINT -149.133185593 61.555667868
POLYGON_POINT -149.132992905 61.555845312
POLYGON_POINT -149.133018597 61.556175724
POLYGON_POINT -149.133121364 61.556298099
POLYGON_POINT -149.133763657 61.556120656
POLYGON_POINT -149.134046266 61.556359287
POLYGON_POINT -149.133403973 61.556524493
POLYGON_POINT -149.133622353 61.556757006
POLYGON_POINT -149.134470180 61.556530612
POLYGON_POINT -149.134701406 61.556769243
POLYGON_POINT -149.133866424 61.556971162
POLYGON_POINT -149.134174725 61.557307694
POLYGON_POINT -149.135099628 61.557105775
POLYGON_POINT -149.135292316 61.557356644
POLYGON_POINT -149.134431642 61.557564681
POLYGON_POINT -149.134598639 61.557711531
POLYGON_POINT -149.134996861 61.557821669
POLYGON_POINT -149.135433620 61.557479019
POLYGON_POINT -149.135857534 61.557613631
POLYGON_POINT -149.135587771 61.557907332
POLYGON_POINT -149.136255756 61.557962400
END_WINDING
END_POLYGON
BEGIN_POLYGON 4 255 2
BEGIN_WINDING
POLYGON_POINT -149.139968631 61.553995694
POLYGON_POINT -149.139566318 61.553659079
POLYGON_POINT -149.138817666 61.553734067
POLYGON_POINT -149.138831660 61.553822387
POLYGON_POINT -149.139097536 61.553839052
POLYGON_POINT -149.139349419 61.553949035
POLYGON_POINT -149.139160507 61.554075682
POLYGON_POINT -149.138730207 61.553955701
POLYGON_POINT -149.138653243 61.553739067
POLYGON_POINT -149.138502813 61.553737400
POLYGON_POINT -149.138579777 61.553905708
POLYGON_POINT -149.138530800 61.554017358
POLYGON_POINT -149.138639241 61.554472289
POLYGON_POINT -149.139709756 61.554463957
POLYGON_POINT -149.139979131 61.554292316
END_WINDING
END_POLYGON
BEGIN_POLYGON 4 255 2
BEGIN_WINDING
POLYGON_POINT -149.140899209 61.553885711
POLYGON_POINT -149.140801254 61.553745732
POLYGON_POINT -149.140748778 61.553715737
POLYGON_POINT -149.140591350 61.553755731
POLYGON_POINT -149.140556366 61.553827387
POLYGON_POINT -149.140545871 61.554072350
POLYGON_POINT -149.140552868 61.554365638
POLYGON_POINT -149.140871222 61.554365638
END_WINDING
END_POLYGON
BEGIN_POLYGON 4 255 2
BEGIN_WINDING
POLYGON_POINT -149.143742271 61.553807053
POLYGON_POINT -149.143539361 61.553700402
POLYGON_POINT -149.143151047 61.553657076
POLYGON_POINT -149.141622278 61.553657076
POLYGON_POINT -149.141212975 61.553593752
POLYGON_POINT -149.140653244 61.553325459
POLYGON_POINT -149.140471332 61.553423778
POLYGON_POINT -149.140740702 61.553545426
POLYGON_POINT -149.141083536 61.553745396
POLYGON_POINT -149.141181490 61.553832049
POLYGON_POINT -149.141216474 61.553960363
POLYGON_POINT -149.143441453 61.553957030
POLYGON_POINT -149.143490430 61.554373634
POLYGON_POINT -149.143756309 61.554385299
END_WINDING
END_POLYGON
BEGIN_POLYGON 4 255 2
BEGIN_WINDING
POLYGON_POINT -149.144391540 61.553165951
POLYGON_POINT -149.142937569 61.553183865
POLYGON_POINT -149.142787158 61.553130125
POLYGON_POINT -149.142335926 61.552867398
POLYGON_POINT -149.141438207 61.552862812
POLYGON_POINT -149.141488581 61.552654843
POLYGON_POINT -149.141698475 61.552342891
POLYGON_POINT -149.141526362 61.552308896
POLYGON_POINT -149.141072993 61.552866811
POLYGON_POINT -149.140741361 61.553244754
POLYGON_POINT -149.141228304 61.553448723
POLYGON_POINT -149.141345847 61.553448723
POLYGON_POINT -149.141442400 61.553372735
POLYGON_POINT -149.141732059 61.553396731
POLYGON_POINT -149.141761445 61.553448723
POLYGON_POINT -149.141853800 61.553468720
POLYGON_POINT -149.143297903 61.553520712
POLYGON_POINT -149.144095521 61.553548708
POLYGON_POINT -149.144532111 61.553514713
POLYGON_POINT -149.144666447 61.553390732
POLYGON_POINT -149.144548903 61.553228757
END_WINDING
END_POLYGON
BEGIN_POLYGON 4 255 2
BEGIN_WINDING
POLYGON_POINT -149.145934559 61.552448030
POLYGON_POINT -149.145787637 61.552142076
POLYGON_POINT -149.145157972 61.551946106
POLYGON_POINT -149.144486334 61.551676147
POLYGON_POINT -149.144364602 61.551690145
POLYGON_POINT -149.144158912 61.551794129
POLYGON_POINT -149.144020386 61.551728139
POLYGON_POINT -149.143802103 61.551778131
POLYGON_POINT -149.144016188 61.551942107
POLYGON_POINT -149.144188296 61.551982100
POLYGON_POINT -149.144310031 61.552042091
POLYGON_POINT -149.144356206 61.552130078
POLYGON_POINT -149.144272251 61.552210066
POLYGON_POINT -149.144137923 61.552252060
POLYGON_POINT -149.143919640 61.552246060
POLYGON_POINT -149.143743334 61.552158074
POLYGON_POINT -149.143671973 61.552008097
POLYGON_POINT -149.143264790 61.551688145
POLYGON_POINT -149.143172440 61.551766133
POLYGON_POINT -149.143063298 61.551930108
POLYGON_POINT -149.142983541 61.552094083
POLYGON_POINT -149.142822555 61.552129497
POLYGON_POINT -149.143104569 61.552438002
POLYGON_POINT -149.143104569 61.552607182
POLYGON_POINT -149.143052345 61.552816169
POLYGON_POINT -149.143010565 61.552985350
POLYGON_POINT -149.143188129 61.553055012
POLYGON_POINT -149.144452910 61.553045809
POLYGON_POINT -149.144593956 61.552918628
POLYGON_POINT -149.144523433 61.552863436
POLYGON_POINT -149.144236303 61.552849039
POLYGON_POINT -149.144291714 61.552666666
POLYGON_POINT -149.144876048 61.552700261
POLYGON_POINT -149.145215083 61.552725796
POLYGON_POINT -149.145210225 61.552787130
POLYGON_POINT -149.145171355 61.552916740
POLYGON_POINT -149.145130056 61.552944513
POLYGON_POINT -149.144913684 61.552987809
POLYGON_POINT -149.144904980 61.553016835
POLYGON_POINT -149.144957206 61.553112206
POLYGON_POINT -149.145244452 61.553170258
POLYGON_POINT -149.145531699 61.553083180
POLYGON_POINT -149.145905989 61.552879998
END_WINDING
END_POLYGON
BEGIN_POLYGON 4 255 2
BEGIN_WINDING
POLYGON_POINT -149.147801369 61.555990122
POLYGON_POINT -149.144812891 61.555960378
POLYGON_POINT -149.144830733 61.555701181
POLYGON_POINT -149.144072462 61.555858399
POLYGON_POINT -149.143394483 61.555960378
POLYGON_POINT -149.142395353 61.556002870
POLYGON_POINT -149.139513932 61.556011368
POLYGON_POINT -149.138755664 61.556109098
POLYGON_POINT -149.138871634 61.556287562
POLYGON_POINT -149.139594219 61.556308807
POLYGON_POINT -149.139558536 61.556805956
POLYGON_POINT -149.139933210 61.557065153
POLYGON_POINT -149.139594219 61.557154385
POLYGON_POINT -149.139540676 61.557468821
POLYGON_POINT -149.139897522 61.557528309
POLYGON_POINT -149.139888601 61.557842745
POLYGON_POINT -149.139442543 61.557842745
POLYGON_POINT -149.139826153 61.558199672
POLYGON_POINT -149.143483814 61.557770509
POLYGON_POINT -149.143938790 61.557519810
POLYGON_POINT -149.143920948 61.557205375
POLYGON_POINT -149.143135891 61.556899437
POLYGON_POINT -149.143135891 61.556542510
POLYGON_POINT -149.143358919 61.556551008
POLYGON_POINT -149.144063685 61.556822952
POLYGON_POINT -149.144821978 61.556266316
POLYGON_POINT -149.147087935 61.556296060
END_WINDING
BEGIN_WINDING
POLYGON_POINT -149.141933648 61.557680938
POLYGON_POINT -149.140673509 61.557686794
POLYGON_POINT -149.140430677 61.557362762
POLYGON_POINT -149.141124266 61.557207951
POLYGON_POINT -149.141883923 61.556911070
POLYGON_POINT -149.142010723 61.556634631
POLYGON_POINT -149.142357563 61.556646868
POLYGON_POINT -149.142999858 61.557448425
END_WINDING
END_POLYGON
BEGIN_POLYGON 4 255 2
BEGIN_WINDING
POLYGON_POINT -149.147415544 61.550814417
POLYGON_POINT -149.146845298 61.551343077
POLYGON_POINT -149.147585077 61.551724888
POLYGON_POINT -149.147939554 61.552209493
POLYGON_POINT -149.147970378 61.552547248
POLYGON_POINT -149.147985879 61.554338819
POLYGON_POINT -149.148140018 61.554346161
POLYGON_POINT -149.148170846 61.554977617
POLYGON_POINT -149.147908810 61.554955589
POLYGON_POINT -149.147893396 61.555557675
POLYGON_POINT -149.148124801 61.555593250
POLYGON_POINT -149.148294097 61.555658472
POLYGON_POINT -149.148351359 61.555727252
POLYGON_POINT -149.148316511 61.555845837
POLYGON_POINT -149.148261738 61.555941892
POLYGON_POINT -149.148346387 61.556059291
POLYGON_POINT -149.148488300 61.556058105
POLYGON_POINT -149.148485279 61.551022366
POLYGON_POINT -149.148242674 61.550331390
END_WINDING
END_POLYGON
BEGIN_POLYGON 4 255 2
BEGIN_WINDING
POLYGON_POINT -149.146475721 61.551208939
POLYGON_POINT -149.147010877 61.550622559
POLYGON_POINT -149.144185245 61.550438996
POLYGON_POINT -149.142258686 61.550607262
POLYGON_POINT -149.140867283 61.550918298
POLYGON_POINT -149.135419122 61.552580560
POLYGON_POINT -149.132058015 61.553926685
POLYGON_POINT -149.132267696 61.554447008
POLYGON_POINT -149.134913876 61.554410467
POLYGON_POINT -149.135565833 61.553862352
POLYGON_POINT -149.136114057 61.553807559
POLYGON_POINT -149.136574330 61.553695382
POLYGON_POINT -149.137056011 61.553654590
POLYGON_POINT -149.137719661 61.553613798
POLYGON_POINT -149.138212046 61.553603600
POLYGON_POINT -149.138811471 61.553593402
POLYGON_POINT -149.139410896 61.553537314
POLYGON_POINT -149.139410896 61.553216079
POLYGON_POINT -149.138950623 61.552777569
POLYGON_POINT -149.139282448 61.552675589
POLYGON_POINT -149.139839057 61.553063110
POLYGON_POINT -149.139582161 61.553221178
POLYGON_POINT -149.139603569 61.553511819
POLYGON_POINT -149.139978210 61.553435335
POLYGON_POINT -149.140299330 61.553246673
POLYGON_POINT -149.140791638 61.552803063
POLYGON_POINT -149.140589450 61.552665104
POLYGON_POINT -149.140391572 61.552734776
POLYGON_POINT -149.139948498 61.552523712
POLYGON_POINT -149.139879671 61.552191749
POLYGON_POINT -149.140275426 61.552085193
POLYGON_POINT -149.140395874 61.552314698
POLYGON_POINT -149.140838948 61.552441746
POLYGON_POINT -149.140714199 61.552607728
POLYGON_POINT -149.140920680 61.552699940
POLYGON_POINT -149.141342246 61.552158962
POLYGON_POINT -149.141809549 61.551790494
POLYGON_POINT -149.142424986 61.551501553
POLYGON_POINT -149.143147457 61.551272100
POLYGON_POINT -149.143869927 61.551123380
POLYGON_POINT -149.144806462 61.551046896
POLYGON_POINT -149.145751921 61.551093636
END_WINDING
END_POLYGON
BEGIN_POLYGON 4 255 2
BEGIN_WINDING
POLYGON_POINT -149.147521003 61.552073211
POLYGON_POINT -149.147097870 61.551684470
POLYGON_POINT -149.146843984 61.551563528
POLYGON_POINT -149.146046088 61.551313006
POLYGON_POINT -149.145024540 61.551197823
POLYGON_POINT -149.144311269 61.551209342
POLYGON_POINT -149.143924411 61.551258294
POLYGON_POINT -149.144034199 61.551365977
POLYGON_POINT -149.144480520 61.551264053
POLYGON_POINT -149.144600230 61.551292216
POLYGON_POINT -149.144721885 61.551353387
POLYGON_POINT -149.144746485 61.551390754
POLYGON_POINT -149.144698128 61.551503057
POLYGON_POINT -149.144737678 61.551571785
POLYGON_POINT -149.146188242 61.552059924
POLYGON_POINT -149.146254029 61.552208525
POLYGON_POINT -149.146263182 61.552483622
POLYGON_POINT -149.146759737 61.552478993
POLYGON_POINT -149.146812210 61.552609529
POLYGON_POINT -149.147188553 61.552600171
POLYGON_POINT -149.147672136 61.552493627
END_WINDING
END_POLYGON
FILTER -1
FILTER 0
FILTER -1
FILTER 0
FILTER -1
FILTER 0
FILTER -1
FILTER 0
FILTER -1
FILTER 0
OBJECT 0 -149.141610792 61.555180213 357.750000
OBJECT 1 -149.146557467 61.552588163 178.339996
OBJECT 1 -149.142679821 61.552210497 141.839996
OBJECT 0 -149.140350775 61.554182201 179.750000
OBJECT 2 -149.144573311 61.553776223 271.290009
OBJECT 3 -149.138239994 61.556977059 73.400002
OBJECT 4 -149.138291496 61.556434909 253.240005
OBJECT 5 -149.136257843 61.555257346 358.899994
OBJECT 6 -149.136676807 61.555419996 347.089996
OBJECT 7 -149.138349435 61.555781172 342.220001
OBJECT 8 -149.139425461 61.555562969 171.869995
OBJECT 9 -149.140278233 61.555461556 180.000000
OBJECT 6 -149.141454028 61.555408708 270.679993
OBJECT 3 -149.142459004 61.555432948 269.989990
OBJECT 9 -149.143376313 61.555453865 93.269997
OBJECT 10 -149.144607192 61.555283684 0.000000
OBJECT 11 -149.144915129 61.555216621 340.489990
OBJECT 12 -149.145679780 61.555840418 219.990005
OBJECT 13 -149.145457794 61.555751894 250.820007
OBJECT 5 -149.146650327 61.555707632 162.410004
OBJECT 14 -149.142659004 61.551972557 323.369995
OBJECT 14 -149.142768919 61.551740474 141.300003
OBJECT 14 -149.141977483 61.552371462 157.449997
OBJECT 14 -149.140295685 61.552554707 312.260010
OBJECT 15 -149.139447171 61.552913615 325.619995
OBJECT 16 -149.140232171 61.553743253 332.839996
OBJECT 16 -149.139976120 61.553805253 152.360001
OBJECT 17 -149.141838767 61.553587752 277.130005
OBJECT 18 -149.138984312 61.553896284 120.099998
OBJECT 15 -149.137866897 61.554050259 229.080002
OBJECT 7 -149.132800811 61.555268579 316.010010
OBJECT 19 -149.134100634 61.555666223 59.590000
OBJECT 19 -149.135695862 61.555865401 231.710007
OBJECT 7 -149.133526567 61.556376383 60.799999
OBJECT 13 -149.134225470 61.556781043 62.450001
OBJECT 20 -149.133444859 61.557298021 246.800003
OBJECT 21 -149.134680391 61.557296526 68.629997
OBJECT 13 -149.135494896 61.557690164 27.950001
OBJECT 22 -149.139633003 61.557045561 56.650002
OBJECT 5 -149.139487912 61.557618000 100.889999
OBJECT 23 -149.141666450 61.554199564 270.000000
OBJECT 14 -149.144007943 61.551601922 55.959999
OBJECT 5 -149.147194818 61.554112926 269.329987
OBJECT 24 -149.144770353 61.552869858 11.630000
OBJECT 25 -149.147182275 61.552896840 58.709999
OBJECT 25 -149.147261938 61.552661027 239.410004
OBJECT 1 -149.143590837 61.555223399 271.660004
OBJECT 26 -149.144525474 61.555145446 0.000000
OBJECT 26 -149.142672412 61.555320952 0.000000
OBJECT 26 -149.141772975 61.555160932 0.000000
OBJECT 26 -149.140429230 61.555388057 0.000000
OBJECT 26 -149.138153572 61.555599696 0.000000
OBJECT 26 -149.140183934 61.554170606 0.000000
OBJECT 26 -149.140459863 61.553770317 0.000000
OBJECT 26 -149.141921028 61.553495492 0.000000
OBJECT 26 -149.143332029 61.554400622 0.000000
OBJECT 26 -149.142491696 61.554143721 0.000000
OBJECT 26 -149.141893372 61.552552289 0.000000
OBJECT 26 -149.142772799 61.552169250 0.000000
OBJECT 26 -149.144164219 61.551480383 0.000000
OBJECT 26 -149.146415579 61.552569945 0.000000
OBJECT 26 -149.146843325 61.553951481 0.000000
BEGIN_POLYGON 5 10 3
BEGIN_WINDING
POLYGON_POINT -149.147896947 61.555554288 0.000000000
POLYGON_POINT -149.147817265 61.555575755 2.000000000
POLYGON_POINT -149.147649238 61.555631611 0.000000000
POLYGON_POINT -149.147439205 61.555684133 0.000000000
POLYGON_POINT -149.147426857 61.555986681 0.000000000
END_WINDING
END_POLYGON
OBJECT 27 -149.147560979 61.556166985 0.000000
OBJECT 27 -149.147732257 61.556146590 0.000000
OBJECT 27 -149.147775077 61.556059907 0.000000
OBJECT 27 -149.146034335 61.555651868 0.000000
OBJECT 27 -149.146090263 61.555576050 0.000000
OBJECT 27 -149.145948292 61.555518673 0.000000
OBJECT 27 -149.145870854 61.555578099 180.000000
OBJECT 27 -149.145879458 61.555653918 90.000000
OBJECT 27 -149.146004220 61.555774818 45.000000
OBJECT 27 -149.145926782 61.555838342 225.000000
OBJECT 27 -149.145870854 61.555899817 180.000000
OBJECT 27 -149.145999918 61.555934652 0.000000
OBJECT 27 -149.146365600 61.555828096 0.000000
OBJECT 27 -149.146998014 61.555932603 0.000000
OBJECT 27 -149.147152892 61.555899817 0.000000
OBJECT 27 -149.147028129 61.555840391 90.000000
OBJECT 27 -149.147105568 61.555787113 0.000000
OBJECT 27 -149.146980806 61.555717442 0.000000
OBJECT 27 -149.147139985 61.555686704 0.000000
OBJECT 27 -149.147497063 61.555721540 0.000000
OBJECT 27 -149.147548689 61.555809654 0.000000
OBJECT 27 -149.147591710 61.555895718 0.000000
OBJECT 27 -149.147781005 61.555942849 0.000000
OBJECT 27 -149.147712170 61.555842440 0.000000
OBJECT 27 -149.147639034 61.555752277 0.000000
OBJECT 27 -149.147531480 61.555658016 0.000000
OBJECT 27 -149.147372301 61.555547361 0.000000
OBJECT 27 -149.146154814 61.555221545 0.000000
OBJECT 27 -149.146326896 61.555170316 0.000000
OBJECT 27 -149.146498978 61.555121137 0.000000
OBJECT 27 -149.146675362 61.555076055 0.000000
OBJECT 27 -149.143580312 61.551553674 0.000000
OBJECT 27 -149.143601820 61.551461462 0.000000
OBJECT 27 -149.143623327 61.551362419 0.000000
OBJECT 27 -149.133538074 61.555601437 0.000000
OBJECT 27 -149.133599020 61.555517763 0.000000
OBJECT 27 -149.133728083 61.555568992 0.000000
OBJECT 27 -149.133810539 61.555500687 0.000000
OBJECT 27 -149.133781858 61.555425551 0.000000
OBJECT 27 -149.133968281 61.555387983 116.570000
OBJECT 27 -149.134043568 61.555451165 0.000000
OBJECT 10 -149.139135701 61.554979702 0.000000
OBJECT 10 -149.138949853 61.554950194 270.000000
OBJECT 10 -149.138832149 61.554991505 0.000000
OBJECT 10 -149.138881709 61.555053472 90.000000
OBJECT 10 -149.139005607 61.555021013 0.000000
OBJECT 10 -149.139179065 61.555038718 0.000000
OBJECT 10 -149.139519786 61.555006259 0.000000
OBJECT 10 -149.139519786 61.555056423 0.000000
OBJECT 10 -149.139569345 61.554967899 90.000000
OBJECT 10 -149.139643684 61.555018063 0.000000
OBJECT 10 -149.139625100 61.555085931 225.000000
OBJECT 10 -149.139556955 61.555445927 0.000000
OBJECT 10 -149.140634872 61.555015112 0.000000
OBJECT 10 -149.140659652 61.555065275 0.000000
OBJECT 10 -149.140672042 61.555124291 180.000000
OBJECT 10 -149.140610092 61.555180356 0.000000
OBJECT 10 -149.140672042 61.555233470 198.429993
OBJECT 10 -149.140641067 61.555321994 0.000000
OBJECT 10 -149.140690626 61.555383960 180.000000
OBJECT 10 -149.140672042 61.555466582 0.000000
OBJECT 10 -149.140641067 61.555558057 0.000000
OBJECT 10 -149.140994177 61.555139045 0.000000
OBJECT 10 -149.141130465 61.555257076 0.000000
OBJECT 10 -149.141254364 61.555221667 0.000000
OBJECT 10 -149.141842882 61.555136094 0.000000
OBJECT 10 -149.141935806 61.555177405 0.000000
OBJECT 10 -149.141873857 61.555230519 0.000000
OBJECT 10 -149.141972975 61.555262978 0.000000
OBJECT 10 -149.141886247 61.555307240 180.000000
OBJECT 10 -149.141836687 61.555369206 189.460007
OBJECT 10 -149.141805713 61.555440025 180.000000
OBJECT 10 -149.141780933 61.555493139 180.000000
OBJECT 10 -149.141898637 61.555516746 0.000000
OBJECT 10 -149.142034925 61.555386911 0.000000
OBJECT 10 -149.142034925 61.555454779 0.000000
OBJECT 10 -149.142022535 61.555519696 0.000000
OBJECT 10 -149.142778314 61.555304289 0.000000
OBJECT 10 -149.142772119 61.555378059 0.000000
OBJECT 10 -149.142765924 61.555442976 0.000000
OBJECT 10 -149.142778314 61.555507893 0.000000
OBJECT 10 -149.143905788 61.555044620 0.000000
OBJECT 10 -149.143899593 61.555118389 0.000000
OBJECT 10 -149.143899593 61.555183307 0.000000
OBJECT 10 -149.143899593 61.555251175 0.000000
OBJECT 10 -149.143905788 61.555319043 0.000000
OBJECT 10 -149.143899593 61.555383960 0.000000
OBJECT 10 -149.143899593 61.555451828 0.000000
OBJECT 10 -149.145089013 61.555410517 0.000000
OBJECT 10 -149.145002284 61.555428222 0.000000
OBJECT 10 -149.144122609 61.555705596 0.000000
OBJECT 10 -149.144116414 61.555628876 0.000000
OBJECT 10 -149.144333235 61.555593466 0.000000
OBJECT 10 -149.144178363 61.555522647 0.000000
OBJECT 10 -149.144382795 61.555499041 0.000000
OBJECT 27 -149.142891011 61.551706189 130.600006
OBJECT 27 -149.143032056 61.551761381 19.440001
OBJECT 27 -149.143042130 61.551674994 241.389999
OBJECT 27 -149.142961533 61.551583808 187.119995
OBJECT 27 -149.142749966 61.551650997 198.429993
OBJECT 27 -149.142578698 61.551694191 229.399994
OBJECT 27 -149.142402392 61.551905359 19.980000
OBJECT 27 -149.142472916 61.551785377 129.089996
OBJECT 27 -149.142286532 61.551842968 135.000000
OBJECT 27 -149.142210972 61.551926956 106.930000
OBJECT 27 -149.142367131 61.552013343 158.199997
OBJECT 27 -149.142216009 61.552075733 270.000000
OBJECT 27 -149.142115261 61.551989346 217.229996
OBJECT 27 -149.141923840 61.552094930 170.130005
OBJECT 27 -149.141903691 61.552229310 6.340000
OBJECT 27 -149.141843242 61.552169319 77.470001
OBJECT 27 -149.142175710 61.552200514 177.610001
OBJECT 27 -149.142105186 61.552255706 104.529999
OBJECT 27 -149.142276458 61.552310898 71.559998
OBJECT 27 -149.142397355 61.552229310 116.570000
OBJECT 27 -149.142482991 61.552318096 180.000000
OBJECT 27 -149.142432617 61.552428480 0.000000
OBJECT 27 -149.142598851 61.552404483 116.570000
OBJECT 27 -149.142649225 61.552493270 270.000000
OBJECT 27 -149.142523290 61.552548462 0.000000
OBJECT 27 -149.142563589 61.552654046 0.000000
OBJECT 27 -149.142689524 61.552625250 0.000000
OBJECT 27 -149.142699599 61.552733234 206.559998
OBJECT 27 -149.142568626 61.552762029 0.000000
OBJECT 10 -149.142664337 61.552834018 0.000000
OBJECT 10 -149.141600627 61.552758789 0.000000
OBJECT 10 -149.141767750 61.552733909 0.000000
OBJECT 10 -149.141673743 61.552798596 0.000000
OBJECT 10 -149.141830422 61.552828451 0.000000
OBJECT 10 -149.142018436 61.552798596 270.000000
OBJECT 10 -149.140232260 61.553559907 26.559999
OBJECT 10 -149.140221814 61.553639521 0.000000
OBJECT 10 -149.140336715 61.553584786 0.000000
OBJECT 10 -149.135653025 61.554378970 0.000000
OBJECT 10 -149.135580483 61.554471116 213.690002
OBJECT 10 -149.135459579 61.554531587 0.000000
OBJECT 10 -149.135423307 61.554473995 0.000000
OBJECT 10 -149.135520031 61.554404886 0.000000
OBJECT 10 -149.135610709 61.554327138 0.000000
OBJECT 10 -149.136160822 61.554157243 0.000000
OBJECT 10 -149.136330087 61.554085254 0.000000
OBJECT 10 -149.136305907 61.554157243 0.000000
OBJECT 10 -149.136178957 61.554082375 0.000000
OBJECT 10 -149.136324042 61.554013265 0.000000
OBJECT 10 -149.138219920 61.553790112 0.000000
OBJECT 10 -149.138209424 61.553863434 0.000000
OBJECT 10 -149.138244408 61.553936757 0.000000
OBJECT 10 -149.138398337 61.553915093 0.000000
OBJECT 10 -149.137835097 61.554433348 0.000000
OBJECT 10 -149.137856087 61.554370024 0.000000
OBJECT 10 -149.137985527 61.554308367 0.000000
OBJECT 10 -149.137877077 61.554295036 0.000000
OBJECT 10 -149.137982029 61.554220047 90.000000
OBJECT 10 -149.138111469 61.554236711 90.000000
FILTER -1
OBJECT_DEF lib/airport/Common_Elements/Hangars/Sm_Gray_Hangar.agp
OBJECT_DEF lib/airport/Common_Elements/Hangars/Sm_Brown_Hangar.agp
OBJECT_DEF lib/g10/US/industrial/light/WoodShed8x10.obj
OBJECT_DEF lib/g10/US/suburban/dB-RnchLHGry.obj
OBJECT_DEF lib/g10/US/suburban/dh-RnchRHGryDk.obj
OBJECT_DEF lib/g10/US/suburban/dh-RnchRHGry.obj
OBJECT_DEF lib/g10/US/suburban/B-RnchLHGry.obj
OBJECT_DEF lib/g10/US/suburban/dZ-RnchLHRd.obj
OBJECT_DEF lib/g10/US/suburban/dZ-RnchRHGry.obj
OBJECT_DEF lib/g10/US/suburban/dU-RnchLHGry.obj
OBJECT_DEF lib/g10/forests/autogen_tree3.obj
OBJECT_DEF lib/g10/US/suburban/dT-RnchLHGry.obj
OBJECT_DEF lib/g10/US/suburban/dGrgSmlWht.obj
OBJECT_DEF lib/g10/US/suburban/dL-RnchLHGry.obj
OBJECT_DEF lib/g10/US/suburban/T-RnchRHGry.obj
OBJECT_DEF lib/g10/US/suburban/Z-RnchLHGry.obj
OBJECT_DEF lib/g10/US/suburban/U-RnchLHGry.obj
OBJECT_DEF lib/g10/US/suburban/Z-RnchRHRd.obj
OBJECT_DEF lib/g10/US/suburban/Z-RnchRHGry.obj
OBJECT_DEF lib/g10/US/suburban/dU-RnchRHGry.obj
OBJECT_DEF lib/g10/US/suburban/dT-RnchRHGry.obj
OBJECT_DEF lib/g10/US/suburban/dT-RnchRHRd.obj
OBJECT_DEF lib/g10/US/suburban/dL-RnchLHRd.obj
OBJECT_DEF lib/g10/US/industrial/light/TinShed10x30Dk.obj
OBJECT_DEF lib/g10/US/suburban/h-RnchRHGryDk.obj
OBJECT_DEF lib/g10/US/suburban/T-RnchLHGry.obj
OBJECT_DEF lib/airport/Common_Elements/Miscellaneous/Stack_of_Cones.obj
OBJECT_DEF lib/g10/forests/autogen_tree4.obj
POLYGON_DEF lib/airport/pavement/asphalt_1D.pol
POLYGON_DEF lib/airport/pavement/asphalt_2D.pol
POLYGON_DEF lib/airport/pavement/asphalt_4D.pol
POLYGON_DEF lib/airport/pavement/asphalt_3D.pol
POLYGON_DEF lib/g8/coni_cld_wet.for
POLYGON_DEF lib/airport/Common_Elements/Fence_Facades/Fence.fac
PROPERTY sim/filter/aptid AK50
PROPERTY sim/exclude_obj -149.136977/61.552028/-149.134843/61.556034
PROPERTY sim/exclude_fac -149.136977/61.552028/-149.134843/61.556034
PROPERTY sim/exclude_for -149.136977/61.552028/-149.134843/61.556034
PROPERTY sim/exclude_bch -149.136977/61.552028/-149.134843/61.556034
PROPERTY sim/exclude_lin -149.136977/61.552028/-149.134843/61.556034
PROPERTY sim/exclude_pol -149.136977/61.552028/-149.134843/61.556034
PROPERTY sim/exclude_str -149.136977/61.552028/-149.134843/61.556034
PROPERTY sim/exclude_obj -149.139081/61.552028/-149.136947/61.556034
PROPERTY sim/exclude_fac -149.139081/61.552028/-149.136947/61.556034
PROPERTY sim/exclude_for -149.139081/61.552028/-149.136947/61.556034
PROPERTY sim/exclude_bch -149.139081/61.552028/-149.136947/61.556034
PROPERTY sim/exclude_lin -149.139081/61.552028/-149.136947/61.556034
PROPERTY sim/exclude_pol -149.139081/61.552028/-149.136947/61.556034
PROPERTY sim/exclude_str -149.139081/61.552028/-149.136947/61.556034
PROPERTY sim/exclude_obj -149.141078/61.551470/-149.138945/61.556060
PROPERTY sim/exclude_fac -149.141078/61.551470/-149.138945/61.556060
PROPERTY sim/exclude_for -149.141078/61.551470/-149.138945/61.556060
PROPERTY sim/exclude_bch -149.141078/61.551470/-149.138945/61.556060
PROPERTY sim/exclude_lin -149.141078/61.551470/-149.138945/61.556060
PROPERTY sim/exclude_pol -149.141078/61.551470/-149.138945/61.556060
PROPERTY sim/exclude_str -149.141078/61.551470/-149.138945/61.556060
PROPERTY sim/exclude_obj -149.148461/61.550988/-149.140868/61.556085
PROPERTY sim/exclude_fac -149.148461/61.550988/-149.140868/61.556085
PROPERTY sim/exclude_for -149.148461/61.550988/-149.140868/61.556085
PROPERTY sim/exclude_bch -149.148461/61.550988/-149.140868/61.556085
PROPERTY sim/exclude_lin -149.148461/61.550988/-149.140868/61.556085
PROPERTY sim/exclude_pol -149.148461/61.550988/-149.140868/61.556085
PROPERTY sim/exclude_str -149.148461/61.550988/-149.140868/61.556085
PROPERTY sim/exclude_obj -149.148461/61.550988/-149.140868/61.556085
PROPERTY sim/exclude_fac -149.148461/61.550988/-149.140868/61.556085
PROPERTY sim/exclude_for -149.148461/61.550988/-149.140868/61.556085
PROPERTY sim/exclude_bch -149.148461/61.550988/-149.140868/61.556085
PROPERTY sim/exclude_lin -149.148461/61.550988/-149.140868/61.556085
PROPERTY sim/exclude_pol -149.148461/61.550988/-149.140868/61.556085
PROPERTY sim/exclude_str -149.148461/61.550988/-149.140868/61.556085
PROPERTY sim/exclude_obj -149.148461/61.550988/-149.140868/61.556085
PROPERTY sim/exclude_fac -149.148461/61.550988/-149.140868/61.556085
PROPERTY sim/exclude_for -149.148461/61.550988/-149.140868/61.556085
PROPERTY sim/exclude_bch -149.148461/61.550988/-149.140868/61.556085
PROPERTY sim/exclude_lin -149.148461/61.550988/-149.140868/61.556085
PROPERTY sim/exclude_pol -149.148461/61.550988/-149.140868/61.556085
PROPERTY sim/exclude_str -149.148461/61.550988/-149.140868/61.556085
PROPERTY sim/exclude_net -149.148610/61.550977/-149.147365/61.555136
PROPERTY sim/exclude_net -149.147534/61.551019/-149.134665/61.556057
PROPERTY sim/exclude_net -149.140755/61.554566/-149.131966/61.558193
PROPERTY sim/exclude_obj -149.143648/61.554501/-149.131775/61.558102
PROPERTY sim/exclude_fac -149.143648/61.554501/-149.131775/61.558102
PROPERTY sim/exclude_for -149.143648/61.554501/-149.131775/61.558102
PROPERTY sim/exclude_bch -149.143648/61.554501/-149.131775/61.558102
PROPERTY sim/exclude_lin -149.143648/61.554501/-149.131775/61.558102
PROPERTY sim/exclude_pol -149.143648/61.554501/-149.131775/61.558102
PROPERTY sim/exclude_str -149.143648/61.554501/-149.131775/61.558102
PROPERTY sim/require_agpoint 1/0
PROPERTY sim/require_object 1/0
PROPERTY sim/require_facade 1/5
PROPERTY sim/require_facade 6/0
