PROPERTY sim/west -180
PROPERTY sim/east 180
PROPERTY sim/north 90
PROPERTY sim/south -90
PROPERTY sim/planet earth
PROPERTY sim/creation_agent WorldEditor2.0.0r4
PROPERTY laminar/internal_revision 0
PROPERTY sim/overlay 1
FILTER 0
FILTER -1
FILTER 0
FILTER -1
FILTER 0
FILTER -1
FILTER 0
FILTER -1
FILTER 0
FILTER -1
FILTER 0
OBJECT 0 -19.503470844 63.518426950 81.000000
OBJECT 0 -19.503409755 63.518463944 64.360001
OBJECT 0 -19.503438414 63.518508672 50.439999
OBJECT 1 -19.503773891 63.519128360 193.460007
OBJECT 1 -19.503805169 63.519069782 193.460007
OBJECT 1 -19.503833320 63.519016085 193.460007
OBJECT 1 -19.503985801 63.518750508 193.460007
OBJECT 1 -19.504011866 63.518699949 193.460007
OBJECT 1 -19.504049660 63.518644742 193.460007
OBJECT 1 -19.502665986 63.518880616 193.460007
OBJECT 1 -19.502816869 63.518622538 193.460007
OBJECT 1 -19.501489197 63.518753285 193.460007
OBJECT 1 -19.501636203 63.518490381 193.460007
OBJECT 1 -19.500315321 63.518617990 193.460007
OBJECT 1 -19.500463951 63.518354891 193.460007
OBJECT 1 -19.499130785 63.518488449 193.460007
OBJECT 1 -19.499308690 63.518224345 193.460007
OBJECT 1 -19.497941775 63.518356798 193.460007
OBJECT 1 -19.498143514 63.518095986 193.460007
OBJECT 1 -19.496758835 63.518220345 193.460007
OBJECT 1 -19.496883141 63.517960058 193.460007
OBJECT 1 -19.495542789 63.518092612 193.460007
OBJECT 1 -19.495704928 63.517832324 193.460007
OBJECT 1 -19.494348137 63.517953315 193.460007
OBJECT 1 -19.494348137 63.517953315 193.460007
OBJECT 1 -19.494512527 63.517696241 193.460007
OBJECT 1 -19.493136606 63.517825782 193.460007
OBJECT 1 -19.493278477 63.517559671 193.460007
OBJECT 1 -19.491953768 63.517690087 193.460007
OBJECT 1 -19.492124225 63.517434854 193.460007
OBJECT 1 -19.490762143 63.517560314 193.460007
OBJECT 1 -19.490923738 63.517301129 193.460007
OBJECT 1 -19.489553103 63.517437245 193.460007
OBJECT 1 -19.489667949 63.517166112 193.460007
OBJECT 1 -19.488370862 63.517305695 193.460007
OBJECT 1 -19.488512731 63.517042596 193.460007
OBJECT 1 -19.487161607 63.517171133 197.440002
OBJECT 1 -19.487305727 63.516903013 197.440002
OBJECT 1 -19.485968964 63.517035576 197.440002
OBJECT 1 -19.486119088 63.516765280 197.440002
OBJECT 1 -19.484764889 63.516906197 197.440002
OBJECT 1 -19.484764889 63.516906197 197.440002
OBJECT 1 -19.484907751 63.516636494 197.440002
OBJECT 1 -19.483676890 63.516508219 197.440002
OBJECT 1 -19.483549669 63.516774531 197.440002
OBJECT 1 -19.482354013 63.516635057 197.440002
OBJECT 1 -19.482473280 63.516371164 197.440002
OBJECT 1 -19.481110543 63.516611539 197.440002
OBJECT 1 -19.481138062 63.516557095 197.440002
OBJECT 1 -19.481157544 63.516499363 197.440002
OBJECT 1 -19.481269879 63.516234948 197.440002
OBJECT 1 -19.481290241 63.516182821 197.440002
OBJECT 1 -19.481321160 63.516124304 197.440002
FILTER -1
OBJECT_DEF lib/airport/Common_Elements/Miscellaneous/One_Traffic_Cone.obj
OBJECT_DEF lib/airport/Common_Elements/Runway_Markers/Sheet_Metal/White_Red_Bent.obj
PROPERTY sim/filter/aptid BISK
PROPERTY sim/require_agpoint 1/0
PROPERTY sim/require_object 1/0
