PROPERTY sim/west -180
PROPERTY sim/east 180
PROPERTY sim/north 90
PROPERTY sim/south -90
PROPERTY sim/planet earth
PROPERTY sim/creation_agent WorldEditor1.7.1r1
PROPERTY laminar/internal_revision 0
PROPERTY sim/overlay 1
FILTER 0
BEGIN_POLYGON 0 0 2
BEGIN_WINDING
POLYGON_POINT -122.525910011 38.016345249
POLYGON_POINT -122.525751243 38.016715604
POLYGON_POINT -122.526044164 38.016825667
POLYGON_POINT -122.526456508 38.016919753
POLYGON_POINT -122.526416990 38.016858284
POLYGON_POINT -122.526588237 38.016535196
END_WINDING
END_POLYGON
FILTER -1
FILTER 0
FILTER -1
FILTER 0
FILTER -1
FILTER 0
FILTER -1
FILTER 0
FILTER -1
FILTER 0
OBJECT 0 -122.527313840 38.015342379 0.000000
OBJECT 0 -122.527360561 38.015204339 18.430000
OBJECT 0 -122.527403389 38.015115380 26.559999
OBJECT 0 -122.527461790 38.015014151 26.559999
OBJECT 0 -122.527527979 38.014860773 26.559999
OBJECT 0 -122.527563020 38.014781016 18.430000
OBJECT 0 -122.527609741 38.014673652 26.559999
OBJECT 0 -122.527699290 38.014440518 30.959999
OBJECT 0 -122.527773265 38.014259532 17.350000
OBJECT 0 -122.527870600 38.014057073 24.440001
OBJECT 0 -122.527897854 38.013989587 21.799999
OBJECT 0 -122.527940682 38.013894492 26.559999
OBJECT 0 -122.527991297 38.013790195 14.040000
OBJECT 0 -122.528034124 38.013688966 0.000000
OBJECT 0 -122.526511798 38.017084752 210.960007
OBJECT 0 -122.526317121 38.017121563 254.050003
OBJECT 0 -122.526588071 38.016910782 307.880005
OBJECT 0 -122.526184741 38.017084752 307.880005
OBJECT 0 -122.526534572 38.016862510 0.000000
OBJECT 0 -122.526095189 38.017041806 0.000000
OBJECT 0 -122.526437234 38.016850240 284.040009
OBJECT 0 -122.525997851 38.017029536 284.040009
OBJECT 0 -122.525919980 38.016977388 303.690002
OBJECT 0 -122.525814855 38.016949780 270.000000
OBJECT 0 -122.525736984 38.016860820 328.000000
OBJECT 0 -122.525553987 38.016805604 296.570007
OBJECT 0 -122.525448862 38.016716645 315.000000
OBJECT 0 -122.525382672 38.016627686 296.570007
OBJECT 0 -122.525180208 38.016584740 306.869995
OBJECT 0 -122.525059508 38.016554065 270.000000
OBJECT 0 -122.524915447 38.016477376 0.000000
OBJECT 0 -122.524642900 38.016100066 0.000000
OBJECT 0 -122.524623432 38.016001904 315.000000
OBJECT 0 -122.524592284 38.015854662 348.690002
OBJECT 0 -122.524483265 38.015682878 345.959991
OBJECT 0 -122.524506626 38.015569379 14.040000
OBJECT 0 -122.524494945 38.015443609 0.000000
OBJECT 0 -122.521111396 38.018606261 220.600006
OBJECT 0 -122.520916713 38.018707490 227.289993
OBJECT 0 -122.520850520 38.018781111 201.039993
OBJECT 0 -122.520352130 38.019112408 180.000000
OBJECT 0 -122.520387173 38.019115475 0.000000
OBJECT 0 -122.520527345 38.018989705 34.990002
OBJECT 0 -122.520503983 38.018955962 270.000000
OBJECT 0 -122.520433897 38.018986638 232.119995
OBJECT 0 -122.520632493 38.018873138 0.000000
OBJECT 0 -122.520687004 38.018820990 45.000000
OBJECT 0 -122.520768769 38.018765774 48.810001
OBJECT 0 -122.520873897 38.018704422 57.990002
OBJECT 0 -122.520971237 38.018649206 56.310001
OBJECT 0 -122.521134769 38.018584788 67.620003
OBJECT 0 -122.521286620 38.018529572 63.430000
OBJECT 0 -122.521652620 38.018268829 0.000000
OBJECT 0 -122.521757747 38.018216681 59.740002
OBJECT 0 -122.521913492 38.018143059 59.740002
OBJECT 0 -122.522006938 38.018093978 56.310001
OBJECT 0 -122.522127640 38.018005019 56.310001
OBJECT 0 -122.522197725 38.017968209 75.959999
OBJECT 0 -122.522298959 38.017888452 48.369999
OBJECT 0 -122.522369044 38.017793358 18.430000
OBJECT 0 -122.522443023 38.017627710 21.799999
OBJECT 0 -122.522497534 38.017508075 0.000000
OBJECT 0 -122.522524791 38.017394575 33.689999
OBJECT 0 -122.522555939 38.017308684 0.000000
OBJECT 0 -122.522629916 38.017170644 26.559999
OBJECT 0 -122.522703894 38.017017266 29.049999
OBJECT 0 -122.522797339 38.016866956 32.000000
OBJECT 0 -122.522836274 38.016805604 26.559999
OBJECT 0 -122.522929719 38.016655294 32.900002
OBJECT 0 -122.523011483 38.016560200 0.000000
OBJECT 0 -122.523171118 38.016409889 0.000000
OBJECT 0 -122.518941159 38.016455854 18.430000
OBJECT 0 -122.518945832 38.016154006 1.300000
OBJECT 0 -122.518927143 38.016032531 348.690002
OBJECT 0 -122.518810337 38.015601846 45.000000
OBJECT 0 -122.518815009 38.015561354 8.130000
OBJECT 0 -122.518829026 38.015399387 26.559999
OBJECT 0 -122.518829026 38.014534336 0.000000
OBJECT 0 -122.519170098 38.014394455 45.000000
OBJECT 0 -122.519403709 38.014317153 78.690002
OBJECT 0 -122.519473792 38.014295066 90.000000
OBJECT 0 -122.519688715 38.014331877 108.440002
OBJECT 0 -122.519838226 38.014361326 108.440002
OBJECT 0 -122.519955031 38.014372369 99.459999
OBJECT 0 -122.520137248 38.014442309 118.809998
OBJECT 0 -122.520632503 38.014545379 107.059998
OBJECT 0 -122.520739964 38.014589552 112.379997
OBJECT 0 -122.520964231 38.014607957 116.570000
OBJECT 0 -122.521239892 38.014703665 117.900002
OBJECT 0 -122.521431453 38.014744157 111.040001
OBJECT 0 -122.521814575 38.014744157 0.000000
OBJECT 0 -122.521688425 38.014733113 270.000000
OBJECT 0 -122.521543586 38.014707346 0.000000
OBJECT 0 -122.521380058 38.014648449 296.570007
OBJECT 0 -122.521160464 38.014652130 254.050003
OBJECT 0 -122.520926853 38.014574828 289.980011
OBJECT 0 -122.520711931 38.014512249 288.440002
OBJECT 0 -122.520539059 38.014468077 285.950012
OBJECT 0 -122.520324136 38.014431266 277.130005
OBJECT 0 -122.519978392 38.014387093 243.429993
OBJECT 0 -122.518819682 38.015679148 149.039993
OBJECT 0 -122.518833698 38.015741726 158.199997
OBJECT 0 -122.518885093 38.015841115 157.169998
OBJECT 0 -122.518945832 38.015944185 150.259995
OBJECT 0 -122.518959848 38.016154006 175.240005
OBJECT 0 -122.518941151 38.016297568 190.619995
OBJECT 0 -122.518903772 38.016441129 180.000000
OBJECT 0 -122.518899100 38.016514751 184.759995
OBJECT 0 -122.518847704 38.016658313 192.089996
OBJECT 0 -122.518819670 38.016750339 192.089996
OBJECT 0 -122.518777619 38.016875496 185.710007
OBJECT 0 -122.518707534 38.016982247 206.559998
OBJECT 0 -122.518628104 38.017092679 208.070007
OBJECT 0 -122.518525313 38.017262008 204.619995
OBJECT 0 -122.518492607 38.017361397 191.309998
OBJECT 0 -122.518455228 38.017446061 201.800003
OBJECT 0 -122.518380471 38.017574899 203.199997
OBJECT 0 -122.518301041 38.017677969 210.960007
OBJECT 0 -122.518198250 38.017843617 203.199997
OBJECT 0 -122.518100131 38.017954049 213.690002
OBJECT 0 -122.517927254 38.018130740 201.800003
OBJECT 0 -122.517801101 38.018263259 220.100006
OBJECT 0 -122.517782412 38.018303750 0.000000
OBJECT 0 -122.517604863 38.018458355 0.000000
OBJECT 0 -122.525283331 38.015272028 225.000000
OBJECT 0 -122.525178207 38.015311906 237.529999
OBJECT 0 -122.525014679 38.015373257 237.720001
OBJECT 0 -122.524925129 38.015397798 270.000000
OBJECT 0 -122.524738241 38.015434608 243.429993
OBJECT 0 -122.522927782 38.014910056 0.000000
OBJECT 0 -122.522966717 38.014857908 45.000000
OBJECT 0 -122.523114668 38.014824164 86.190002
OBJECT 0 -122.523274299 38.014778151 68.959999
OBJECT 0 -122.523359955 38.014741340 65.559998
OBJECT 0 -122.523515693 38.014747476 84.290001
OBJECT 0 -122.523593562 38.014695327 0.000000
OBJECT 0 -122.523776554 38.014698395 94.400002
OBJECT 0 -122.523905038 38.014673854 90.000000
OBJECT 0 -122.523990694 38.014673854 90.000000
OBJECT 0 -122.524068563 38.014609435 35.540001
OBJECT 0 -122.524126965 38.014554219 90.000000
OBJECT 0 -122.524302170 38.014480598 52.119999
OBJECT 0 -122.524364465 38.014391639 45.000000
OBJECT 0 -122.524621433 38.014278139 90.000000
OBJECT 0 -122.524520203 38.014345626 0.000000
OBJECT 0 -122.525637623 38.014376301 90.000000
OBJECT 0 -122.525859549 38.014318018 26.559999
OBJECT 0 -122.525941312 38.014290409 80.540001
OBJECT 0 -122.526093156 38.014201450 36.869999
OBJECT 0 -122.526241106 38.014115559 56.310001
OBJECT 0 -122.526322869 38.014072613 90.000000
OBJECT 0 -122.526381270 38.013968316 0.000000
OBJECT 0 -122.526420205 38.013864019 0.000000
OBJECT 1 -122.527014024 38.014715224 288.799988
OBJECT 1 -122.527085560 38.015455036 108.349998
OBJECT 1 -122.526655438 38.016136348 195.759995
OBJECT 1 -122.526143812 38.016070714 194.429993
OBJECT 1 -122.526621027 38.015502122 294.500000
OBJECT 1 -122.526702524 38.015024133 191.389999
OBJECT 1 -122.526539531 38.015019853 112.790001
OBJECT 1 -122.526668113 38.014554706 287.890015
OBJECT 2 -122.528161799 38.013114715 197.500000
OBJECT 3 -122.528127269 38.013096237 109.959999
OBJECT 3 -122.527388847 38.013971876 19.160000
OBJECT 3 -122.527118282 38.014550599 17.629999
OBJECT 3 -122.526295580 38.015812249 114.620003
OBJECT 3 -122.526094404 38.015116840 107.809998
OBJECT 3 -122.526134319 38.015124436 109.620003
OBJECT 3 -122.525463019 38.015208277 203.789993
OBJECT 1 -122.525527013 38.015220724 287.470001
OBJECT 1 -122.525303167 38.015853381 198.830002
OBJECT 1 -122.525939931 38.015129978 107.500000
OBJECT 1 -122.526202893 38.014836336 282.850006
OBJECT 4 -122.526249482 38.016446214 290.160004
OBJECT 4 -122.526037405 38.016759984 195.949997
OBJECT 4 -122.526341592 38.016649921 16.139999
OBJECT 5 -122.526970266 38.014506870 289.959991
OBJECT 5 -122.527054761 38.014314556 289.959991
OBJECT 5 -122.527151773 38.014122242 289.959991
OBJECT 5 -122.527242526 38.013926229 289.959991
OBJECT 5 -122.527331714 38.013736381 289.959991
OBJECT 6 -122.525975180 38.014467656 82.120003
OBJECT 5 -122.526677024 38.014638833 108.070000
OBJECT 5 -122.526658247 38.014474626 287.320007
OBJECT 5 -122.526802826 38.014390304 109.070000
OBJECT 5 -122.526748375 38.014260122 290.559998
OBJECT 5 -122.526898587 38.014181717 110.760002
OBJECT 5 -122.526834746 38.014044139 291.739990
OBJECT 5 -122.527001857 38.013967213 110.510002
OBJECT 5 -122.527060064 38.013871056 110.080002
OBJECT 5 -122.527657150 38.013446486 110.050003
OBJECT 5 -122.527129536 38.013739395 109.900002
OBJECT 7 -122.525300286 38.015812813 107.330002
OBJECT 7 -122.525356616 38.015692986 108.360001
OBJECT 7 -122.525405436 38.015567242 110.010002
OBJECT 7 -122.525463644 38.015445937 109.900002
OBJECT 7 -122.525534996 38.015315755 111.150002
OBJECT 7 -122.525846692 38.015200366 291.980011
OBJECT 7 -122.525792239 38.015320193 290.739990
OBJECT 7 -122.525726520 38.015438540 291.980011
OBJECT 7 -122.525675822 38.015553928 289.220001
OBJECT 7 -122.525621370 38.015670796 288.839996
OBJECT 7 -122.525572550 38.015784705 289.959991
OBJECT 7 -122.525521852 38.015903052 291.260010
OBJECT 7 -122.525792242 38.016505143 289.220001
OBJECT 7 -122.525630760 38.016392714 106.980003
OBJECT 7 -122.525886127 38.016298036 287.410004
OBJECT 5 -122.525713379 38.016163416 107.889999
OBJECT 5 -122.525942458 38.016145664 288.359985
OBJECT 5 -122.525993156 38.016014003 288.119995
OBJECT 5 -122.525801626 38.015968143 107.730003
OBJECT 5 -122.525865467 38.015840920 107.160004
OBJECT 5 -122.525919920 38.015721094 107.129997
OBJECT 5 -122.525981884 38.015577598 108.610001
OBJECT 5 -122.526032581 38.015459251 109.510002
OBJECT 7 -122.526087034 38.015352738 110.959999
OBJECT 7 -122.526145242 38.015229953 110.180000
OBJECT 7 -122.526426893 38.015076102 290.529999
OBJECT 7 -122.526366807 38.015192970 290.850006
OBJECT 7 -122.526314232 38.015311317 290.760010
OBJECT 7 -122.526261657 38.015429664 290.609985
OBJECT 8 -122.526190305 38.015559846 289.829987
OBJECT 8 -122.526137730 38.015679672 289.429993
OBJECT 7 -122.526503877 38.015846837 112.430000
OBJECT 7 -122.526573351 38.015713697 113.910004
OBJECT 7 -122.526640947 38.015592391 113.360001
OBJECT 7 -122.526712299 38.015438540 106.019997
OBJECT 7 -122.526759240 38.015320193 107.550003
OBJECT 7 -122.526804305 38.015185573 106.019997
OBJECT 7 -122.526806182 38.014976986 10.460000
OBJECT 7 -122.527266213 38.014833490 289.070007
OBJECT 7 -122.527206127 38.014954796 294.320007
OBJECT 7 -122.527144164 38.015083499 290.589996
OBJECT 7 -122.527084079 38.015226994 285.260010
OBJECT 7 -122.527039014 38.015363094 283.619995
OBJECT 7 -122.526995832 38.015536176 284.109985
OBJECT 7 -122.526941379 38.015682631 283.059998
OBJECT 7 -122.526868153 38.015855714 295.630005
OBJECT 7 -122.526796800 38.015968143 294.700012
OBJECT 7 -122.526695405 38.016098325 291.040009
OBJECT 9 -122.526539559 38.016335019 289.119995
OBJECT 10 -122.525342266 38.016047717 199.639999
OBJECT 10 -122.526175963 38.016253345 199.639999
OBJECT 2 -122.526246627 38.016376439 284.720001
OBJECT 2 -122.526324865 38.016154709 201.529999
OBJECT 2 -122.526688888 38.015086298 106.470001
OBJECT 2 -122.526016270 38.015159066 105.639999
OBJECT 2 -122.527126783 38.013670310 198.539993
OBJECT 11 -122.527802919 38.012981474 307.899994
OBJECT 12 -122.528017529 38.013167565 290.649994
OBJECT 12 -122.527953376 38.013293308 291.260010
OBJECT 12 -122.527890788 38.013426449 290.619995
OBJECT 12 -122.527839153 38.013546029 290.170013
OBJECT 12 -122.527784389 38.013669307 290.489990
OBJECT 12 -122.527682214 38.013842400 289.779999
OBJECT 12 -122.527632144 38.013950885 289.779999
OBJECT 12 -122.527577379 38.014070465 289.779999
OBJECT 12 -122.527522614 38.014185114 289.779999
OBJECT 12 -122.527480367 38.014288667 289.779999
OBJECT 12 -122.527428732 38.014397152 289.779999
OBJECT 12 -122.527391179 38.014494542 289.779999
OBJECT 12 -122.527347366 38.014606725 289.779999
OBJECT 12 -122.527301990 38.014711512 289.779999
OBJECT 5 -122.527111089 38.014659735 109.349998
OBJECT 5 -122.527197148 38.014462490 110.279999
OBJECT 5 -122.527284772 38.014270176 110.279999
OBJECT 5 -122.527373961 38.014072930 110.279999
OBJECT 5 -122.527466278 38.013883082 110.989998
OBJECT 5 -122.527550772 38.013688302 110.989998
OBJECT 7 -122.526292748 38.014759590 103.800003
OBJECT 7 -122.526336560 38.014642476 106.860001
OBJECT 7 -122.526388196 38.014517965 106.860001
OBJECT 7 -122.526441396 38.014384824 106.860001
OBJECT 7 -122.526485208 38.014268943 106.860001
OBJECT 7 -122.526533714 38.014144432 109.519997
OBJECT 7 -122.526590043 38.014022386 111.360001
OBJECT 7 -122.526658890 38.013896643 114.309998
FILTER -1
OBJECT_DEF lib/g10/forests/autogen_tree2.obj
OBJECT_DEF lib/cars/car_static.obj
OBJECT_DEF lib/airport/Common_Elements/Miscellaneous/Blue_Dumpster.obj
OBJECT_DEF lib/airport/Common_Elements/Miscellaneous/Picnic_Table.obj
OBJECT_DEF lib/airport/Common_Elements/Parking_Items/Row_of_Cars_6.agp
OBJECT_DEF lib/airport/Common_Elements/Hangars/Sm_Gray_Hangar.agp
OBJECT_DEF lib/g10/US/suburban/dZ-RnchLHGry.obj
OBJECT_DEF lib/airport/Common_Elements/Hangars/Sm_Blue_Hangar.agp
OBJECT_DEF lib/airport/Common_Elements/Hangars/Sm_Orange_Hangar.agp
OBJECT_DEF lib/airport/Common_Elements/Hangars/Med_Gray_Hangar.agp
OBJECT_DEF lib/airport/European_Airports/hangars/25x20x5.obj
OBJECT_DEF lib/airport/Common_Elements/Miscellaneous/Const_Trailer.agp
OBJECT_DEF lib/airport/Common_Elements/Hangars/Sm_Brown_Hangar.agp
POLYGON_DEF lib/airport/pavement/asphalt_2D.pol
PROPERTY sim/filter/aptid CA35
PROPERTY sim/exclude_obj -122.521658/38.016284/-122.518033/38.019134
PROPERTY sim/exclude_for -122.521658/38.016284/-122.518033/38.019134
PROPERTY sim/exclude_pol -122.521658/38.016284/-122.518033/38.019134
PROPERTY sim/exclude_str -122.521658/38.016284/-122.518033/38.019134
PROPERTY sim/exclude_obj -122.524355/38.014357/-122.518639/38.017226
PROPERTY sim/exclude_for -122.524355/38.014357/-122.518639/38.017226
PROPERTY sim/exclude_pol -122.524355/38.014357/-122.518639/38.017226
PROPERTY sim/exclude_str -122.524355/38.014357/-122.518639/38.017226
PROPERTY sim/exclude_net -122.519781/38.018091/-122.517117/38.019037
PROPERTY sim/exclude_net -122.521563/38.016564/-122.519267/38.018083
PROPERTY sim/exclude_net -122.522958/38.015366/-122.520546/38.016908
PROPERTY sim/exclude_net -122.525012/38.014175/-122.522590/38.015679
PROPERTY sim/exclude_net -122.526485/38.013809/-122.524596/38.014892
PROPERTY sim/exclude_net -122.527920/38.012849/-122.527266/38.013585
PROPERTY sim/exclude_net -122.527477/38.013430/-122.526570/38.014675
PROPERTY sim/exclude_net -122.527005/38.014502/-122.525925/38.015525
PROPERTY sim/exclude_net -122.526547/38.015153/-122.525510/38.016394
PROPERTY sim/exclude_obj -122.528004/38.013002/-122.525856/38.014185
PROPERTY sim/exclude_for -122.528004/38.013002/-122.525856/38.014185
PROPERTY sim/exclude_pol -122.528004/38.013002/-122.525856/38.014185
PROPERTY sim/exclude_str -122.528004/38.013002/-122.525856/38.014185
PROPERTY sim/exclude_obj -122.527083/38.013873/-122.524274/38.016011
PROPERTY sim/exclude_for -122.527083/38.013873/-122.524274/38.016011
PROPERTY sim/exclude_pol -122.527083/38.013873/-122.524274/38.016011
PROPERTY sim/exclude_str -122.527083/38.013873/-122.524274/38.016011
PROPERTY sim/require_agpoint 1/0
PROPERTY sim/require_object 1/0
PROPERTY sim/require_facade 6/0
