PROPERTY sim/west -180
PROPERTY sim/east 180
PROPERTY sim/north 90
PROPERTY sim/south -90
PROPERTY sim/planet earth
PROPERTY sim/creation_agent WorldEditor1.4.0b2
PROPERTY laminar/internal_revision 0
PROPERTY sim/overlay 1
PROPERTY sim/exclude_obj -122.316706/49.035494/-122.310081/49.038085
PROPERTY sim/exclude_fac -122.316706/49.035494/-122.310081/49.038085
PROPERTY sim/exclude_for -122.316706/49.035494/-122.310081/49.038085
PROPERTY sim/exclude_bch -122.316706/49.035494/-122.310081/49.038085
PROPERTY sim/exclude_lin -122.316706/49.035494/-122.310081/49.038085
PROPERTY sim/exclude_pol -122.316706/49.035494/-122.310081/49.038085
BEGIN_POLYGON 0 0 4
BEGIN_WINDING
POLYGON_POINT -122.312118210 49.037535100 -122.312118210 49.037535100
POLYGON_POINT -122.312143434 49.037520120 -122.312143434 49.037520120
POLYGON_POINT -122.312033198 49.037446844 -122.312033198 49.037446844
POLYGON_POINT -122.311952162 49.037497377 -122.311952162 49.037497377
POLYGON_POINT -122.311904752 49.037464287 -122.311904752 49.037464287
POLYGON_POINT -122.311931822 49.037411558 -122.311935281 49.037378193
POLYGON_POINT -122.311922928 49.037336406 -122.311922928 49.037336406
POLYGON_POINT -122.311881159 49.037340976 -122.311881159 49.037340976
POLYGON_POINT -122.311891219 49.037417006 -122.311886327 49.037457271
POLYGON_POINT -122.311832529 49.037485264 -122.311832529 49.037485264
POLYGON_POINT -122.311548586 49.037674096 -122.311530618 49.037687937
POLYGON_POINT -122.311537355 49.037700010 -122.311537355 49.037700010
POLYGON_POINT -122.311560068 49.037712809 -122.311560068 49.037712809
POLYGON_POINT -122.311585171 49.037700741 -122.311585171 49.037700741
POLYGON_POINT -122.311573177 49.037689587 -122.311573177 49.037689587
POLYGON_POINT -122.311603447 49.037671768 -122.311603447 49.037671768
POLYGON_POINT -122.311887297 49.037485760 -122.311887297 49.037485760
POLYGON_POINT -122.311951434 49.037525312 -122.311951434 49.037525312
POLYGON_POINT -122.312029423 49.037475170 -122.312029423 49.037475170
END_WINDING
END_POLYGON
BEGIN_POLYGON 1 0 4
BEGIN_WINDING
POLYGON_POINT -122.311506360 49.037714440 -122.311506360 49.037714440
POLYGON_POINT -122.311537355 49.037700010 -122.311537355 49.037700010
POLYGON_POINT -122.311548586 49.037674096 -122.311566554 49.037660255
POLYGON_POINT -122.311832529 49.037485264 -122.311832529 49.037485264
POLYGON_POINT -122.311891219 49.037417006 -122.311896111 49.037376741
POLYGON_POINT -122.311881979 49.037341465 -122.311881979 49.037341465
POLYGON_POINT -122.311741566 49.037335550 -122.311741566 49.037335550
POLYGON_POINT -122.311741023 49.037310608 -122.311741023 49.037310608
POLYGON_POINT -122.311592006 49.037307808 -122.311592006 49.037307808
POLYGON_POINT -122.311441159 49.037293021 -122.311441159 49.037293021
POLYGON_POINT -122.311354620 49.037274609 -122.311354620 49.037274609
POLYGON_POINT -122.311170507 49.037394185 -122.311170507 49.037394185
POLYGON_POINT -122.311101266 49.037391411 -122.311063625 49.037368456
POLYGON_POINT -122.311052491 49.037359775 -122.311052491 49.037359775
POLYGON_POINT -122.310960744 49.037409723 -122.310960744 49.037409723
POLYGON_POINT -122.311017762 49.037448844 -122.311017762 49.037448844
POLYGON_POINT -122.311013421 49.037499590 -122.310972908 49.037523778
POLYGON_POINT -122.310936736 49.037500065 -122.310936736 49.037500065
POLYGON_POINT -122.310907574 49.037479244 -122.310907574 49.037479244
POLYGON_POINT -122.310958469 49.037447823 -122.310958469 49.037447823
POLYGON_POINT -122.310598170 49.037199493 -122.310598170 49.037199493
POLYGON_POINT -122.310551453 49.037230119 -122.310551453 49.037230119
POLYGON_POINT -122.310528126 49.037216666 -122.310528126 49.037216666
POLYGON_POINT -122.310526656 49.037172143 -122.310526656 49.037172143
POLYGON_POINT -122.310381728 49.037171465 -122.310381728 49.037171465
POLYGON_POINT -122.310381728 49.037215932 -122.310381728 49.037215932
POLYGON_POINT -122.310335909 49.037180888 -122.310336807 49.037141427
POLYGON_POINT -122.310392993 49.037142907 -122.310392993 49.037142907
POLYGON_POINT -122.310511757 49.037145285 -122.310511757 49.037145285
POLYGON_POINT -122.310608047 49.037093637 -122.310608047 49.037093637
POLYGON_POINT -122.310569213 49.037050178 -122.310566319 49.037021722
POLYGON_POINT -122.310597078 49.036994131 -122.310597078 49.036994131
POLYGON_POINT -122.310609046 49.036606064 -122.310609046 49.036606064
POLYGON_POINT -122.310617221 49.036552942 -122.310624924 49.036530217
POLYGON_POINT -122.310637442 49.036487292 -122.310637442 49.036487292
POLYGON_POINT -122.310665366 49.036490448 -122.310665366 49.036490448
POLYGON_POINT -122.310643219 49.036463305 -122.310622036 49.036451943
POLYGON_POINT -122.310600852 49.036424167 -122.310600852 49.036424167
POLYGON_POINT -122.310498743 49.036359549 -122.310419797 49.036339216
POLYGON_POINT -122.310339513 49.036363489 -122.310339513 49.036363489
POLYGON_POINT -122.310296107 49.036332662 -122.310296107 49.036332662
POLYGON_POINT -122.310177524 49.036481554 -122.310181025 49.036589440
POLYGON_POINT -122.310169461 49.037056842 -122.310169461 49.037056842
POLYGON_POINT -122.310241240 49.037057416 -122.310241240 49.037057416
POLYGON_POINT -122.310227196 49.037134761 -122.310227196 49.037134761
POLYGON_POINT -122.310155576 49.037134286 -122.310155576 49.037134286
POLYGON_POINT -122.310151010 49.037955145 -122.310151010 49.037955145
POLYGON_POINT -122.310218751 49.037955576 -122.310218751 49.037955576
POLYGON_POINT -122.310220066 49.038003003 -122.310220066 49.038003003
POLYGON_POINT -122.310961591 49.038007001 -122.310961591 49.038007001
POLYGON_POINT -122.310965271 49.037958086 -122.310965271 49.037958086
POLYGON_POINT -122.311050607 49.037958086 -122.311050607 49.037958086
POLYGON_POINT -122.311052238 49.037841212 -122.311052238 49.037841212
POLYGON_POINT -122.310986469 49.037839074 -122.310986469 49.037839074
POLYGON_POINT -122.310989730 49.037798809 -122.310989730 49.037798809
POLYGON_POINT -122.311046802 49.037834798 -122.311046802 49.037834798
POLYGON_POINT -122.311258031 49.037705278 -122.311258031 49.037705278
POLYGON_POINT -122.311204221 49.037667258 -122.311204221 49.037667258
POLYGON_POINT -122.311254330 49.037632221 -122.311254330 49.037632221
POLYGON_POINT -122.311129561 49.037550898 -122.311129561 49.037550898
POLYGON_POINT -122.311077453 49.037587414 -122.311077453 49.037587414
POLYGON_POINT -122.311082394 49.037552076 -122.311112041 49.037530284
POLYGON_POINT -122.311173011 49.037546302 -122.311173011 49.037546302
POLYGON_POINT -122.311265145 49.037488932 -122.311265145 49.037488932
POLYGON_POINT -122.311223518 49.037458644 -122.311223518 49.037458644
POLYGON_POINT -122.311241037 49.037428018 -122.311267540 49.037411821
POLYGON_POINT -122.311288652 49.037421834 -122.311288652 49.037421834
POLYGON_POINT -122.311243732 49.037455405 -122.311243732 49.037455405
POLYGON_POINT -122.311472974 49.037609930 -122.311472974 49.037609930
POLYGON_POINT -122.311519011 49.037577789 -122.311519011 49.037577789
POLYGON_POINT -122.311527979 49.037611497 -122.311503466 49.037628743
POLYGON_POINT -122.311432317 49.037668723 -122.311432317 49.037668723
END_WINDING
BEGIN_WINDING
POLYGON_POINT -122.311728897 49.037469096 -122.311728897 49.037469096
POLYGON_POINT -122.311695198 49.037421705 -122.311665304 49.037401038
POLYGON_POINT -122.311618016 49.037373958 -122.311618016 49.037373958
POLYGON_POINT -122.311624538 49.037363268 -122.311624538 49.037363268
POLYGON_POINT -122.311759879 49.037390705 -122.311787599 49.037418142
POLYGON_POINT -122.311771836 49.037444510 -122.311771836 49.037444510
END_WINDING
BEGIN_WINDING
POLYGON_POINT -122.311573688 49.037521573 -122.311573688 49.037521573
POLYGON_POINT -122.311625324 49.037490572 -122.311625324 49.037490572
POLYGON_POINT -122.311472829 49.037388428 -122.311472829 49.037388428
POLYGON_POINT -122.311423417 49.037416934 -122.311423417 49.037416934
POLYGON_POINT -122.311415017 49.037375794 -122.311443182 49.037357978
POLYGON_POINT -122.311565482 49.037407298 -122.311642120 49.037461103
POLYGON_POINT -122.311654078 49.037492459 -122.311654078 49.037492459
POLYGON_POINT -122.311641033 49.037533793 -122.311614943 49.037546621
END_WINDING
BEGIN_WINDING
POLYGON_POINT -122.310962224 49.037727399 -122.310962224 49.037727399
POLYGON_POINT -122.310959593 49.037627803 -122.310959593 49.037627803
POLYGON_POINT -122.310989847 49.037628665 -122.310989847 49.037628665
POLYGON_POINT -122.311035395 49.037672117 -122.311035395 49.037699156
END_WINDING
BEGIN_WINDING
POLYGON_POINT -122.310816575 49.037892734 -122.310816575 49.037892734
POLYGON_POINT -122.310818208 49.037789397 -122.310818208 49.037789397
POLYGON_POINT -122.310848428 49.037789129 -122.310848428 49.037789129
POLYGON_POINT -122.310881914 49.037813491 -122.310882322 49.037837585
POLYGON_POINT -122.310882322 49.037875868 -122.310882322 49.037875868
POLYGON_POINT -122.310860270 49.037893537 -122.310838626 49.037893269
END_WINDING
BEGIN_WINDING
POLYGON_POINT -122.310320608 49.037876212 -122.310320608 49.037876212
POLYGON_POINT -122.310320608 49.037876212 -122.310320608 49.037862096
POLYGON_POINT -122.310319866 49.037806851 -122.310319866 49.037782270
POLYGON_POINT -122.310351374 49.037785634 -122.310351374 49.037785634
POLYGON_POINT -122.310352097 49.037889024 -122.310352097 49.037889024
POLYGON_POINT -122.310320608 49.037876212 -122.310320608 49.037862096
END_WINDING
BEGIN_WINDING
POLYGON_POINT -122.310322884 49.037715264 -122.310322884 49.037715264
POLYGON_POINT -122.310322884 49.037715264 -122.310322067 49.037700808
POLYGON_POINT -122.310321659 49.037643517 -122.310321251 49.037617014
POLYGON_POINT -122.310357187 49.037620762 -122.310357187 49.037620762
POLYGON_POINT -122.310354736 49.037726775 -122.310354736 49.037726775
POLYGON_POINT -122.310322884 49.037715264 -122.310322067 49.037700808
END_WINDING
BEGIN_WINDING
POLYGON_POINT -122.310779299 49.037557695 -122.310779299 49.037557695
POLYGON_POINT -122.310780615 49.037501646 -122.310780615 49.037501646
POLYGON_POINT -122.310718135 49.037502077 -122.310718135 49.037502077
POLYGON_POINT -122.310719451 49.037459824 -122.310719451 49.037459824
POLYGON_POINT -122.310745758 49.037461549 -122.310761542 49.037474915
POLYGON_POINT -122.310841779 49.037533120 -122.310841779 49.037533120
POLYGON_POINT -122.310826652 49.037558558 -122.310785876 49.037558127
END_WINDING
BEGIN_WINDING
POLYGON_POINT -122.310328458 49.037538667 -122.310328458 49.037538667
POLYGON_POINT -122.310328458 49.037538667 -122.310329056 49.037521421
POLYGON_POINT -122.310327860 49.037469290 -122.310327262 49.037451260
POLYGON_POINT -122.310356559 49.037453612 -122.310356559 49.037453612
POLYGON_POINT -122.310360146 49.037555521 -122.310360146 49.037555521
POLYGON_POINT -122.310328458 49.037538667 -122.310329056 49.037521421
END_WINDING
BEGIN_WINDING
POLYGON_POINT -122.310330396 49.037376787 -122.310330396 49.037376787
POLYGON_POINT -122.310330396 49.037376787 -122.310329673 49.037361610
POLYGON_POINT -122.310327502 49.037308018 -122.310326779 49.037287625
POLYGON_POINT -122.310356440 49.037289996 -122.310356440 49.037289996
POLYGON_POINT -122.310362228 49.037390540 -122.310362228 49.037390540
POLYGON_POINT -122.310330396 49.037376787 -122.310329673 49.037361610
END_WINDING
BEGIN_WINDING
POLYGON_POINT -122.310505953 49.037385980 -122.310505953 49.037385980
POLYGON_POINT -122.310503980 49.037338985 -122.310503980 49.037338985
POLYGON_POINT -122.310470438 49.037339416 -122.310470438 49.037339416
POLYGON_POINT -122.310470438 49.037301475 -122.310470438 49.037301475
POLYGON_POINT -122.310498061 49.037301044 -122.310523710 49.037321739
POLYGON_POINT -122.310590135 49.037367872 -122.310590135 49.037367872
POLYGON_POINT -122.310576982 49.037388998 -122.310542783 49.037387705
END_WINDING
BEGIN_WINDING
POLYGON_POINT -122.310347339 49.037009263 -122.310347339 49.037009263
POLYGON_POINT -122.310416394 49.037009263 -122.310416394 49.037009263
POLYGON_POINT -122.310418367 49.036968303 -122.310418367 49.036968303
POLYGON_POINT -122.310488224 49.036967576 -122.310521379 49.036967220
POLYGON_POINT -122.310500725 49.036983255 -122.310500725 49.036983255
POLYGON_POINT -122.310473549 49.037039554 -122.310474093 49.037067347
POLYGON_POINT -122.310448546 49.037071267 -122.310448546 49.037071267
POLYGON_POINT -122.310375169 49.037071623 -122.310346905 49.037070554
POLYGON_POINT -122.310351254 49.037054876 -122.310351254 49.037054876
END_WINDING
BEGIN_WINDING
POLYGON_POINT -122.310503698 49.036467788 -122.310503698 49.036467788
POLYGON_POINT -122.310355066 49.036466926 -122.310355066 49.036466926
POLYGON_POINT -122.310433328 49.036424242 -122.310502383 49.036425104
END_WINDING
END_POLYGON
BEGIN_POLYGON 0 0 4
BEGIN_WINDING
POLYGON_POINT -122.312227454 49.037308051 -122.312227454 49.037308051
POLYGON_POINT -122.312291534 49.037306523 -122.312291534 49.037306523
POLYGON_POINT -122.312325323 49.037279026 -122.312325323 49.037279026
POLYGON_POINT -122.312342799 49.037129319 -122.312347459 49.037078144
POLYGON_POINT -122.312389787 49.037062421 -122.312389787 49.037062421
POLYGON_POINT -122.312388195 49.037038423 -122.312388195 49.037038423
POLYGON_POINT -122.312280138 49.037036976 -122.312280138 49.037036976
POLYGON_POINT -122.312265745 49.037291046 -122.312265745 49.037291046
POLYGON_POINT -122.312215313 49.037290414 -122.312215313 49.037290414
POLYGON_POINT -122.312217666 49.037315892 -122.312217666 49.037315892
END_WINDING
END_POLYGON
BEGIN_POLYGON 0 0 2
BEGIN_WINDING
POLYGON_POINT -122.312661330 49.037094589
POLYGON_POINT -122.312682480 49.037080265
POLYGON_POINT -122.312607093 49.037036315
POLYGON_POINT -122.312609480 49.037063443
END_WINDING
END_POLYGON
BEGIN_POLYGON 1 0 4
BEGIN_WINDING
POLYGON_POINT -122.313197377 49.037076658 -122.313197377 49.037076658
POLYGON_POINT -122.313194746 49.037028369 -122.313194746 49.037028369
POLYGON_POINT -122.313050382 49.037025987 -122.313050382 49.037025987
POLYGON_POINT -122.312724463 49.037018062 -122.312724463 49.037018062
POLYGON_POINT -122.312721280 49.037134921 -122.312721280 49.037134921
POLYGON_POINT -122.312661330 49.037094589 -122.312661330 49.037094589
POLYGON_POINT -122.312609480 49.037063443 -122.312609480 49.037063443
POLYGON_POINT -122.312389787 49.037062421 -122.312389787 49.037062421
POLYGON_POINT -122.312342799 49.037129319 -122.312338139 49.037180494
POLYGON_POINT -122.312325323 49.037279026 -122.312325323 49.037279026
POLYGON_POINT -122.312291534 49.037306523 -122.312291534 49.037306523
POLYGON_POINT -122.312227454 49.037308051 -122.312227454 49.037308051
POLYGON_POINT -122.312217666 49.037315892 -122.312217666 49.037315892
POLYGON_POINT -122.312215040 49.037570114 -122.312215040 49.037570114
POLYGON_POINT -122.312286819 49.037571835 -122.312286819 49.037571835
POLYGON_POINT -122.312288570 49.037623483 -122.312288570 49.037623483
POLYGON_POINT -122.312360350 49.037624631 -122.312360350 49.037624631
POLYGON_POINT -122.312362101 49.037574705 -122.312362101 49.037574705
POLYGON_POINT -122.312471427 49.037576895 -122.312471427 49.037576895
POLYGON_POINT -122.312483002 49.037482041 -122.312483002 49.037482041
POLYGON_POINT -122.312392572 49.037481093 -122.312392572 49.037481093
POLYGON_POINT -122.312393379 49.037367388 -122.312392781 49.037346222
POLYGON_POINT -122.312400554 49.037336032 -122.312400554 49.037336032
POLYGON_POINT -122.312456979 49.037358292 -122.312456979 49.037358292
POLYGON_POINT -122.312515890 49.037295557 -122.312515890 49.037295557
POLYGON_POINT -122.312449926 49.037269208 -122.312449926 49.037269208
POLYGON_POINT -122.312454679 49.037263197 -122.312454679 49.037263197
POLYGON_POINT -122.312545801 49.037264806 -122.312545801 49.037264806
POLYGON_POINT -122.312543491 49.037168190 -122.312543491 49.037168190
POLYGON_POINT -122.312467015 49.037167946 -122.312467015 49.037167946
POLYGON_POINT -122.312511193 49.037133144 -122.312553514 49.037134361
POLYGON_POINT -122.312610728 49.037207658 -122.312610728 49.037207658
POLYGON_POINT -122.312675680 49.037250948 -122.312675680 49.037250948
POLYGON_POINT -122.312909055 49.037131725 -122.313088942 49.037078860
END_WINDING
END_POLYGON
BEGIN_POLYGON 0 0 2
BEGIN_WINDING
POLYGON_POINT -122.314800320 49.036670499
POLYGON_POINT -122.314800598 49.036641451
POLYGON_POINT -122.314648139 49.036641059
POLYGON_POINT -122.314647349 49.036669323
END_WINDING
END_POLYGON
BEGIN_POLYGON 0 0 2
BEGIN_WINDING
POLYGON_POINT -122.315055866 49.036672700
POLYGON_POINT -122.315052605 49.036642413
POLYGON_POINT -122.314900961 49.036642769
POLYGON_POINT -122.314899874 49.036670562
END_WINDING
END_POLYGON
BEGIN_POLYGON 0 0 2
BEGIN_WINDING
POLYGON_POINT -122.315302713 49.036673132
POLYGON_POINT -122.315304343 49.036641063
POLYGON_POINT -122.315152700 49.036639281
POLYGON_POINT -122.315153787 49.036670994
END_WINDING
END_POLYGON
BEGIN_POLYGON 0 0 2
BEGIN_WINDING
POLYGON_POINT -122.315562081 49.036673018
POLYGON_POINT -122.315562081 49.036640330
POLYGON_POINT -122.315407114 49.036642163
POLYGON_POINT -122.315408012 49.036672200
END_WINDING
END_POLYGON
BEGIN_POLYGON 1 0 4
BEGIN_WINDING
POLYGON_POINT -122.315746197 49.037003800 -122.315746197 49.037003800
POLYGON_POINT -122.315746197 49.037003800 -122.315744155 49.036967391
POLYGON_POINT -122.315685522 49.036947156 -122.315656528 49.036934841
POLYGON_POINT -122.315660036 49.036913147 -122.315660036 49.036913147
POLYGON_POINT -122.315659047 49.036805926 -122.315659541 49.036784223
POLYGON_POINT -122.315698082 49.036788758 -122.315698082 49.036788758
POLYGON_POINT -122.315697350 49.036835303 -122.315697350 49.036835303
POLYGON_POINT -122.316167307 49.036842680 -122.316167307 49.036842680
POLYGON_POINT -122.316170296 49.036797213 -122.316170296 49.036797213
POLYGON_POINT -122.316236661 49.036798781 -122.316236661 49.036798781
POLYGON_POINT -122.316247606 49.036111124 -122.316247606 49.036111124
POLYGON_POINT -122.316175323 49.036110291 -122.316175323 49.036110291
POLYGON_POINT -122.316175295 49.036066547 -122.316175295 49.036066547
POLYGON_POINT -122.315494000 49.036064422 -122.315494000 49.036064422
POLYGON_POINT -122.315489406 49.036324212 -122.315489406 49.036324212
POLYGON_POINT -122.315560460 49.036324212 -122.315560460 49.036324212
POLYGON_POINT -122.315560051 49.036336527 -122.315560051 49.036336527
POLYGON_POINT -122.315468602 49.036335561 -122.315468602 49.036335561
POLYGON_POINT -122.315467377 49.036292192 -122.315467377 49.036292192
POLYGON_POINT -122.315172916 49.036290804 -122.315172916 49.036290804
POLYGON_POINT -122.315172358 49.036330848 -122.315172358 49.036330848
POLYGON_POINT -122.315165943 49.036336516 -122.315157297 49.036336333
POLYGON_POINT -122.315159150 49.036330558 -122.315159150 49.036330558
POLYGON_POINT -122.315165233 49.036067446 -122.315165233 49.036067446
POLYGON_POINT -122.314553752 49.036064118 -122.314553752 49.036064118
POLYGON_POINT -122.314553752 49.036106802 -122.314553752 49.036106802
POLYGON_POINT -122.314482067 49.036108957 -122.314482067 49.036108957
POLYGON_POINT -122.314472294 49.036637501 -122.314472294 49.036637501
POLYGON_POINT -122.314551516 49.036638036 -122.314551516 49.036638036
POLYGON_POINT -122.314555600 49.036665343 -122.314555600 49.036665343
POLYGON_POINT -122.314473406 49.036664506 -122.314473406 49.036664506
POLYGON_POINT -122.314468834 49.036992419 -122.314468834 49.036992419
POLYGON_POINT -122.314529234 49.036994715 -122.314529234 49.036994715
POLYGON_POINT -122.314530109 49.037048084 -122.314530109 49.037048084
POLYGON_POINT -122.315540474 49.037059743 -122.315540474 49.037059743
POLYGON_POINT -122.315540474 49.037012773 -122.315540474 49.037012773
POLYGON_POINT -122.315565674 49.037016660 -122.315580992 49.037023463
POLYGON_POINT -122.315583956 49.037030913 -122.315583956 49.037030913
POLYGON_POINT -122.315583956 49.037085333 -122.315582474 49.037097318
POLYGON_POINT -122.315569487 49.037107859 -122.315569487 49.037107859
POLYGON_POINT -122.315528014 49.037157770 -122.315528014 49.037157770
POLYGON_POINT -122.315687951 49.037276508 -122.315687951 49.037276508
POLYGON_POINT -122.315744088 49.037219569 -122.315744088 49.037219569
POLYGON_POINT -122.315745326 49.037133943 -122.315745326 49.037133943
POLYGON_POINT -122.315746197 49.037003800 -122.315744155 49.036967391
END_WINDING
BEGIN_WINDING
POLYGON_POINT -122.315475271 49.036941738 -122.315475271 49.036941738
POLYGON_POINT -122.315475271 49.036941738 -122.315388137 49.036938319
POLYGON_POINT -122.315396678 49.036906296 -122.315396678 49.036906296
POLYGON_POINT -122.315553662 49.036909391 -122.315553662 49.036909391
POLYGON_POINT -122.315475271 49.036941738 -122.315388137 49.036938319
END_WINDING
BEGIN_WINDING
POLYGON_POINT -122.315224933 49.036940903 -122.315224933 49.036940903
POLYGON_POINT -122.315224933 49.036940903 -122.315137397 49.036940329
POLYGON_POINT -122.315144400 49.036901306 -122.315144400 49.036901306
POLYGON_POINT -122.315301964 49.036903602 -122.315301964 49.036903602
POLYGON_POINT -122.315224933 49.036940903 -122.315137397 49.036940329
END_WINDING
BEGIN_WINDING
POLYGON_POINT -122.314976456 49.036942229 -122.314976456 49.036942229
POLYGON_POINT -122.314976456 49.036942229 -122.314888920 49.036941280
POLYGON_POINT -122.314889644 49.036901442 -122.314889644 49.036901442
POLYGON_POINT -122.315050920 49.036902427 -122.315050920 49.036902427
POLYGON_POINT -122.314976456 49.036942229 -122.314888920 49.036941280
END_WINDING
BEGIN_WINDING
POLYGON_POINT -122.314715477 49.036940095 -122.314715477 49.036940095
POLYGON_POINT -122.314715477 49.036940095 -122.314633268 49.036938370
POLYGON_POINT -122.314641160 49.036898704 -122.314641160 49.036898704
POLYGON_POINT -122.314795712 49.036900429 -122.314795712 49.036900429
POLYGON_POINT -122.314715477 49.036940095 -122.314633268 49.036938370
END_WINDING
BEGIN_WINDING
POLYGON_POINT -122.314647349 49.036669323 -122.314647349 49.036669323
POLYGON_POINT -122.314648139 49.036641059 -122.314648139 49.036641059
POLYGON_POINT -122.314800598 49.036641451 -122.314800598 49.036641451
POLYGON_POINT -122.314800320 49.036670499 -122.314800320 49.036670499
END_WINDING
BEGIN_WINDING
POLYGON_POINT -122.314802417 49.036215001 -122.314802417 49.036215001
POLYGON_POINT -122.314649243 49.036215649 -122.314649243 49.036215649
POLYGON_POINT -122.314729783 49.036179045 -122.314820699 49.036180017
END_WINDING
BEGIN_WINDING
POLYGON_POINT -122.314907115 49.036216790 -122.314907115 49.036216790
POLYGON_POINT -122.314983702 49.036179538 -122.315071160 49.036180186
POLYGON_POINT -122.315059496 49.036215993 -122.315059496 49.036215993
END_WINDING
BEGIN_WINDING
POLYGON_POINT -122.314899874 49.036670562 -122.314899874 49.036670562
POLYGON_POINT -122.314900961 49.036642769 -122.314900961 49.036642769
POLYGON_POINT -122.315052605 49.036642413 -122.315052605 49.036642413
POLYGON_POINT -122.315055866 49.036672700 -122.315055866 49.036672700
END_WINDING
BEGIN_WINDING
POLYGON_POINT -122.315153787 49.036670994 -122.315153787 49.036670994
POLYGON_POINT -122.315152700 49.036639281 -122.315152700 49.036639281
POLYGON_POINT -122.315304343 49.036641063 -122.315304343 49.036641063
POLYGON_POINT -122.315302713 49.036673132 -122.315302713 49.036673132
END_WINDING
BEGIN_WINDING
POLYGON_POINT -122.315408012 49.036672200 -122.315408012 49.036672200
POLYGON_POINT -122.315407114 49.036642163 -122.315407114 49.036642163
POLYGON_POINT -122.315562081 49.036640330 -122.315562081 49.036640330
POLYGON_POINT -122.315562081 49.036673018 -122.315562081 49.036673018
END_WINDING
BEGIN_WINDING
POLYGON_POINT -122.315653411 49.036688012 -122.315653411 49.036688012
POLYGON_POINT -122.315814323 49.036688033 -122.315814323 49.036688033
POLYGON_POINT -122.315736326 49.036724709 -122.315653021 49.036724709
END_WINDING
BEGIN_WINDING
POLYGON_POINT -122.315908787 49.036689852 -122.315908787 49.036689852
POLYGON_POINT -122.316072703 49.036690262 -122.316072703 49.036690262
POLYGON_POINT -122.315991174 49.036726542 -122.315899763 49.036724922
END_WINDING
BEGIN_WINDING
POLYGON_POINT -122.316073633 49.036225726 -122.316073633 49.036225726
POLYGON_POINT -122.315912616 49.036223865 -122.315912616 49.036223865
POLYGON_POINT -122.315996021 49.036180407 -122.316083569 49.036181275
END_WINDING
BEGIN_WINDING
POLYGON_POINT -122.315821545 49.036221692 -122.315821545 49.036221692
POLYGON_POINT -122.315658731 49.036222840 -122.315658731 49.036222840
POLYGON_POINT -122.315742764 49.036178653 -122.315828548 49.036179801
END_WINDING
BEGIN_WINDING
POLYGON_POINT -122.315561137 49.036452789 -122.315561137 49.036452789
POLYGON_POINT -122.315407046 49.036454212 -122.315407046 49.036454212
POLYGON_POINT -122.315483730 49.036407733 -122.315567648 49.036409630
END_WINDING
BEGIN_WINDING
POLYGON_POINT -122.315311126 49.036454109 -122.315311126 49.036454109
POLYGON_POINT -122.315151248 49.036453161 -122.315151248 49.036453161
POLYGON_POINT -122.315235166 49.036405260 -122.315324148 49.036408106
END_WINDING
END_POLYGON
BEGIN_POLYGON 0 0 2
BEGIN_WINDING
POLYGON_POINT -122.313693210 49.036105772
POLYGON_POINT -122.313337434 49.036107437
POLYGON_POINT -122.313334210 49.036455752
POLYGON_POINT -122.313501355 49.036456514
POLYGON_POINT -122.313506186 49.036490670
POLYGON_POINT -122.313576015 49.036491741
POLYGON_POINT -122.313575806 49.036457326
POLYGON_POINT -122.313697600 49.036463331
POLYGON_POINT -122.313697168 49.036172883
END_WINDING
END_POLYGON
BEGIN_POLYGON 0 0 4
BEGIN_WINDING
POLYGON_POINT -122.314117476 49.036651104 -122.314117476 49.036651104
POLYGON_POINT -122.314117476 49.036651104 -122.314118824 49.036578956
POLYGON_POINT -122.314065819 49.036582784 -122.314065819 49.036582784
POLYGON_POINT -122.314064327 49.036636094 -122.314064327 49.036636094
POLYGON_POINT -122.313670016 49.036631049 -122.313670016 49.036631049
POLYGON_POINT -122.313670016 49.036662350 -122.313670016 49.036662350
POLYGON_POINT -122.314061834 49.036663748 -122.314061834 49.036663748
POLYGON_POINT -122.314060958 49.036717691 -122.314060958 49.036717691
POLYGON_POINT -122.314117476 49.036651104 -122.314118824 49.036578956
END_WINDING
END_POLYGON
BEGIN_POLYGON 0 0 2
BEGIN_WINDING
POLYGON_POINT -122.313507459 49.036594436
POLYGON_POINT -122.313505190 49.036644331
POLYGON_POINT -122.312879363 49.036637570
POLYGON_POINT -122.312876669 49.036787490
POLYGON_POINT -122.312951236 49.036788668
POLYGON_POINT -122.312950023 49.036870332
POLYGON_POINT -122.312873660 49.036869743
POLYGON_POINT -122.312873660 49.036888295
POLYGON_POINT -122.312972034 49.036888001
POLYGON_POINT -122.312972447 49.036865634
POLYGON_POINT -122.313054964 49.036866930
POLYGON_POINT -122.313052841 49.036937197
POLYGON_POINT -122.313050382 49.037025987
POLYGON_POINT -122.313194746 49.037028369
POLYGON_POINT -122.313197377 49.037076658
POLYGON_POINT -122.313341673 49.037078662
POLYGON_POINT -122.313384721 49.037062592
POLYGON_POINT -122.313776060 49.037064907
POLYGON_POINT -122.313759853 49.037039889
POLYGON_POINT -122.313381002 49.037042832
POLYGON_POINT -122.313336558 49.037060756
POLYGON_POINT -122.313225149 49.037060282
POLYGON_POINT -122.313224426 49.037008587
POLYGON_POINT -122.313088495 49.037006250
POLYGON_POINT -122.313084154 49.036959298
POLYGON_POINT -122.313095729 49.036958823
POLYGON_POINT -122.313097899 49.036863970
POLYGON_POINT -122.313108171 49.036864469
POLYGON_POINT -122.313271343 49.036941500
POLYGON_POINT -122.313271205 49.036989252
POLYGON_POINT -122.313281459 49.036988982
POLYGON_POINT -122.313283432 49.036938106
POLYGON_POINT -122.313100612 49.036852042
POLYGON_POINT -122.312995315 49.036847863
POLYGON_POINT -122.312994557 49.036654971
POLYGON_POINT -122.313574386 49.036659598
POLYGON_POINT -122.313572904 49.036594488
END_WINDING
END_POLYGON
BEGIN_POLYGON 0 0 2
BEGIN_WINDING
POLYGON_POINT -122.314281788 49.036664898
POLYGON_POINT -122.314473406 49.036664506
POLYGON_POINT -122.314555600 49.036665343
POLYGON_POINT -122.314551516 49.036638036
POLYGON_POINT -122.314472294 49.036637501
POLYGON_POINT -122.314280366 49.036635842
POLYGON_POINT -122.314206833 49.036634215
POLYGON_POINT -122.314208464 49.036664146
END_WINDING
END_POLYGON
BEGIN_POLYGON 1 0 4
BEGIN_WINDING
POLYGON_POINT -122.314370114 49.036821432 -122.314370114 49.036821432
POLYGON_POINT -122.314319024 49.036819739 -122.314319024 49.036819739
POLYGON_POINT -122.314319869 49.036851126 -122.314319869 49.036851126
POLYGON_POINT -122.314261474 49.036883813 -122.314205774 49.036884107
POLYGON_POINT -122.314202629 49.036850537 -122.314202629 49.036850537
POLYGON_POINT -122.314274500 49.036850831 -122.314274500 49.036850831
POLYGON_POINT -122.314281788 49.036664898 -122.314281788 49.036664898
POLYGON_POINT -122.314208464 49.036664146 -122.314208464 49.036664146
POLYGON_POINT -122.314206833 49.036634215 -122.314206833 49.036634215
POLYGON_POINT -122.314281713 49.036634958 -122.314281713 49.036634958
POLYGON_POINT -122.314286547 49.036517658 -122.314286547 49.036517658
POLYGON_POINT -122.314224068 49.036514445 -122.314224068 49.036514445
POLYGON_POINT -122.314222843 49.036463312 -122.314222843 49.036463312
POLYGON_POINT -122.313698168 49.036463156 -122.313698168 49.036463156
POLYGON_POINT -122.313575806 49.036457326 -122.313575806 49.036457326
POLYGON_POINT -122.313576015 49.036491741 -122.313576015 49.036491741
POLYGON_POINT -122.313506186 49.036490670 -122.313506186 49.036490670
POLYGON_POINT -122.313507459 49.036594436 -122.313507459 49.036594436
POLYGON_POINT -122.313572904 49.036594488 -122.313572904 49.036594488
POLYGON_POINT -122.313574386 49.036659598 -122.313574386 49.036659598
POLYGON_POINT -122.312994557 49.036654971 -122.312994557 49.036654971
POLYGON_POINT -122.312995315 49.036847863 -122.312995315 49.036847863
POLYGON_POINT -122.313100612 49.036852042 -122.313100612 49.036852042
POLYGON_POINT -122.313283432 49.036938106 -122.313283432 49.036938106
POLYGON_POINT -122.313281459 49.036988982 -122.313281459 49.036988982
POLYGON_POINT -122.314178704 49.036997344 -122.314178704 49.036997344
POLYGON_POINT -122.314179248 49.036969907 -122.314179792 49.036944608
POLYGON_POINT -122.314209142 49.036945321 -122.314209142 49.036945321
POLYGON_POINT -122.314291215 49.036944965 -122.314318935 49.036945678
POLYGON_POINT -122.314319478 49.036962425 -122.314319478 49.036962425
POLYGON_POINT -122.314318391 49.036985942 -122.314318391 49.036985942
POLYGON_POINT -122.314370570 49.036985942 -122.314370570 49.036985942
END_WINDING
BEGIN_WINDING
POLYGON_POINT -122.314117476 49.036651104 -122.314117476 49.036651104
POLYGON_POINT -122.314117476 49.036651104 -122.314116128 49.036723252
POLYGON_POINT -122.314060958 49.036717691 -122.314060958 49.036717691
POLYGON_POINT -122.314061834 49.036663748 -122.314061834 49.036663748
POLYGON_POINT -122.313670016 49.036662350 -122.313670016 49.036662350
POLYGON_POINT -122.313670016 49.036631049 -122.313670016 49.036631049
POLYGON_POINT -122.314064327 49.036636094 -122.314064327 49.036636094
POLYGON_POINT -122.314065819 49.036582784 -122.314065819 49.036582784
POLYGON_POINT -122.314117476 49.036651104 -122.314116128 49.036723252
END_WINDING
BEGIN_WINDING
POLYGON_POINT -122.313324880 49.036877842 -122.313324880 49.036877842
POLYGON_POINT -122.313163554 49.036808125 -122.313163554 49.036773029
POLYGON_POINT -122.313209854 49.036772081 -122.313209854 49.036772081
POLYGON_POINT -122.313212748 49.036824250 -122.313212748 49.036824250
POLYGON_POINT -122.313351648 49.036824724 -122.313351648 49.036824724
POLYGON_POINT -122.313350924 49.036877842 -122.313350924 49.036877842
END_WINDING
BEGIN_WINDING
POLYGON_POINT -122.314056499 49.036883645 -122.314056499 49.036883645
POLYGON_POINT -122.314055775 49.036771718 -122.314055775 49.036771718
POLYGON_POINT -122.314111480 49.036831950 -122.314111480 49.036891708
END_WINDING
END_POLYGON
BEGIN_POLYGON 1 0 4
BEGIN_WINDING
POLYGON_POINT -122.312007557 49.037946801 -122.312007557 49.037946801
POLYGON_POINT -122.312005227 49.037908611 -122.312005227 49.037908611
POLYGON_POINT -122.312093208 49.037845608 -122.312093208 49.037845608
POLYGON_POINT -122.312145822 49.037876965 -122.312145822 49.037876965
POLYGON_POINT -122.312336233 49.037763352 -122.312336233 49.037763352
POLYGON_POINT -122.312277699 49.037724548 -122.312277699 49.037724548
POLYGON_POINT -122.312340836 49.037687901 -122.312340836 49.037687901
POLYGON_POINT -122.312118210 49.037535100 -122.312118210 49.037535100
POLYGON_POINT -122.312029423 49.037475170 -122.312029423 49.037475170
POLYGON_POINT -122.311951434 49.037525312 -122.311951434 49.037525312
POLYGON_POINT -122.311887297 49.037485760 -122.311887297 49.037485760
POLYGON_POINT -122.311603447 49.037671768 -122.311603447 49.037671768
POLYGON_POINT -122.311659876 49.037708761 -122.311659876 49.037708761
POLYGON_POINT -122.311563363 49.037765563 -122.311563363 49.037765563
POLYGON_POINT -122.311665961 49.037844464 -122.311665961 49.037844464
POLYGON_POINT -122.311704764 49.037821181 -122.311704764 49.037821181
POLYGON_POINT -122.311711998 49.037764269 -122.311751459 49.037741418
POLYGON_POINT -122.311963427 49.037597979 -122.311963427 49.037597979
POLYGON_POINT -122.312027106 49.037642908 -122.312027106 49.037642908
POLYGON_POINT -122.311981140 49.037673653 -122.311981140 49.037673653
POLYGON_POINT -122.312026797 49.037703940 -122.312026797 49.037703940
POLYGON_POINT -122.312079520 49.037672584 -122.312079520 49.037672584
POLYGON_POINT -122.312096370 49.037685411 -122.312096370 49.037685411
POLYGON_POINT -122.311887309 49.037816628 -122.311887309 49.037816628
POLYGON_POINT -122.311937227 49.037852672 -122.311937227 49.037852672
POLYGON_POINT -122.311855098 49.037900546 -122.311855098 49.037900546
POLYGON_POINT -122.311852204 49.037932796 -122.311852204 49.037932796
POLYGON_POINT -122.311928890 49.037948447 -122.311967956 49.037951293
END_WINDING
END_POLYGON
BEGIN_POLYGON 2 255 2
BEGIN_WINDING
POLYGON_POINT -122.311855469 49.037892679
POLYGON_POINT -122.311932392 49.037854858
POLYGON_POINT -122.311882942 49.037820638
POLYGON_POINT -122.312042280 49.037710776
POLYGON_POINT -122.311926897 49.037642337
POLYGON_POINT -122.311704372 49.037791822
POLYGON_POINT -122.311715361 49.037835046
END_WINDING
END_POLYGON
BEGIN_POLYGON 2 255 2
BEGIN_WINDING
POLYGON_POINT -122.311424471 49.036326055
POLYGON_POINT -122.311321559 49.036227164
POLYGON_POINT -122.311170715 49.036327903
POLYGON_POINT -122.311307461 49.036398143
END_WINDING
END_POLYGON
BEGIN_POLYGON 2 255 2
BEGIN_WINDING
POLYGON_POINT -122.311027825 49.038084950
POLYGON_POINT -122.311061882 49.038016482
POLYGON_POINT -122.310140074 49.038003086
POLYGON_POINT -122.310172567 49.036440839
POLYGON_POINT -122.310202536 49.036401544
POLYGON_POINT -122.310235003 49.036357337
POLYGON_POINT -122.310312425 49.036326228
POLYGON_POINT -122.310306976 49.036241762
POLYGON_POINT -122.310338754 49.036134754
POLYGON_POINT -122.310282244 49.036099886
POLYGON_POINT -122.310169225 49.036071555
POLYGON_POINT -122.310135984 49.035936442
POLYGON_POINT -122.310192494 49.035779537
POLYGON_POINT -122.310285568 49.035646603
POLYGON_POINT -122.310465069 49.035603018
POLYGON_POINT -122.310797478 49.035609556
POLYGON_POINT -122.311322683 49.035659679
POLYGON_POINT -122.311578638 49.035718518
POLYGON_POINT -122.311891102 49.035690188
POLYGON_POINT -122.312113816 49.035709801
POLYGON_POINT -122.312273372 49.035679292
POLYGON_POINT -122.312289993 49.035640065
POLYGON_POINT -122.312263400 49.035598660
POLYGON_POINT -122.311954260 49.035600839
POLYGON_POINT -122.311502184 49.035592122
POLYGON_POINT -122.311123238 49.035552896
POLYGON_POINT -122.310804126 49.035537641
POLYGON_POINT -122.310558143 49.035502773
POLYGON_POINT -122.310149281 49.035489698
POLYGON_POINT -122.310109392 49.035494056
POLYGON_POINT -122.309996373 49.035653141
POLYGON_POINT -122.310019641 49.035768641
POLYGON_POINT -122.310022966 49.035932084
POLYGON_POINT -122.310036262 49.036034508
POLYGON_POINT -122.310072827 49.036215386
POLYGON_POINT -122.310079475 49.036507404
POLYGON_POINT -122.310086123 49.036766734
POLYGON_POINT -122.310052882 49.037019526
POLYGON_POINT -122.310046724 49.037527013
POLYGON_POINT -122.309960296 49.037566239
POLYGON_POINT -122.309800738 49.037622900
POLYGON_POINT -122.309704337 49.037692635
POLYGON_POINT -122.309960296 49.037840824
POLYGON_POINT -122.310099911 49.037923635
POLYGON_POINT -122.310096586 49.038028239
POLYGON_POINT -122.310106559 49.038106692
END_WINDING
END_POLYGON
BEGIN_POLYGON 2 255 2
BEGIN_WINDING
POLYGON_POINT -122.311360603 49.037983515
POLYGON_POINT -122.311517945 49.037914748
POLYGON_POINT -122.311542920 49.037849256
POLYGON_POINT -122.311477985 49.037798500
POLYGON_POINT -122.311428036 49.037785402
POLYGON_POINT -122.311338126 49.037821422
POLYGON_POINT -122.311305658 49.037914748
END_WINDING
END_POLYGON
BEGIN_POLYGON 2 255 2
BEGIN_WINDING
POLYGON_POINT -122.312442018 49.038047369
POLYGON_POINT -122.312449510 49.037821422
POLYGON_POINT -122.312267193 49.037931121
POLYGON_POINT -122.312089871 49.037993338
POLYGON_POINT -122.311930032 49.037996613
POLYGON_POINT -122.311760202 49.037967142
POLYGON_POINT -122.311637825 49.037918023
POLYGON_POINT -122.311408056 49.038021173
POLYGON_POINT -122.311458005 49.038047369
END_WINDING
END_POLYGON
BEGIN_POLYGON 2 255 2
BEGIN_WINDING
POLYGON_POINT -122.316697725 49.038043574
POLYGON_POINT -122.316704413 49.035858496
POLYGON_POINT -122.314448354 49.035724254
POLYGON_POINT -122.314470293 49.036045475
POLYGON_POINT -122.314561705 49.036038283
POLYGON_POINT -122.315175997 49.036040680
POLYGON_POINT -122.315366135 49.036050269
POLYGON_POINT -122.315362478 49.035870481
POLYGON_POINT -122.315768350 49.035870481
POLYGON_POINT -122.315786632 49.036052666
POLYGON_POINT -122.316192504 49.036062255
POLYGON_POINT -122.316294886 49.036112595
POLYGON_POINT -122.316404581 49.036167730
POLYGON_POINT -122.316638596 49.036230057
POLYGON_POINT -122.316634940 49.036476965
POLYGON_POINT -122.316627627 49.036719079
POLYGON_POINT -122.316634940 49.036891675
POLYGON_POINT -122.315984083 49.036867703
POLYGON_POINT -122.316144969 49.037023519
POLYGON_POINT -122.316199817 49.037136186
POLYGON_POINT -122.316006022 49.037186526
POLYGON_POINT -122.316038931 49.037277619
POLYGON_POINT -122.316251008 49.037414257
POLYGON_POINT -122.316064526 49.037500555
POLYGON_POINT -122.316251008 49.037570073
POLYGON_POINT -122.316313168 49.037668357
POLYGON_POINT -122.315787956 49.037740976
POLYGON_POINT -122.315797928 49.037915315
POLYGON_POINT -122.315854439 49.037989410
POLYGON_POINT -122.316013998 49.038022098
END_WINDING
END_POLYGON
BEGIN_POLYGON 2 255 2
BEGIN_WINDING
POLYGON_POINT -122.315450105 49.037988926
POLYGON_POINT -122.315509940 49.037971492
POLYGON_POINT -122.315536533 49.037934445
POLYGON_POINT -122.315563126 49.037877785
POLYGON_POINT -122.315563126 49.037280672
POLYGON_POINT -122.315536533 49.037239266
POLYGON_POINT -122.315499967 49.037210936
POLYGON_POINT -122.315460078 49.037189144
POLYGON_POINT -122.313079986 49.037167351
POLYGON_POINT -122.312993558 49.037184785
POLYGON_POINT -122.312873889 49.037226191
POLYGON_POINT -122.312701033 49.037328615
POLYGON_POINT -122.312637874 49.037404889
POLYGON_POINT -122.312604632 49.037468087
POLYGON_POINT -122.312588012 49.037520389
POLYGON_POINT -122.312588012 49.037579228
POLYGON_POINT -122.312564743 49.038006360
POLYGON_POINT -122.312597984 49.038034690
POLYGON_POINT -122.312644522 49.038052124
END_WINDING
END_POLYGON
OBJECT 0 -122.313378924 49.036823188 90.400002
OBJECT 1 -122.313642243 49.036829695 90.129997
OBJECT 1 -122.313780262 49.036829958 270.440002
OBJECT 2 -122.313352467 49.036826724 270.470001
OBJECT 2 -122.314070246 49.036832713 90.160004
OBJECT 2 -122.313076176 49.036659049 270.309998
OBJECT 0 -122.312996549 49.036847688 180.460007
OBJECT 3 -122.313082235 49.037027893 270.149994
OBJECT 0 -122.312542856 49.037155774 358.989990
OBJECT 3 -122.312510662 49.037304017 31.360001
OBJECT 3 -122.312362839 49.037624627 90.169998
OBJECT 3 -122.312218589 49.037388021 180.639999
OBJECT 1 -122.312216664 49.037570452 180.179993
OBJECT 1 -122.311886928 49.037818944 225.490005
OBJECT 2 -122.311589441 49.037684967 224.440002
OBJECT 2 -122.312025521 49.037476375 315.470001
OBJECT 1 -122.312344191 49.037756048 46.470001
OBJECT 3 -122.310431157 49.036520003 178.059998
OBJECT 1 -122.310429530 49.036694179 180.000000
OBJECT 2 -122.310419190 49.036969009 180.960007
OBJECT 3 -122.310417846 49.036920278 359.190002
OBJECT 1 -122.310423038 49.036747431 1.000000
OBJECT 2 -122.310427008 49.036465782 0.420000
OBJECT 3 -122.310243533 49.036363190 230.020004
OBJECT 3 -122.310196246 49.036415213 212.449997
OBJECT 3 -122.310178677 49.036480932 187.059998
OBJECT 2 -122.310177287 49.036770214 180.369995
OBJECT 2 -122.310170259 49.037056642 180.770004
OBJECT 0 -122.310156171 49.037275395 180.000000
OBJECT 0 -122.310155412 49.037385644 179.830002
OBJECT 2 -122.310153789 49.037671001 180.000000
OBJECT 2 -122.310151422 49.037955932 180.190002
OBJECT 3 -122.310891303 49.037401790 315.000000
OBJECT 2 -122.310599738 49.037199116 316.339996
OBJECT 0 -122.310362470 49.037170834 270.480011
OBJECT 3 -122.310424186 49.037342470 267.369995
OBJECT 3 -122.310351353 49.037342470 270.329987
OBJECT 3 -122.310467669 49.037339975 89.480003
OBJECT 3 -122.310441992 49.037504462 88.970001
OBJECT 1 -122.310719444 49.037502326 90.209999
OBJECT 2 -122.310345557 49.037511271 268.910004
OBJECT 0 -122.311130801 49.037553047 314.019989
OBJECT 1 -122.311256845 49.037706438 47.380001
OBJECT 0 -122.311052477 49.037841933 0.000000
OBJECT 1 -122.310532348 49.038004487 90.779999
OBJECT 2 -122.310965591 49.038007003 90.669998
OBJECT 2 -122.310351270 49.037840867 271.010010
OBJECT 2 -122.310804967 49.037840867 90.809998
OBJECT 0 -122.310777252 49.037676967 269.809998
OBJECT 2 -122.310345751 49.037677456 269.980011
OBJECT 3 -122.310436909 49.037675548 89.250000
OBJECT 3 -122.310525695 49.037675980 90.370003
OBJECT 2 -122.310962003 49.037679495 90.790001
BEGIN_POLYGON 3 10 2
BEGIN_WINDING
POLYGON_POINT -122.312388195 49.037038423
POLYGON_POINT -122.312389787 49.037062421
POLYGON_POINT -122.312609480 49.037063443
POLYGON_POINT -122.312607093 49.037036315
POLYGON_POINT -122.313072024 49.037040115
POLYGON_POINT -122.313068762 49.036934130
POLYGON_POINT -122.312872003 49.036931395
POLYGON_POINT -122.312869231 49.036984473
POLYGON_POINT -122.312280883 49.036982438
POLYGON_POINT -122.312280138 49.037036976
END_WINDING
END_POLYGON
BEGIN_POLYGON 3 20 2
BEGIN_WINDING
POLYGON_POINT -122.310825585 49.036466807
POLYGON_POINT -122.310700259 49.036438923
POLYGON_POINT -122.310664825 49.036524049
POLYGON_POINT -122.310651056 49.036619178
POLYGON_POINT -122.310646967 49.036758307
POLYGON_POINT -122.310697942 49.036758608
POLYGON_POINT -122.310697090 49.036650553
POLYGON_POINT -122.310716898 49.036650772
POLYGON_POINT -122.310716898 49.036602341
POLYGON_POINT -122.310787441 49.036602188
POLYGON_POINT -122.310796648 49.036540965
END_WINDING
END_POLYGON
BEGIN_POLYGON 3 30 2
BEGIN_WINDING
POLYGON_POINT -122.311380398 49.036482470
POLYGON_POINT -122.311452083 49.036425126
POLYGON_POINT -122.311536348 49.036378506
POLYGON_POINT -122.311513125 49.036353239
POLYGON_POINT -122.311446518 49.036380454
POLYGON_POINT -122.311383652 49.036420624
POLYGON_POINT -122.311338898 49.036463027
END_WINDING
END_POLYGON
BEGIN_POLYGON 3 10 2
BEGIN_WINDING
POLYGON_POINT -122.311281614 49.036107758
POLYGON_POINT -122.311196556 49.036147133
POLYGON_POINT -122.311114037 49.036198453
POLYGON_POINT -122.311036333 49.036257601
POLYGON_POINT -122.310976907 49.036312686
POLYGON_POINT -122.311052893 49.036344427
POLYGON_POINT -122.311101809 49.036291310
POLYGON_POINT -122.311173639 49.036234687
POLYGON_POINT -122.311251632 49.036190941
POLYGON_POINT -122.311325244 49.036155193
END_WINDING
END_POLYGON
BEGIN_POLYGON 3 20 3
BEGIN_WINDING
POLYGON_POINT -122.311301334 49.037270298 1.000000000
POLYGON_POINT -122.311438549 49.037291654 1.000000000
POLYGON_POINT -122.311592343 49.037304257 1.000000000
POLYGON_POINT -122.311741011 49.037309298 1.000000000
POLYGON_POINT -122.311741946 49.037336754 1.000000000
POLYGON_POINT -122.311881159 49.037340976 1.000000000
POLYGON_POINT -122.312008500 49.037338128 1.000000000
POLYGON_POINT -122.312141381 49.037329922 0.000000000
POLYGON_POINT -122.312144269 49.037308459 1.000000000
POLYGON_POINT -122.312276291 49.037298908 1.000000000
POLYGON_POINT -122.312280138 49.037036976 1.000000000
POLYGON_POINT -122.312280883 49.036982438 0.000000000
POLYGON_POINT -122.311890082 49.036978711 0.000000000
POLYGON_POINT -122.311777072 49.036979482 0.000000000
POLYGON_POINT -122.311772532 49.037168402 0.000000000
POLYGON_POINT -122.311494459 49.037167595 0.000000000
POLYGON_POINT -122.311494088 49.037156643 0.000000000
POLYGON_POINT -122.311477898 49.037156453 0.000000000
END_WINDING
END_POLYGON
BEGIN_POLYGON 4 40 5
BEGIN_WINDING
POLYGON_POINT -122.311772532 49.037168402 1.000000000 -122.311772532 49.037168402
POLYGON_POINT -122.311777072 49.036979482 1.000000000 -122.311777072 49.036979482
POLYGON_POINT -122.311890082 49.036978711 1.000000000 -122.311890082 49.036978711
POLYGON_POINT -122.311888043 49.036449058 1.000000000 -122.311888043 49.036449058
POLYGON_POINT -122.311893951 49.036159462 1.000000000 -122.311893951 49.036159462
POLYGON_POINT -122.311946909 49.036158831 1.000000000 -122.311946909 49.036158831
POLYGON_POINT -122.311946534 49.035983020 1.000000000 -122.311946534 49.035983020
POLYGON_POINT -122.311778119 49.035984106 1.000000000 -122.311778119 49.035984106
POLYGON_POINT -122.311600500 49.035998864 1.000000000 -122.311600500 49.035998864
POLYGON_POINT -122.311445949 49.036029586 1.000000000 -122.311445949 49.036029586
POLYGON_POINT -122.311290117 49.036077953 0.000000000 -122.311290117 49.036077953
POLYGON_POINT -122.311310022 49.036095402 0.000000000 -122.311310022 49.036095402
POLYGON_POINT -122.311281614 49.036107758 1.000000000 -122.311281614 49.036107758
POLYGON_POINT -122.311325244 49.036155193 1.000000000 -122.311325244 49.036155193
POLYGON_POINT -122.311513125 49.036353239 1.000000000 -122.311513125 49.036353239
POLYGON_POINT -122.311536348 49.036378506 1.000000000 -122.311536348 49.036378506
POLYGON_POINT -122.311452083 49.036425126 1.000000000 -122.311408677 49.036454013
POLYGON_POINT -122.311380398 49.036482470 1.000000000 -122.311380398 49.036482470
POLYGON_POINT -122.311338898 49.036463027 1.000000000 -122.311338898 49.036463027
POLYGON_POINT -122.311052893 49.036344427 1.000000000 -122.311052893 49.036344427
POLYGON_POINT -122.310976907 49.036312686 0.000000000 -122.310976907 49.036312686
POLYGON_POINT -122.310958971 49.036331108 0.000000000 -122.310958971 49.036331108
POLYGON_POINT -122.310921305 49.036315430 1.000000000 -122.310921305 49.036315430
POLYGON_POINT -122.310869256 49.036386636 1.000000000 -122.310834792 49.036441369
POLYGON_POINT -122.310825585 49.036466807 1.000000000 -122.310825585 49.036466807
POLYGON_POINT -122.310796648 49.036540965 1.000000000 -122.310787441 49.036575026
POLYGON_POINT -122.310787441 49.036602188 1.000000000 -122.310787441 49.036602188
POLYGON_POINT -122.310716898 49.036602341 2.000000000 -122.310716898 49.036602341
POLYGON_POINT -122.310716898 49.036650772 2.000000000 -122.310716898 49.036650772
POLYGON_POINT -122.310697090 49.036650553 1.000000000 -122.310697090 49.036650553
POLYGON_POINT -122.310697942 49.036758608 1.000000000 -122.310697942 49.036758608
POLYGON_POINT -122.310804401 49.036759492 2.000000000 -122.310804401 49.036759492
POLYGON_POINT -122.310804015 49.036772999 2.000000000 -122.310804015 49.036772999
POLYGON_POINT -122.310940413 49.036773752 2.000000000 -122.310940413 49.036773752
POLYGON_POINT -122.310940587 49.036762625 1.000000000 -122.310940587 49.036762625
POLYGON_POINT -122.311031057 49.036762896 0.000000000 -122.311031057 49.036762896
POLYGON_POINT -122.311031438 49.036725254 1.000000000 -122.311031438 49.036725254
POLYGON_POINT -122.311499315 49.036728073 1.000000000 -122.311499315 49.036728073
POLYGON_POINT -122.311501273 49.036955121 1.000000000 -122.311501273 49.036955121
POLYGON_POINT -122.311206720 49.036952663 1.000000000 -122.311206720 49.036952663
POLYGON_POINT -122.311108097 49.036885953 1.000000000 -122.311108097 49.036885953
POLYGON_POINT -122.310708690 49.037139761 1.000000000 -122.310708690 49.037139761
POLYGON_POINT -122.311102924 49.037393635 1.000000000 -122.311102924 49.037393635
POLYGON_POINT -122.311301334 49.037270298 1.000000000 -122.311301334 49.037270298
POLYGON_POINT -122.311477898 49.037156453 0.000000000 -122.311477898 49.037156453
POLYGON_POINT -122.311494088 49.037156643 0.000000000 -122.311494088 49.037156643
POLYGON_POINT -122.311494459 49.037167595 1.000000000 -122.311494459 49.037167595
END_WINDING
END_POLYGON
BEGIN_POLYGON 4 20 3
BEGIN_WINDING
POLYGON_POINT -122.313333941 49.036490612 1.000000000
POLYGON_POINT -122.313334210 49.036455752 1.000000000
POLYGON_POINT -122.313337434 49.036107437 1.000000000
POLYGON_POINT -122.312804243 49.036101032 1.000000000
POLYGON_POINT -122.312804243 49.036190670 1.000000000
POLYGON_POINT -122.312407820 49.036186596 1.000000000
POLYGON_POINT -122.312008537 49.036451756 1.000000000
POLYGON_POINT -122.311888043 49.036449058 0.000000000
POLYGON_POINT -122.311890082 49.036978711 1.000000000
POLYGON_POINT -122.312280883 49.036982438 1.000000000
POLYGON_POINT -122.312869231 49.036984473 1.000000000
POLYGON_POINT -122.312872003 49.036931395 1.000000000
POLYGON_POINT -122.312879012 49.036636675 1.000000000
POLYGON_POINT -122.312794660 49.036635632 1.000000000
POLYGON_POINT -122.312796252 49.036610069 1.000000000
POLYGON_POINT -122.312549153 49.036613572 1.000000000
POLYGON_POINT -122.312547848 49.036485483 1.000000000
POLYGON_POINT -122.312796865 49.036489799 1.000000000
END_WINDING
END_POLYGON
BEGIN_POLYGON 4 10 3
BEGIN_WINDING
POLYGON_POINT -122.313503474 49.036643995 1.000000000
POLYGON_POINT -122.313501355 49.036456514 1.000000000
POLYGON_POINT -122.313334210 49.036455752 1.000000000
POLYGON_POINT -122.313333941 49.036490612 1.000000000
POLYGON_POINT -122.312796865 49.036489799 1.000000000
POLYGON_POINT -122.312796252 49.036610069 0.000000000
POLYGON_POINT -122.312794660 49.036635632 0.000000000
POLYGON_POINT -122.312879012 49.036636675 1.000000000
END_WINDING
END_POLYGON
OBJECT 4 -122.314251304 49.036160646 0.000000
OBJECT 4 -122.314309558 49.036288202 0.000000
OBJECT 4 -122.314240819 49.036418050 0.000000
OBJECT 4 -122.314049745 49.036459296 0.000000
OBJECT 4 -122.313844788 49.036402087 0.000000
OBJECT 4 -122.313787637 49.036286840 0.000000
OBJECT 4 -122.313872444 49.036151680 0.000000
OBJECT 4 -122.314048236 49.036106150 0.000000
OBJECT 5 -122.313092441 49.036000036 355.769989
OBJECT 5 -122.313111965 49.036000036 358.149994
OBJECT 5 -122.313160083 49.035999318 359.619995
OBJECT 5 -122.313135626 49.035998601 358.440002
OBJECT 6 -122.312715688 49.036021093 337.000000
OBJECT 7 -122.313145416 49.036024864 178.949997
OBJECT 8 -122.313145156 49.036041587 177.339996
OBJECT 9 -122.313200595 49.036023414 357.500000
OBJECT 10 -122.312485977 49.037343817 166.580002
OBJECT 10 -122.312527286 49.037298683 331.529999
OBJECT 10 -122.312564357 49.037263964 0.000000
OBJECT 10 -122.312601429 49.037234800 0.000000
OBJECT 11 -122.312016370 49.037680038 228.160004
OBJECT 12 -122.313285876 49.036093707 178.559998
OBJECT 13 -122.312214809 49.037342421 270.000000
OBJECT 13 -122.312210972 49.037448840 276.010010
OBJECT 13 -122.312056143 49.037468300 45.419998
OBJECT 13 -122.311832998 49.037515078 313.779999
OBJECT 13 -122.311618343 49.037652774 312.230011
OBJECT 13 -122.311824715 49.037759283 128.080002
OBJECT 13 -122.312015796 49.037644077 138.199997
OBJECT 13 -122.312079698 49.037690560 315.820007
OBJECT 13 -122.311893244 49.037807054 311.279999
OBJECT 13 -122.312119965 49.037871901 231.669998
OBJECT 14 -122.312200418 49.037574213 313.690002
OBJECT 14 -122.312340433 49.037655185 313.480011
OBJECT 13 -122.312424779 49.037381937 216.869995
OBJECT 13 -122.312518568 49.037160613 358.730011
OBJECT 14 -122.312509887 49.037276334 299.570007
OBJECT 13 -122.312704400 49.037100810 40.060001
OBJECT 13 -122.313136938 49.037003236 2.310000
OBJECT 13 -122.312873707 49.036691968 269.600006
OBJECT 13 -122.312867579 49.036747058 272.160004
OBJECT 13 -122.312562029 49.037059984 357.899994
OBJECT 13 -122.312432702 49.037060748 4.010000
OBJECT 13 -122.312272129 49.037228856 268.619995
OBJECT 13 -122.312044829 49.037335619 351.179993
OBJECT 13 -122.311934678 49.037338313 357.679993
OBJECT 13 -122.311811714 49.037336677 2.970000
OBJECT 13 -122.311759139 49.037418523 271.010010
OBJECT 13 -122.311238501 49.037455632 228.639999
OBJECT 13 -122.311471924 49.037612211 228.300003
OBJECT 13 -122.311632627 49.037489164 46.660000
OBJECT 13 -122.311481960 49.037389216 48.410000
OBJECT 13 -122.311698158 49.037306415 3.090000
OBJECT 13 -122.311602063 49.037300698 2.630000
OBJECT 13 -122.311491503 49.037291284 7.870000
OBJECT 13 -122.311394476 49.037279799 10.850000
OBJECT 13 -122.311304737 49.037677720 98.129997
OBJECT 13 -122.311098849 49.037562196 318.279999
OBJECT 13 -122.310956025 49.037461950 137.490005
OBJECT 13 -122.310792451 49.037322957 47.349998
OBJECT 13 -122.310559872 49.037200885 21.900000
OBJECT 13 -122.310152640 49.037343366 269.339996
OBJECT 13 -122.310148795 49.037504751 272.059998
OBJECT 13 -122.310151905 49.037677752 271.950012
OBJECT 14 -122.310354081 49.037677388 90.199997
OBJECT 13 -122.310146944 49.037838664 270.000000
OBJECT 13 -122.310156265 49.038006702 225.179993
OBJECT 13 -122.310349028 49.038010003 180.300003
OBJECT 13 -122.310598946 49.038011683 180.449997
OBJECT 13 -122.311036848 49.037997348 130.839996
OBJECT 13 -122.310833490 49.038006306 178.630005
OBJECT 14 -122.311029838 49.037831451 297.690002
OBJECT 14 -122.310350526 49.037841307 270.000000
OBJECT 14 -122.310590190 49.037842147 270.739990
OBJECT 14 -122.310727324 49.037678309 270.480011
OBJECT 14 -122.310539358 49.037678196 268.359985
OBJECT 14 -122.310532355 49.037506037 271.369995
OBJECT 14 -122.310824803 49.037840820 271.239990
OBJECT 14 -122.310964563 49.037678741 271.119995
OBJECT 14 -122.310721058 49.037503055 274.440002
OBJECT 14 -122.310515665 49.037342069 270.899994
OBJECT 14 -122.310361019 49.037190376 273.950012
OBJECT 14 -122.310355870 49.037508668 269.160004
OBJECT 14 -122.310358711 49.037343001 268.369995
OBJECT 13 -122.310308174 49.036325212 328.769989
OBJECT 13 -122.310176006 49.036471833 269.519989
OBJECT 13 -122.310178885 49.036642774 268.700012
OBJECT 13 -122.310170794 49.036819133 268.739990
OBJECT 13 -122.310170168 49.037067299 272.250000
OBJECT 14 -122.310419619 49.037069902 0.430000
OBJECT 14 -122.310416330 49.036968150 0.330000
OBJECT 14 -122.310422985 49.036819902 1.100000
OBJECT 14 -122.310427361 49.036636840 359.649994
OBJECT 14 -122.310429787 49.036465452 358.760010
OBJECT 13 -122.310704930 49.036456593 105.800003
OBJECT 13 -122.310664064 49.036564141 103.430000
OBJECT 13 -122.310658146 49.036645933 92.099998
OBJECT 13 -122.310654529 49.036742209 90.410004
OBJECT 13 -122.311491387 49.036369980 147.279999
OBJECT 13 -122.311421435 49.036402904 144.460007
OBJECT 13 -122.311360452 49.036450331 125.910004
OBJECT 13 -122.311287474 49.036169568 329.149994
OBJECT 13 -122.311212757 49.036209848 318.630005
OBJECT 13 -122.311067414 49.036319530 298.299988
OBJECT 13 -122.311131799 49.036260246 308.510010
OBJECT 13 -122.311250540 49.036128136 148.850006
OBJECT 13 -122.311160859 49.036175955 135.250000
OBJECT 13 -122.311078362 49.036231578 133.240005
OBJECT 13 -122.311003939 49.036292781 122.139999
OBJECT 13 -122.313328405 49.036415363 271.679993
OBJECT 13 -122.313333009 49.036334738 274.220001
OBJECT 13 -122.313333009 49.036249370 272.440002
OBJECT 13 -122.313328914 49.036166456 271.190002
OBJECT 13 -122.313450510 49.036102158 0.710000
OBJECT 13 -122.314284892 49.036469864 57.169998
OBJECT 13 -122.314070682 49.036459694 0.000000
OBJECT 13 -122.313681748 49.036459422 1.040000
OBJECT 13 -122.313357854 49.036655532 359.519989
OBJECT 13 -122.313009462 49.036662693 311.570007
OBJECT 13 -122.312993508 49.036840340 269.179993
OBJECT 13 -122.313185852 49.036895615 206.839996
OBJECT 13 -122.313364942 49.037000876 177.830002
OBJECT 13 -122.313698112 49.036995844 179.070007
OBJECT 13 -122.314200199 49.036973767 88.709999
OBJECT 13 -122.314298429 49.036837272 92.440002
OBJECT 14 -122.314295041 49.036651652 91.360001
OBJECT 14 -122.313349684 49.036828373 90.839996
OBJECT 14 -122.313689255 49.036830294 91.589996
OBJECT 14 -122.313678061 49.036650728 91.480003
OBJECT 14 -122.314082689 49.036831916 90.370003
OBJECT 14 -122.314088659 49.036650342 90.779999
OBJECT 13 -122.314485763 49.037032589 224.429993
OBJECT 13 -122.314722081 49.037054304 181.970001
OBJECT 13 -122.314973677 49.037057300 179.300003
OBJECT 13 -122.315228119 49.037059072 179.800003
OBJECT 13 -122.315479956 49.037057279 180.929993
OBJECT 13 -122.315670811 49.036916436 92.650002
OBJECT 13 -122.315741384 49.036839828 178.470001
OBJECT 13 -122.315999462 49.036842109 180.000000
OBJECT 13 -122.316233539 49.036842109 134.490005
OBJECT 13 -122.316243072 49.036696290 89.459999
OBJECT 13 -122.316244837 49.036468546 89.769997
OBJECT 14 -122.315741910 49.036459480 358.570007
OBJECT 14 -122.315993245 49.036465733 359.649994
OBJECT 13 -122.316248369 49.036222073 87.760002
OBJECT 13 -122.316238851 49.036065121 38.869999
OBJECT 13 -122.316009459 49.036064742 1.810000
OBJECT 13 -122.315735482 49.036062019 359.470001
OBJECT 13 -122.315494300 49.036064334 324.420013
OBJECT 13 -122.315486515 49.036216036 270.000000
OBJECT 13 -122.315481456 49.036285624 272.100006
OBJECT 13 -122.315480922 49.036285505 357.299988
OBJECT 13 -122.315216756 49.036290362 359.140015
OBJECT 13 -122.314995193 49.036065266 1.560000
OBJECT 13 -122.314713464 49.036063695 359.700012
OBJECT 14 -122.314985624 49.036215691 1.030000
OBJECT 14 -122.315996971 49.036692402 358.290009
OBJECT 14 -122.315997628 49.036223090 0.330000
OBJECT 14 -122.315743285 49.036221187 0.410000
OBJECT 14 -122.315737026 49.036690140 359.450012
OBJECT 14 -122.315482228 49.036453709 358.779999
OBJECT 14 -122.315486618 49.036639399 359.279999
OBJECT 14 -122.315481595 49.036670241 359.760010
OBJECT 14 -122.315485985 49.036910703 0.720000
OBJECT 14 -122.315230780 49.036901938 0.880000
OBJECT 14 -122.315230851 49.036671664 358.579987
OBJECT 14 -122.315230851 49.036640664 0.520000
OBJECT 14 -122.315231660 49.036450982 0.360000
OBJECT 13 -122.314477435 49.036414941 271.250000
OBJECT 14 -122.314982101 49.036424550 0.560000
OBJECT 14 -122.314723374 49.036418179 359.630005
OBJECT 13 -122.314478029 49.036210042 267.600006
OBJECT 13 -122.314470909 49.036637009 271.399994
OBJECT 13 -122.314474054 49.036664396 271.649994
OBJECT 13 -122.314470573 49.036899508 270.609985
OBJECT 14 -122.314719314 49.036900116 359.589996
OBJECT 14 -122.314976119 49.036903633 359.769989
OBJECT 14 -122.314975106 49.036642496 0.000000
OBJECT 14 -122.314974698 49.036671141 0.730000
OBJECT 14 -122.314723052 49.036669806 359.769989
OBJECT 14 -122.314723601 49.036641362 0.000000
OBJECT 14 -122.314726615 49.036213137 359.399994
OBJECT 2 -122.315013010 49.037052695 91.089996
OBJECT 2 -122.315540181 49.037056206 90.199997
OBJECT 2 -122.316170282 49.036842693 91.879997
OBJECT 2 -122.316242872 49.036483867 0.220000
OBJECT 2 -122.316245472 49.036113376 359.859985
OBJECT 3 -122.315990887 49.036690017 179.570007
OBJECT 3 -122.315992088 49.036243653 359.660004
OBJECT 1 -122.315990789 49.036502490 180.550003
OBJECT 1 -122.315989969 49.036425315 0.580000
OBJECT 0 -122.315736469 49.036561226 358.630005
OBJECT 2 -122.315738297 49.036616612 180.889999
OBJECT 2 -122.315742524 49.036218903 359.660004
OBJECT 2 -122.315580325 49.036066503 269.820007
OBJECT 1 -122.315494623 49.036323034 178.839996
OBJECT 1 -122.315174118 49.036291482 270.920013
OBJECT 1 -122.315228721 49.036722265 0.280000
OBJECT 1 -122.315229379 49.036885796 179.690002
OBJECT 1 -122.315483997 49.036727889 0.680000
OBJECT 1 -122.315481448 49.036869104 180.000000
OBJECT 1 -122.315482507 49.036451785 359.380005
OBJECT 1 -122.315485685 49.036641349 180.199997
OBJECT 1 -122.315227556 49.036454024 359.570007
OBJECT 1 -122.315228721 49.036636575 179.800003
OBJECT 1 -122.314976014 49.036857409 178.339996
OBJECT 1 -122.314974849 49.036673331 0.580000
OBJECT 0 -122.314978680 49.036532271 1.470000
OBJECT 0 -122.314987417 49.036338184 180.000000
OBJECT 2 -122.314985246 49.036215823 0.690000
OBJECT 2 -122.314975520 49.036642296 180.919998
OBJECT 1 -122.314720831 49.036901284 179.860001
OBJECT 1 -122.314724333 49.036671739 1.060000
OBJECT 0 -122.314726754 49.036366881 179.559998
OBJECT 2 -122.314723973 49.036640169 180.000000
OBJECT 0 -122.314723336 49.036528686 0.410000
OBJECT 2 -122.314725807 49.036211919 0.280000
OBJECT 0 -122.314978871 49.036066643 270.329987
OBJECT 2 -122.314542615 49.036063631 270.119995
OBJECT 3 -122.314478150 49.036158412 183.759995
OBJECT 0 -122.314481244 49.036264342 178.559998
OBJECT 0 -122.314478617 49.036362318 180.949997
OBJECT 3 -122.314472591 49.036718604 179.580002
OBJECT 2 -122.314473931 49.036637158 180.559998
OBJECT 2 -122.314469950 49.036993776 180.259995
OBJECT 0 -122.314022777 49.036467413 268.489990
OBJECT 0 -122.314286955 49.036516247 0.000000
OBJECT 1 -122.314282451 49.036664992 0.370000
OBJECT 2 -122.313637911 49.036663379 270.700012
OBJECT 2 -122.314081806 49.036636543 90.000000
OBJECT 2 -122.313576642 49.036467105 269.559998
OBJECT 2 -122.313743028 49.036991163 90.470001
OBJECT 2 -122.314177380 49.036995282 90.510002
OBJECT 15 -122.312993217 49.036025659 0.000000
OBJECT 16 -122.315561416 49.035884326 179.669998
OBJECT 17 -122.315661247 49.037100195 89.610001
OBJECT_DEF lib/airport/Common_Elements/Parking_Items/Row_of_Cars_4.agp
OBJECT_DEF lib/airport/Common_Elements/Parking_Items/Row_of_Cars_6.agp
OBJECT_DEF lib/airport/Common_Elements/Parking_Items/Row_of_Cars_10.agp
OBJECT_DEF lib/airport/Common_Elements/Parking_Items/Row_of_Cars_2.agp
OBJECT_DEF lib/airport/Common_Elements/Parking/Bollard.obj
OBJECT_DEF lib/airport/Common_Elements/Miscellaneous/Water_Tank_Elev.obj
OBJECT_DEF lib/airport/Common_Elements/Miscellaneous/Tree.obj
OBJECT_DEF lib/airport/Common_Elements/Miscellaneous/Pad_Tansformer.obj
OBJECT_DEF lib/airport/Common_Elements/Miscellaneous/Med_AC_on_Pad.obj
OBJECT_DEF lib/airport/Common_Elements/Miscellaneous/Large_AC_on_Pad.obj
OBJECT_DEF lib/airport/Common_Elements/Miscellaneous/Flagpole.obj
OBJECT_DEF lib/airport/Common_Elements/Miscellaneous/Blue_Dumpster_w_wall.obj
OBJECT_DEF lib/airport/Common_Elements/Miscellaneous/AC_Ground_wFence.agp
OBJECT_DEF lib/airport/Common_Elements/Lighting/Ovrhd_Flood_Small.obj
OBJECT_DEF lib/airport/Common_Elements/Lighting/Omni_Parking_Lit.obj
OBJECT_DEF lib/airport/Common_Elements/Fuel_Storage/Sing_Tank_Small.obj
OBJECT_DEF lib/airport/Common_Elements/Misc_Buildings/Fire_Station_Sm.agp
OBJECT_DEF lib/airport/Common_Elements/Parking/Ticket_Dispense_Station.obj
POLYGON_DEF lib/airport/pavement/asphalt_6L.pol
POLYGON_DEF lib/airport/pavement/asphalt_1D.pol
POLYGON_DEF lib/g8/coni_wrm_wet.for
POLYGON_DEF lib/g10/US/urban_high/25x30x500v0.fac
POLYGON_DEF lib/g10/US/urban_high/30x30x120scv1.fac
PROPERTY sim/require_agpoint 1/0
PROPERTY sim/require_object 1/0
PROPERTY sim/require_facade 1/3
PROPERTY sim/require_facade 6/0
