PROPERTY sim/west -180
PROPERTY sim/east 180
PROPERTY sim/north 90
PROPERTY sim/south -90
PROPERTY sim/planet earth
PROPERTY sim/creation_agent WorldEditor1.6.0r1
PROPERTY laminar/internal_revision 0
PROPERTY sim/overlay 1
FILTER 0
FILTER -1
FILTER 0
FILTER -1
FILTER 0
FILTER -1
FILTER 0
FILTER -1
FILTER 0
FILTER -1
FILTER 0
OBJECT 0 -101.296427429 50.770115476 355.914459
OBJECT 1 -101.294705223 50.766222440 0.000000
OBJECT 1 -101.298926852 50.770685731 0.000000
OBJECT 2 -101.292433922 50.768355161 178.210144
OBJECT 3 -101.297795871 50.770158662 0.000000
OBJECT 4 -101.297493834 50.769999874 0.000000
OBJECT 4 -101.297042667 50.769807659 0.000000
OBJECT 5 -101.297241267 50.770348148 218.845596
OBJECT 6 -101.296072374 50.770374755 0.000000
OBJECT 7 -101.296192398 50.764250614 0.000000
OBJECT 8 -101.298768853 50.764473625 3.012594
OBJECT 9 -101.298891610 50.764673916 180.000000
OBJECT 9 -101.298880339 50.764755909 180.000000
OBJECT 9 -101.298874703 50.764791558 0.000000
OBJECT 9 -101.298874703 50.764862857 180.000000
OBJECT 9 -101.298874703 50.764902071 0.000000
OBJECT 9 -101.298874703 50.764962675 0.000000
OBJECT 9 -101.298880339 50.765044668 0.000000
OBJECT 9 -101.298863431 50.765076753 270.000000
OBJECT 9 -101.298846524 50.765126662 0.000000
OBJECT 9 -101.298869067 50.765183701 135.002274
OBJECT 9 -101.298829617 50.765251434 180.000000
OBJECT 9 -101.298823981 50.765315603 0.000000
OBJECT 10 -101.296014014 50.770154875 269.595764
OBJECT 11 -101.296134668 50.770213580 90.000000
OBJECT 12 -101.295977986 50.770181345 251.877808
OBJECT 13 -101.296397062 50.769927047 157.285858
OBJECT 14 -101.296931291 50.770233876 189.865616
OBJECT 4 -101.297053994 50.770180152 94.447464
OBJECT 15 -101.298091734 50.770378364 41.038319
OBJECT 16 -101.297776852 50.770361172 39.399605
OBJECT 17 -101.297661325 50.770144839 41.551636
OBJECT 15 -101.297448392 50.770028793 39.471550
OBJECT 18 -101.297217337 50.769927074 30.599239
OBJECT 19 -101.296995342 50.769842547 31.217691
OBJECT 9 -101.297515545 50.764419756 315.000671
OBJECT 9 -101.297540083 50.764530787 0.000000
OBJECT 9 -101.297692970 50.764437664 56.309311
OBJECT 9 -101.297600483 50.764423337 128.660461
OBJECT 9 -101.297574058 50.764462736 180.000000
OBJECT 9 -101.297626908 50.764558247 167.905548
OBJECT 9 -101.297700520 50.764576155 114.228310
OBJECT 9 -101.297596708 50.764633462 239.533768
OBJECT 9 -101.297683532 50.764665697 129.473251
OBJECT 9 -101.297721282 50.764714646 153.435623
OBJECT 9 -101.297589158 50.764783892 104.036659
OBJECT 9 -101.297893044 50.764719422 80.537407
OBJECT 9 -101.297851519 50.764697932 270.000000
OBJECT 9 -101.297913807 50.764663309 52.695271
OBJECT 9 -101.297919469 50.764580931 323.746887
OBJECT 9 -101.297891157 50.764545114 352.405548
OBJECT 9 -101.297762807 50.764490195 333.435516
OBJECT 9 -101.297821320 50.764435276 90.000000
OBJECT 9 -101.297887382 50.764457960 99.462547
OBJECT 9 -101.297960994 50.764469899 90.000000
OBJECT 9 -101.298045931 50.764527206 116.565636
OBJECT 9 -101.298115769 50.764579737 126.870628
OBJECT 9 -101.298132756 50.764623911 130.602066
OBJECT 9 -101.298117656 50.764694350 173.659988
OBJECT 9 -101.298104444 50.764731361 153.435638
OBJECT 9 -101.298034606 50.764787473 203.197952
OBJECT 9 -101.297979869 50.764823290 184.398560
OBJECT 9 -101.297870394 50.764855525 216.869003
OBJECT 9 -101.297779795 50.764868658 224.999069
OBJECT 9 -101.297668432 50.764886566 243.434189
OBJECT 9 -101.297645783 50.764840004 44.999081
OBJECT 9 -101.297594820 50.764750463 351.254089
OBJECT 9 -101.297526870 50.764677636 0.000000
OBJECT 9 -101.297470246 50.764658533 288.435425
OBJECT 20 -101.297324908 50.764423337 0.000000
OBJECT 9 -101.297428721 50.764462736 0.000000
OBJECT 9 -101.297426833 50.764504522 161.565475
OBJECT 9 -101.297432496 50.764543920 0.000000
OBJECT 9 -101.297430608 50.764586900 180.000000
OBJECT 9 -101.297426833 50.764621523 0.000000
OBJECT 21 -101.293115364 50.769493519 0.000000
OBJECT 22 -101.292410798 50.768889049 358.315369
OBJECT 2 -101.292652578 50.768346207 178.210144
OBJECT 2 -101.292529879 50.768354166 178.210144
OBJECT 23 -101.292388098 50.768340996 178.035446
OBJECT 23 -101.292602035 50.768313139 178.035446
OBJECT 24 -101.293599365 50.768808602 81.027313
OBJECT 24 -101.293604084 50.768778755 81.027313
OBJECT 24 -101.293597792 50.768746918 81.027313
OBJECT 24 -101.293588353 50.768716076 81.027313
OBJECT 24 -101.293574195 50.768688219 81.027313
OBJECT 25 -101.292389254 50.771136755 359.377228
OBJECT 25 -101.292976421 50.770966554 359.377228
OBJECT 25 -101.293115056 50.770966554 359.377228
OBJECT 24 -101.293563184 50.768660361 81.027313
OBJECT 20 -101.292545405 50.768001733 87.797394
OBJECT 26 -101.292397537 50.768146990 88.620781
OBJECT 24 -101.293053504 50.768225587 176.054840
OBJECT 24 -101.293080246 50.768224592 0.000000
OBJECT 24 -101.293119573 50.768213648 0.000000
OBJECT 24 -101.293144742 50.768216633 0.000000
OBJECT 2 -101.292342684 50.768359141 178.210144
OBJECT 2 -101.292717074 50.768331283 178.210144
OBJECT 27 -101.293600122 50.770283082 0.000000
OBJECT 27 -101.293604819 50.770000859 90.000000
OBJECT 27 -101.292289641 50.769685957 90.000000
OBJECT 27 -101.292317823 50.769620600 75.963013
OBJECT 27 -101.292322520 50.769549301 90.000000
OBJECT 28 -101.292219185 50.769983034 90.000000
OBJECT 28 -101.292219185 50.769938472 0.000000
OBJECT 28 -101.292214488 50.769697840 0.000000
OBJECT 28 -101.292219185 50.769608716 0.000000
OBJECT 28 -101.292231388 50.770155101 0.000000
OBJECT 28 -101.292231388 50.770201303 0.000000
OBJECT 28 -101.293659830 50.770185902 90.000000
OBJECT 28 -101.293521856 50.770262905 90.000000
OBJECT 28 -101.293432578 50.770478512 0.000000
OBJECT 29 -101.292239504 50.769559616 44.997143
OBJECT 29 -101.292223271 50.769652018 90.000000
OBJECT 29 -101.292207039 50.769744421 0.000000
OBJECT 29 -101.292223271 50.770026764 0.000000
OBJECT 29 -101.292239504 50.770114033 44.996803
OBJECT 29 -101.292247620 50.770257771 0.000000
OBJECT 29 -101.293619250 50.770473378 0.000000
OBJECT 4 -101.298616286 50.764527679 100.784500
OBJECT 1 -101.295603084 50.767171139 0.000000
OBJECT 1 -101.296969317 50.768604240 0.000000
OBJECT 1 -101.299363607 50.770708975 0.000000
OBJECT 1 -101.295116109 50.766247109 0.000000
OBJECT 1 -101.296678485 50.767898384 0.000000
OBJECT 1 -101.296401180 50.768005332 0.000000
OBJECT 1 -101.296205038 50.767402146 0.000000
OBJECT 1 -101.295927733 50.767509094 0.000000
OBJECT 1 -101.295291961 50.766439615 0.000000
OBJECT 1 -101.295508394 50.766670622 0.000000
OBJECT 1 -101.295014656 50.766546563 0.000000
OBJECT 1 -101.295231089 50.766777570 0.000000
OBJECT 1 -101.295880388 50.767064191 0.000000
OBJECT 1 -101.296861100 50.768099446 0.000000
OBJECT 1 -101.296583796 50.768206394 0.000000
OBJECT 1 -101.296428234 50.767645987 0.000000
OBJECT 1 -101.296150930 50.767752935 0.000000
OBJECT 1 -101.297490109 50.768758245 0.000000
OBJECT 1 -101.297212804 50.768865193 0.000000
OBJECT 1 -101.297990610 50.769284429 0.000000
OBJECT 1 -101.297713305 50.769391377 0.000000
OBJECT 1 -101.298524929 50.769840558 90.000000
OBJECT 1 -101.298247624 50.769947506 90.000000
OBJECT 1 -101.299079539 50.770430910 0.000000
OBJECT 1 -101.298802234 50.770537858 0.000000
OBJECT 1 -101.297733596 50.769010642 0.000000
OBJECT 1 -101.297456291 50.769117590 0.000000
OBJECT 1 -101.298781943 50.770114344 0.000000
OBJECT 1 -101.298504639 50.770221292 0.000000
OBJECT 1 -101.298267915 50.769571049 0.000000
OBJECT 1 -101.297990610 50.769677997 0.000000
OBJECT 1 -101.297246622 50.768497292 0.000000
OBJECT 1 -101.295474576 50.767034245 0.000000
OBJECT 1 -101.296840810 50.768467347 0.000000
OBJECT 1 -101.299235100 50.770572081 0.000000
OBJECT 1 -101.294994366 50.766114493 0.000000
OBJECT 1 -101.296549978 50.767761491 0.000000
OBJECT 1 -101.296272673 50.767868439 0.000000
OBJECT 1 -101.296076531 50.767265253 0.000000
OBJECT 1 -101.295799226 50.767372201 0.000000
OBJECT 1 -101.294832041 50.766358335 0.000000
OBJECT 1 -101.295102582 50.766640677 0.000000
OBJECT 1 -101.295751881 50.766927297 0.000000
OBJECT 1 -101.296732593 50.767962553 0.000000
OBJECT 1 -101.296455289 50.768069501 0.000000
OBJECT 1 -101.296299727 50.767509094 0.000000
OBJECT 1 -101.296022423 50.767616042 0.000000
OBJECT 1 -101.297361602 50.768621352 0.000000
OBJECT 1 -101.297084297 50.768728300 0.000000
OBJECT 1 -101.297862103 50.769147535 0.000000
OBJECT 1 -101.297584798 50.769254483 0.000000
OBJECT 1 -101.298396422 50.769703664 90.000000
OBJECT 1 -101.298119117 50.769810612 90.000000
OBJECT 1 -101.298951032 50.770294017 0.000000
OBJECT 1 -101.298673727 50.770400965 0.000000
OBJECT 1 -101.297605089 50.768873749 0.000000
OBJECT 1 -101.297327784 50.768980697 0.000000
OBJECT 1 -101.298653436 50.769977451 0.000000
OBJECT 1 -101.298376132 50.770084399 0.000000
OBJECT 1 -101.298139408 50.769434156 0.000000
OBJECT 1 -101.297862103 50.769541104 0.000000
OBJECT 1 -101.297118115 50.768360399 0.000000
FILTER -1
OBJECT_DEF lib/airport/European_Airports/hangars/25x20x5_solar.obj
OBJECT_DEF lib/airport/Common_Elements/Markers/Cones/Red_White_Closed.obj
OBJECT_DEF lib/airport/Common_Elements/Vehicles/Cargo_Truck.obj
OBJECT_DEF lib/airport/aircraft/general_aviation/jet_a.obj
OBJECT_DEF lib/airport/aircraft/general_aviation/prop_a.obj
OBJECT_DEF lib/airport/European_Airports/hangars/28x26x6_Germany.obj
OBJECT_DEF lib/g10/US/industrial/light/WoodShed8x10.obj
OBJECT_DEF lib/cars/police_car.obj
OBJECT_DEF lib/airport/Vintage_Airports/Hangars/Corrugated_Row.agp
OBJECT_DEF lib/g10/forests/autogen_tree2.obj
OBJECT_DEF lib/airport/Common_Elements/Fueling_Stations/2_horiz_tanks.agp
OBJECT_DEF lib/airport/Common_Elements/vehicles/Fuel_Truck_Small.obj
OBJECT_DEF lib/airport/Common_Elements/Fueling_Stations/fuel_station_box_white_avgas100LL.obj
OBJECT_DEF lib/airport/aircraft/cargo/prop_a.obj
OBJECT_DEF lib/airport/aircraft/general_aviation/turboprop_b.obj
OBJECT_DEF lib/airport/Common_Elements/Hangars/Sm_Brown_Hangar.agp
OBJECT_DEF lib/airport/European_Airports/hangars/25x20x5.obj
OBJECT_DEF lib/airport/Common_Elements/Hangars/Sm_Blue_Hangar.agp
OBJECT_DEF lib/airport/Common_Elements/Hangars/Sm_Gray_Hangar.agp
OBJECT_DEF lib/airport/Common_Elements/Hangars/Sm_Orange_Hangar.agp
OBJECT_DEF lib/g10/US/industrial/light/Shed13x24.obj
OBJECT_DEF lib/g10/US/industrial/light/Warehse13x30Lt.obj
OBJECT_DEF lib/g10/US/industrial/light/Warehse15x30Dk.obj
OBJECT_DEF lib/airport/Common_Elements/Vehicles/Cargo_Trailer.obj
OBJECT_DEF lib/airport/Common_Elements/Miscellaneous/Sm_Propane_Tank.obj
OBJECT_DEF lib/g10/US/industrial/light/TinShed10x50.obj
OBJECT_DEF lib/g10/US/industrial/light/TinShed10x30Lt.obj
OBJECT_DEF lib/airport/European_Airports/silos/16m_tan_white.obj
OBJECT_DEF lib/airport/European_Airports/silos/12m_wood.obj
OBJECT_DEF lib/airport/European_Airports/silos/12m_green.obj
PROPERTY sim/filter/aptid CJW5
PROPERTY sim/require_agpoint 1/0
PROPERTY sim/require_object 1/0
