PROPERTY sim/west -180
PROPERTY sim/east 180
PROPERTY sim/north 90
PROPERTY sim/south -90
PROPERTY sim/planet earth
PROPERTY sim/creation_agent WorldEditor1.6.1r1
PROPERTY laminar/internal_revision 0
PROPERTY sim/overlay 1
FILTER 0
BEGIN_POLYGON 0 0 4
BEGIN_WINDING
POLYGON_POINT -102.961898694 49.205297847 -102.961898694 49.205297847
POLYGON_POINT -102.961898694 49.205297847 -102.961920438 49.205250490
POLYGON_POINT -102.962579995 49.205094212 -102.962877158 49.204971084
POLYGON_POINT -102.963203312 49.204795863 -102.963261295 49.204795863
POLYGON_POINT -102.962739448 49.204289143 -102.962471277 49.204137601
POLYGON_POINT -102.962768440 49.203701916 -102.963029364 49.203342003
POLYGON_POINT -102.963188816 49.203829780 -102.963507723 49.203933965
POLYGON_POINT -102.963696168 49.203716123 -102.963957092 49.203787159
POLYGON_POINT -102.964406459 49.203607202 -102.964877571 49.203460395
POLYGON_POINT -102.964210767 49.203275702 -102.964022322 49.203247288
POLYGON_POINT -102.963225056 49.202991560 -102.962819175 49.202773718
POLYGON_POINT -102.962572747 49.202750040 -102.962224849 49.202603233
POLYGON_POINT -102.961782728 49.203223610 -102.961833463 49.203545638
POLYGON_POINT -102.961434830 49.204151807 -102.961304368 49.204379121
POLYGON_POINT -102.960550590 49.204113922 -102.959963512 49.204057094
POLYGON_POINT -102.960528846 49.204488042 -102.960681051 49.204810070
POLYGON_POINT -102.961637771 49.205297847 -102.961637771 49.205297847
POLYGON_POINT -102.961898694 49.205297847 -102.961920438 49.205250490
END_WINDING
END_POLYGON
BEGIN_POLYGON 0 0 4
BEGIN_WINDING
POLYGON_POINT -102.971933090 49.205667754 -102.971933090 49.205667754
POLYGON_POINT -102.972194014 49.205338150 -102.972046157 49.205196079
POLYGON_POINT -102.971593889 49.205190396 -102.971385150 49.205326784
POLYGON_POINT -102.971419940 49.205485904 -102.971533007 49.205605244
END_WINDING
END_POLYGON
BEGIN_POLYGON 0 0 4
BEGIN_WINDING
POLYGON_POINT -102.973263998 49.203299690 -102.973263998 49.203299690
POLYGON_POINT -102.973263998 49.203299690 -102.973184274 49.203261804
POLYGON_POINT -102.972336297 49.203086583 -102.972234830 49.202991869
POLYGON_POINT -102.970988234 49.202882948 -102.970567868 49.202740877
POLYGON_POINT -102.970263465 49.202740877 -102.970125759 49.202693520
POLYGON_POINT -102.970212731 49.203176562 -102.970198236 49.203408611
POLYGON_POINT -102.968755941 49.203280747 -102.968480524 49.203167090
POLYGON_POINT -102.967697760 49.203437025 -102.967726751 49.203569625
POLYGON_POINT -102.968089142 49.203863238 -102.968190611 49.203929538
POLYGON_POINT -102.967900699 49.204171059 -102.967871708 49.204175795
POLYGON_POINT -102.967291869 49.205047164 -102.967291869 49.205146614
POLYGON_POINT -102.967777488 49.205094521 -102.967828224 49.205103992
POLYGON_POINT -102.967574543 49.205539677 -102.967661519 49.205672277
POLYGON_POINT -102.967929697 49.205752783 -102.967987681 49.205838026
POLYGON_POINT -102.968524036 49.205852233 -102.968792213 49.205809612
POLYGON_POINT -102.968487795 49.206098489 -102.968437059 49.206231089
POLYGON_POINT -102.967255629 49.206699923 -102.967233885 49.206699923
POLYGON_POINT -102.966197416 49.207116665 -102.966175672 49.207116665
POLYGON_POINT -102.965543644 49.207206090 -102.965438446 49.207225730
POLYGON_POINT -102.965618785 49.207353389 -102.965618785 49.207353389
POLYGON_POINT -102.966460370 49.207343570 -102.966580596 49.207323930
POLYGON_POINT -102.966355797 49.207148762 -102.966355797 49.207148762
POLYGON_POINT -102.966608025 49.207063519 -102.966608025 49.207063519
POLYGON_POINT -102.968391017 49.206290653 -102.968538875 49.206233825
POLYGON_POINT -102.968730221 49.205864440 -102.968791104 49.205733735
POLYGON_POINT -102.969547779 49.205614395 -102.969930460 49.205512104
POLYGON_POINT -102.969312952 49.204983599 -102.969095520 49.204807431
POLYGON_POINT -102.969565174 49.204534655 -102.969739120 49.204426681
POLYGON_POINT -102.970661033 49.204381218 -102.970721914 49.204398267
POLYGON_POINT -102.971548157 49.204688091 -102.971852562 49.204756285
POLYGON_POINT -102.971965628 49.204443729 -102.972043904 49.204381218
POLYGON_POINT -102.972557044 49.204506240 -102.972861449 49.204619897
POLYGON_POINT -102.973339801 49.204375535 -102.973678996 49.204244830
POLYGON_POINT -102.973592022 49.203619717 -102.973592022 49.203608351
POLYGON_POINT -102.973263998 49.203299690 -102.973184274 49.203261804
END_WINDING
END_POLYGON
BEGIN_POLYGON 1 0 4
BEGIN_WINDING
POLYGON_POINT -102.967209072 49.202677734 -102.967209072 49.202677734
POLYGON_POINT -102.967232374 49.202801440 -102.967142078 49.202803343
POLYGON_POINT -102.966891581 49.202776699 -102.966862453 49.202767183
POLYGON_POINT -102.966783808 49.202694862 -102.966766331 49.202679637
POLYGON_POINT -102.966646908 49.202677734 -102.966594478 49.202691056
POLYGON_POINT -102.966582827 49.202809053 -102.966609042 49.202843310
POLYGON_POINT -102.966629432 49.202968919 -102.966588653 49.203064078
POLYGON_POINT -102.966501270 49.203239169 -102.966486706 49.203260104
POLYGON_POINT -102.966571176 49.203366682 -102.966670210 49.203380004
POLYGON_POINT -102.966710989 49.203469453 -102.966743029 49.203507516
POLYGON_POINT -102.966751768 49.203534161 -102.966751768 49.203534161
POLYGON_POINT -102.966830413 49.203694028 -102.966830413 49.203754930
POLYGON_POINT -102.966705164 49.203832959 -102.966676036 49.203874829
POLYGON_POINT -102.966751768 49.204120338 -102.966833325 49.204133660
POLYGON_POINT -102.967031394 49.204156498 -102.967072173 49.204118435
POLYGON_POINT -102.966973138 49.204059437 -102.966973138 49.204038502
POLYGON_POINT -102.967252764 49.204044211 -102.967378013 49.203989019
POLYGON_POINT -102.967278979 49.203815831 -102.967261502 49.203773961
POLYGON_POINT -102.967433355 49.203714962 -102.967427529 49.203635029
POLYGON_POINT -102.967150817 49.203629320 -102.967083823 49.203593160
POLYGON_POINT -102.966897406 49.203450422 -102.966842063 49.203458035
POLYGON_POINT -102.966777983 49.203410455 -102.966757594 49.203376198
POLYGON_POINT -102.966970225 49.203353360 -102.966978963 49.203341941
POLYGON_POINT -102.966984789 49.203313393 -102.967011004 49.203286749
POLYGON_POINT -102.967246938 49.203258201 -102.967445006 49.203233460
POLYGON_POINT -102.967558604 49.203229654 -102.967788713 49.203178268
POLYGON_POINT -102.967788713 49.203145914 -102.967765411 49.203046949
POLYGON_POINT -102.967578994 49.202957500 -102.967433356 49.202949887
POLYGON_POINT -102.967447919 49.202915630 -102.967462483 49.202839503
POLYGON_POINT -102.967494524 49.202734829 -102.967541128 49.202685347
POLYGON_POINT -102.967616860 49.202660605 -102.967616860 49.202660605
END_WINDING
END_POLYGON
BEGIN_POLYGON 2 0 2
BEGIN_WINDING
POLYGON_POINT -102.965462094 49.205860778
POLYGON_POINT -102.965463195 49.205811122
POLYGON_POINT -102.965344237 49.205811842
POLYGON_POINT -102.965336527 49.205860058
END_WINDING
END_POLYGON
BEGIN_POLYGON 3 0 4
BEGIN_WINDING
POLYGON_POINT -102.966052846 49.205789615 -102.966052846 49.205789615
POLYGON_POINT -102.966058678 49.205724835 -102.966058678 49.205724835
POLYGON_POINT -102.965987874 49.205668129 -102.965969602 49.205662160
POLYGON_POINT -102.965987874 49.205668129 -102.965987874 49.205668129
POLYGON_POINT -102.965987874 49.205668129 -102.965983471 49.205666691
POLYGON_POINT -102.965920151 49.205666298 -102.965882985 49.205666390
POLYGON_POINT -102.965920151 49.205666298 -102.965920151 49.205666298
POLYGON_POINT -102.965920151 49.205666298 -102.965909657 49.205666324
POLYGON_POINT -102.965886278 49.205666506 -102.965874270 49.205666616
POLYGON_POINT -102.965886278 49.205666506 -102.965886278 49.205666506
POLYGON_POINT -102.965886278 49.205666506 -102.965827344 49.205667044
POLYGON_POINT -102.965685900 49.205666807 -102.965621752 49.205666616
POLYGON_POINT -102.965685900 49.205666807 -102.965685900 49.205666807
POLYGON_POINT -102.965685900 49.205666807 -102.965679084 49.205666787
POLYGON_POINT -102.965665934 49.205666742 -102.965659453 49.205666719
POLYGON_POINT -102.965665934 49.205666742 -102.965665934 49.205666742
POLYGON_POINT -102.965665934 49.205666742 -102.965607192 49.205666533
POLYGON_POINT -102.965563749 49.205666233 -102.965563749 49.205666233
POLYGON_POINT -102.965513153 49.205642409 -102.965455877 49.205641689
POLYGON_POINT -102.965407412 49.205669036 -102.965407412 49.205675513
POLYGON_POINT -102.965405210 49.205684148 -102.965405210 49.205684148
POLYGON_POINT -102.965271932 49.205683679 -102.965271932 49.205683679
POLYGON_POINT -102.965269663 49.205778509 -102.965269663 49.205778509
POLYGON_POINT -102.965332144 49.205779677 -102.965332144 49.205779677
POLYGON_POINT -102.965336864 49.205804680 -102.965336864 49.205804680
POLYGON_POINT -102.965344237 49.205811842 -102.965344237 49.205811842
POLYGON_POINT -102.965463195 49.205811122 -102.965463195 49.205811122
POLYGON_POINT -102.965472399 49.205790655 -102.965472399 49.205790655
POLYGON_POINT -102.965667132 49.205790669 -102.965667132 49.205790669
POLYGON_POINT -102.965687261 49.205790430 -102.965687261 49.205790430
POLYGON_POINT -102.965885338 49.205790223 -102.965885338 49.205790223
POLYGON_POINT -102.965921563 49.205790092 -102.965921563 49.205790092
END_WINDING
END_POLYGON
BEGIN_POLYGON 4 0 4
BEGIN_WINDING
POLYGON_POINT -102.966193297 49.204768479 -102.966193297 49.204768479
POLYGON_POINT -102.966177127 49.203376569 -102.966177127 49.203380867
POLYGON_POINT -102.966233036 49.203352932 -102.966233036 49.203352932
POLYGON_POINT -102.966571783 49.203335741 -102.966571783 49.203335741
POLYGON_POINT -102.966561906 49.203264830 -102.966561906 49.203264830
POLYGON_POINT -102.966377736 49.203288467 -102.966377736 49.203288467
POLYGON_POINT -102.966200144 49.203288467 -102.966183700 49.203245490
POLYGON_POINT -102.966203433 49.202796383 -102.966203433 49.202796383
POLYGON_POINT -102.966361293 49.202682495 -102.966487427 49.202679715
POLYGON_POINT -102.966586052 49.202643466 -102.966586052 49.202643466
POLYGON_POINT -102.965846457 49.202654000 -102.965846457 49.202654000
POLYGON_POINT -102.966035706 49.202798532 -102.966045572 49.202862997
POLYGON_POINT -102.966064484 49.204772061 -102.966064484 49.204772061
END_WINDING
END_POLYGON
BEGIN_POLYGON 5 0 4
BEGIN_WINDING
POLYGON_POINT -102.964486116 49.205829139 -102.964486116 49.205829139
POLYGON_POINT -102.964487497 49.205404999 -102.964487497 49.205404999
POLYGON_POINT -102.964493602 49.205050492 -102.964493602 49.205050492
POLYGON_POINT -102.964533359 49.204918336 -102.964572903 49.204905239
POLYGON_POINT -102.965976782 49.204909945 -102.965976782 49.204909945
POLYGON_POINT -102.966069967 49.204983363 -102.966069967 49.204983363
POLYGON_POINT -102.966053522 49.205257340 -102.966053522 49.205257340
POLYGON_POINT -102.965924364 49.205257565 -102.965924364 49.205257565
POLYGON_POINT -102.965944791 49.205637508 -102.965944791 49.205637508
POLYGON_POINT -102.966294715 49.205640549 -102.966294715 49.205640549
POLYGON_POINT -102.966291107 49.204853242 -102.966291107 49.204853242
POLYGON_POINT -102.966209751 49.204847270 -102.966209751 49.204847270
POLYGON_POINT -102.966193297 49.204768479 -102.966193297 49.204768479
POLYGON_POINT -102.966064484 49.204772061 -102.966064484 49.204772061
POLYGON_POINT -102.965985003 49.204831154 -102.965905522 49.204841898
POLYGON_POINT -102.965884692 49.204855405 -102.965884692 49.204855405
POLYGON_POINT -102.964438383 49.204853614 -102.964438383 49.204853614
POLYGON_POINT -102.962901894 49.204850104 -102.962901894 49.204850104
POLYGON_POINT -102.962900374 49.204900490 -102.962928000 49.204908226
POLYGON_POINT -102.963160852 49.204915961 -102.963160852 49.204915961
POLYGON_POINT -102.963208211 49.204928854 -102.963208211 49.204928854
POLYGON_POINT -102.963220051 49.205068099 -102.963176638 49.205111935
POLYGON_POINT -102.963310823 49.205104199 -102.963310823 49.205104199
POLYGON_POINT -102.963318717 49.205001055 -102.963373970 49.204949483
POLYGON_POINT -102.963465056 49.204900295 -102.963465056 49.204900295
POLYGON_POINT -102.963856663 49.204901288 -102.963856663 49.204901288
POLYGON_POINT -102.963829651 49.205102869 -102.963829651 49.205102869
POLYGON_POINT -102.963902653 49.205103664 -102.963902653 49.205103664
POLYGON_POINT -102.963922550 49.204946905 -102.963976597 49.204880660
POLYGON_POINT -102.964004043 49.204907975 -102.964004043 49.204907975
POLYGON_POINT -102.964415613 49.204917187 -102.964456879 49.204931461
POLYGON_POINT -102.964424025 49.205030188 -102.964424025 49.205030188
POLYGON_POINT -102.964417615 49.205592504 -102.964417615 49.205592504
POLYGON_POINT -102.964419066 49.205830870 -102.964419066 49.205830870
END_WINDING
END_POLYGON
BEGIN_POLYGON 3 0 2
BEGIN_WINDING
POLYGON_POINT -102.966492400 49.205939896
POLYGON_POINT -102.966489659 49.205767989
POLYGON_POINT -102.966591068 49.205766198
POLYGON_POINT -102.966593614 49.205722231
POLYGON_POINT -102.966335982 49.205718650
POLYGON_POINT -102.966338917 49.205767989
POLYGON_POINT -102.966231638 49.205773298
POLYGON_POINT -102.966231192 49.205939096
END_WINDING
END_POLYGON
BEGIN_POLYGON 6 0 2
BEGIN_WINDING
POLYGON_POINT -102.963895762 49.205153019
POLYGON_POINT -102.963254425 49.205153019
POLYGON_POINT -102.963267580 49.205767586
POLYGON_POINT -102.963915495 49.205767586
END_WINDING
END_POLYGON
BEGIN_POLYGON 7 0 2
BEGIN_WINDING
POLYGON_POINT -102.965687261 49.205790430
POLYGON_POINT -102.965685900 49.205666807
POLYGON_POINT -102.965665934 49.205666742
POLYGON_POINT -102.965667132 49.205790669
END_WINDING
END_POLYGON
BEGIN_POLYGON 7 0 2
BEGIN_WINDING
POLYGON_POINT -102.965921563 49.205790092
POLYGON_POINT -102.965920151 49.205666298
POLYGON_POINT -102.965886278 49.205666506
POLYGON_POINT -102.965885338 49.205790223
END_WINDING
END_POLYGON
FILTER -1
FILTER 0
FILTER -1
FILTER 0
FILTER -1
FILTER 0
FILTER -1
FILTER 0
FILTER -1
FILTER 0
BEGIN_POLYGON 8 10 3
BEGIN_WINDING
POLYGON_POINT -102.965508465 49.205289623 0.000000000
POLYGON_POINT -102.965502983 49.205044297 0.000000000
POLYGON_POINT -102.964806838 49.205028181 0.000000000
POLYGON_POINT -102.964668736 49.205029126 0.000000000
POLYGON_POINT -102.964504384 49.205034007 1.000000000
POLYGON_POINT -102.964405197 49.205034339 0.000000000
POLYGON_POINT -102.963815249 49.205036498 0.000000000
POLYGON_POINT -102.963325285 49.205041239 2.000000000
POLYGON_POINT -102.963193787 49.205042511 0.000000000
POLYGON_POINT -102.963053551 49.205043868 0.000000000
POLYGON_POINT -102.962694409 49.205136697 0.000000000
POLYGON_POINT -102.962654943 49.205386822 0.000000000
POLYGON_POINT -102.962714142 49.205564746 0.000000000
POLYGON_POINT -102.962856221 49.205657575 0.000000000
POLYGON_POINT -102.962891740 49.205783927 0.000000000
END_WINDING
END_POLYGON
BEGIN_POLYGON 8 10 2
BEGIN_WINDING
POLYGON_POINT -102.967709889 49.206440715
POLYGON_POINT -102.967709437 49.205630680
POLYGON_POINT -102.966385670 49.205627263
POLYGON_POINT -102.966183302 49.205766588
POLYGON_POINT -102.966081526 49.205770042
POLYGON_POINT -102.965955008 49.205634565
END_WINDING
END_POLYGON
OBJECT 0 -102.963578187 49.205200639 0.000000
OBJECT 1 -102.964169651 49.205715285 89.589996
OBJECT 1 -102.964810988 49.205143695 270.049988
OBJECT 1 -102.964764395 49.205449904 270.049988
OBJECT 1 -102.964767136 49.205732834 269.410004
BEGIN_POLYGON 9 10 3
BEGIN_WINDING
POLYGON_POINT -102.965951011 49.205255639 0.000000000
POLYGON_POINT -102.965530326 49.205257571 0.000000000
POLYGON_POINT -102.965530595 49.205283564 0.000000000
POLYGON_POINT -102.965504441 49.205282944 4.000000000
POLYGON_POINT -102.965513895 49.205450375 0.000000000
POLYGON_POINT -102.965535412 49.205452325 2.000000000
POLYGON_POINT -102.965537437 49.205642462 1.000000000
POLYGON_POINT -102.965955110 49.205640563 0.000000000
POLYGON_POINT -102.965954432 49.205576856 4.000000000
POLYGON_POINT -102.965953681 49.205506404 0.000000000
POLYGON_POINT -102.965952357 49.205382078 4.000000000
POLYGON_POINT -102.965951364 49.205288819 0.000000000
END_WINDING
END_POLYGON
OBJECT 2 -102.966752525 49.203255290 270.829987
OBJECT 3 -102.966908744 49.203077295 91.080002
OBJECT 4 -102.967230028 49.203789402 141.339996
OBJECT 5 -102.967141046 49.203152517 274.760010
OBJECT 5 -102.963464802 49.205132643 182.050003
OBJECT 5 -102.964592548 49.205427811 90.000000
OBJECT 6 -102.967082038 49.203504343 0.000000
OBJECT 6 -102.967002344 49.203531749 0.000000
OBJECT 6 -102.967035900 49.203561895 0.000000
OBJECT 6 -102.967052677 49.203529008 0.000000
OBJECT 6 -102.967090427 49.203539971 0.000000
OBJECT 6 -102.962751846 49.205284949 0.000000
OBJECT 6 -102.962799608 49.205278524 0.000000
OBJECT 6 -102.962784156 49.205328086 0.000000
OBJECT 6 -102.962772918 49.205313401 0.000000
OBJECT 6 -102.962743418 49.205294127 0.000000
OBJECT 6 -102.962777132 49.205296881 0.000000
OBJECT 6 -102.962808037 49.205300552 0.000000
OBJECT 6 -102.962771513 49.205278524 315.000000
OBJECT 6 -102.962756060 49.205304223 0.000000
OBJECT 6 -102.965294287 49.205671830 90.000000
OBJECT 6 -102.965392160 49.205651276 0.000000
OBJECT 6 -102.965986391 49.205728925 135.000000
OBJECT 7 -102.965353710 49.205749480 0.000000
OBJECT 7 -102.965399151 49.205783737 0.000000
OBJECT 7 -102.965378179 49.205747196 270.000000
OBJECT 8 -102.966000373 49.205760899 153.440002
OBJECT 9 -102.963107926 49.205682195 150.389999
OBJECT 9 -102.965364198 49.205664979 90.000000
OBJECT 10 -102.967528911 49.203132399 296.570007
OBJECT 11 -102.967042476 49.202915437 77.010002
OBJECT 12 -102.967228894 49.203950763 128.660004
OBJECT 13 -102.967179377 49.203627223 168.690002
OBJECT 13 -102.965731689 49.205172599 105.949997
OBJECT 14 -102.964202421 49.205536105 255.380005
OBJECT 15 -102.962949894 49.205134536 90.000000
OBJECT 16 -102.962845031 49.205313434 90.000000
OBJECT 17 -102.964563619 49.205123117 0.000000
OBJECT 17 -102.964589834 49.205100279 0.000000
OBJECT 17 -102.966789001 49.203337941 0.000000
OBJECT 17 -102.966818129 49.203336038 0.000000
OBJECT 17 -102.966835606 49.203336038 0.000000
OBJECT 18 -102.963721734 49.205869160 0.000000
OBJECT 19 -102.963128563 49.205888888 309.809998
OBJECT 18 -102.963966412 49.205636339 0.000000
OBJECT 18 -102.964971362 49.205806038 0.000000
OBJECT 18 -102.964966507 49.205531664 0.000000
OBJECT 18 -102.964684927 49.205243016 90.000000
OBJECT 20 -102.967315290 49.203753211 137.729996
OBJECT 21 -102.966659568 49.203977891 56.310001
OBJECT 22 -102.962875442 49.205185113 0.000000
OBJECT 22 -102.962843886 49.205145463 0.000000
OBJECT 22 -102.962851168 49.205205730 0.000000
OBJECT 22 -102.962773490 49.205189870 0.000000
OBJECT 22 -102.962795337 49.205161323 0.000000
OBJECT 22 -102.962795337 49.205204144 0.000000
OBJECT 22 -102.962834176 49.205177183 0.000000
OBJECT 23 -102.963055745 49.205488998 0.000000
OBJECT 24 -102.963986250 49.205340094 0.000000
OBJECT 24 -102.964038681 49.205362932 0.000000
OBJECT 24 -102.964094609 49.205390338 0.000000
OBJECT 24 -102.964073636 49.205335527 0.000000
OBJECT 25 -102.964213455 49.205269296 0.000000
OBJECT 26 -102.964178500 49.205566191 0.000000
OBJECT 26 -102.964188986 49.205499961 0.000000
OBJECT 26 -102.964157527 49.205472555 0.000000
OBJECT 26 -102.964129564 49.205538785 0.000000
OBJECT 26 -102.964098104 49.205497677 270.000000
OBJECT 26 -102.964087618 49.205541069 0.000000
OBJECT 26 -102.964157527 49.205515947 0.000000
OBJECT 27 -102.964000231 49.205506812 182.490005
OBJECT 28 -102.963108888 49.205289850 152.100006
OBJECT 28 -102.963199770 49.205241890 39.290001
OBJECT 28 -102.963084420 49.205200782 212.470001
OBJECT 28 -102.963217247 49.205175660 0.000000
OBJECT 26 -102.967148431 49.203671276 0.000000
OBJECT 26 -102.967130954 49.203642728 270.000000
OBJECT 26 -102.967174646 49.203682695 0.000000
OBJECT 26 -102.967232902 49.203654147 270.000000
OBJECT 26 -102.967221251 49.203675082 0.000000
OBJECT 26 -102.967189210 49.203692211 90.000000
OBJECT 26 -102.967250379 49.203678889 0.000000
OBJECT 26 -102.967195036 49.203654147 0.000000
OBJECT 27 -102.967404750 49.203149807 45.000000
OBJECT 29 -102.966688212 49.202824364 358.940002
OBJECT 29 -102.966085255 49.205121493 181.009995
OBJECT 22 -102.964438504 49.205843113 0.000000
OBJECT 22 -102.964352574 49.205865951 0.000000
OBJECT 22 -102.964308881 49.205857386 270.000000
OBJECT 22 -102.964426229 49.205892595 180.000000
OBJECT 22 -102.964360342 49.205819323 0.000000
OBJECT 30 -102.964200617 49.205877052 0.000000
OBJECT 31 -102.964092840 49.205875149 180.000000
OBJECT 32 -102.963982150 49.205854214 0.000000
OBJECT 32 -102.964025844 49.205873246 0.000000
OBJECT 32 -102.964104492 49.205858021 0.000000
OBJECT 32 -102.964101579 49.205825667 0.000000
OBJECT 32 -102.964069537 49.205840892 0.000000
OBJECT 32 -102.964049147 49.205821860 0.000000
OBJECT 32 -102.964002541 49.205835183 0.000000
OBJECT 24 -102.964605509 49.205606802 0.000000
OBJECT 24 -102.964678332 49.205591577 0.000000
OBJECT 24 -102.964713286 49.205606802 0.000000
OBJECT 24 -102.964649203 49.205623931 0.000000
OBJECT 24 -102.964611335 49.205144331 0.000000
OBJECT 24 -102.964608422 49.205220458 0.000000
OBJECT 24 -102.964564729 49.205229974 0.000000
OBJECT 24 -102.964573468 49.205167169 45.000000
OBJECT 24 -102.964614248 49.205174782 0.000000
OBJECT 24 -102.964582206 49.205205233 0.000000
OBJECT 31 -102.966787443 49.202841446 90.000000
OBJECT 22 -102.967563396 49.203060691 0.000000
OBJECT 22 -102.967563396 49.203085357 135.000000
OBJECT 22 -102.967592757 49.203110022 180.000000
OBJECT 22 -102.967659866 49.203104541 0.000000
OBJECT 22 -102.967739559 49.203118243 90.000000
OBJECT 22 -102.967714393 49.203077135 270.000000
OBJECT 22 -102.967701810 49.203041508 0.000000
OBJECT 22 -102.967668255 49.203036026 0.000000
OBJECT 22 -102.967651478 49.203074394 180.000000
OBJECT 26 -102.967596951 49.203014102 270.000000
OBJECT 26 -102.967596951 49.203046989 0.000000
OBJECT 26 -102.967567591 49.203016842 0.000000
OBJECT 26 -102.967634700 49.203027805 0.000000
OBJECT 26 -102.967185905 49.202934625 0.000000
OBJECT 26 -102.967198488 49.202898998 0.000000
OBJECT 26 -102.967198488 49.202852408 0.000000
OBJECT 26 -102.967148156 49.202885295 0.000000
OBJECT 26 -102.967064269 49.202896257 180.000000
OBJECT 26 -102.967131379 49.202915441 0.000000
OBJECT 26 -102.967110407 49.202882555 270.000000
OBJECT 26 -102.967068464 49.202904479 236.309998
OBJECT 24 -102.966858746 49.202835965 296.570007
OBJECT 24 -102.967051686 49.202797597 0.000000
OBJECT 24 -102.966963605 49.202803078 0.000000
OBJECT 24 -102.966820997 49.202800338 270.000000
OBJECT 24 -102.966946828 49.202868852 0.000000
OBJECT 24 -102.966896495 49.202860630 255.960007
OBJECT 24 -102.966934245 49.202827743 0.000000
OBJECT 24 -102.966997160 49.202830484 0.000000
OBJECT 24 -102.966984577 49.202863371 180.000000
OBJECT 24 -102.967081047 49.202827743 270.000000
OBJECT 24 -102.965882854 49.205140548 0.000000
OBJECT 24 -102.965828237 49.205141869 270.000000
OBJECT 24 -102.965797895 49.205172267 0.000000
OBJECT 24 -102.965868694 49.205166981 0.000000
OBJECT 28 -102.965816100 49.205219847 195.949997
OBJECT 28 -102.965907128 49.205218525 141.339996
OBJECT 33 -102.965583474 49.205248923 180.000000
OBJECT 34 -102.964097309 49.205619100 1.740000
OBJECT 34 -102.964946908 49.205241109 1.740000
OBJECT 34 -102.964883693 49.205545516 1.740000
OBJECT 34 -102.964826442 49.205839978 357.140015
OBJECT 34 -102.967063972 49.203211864 2.410000
OBJECT 35 -102.967014770 49.203214613 87.250000
OBJECT 35 -102.966880312 49.203314359 86.330002
OBJECT 35 -102.964049525 49.205618770 86.330002
OBJECT 35 -102.964966831 49.205049728 86.330002
OBJECT 35 -102.964622665 49.205353523 86.330002
OBJECT 35 -102.964910643 49.205638962 86.330002
OBJECT 36 -102.965972562 49.205314203 179.210007
OBJECT 36 -102.965976233 49.205630845 179.210007
OBJECT 37 -102.965976030 49.205497660 180.169998
OBJECT 38 -102.966287443 49.204948940 0.430000
OBJECT 38 -102.966284690 49.205233198 0.430000
OBJECT 39 -102.967023665 49.203973568 0.000000
OBJECT 39 -102.967139430 49.203940681 0.000000
OBJECT 39 -102.967079031 49.203973568 0.000000
OBJECT 39 -102.967159563 49.203996589 0.000000
OBJECT 39 -102.967094130 49.204022898 0.000000
OBJECT 39 -102.966953199 49.203740072 0.000000
OBJECT 39 -102.966902867 49.203772958 0.000000
OBJECT 39 -102.966963266 49.203851887 0.000000
OBJECT 39 -102.966892800 49.203819000 0.000000
OBJECT 39 -102.966958233 49.203776247 0.000000
OBJECT 39 -102.967008565 49.203815711 0.000000
OBJECT 39 -102.967003532 49.203759804 0.000000
OBJECT 40 -102.966504055 49.205745600 271.769989
OBJECT 41 -102.966718150 49.203209888 90.000000
OBJECT 41 -102.963892451 49.205169024 72.900002
OBJECT 41 -102.964012814 49.205573879 167.009995
OBJECT 41 -102.963219306 49.205827278 202.619995
OBJECT 41 -102.963923656 49.205862229 113.629997
OBJECT 42 -102.965985868 49.205379354 277.130005
OBJECT 42 -102.965991028 49.205512512 260.540009
OBJECT 42 -102.966282548 49.204925941 5.190000
OBJECT 42 -102.966266996 49.205552938 177.949997
OBJECT 43 -102.964715643 49.206243231 319.399994
OBJECT 43 -102.966788572 49.206409250 96.339996
OBJECT 43 -102.966739535 49.205736434 7.430000
OBJECT 44 -102.964965286 49.205599540 270.000000
OBJECT 44 -102.964938538 49.205328666 278.529999
OBJECT 44 -102.964960828 49.205858764 274.089996
OBJECT 45 -102.965441080 49.205154140 0.000000
FILTER -1
OBJECT_DEF lib/airport/Common_Elements/Hangars/Long_Row_Beige.agp
OBJECT_DEF lib/airport/European_Airports/hangars/25x20x5.obj
OBJECT_DEF lib/airport/Common_Elements/Hangars/Sm_Blue_Hangar.agp
OBJECT_DEF lib/airport/European_Airports/hangars/28x26x6_Poland.obj
OBJECT_DEF lib/g10/US/industrial/light/SandBunker.obj
OBJECT_DEF lib/airport/Common_Elements/Miscellaneous/Blue_Dumpster.obj
OBJECT_DEF lib/airport/Ramp_Equipment/Chocks_1.obj
OBJECT_DEF lib/airport/Ramp_Equipment/Luggage_Cart_1.obj
OBJECT_DEF lib/airport/Ramp_Equipment/Luggage_Truck.obj
OBJECT_DEF lib/airport/Ramp_Equipment/Tow_Tractor_1.obj
OBJECT_DEF lib/airport/Common_Elements/Vehicles/forklifts/forklift_yellow_palette_up.obj
OBJECT_DEF lib/airport/Common_Elements/Vehicles/forklifts/forklift_yellow_barrel_up.obj
OBJECT_DEF lib/airport/Common_Elements/Vehicles/forklifts/forklift_yellow.obj
OBJECT_DEF lib/airport/Common_Elements/Vehicles/forklifts/forklift_red_palette_up.obj
OBJECT_DEF lib/airport/Common_Elements/Vehicles/forklifts/forklift_green_up.obj
OBJECT_DEF lib/airport/Common_Elements/Vehicles/forklifts/forklift_green_palette.obj
OBJECT_DEF lib/airport/Common_Elements/Vehicles/forklifts/forklift_green_barrel.obj
OBJECT_DEF lib/airport/Common_Elements/Miscellaneous/Stack_of_Cones.obj
OBJECT_DEF lib/airport/Common_Elements/Miscellaneous/Barrel_Trash_Can.obj
OBJECT_DEF lib/airport/aircraft/cargo/turboprop_a.obj
OBJECT_DEF lib/airport/Common_Elements/Miscellaneous/Porta_Potty_2.obj
OBJECT_DEF lib/airport/Common_Elements/Miscellaneous/Const_Trailer.agp
OBJECT_DEF lib/airport/Ramp_Equipment/Cargo_Palette_3.obj
OBJECT_DEF lib/airport/Ramp_Equipment/Cargo_Pod_Lot.agp
OBJECT_DEF lib/airport/Ramp_Equipment/Cargo_Container_1.obj
OBJECT_DEF lib/airport/Ramp_Equipment/Cargo_Pallete_Pkng.agp
OBJECT_DEF lib/airport/Ramp_Equipment/Cargo_Palette_2.obj
OBJECT_DEF lib/airport/Common_Elements/Vehicles/Cargo_Trailer.obj
OBJECT_DEF lib/airport/Ramp_Equipment/Cargo_Container_6.obj
OBJECT_DEF lib/airport/Common_Elements/Vehicles/Cargo_Truck.obj
OBJECT_DEF lib/airport/Ramp_Equipment/Cargo_Loader_1.obj
OBJECT_DEF lib/airport/Ramp_Equipment/Cargo_Dolly_wPod.obj
OBJECT_DEF lib/airport/Ramp_Equipment/Cargo_Palette_1.obj
OBJECT_DEF lib/airport/Common_Elements/Miscellaneous/Large_AC_on_Pad.obj
OBJECT_DEF lib/airport/Common_Elements/Miscellaneous/Med_AC_on_Pad.obj
OBJECT_DEF lib/airport/Common_Elements/Miscellaneous/Sm_Propane_Tank.obj
OBJECT_DEF lib/airport/Common_Elements/Parking_Items/Row_of_Cars_2.agp
OBJECT_DEF lib/airport/Common_Elements/Parking_Items/Row_of_Cars_4.agp
OBJECT_DEF lib/airport/Common_Elements/Parking_Items/Row_of_Cars_10.agp
OBJECT_DEF lib/g10/US/industrial/light/MineralsPile.obj
OBJECT_DEF lib/airport/Common_Elements/Fueling_Stations/Small_Fuel_Station.obj
OBJECT_DEF lib/g10/streetlights/AreaFloodSml.obj
OBJECT_DEF lib/g10/streetlights/ParkingLot.obj
OBJECT_DEF lib/g10/streetlights/AreaFloodMed.obj
OBJECT_DEF lib/g10/streetlights/AreaFloodShort.obj
OBJECT_DEF lib/airport/beacons/beacon_airport.obj
POLYGON_DEF lib/g10/terrain10/broad_hot_wet_sflat.pol
POLYGON_DEF lib/g10/terrain10/any_tmp_sdry_sflat.pol
POLYGON_DEF lib/airport/pavement/concrete_4L.pol
POLYGON_DEF lib/airport/pavement/concrete_3D.pol
POLYGON_DEF lib/airport/pavement/asphalt_3D.pol
POLYGON_DEF lib/airport/pavement/asphalt_3L.pol
POLYGON_DEF lib/airport/pavement/asphalt_1D.pol
POLYGON_DEF lib/airport/pavement/concrete_6L.pol
POLYGON_DEF lib/airport/Common_Elements/Fence_Facades/Fence.fac
POLYGON_DEF lib/airport/Modern_Airports/Terminal_kit/term_building_Ground_01.fac
PROPERTY sim/filter/aptid CYEN
PROPERTY sim/require_agpoint 1/0
PROPERTY sim/require_object 1/0
PROPERTY sim/require_facade 1/8
PROPERTY sim/require_facade 6/0
