PROPERTY sim/west -180
PROPERTY sim/east 180
PROPERTY sim/north 90
PROPERTY sim/south -90
PROPERTY sim/planet earth
PROPERTY sim/creation_agent WorldEditor2.2.0r2
PROPERTY laminar/internal_revision 0
PROPERTY sim/overlay 1
FILTER 0
BEGIN_POLYGON 0 0 2
BEGIN_WINDING
POLYGON_POINT -112.804368200 33.965388836
POLYGON_POINT -112.804329285 33.965337673
END_WINDING
END_POLYGON
BEGIN_POLYGON 0 0 2
BEGIN_WINDING
POLYGON_POINT -112.804276364 33.965362480
POLYGON_POINT -112.804382236 33.965310367
END_WINDING
END_POLYGON
BEGIN_POLYGON 0 0 2
BEGIN_WINDING
POLYGON_POINT -112.804149527 33.965495423
POLYGON_POINT -112.804110611 33.965444260
END_WINDING
END_POLYGON
BEGIN_POLYGON 0 0 2
BEGIN_WINDING
POLYGON_POINT -112.804057691 33.965469067
POLYGON_POINT -112.804163563 33.965416954
END_WINDING
END_POLYGON
BEGIN_POLYGON 0 0 2
BEGIN_WINDING
POLYGON_POINT -112.803934340 33.965600770
POLYGON_POINT -112.803895425 33.965549607
END_WINDING
END_POLYGON
BEGIN_POLYGON 0 0 2
BEGIN_WINDING
POLYGON_POINT -112.803842504 33.965574415
POLYGON_POINT -112.803948376 33.965522301
END_WINDING
END_POLYGON
BEGIN_POLYGON 1 0 4
BEGIN_WINDING
POLYGON_POINT -112.804546649 33.967907818 -112.804546649 33.967907818
POLYGON_POINT -112.804770785 33.967805314 -112.804770785 33.967805314
POLYGON_POINT -112.804539231 33.967484224 -112.804539231 33.967484224
POLYGON_POINT -112.804489609 33.967447741 -112.804461520 33.967440873
POLYGON_POINT -112.804423433 33.967461720 -112.804423433 33.967461720
POLYGON_POINT -112.804058319 33.967632973 -112.804058319 33.967632973
POLYGON_POINT -112.804336541 33.968001260 -112.804336541 33.968001260
END_WINDING
END_POLYGON
BEGIN_POLYGON 1 0 4
BEGIN_WINDING
POLYGON_POINT -112.806223611 33.967479848 -112.806223611 33.967479848
POLYGON_POINT -112.806223611 33.967479848 -112.806240352 33.967388505
POLYGON_POINT -112.806197865 33.967271149 -112.806197865 33.967271149
POLYGON_POINT -112.806735068 33.967020686 -112.806735068 33.967020686
POLYGON_POINT -112.806665252 33.966928816 -112.806665252 33.966928816
POLYGON_POINT -112.806126537 33.967165742 -112.806126537 33.967165742
POLYGON_POINT -112.805859537 33.966767038 -112.805859537 33.966767038
POLYGON_POINT -112.804675065 33.967353844 -112.804675065 33.967353844
POLYGON_POINT -112.804642636 33.967395849 -112.804637129 33.967424267
POLYGON_POINT -112.804657286 33.967453868 -112.804657286 33.967453868
POLYGON_POINT -112.805104380 33.968101126 -112.805104380 33.968101126
POLYGON_POINT -112.806110719 33.967631453 -112.806110719 33.967631453
POLYGON_POINT -112.806223611 33.967479848 -112.806240352 33.967388505
END_WINDING
END_POLYGON
BEGIN_POLYGON 2 60 4
BEGIN_WINDING
POLYGON_POINT -112.803014229 33.965034142 -112.803014229 33.965034142
POLYGON_POINT -112.803014229 33.965034142 -112.802911668 33.965018518
POLYGON_POINT -112.802888472 33.964903560 -112.802884286 33.964853216
POLYGON_POINT -112.803043918 33.964324682 -112.803043918 33.964324682
POLYGON_POINT -112.802944386 33.964306291 -112.802944386 33.964306291
POLYGON_POINT -112.802849099 33.964624776 -112.802837230 33.964657127
POLYGON_POINT -112.802849099 33.964624776 -112.802849099 33.964624776
POLYGON_POINT -112.802849099 33.964624776 -112.802834141 33.964664067
POLYGON_POINT -112.802655578 33.964745251 -112.802617212 33.964764317
POLYGON_POINT -112.802655578 33.964745251 -112.802655578 33.964745251
POLYGON_POINT -112.802655578 33.964745251 -112.802634044 33.964756056
POLYGON_POINT -112.799823646 33.966126361 -112.798446826 33.966793037
POLYGON_POINT -112.799823646 33.966126361 -112.799823646 33.966126361
POLYGON_POINT -112.799823646 33.966126361 -112.799735495 33.966179899
POLYGON_POINT -112.799527351 33.966308739 -112.799432171 33.966364216
POLYGON_POINT -112.799527351 33.966308739 -112.799527351 33.966308739
POLYGON_POINT -112.799527351 33.966308739 -112.799176902 33.966464650
POLYGON_POINT -112.798523661 33.966798033 -112.798142287 33.966977076
POLYGON_POINT -112.798523661 33.966798033 -112.798523661 33.966798033
POLYGON_POINT -112.798523661 33.966798033 -112.798167809 33.966980274
POLYGON_POINT -112.797602676 33.967238647 -112.797521308 33.967259280
POLYGON_POINT -112.797602676 33.967238647 -112.797602676 33.967238647
POLYGON_POINT -112.797602676 33.967238647 -112.797509517 33.967263321
POLYGON_POINT -112.797313310 33.967244576 -112.797186409 33.967230976
POLYGON_POINT -112.797313310 33.967244576 -112.797313310 33.967244576
POLYGON_POINT -112.797313310 33.967244576 -112.797248172 33.967239580
POLYGON_POINT -112.797075291 33.967220347 -112.797032740 33.967225502
POLYGON_POINT -112.797075291 33.967220347 -112.797075291 33.967220347
POLYGON_POINT -112.797075291 33.967220347 -112.797051720 33.967221646
POLYGON_POINT -112.796896118 33.967262088 -112.796793124 33.967308033
POLYGON_POINT -112.796896118 33.967262088 -112.796896118 33.967262088
POLYGON_POINT -112.796896118 33.967262088 -112.796701115 33.967349077
POLYGON_POINT -112.796244848 33.967573339 -112.796091484 33.967654517
POLYGON_POINT -112.796244848 33.967573339 -112.796244848 33.967573339
POLYGON_POINT -112.796244848 33.967573339 -112.795673764 33.967829896
POLYGON_POINT -112.794692839 33.968314072 -112.794692839 33.968314072
POLYGON_POINT -112.794510454 33.968570684 -112.794512890 33.968761026
POLYGON_POINT -112.794510454 33.968570684 -112.794510454 33.968570684
POLYGON_POINT -112.794510454 33.968570684 -112.794510316 33.968615408
POLYGON_POINT -112.794565373 33.968671731 -112.794603196 33.968700433
POLYGON_POINT -112.794565373 33.968671731 -112.794565373 33.968671731
POLYGON_POINT -112.794565373 33.968671731 -112.794682864 33.968764785
POLYGON_POINT -112.794972114 33.968988046 -112.795133766 33.969112001
POLYGON_POINT -112.794972114 33.968988046 -112.794972114 33.968988046
POLYGON_POINT -112.794972114 33.968988046 -112.795041431 33.969035609
POLYGON_POINT -112.795182835 33.968995747 -112.795276191 33.968953491
POLYGON_POINT -112.795182835 33.968995747 -112.795182835 33.968995747
POLYGON_POINT -112.795182835 33.968995747 -112.795196121 33.968989049
POLYGON_POINT -112.797301609 33.967985003 -112.797406001 33.967934752
POLYGON_POINT -112.797301609 33.967985003 -112.797301609 33.967985003
POLYGON_POINT -112.797301609 33.967985003 -112.797279347 33.967954246
POLYGON_POINT -112.797161240 33.967785310 -112.797157464 33.967779912
POLYGON_POINT -112.797161240 33.967785310 -112.797161240 33.967785310
POLYGON_POINT -112.797161240 33.967785310 -112.797135449 33.967796477
POLYGON_POINT -112.795490829 33.968573934 -112.795419279 33.968607437
POLYGON_POINT -112.795490829 33.968573934 -112.795490829 33.968573934
POLYGON_POINT -112.795490829 33.968573934 -112.795538058 33.968646367
POLYGON_POINT -112.795534157 33.968716855 -112.795480500 33.968746710
POLYGON_POINT -112.795534157 33.968716855 -112.795534157 33.968716855
POLYGON_POINT -112.795534157 33.968716855 -112.795510380 33.968729451
POLYGON_POINT -112.795423681 33.968770897 -112.795360860 33.968802955
POLYGON_POINT -112.795423681 33.968770897 -112.795423681 33.968770897
POLYGON_POINT -112.795423681 33.968770897 -112.795396063 33.968782807
POLYGON_POINT -112.795147951 33.968910220 -112.795084933 33.968940886
POLYGON_POINT -112.795147951 33.968910220 -112.795147951 33.968910220
POLYGON_POINT -112.795147951 33.968910220 -112.795138309 33.968913834
POLYGON_POINT -112.795076782 33.968928915 -112.795046251 33.968926637
POLYGON_POINT -112.795076782 33.968928915 -112.795076782 33.968928915
POLYGON_POINT -112.795076782 33.968928915 -112.795045265 33.968926005
POLYGON_POINT -112.794884787 33.968794774 -112.794760142 33.968694986
POLYGON_POINT -112.794884787 33.968794774 -112.794884787 33.968794774
POLYGON_POINT -112.794884787 33.968794774 -112.794818037 33.968742795
POLYGON_POINT -112.794657400 33.968606942 -112.794623687 33.968577560
POLYGON_POINT -112.794657400 33.968606942 -112.794657400 33.968606942
POLYGON_POINT -112.794657400 33.968606942 -112.794519400 33.968447236
POLYGON_POINT -112.794926605 33.968283691 -112.794941522 33.968277625
POLYGON_POINT -112.794926605 33.968283691 -112.794926605 33.968283691
POLYGON_POINT -112.794926605 33.968283691 -112.794982454 33.968256560
POLYGON_POINT -112.796436062 33.967560656 -112.796503817 33.967527829
POLYGON_POINT -112.796436062 33.967560656 -112.796436062 33.967560656
POLYGON_POINT -112.796436062 33.967560656 -112.796523078 33.967518815
POLYGON_POINT -112.796834980 33.967365193 -112.796841566 33.967363284
POLYGON_POINT -112.796834980 33.967365193 -112.796834980 33.967365193
POLYGON_POINT -112.796834980 33.967365193 -112.796865550 33.967350335
POLYGON_POINT -112.797081471 33.967286917 -112.797142098 33.967287417
POLYGON_POINT -112.797081471 33.967286917 -112.797081471 33.967286917
POLYGON_POINT -112.797081471 33.967286917 -112.797209307 33.967289258
POLYGON_POINT -112.797541787 33.967320466 -112.797668950 33.967309411
POLYGON_POINT -112.797541787 33.967320466 -112.797541787 33.967320466
POLYGON_POINT -112.797541787 33.967320466 -112.797701107 33.967319616
POLYGON_POINT -112.798414428 33.966936059 -112.798475758 33.966906463
POLYGON_POINT -112.798414428 33.966936059 -112.798414428 33.966936059
POLYGON_POINT -112.798414428 33.966936059 -112.798419784 33.966934957
POLYGON_POINT -112.798479122 33.966916441 -112.798496251 33.966919270
POLYGON_POINT -112.798479122 33.966916441 -112.798479122 33.966916441
POLYGON_POINT -112.798479122 33.966916441 -112.798506018 33.966922679
POLYGON_POINT -112.798526622 33.966959183 -112.798539000 33.966972334
POLYGON_POINT -112.798526622 33.966959183 -112.798526622 33.966959183
POLYGON_POINT -112.798526622 33.966959183 -112.798560736 33.967000874
POLYGON_POINT -112.798647372 33.967019361 -112.798690410 33.967025161
POLYGON_POINT -112.798647372 33.967019361 -112.798647372 33.967019361
POLYGON_POINT -112.798647372 33.967019361 -112.798702934 33.967027395
POLYGON_POINT -112.798819182 33.966951031 -112.798854754 33.966897701
POLYGON_POINT -112.798819182 33.966951031 -112.798819182 33.966951031
POLYGON_POINT -112.798819182 33.966951031 -112.798886768 33.966845645
POLYGON_POINT -112.798812693 33.966758288 -112.798816923 33.966725236
POLYGON_POINT -112.798812693 33.966758288 -112.798812693 33.966758288
POLYGON_POINT -112.798812693 33.966758288 -112.798816328 33.966736369
POLYGON_POINT -112.798862881 33.966708268 -112.798867277 33.966705838
POLYGON_POINT -112.798862881 33.966708268 -112.798862881 33.966708268
POLYGON_POINT -112.798862881 33.966708268 -112.798887909 33.966696383
POLYGON_POINT -112.799602875 33.966337872 -112.799711431 33.966284321
POLYGON_POINT -112.799602875 33.966337872 -112.799602875 33.966337872
POLYGON_POINT -112.799602875 33.966337872 -112.799614766 33.966332538
POLYGON_POINT -112.799861416 33.966179960 -112.799968307 33.966115803
POLYGON_POINT -112.799861416 33.966179960 -112.799861416 33.966179960
POLYGON_POINT -112.799861416 33.966179960 -112.799950497 33.966130737
POLYGON_POINT -112.800021210 33.966127089 -112.800063807 33.966128542
POLYGON_POINT -112.800021210 33.966127089 -112.800021210 33.966127089
POLYGON_POINT -112.800021210 33.966127089 -112.800068564 33.966131213
POLYGON_POINT -112.800265291 33.966405499 -112.800314728 33.966419425
POLYGON_POINT -112.800265291 33.966405499 -112.800265291 33.966405499
POLYGON_POINT -112.800265291 33.966405499 -112.800311325 33.966416901
POLYGON_POINT -112.800344212 33.966393146 -112.800343833 33.966392422
POLYGON_POINT -112.800344212 33.966393146 -112.800344212 33.966393146
POLYGON_POINT -112.800344212 33.966393146 -112.800317384 33.966355914
POLYGON_POINT -112.800226572 33.966225953 -112.800226634 33.966225946
POLYGON_POINT -112.800226572 33.966225953 -112.800226572 33.966225953
POLYGON_POINT -112.800226572 33.966225953 -112.800211812 33.966203741
POLYGON_POINT -112.800145892 33.966115938 -112.800145150 33.966115138
POLYGON_POINT -112.800145892 33.966115938 -112.800145892 33.966115938
POLYGON_POINT -112.800145892 33.966115938 -112.800111543 33.966070122
POLYGON_POINT -112.800182145 33.966028145 -112.800239438 33.965997470
POLYGON_POINT -112.800182145 33.966028145 -112.800182145 33.966028145
POLYGON_POINT -112.800182145 33.966028145 -112.800296757 33.965973725
POLYGON_POINT -112.800893767 33.965678154 -112.801077488 33.965591689
POLYGON_POINT -112.800893767 33.965678154 -112.800893767 33.965678154
POLYGON_POINT -112.800893767 33.965678154 -112.800913248 33.965672676
POLYGON_POINT -112.800948362 33.965689515 -112.800956702 33.965702105
POLYGON_POINT -112.800948362 33.965689515 -112.800948362 33.965689515
POLYGON_POINT -112.800948362 33.965689515 -112.800957399 33.965700309
POLYGON_POINT -112.801028346 33.965805789 -112.801027828 33.965806519
POLYGON_POINT -112.801028346 33.965805789 -112.801028346 33.965805789
POLYGON_POINT -112.801028346 33.965805789 -112.801024195 33.965811642
POLYGON_POINT -112.801092569 33.965775004 -112.801092569 33.965775004
POLYGON_POINT -112.801011041 33.965677575 -112.801011041 33.965677575
POLYGON_POINT -112.801006739 33.965638853 -112.801014669 33.965620575
POLYGON_POINT -112.801038949 33.965610889 -112.801038949 33.965610889
POLYGON_POINT -112.802699114 33.964837607 -112.802699114 33.964837607
POLYGON_POINT -112.802784442 33.964910911 -112.802790721 33.964983824
POLYGON_POINT -112.802784442 33.964910911 -112.802784442 33.964910911
POLYGON_POINT -112.802784442 33.964910911 -112.802786133 33.964930546
POLYGON_POINT -112.802799404 33.965020899 -112.802820843 33.965055394
POLYGON_POINT -112.802799404 33.965020899 -112.802799404 33.965020899
POLYGON_POINT -112.802799404 33.965020899 -112.802819103 33.965052469
POLYGON_POINT -112.802897646 33.965161509 -112.802937426 33.965207503
POLYGON_POINT -112.802897646 33.965161509 -112.802897646 33.965161509
POLYGON_POINT -112.802897646 33.965161509 -112.802938996 33.965209319
POLYGON_POINT -112.803012770 33.965244108 -112.803043951 33.965248634
POLYGON_POINT -112.803012770 33.965244108 -112.803012770 33.965244108
POLYGON_POINT -112.803012770 33.965244108 -112.803096493 33.965256260
POLYGON_POINT -112.803460164 33.965289082 -112.803460164 33.965289082
POLYGON_POINT -112.803504652 33.965352920 -112.803504652 33.965352920
POLYGON_POINT -112.803540987 33.965402527 -112.803540987 33.965402527
POLYGON_POINT -112.803610742 33.965369723 -112.803610742 33.965369723
POLYGON_POINT -112.803548376 33.965274391 -112.803548376 33.965274391
POLYGON_POINT -112.803566980 33.965089645 -112.803566980 33.965089645
POLYGON_POINT -112.803014229 33.965034142 -112.802911668 33.965018518
END_WINDING
BEGIN_WINDING
POLYGON_POINT -112.796995403 33.968128942 -112.796995403 33.968128942
POLYGON_POINT -112.795890627 33.968655589 -112.795890627 33.968655589
POLYGON_POINT -112.795806342 33.968646398 -112.795781552 33.968610418
POLYGON_POINT -112.795830765 33.968580004 -112.795830765 33.968580004
POLYGON_POINT -112.796945850 33.968047451 -112.796945850 33.968047451
POLYGON_POINT -112.797037867 33.968057916 -112.797066462 33.968095892
END_WINDING
END_POLYGON
FILTER -1
FILTER 0
FILTER -1
FILTER 0
FILTER -1
FILTER 0
FILTER -1
FILTER 0
FILTER -1
FILTER 0
OBJECT 0 -112.796442894 33.968143663 150.089996
OBJECT 0 -112.796206181 33.968256456 150.089996
OBJECT 0 -112.795957418 33.968374247 150.089996
OBJECT 1 -112.795740174 33.968473877 150.369995
OBJECT 2 -112.789707929 33.973952812 37.970001
OBJECT 2 -112.789619896 33.973931465 357.459991
OBJECT 2 -112.789528773 33.973973305 306.660004
OBJECT 2 -112.789508696 33.974051434 262.700012
OBJECT 2 -112.789555544 33.974122732 218.229996
OBJECT 2 -112.789647181 33.974145359 176.539993
OBJECT 2 -112.789735729 33.974103520 124.160004
OBJECT 2 -112.789764044 33.974021975 90.000000
OBJECT 3 -112.789664170 33.973936162 14.830000
OBJECT 3 -112.789572533 33.973943420 332.149994
OBJECT 3 -112.789509210 33.974009594 284.489990
OBJECT 3 -112.789523110 33.974091139 239.910004
OBJECT 3 -112.789598788 33.974141944 195.949997
OBJECT 3 -112.789695574 33.974132978 147.259995
OBJECT 3 -112.789759411 33.974063815 104.739998
OBJECT 3 -112.789745511 33.973985259 57.029999
OBJECT 4 -112.789780004 33.973965620 326.269989
OBJECT 4 -112.789484499 33.974109497 328.480011
OBJECT 3 -112.789473173 33.974133405 58.369999
OBJECT 3 -112.789811922 33.973966474 233.490005
OBJECT 5 -112.789636081 33.974043314 57.990002
OBJECT 6 -112.804095632 33.965423233 145.710007
OBJECT 7 -112.800714681 33.966793478 325.670013
OBJECT 7 -112.803973003 33.965297675 324.869995
OBJECT 6 -112.796574043 33.968428552 331.700012
OBJECT 6 -112.796114206 33.968656976 327.529999
OBJECT 8 -112.795543213 33.969211595 236.309998
OBJECT 7 -112.796879861 33.968278587 333.440002
OBJECT 7 -112.796452489 33.968912997 143.619995
OBJECT 7 -112.796924000 33.968678615 143.130005
OBJECT 7 -112.797232326 33.968527420 143.970001
OBJECT 9 -112.804548090 33.965244943 85.360001
OBJECT 10 -112.804531244 33.966723074 83.374947
OBJECT 11 -112.796403678 33.968502807 329.040009
OBJECT 12 -112.795973211 33.968007288 326.309998
OBJECT 12 -112.796187990 33.967901633 333.429993
OBJECT 12 -112.796158204 33.968315303 147.990005
OBJECT 12 -112.796531780 33.968136833 151.929993
OBJECT 13 -112.803924802 33.964882210 4.260000
OBJECT 14 -112.795706921 33.968131990 333.440002
OBJECT 14 -112.795787242 33.968094702 338.959991
OBJECT 14 -112.795811995 33.968080877 333.440002
OBJECT 14 -112.795864533 33.968055320 330.950012
OBJECT 14 -112.795944854 33.968018033 331.190002
OBJECT 14 -112.796081249 33.967955188 327.260010
OBJECT 14 -112.796162075 33.967915387 329.529999
OBJECT 14 -112.796243912 33.967879357 332.350006
OBJECT 14 -112.796134291 33.967984097 156.039993
OBJECT 14 -112.796108528 33.967991638 149.039993
OBJECT 14 -112.795784211 33.968142464 158.550003
OBJECT 14 -112.795842305 33.968117326 147.529999
OBJECT 14 -112.795917575 33.968080877 152.020004
OBJECT 14 -112.795973143 33.968058253 151.389999
OBJECT 14 -112.796054980 33.968022222 155.100006
OBJECT 14 -112.796165611 33.967970271 149.929993
OBJECT 14 -112.796218149 33.967945133 149.929993
OBJECT 14 -112.796246943 33.967929632 153.440002
OBJECT 14 -112.796395463 33.968201118 152.529999
OBJECT 14 -112.796241387 33.968272761 154.360001
OBJECT 14 -112.796096404 33.968341051 148.669998
OBJECT 14 -112.796016082 33.968377920 149.039993
OBJECT 14 -112.795935255 33.968419397 153.440002
OBJECT 14 -112.795747838 33.968506122 145.779999
OBJECT 14 -112.803065925 33.965075992 185.710007
OBJECT 14 -112.803195169 33.965087574 182.050003
OBJECT 14 -112.803289929 33.965098036 183.009995
OBJECT 14 -112.803356581 33.965101461 190.779999
OBJECT 14 -112.803421671 33.965106132 180.000000
OBJECT 14 -112.803111449 33.965193703 191.309998
OBJECT 14 -112.803237231 33.965206691 189.869995
OBJECT 14 -112.803304416 33.965215070 189.460007
OBJECT 14 -112.803369075 33.965223868 176.190002
OBJECT 14 -112.803401910 33.965228477 187.119995
OBJECT 15 -112.803880930 33.965234356 331.579987
OBJECT 15 -112.803429317 33.965287724 187.240005
OBJECT 15 -112.803755313 33.965859282 150.809998
OBJECT 16 -112.800567155 33.966258254 149.869995
OBJECT 16 -112.797109765 33.967702772 237.720001
OBJECT 16 -112.796851831 33.967677752 143.130005
OBJECT 16 -112.796508423 33.967833291 148.389999
OBJECT 16 -112.796613507 33.967783252 148.240005
OBJECT 16 -112.796686640 33.968027418 331.929993
OBJECT 16 -112.795865475 33.968207059 149.039993
OBJECT 16 -112.796248002 33.968023915 147.089996
OBJECT 16 -112.796068806 33.968108482 145.009995
OBJECT 16 -112.795667574 33.968300133 144.779999
OBJECT 16 -112.795634389 33.968503293 321.339996
OBJECT 16 -112.795858838 33.968416224 331.700012
OBJECT 16 -112.796092941 33.968305137 326.890015
OBJECT 16 -112.796335490 33.968189045 325.299988
OBJECT 16 -112.796540028 33.968090968 327.260010
OBJECT 16 -112.796433852 33.967928260 62.099998
OBJECT 16 -112.801247396 33.966075089 60.639999
OBJECT 16 -112.801386769 33.966279750 62.099998
OBJECT 16 -112.801509452 33.966459507 63.430000
OBJECT 16 -112.800855233 33.966989190 149.619995
OBJECT 16 -112.801195384 33.966822914 150.949997
OBJECT 16 -112.801517918 33.966666478 147.089996
OBJECT 16 -112.800900578 33.966095763 150.330002
OBJECT 16 -112.803046607 33.965567330 330.670013
OBJECT 16 -112.802615671 33.965770539 330.670013
OBJECT 16 -112.802248786 33.965943728 330.019989
OBJECT 16 -112.801878137 33.966112155 328.929993
OBJECT 15 -112.800217161 33.966377009 239.559998
OBJECT 15 -112.801189055 33.965758195 9.050000
OBJECT 15 -112.801276519 33.965560926 329.420013
OBJECT 15 -112.803617208 33.965355341 186.089996
OBJECT 15 -112.801613801 33.965391849 329.390015
OBJECT 15 -112.801981846 33.965210942 330.399994
OBJECT 15 -112.802375783 33.965019495 329.859985
OBJECT 14 -112.805183275 33.966899103 62.099998
OBJECT 14 -112.805148079 33.966853829 63.430000
OBJECT 17 -112.805151149 33.966896545 59.320000
OBJECT 17 -112.803351261 33.965251380 6.700000
OBJECT 17 -112.803118031 33.965056280 186.570007
OBJECT 17 -112.803219206 33.965236793 6.690000
OBJECT 17 -112.803246678 33.965068477 186.559998
OBJECT 17 -112.803093755 33.965224030 6.640000
OBJECT 17 -112.803377765 33.965081007 186.509995
OBJECT 18 -112.803711977 33.965793450 330.549988
OBJECT 19 -112.802675088 33.964779087 145.770004
OBJECT 20 -112.800351019 33.966181334 149.729996
OBJECT 20 -112.800554243 33.966081960 149.729996
OBJECT 20 -112.800758288 33.965983270 149.729996
OBJECT 20 -112.800961316 33.965884417 149.729996
OBJECT 21 -112.804488063 33.967697377 239.559998
BEGIN_POLYGON 3 10 3
BEGIN_WINDING
POLYGON_POINT -112.805814541 33.967439402 0.000000000
POLYGON_POINT -112.805650514 33.967210422 0.000000000
POLYGON_POINT -112.805086933 33.967482675 0.000000000
POLYGON_POINT -112.805248994 33.967705036 0.000000000
END_WINDING
END_POLYGON
OBJECT 22 -112.804181677 33.964955358 272.309998
BEGIN_POLYGON 4 10 3
BEGIN_WINDING
POLYGON_POINT -112.803860461 33.965106027 0.000000000
POLYGON_POINT -112.803552364 33.965079983 0.000000000
POLYGON_POINT -112.803536058 33.965230394 0.000000000
POLYGON_POINT -112.803845444 33.965257537 0.000000000
END_WINDING
END_POLYGON
OBJECT 23 -112.801483558 33.965540733 329.880005
OBJECT 23 -112.801843336 33.965364276 329.899994
OBJECT 23 -112.802630199 33.964972055 329.739990
OBJECT 23 -112.802206768 33.965184477 329.739990
OBJECT 23 -112.800610118 33.966317741 329.750000
OBJECT 23 -112.800944992 33.966155781 329.940002
OBJECT 24 -112.803732752 33.967267439 330.369995
OBJECT 25 -112.804575804 33.966744963 328.869995
BEGIN_POLYGON 5 10 4
BEGIN_WINDING
POLYGON_POINT -112.802640421 33.964750729 -112.802640421 33.964750729
POLYGON_POINT -112.799805448 33.966100196 -112.799805448 33.966100196
POLYGON_POINT -112.799505689 33.966274553 -112.799505689 33.966274553
POLYGON_POINT -112.797630837 33.967130706 -112.797630837 33.967130706
POLYGON_POINT -112.797471368 33.966950191 -112.797471368 33.966950191
POLYGON_POINT -112.796929262 33.966835590 -112.796929262 33.966835590
POLYGON_POINT -112.784277724 33.972898484 -112.784277724 33.972898484
POLYGON_POINT -112.781023466 33.974386276 -112.781023466 33.974386276
POLYGON_POINT -112.783354719 33.977803496 -112.783354719 33.977803496
POLYGON_POINT -112.786341909 33.976409464 -112.786341909 33.976409464
POLYGON_POINT -112.786164307 33.976140421 -112.786164307 33.976140421
POLYGON_POINT -112.790654326 33.974001142 -112.790654326 33.974001142
POLYGON_POINT -112.797421844 33.970810578 -112.797421844 33.970810578
POLYGON_POINT -112.797738945 33.970323071 -112.797738945 33.970323071
POLYGON_POINT -112.798906867 33.969873990 -112.798906867 33.969873990
POLYGON_POINT -112.800249931 33.969058607 -112.800249931 33.969058607
POLYGON_POINT -112.800815247 33.968739361 -112.800815247 33.968739361
POLYGON_POINT -112.801177712 33.968589278 -112.801177712 33.968589278
POLYGON_POINT -112.803660570 33.967669950 -112.803660570 33.967669950
POLYGON_POINT -112.803496146 33.967438265 -112.803496146 33.967438265
POLYGON_POINT -112.803480010 33.967321672 -112.803514441 33.967273842
POLYGON_POINT -112.803623205 33.967218715 -112.803623205 33.967218715
POLYGON_POINT -112.803621192 33.967070923 -112.803621192 33.967070923
END_WINDING
END_POLYGON
BEGIN_POLYGON 5 10 4
BEGIN_WINDING
POLYGON_POINT -112.805040669 33.966696348 -112.805040669 33.966696348
POLYGON_POINT -112.805248382 33.966596092 -112.805248382 33.966596092
POLYGON_POINT -112.805722246 33.966659299 -112.805722246 33.966659299
POLYGON_POINT -112.806385259 33.966246773 -112.806520865 33.966104682
POLYGON_POINT -112.806385259 33.966246773 -112.806385259 33.966246773
POLYGON_POINT -112.806385259 33.966246773 -112.806574560 33.966079009
POLYGON_POINT -112.806733614 33.965238746 -112.806827017 33.964824287
POLYGON_POINT -112.806733614 33.965238746 -112.806733614 33.965238746
POLYGON_POINT -112.806733614 33.965238746 -112.806607047 33.965218445
POLYGON_POINT -112.803965154 33.964768619 -112.803965154 33.964768619
POLYGON_POINT -112.803911941 33.965219566 -112.803911941 33.965219566
END_WINDING
END_POLYGON
OBJECT 26 -112.802784158 33.967963332 0.000000
OBJECT 26 -112.803305677 33.967693157 0.000000
OBJECT 26 -112.800017308 33.964933970 0.000000
OBJECT 26 -112.799622248 33.964961810 0.000000
OBJECT 26 -112.799325308 33.965032482 0.000000
OBJECT 26 -112.798692696 33.964991792 116.570000
OBJECT 26 -112.798408666 33.965041048 0.000000
OBJECT 26 -112.797972292 33.965041048 0.000000
OBJECT 26 -112.797711501 33.965096729 0.000000
OBJECT 26 -112.799823651 33.965021774 0.000000
OBJECT 26 -112.800466592 33.964859015 0.000000
OBJECT 26 -112.799852030 33.966013321 0.000000
OBJECT 26 -112.797605623 33.964103041 0.000000
OBJECT 26 -112.801026891 33.965420106 0.000000
OBJECT 26 -112.801266898 33.965356684 0.000000
OBJECT 26 -112.802309287 33.964752225 0.000000
OBJECT 26 -112.803093867 33.964607278 0.000000
OBJECT 26 -112.803000907 33.964703909 0.000000
OBJECT 26 -112.802994710 33.964823156 0.000000
OBJECT 26 -112.803009584 33.964937263 0.000000
OBJECT 26 -112.803171953 33.964990719 0.000000
OBJECT 26 -112.803376465 33.965016419 0.000000
OBJECT 26 -112.803584695 33.965052398 0.000000
OBJECT 27 -112.796529939 33.967815965 150.229996
OBJECT 28 -112.796556321 33.967748272 331.089996
OBJECT 28 -112.796609354 33.967724264 331.089996
OBJECT 29 -112.795693171 33.968445360 150.639999
OBJECT 23 -112.795779024 33.968348491 240.149994
OBJECT 30 -112.797151907 33.967673972 60.689999
OBJECT 31 -112.796608602 33.967922465 330.570007
OBJECT 32 -112.795985865 33.968023664 60.570000
FILTER -1
OBJECT_DEF lib/airport/Common_Elements/Parking/6_wLines.obj
OBJECT_DEF lib/airport/Common_Elements/Parking/6_wHandicapL.obj
OBJECT_DEF lib/airport/Common_Elements/Barriers/concrete/red_3m.obj
OBJECT_DEF lib/airport/Common_Elements/Barriers/concrete/white_3m.obj
OBJECT_DEF lib/airport/Common_Elements/Barriers/concrete/white_6m.obj
OBJECT_DEF lib/airport/landscape/windsock_lit.obj
OBJECT_DEF lib/airport/aircraft/general_aviation/turboprop_b.obj
OBJECT_DEF lib/airport/aircraft/general_aviation/prop_a.obj
OBJECT_DEF lib/airport/aircraft/general_aviation/turboprop_a.obj
OBJECT_DEF lib/airport/aircraft/general_aviation/helo_a.obj
OBJECT_DEF lib/airport/aircraft/cargo/turboprop_a.obj
OBJECT_DEF lib/airport/aircraft/military/jet_a.obj
OBJECT_DEF lib/cars/car.obj
OBJECT_DEF lib/airport/Common_Elements/Parking_Items/Row_of_Cars_2.agp
OBJECT_DEF lib/cars/car_static.obj
OBJECT_DEF lib/airport/Common_Elements/Lighting/Dir_Ramp_Lit_Med.obj
OBJECT_DEF lib/airport/Common_Elements/Lighting/Dir_Flood_Sm.obj
OBJECT_DEF lib/airport/Common_Elements/Parking/4space_wStop.obj
OBJECT_DEF lib/airport/Common_Elements/Fueling_Stations/Small_Fuel_Station.obj
OBJECT_DEF lib/airport/Common_Elements/Parking/Ticket_Dispense_Station.obj
OBJECT_DEF lib/airport/Common_Elements/Hangars/Sm_Gray_Hangar.agp
OBJECT_DEF lib/airport/Common_Elements/Misc_Buildings/Fire_Station_Lg.agp
OBJECT_DEF lib/g10/US/industrial/light/SiteOffice8x14.obj
OBJECT_DEF lib/airport/Common_Elements/Hangars/Long_Row_Beige.agp
OBJECT_DEF lib/airport/Common_Elements/Misc_Buildings/Small_Office_3.agp
OBJECT_DEF lib/airport/Common_Elements/Hangars/FBO_Modern1.agp
OBJECT_DEF lib/g10/forests/autogen_tree4.obj
OBJECT_DEF lib/airport/Common_Elements/Miscellaneous/Blue_Dumpster_w_wall.obj
OBJECT_DEF lib/airport/Common_Elements/Miscellaneous/AC_Ground_wFence.agp
OBJECT_DEF lib/g10/US/commercial/store_76.obj
OBJECT_DEF lib/airport/Common_Elements/Miscellaneous/Hangar_Construct.obj
OBJECT_DEF lib/airport/European_Airports/hangars/28x26x6.obj
OBJECT_DEF lib/airport/Common_Elements/Parking/20_Spaces_dual.obj
POLYGON_DEF lib/airport/lines/1_single_taxi.lin
POLYGON_DEF lib/airport/pavement/asphalt_1D.pol
POLYGON_DEF lib/airport/pavement/asphalt_3D.pol
POLYGON_DEF lib/airport/Common_Elements/Misc_Buildings/Cargo_Terminal.fac
POLYGON_DEF lib/airport/Common_Elements/Misc_Buildings/White_Office.fac
POLYGON_DEF lib/airport/Common_Elements/Fence_Facades/Fence.fac
PROPERTY sim/filter/aptid E25
PROPERTY sim/exclude_for -112.790517/33.971713/-112.784850/33.975141
PROPERTY sim/exclude_for -112.794594/33.969846/-112.790526/33.971970
PROPERTY sim/exclude_for -112.806772/33.967090/-112.794558/33.969974
PROPERTY sim/exclude_for -112.806502/33.964089/-112.797845/33.967159
PROPERTY sim/require_agpoint 1/0
PROPERTY sim/require_object 1/0
PROPERTY sim/require_facade 1/3
PROPERTY sim/require_facade 6/0
