PROPERTY sim/west -180
PROPERTY sim/east 180
PROPERTY sim/north 90
PROPERTY sim/south -90
PROPERTY sim/planet earth
PROPERTY sim/creation_agent WorldEditor1.4.1r1
PROPERTY laminar/internal_revision 0
PROPERTY sim/overlay 1
FILTER 0
BEGIN_POLYGON 0 255 2
BEGIN_WINDING
POLYGON_POINT 7.163828366 50.765815630
POLYGON_POINT 7.164174087 50.765366767
POLYGON_POINT 7.165284031 50.765165354
POLYGON_POINT 7.165738926 50.765550916
POLYGON_POINT 7.165238542 50.765855912
POLYGON_POINT 7.164565297 50.766011288
END_WINDING
END_POLYGON
BEGIN_POLYGON 0 255 2
BEGIN_WINDING
POLYGON_POINT 7.159190970 50.763840308
POLYGON_POINT 7.161901567 50.763571539
POLYGON_POINT 7.164333778 50.764730028
POLYGON_POINT 7.163615836 50.765786571
POLYGON_POINT 7.161623193 50.766426057
POLYGON_POINT 7.160187293 50.766787506
POLYGON_POINT 7.158839305 50.766843113
END_WINDING
END_POLYGON
BEGIN_POLYGON 0 255 2
BEGIN_WINDING
POLYGON_POINT 7.152366182 50.766063728
POLYGON_POINT 7.154287707 50.766918293
POLYGON_POINT 7.152075951 50.767266449
POLYGON_POINT 7.151245292 50.767120856
END_WINDING
END_POLYGON
BEGIN_POLYGON 1 0 4
BEGIN_WINDING
POLYGON_POINT 7.152778145 50.767315976 7.152778145 50.767315976
POLYGON_POINT 7.152739877 50.767344213 7.152739877 50.767344213
POLYGON_POINT 7.152692042 50.767412790 7.152682475 50.767457163
POLYGON_POINT 7.152795264 50.767455329 7.152795264 50.767455329
POLYGON_POINT 7.152903116 50.767409852 7.152903116 50.767409852
POLYGON_POINT 7.153242081 50.767413100 7.153242081 50.767413100
POLYGON_POINT 7.153324254 50.767458577 7.153324254 50.767458577
POLYGON_POINT 7.153786478 50.767442335 7.153786478 50.767442335
POLYGON_POINT 7.153997046 50.767422845 7.153997046 50.767422845
POLYGON_POINT 7.154746875 50.767328643 7.154746875 50.767328643
POLYGON_POINT 7.154942036 50.767289663 7.154988258 50.767266925
POLYGON_POINT 7.154947172 50.767224696 7.154947172 50.767224696
POLYGON_POINT 7.154798234 50.767088265 7.154767419 50.767072023
POLYGON_POINT 7.154577394 50.767062278 7.154577394 50.767062278
POLYGON_POINT 7.154248701 50.767078520 7.154248701 50.767078520
POLYGON_POINT 7.155044753 50.766890116 7.155044753 50.766890116
POLYGON_POINT 7.155029345 50.767010305 7.155029345 50.767010305
POLYGON_POINT 7.155132062 50.767195461 7.155152605 50.767218199
POLYGON_POINT 7.155229644 50.767221447 7.155229644 50.767221447
POLYGON_POINT 7.157561293 50.766782920 7.157561293 50.766782920
POLYGON_POINT 7.157787265 50.767098010 7.157787265 50.767098010
POLYGON_POINT 7.158413835 50.767049285 7.158413835 50.767049285
POLYGON_POINT 7.158496008 50.767166226 7.158496008 50.767166226
POLYGON_POINT 7.158680898 50.767136990 7.158680898 50.767136990
POLYGON_POINT 7.158626772 50.767032305 7.158626772 50.767032305
POLYGON_POINT 7.158618500 50.766425452 7.158618500 50.766425452
POLYGON_POINT 7.158105688 50.766430683 7.158097417 50.766430683
POLYGON_POINT 7.157981620 50.766022626 7.157981620 50.766022626
POLYGON_POINT 7.158684670 50.765944154 7.158684670 50.765944154
POLYGON_POINT 7.158768090 50.766970186 7.158768090 50.766970186
POLYGON_POINT 7.158845127 50.767106617 7.158917028 50.767161839
POLYGON_POINT 7.159065967 50.767165087 7.159065967 50.767165087
POLYGON_POINT 7.159848239 50.767154153 7.159848239 50.767154153
POLYGON_POINT 7.159790117 50.767087126 7.159790117 50.767087126
POLYGON_POINT 7.159255992 50.767083878 7.159255992 50.767083878
POLYGON_POINT 7.159240585 50.766966938 7.159240585 50.766966938
POLYGON_POINT 7.160144489 50.766950696 7.160144489 50.766950696
POLYGON_POINT 7.160329377 50.767119610 7.160329377 50.767119610
POLYGON_POINT 7.161572236 50.766560894 7.161572236 50.766560894
POLYGON_POINT 7.162065685 50.766667611 7.162065685 50.766667611
POLYGON_POINT 7.162162252 50.766654574 7.162162252 50.766654574
POLYGON_POINT 7.162515934 50.766504218 7.162695674 50.766509719
POLYGON_POINT 7.162904404 50.766680245 7.162904404 50.766680245
POLYGON_POINT 7.163600168 50.766418039 7.163600168 50.766418039
POLYGON_POINT 7.163762509 50.766386868 7.163762509 50.766386868
POLYGON_POINT 7.163840782 50.766396036 7.163840782 50.766396036
POLYGON_POINT 7.163788600 50.766276851 7.163788600 50.766276851
POLYGON_POINT 7.164365502 50.766212675 7.164365502 50.766212675
POLYGON_POINT 7.164498855 50.766304355 7.164498855 50.766304355
POLYGON_POINT 7.164930806 50.766210841 7.164930806 50.766210841
POLYGON_POINT 7.165238099 50.766146665 7.165238099 50.766146665
POLYGON_POINT 7.165309246 50.766136736 7.165309246 50.766136736
POLYGON_POINT 7.165793105 50.766134052 7.165911947 50.766136737
POLYGON_POINT 7.166077477 50.766083044 7.166077477 50.766083044
POLYGON_POINT 7.167405960 50.765701833 7.167405960 50.765701833
POLYGON_POINT 7.167405960 50.765623980 7.167405960 50.765623980
POLYGON_POINT 7.168080197 50.765431769 7.168080197 50.765431769
POLYGON_POINT 7.168102032 50.765460221 7.168102032 50.765460221
POLYGON_POINT 7.168467045 50.765406529 7.168467045 50.765406529
POLYGON_POINT 7.168541996 50.765514752 7.168541996 50.765514752
POLYGON_POINT 7.168581014 50.765603073 7.168581014 50.765603073
POLYGON_POINT 7.168501168 50.765623119 7.168501168 50.765623119
POLYGON_POINT 7.168452392 50.765543090 7.168431950 50.765518060
POLYGON_POINT 7.168362787 50.765529754 7.168362787 50.765529754
POLYGON_POINT 7.167951661 50.765621435 7.167951661 50.765621435
POLYGON_POINT 7.167914765 50.765651439 7.167905562 50.765671451
POLYGON_POINT 7.167914765 50.765683111 7.167914765 50.765683111
POLYGON_POINT 7.167956946 50.765738974 7.167956946 50.765738974
POLYGON_POINT 7.167889736 50.765753139 7.167889736 50.765753139
POLYGON_POINT 7.167809348 50.765673109 7.167790900 50.765664774
POLYGON_POINT 7.167727650 50.765671442 7.167727650 50.765671442
POLYGON_POINT 7.167469378 50.765749787 7.167469378 50.765749787
POLYGON_POINT 7.167458836 50.765771457 7.167458836 50.765773124
POLYGON_POINT 7.167499692 50.765836070 7.167499692 50.765836070
POLYGON_POINT 7.167450944 50.765847315 7.167450944 50.765847315
POLYGON_POINT 7.167395586 50.765788126 7.167395586 50.765788126
POLYGON_POINT 7.167344203 50.765776836 7.167344203 50.765776836
POLYGON_POINT 7.166100395 50.766124006 7.166100395 50.766124006
POLYGON_POINT 7.166135183 50.766177181 7.166135183 50.766177181
POLYGON_POINT 7.165451020 50.766336705 7.165451020 50.766336705
POLYGON_POINT 7.165375646 50.766202851 7.165375646 50.766202851
POLYGON_POINT 7.165268383 50.766191850 7.165268383 50.766191850
POLYGON_POINT 7.164949493 50.766254192 7.164949493 50.766254192
POLYGON_POINT 7.165017040 50.766374660 7.165017040 50.766374660
POLYGON_POINT 7.164934708 50.766393180 7.164934708 50.766393180
POLYGON_POINT 7.165071252 50.766624398 7.165071252 50.766624398
POLYGON_POINT 7.165002835 50.766640350 7.165002835 50.766640350
POLYGON_POINT 7.164868320 50.766406382 7.164868320 50.766406382
POLYGON_POINT 7.164732067 50.766439387 7.164732067 50.766439387
POLYGON_POINT 7.164662490 50.766322036 7.164662490 50.766322036
POLYGON_POINT 7.164611501 50.766334350 7.164611501 50.766334350
POLYGON_POINT 7.164669631 50.766443898 7.164669631 50.766443898
POLYGON_POINT 7.164572641 50.766464013 7.164572641 50.766464013
POLYGON_POINT 7.164480773 50.766393410 7.164424747 50.766372739
POLYGON_POINT 7.164364052 50.766372739 7.164364052 50.766372739
POLYGON_POINT 7.163929849 50.766434753 7.163929849 50.766434753
POLYGON_POINT 7.163742539 50.766437748 7.163742539 50.766437748
POLYGON_POINT 7.162334152 50.766945379 7.162334152 50.766945379
POLYGON_POINT 7.162114210 50.766733052 7.162029320 50.766706206
POLYGON_POINT 7.161574003 50.766737933 7.161334768 50.766752576
POLYGON_POINT 7.161161830 50.766865729 7.161161830 50.766865729
POLYGON_POINT 7.161525593 50.766911433 7.161525593 50.766911433
POLYGON_POINT 7.160416758 50.767311680 7.160416758 50.767311680
POLYGON_POINT 7.160223472 50.767196754 7.160223472 50.767196754
POLYGON_POINT 7.159640813 50.767211397 7.159640813 50.767211397
POLYGON_POINT 7.159712284 50.767438129 7.159712284 50.767438129
POLYGON_POINT 7.159562938 50.767464990 7.159562938 50.767464990
POLYGON_POINT 7.159467173 50.767413961 7.159467173 50.767413961
POLYGON_POINT 7.158880655 50.767426164 7.158880655 50.767426164
POLYGON_POINT 7.158876796 50.767582358 7.158876796 50.767582358
POLYGON_POINT 7.158469881 50.767786475 7.158469881 50.767786475
POLYGON_POINT 7.158345001 50.767759185 7.158345001 50.767759185
POLYGON_POINT 7.158722449 50.767387115 7.158722449 50.767387115
POLYGON_POINT 7.158745796 50.767232816 7.158745796 50.767232816
POLYGON_POINT 7.158671522 50.767187355 7.158666730 50.767185840
POLYGON_POINT 7.158467868 50.767237362 7.158467868 50.767237362
POLYGON_POINT 7.158479848 50.767266154 7.158479848 50.767266154
POLYGON_POINT 7.158532559 50.767279793 7.158532559 50.767279793
POLYGON_POINT 7.158400782 50.767534376 7.158400782 50.767534376
POLYGON_POINT 7.158034425 50.767640663 7.158034425 50.767640663
POLYGON_POINT 7.157967463 50.767502445 7.157967463 50.767502445
POLYGON_POINT 7.158302549 50.767428300 7.158302549 50.767428300
POLYGON_POINT 7.158233067 50.767293431 7.158233067 50.767293431
POLYGON_POINT 7.157929189 50.767352236 7.157929189 50.767352236
POLYGON_POINT 7.157894111 50.767287895 7.157894111 50.767287895
POLYGON_POINT 7.157802906 50.767294551 7.157781859 50.767294551
POLYGON_POINT 7.157729242 50.767262897 7.157729242 50.767262897
POLYGON_POINT 7.157665463 50.767274999 7.157665463 50.767274999
POLYGON_POINT 7.157617532 50.767167930 7.157617532 50.767167930
POLYGON_POINT 7.157691601 50.767152470 7.157691601 50.767152470
POLYGON_POINT 7.157585313 50.766937925 7.157585313 50.766937925
POLYGON_POINT 7.157510246 50.766879130 7.157510246 50.766879130
POLYGON_POINT 7.155504517 50.767233136 7.155504517 50.767233136
POLYGON_POINT 7.155285769 50.767277785 7.155285769 50.767277785
POLYGON_POINT 7.155209338 50.767302788 7.155172441 50.767319457
POLYGON_POINT 7.155182983 50.767364464 7.155182983 50.767364464
POLYGON_POINT 7.155209339 50.767422806 7.155209339 50.767422806
POLYGON_POINT 7.155132908 50.767444476 7.155132908 50.767444476
POLYGON_POINT 7.155085469 50.767391135 7.155085469 50.767391135
POLYGON_POINT 7.155003767 50.767359463 7.155003767 50.767359463
POLYGON_POINT 7.154634793 50.767409471 7.154634793 50.767409471
POLYGON_POINT 7.154582083 50.767386134 7.154564332 50.767383478
POLYGON_POINT 7.154292175 50.767429474 7.154292175 50.767429474
POLYGON_POINT 7.154015444 50.767461145 7.154015444 50.767461145
POLYGON_POINT 7.154025986 50.767516154 7.154025986 50.767516154
POLYGON_POINT 7.153841499 50.767531156 7.153841499 50.767531156
POLYGON_POINT 7.153815144 50.767477815 7.153815144 50.767477815
POLYGON_POINT 7.153332842 50.767497818 7.153332842 50.767497818
POLYGON_POINT 7.153314393 50.767619502 7.153314393 50.767619502
POLYGON_POINT 7.152666052 50.767609501 7.152666052 50.767609501
POLYGON_POINT 7.152655510 50.767714517 7.152655510 50.767714517
POLYGON_POINT 7.152560631 50.767707849 7.152560631 50.767707849
POLYGON_POINT 7.152579080 50.767441142 7.152579080 50.767441142
POLYGON_POINT 7.152550089 50.767397803 7.152526369 50.767382801
POLYGON_POINT 7.152463116 50.767374466 7.152463116 50.767374466
END_WINDING
END_POLYGON
FILTER -1
FILTER 0
FILTER -1
FILTER 0
FILTER -1
FILTER 0
FILTER -1
FILTER 0
FILTER -1
FILTER 0
OBJECT 0 7.158710313 50.768115141 165.289993
OBJECT 1 7.167043367 50.766423433 0.000000
OBJECT 1 7.166182906 50.766479565 0.000000
OBJECT 1 7.161656707 50.767469439 0.000000
OBJECT 1 7.160533483 50.767614873 0.000000
OBJECT 1 7.157834804 50.767777291 161.570007
OBJECT 2 7.153529114 50.768070718 185.710007
OBJECT 2 7.156078870 50.768088012 23.750000
OBJECT 2 7.161324113 50.767526487 29.360001
OBJECT 3 7.167894912 50.765509450 290.920013
OBJECT 4 7.158142790 50.767105313 98.529999
OBJECT 4 7.156536406 50.767567933 105.019997
OBJECT 5 7.162472301 50.766842213 124.699997
OBJECT 5 7.162771368 50.766605298 233.130005
OBJECT 6 7.165620617 50.766317980 17.719999
OBJECT 6 7.164113694 50.766238765 190.300003
OBJECT 7 7.151220214 50.767641583 327.790009
OBJECT 8 7.164539939 50.766192018 198.429993
OBJECT 8 7.165462519 50.766006435 198.039993
OBJECT 9 7.168380302 50.765812682 18.320000
OBJECT 9 7.167764846 50.765947819 17.280001
OBJECT 10 7.166796572 50.766475097 199.729996
OBJECT 11 7.165941940 50.766529555 198.710007
OBJECT 12 7.164649312 50.766759300 109.519997
OBJECT 13 7.164962553 50.766395879 18.690001
OBJECT 10 7.161109033 50.767389001 210.110001
OBJECT 10 7.161568212 50.767218164 210.110001
OBJECT 10 7.161967817 50.767071887 210.110001
OBJECT 14 7.159824093 50.767403645 211.699997
OBJECT 15 7.155480341 50.767584596 108.000000
OBJECT 16 7.161506440 50.767536434 29.639999
OBJECT 17 7.158883659 50.768256472 254.740005
OBJECT 17 7.158314033 50.768212176 82.650002
OBJECT 17 7.160261027 50.768020228 122.470001
OBJECT 18 7.169258023 50.766304510 283.390015
OBJECT 18 7.168103905 50.765744420 22.930000
OBJECT 18 7.166755553 50.766971898 12.260000
OBJECT 17 7.166732208 50.766759279 198.429993
OBJECT 17 7.166312011 50.767057536 25.559999
OBJECT 17 7.165630357 50.766700218 114.779999
OBJECT 17 7.164197011 50.767470962 23.750000
OBJECT 17 7.163758132 50.767597943 22.250000
OBJECT 17 7.162819676 50.767810562 28.889999
OBJECT 17 7.163365942 50.767680628 25.820000
OBJECT 17 7.162894379 50.767175658 303.690002
OBJECT 17 7.163221205 50.767072301 295.019989
OBJECT 17 7.163329188 50.767206377 293.640015
OBJECT 17 7.162633516 50.767370505 299.970001
OBJECT 17 7.162744717 50.767497107 295.820007
OBJECT 17 7.162478844 50.767243578 213.690002
OBJECT 17 7.162175363 50.767352840 201.250000
OBJECT 19 7.164426531 50.766449105 0.000000
OBJECT 19 7.164785380 50.766463748 0.000000
OBJECT 19 7.159697312 50.768079621 90.000000
OBJECT 19 7.159002425 50.768179670 135.000000
OBJECT 19 7.159138013 50.768008158 0.000000
OBJECT 19 7.159861147 50.767829498 0.000000
OBJECT 19 7.159211456 50.768229695 0.000000
OBJECT 19 7.158426177 50.768372622 0.000000
OBJECT 20 7.156773983 50.766751949 0.000000
OBJECT 20 7.157044677 50.766737682 90.000000
OBJECT 20 7.161962287 50.766547445 0.000000
OBJECT 20 7.163097660 50.766247823 0.000000
OBJECT 20 7.164345834 50.764554720 0.000000
OBJECT 20 7.167263147 50.765567728 0.000000
OBJECT 20 7.167428564 50.765543949 90.000000
OBJECT 20 7.167887218 50.765439319 180.000000
OBJECT 20 7.167676688 50.765486878 116.570000
OBJECT 20 7.166556368 50.765658091 108.440002
OBJECT 20 7.164924750 50.766005272 90.000000
OBJECT 20 7.159428194 50.767432044 0.000000
OBJECT 20 7.158931924 50.767441556 0.000000
OBJECT 20 7.159149982 50.767132422 0.000000
OBJECT 20 7.158992078 50.767075351 0.000000
OBJECT 20 7.158826655 50.766043319 0.000000
OBJECT 20 7.158826655 50.766428548 0.000000
OBJECT 20 7.158510847 50.766704390 0.000000
OBJECT 20 7.156593438 50.766618784 108.440002
OBJECT 20 7.156488169 50.766780485 45.000000
OBJECT 20 7.151645034 50.767293116 0.000000
OBJECT 20 7.152083915 50.767343318 0.000000
OBJECT 20 7.156444696 50.766918079 0.000000
OBJECT 20 7.155851742 50.766997812 90.000000
OBJECT 21 7.155468890 50.766991906 0.000000
OBJECT 21 7.154875937 50.767266539 0.000000
OBJECT 21 7.155380181 50.767431909 0.000000
OBJECT 21 7.156094527 50.766983046 0.000000
OBJECT 21 7.156332642 50.766729085 0.000000
OBJECT 21 7.156841555 50.766838347 251.559998
OBJECT 21 7.156827548 50.766602104 0.000000
OBJECT 21 7.157075001 50.766516465 90.000000
OBJECT 21 7.157373812 50.766743850 90.000000
OBJECT 21 7.158027461 50.767417144 0.000000
OBJECT 21 7.158536374 50.767606139 0.000000
OBJECT 21 7.158653098 50.767384660 0.000000
OBJECT 21 7.160894184 50.766732038 0.000000
OBJECT 21 7.160478653 50.766799958 116.570000
OBJECT 21 7.160375937 50.766965328 90.000000
OBJECT 21 7.161309715 50.766873784 90.000000
OBJECT 21 7.162374212 50.766392438 0.000000
OBJECT 21 7.162126765 50.766560761 0.000000
OBJECT 21 7.162355537 50.766758615 0.000000
OBJECT 21 7.162481595 50.766720225 0.000000
OBJECT 21 7.162687023 50.766519418 0.000000
OBJECT 21 7.163132999 50.766365769 0.000000
OBJECT 21 7.163280849 50.766209912 0.000000
OBJECT 21 7.163538860 50.766384105 0.000000
OBJECT 21 7.163747590 50.766323596 0.000000
OBJECT 21 7.164736145 50.766182408 135.000000
OBJECT 21 7.165052134 50.766024718 116.570000
OBJECT 21 7.164785427 50.766033886 0.000000
OBJECT 21 7.165701505 50.765889031 0.000000
OBJECT 21 7.165591343 50.765832189 0.000000
OBJECT 22 7.169535541 50.766417049 271.739990
OBJECT 22 7.168709156 50.765572479 329.739990
OBJECT 22 7.167630658 50.765767380 15.750000
OBJECT 22 7.166449445 50.766529265 21.370001
OBJECT 22 7.165595046 50.766576514 21.370001
OBJECT 22 7.164773328 50.766231008 18.430000
OBJECT 22 7.164703299 50.766490875 20.770000
OBJECT 22 7.162241648 50.766936289 25.770000
OBJECT 22 7.161354731 50.767284073 25.459999
OBJECT 22 7.160543300 50.767542159 23.959999
OBJECT 22 7.157984706 50.767793168 289.089996
OBJECT 22 7.157942685 50.767382695 232.309998
OBJECT 22 7.156626037 50.767618938 193.500000
OBJECT 22 7.155696909 50.767985116 284.040009
OBJECT 22 7.155216003 50.767654375 16.860001
OBJECT 22 7.151865301 50.768011258 92.730003
BEGIN_POLYGON 2 3 3
BEGIN_WINDING
POLYGON_POINT 7.168998943 50.765542408 2.000000000
POLYGON_POINT 7.169180710 50.765885293 2.000000000
POLYGON_POINT 7.169346532 50.765851004 2.000000000
POLYGON_POINT 7.169470899 50.766107159 2.000000000
POLYGON_POINT 7.169633533 50.766076905 2.000000000
POLYGON_POINT 7.169770655 50.766327009 2.000000000
POLYGON_POINT 7.169493222 50.766391552 3.000000000
POLYGON_POINT 7.169365666 50.766137414 2.000000000
POLYGON_POINT 7.169203032 50.766167668 3.000000000
POLYGON_POINT 7.169065910 50.765913530 2.000000000
POLYGON_POINT 7.168912843 50.765945802 3.000000000
POLYGON_POINT 7.168724698 50.765602917 2.000000000
END_WINDING
END_POLYGON
BEGIN_POLYGON 2 3 3
BEGIN_WINDING
POLYGON_POINT 7.166843253 50.765957903 3.000000000
POLYGON_POINT 7.167184465 50.765887310 3.000000000
POLYGON_POINT 7.167417255 50.766310873 3.000000000
POLYGON_POINT 7.167072854 50.766387518 3.000000000
END_WINDING
END_POLYGON
BEGIN_POLYGON 3 3 3
BEGIN_WINDING
POLYGON_POINT 7.159066597 50.767758486 1.000000000
POLYGON_POINT 7.159585534 50.767560456 2.000000000
POLYGON_POINT 7.159687002 50.767672306 2.000000000
POLYGON_POINT 7.159170965 50.767866668 2.000000000
END_WINDING
END_POLYGON
BEGIN_POLYGON 3 3 3
BEGIN_WINDING
POLYGON_POINT 7.159984246 50.767351952 2.000000000
POLYGON_POINT 7.160231199 50.767259211 2.000000000
POLYGON_POINT 7.160536031 50.767569159 2.000000000
POLYGON_POINT 7.160273644 50.767664340 2.000000000
END_WINDING
END_POLYGON
BEGIN_POLYGON 4 10 3
BEGIN_WINDING
POLYGON_POINT 7.155657729 50.767537699 1.000000000
POLYGON_POINT 7.155524197 50.767235602 1.000000000
POLYGON_POINT 7.157475821 50.766881532 1.000000000
POLYGON_POINT 7.157624760 50.767170635 0.000000000
END_WINDING
END_POLYGON
BEGIN_POLYGON 5 20 3
BEGIN_WINDING
POLYGON_POINT 7.151785294 50.767651391 1.000000000
POLYGON_POINT 7.152863826 50.767683874 1.000000000
POLYGON_POINT 7.152894641 50.767540947 1.000000000
POLYGON_POINT 7.153387684 50.767563686 1.000000000
POLYGON_POINT 7.153567439 50.767524705 1.000000000
POLYGON_POINT 7.153675293 50.767732600 1.000000000
POLYGON_POINT 7.155082521 50.767462987 1.000000000
POLYGON_POINT 7.155185238 50.767674129 0.000000000
POLYGON_POINT 7.153490400 50.767995716 0.000000000
POLYGON_POINT 7.151775015 50.767946991 1.000000000
END_WINDING
END_POLYGON
BEGIN_POLYGON 4 10 3
BEGIN_WINDING
POLYGON_POINT 7.155657728 50.767826802 1.000000000
POLYGON_POINT 7.157758298 50.767411013 1.000000000
POLYGON_POINT 7.157881559 50.767651391 0.000000000
POLYGON_POINT 7.156279168 50.767963232 1.000000000
POLYGON_POINT 7.155775853 50.768060683 1.000000000
END_WINDING
END_POLYGON
BEGIN_POLYGON 6 3 2
BEGIN_WINDING
POLYGON_POINT 7.153022267 50.765466026
POLYGON_POINT 7.153918369 50.765810700
POLYGON_POINT 7.154487514 50.766745151
POLYGON_POINT 7.154354310 50.766821746
POLYGON_POINT 7.152525778 50.766048143
END_WINDING
END_POLYGON
BEGIN_POLYGON 7 2 3
BEGIN_WINDING
POLYGON_POINT 7.156514010 50.768682810 0.000000000
POLYGON_POINT 7.152480900 50.769428672 0.000000000
POLYGON_POINT 7.151143778 50.768263808 0.000000000
POLYGON_POINT 7.151442074 50.767957229 0.000000000
POLYGON_POINT 7.151553934 50.767988673 0.000000000
POLYGON_POINT 7.151684439 50.767925785 0.000000000
POLYGON_POINT 7.151721726 50.767662442 0.000000000
POLYGON_POINT 7.151939233 50.767465917 0.000000000
POLYGON_POINT 7.152578844 50.767441235 3.000000000
POLYGON_POINT 7.152700607 50.767426567 0.000000000
POLYGON_POINT 7.152825268 50.767360557 0.000000000
POLYGON_POINT 7.154793742 50.767096517 0.000000000
END_WINDING
END_POLYGON
BEGIN_POLYGON 7 2 2
BEGIN_WINDING
POLYGON_POINT 7.167443774 50.765541923
POLYGON_POINT 7.168407575 50.765213333
POLYGON_POINT 7.169063779 50.765503011
POLYGON_POINT 7.170464287 50.766697006
POLYGON_POINT 7.175726703 50.769127136
POLYGON_POINT 7.171818383 50.770505835
POLYGON_POINT 7.166775985 50.771724381
POLYGON_POINT 7.164970383 50.771961127
POLYGON_POINT 7.155673325 50.772986273
POLYGON_POINT 7.155194760 50.771528057
POLYGON_POINT 7.153734269 50.771465169
POLYGON_POINT 7.154063651 50.770227061
POLYGON_POINT 7.153889634 50.769680722
POLYGON_POINT 7.152491343 50.769433100
END_WINDING
END_POLYGON
BEGIN_POLYGON 7 2 2
BEGIN_WINDING
POLYGON_POINT 7.158255752 50.768020357
POLYGON_POINT 7.158120479 50.768375514
POLYGON_POINT 7.157054093 50.768587368
END_WINDING
END_POLYGON
FILTER -1
OBJECT_DEF lib/airport/Common_Elements/Hangars/Med_Brown_Hangar.agp
OBJECT_DEF lib/airport/Common_Elements/Miscellaneous/Stack_of_Cones.obj
OBJECT_DEF lib/airport/Ramp_Equipment/GPU_1.obj
OBJECT_DEF lib/airport/Common_Elements/Vehicles/Cargo_Trailer.obj
OBJECT_DEF lib/cars/car_or_truck_static.obj
OBJECT_DEF lib/airport/Common_Elements/Parking_Items/Row_of_Cars_4.agp
OBJECT_DEF lib/airport/Common_Elements/Parking_Items/7_Single_Spaces.agp
OBJECT_DEF lib/airport/Common_Elements/Misc_Buildings/Small_Office_3.agp
OBJECT_DEF lib/airport/Common_Elements/Hangars/Sm_Gray_Hangar.agp
OBJECT_DEF lib/airport/Common_Elements/Hangars/Long_Row_Beige.agp
OBJECT_DEF lib/airport/Common_Elements/Hangars/Med_Gray_Hangar.agp
OBJECT_DEF lib/airport/Common_Elements/Hangars/Med_Orange_Hangar.agp
OBJECT_DEF lib/airport/Common_Elements/Fueling_Stations/Covered_Station.agp
OBJECT_DEF lib/airport/Modern_Airports/Control_Towers/Modern_Tower_3.agp
OBJECT_DEF lib/airport/Common_Elements/Hangars/Sm_Brown_Hangar.agp
OBJECT_DEF lib/airport/Common_Elements/Hangars/Sm_Blue_Hangar.agp
OBJECT_DEF lib/airport/Common_Elements/Misc_Buildings/Fire_Station_Sm.agp
OBJECT_DEF lib/airport/aircraft/GA/Cessna_172.obj
OBJECT_DEF lib/airport/aircraft/GA/Osprey_GP5.obj
OBJECT_DEF lib/airport/Common_Elements/Miscellaneous/Tree.obj
OBJECT_DEF lib/g10/forests/autogen_tree4.obj
OBJECT_DEF lib/g10/forests/autogen_tree3.obj
OBJECT_DEF lib/airport/Common_Elements/Lighting/Dir_Ramp_Lit_Short.obj
POLYGON_DEF lib/g10/forests/AG_temperate2.for
POLYGON_DEF lib/airport/pavement/asphalt_1D.pol
POLYGON_DEF lib/airport/Common_Elements/Misc_Buildings/White_Warehouse.fac
POLYGON_DEF lib/airport/Common_Elements/Misc_Buildings/White_Office.fac
POLYGON_DEF lib/airport/Common_Elements/Hangars/White_Hangar.fac
POLYGON_DEF lib/airport/Common_Elements/Hangars/Blue_Hangar.fac
POLYGON_DEF lib/airport/Common_Elements/Fence_Facades/Fenced_Parking.fac
POLYGON_DEF lib/airport/Common_Elements/Fence_Facades/Fence.fac
PROPERTY sim/filter/aptid EDKB
PROPERTY sim/exclude_obj 7.151603/50.766834/7.175555/50.772888
PROPERTY sim/exclude_fac 7.151603/50.766834/7.175555/50.772888
PROPERTY sim/exclude_for 7.151603/50.766834/7.175555/50.772888
PROPERTY sim/exclude_bch 7.151603/50.766834/7.175555/50.772888
PROPERTY sim/exclude_lin 7.151603/50.766834/7.175555/50.772888
PROPERTY sim/exclude_pol 7.151603/50.766834/7.175555/50.772888
PROPERTY sim/exclude_str 7.151603/50.766834/7.175555/50.772888
PROPERTY sim/exclude_net 7.168358/50.767410/7.171369/50.770679
PROPERTY sim/exclude_net 7.167164/50.765965/7.169266/50.767544
PROPERTY sim/exclude_net 7.163115/50.766834/7.168566/50.767509
PROPERTY sim/exclude_net 7.160286/50.767445/7.168929/50.771465
PROPERTY sim/exclude_net 7.151928/50.767838/7.155899/50.769497
PROPERTY sim/exclude_net 7.155795/50.768215/7.163920/50.772240
PROPERTY sim/exclude_obj 7.158710/50.765514/7.170935/50.768127
PROPERTY sim/exclude_fac 7.158710/50.765514/7.170935/50.768127
PROPERTY sim/exclude_for 7.158710/50.765514/7.170935/50.768127
PROPERTY sim/exclude_bch 7.158710/50.765514/7.170935/50.768127
PROPERTY sim/exclude_lin 7.158710/50.765514/7.170935/50.768127
PROPERTY sim/exclude_pol 7.158710/50.765514/7.170935/50.768127
PROPERTY sim/exclude_str 7.158710/50.765514/7.170935/50.768127
PROPERTY sim/require_agpoint 1/0
PROPERTY sim/require_object 1/0
PROPERTY sim/require_facade 1/2
PROPERTY sim/require_facade 6/0
