PROPERTY sim/west -180
PROPERTY sim/east 180
PROPERTY sim/north 90
PROPERTY sim/south -90
PROPERTY sim/planet earth
PROPERTY sim/creation_agent WorldEditor1.6.0r1
PROPERTY laminar/internal_revision 0
PROPERTY sim/overlay 1
FILTER 0
BEGIN_POLYGON 0 0 4
BEGIN_WINDING
POLYGON_POINT -2.596687390 49.431708709 -2.596687390 49.431708709
POLYGON_POINT -2.596687390 49.431708709 -2.596713383 49.431711124
POLYGON_POINT -2.596741232 49.431684560 -2.596754228 49.431670070
POLYGON_POINT -2.596715239 49.431635053 -2.596672537 49.431619356
POLYGON_POINT -2.596642830 49.431637468 -2.596609411 49.431645920
POLYGON_POINT -2.596607554 49.431653165 -2.596607554 49.431653165
POLYGON_POINT -2.596100694 49.431661617 -2.596100694 49.431661617
POLYGON_POINT -2.596070988 49.431644713 -2.596070988 49.431644713
POLYGON_POINT -2.595998580 49.431644713 -2.595998580 49.431644713
POLYGON_POINT -2.595955877 49.431666447 -2.595955877 49.431666447
POLYGON_POINT -2.595612400 49.431679730 -2.595612400 49.431679730
POLYGON_POINT -2.595565985 49.431651958 -2.595565985 49.431651958
POLYGON_POINT -2.595488006 49.431648335 -2.595488006 49.431648335
POLYGON_POINT -2.595378465 49.431715954 -2.595387748 49.431785988
POLYGON_POINT -2.595506218 49.431774890 -2.595535924 49.431772475
POLYGON_POINT -2.595586408 49.431760631 -2.595586408 49.431760631
POLYGON_POINT -2.595630091 49.431729196 -2.595630091 49.431729196
POLYGON_POINT -2.595967017 49.431718369 -2.595967017 49.431718369
POLYGON_POINT -2.596006006 49.431731651 -2.596006006 49.431731651
POLYGON_POINT -2.596061705 49.431730444 -2.596061705 49.431730444
POLYGON_POINT -2.596115719 49.431707524 -2.596115719 49.431707524
POLYGON_POINT -2.596615335 49.431697042 -2.596615335 49.431697042
POLYGON_POINT -2.596687390 49.431708709 -2.596713383 49.431711124
END_WINDING
END_POLYGON
BEGIN_POLYGON 1 0 4
BEGIN_WINDING
POLYGON_POINT -2.589705096 49.433890143 -2.589705096 49.433890143
POLYGON_POINT -2.588598192 49.434052708 -2.588598192 49.434052708
POLYGON_POINT -2.588664057 49.434078933 -2.588664057 49.434078933
POLYGON_POINT -2.588942288 49.434048519 -2.588960855 49.434048519
POLYGON_POINT -2.588978791 49.434060182 -2.588995436 49.434074997
POLYGON_POINT -2.589002229 49.434084239 -2.589002229 49.434084239
POLYGON_POINT -2.589049932 49.434297181 -2.589049932 49.434297181
POLYGON_POINT -2.589158254 49.434364213 -2.589158254 49.434364213
POLYGON_POINT -2.589103003 49.434219851 -2.589103003 49.434219851
POLYGON_POINT -2.589075152 49.434093066 -2.589082579 49.434077369
POLYGON_POINT -2.589136753 49.434032306 -2.589155320 49.434017816
POLYGON_POINT -2.589182841 49.434013372 -2.589182841 49.434013372
POLYGON_POINT -2.589706841 49.433928392 -2.589706841 49.433928392
POLYGON_POINT -2.589863879 49.433902924 -2.589863879 49.433902924
POLYGON_POINT -2.589945515 49.433889685 -2.589945515 49.433889685
END_WINDING
END_POLYGON
BEGIN_POLYGON 2 0 4
BEGIN_WINDING
POLYGON_POINT -2.589706841 49.433928392 -2.589706841 49.433928392
POLYGON_POINT -2.589808763 49.433963721 -2.589808763 49.433963721
POLYGON_POINT -2.589799737 49.434082791 -2.589799737 49.434082791
POLYGON_POINT -2.589817788 49.434295777 -2.589817788 49.434295777
POLYGON_POINT -2.589844867 49.434488638 -2.589852603 49.434512955
POLYGON_POINT -2.590004753 49.434940604 -2.590004753 49.434940604
POLYGON_POINT -2.590026673 49.434971629 -2.590053751 49.434981691
POLYGON_POINT -2.590065356 49.434974145 -2.590065356 49.434974145
POLYGON_POINT -2.590122090 49.434880230 -2.590122090 49.434880230
POLYGON_POINT -2.590072585 49.434869734 -2.590037771 49.434858833
POLYGON_POINT -2.590033497 49.434851098 -2.590033497 49.434851098
POLYGON_POINT -2.589959624 49.434642088 -2.589915784 49.434575006
POLYGON_POINT -2.589871945 49.434318417 -2.589871945 49.434318417
POLYGON_POINT -2.589863879 49.433902924 -2.589863879 49.433902924
END_WINDING
END_POLYGON
BEGIN_POLYGON 3 0 4
BEGIN_WINDING
POLYGON_POINT -2.596865273 49.431662791 -2.596865273 49.431662791
POLYGON_POINT -2.596865273 49.431662791 -2.596865273 49.431550496
POLYGON_POINT -2.596724170 49.431540836 -2.596724170 49.431540836
POLYGON_POINT -2.596098487 49.431554118 -2.596098487 49.431554118
POLYGON_POINT -2.596040932 49.431579475 -2.596040932 49.431579475
POLYGON_POINT -2.596000086 49.431580683 -2.596000086 49.431580683
POLYGON_POINT -2.595936961 49.431566193 -2.595936961 49.431566193
POLYGON_POINT -2.595506339 49.431581989 -2.595506339 49.431581989
POLYGON_POINT -2.595467540 49.431549477 -2.595467540 49.431549477
POLYGON_POINT -2.595341442 49.431556755 -2.595341442 49.431556755
POLYGON_POINT -2.595359350 49.431649440 -2.595359350 49.431649440
POLYGON_POINT -2.595259635 49.431655643 -2.595259635 49.431655643
POLYGON_POINT -2.595260185 49.431721419 -2.595260185 49.431721419
POLYGON_POINT -2.595288361 49.431803327 -2.595288361 49.431803327
POLYGON_POINT -2.595293218 49.431817885 -2.595293218 49.431817885
POLYGON_POINT -2.595506731 49.431805810 -2.595506731 49.431805810
POLYGON_POINT -2.595540769 49.431827947 -2.595540769 49.431827947
POLYGON_POINT -2.596227723 49.431805810 -2.596227723 49.431805810
POLYGON_POINT -2.596725919 49.431787698 -2.596725919 49.431787698
POLYGON_POINT -2.596865273 49.431662791 -2.596865273 49.431550496
END_WINDING
END_POLYGON
BEGIN_POLYGON 4 0 2
BEGIN_WINDING
POLYGON_POINT -2.598311781 49.432053931
POLYGON_POINT -2.597723060 49.432068939
POLYGON_POINT -2.597766112 49.432771395
POLYGON_POINT -2.597788260 49.433125307
POLYGON_POINT -2.598366220 49.433112933
END_WINDING
END_POLYGON
BEGIN_POLYGON 3 0 4
BEGIN_WINDING
POLYGON_POINT -2.597281235 49.433237041 -2.597281235 49.433237041
POLYGON_POINT -2.597351538 49.433227574 -2.597351538 49.433227574
POLYGON_POINT -2.597394610 49.433226428 -2.597394610 49.433226428
POLYGON_POINT -2.598601277 49.433194346 -2.598601277 49.433194346
POLYGON_POINT -2.598849469 49.433187747 -2.598849469 49.433187747
POLYGON_POINT -2.599047858 49.433182473 -2.599047858 49.433182473
POLYGON_POINT -2.599043793 49.433072355 -2.599043793 49.433072355
POLYGON_POINT -2.598916193 49.433096067 -2.598889077 49.433087254
POLYGON_POINT -2.598840568 49.433033648 -2.598840568 49.433033648
POLYGON_POINT -2.598818202 49.432642583 -2.598818202 49.432642583
POLYGON_POINT -2.598915277 49.432575500 -2.598948477 49.432563942
POLYGON_POINT -2.599070959 49.432536350 -2.599070959 49.432536350
POLYGON_POINT -2.599060999 49.432415158 -2.599060999 49.432415158
POLYGON_POINT -2.598815132 49.432461529 -2.598815132 49.432461529
POLYGON_POINT -2.598789166 49.432150332 -2.598789166 49.432150332
POLYGON_POINT -2.599422423 49.432117740 -2.599422423 49.432117740
POLYGON_POINT -2.599412588 49.432213681 -2.599412588 49.432213681
POLYGON_POINT -2.599461761 49.432208884 -2.599461761 49.432208884
POLYGON_POINT -2.599472665 49.432194231 -2.599479303 49.432187462
POLYGON_POINT -2.599472665 49.432194231 -2.599472665 49.432194231
POLYGON_POINT -2.599472665 49.432194231 -2.599476867 49.432189946
POLYGON_POINT -2.599487247 49.432184647 -2.599492139 49.432182890
POLYGON_POINT -2.599487247 49.432184647 -2.599487247 49.432184647
POLYGON_POINT -2.599487247 49.432184647 -2.599498450 49.432180294
POLYGON_POINT -2.599935331 49.432170593 -2.600100952 49.432166683
POLYGON_POINT -2.599935331 49.432170593 -2.599935331 49.432170593
POLYGON_POINT -2.599935331 49.432170593 -2.600008344 49.432168869
POLYGON_POINT -2.600060639 49.432167643 -2.600060639 49.432167643
POLYGON_POINT -2.600169856 49.432120938 -2.600169856 49.432120938
POLYGON_POINT -2.600164938 49.432101750 -2.600164938 49.432101750
POLYGON_POINT -2.600071509 49.432111344 -2.600056757 49.432111344
POLYGON_POINT -2.599980539 49.432101750 -2.599980539 49.432101750
POLYGON_POINT -2.599965013 49.432033340 -2.599965013 49.432033340
POLYGON_POINT -2.599661311 49.432050922 -2.599661311 49.432050922
POLYGON_POINT -2.599636326 49.431746768 -2.599636326 49.431746768
POLYGON_POINT -2.599117549 49.431759560 -2.599117549 49.431759560
POLYGON_POINT -2.599112631 49.431849105 -2.599112631 49.431849105
POLYGON_POINT -2.597986566 49.431898674 -2.597986566 49.431898674
POLYGON_POINT -2.597905431 49.431905071 -2.597821837 49.431913066
POLYGON_POINT -2.597802167 49.431932254 -2.597760370 49.431956239
POLYGON_POINT -2.597721032 49.431996215 -2.597716115 49.432018601
POLYGON_POINT -2.597766112 49.432771395 -2.597766112 49.432771395
POLYGON_POINT -2.597721031 49.432818111 -2.597701361 49.432819710
POLYGON_POINT -2.597721031 49.432818111 -2.597721031 49.432818111
POLYGON_POINT -2.597721031 49.432818111 -2.597714967 49.432818604
POLYGON_POINT -2.597684576 49.432823347 -2.597669066 49.432825685
POLYGON_POINT -2.597684576 49.432823347 -2.597684576 49.432823347
POLYGON_POINT -2.597684576 49.432823347 -2.597649778 49.432828593
POLYGON_POINT -2.597605472 49.432835700 -2.597605472 49.432835700
POLYGON_POINT -2.597604695 49.432810693 -2.597604695 49.432810693
POLYGON_POINT -2.597262166 49.432792167 -2.597262166 49.432792167
END_WINDING
END_POLYGON
BEGIN_POLYGON 3 0 4
BEGIN_WINDING
POLYGON_POINT -2.591229786 49.433790096 -2.591229786 49.433790096
POLYGON_POINT -2.590811204 49.433780278 -2.590811204 49.433780278
POLYGON_POINT -2.590841535 49.433035863 -2.590841535 49.433035863
POLYGON_POINT -2.589904652 49.433020904 -2.589904652 49.433020904
POLYGON_POINT -2.589651948 49.433022014 -2.589651948 49.433022014
POLYGON_POINT -2.589595602 49.433040891 -2.589595602 49.433040891
POLYGON_POINT -2.589639996 49.433105296 -2.589672438 49.433124173
POLYGON_POINT -2.589710002 49.433115290 -2.589710002 49.433115290
POLYGON_POINT -2.589716832 49.433159707 -2.589716832 49.433159707
POLYGON_POINT -2.589899529 49.433156376 -2.589899529 49.433156376
POLYGON_POINT -2.589901938 49.433192271 -2.589901938 49.433192271
POLYGON_POINT -2.589693044 49.433185363 -2.589693044 49.433185363
POLYGON_POINT -2.589556948 49.433104229 -2.589556948 49.433104229
POLYGON_POINT -2.588932657 49.433320466 -2.588932657 49.433320466
POLYGON_POINT -2.588903498 49.433413319 -2.588903498 49.433413319
POLYGON_POINT -2.588885795 49.433507725 -2.588885795 49.433507725
POLYGON_POINT -2.588783118 49.433887652 -2.588783118 49.433887652
POLYGON_POINT -2.590878819 49.433893327 -2.590878819 49.433893327
POLYGON_POINT -2.591093960 49.433907763 -2.591134939 49.433901100
POLYGON_POINT -2.591175919 49.433875560 -2.591211776 49.433860014
POLYGON_POINT -2.591227041 49.433834275 -2.591227041 49.433834275
END_WINDING
END_POLYGON
BEGIN_POLYGON 5 0 4
BEGIN_WINDING
POLYGON_POINT -2.599159498 49.432796154 -2.599159498 49.432796154
POLYGON_POINT -2.599159498 49.432796154 -2.599161547 49.432785494
POLYGON_POINT -2.599186134 49.432742854 -2.599199125 49.432728196
POLYGON_POINT -2.599282434 49.432673563 -2.599308852 49.432662856
POLYGON_POINT -2.599379213 49.432670945 -2.599425351 49.432677513
POLYGON_POINT -2.599601033 49.432696736 -2.599601033 49.432696736
POLYGON_POINT -2.599665586 49.432748184 -2.599665586 49.432748184
POLYGON_POINT -2.599675831 49.433279858 -2.599675831 49.433279858
POLYGON_POINT -2.599633029 49.433319980 -2.599633029 49.433319980
POLYGON_POINT -2.600317374 49.433301325 -2.600317374 49.433301325
POLYGON_POINT -2.600249604 49.433244405 -2.600249604 49.433244405
POLYGON_POINT -2.600251522 49.433132886 -2.600251522 49.433132886
POLYGON_POINT -2.600280295 49.433067491 -2.600305079 49.433045757
POLYGON_POINT -2.600334558 49.433035810 -2.600334558 49.433035810
POLYGON_POINT -2.600550199 49.433031838 -2.600550199 49.433031838
POLYGON_POINT -2.600551273 49.432895823 -2.600551273 49.432895823
POLYGON_POINT -2.599955824 49.432904101 -2.599955824 49.432904101
POLYGON_POINT -2.599959518 49.432770115 -2.599959518 49.432770115
POLYGON_POINT -2.599935331 49.432170593 -2.599935331 49.432170593
POLYGON_POINT -2.599487247 49.432184647 -2.599474420 49.432190069
POLYGON_POINT -2.599461761 49.432208884 -2.599454706 49.432220145
POLYGON_POINT -2.599461761 49.432208884 -2.599461761 49.432208884
POLYGON_POINT -2.599461761 49.432208884 -2.599459324 49.432209259
POLYGON_POINT -2.599412588 49.432213681 -2.599412588 49.432213681
POLYGON_POINT -2.599215481 49.432219444 -2.599215481 49.432219444
POLYGON_POINT -2.599068254 49.432225871 -2.599068254 49.432225871
POLYGON_POINT -2.599077219 49.432368394 -2.599082297 49.432390932
POLYGON_POINT -2.599060999 49.432415158 -2.599060999 49.432415158
POLYGON_POINT -2.599070959 49.432536350 -2.599070959 49.432536350
POLYGON_POINT -2.599090980 49.432684052 -2.599090980 49.432684052
POLYGON_POINT -2.599048491 49.432768234 -2.599041574 49.432784942
POLYGON_POINT -2.599037622 49.432802935 -2.599037622 49.432802935
POLYGON_POINT -2.599043793 49.433072355 -2.599043793 49.433072355
POLYGON_POINT -2.599047858 49.433182473 -2.599047858 49.433182473
POLYGON_POINT -2.599178148 49.433182284 -2.599178148 49.433182284
POLYGON_POINT -2.599159498 49.432796154 -2.599161547 49.432785494
END_WINDING
END_POLYGON
BEGIN_POLYGON 6 0 4
BEGIN_WINDING
POLYGON_POINT -2.601306523 49.433237608 -2.601306523 49.433237608
POLYGON_POINT -2.601306523 49.433237608 -2.601301248 49.433222513
POLYGON_POINT -2.601292186 49.433182987 -2.601292186 49.433182987
POLYGON_POINT -2.601282746 49.433033876 -2.601282746 49.433033876
POLYGON_POINT -2.601304308 49.432996884 -2.601318264 49.432984146
POLYGON_POINT -2.601333528 49.432979304 -2.601333528 49.432979304
POLYGON_POINT -2.601484416 49.432971912 -2.601484416 49.432971912
POLYGON_POINT -2.601494637 49.432746478 -2.601494637 49.432746478
POLYGON_POINT -2.600934587 49.432747901 -2.600934587 49.432747901
POLYGON_POINT -2.600945526 49.432988348 -2.600945526 49.432988348
POLYGON_POINT -2.601105227 49.432989770 -2.601105227 49.432989770
POLYGON_POINT -2.601157511 49.433000226 -2.601175504 49.433008950
POLYGON_POINT -2.601181950 49.433030611 -2.601181950 49.433030611
POLYGON_POINT -2.601194608 49.433235590 -2.601194608 49.433235590
POLYGON_POINT -2.601153667 49.433264376 -2.601126208 49.433271124
POLYGON_POINT -2.601091161 49.433273760 -2.601091161 49.433273760
POLYGON_POINT -2.601340265 49.433263763 -2.601340265 49.433263763
POLYGON_POINT -2.601306523 49.433237608 -2.601301248 49.433222513
END_WINDING
END_POLYGON
BEGIN_POLYGON 6 0 4
BEGIN_WINDING
POLYGON_POINT -2.595260185 49.431721419 -2.595260185 49.431721419
POLYGON_POINT -2.595259635 49.431655643 -2.595259635 49.431655643
POLYGON_POINT -2.595257727 49.431427199 -2.595257727 49.431427199
POLYGON_POINT -2.595247488 49.431366316 -2.595247488 49.431366316
POLYGON_POINT -2.595333120 49.431362966 -2.595333120 49.431362966
POLYGON_POINT -2.595292763 49.431228159 -2.595292763 49.431228159
POLYGON_POINT -2.595385953 49.431130083 -2.595385953 49.431130083
POLYGON_POINT -2.595339835 49.431121849 -2.595339835 49.431121849
POLYGON_POINT -2.595266701 49.431176910 -2.595266701 49.431176910
POLYGON_POINT -2.595220659 49.431180340 -2.595220659 49.431180340
POLYGON_POINT -2.595126281 49.431142852 -2.595126281 49.431142852
POLYGON_POINT -2.595090965 49.431160652 -2.595090965 49.431160652
POLYGON_POINT -2.594775880 49.431232225 -2.594775880 49.431232225
POLYGON_POINT -2.594817633 49.431364838 -2.594817633 49.431364838
POLYGON_POINT -2.594792383 49.431418408 -2.594792383 49.431418408
POLYGON_POINT -2.594828360 49.431559621 -2.594828360 49.431559621
POLYGON_POINT -2.594770919 49.431574309 -2.594770919 49.431574309
POLYGON_POINT -2.594687326 49.431486363 -2.594687326 49.431486363
POLYGON_POINT -2.594623402 49.431518344 -2.594623402 49.431518344
POLYGON_POINT -2.594436171 49.431539651 -2.594436171 49.431539651
POLYGON_POINT -2.594393140 49.431514504 -2.594393140 49.431514504
POLYGON_POINT -2.594229004 49.431490162 -2.594229004 49.431490162
POLYGON_POINT -2.594135221 49.431388540 -2.594135221 49.431388540
POLYGON_POINT -2.594075126 49.431400016 -2.594075126 49.431400016
POLYGON_POINT -2.593590775 49.431259302 -2.593590775 49.431259302
POLYGON_POINT -2.593217065 49.431176153 -2.593148223 49.431188945
POLYGON_POINT -2.593067089 49.431209733 -2.593049879 49.431219327
POLYGON_POINT -2.593020400 49.431251729 -2.592977915 49.431287649
POLYGON_POINT -2.592901443 49.431478304 -2.592901443 49.431478304
POLYGON_POINT -2.593139357 49.431563960 -2.593139357 49.431563960
POLYGON_POINT -2.593177593 49.431851323 -2.593177593 49.431851323
POLYGON_POINT -2.593457991 49.431887244 -2.593457991 49.431887244
POLYGON_POINT -2.593436775 49.432310945 -2.593436775 49.432310945
POLYGON_POINT -2.592943545 49.432331380 -2.592943545 49.432331380
POLYGON_POINT -2.592849932 49.432333894 -2.592849932 49.432333894
POLYGON_POINT -2.592814527 49.432472049 -2.592764370 49.432514263
POLYGON_POINT -2.592678807 49.432529614 -2.592678807 49.432529614
POLYGON_POINT -2.592478178 49.432512344 -2.592478178 49.432512344
POLYGON_POINT -2.592433922 49.432675444 -2.592433922 49.432675444
POLYGON_POINT -2.592289351 49.432681201 -2.592289351 49.432681201
POLYGON_POINT -2.592287654 49.432303991 -2.592287654 49.432303991
POLYGON_POINT -2.591451536 49.432151467 -2.591451536 49.432151467
POLYGON_POINT -2.591257802 49.432721773 -2.591257802 49.432721773
POLYGON_POINT -2.591201721 49.433046714 -2.591201721 49.433046714
POLYGON_POINT -2.591588488 49.433058119 -2.591588488 49.433058119
POLYGON_POINT -2.591573736 49.433194035 -2.591573736 49.433194035
POLYGON_POINT -2.592085147 49.433190837 -2.592085147 49.433190837
POLYGON_POINT -2.592104817 49.433106089 -2.592104817 49.433106089
POLYGON_POINT -2.592156450 49.433141268 -2.592156450 49.433141268
POLYGON_POINT -2.592276888 49.432952541 -2.592286890 49.432936008
POLYGON_POINT -2.592276888 49.432952541 -2.592276888 49.432952541
POLYGON_POINT -2.592276888 49.432952541 -2.592296845 49.432955772
POLYGON_POINT -2.592473623 49.432971772 -2.592473623 49.432971772
POLYGON_POINT -2.592471164 49.433021341 -2.592471164 49.433021341
POLYGON_POINT -2.592439201 49.433029336 -2.592439201 49.433029336
POLYGON_POINT -2.592436742 49.433053322 -2.592436742 49.433053322
POLYGON_POINT -2.592340853 49.433064515 -2.592340853 49.433064515
POLYGON_POINT -2.592345770 49.433096495 -2.592345770 49.433096495
POLYGON_POINT -2.593137436 49.433074077 -2.593137436 49.433074077
POLYGON_POINT -2.593127903 49.432809162 -2.593127903 49.432809162
POLYGON_POINT -2.593311478 49.432801237 -2.593311478 49.432801237
POLYGON_POINT -2.593318130 49.432694249 -2.593373544 49.432685116
POLYGON_POINT -2.593452152 49.432665923 -2.593452152 49.432665923
POLYGON_POINT -2.595049802 49.432613149 -2.595049802 49.432613149
POLYGON_POINT -2.595335133 49.432397427 -2.595335133 49.432397427
POLYGON_POINT -2.595118457 49.432286903 -2.595118457 49.432286903
POLYGON_POINT -2.595092966 49.431844806 -2.595092966 49.431833754
POLYGON_POINT -2.595092966 49.431844806 -2.595092966 49.431844806
POLYGON_POINT -2.595092966 49.431844806 -2.595116373 49.431839406
POLYGON_POINT -2.595288399 49.431803359 -2.595292648 49.431803359
END_WINDING
END_POLYGON
BEGIN_POLYGON 7 0 4
BEGIN_WINDING
POLYGON_POINT -2.591643710 49.433507605 -2.591643710 49.433507605
POLYGON_POINT -2.597175419 49.433344698 -2.597175419 49.433344698
POLYGON_POINT -2.597193571 49.433329254 -2.597193571 49.433329254
POLYGON_POINT -2.597285068 49.433330375 -2.597285068 49.433330375
POLYGON_POINT -2.597281235 49.433237041 -2.597281235 49.433237041
POLYGON_POINT -2.597262166 49.432792167 -2.597262166 49.432792167
POLYGON_POINT -2.597604695 49.432810693 -2.597604695 49.432810693
POLYGON_POINT -2.597587456 49.432474569 -2.597587456 49.432474569
POLYGON_POINT -2.597425305 49.432473958 -2.597425305 49.432473958
POLYGON_POINT -2.597344037 49.432474867 -2.597344037 49.432474867
POLYGON_POINT -2.597311151 49.432041623 -2.597311151 49.432041623
POLYGON_POINT -2.597306422 49.431978850 -2.597306422 49.431978850
POLYGON_POINT -2.597278484 49.431978513 -2.597278484 49.431978513
POLYGON_POINT -2.596976026 49.431974839 -2.596976026 49.431974839
POLYGON_POINT -2.596924909 49.431578789 -2.596924909 49.431578789
POLYGON_POINT -2.596749543 49.431498839 -2.596749543 49.431498839
POLYGON_POINT -2.595528646 49.431525274 -2.595528646 49.431525274
POLYGON_POINT -2.595515678 49.431424659 -2.595515678 49.431424659
POLYGON_POINT -2.595257727 49.431427199 -2.595257727 49.431427199
POLYGON_POINT -2.595260185 49.431721419 -2.595260185 49.431721419
POLYGON_POINT -2.595288361 49.431803327 -2.595288361 49.431803327
POLYGON_POINT -2.595092928 49.431844774 -2.595092928 49.431844774
POLYGON_POINT -2.595118457 49.432286903 -2.595118457 49.432286903
POLYGON_POINT -2.595335133 49.432397427 -2.595335133 49.432397427
POLYGON_POINT -2.595049802 49.432613149 -2.595049802 49.432613149
POLYGON_POINT -2.593452152 49.432665923 -2.593452152 49.432665923
POLYGON_POINT -2.593317558 49.432693775 -2.593256379 49.432709690
POLYGON_POINT -2.593311440 49.432801205 -2.593311440 49.432801205
POLYGON_POINT -2.593127903 49.432809162 -2.593127903 49.432809162
POLYGON_POINT -2.593137436 49.433074077 -2.593137436 49.433074077
POLYGON_POINT -2.592345770 49.433096495 -2.592345770 49.433096495
POLYGON_POINT -2.592340853 49.433064515 -2.592340853 49.433064515
POLYGON_POINT -2.592436742 49.433053332 -2.592436742 49.433053332
POLYGON_POINT -2.592439201 49.433029346 -2.592439201 49.433029346
POLYGON_POINT -2.592471164 49.433021351 -2.592471164 49.433021351
POLYGON_POINT -2.592473623 49.432971782 -2.592473623 49.432971782
POLYGON_POINT -2.592276888 49.432952551 -2.592276888 49.432952551
POLYGON_POINT -2.592156450 49.433141268 -2.592156450 49.433141268
POLYGON_POINT -2.592104817 49.433106089 -2.592104817 49.433106089
POLYGON_POINT -2.592085147 49.433190837 -2.592085147 49.433190837
POLYGON_POINT -2.591573736 49.433194035 -2.591573736 49.433194035
POLYGON_POINT -2.591588488 49.433058119 -2.591588488 49.433058119
POLYGON_POINT -2.591201721 49.433046714 -2.591201721 49.433046714
POLYGON_POINT -2.590841535 49.433035863 -2.590841535 49.433035863
POLYGON_POINT -2.590811204 49.433780278 -2.590811204 49.433780278
POLYGON_POINT -2.591229786 49.433790096 -2.591229786 49.433790096
POLYGON_POINT -2.591227041 49.433834275 -2.591227041 49.433834275
POLYGON_POINT -2.591490137 49.433836061 -2.591490137 49.433836061
POLYGON_POINT -2.591594008 49.433840688 -2.591618197 49.433844389
POLYGON_POINT -2.591630821 49.433846708 -2.591630821 49.433846708
END_WINDING
END_POLYGON
BEGIN_POLYGON 6 0 4
BEGIN_WINDING
POLYGON_POINT -2.599633029 49.433319980 -2.599633029 49.433319980
POLYGON_POINT -2.599583224 49.433295415 -2.599583224 49.433295415
POLYGON_POINT -2.599577949 49.433279405 -2.599578828 49.433273687
POLYGON_POINT -2.599580587 49.433143322 -2.599580587 49.433143322
POLYGON_POINT -2.599628063 49.433074709 -2.599628063 49.433074709
POLYGON_POINT -2.599628942 49.433019819 -2.599628942 49.433019819
POLYGON_POINT -2.599646526 49.432978651 -2.599646526 49.432978651
POLYGON_POINT -2.599640372 49.432959211 -2.599640372 49.432959211
POLYGON_POINT -2.599395078 49.432965500 -2.599395078 49.432965500
POLYGON_POINT -2.599391561 49.433072994 -2.599391561 49.433072994
POLYGON_POINT -2.599443432 49.433141035 -2.599443432 49.433141035
POLYGON_POINT -2.599453103 49.433303419 -2.599453103 49.433303419
POLYGON_POINT -2.599436241 49.433325256 -2.599436241 49.433325256
END_WINDING
END_POLYGON
BEGIN_POLYGON 8 0 4
BEGIN_WINDING
POLYGON_POINT -2.610093383 49.433484544 -2.610093383 49.433484544
POLYGON_POINT -2.610279251 49.433390300 -2.610298741 49.433380114
POLYGON_POINT -2.610351708 49.433382105 -2.610351708 49.433382105
POLYGON_POINT -2.611073128 49.433357520 -2.611073128 49.433357520
POLYGON_POINT -2.611182534 49.433357903 -2.611182534 49.433357903
POLYGON_POINT -2.611389457 49.433379646 -2.611463036 49.433381713
POLYGON_POINT -2.611525714 49.433366632 -2.611525714 49.433366632
POLYGON_POINT -2.611775816 49.433306524 -2.611775816 49.433306524
POLYGON_POINT -2.612537437 49.433301714 -2.612537437 49.433301714
POLYGON_POINT -2.612882139 49.433332210 -2.612882139 49.433332210
POLYGON_POINT -2.612718419 49.433279702 -2.612647537 49.433267751
POLYGON_POINT -2.612530356 49.433265625 -2.612530356 49.433265625
POLYGON_POINT -2.611752110 49.433271679 -2.611752110 49.433271679
POLYGON_POINT -2.611648386 49.433283901 -2.611630450 49.433285273
POLYGON_POINT -2.611558470 49.433312215 -2.611558470 49.433312215
POLYGON_POINT -2.611404705 49.433349491 -2.611387824 49.433350863
POLYGON_POINT -2.611374109 49.433350177 -2.611374109 49.433350177
POLYGON_POINT -2.611176239 49.433325003 -2.611176239 49.433325003
POLYGON_POINT -2.610836074 49.433322920 -2.610836074 49.433322920
POLYGON_POINT -2.610803332 49.433295698 -2.610803332 49.433295698
POLYGON_POINT -2.610769571 49.433300089 -2.610769571 49.433300089
POLYGON_POINT -2.610776956 49.433321222 -2.610776956 49.433321222
POLYGON_POINT -2.610282143 49.433350863 -2.610282143 49.433350863
POLYGON_POINT -2.610266317 49.433339199 -2.610266317 49.433339199
POLYGON_POINT -2.610240997 49.433352922 -2.610240997 49.433352922
POLYGON_POINT -2.610253657 49.433362527 -2.610253657 49.433362527
POLYGON_POINT -2.610010459 49.433470860 -2.610010459 49.433470860
POLYGON_POINT -2.609891132 49.433540862 -2.609891132 49.433540862
POLYGON_POINT -2.610079335 49.433535377 -2.610079335 49.433535377
END_WINDING
END_POLYGON
BEGIN_POLYGON 6 0 4
BEGIN_WINDING
POLYGON_POINT -2.598963319 49.433321524 -2.598963319 49.433321524
POLYGON_POINT -2.598963319 49.433321524 -2.598962053 49.433320701
POLYGON_POINT -2.598869632 49.433247421 -2.598845577 49.433216133
POLYGON_POINT -2.598849469 49.433187747 -2.598849469 49.433187747
POLYGON_POINT -2.598601277 49.433194346 -2.598601277 49.433194346
POLYGON_POINT -2.598605029 49.433240011 -2.598605029 49.433246598
POLYGON_POINT -2.598574644 49.433282826 -2.598554387 49.433304233
POLYGON_POINT -2.598514580 49.433326310 -2.598496855 49.433335367
POLYGON_POINT -2.598410478 49.433351692 -2.598410478 49.433351692
POLYGON_POINT -2.599036296 49.433335704 -2.599036296 49.433335704
POLYGON_POINT -2.598963319 49.433321524 -2.598962053 49.433320701
END_WINDING
END_POLYGON
BEGIN_POLYGON 6 0 4
BEGIN_WINDING
POLYGON_POINT -2.599206340 49.433321524 -2.599206340 49.433321524
POLYGON_POINT -2.599206340 49.433321524 -2.599201276 49.433318231
POLYGON_POINT -2.599192473 49.433309997 -2.599192473 49.433309997
POLYGON_POINT -2.599178148 49.433182284 -2.599178148 49.433182284
POLYGON_POINT -2.599047858 49.433182473 -2.599047858 49.433182473
POLYGON_POINT -2.599071429 49.433238864 -2.599076197 49.433264719
POLYGON_POINT -2.599064206 49.433299128 -2.599064206 49.433299128
POLYGON_POINT -2.599036296 49.433335704 -2.599036296 49.433335704
POLYGON_POINT -2.599237253 49.433330590 -2.599237253 49.433330590
POLYGON_POINT -2.599206340 49.433321524 -2.599201276 49.433318231
END_WINDING
END_POLYGON
BEGIN_POLYGON 3 0 4
BEGIN_WINDING
POLYGON_POINT -2.596181646 49.433689124 -2.596181646 49.433689124
POLYGON_POINT -2.596243742 49.433730475 -2.596265012 49.433748260
POLYGON_POINT -2.596287801 49.433789427 -2.596287801 49.433789427
POLYGON_POINT -2.596468593 49.434132602 -2.596468593 49.434132602
POLYGON_POINT -2.596707117 49.434127662 -2.596707117 49.434127662
POLYGON_POINT -2.596699521 49.434109878 -2.596699521 49.434109878
POLYGON_POINT -2.596495940 49.433715655 -2.596496091 49.433709757
POLYGON_POINT -2.596507356 49.433687628 -2.596507356 49.433687628
END_WINDING
END_POLYGON
BEGIN_POLYGON 6 0 4
BEGIN_WINDING
POLYGON_POINT -2.597600197 49.431393669 -2.597600197 49.431393669
POLYGON_POINT -2.597467006 49.431032021 -2.597467006 49.431032021
POLYGON_POINT -2.597355990 49.430999279 -2.597355990 49.430999279
POLYGON_POINT -2.596851964 49.431106840 -2.596851964 49.431106840
POLYGON_POINT -2.596744334 49.431118791 -2.596744334 49.431118791
POLYGON_POINT -2.596510697 49.431127328 -2.596437193 49.431129035
POLYGON_POINT -2.596361064 49.431140986 -2.596361064 49.431140986
POLYGON_POINT -2.596355814 49.431303181 -2.596355814 49.431303181
POLYGON_POINT -2.596353188 49.431321961 -2.596353188 49.431321961
POLYGON_POINT -2.595247488 49.431366316 -2.595247488 49.431366316
POLYGON_POINT -2.595257727 49.431427199 -2.595257727 49.431427199
POLYGON_POINT -2.595812191 49.431421743 -2.595812191 49.431421743
POLYGON_POINT -2.595865970 49.431450246 -2.595865970 49.431450246
POLYGON_POINT -2.596164141 49.431442801 -2.596164141 49.431442801
POLYGON_POINT -2.596259960 49.431422075 -2.596259960 49.431422075
POLYGON_POINT -2.596375684 49.431423238 -2.596375684 49.431423238
POLYGON_POINT -2.596387461 49.431446168 -2.596387461 49.431446168
POLYGON_POINT -2.596796071 49.431456103 -2.596895826 49.431474883
POLYGON_POINT -2.596982056 49.431551010 -2.597010933 49.431595400
POLYGON_POINT -2.597018810 49.431810192 -2.597018810 49.431810192
POLYGON_POINT -2.597096104 49.431815375 -2.597096104 49.431815375
POLYGON_POINT -2.597271119 49.431806297 -2.597271119 49.431806297
POLYGON_POINT -2.597437372 49.431741960 -2.597437372 49.431741960
POLYGON_POINT -2.597397995 49.431501229 -2.597397995 49.431501229
POLYGON_POINT -2.597419740 49.431487485 -2.597419740 49.431487485
POLYGON_POINT -2.597627073 49.431466834 -2.597627073 49.431466834
END_WINDING
END_POLYGON
BEGIN_POLYGON 6 0 4
BEGIN_WINDING
POLYGON_POINT -2.597642542 49.431921012 -2.597642542 49.431921012
POLYGON_POINT -2.597642543 49.431861768 -2.597642543 49.431861768
POLYGON_POINT -2.598009252 49.431680997 -2.598009252 49.431680997
POLYGON_POINT -2.598303553 49.431649097 -2.598303553 49.431649097
POLYGON_POINT -2.598331582 49.431747837 -2.598331582 49.431747837
POLYGON_POINT -2.599163099 49.431706822 -2.599163099 49.431706822
POLYGON_POINT -2.599155151 49.431599842 -2.599155151 49.431599842
POLYGON_POINT -2.599728343 49.431567066 -2.599728343 49.431567066
POLYGON_POINT -2.599693307 49.431548837 -2.599693307 49.431548837
POLYGON_POINT -2.599667615 49.431541242 -2.599667615 49.431541242
POLYGON_POINT -2.599721336 49.431497188 -2.599721336 49.431497188
POLYGON_POINT -2.599443385 49.431270845 -2.599443385 49.431270845
POLYGON_POINT -2.599263536 49.431336166 -2.599263536 49.431336166
POLYGON_POINT -2.599333607 49.431396929 -2.599333607 49.431396929
POLYGON_POINT -2.599242514 49.431434906 -2.599242514 49.431434906
POLYGON_POINT -2.599198135 49.431501746 -2.599177113 49.431521494
POLYGON_POINT -2.599018284 49.431580738 -2.598971569 49.431595929
POLYGON_POINT -2.598896826 49.431588333 -2.598873469 49.431579219
POLYGON_POINT -2.598836097 49.431527570 -2.598836097 49.431527570
POLYGON_POINT -2.598653910 49.431570104 -2.598653910 49.431570104
POLYGON_POINT -2.598576831 49.431539723 -2.598576831 49.431539723
POLYGON_POINT -2.598261507 49.431588333 -2.598261507 49.431588333
POLYGON_POINT -2.598126034 49.431608081 -2.598126034 49.431608081
POLYGON_POINT -2.598089557 49.431556939 -2.598089557 49.431556939
POLYGON_POINT -2.597707354 49.431634477 -2.597707354 49.431634477
POLYGON_POINT -2.597556112 49.431747837 -2.597556112 49.431747837
POLYGON_POINT -2.597560784 49.431837463 -2.597537426 49.431879997
POLYGON_POINT -2.597410450 49.431918949 -2.597410450 49.431918949
POLYGON_POINT -2.597324519 49.431954534 -2.597324519 49.431954534
POLYGON_POINT -2.597278484 49.431978513 -2.597278484 49.431978513
POLYGON_POINT -2.597306422 49.431978850 -2.597306422 49.431978850
POLYGON_POINT -2.597311189 49.432041655 -2.597311189 49.432041655
POLYGON_POINT -2.597498609 49.431940837 -2.597498609 49.431940837
POLYGON_POINT -2.597535086 49.431934684 -2.597535086 49.431934684
POLYGON_POINT -2.597551436 49.432009119 -2.597551436 49.432009119
POLYGON_POINT -2.597490706 49.432000005 -2.597490706 49.432000005
POLYGON_POINT -2.597448662 49.431975699 -2.597448662 49.431975699
POLYGON_POINT -2.597425305 49.431989371 -2.597425305 49.431989371
POLYGON_POINT -2.597441655 49.432408638 -2.597441655 49.432408638
POLYGON_POINT -2.597425305 49.432473958 -2.597425305 49.432473958
POLYGON_POINT -2.597587456 49.432474569 -2.597587456 49.432474569
POLYGON_POINT -2.597605472 49.432835700 -2.597605472 49.432835700
POLYGON_POINT -2.597684576 49.432823347 -2.597684576 49.432823347
POLYGON_POINT -2.597672986 49.432376684 -2.597672986 49.432376684
POLYGON_POINT -2.597698929 49.432373652 -2.597698929 49.432373652
POLYGON_POINT -2.597700651 49.432139774 -2.597700651 49.432139774
POLYGON_POINT -2.597653012 49.432119960 -2.597653012 49.432119960
END_WINDING
END_POLYGON
BEGIN_POLYGON 6 0 2
BEGIN_WINDING
POLYGON_POINT -2.597527018 49.433324767
POLYGON_POINT -2.597397935 49.433260340
POLYGON_POINT -2.597394610 49.433226428
POLYGON_POINT -2.597351538 49.433227574
POLYGON_POINT -2.597281235 49.433237041
POLYGON_POINT -2.597285068 49.433330375
END_WINDING
END_POLYGON
BEGIN_POLYGON 3 0 2
BEGIN_WINDING
POLYGON_POINT -2.600614110 49.432839392
POLYGON_POINT -2.600636623 49.432213465
POLYGON_POINT -2.601151609 49.432206144
POLYGON_POINT -2.601148795 49.432153068
POLYGON_POINT -2.600641442 49.432148801
POLYGON_POINT -2.600256716 49.431984690
POLYGON_POINT -2.599246462 49.430774931
POLYGON_POINT -2.599178925 49.430800553
POLYGON_POINT -2.599390449 49.431076303
POLYGON_POINT -2.600211346 49.432038297
POLYGON_POINT -2.600241353 49.432144373
POLYGON_POINT -2.600296260 49.432244972
POLYGON_POINT -2.600307380 49.432720429
POLYGON_POINT -2.599957210 49.432727466
POLYGON_POINT -2.599958738 49.432798212
POLYGON_POINT -2.600261474 49.432786665
POLYGON_POINT -2.600261466 49.432826103
POLYGON_POINT -2.600453784 49.432821534
POLYGON_POINT -2.600455779 49.432897348
POLYGON_POINT -2.600551273 49.432895823
END_WINDING
END_POLYGON
BEGIN_POLYGON 3 0 2
BEGIN_WINDING
POLYGON_POINT -2.600797513 49.432567913
POLYGON_POINT -2.600966362 49.432485554
POLYGON_POINT -2.600952291 49.432227801
POLYGON_POINT -2.600652114 49.432224751
POLYGON_POINT -2.600684965 49.432889390
POLYGON_POINT -2.600808980 49.432880228
END_WINDING
END_POLYGON
BEGIN_POLYGON 9 0 2
BEGIN_WINDING
POLYGON_POINT -2.598114802 49.431305164
POLYGON_POINT -2.597998799 49.431237446
POLYGON_POINT -2.597981329 49.431162003
POLYGON_POINT -2.597859736 49.430963394
POLYGON_POINT -2.597467006 49.431032021
POLYGON_POINT -2.597673854 49.431598304
POLYGON_POINT -2.597299617 49.431879631
POLYGON_POINT -2.597206345 49.431954381
POLYGON_POINT -2.597205200 49.431978893
POLYGON_POINT -2.597278484 49.431978513
POLYGON_POINT -2.597410450 49.431918949
POLYGON_POINT -2.597392909 49.431870551
POLYGON_POINT -2.597707354 49.431634477
POLYGON_POINT -2.598193437 49.431536672
END_WINDING
END_POLYGON
BEGIN_POLYGON 10 0 2
BEGIN_WINDING
POLYGON_POINT -2.604766020 49.433338777
POLYGON_POINT -2.598169838 49.433520200
POLYGON_POINT -2.598211832 49.434765687
POLYGON_POINT -2.605274706 49.434559657
POLYGON_POINT -2.605298618 49.434434236
POLYGON_POINT -2.605268628 49.433649221
END_WINDING
END_POLYGON
BEGIN_POLYGON 6 0 4
BEGIN_WINDING
POLYGON_POINT -2.600807952 49.432563379 -2.600807952 49.432563379
POLYGON_POINT -2.600928263 49.432522808 -2.600979507 49.432499624
POLYGON_POINT -2.600975050 49.432447461 -2.600975050 49.432447461
POLYGON_POINT -2.600937175 49.432209402 -2.600937175 49.432209402
POLYGON_POINT -2.600677228 49.432212844 -2.600677228 49.432212844
POLYGON_POINT -2.600698183 49.432774546 -2.600698183 49.432774546
POLYGON_POINT -2.600816864 49.432773480 -2.600816864 49.432773480
END_WINDING
END_POLYGON
BEGIN_POLYGON 11 767 2
BEGIN_WINDING
POLYGON_POINT -2.607941076 49.437229082
POLYGON_POINT -2.607892073 49.436998922
POLYGON_POINT -2.608102086 49.436679834
POLYGON_POINT -2.607962077 49.436580447
POLYGON_POINT -2.607818568 49.436575214
POLYGON_POINT -2.607759065 49.436742604
POLYGON_POINT -2.607633057 49.436721680
POLYGON_POINT -2.607489547 49.436543829
POLYGON_POINT -2.607591054 49.436350284
POLYGON_POINT -2.607640057 49.436585677
POLYGON_POINT -2.607444045 49.436397363
POLYGON_POINT -2.607395041 49.436287512
POLYGON_POINT -2.608487530 49.436190480
POLYGON_POINT -2.608417526 49.436174547
POLYGON_POINT -2.608270516 49.436201861
POLYGON_POINT -2.608424526 49.436215519
POLYGON_POINT -2.607206029 49.436386902
POLYGON_POINT -2.607083522 49.436198587
POLYGON_POINT -2.606708998 49.436193357
POLYGON_POINT -2.606754501 49.436339823
POLYGON_POINT -2.607080021 49.436381669
POLYGON_POINT -2.606940013 49.436214278
POLYGON_POINT -2.606891009 49.436669371
POLYGON_POINT -2.607010017 49.436554290
POLYGON_POINT -2.606733499 49.436381669
POLYGON_POINT -2.606863008 49.436721680
POLYGON_POINT -2.607419543 49.436773992
POLYGON_POINT -2.607069521 49.436569984
POLYGON_POINT -2.607461546 49.436664141
POLYGON_POINT -2.607570053 49.436726913
POLYGON_POINT -2.607755564 49.436962304
POLYGON_POINT -2.607829069 49.437145388
POLYGON_POINT -2.607752064 49.437344164
POLYGON_POINT -2.607661058 49.437244776
POLYGON_POINT -2.607566552 49.437040770
POLYGON_POINT -2.607475547 49.436899534
POLYGON_POINT -2.607496548 49.437213391
POLYGON_POINT -2.607346038 49.437014615
POLYGON_POINT -2.607304036 49.437223852
POLYGON_POINT -2.607178028 49.437129694
POLYGON_POINT -2.607111523 49.436899534
POLYGON_POINT -2.607031018 49.437093079
POLYGON_POINT -2.607300535 49.437365088
POLYGON_POINT -2.607458045 49.437359857
END_WINDING
END_POLYGON
BEGIN_POLYGON 11 767 2
BEGIN_WINDING
POLYGON_POINT -2.607299211 49.431134327
POLYGON_POINT -2.607476576 49.432373368
POLYGON_POINT -2.607379358 49.431149755
POLYGON_POINT -2.607603624 49.432392647
POLYGON_POINT -2.607408745 49.431081432
POLYGON_POINT -2.607650208 49.432307266
POLYGON_POINT -2.607494235 49.431024130
POLYGON_POINT -2.607785725 49.432235657
POLYGON_POINT -2.607531636 49.430982255
POLYGON_POINT -2.607845013 49.432183326
POLYGON_POINT -2.607162215 49.431410720
POLYGON_POINT -2.606182781 49.432679868
POLYGON_POINT -2.607183587 49.431331378
POLYGON_POINT -2.606225490 49.432448416
POLYGON_POINT -2.607301413 49.430998438
POLYGON_POINT -2.607480065 49.432203550
POLYGON_POINT -2.607571061 49.431002657
POLYGON_POINT -2.607907508 49.432208823
POLYGON_POINT -2.607287416 49.431212221
POLYGON_POINT -2.607457878 49.432470709
POLYGON_POINT -2.607484526 49.431255630
POLYGON_POINT -2.607770334 49.432524957
POLYGON_POINT -2.607306988 49.431323234
POLYGON_POINT -2.606472086 49.432424660
POLYGON_POINT -2.607025741 49.432821752
END_WINDING
END_POLYGON
BEGIN_POLYGON 12 767 2
BEGIN_WINDING
POLYGON_POINT -2.605221916 49.432759851
POLYGON_POINT -2.605088036 49.432834346
POLYGON_POINT -2.605155353 49.432610303
POLYGON_POINT -2.604414062 49.432845527
END_WINDING
END_POLYGON
BEGIN_POLYGON 12 767 2
BEGIN_WINDING
POLYGON_POINT -2.602514893 49.432504219
POLYGON_POINT -2.603126209 49.432842330
POLYGON_POINT -2.603612705 49.432919721
POLYGON_POINT -2.604650219 49.432397839
POLYGON_POINT -2.603634558 49.432308239
POLYGON_POINT -2.603808537 49.432442361
POLYGON_POINT -2.604744609 49.432389770
POLYGON_POINT -2.603948536 49.432460571
END_WINDING
END_POLYGON
BEGIN_POLYGON 12 767 2
BEGIN_WINDING
POLYGON_POINT -2.602935933 49.432837305
POLYGON_POINT -2.602920156 49.432765479
POLYGON_POINT -2.602717680 49.432767189
POLYGON_POINT -2.602672978 49.432738116
POLYGON_POINT -2.602520526 49.432802616
POLYGON_POINT -2.602552981 49.432581324
POLYGON_POINT -2.601725707 49.432495900
END_WINDING
END_POLYGON
FILTER -1
FILTER 0
FILTER -1
FILTER 0
FILTER -1
FILTER 0
FILTER -1
FILTER 0
FILTER -1
FILTER 0
OBJECT 0 -2.591729694 49.435141120 0.000000
OBJECT 0 -2.591423135 49.435277274 0.000000
OBJECT 1 -2.611879406 49.434285675 135.000000
OBJECT 1 -2.611543499 49.434025193 0.000000
OBJECT 1 -2.611168833 49.433840335 0.000000
OBJECT 1 -2.604864109 49.433302566 90.000000
OBJECT 1 -2.605251693 49.433437008 123.690002
OBJECT 1 -2.605613438 49.433394995 0.000000
OBJECT 1 -2.605393807 49.434436922 0.000000
OBJECT 1 -2.605419646 49.434168038 146.309998
OBJECT 1 -2.605303371 49.433394995 0.000000
OBJECT 1 -2.605548840 49.434403312 90.000000
OBJECT 1 -2.605187095 49.433638672 0.000000
OBJECT 1 -2.598195081 49.434487708 90.000000
OBJECT 1 -2.598145235 49.434171636 0.000000
OBJECT 1 -2.598139004 49.433584068 0.000000
OBJECT 1 -2.596588412 49.434015401 0.000000
OBJECT 1 -2.596558124 49.433970377 0.000000
OBJECT 1 -2.596441296 49.433855002 0.000000
OBJECT 1 -2.596454277 49.433866258 135.000000
OBJECT 1 -2.596475912 49.433902840 90.000000
OBJECT 1 -2.596558124 49.434015401 151.699997
OBJECT 1 -2.596579758 49.434066054 168.690002
OBJECT 1 -2.596579758 49.434063240 0.000000
OBJECT 1 -2.596484566 49.433933795 344.059998
OBJECT 1 -2.596475912 49.433902840 0.000000
OBJECT 1 -2.596389373 49.433736813 0.000000
OBJECT 1 -2.595221095 49.433466666 135.000000
OBJECT 1 -2.594368686 49.433379432 0.000000
OBJECT 1 -2.594039837 49.433559529 0.000000
OBJECT 1 -2.592940783 49.433548273 0.000000
OBJECT 1 -2.592265774 49.433342849 0.000000
OBJECT 1 -2.591685959 49.433393502 0.000000
OBJECT 1 -2.591859038 49.433342849 0.000000
OBJECT 1 -2.589834004 49.433472294 0.000000
OBJECT 1 -2.589989776 49.433401944 90.000000
OBJECT 1 -2.590625844 49.433480736 0.000000
OBJECT 1 -2.590509015 49.433537017 0.000000
OBJECT 1 -2.590288339 49.433472294 45.000000
OBJECT 1 -2.590318628 49.433463852 90.000000
OBJECT 1 -2.589846985 49.433731185 275.040009
OBJECT 1 -2.589790734 49.433722743 0.000000
OBJECT 1 -2.590647479 49.433826862 0.000000
OBJECT 1 -2.589102781 49.433559529 164.059998
OBJECT 1 -2.589167684 49.433354105 198.429993
OBJECT 1 -2.590794587 49.433466666 341.570007
OBJECT 1 -2.590011423 49.433103657 0.000000
OBJECT 1 -2.590716703 49.433092401 45.000000
OBJECT 1 -2.591344100 49.432881349 84.809998
OBJECT 1 -2.591820051 49.433033306 90.000000
OBJECT 1 -2.591962836 49.432951700 0.000000
OBJECT 1 -2.591997450 49.432816626 0.000000
OBJECT 1 -2.591616690 49.432549294 0.000000
OBJECT 1 -2.592088314 49.432476129 90.000000
OBJECT 1 -2.591833031 49.432428291 0.000000
OBJECT 1 -2.593200308 49.431361775 180.000000
OBJECT 1 -2.593252230 49.431454638 180.000000
OBJECT 1 -2.593615683 49.431600967 126.870003
OBJECT 1 -2.593433957 49.431820461 254.050003
OBJECT 1 -2.593200308 49.431474336 352.410004
OBJECT 1 -2.593490205 49.431375845 0.000000
OBJECT 1 -2.594390185 49.431707900 90.000000
OBJECT 1 -2.594766616 49.431854229 180.000000
OBJECT 1 -2.594796904 49.431702272 0.000000
OBJECT 1 -2.594939689 49.431350519 0.000000
OBJECT 1 -2.596458399 49.431240772 0.000000
OBJECT 1 -2.597081459 49.431395543 123.690002
OBJECT 1 -2.596609837 49.431302680 0.000000
OBJECT 1 -2.597224244 49.431299866 0.000000
OBJECT 1 -2.596423784 49.431201375 180.000000
OBJECT 1 -2.597155015 49.431643177 0.000000
OBJECT 1 -2.597098767 49.431246400 0.000000
OBJECT 1 -2.597669907 49.431744482 0.000000
OBJECT 1 -2.598093933 49.431645991 79.379997
OBJECT 1 -2.598176142 49.431620665 90.000000
OBJECT 1 -2.598760260 49.431584083 75.959999
OBJECT 1 -2.599491489 49.431420869 0.000000
OBJECT 1 -2.601307102 49.433265103 0.000000
OBJECT 1 -2.601177295 49.432992143 0.000000
OBJECT 1 -2.600225375 49.432955560 0.000000
OBJECT 1 -2.600112875 49.433042795 180.000000
OBJECT 1 -2.600086913 49.433228521 180.000000
OBJECT 1 -2.599987394 49.433121588 0.000000
OBJECT 1 -2.599866240 49.433090633 0.000000
OBJECT 1 -2.599472489 49.433014655 0.000000
OBJECT 1 -2.599507105 49.433284801 180.000000
OBJECT 1 -2.599455182 49.433110332 0.000000
OBJECT 1 -2.599117681 49.433349524 0.000000
OBJECT 1 -2.598706624 49.433253847 0.000000
OBJECT 1 -2.598736912 49.432986514 11.310000
OBJECT 1 -2.598684990 49.432696670 345.959991
OBJECT 1 -2.598884024 49.432567225 90.000000
OBJECT 1 -2.599368628 49.432564411 56.310001
OBJECT 1 -2.599329687 49.432395569 0.000000
OBJECT 1 -2.598615761 49.432181703 0.000000
OBJECT 1 -2.599429204 49.432018489 0.000000
OBJECT 1 -2.599117673 49.432043816 225.000000
OBJECT 1 -2.598827775 49.432071956 225.000000
OBJECT 1 -2.598447015 49.432226727 180.000000
OBJECT 1 -2.598468649 49.432401197 180.000000
OBJECT 1 -2.598542205 49.433059679 178.029999
OBJECT 1 -2.598174425 49.433011841 225.000000
OBJECT 1 -2.597962410 49.432541898 338.200012
OBJECT 1 -2.597914815 49.432240797 0.000000
OBJECT 1 -2.595876866 49.433023097 122.470001
OBJECT 1 -2.596305225 49.432938676 49.400002
OBJECT 1 -2.595621581 49.432992143 0.000000
OBJECT 1 -2.597356652 49.433104704 333.440002
OBJECT 1 -2.597131655 49.432685414 0.000000
OBJECT 1 -2.595824944 49.432463106 248.199997
OBJECT 1 -2.595989364 49.432499688 98.129997
OBJECT 1 -2.596690316 49.433121588 171.869995
OBJECT 1 -2.595409565 49.433130030 259.510010
OBJECT 1 -2.595634562 49.432634761 36.029999
OBJECT 1 -2.596365801 49.432814859 0.000000
OBJECT 1 -2.596837440 49.433456457 255.070007
OBJECT 1 -2.596318211 49.433448015 270.000000
OBJECT 1 -2.595786002 49.433478969 261.630005
OBJECT 1 -2.594699949 49.433507109 264.290009
OBJECT 1 -2.593726396 49.433588716 270.000000
OBJECT 1 -2.595014740 49.435126972 90.000000
OBJECT 1 -2.594624098 49.435169964 270.000000
OBJECT 1 -2.594137298 49.435164102 90.000000
OBJECT 1 -2.593295915 49.435197323 0.000000
OBJECT 1 -2.592039848 49.434401970 0.000000
OBJECT 1 -2.592006794 49.434134246 0.000000
OBJECT 1 -2.593190704 49.433637883 153.440002
OBJECT 1 -2.593304888 49.433157154 14.040000
OBJECT 1 -2.593608376 49.433413152 0.000000
OBJECT 1 -2.592887216 49.432631478 0.000000
OBJECT 1 -2.592637815 49.433045765 63.430000
OBJECT 1 -2.592956327 49.433116116 123.690002
OBJECT 1 -2.593163661 49.433194283 0.000000
OBJECT 1 -2.592878202 49.433207963 0.000000
OBJECT 1 -2.592628801 49.433342801 0.000000
OBJECT 1 -2.592550675 49.433639838 0.000000
OBJECT 1 -2.592286249 49.433823531 311.190002
OBJECT 1 -2.591781438 49.433551899 56.310001
OBJECT 1 -2.591604153 49.433315443 0.000000
OBJECT 1 -2.590876987 49.433334985 0.000000
OBJECT 1 -2.590834919 49.433547991 0.000000
OBJECT 1 -2.590720735 49.433755134 0.000000
OBJECT 1 -2.590239960 49.433745364 0.000000
OBJECT 1 -2.590327100 49.433577304 18.430000
OBJECT 1 -2.590056665 49.433340847 0.000000
OBJECT 1 -2.589638992 49.433295901 0.000000
OBJECT 1 -2.589230333 49.433393610 0.000000
OBJECT 1 -2.589311464 49.433508907 0.000000
OBJECT 1 -2.589218314 49.433772722 0.000000
OBJECT 0 -2.591130348 49.433427002 0.000000
OBJECT 2 -2.597823560 49.431302777 0.000000
OBJECT 3 -2.597769945 49.431391363 306.869995
OBJECT 3 -2.597730820 49.431088849 288.429993
OBJECT 4 -2.597707635 49.431084137 0.000000
OBJECT 4 -2.597787333 49.431390421 141.339996
OBJECT 4 -2.598004691 49.431475238 90.000000
OBJECT 4 -2.597875725 49.431336704 0.000000
BEGIN_POLYGON 13 7 2
BEGIN_WINDING
POLYGON_POINT -2.600065940 49.432157221
POLYGON_POINT -2.599546666 49.432180247
POLYGON_POINT -2.599596823 49.432707923
POLYGON_POINT -2.600107246 49.432686816
END_WINDING
END_POLYGON
BEGIN_POLYGON 14 10 2
BEGIN_WINDING
POLYGON_POINT -2.591247579 49.432725565
POLYGON_POINT -2.591438131 49.432145081
POLYGON_POINT -2.591978201 49.432238857
END_WINDING
END_POLYGON
BEGIN_POLYGON 14 10 4
BEGIN_WINDING
POLYGON_POINT -2.595336962 49.431995228 -2.595336962 49.431995228
POLYGON_POINT -2.595235705 49.431996910 -2.595235705 49.431996910
POLYGON_POINT -2.595242164 49.432075587 -2.595242164 49.432075587
POLYGON_POINT -2.595087959 49.432072841 -2.595087959 49.432072841
POLYGON_POINT -2.595105990 49.432410363 -2.595105990 49.432410363
POLYGON_POINT -2.595105990 49.432410363 -2.595104098 49.432490335
POLYGON_POINT -2.594817163 49.432565747 -2.594663924 49.432565747
POLYGON_POINT -2.594817163 49.432565747 -2.594817163 49.432565747
POLYGON_POINT -2.594398688 49.432586602 -2.594398688 49.432586602
POLYGON_POINT -2.593270709 49.432612780 -2.593270709 49.432612780
POLYGON_POINT -2.593128491 49.432613226 -2.593128491 49.432613226
POLYGON_POINT -2.593129277 49.432784585 -2.593129277 49.432784585
POLYGON_POINT -2.593071351 49.432783651 -2.593071351 49.432783651
POLYGON_POINT -2.593073332 49.432810842 -2.593073332 49.432810842
END_WINDING
END_POLYGON
BEGIN_POLYGON 14 10 2
BEGIN_WINDING
POLYGON_POINT -2.597981181 49.431755396
POLYGON_POINT -2.597872093 49.431761478
POLYGON_POINT -2.597819313 49.431787709
POLYGON_POINT -2.597686762 49.431861248
POLYGON_POINT -2.597698929 49.432373652
POLYGON_POINT -2.597674877 49.432382727
POLYGON_POINT -2.597696773 49.432747303
POLYGON_POINT -2.597595057 49.432748078
POLYGON_POINT -2.597583820 49.432499049
POLYGON_POINT -2.597396934 49.432500517
POLYGON_POINT -2.597387078 49.432451293
POLYGON_POINT -2.597412616 49.432436370
POLYGON_POINT -2.597400287 49.432243848
POLYGON_POINT -2.597231334 49.432240349
POLYGON_POINT -2.597215607 49.432022795
POLYGON_POINT -2.597552769 49.431746477
POLYGON_POINT -2.597708774 49.431635495
POLYGON_POINT -2.598202388 49.431536551
POLYGON_POINT -2.598132133 49.431308458
POLYGON_POINT -2.598042401 49.431247950
POLYGON_POINT -2.597861291 49.430962212
POLYGON_POINT -2.597462577 49.431030443
POLYGON_POINT -2.597554248 49.431259405
POLYGON_POINT -2.597672314 49.431597773
POLYGON_POINT -2.597186073 49.431971222
END_WINDING
END_POLYGON
BEGIN_POLYGON 15 10 3
BEGIN_WINDING
POLYGON_POINT -2.590843368 49.433049699 3.000000000
POLYGON_POINT -2.591515944 49.433110318 2.000000000
POLYGON_POINT -2.591562021 49.432788605 0.000000000
POLYGON_POINT -2.590910161 49.432704149 0.000000000
END_WINDING
END_POLYGON
BEGIN_POLYGON 16 5 3
BEGIN_WINDING
POLYGON_POINT -2.599626005 49.432799930 4.000000000
POLYGON_POINT -2.599379549 49.432806641 4.000000000
POLYGON_POINT -2.599385446 49.432964485 2.000000000
POLYGON_POINT -2.599633722 49.432959809 4.000000000
END_WINDING
END_POLYGON
BEGIN_POLYGON 16 10 3
BEGIN_WINDING
POLYGON_POINT -2.599113975 49.431701603 4.000000000
POLYGON_POINT -2.597971285 49.431750684 4.000000000
POLYGON_POINT -2.597978870 49.431917003 2.000000000
POLYGON_POINT -2.599131955 49.431876108 4.000000000
END_WINDING
END_POLYGON
BEGIN_POLYGON 15 10 5
BEGIN_WINDING
POLYGON_POINT -2.599639988 49.432074281 0.000000000 -2.599639988 49.432074281
POLYGON_POINT -2.599957346 49.432058686 0.000000000 -2.599957346 49.432058686
POLYGON_POINT -2.599943003 49.431899518 0.000000000 -2.599943003 49.431899518
POLYGON_POINT -2.599885571 49.431894903 0.000000000 -2.599885571 49.431894903
POLYGON_POINT -2.599878079 49.431696025 0.000000000 -2.599878079 49.431696025
POLYGON_POINT -2.599878079 49.431696025 0.000000000 -2.599841414 49.431535611
POLYGON_POINT -2.599611970 49.431558636 0.000000000 -2.599611970 49.431558636
POLYGON_POINT -2.599102528 49.431589771 0.000000000 -2.599102528 49.431589771
POLYGON_POINT -2.599130349 49.431791053 0.000000000 -2.599130349 49.431791053
POLYGON_POINT -2.599615351 49.431772842 0.000000000 -2.599615351 49.431772842
END_WINDING
END_POLYGON
BEGIN_POLYGON 15 10 3
BEGIN_WINDING
POLYGON_POINT -2.593073332 49.432810842 3.000000000
POLYGON_POINT -2.592324486 49.432827973 0.000000000
POLYGON_POINT -2.592332012 49.432956455 2.000000000
POLYGON_POINT -2.593077095 49.432940548 0.000000000
END_WINDING
END_POLYGON
BEGIN_POLYGON 15 10 3
BEGIN_WINDING
POLYGON_POINT -2.593448301 49.432328493 0.000000000
POLYGON_POINT -2.593445423 49.432192671 0.000000000
POLYGON_POINT -2.592907399 49.432204295 0.000000000
POLYGON_POINT -2.592913471 49.432335059 2.000000000
END_WINDING
END_POLYGON
BEGIN_POLYGON 17 10 3
BEGIN_WINDING
POLYGON_POINT -2.594224956 49.432053528 2.000000000
POLYGON_POINT -2.594015922 49.432061605 2.000000000
POLYGON_POINT -2.594053175 49.432385992 2.000000000
POLYGON_POINT -2.594752714 49.432356380 2.000000000
POLYGON_POINT -2.594721669 49.432029300 2.000000000
POLYGON_POINT -2.594393498 49.432044801 1.000000000
END_WINDING
END_POLYGON
BEGIN_POLYGON 18 10 5
BEGIN_WINDING
POLYGON_POINT -2.596727948 49.432257787 1.000000000 -2.596727948 49.432257787
POLYGON_POINT -2.596727948 49.432257787 1.000000000 -2.596834860 49.432105912
POLYGON_POINT -2.596720133 49.431836233 1.000000000 -2.596652422 49.431751326
POLYGON_POINT -2.596720133 49.431836233 1.000000000 -2.596720133 49.431836233
POLYGON_POINT -2.596500963 49.431838219 1.000000000 -2.596500963 49.431838219
POLYGON_POINT -2.596501685 49.431810808 1.000000000 -2.596501685 49.431810808
POLYGON_POINT -2.596305679 49.431819185 1.000000000 -2.596305679 49.431819185
POLYGON_POINT -2.596307123 49.431846461 1.000000000 -2.596307123 49.431846461
POLYGON_POINT -2.596225401 49.431846029 0.000000000 -2.596225401 49.431846029
POLYGON_POINT -2.596217167 49.431809972 0.000000000 -2.596217167 49.431809972
POLYGON_POINT -2.596217167 49.431809972 0.000000000 -2.596142197 49.431785714
POLYGON_POINT -2.595873833 49.431813768 0.000000000 -2.595689086 49.431870371
POLYGON_POINT -2.595873833 49.431813768 0.000000000 -2.595873833 49.431813768
POLYGON_POINT -2.595877686 49.431848907 0.000000000 -2.595877686 49.431848907
POLYGON_POINT -2.595790719 49.431853866 0.000000000 -2.595790719 49.431853866
POLYGON_POINT -2.595785373 49.431829948 0.000000000 -2.595785373 49.431829948
POLYGON_POINT -2.595785373 49.431829948 0.000000000 -2.595628739 49.431819166
POLYGON_POINT -2.595594895 49.431863494 0.000000000 -2.595594895 49.431863494
POLYGON_POINT -2.595383439 49.431866690 1.000000000 -2.595383439 49.431866690
POLYGON_POINT -2.595383439 49.431866690 1.000000000 -2.595317510 49.431976709
POLYGON_POINT -2.595409107 49.432289135 1.000000000 -2.595492855 49.432446989
POLYGON_POINT -2.595409107 49.432289135 1.000000000 -2.595409107 49.432289135
END_WINDING
END_POLYGON
BEGIN_POLYGON 14 10 2
BEGIN_WINDING
POLYGON_POINT -2.591981012 49.432897845
POLYGON_POINT -2.591887855 49.432877075
POLYGON_POINT -2.591879035 49.432901766
END_WINDING
END_POLYGON
BEGIN_POLYGON 14 10 2
BEGIN_WINDING
POLYGON_POINT -2.592329572 49.432953912
POLYGON_POINT -2.592232509 49.432925781
POLYGON_POINT -2.592148106 49.433100744
END_WINDING
END_POLYGON
BEGIN_POLYGON 14 10 2
BEGIN_WINDING
POLYGON_POINT -2.592118878 49.432922525
POLYGON_POINT -2.592167518 49.432913156
POLYGON_POINT -2.592234618 49.432927153
END_WINDING
END_POLYGON
BEGIN_POLYGON 14 10 2
BEGIN_WINDING
POLYGON_POINT -2.592066351 49.433084085
POLYGON_POINT -2.592089024 49.433088531
POLYGON_POINT -2.592147261 49.433100058
END_WINDING
END_POLYGON
BEGIN_POLYGON 14 10 2
BEGIN_WINDING
POLYGON_POINT -2.589910581 49.433179387
POLYGON_POINT -2.589697887 49.433167860
POLYGON_POINT -2.589538366 49.433056706
POLYGON_POINT -2.588892078 49.433321258
POLYGON_POINT -2.588841760 49.433574510
POLYGON_POINT -2.588721438 49.433913127
POLYGON_POINT -2.588682058 49.434035484
POLYGON_POINT -2.588691469 49.434080085
POLYGON_POINT -2.588758796 49.434115332
POLYGON_POINT -2.588992719 49.434260280
POLYGON_POINT -2.589011438 49.434254463
POLYGON_POINT -2.589048624 49.434243435
POLYGON_POINT -2.589124233 49.434220898
POLYGON_POINT -2.589186622 49.434365653
POLYGON_POINT -2.589736394 49.434675935
POLYGON_POINT -2.589813330 49.434751199
POLYGON_POINT -2.589851973 49.434845774
POLYGON_POINT -2.590361595 49.436367580
POLYGON_POINT -2.590594636 49.436529156
POLYGON_POINT -2.590805352 49.436569855
POLYGON_POINT -2.592002585 49.436545006
POLYGON_POINT -2.592080349 49.436477796
POLYGON_POINT -2.592160724 49.436470900
POLYGON_POINT -2.592247085 49.436533243
POLYGON_POINT -2.592458402 49.436488380
POLYGON_POINT -2.592536620 49.436437477
POLYGON_POINT -2.592788960 49.436600367
POLYGON_POINT -2.592874643 49.436524887
POLYGON_POINT -2.594491653 49.436489204
POLYGON_POINT -2.594717232 49.436490706
POLYGON_POINT -2.594704378 49.436362010
POLYGON_POINT -2.594980639 49.436373246
POLYGON_POINT -2.595677623 49.436611505
POLYGON_POINT -2.595676788 49.436736224
POLYGON_POINT -2.595816530 49.436991071
POLYGON_POINT -2.596413215 49.437580076
POLYGON_POINT -2.599635545 49.438220089
POLYGON_POINT -2.600748738 49.438203264
POLYGON_POINT -2.603285196 49.438313631
POLYGON_POINT -2.603372059 49.437604065
POLYGON_POINT -2.605155122 49.437257166
POLYGON_POINT -2.604897887 49.436624320
POLYGON_POINT -2.605019057 49.436595470
POLYGON_POINT -2.606620817 49.436171441
POLYGON_POINT -2.606797239 49.436144370
POLYGON_POINT -2.607327836 49.436134226
POLYGON_POINT -2.607919037 49.436115254
POLYGON_POINT -2.608042565 49.436112546
POLYGON_POINT -2.608147018 49.436109096
POLYGON_POINT -2.610987740 49.436024936
POLYGON_POINT -2.611634062 49.436355689
POLYGON_POINT -2.611707693 49.436281248
POLYGON_POINT -2.611267987 49.436049403
POLYGON_POINT -2.611285553 49.436008280
POLYGON_POINT -2.612870796 49.435969138
POLYGON_POINT -2.612878535 49.435578627
POLYGON_POINT -2.614252018 49.435556231
POLYGON_POINT -2.614355676 49.435508298
POLYGON_POINT -2.614774216 49.435379344
POLYGON_POINT -2.615463892 49.435787161
POLYGON_POINT -2.616287992 49.435583009
POLYGON_POINT -2.616320440 49.434434513
POLYGON_POINT -2.612695585 49.433147617
POLYGON_POINT -2.612650220 49.433218914
POLYGON_POINT -2.612374255 49.433145159
POLYGON_POINT -2.611504654 49.433127896
POLYGON_POINT -2.611416107 49.433317667
POLYGON_POINT -2.610052812 49.433161094
POLYGON_POINT -2.608018905 49.433155603
POLYGON_POINT -2.608014860 49.432899738
POLYGON_POINT -2.606496636 49.432880388
POLYGON_POINT -2.606363510 49.433101345
POLYGON_POINT -2.604959443 49.432938002
POLYGON_POINT -2.604398295 49.432931112
POLYGON_POINT -2.603411292 49.432956409
POLYGON_POINT -2.603336187 49.432853383
POLYGON_POINT -2.602543182 49.432918033
POLYGON_POINT -2.602538835 49.433078457
POLYGON_POINT -2.601601461 49.433100194
POLYGON_POINT -2.601510307 49.432969774
POLYGON_POINT -2.601480787 49.432614438
END_WINDING
END_POLYGON
BEGIN_POLYGON 13 4 2
BEGIN_WINDING
POLYGON_POINT -2.600047053 49.432839268
POLYGON_POINT -2.600253057 49.432835049
POLYGON_POINT -2.600248191 49.432800236
POLYGON_POINT -2.599965949 49.432806566
POLYGON_POINT -2.599961082 49.432765424
POLYGON_POINT -2.599656131 49.432777028
POLYGON_POINT -2.599656131 49.432819225
POLYGON_POINT -2.599630178 49.432823445
POLYGON_POINT -2.599638288 49.432905728
POLYGON_POINT -2.599660997 49.432904673
POLYGON_POINT -2.599662619 49.432952145
POLYGON_POINT -2.599915664 49.432947925
POLYGON_POINT -2.599959460 49.432959529
POLYGON_POINT -2.599975681 49.432925479
POLYGON_POINT -2.600053541 49.432922607
END_WINDING
END_POLYGON
BEGIN_POLYGON 13 10 2
BEGIN_WINDING
POLYGON_POINT -2.590818324 49.433037486
POLYGON_POINT -2.589914248 49.433032590
POLYGON_POINT -2.589907068 49.433235029
POLYGON_POINT -2.590812482 49.433242627
END_WINDING
END_POLYGON
BEGIN_POLYGON 13 7 2
BEGIN_WINDING
POLYGON_POINT -2.601480121 49.432627996
POLYGON_POINT -2.600929785 49.432640705
POLYGON_POINT -2.600941062 49.432839824
POLYGON_POINT -2.601494778 49.432827114
END_WINDING
END_POLYGON
BEGIN_POLYGON 19 10 2
BEGIN_WINDING
POLYGON_POINT -2.593097896 49.431487930
POLYGON_POINT -2.593201041 49.431334795
POLYGON_POINT -2.593039113 49.431285610
POLYGON_POINT -2.592924209 49.431474198
POLYGON_POINT -2.593038236 49.431516976
END_WINDING
END_POLYGON
BEGIN_POLYGON 20 10 2
BEGIN_WINDING
POLYGON_POINT -2.596722614 49.431876522
POLYGON_POINT -2.596962774 49.431872964
POLYGON_POINT -2.596976026 49.431974839
POLYGON_POINT -2.597186421 49.431977556
POLYGON_POINT -2.597186073 49.431971222
END_WINDING
END_POLYGON
BEGIN_POLYGON 21 10 2
BEGIN_WINDING
POLYGON_POINT -2.593437593 49.432694258
POLYGON_POINT -2.595038367 49.432646667
POLYGON_POINT -2.595721365 49.432146954
END_WINDING
END_POLYGON
BEGIN_POLYGON 21 10 2
BEGIN_WINDING
POLYGON_POINT -2.596611482 49.432181826
POLYGON_POINT -2.596510021 49.432199040
POLYGON_POINT -2.597109961 49.432577735
END_WINDING
END_POLYGON
OBJECT 5 -2.593882266 49.432911947 177.339996
OBJECT 6 -2.590297202 49.433527283 90.000000
OBJECT 7 -2.590276102 49.433474682 0.000000
OBJECT 8 -2.590689311 49.433467821 0.000000
OBJECT 8 -2.590692828 49.433492978 90.000000
OBJECT 8 -2.590677003 49.433571880 0.000000
OBJECT 8 -2.590685794 49.433541005 0.000000
OBJECT 8 -2.590682278 49.433513561 0.000000
OBJECT 9 -2.590627769 49.433547867 183.179993
OBJECT 10 -2.596586356 49.432640176 36.869999
OBJECT 11 -2.592570988 49.432977153 94.400002
OBJECT 12 -2.592675999 49.432973977 70.459999
OBJECT 13 -2.592765136 49.432980330 66.800003
OBJECT 13 -2.592892127 49.432970006 64.089996
OBJECT 13 -2.590815034 49.433276148 76.610001
OBJECT 13 -2.590792176 49.433256708 82.150002
OBJECT 13 -2.590911744 49.433103477 0.000000
OBJECT 13 -2.593834155 49.432948569 23.500000
OBJECT 14 -2.593783760 49.432894187 0.000000
OBJECT 15 -2.594712004 49.432830242 7.120000
OBJECT 15 -2.594792887 49.432898853 338.200012
OBJECT 15 -2.594736621 49.432909144 3.370000
OBJECT 15 -2.594770029 49.432871408 352.230011
OBJECT 15 -2.594740138 49.432870265 0.000000
OBJECT 15 -2.594757721 49.432825668 348.019989
OBJECT 16 -2.594453533 49.433094393 165.690002
OBJECT 17 -2.594297042 49.432993764 171.380005
OBJECT 18 -2.594546724 49.432945737 22.040001
OBJECT 19 -2.592314748 49.433414776 90.000000
OBJECT 20 -2.597225147 49.432106024 268.339691
OBJECT 20 -2.597230049 49.432188106 268.339691
OBJECT 21 -2.592595688 49.433017850 92.940002
OBJECT 22 -2.604753948 49.436811786 77.470001
OBJECT 22 -2.604836888 49.436954833 86.629997
OBJECT 23 -2.592620113 49.432559969 96.959999
OBJECT 23 -2.592611076 49.432599772 96.160004
OBJECT 23 -2.592608316 49.432642751 98.449997
OBJECT 23 -2.592874097 49.432456960 1.400000
OBJECT 23 -2.593062392 49.432449565 11.310000
OBJECT 23 -2.592950845 49.432457569 5.710000
OBJECT 24 -2.598015293 49.431411627 72.220001
OBJECT 24 -2.598001764 49.431572728 72.870003
OBJECT 24 -2.596364750 49.431286412 179.910004
OBJECT 25 -2.597480024 49.431041049 252.139999
OBJECT 26 -2.597505932 49.431188365 346.279999
OBJECT 26 -2.597459904 49.431136057 72.379997
OBJECT 25 -2.597156252 49.431497449 358.138580
OBJECT 25 -2.596950443 49.431314022 315.010010
OBJECT 25 -2.596843564 49.431273607 89.588310
OBJECT 25 -2.596484647 49.431135861 265.779999
OBJECT 25 -2.596816537 49.431116645 251.730011
OBJECT 25 -2.597403162 49.431559655 354.450012
OBJECT 25 -2.597174822 49.431694363 178.015121
OBJECT 25 -2.597169740 49.431443185 134.199997
OBJECT 25 -2.595171839 49.431255255 351.510010
OBJECT 25 -2.593466136 49.431925171 178.539993
OBJECT 25 -2.593713704 49.431929721 178.539993
OBJECT 25 -2.593937111 49.431953787 178.539993
OBJECT 25 -2.594151170 49.431686651 0.000000
OBJECT 25 -2.593696683 49.431744291 0.000000
OBJECT 25 -2.593926540 49.431770769 0.000000
OBJECT 26 -2.594592009 49.431594145 355.529999
BEGIN_POLYGON 22 10 2
BEGIN_WINDING
POLYGON_POINT -2.593999555 49.431486798
POLYGON_POINT -2.593578750 49.431449479
POLYGON_POINT -2.593547450 49.431579532
POLYGON_POINT -2.593623960 49.431588579
POLYGON_POINT -2.593648304 49.431670003
POLYGON_POINT -2.593853490 49.431685836
POLYGON_POINT -2.593848274 49.431716370
POLYGON_POINT -2.593950867 49.431729941
END_WINDING
END_POLYGON
OBJECT 26 -2.594372830 49.431880607 176.710007
OBJECT 25 -2.593604335 49.432382703 179.130005
OBJECT 25 -2.593839269 49.432385664 179.130005
OBJECT 25 -2.593819478 49.432201796 358.600006
OBJECT 25 -2.593891863 49.432160982 358.600006
OBJECT 26 -2.593770075 49.432586639 88.580002
OBJECT 26 -2.594252690 49.432571846 87.730003
OBJECT 26 -2.594725731 49.432561090 86.430000
OBJECT 24 -2.594750938 49.432198009 177.110001
OBJECT 25 -2.594800125 49.431244003 250.880005
OBJECT 26 -2.594644822 49.431878484 174.710007
OBJECT 27 -2.594905361 49.431607862 358.010010
OBJECT 28 -2.594841264 49.431356927 76.180000
OBJECT 28 -2.594814076 49.431474178 83.059998
OBJECT 26 -2.595219912 49.431448520 357.160004
OBJECT 26 -2.591502018 49.432166609 285.140015
OBJECT 25 -2.591914339 49.432806823 190.839996
OBJECT 29 -2.591771783 49.432354872 282.330017
OBJECT 27 -2.591594461 49.432330489 281.649994
OBJECT 26 -2.591772093 49.432510866 103.470001
OBJECT 26 -2.591444364 49.432757892 193.759995
OBJECT 26 -2.592272396 49.432330658 358.910004
OBJECT 30 -2.588970993 49.433786807 40.860001
OBJECT 31 -2.593915762 49.432254577 89.320000
OBJECT 31 -2.593670403 49.432112497 270.000000
OBJECT 32 -2.593695675 49.431695240 0.000000
OBJECT 32 -2.596771230 49.431476740 0.000000
OBJECT 32 -2.597264109 49.431843301 0.000000
OBJECT 32 -2.595543976 49.431482017 0.000000
OBJECT 32 -2.597568459 49.431274949 93.730003
OBJECT 32 -2.596850207 49.431261668 0.000000
OBJECT 32 -2.594665230 49.431522347 0.000000
OBJECT 32 -2.597645203 49.431581387 115.410004
OBJECT 33 -2.591918563 49.432300101 138.220001
OBJECT 33 -2.591352238 49.432260138 281.480011
OBJECT 34 -2.596374456 49.431339961 357.399994
OBJECT 33 -2.598146574 49.431601731 218.710007
OBJECT 35 -2.597481703 49.432105137 358.619995
OBJECT 35 -2.596811360 49.432302022 316.560211
OBJECT 35 -2.596924583 49.432380439 317.014648
OBJECT 36 -2.596836863 49.432361480 226.684616
OBJECT 36 -2.596949717 49.432437543 232.495789
OBJECT 36 -2.597080514 49.432513903 214.286530
OBJECT 37 -2.596659316 49.432340122 42.709179
OBJECT 37 -2.597042856 49.432586901 48.651894
OBJECT 35 -2.597039528 49.432457517 315.980133
OBJECT 35 -2.597487340 49.432204159 358.619995
OBJECT 38 -2.597385131 49.432383848 89.250000
OBJECT 38 -2.597369481 49.432274033 88.760002
OBJECT 39 -2.589889376 49.433229274 175.600006
OBJECT 40 -2.596702117 49.431669514 0.000000
OBJECT 40 -2.595400994 49.431708637 0.000000
OBJECT 40 -2.595942386 49.431689800 0.000000
OBJECT 40 -2.596142901 49.431681106 0.000000
OBJECT 41 -2.597327387 49.432521282 268.820007
OBJECT 42 -2.596865962 49.431899490 178.711670
OBJECT 35 -2.597822774 49.432975497 357.950012
OBJECT 43 -2.596971476 49.432276280 121.267471
OBJECT 43 -2.597122433 49.432006387 89.251572
OBJECT 44 -2.597443405 49.431945617 64.536240
OBJECT 35 -2.597315892 49.432449126 357.950012
OBJECT 35 -2.597463336 49.432380757 358.619995
OBJECT 33 -2.598071815 49.431276871 45.259998
OBJECT 33 -2.598337087 49.431697025 349.380005
OBJECT 38 -2.598096328 49.431325132 78.330002
OBJECT 45 -2.593546335 49.432733907 0.000000
OBJECT 45 -2.593755453 49.432744328 0.000000
OBJECT 45 -2.594104173 49.432709063 0.000000
OBJECT 45 -2.594552421 49.432696183 0.000000
OBJECT 45 -2.594962374 49.432691432 0.000000
OBJECT 45 -2.596704962 49.432232429 1.990000
OBJECT 45 -2.597491392 49.432599947 0.000000
OBJECT 45 -2.595844435 49.432254541 354.000000
OBJECT 32 -2.596367856 49.432232608 0.000000
OBJECT 32 -2.595636216 49.432255846 0.000000
OBJECT 32 -2.591544127 49.433121309 0.000000
OBJECT 32 -2.592955008 49.432972793 0.000000
OBJECT 45 -2.595304514 49.432519076 304.950012
OBJECT 46 -2.598204040 49.431568591 255.360001
OBJECT 47 -2.591434141 49.432486832 11.320000
OBJECT 48 -2.588966801 49.432991447 350.410004
OBJECT 46 -2.591743466 49.433015596 280.880005
OBJECT 49 -2.591767292 49.432995814 100.849998
OBJECT 50 -2.591982735 49.433083177 285.790009
OBJECT 51 -2.597622072 49.431422192 76.580002
OBJECT 51 -2.597200262 49.431037670 162.869995
OBJECT 51 -2.597837221 49.431270199 163.389999
OBJECT 51 -2.598150083 49.431426536 256.760010
OBJECT 51 -2.597916312 49.431061994 248.880005
OBJECT 27 -2.597673721 49.431171177 74.730003
OBJECT 52 -2.600295538 49.432925766 357.329987
BEGIN_POLYGON 23 10 2
BEGIN_WINDING
POLYGON_POINT -2.597582364 49.432508833
POLYGON_POINT -2.597355607 49.432500246
POLYGON_POINT -2.597364953 49.432758572
POLYGON_POINT -2.597589260 49.432755533
END_WINDING
END_POLYGON
OBJECT 53 -2.597105599 49.432697789 268.000000
OBJECT 54 -2.599492120 49.431856390 38.660000
OBJECT 55 -2.598900495 49.432095757 175.910004
OBJECT 56 -2.599102490 49.432092765 172.500000
OBJECT 57 -2.589535907 49.433186600 329.040009
OBJECT 57 -2.589148905 49.433334650 331.190002
OBJECT 57 -2.589006625 49.433434583 276.709991
OBJECT 57 -2.597954485 49.432311805 226.199997
OBJECT 57 -2.598359199 49.432538346 335.559998
OBJECT 58 -2.598133272 49.432560816 343.809998
OBJECT 58 -2.599393144 49.431941264 241.259995
OBJECT 59 -2.592358877 49.433424594 22.540001
OBJECT 60 -2.596483921 49.432479924 176.729996
OBJECT 56 -2.599275397 49.432078842 177.139999
OBJECT 56 -2.599461477 49.432065991 171.869995
OBJECT 61 -2.590864995 49.433550605 319.899994
OBJECT 62 -2.590196544 49.433552153 322.000000
OBJECT 63 -2.599143026 49.432341428 0.240000
OBJECT 64 -2.602843397 49.437134028 0.000000
OBJECT 65 -2.590522125 49.433545886 317.730011
OBJECT 66 -2.594879210 49.432876220 178.360001
OBJECT 57 -2.601041162 49.432939897 276.200012
OBJECT 67 -2.599415205 49.432229293 0.000000
OBJECT 67 -2.599221792 49.432247398 0.000000
OBJECT 67 -2.598857371 49.432121801 0.000000
OBJECT 67 -2.597922113 49.432290280 0.000000
OBJECT 67 -2.596440733 49.432473242 0.000000
OBJECT 67 -2.596409963 49.432423690 0.000000
OBJECT 67 -2.596418754 49.432402726 0.000000
OBJECT 67 -2.595839979 49.432410349 0.000000
OBJECT 67 -2.595835583 49.432381761 0.000000
OBJECT 67 -2.595312487 49.432697180 0.000000
OBJECT 67 -2.595312487 49.432674310 0.000000
OBJECT 67 -2.594812832 49.432819155 0.000000
OBJECT 67 -2.594811366 49.432779132 0.000000
OBJECT 67 -2.594330758 49.432813437 0.000000
OBJECT 67 -2.594330758 49.432794379 0.000000
OBJECT 67 -2.593829636 49.432830590 0.000000
OBJECT 67 -2.593834032 49.432813437 0.000000
OBJECT 67 -2.593277229 49.432851554 0.000000
OBJECT 67 -2.593261111 49.432836308 0.000000
OBJECT 67 -2.591508645 49.433173644 0.000000
OBJECT 67 -2.591517437 49.433158397 0.000000
OBJECT 67 -2.590137144 49.433555768 0.000000
OBJECT 67 -2.590239713 49.433525274 0.000000
OBJECT 67 -2.590538631 49.433522415 0.000000
OBJECT 67 -2.590906417 49.433521462 0.000000
OBJECT 67 -2.591595100 49.433262266 0.000000
OBJECT 67 -2.591993655 49.433274654 0.000000
OBJECT 67 -2.592415654 49.433409970 0.000000
OBJECT 67 -2.592257404 49.433348982 0.000000
OBJECT 68 -2.591971236 49.433443031 314.450012
OBJECT 69 -2.615374550 49.437659473 0.000000
OBJECT 70 -2.590729181 49.433529239 0.000000
OBJECT 70 -2.590614889 49.433557827 36.869999
OBJECT 70 -2.590345277 49.433489217 0.000000
OBJECT 71 -2.590310077 49.433552532 0.000000
OBJECT 71 -2.590273617 49.433552532 0.000000
OBJECT 72 -2.590827341 49.433179516 182.265137
OBJECT 72 -2.589899100 49.433105760 90.000000
OBJECT 72 -2.589896488 49.433124442 90.000000
OBJECT 72 -2.589895182 49.433142274 90.000000
OBJECT 73 -2.590357224 49.433704603 90.279999
OBJECT 74 -2.589988052 49.433527327 233.130005
OBJECT 72 -2.591558302 49.432902487 182.610001
OBJECT 72 -2.591553686 49.432933453 182.610001
OBJECT 72 -2.591550285 49.432963155 182.610001
OBJECT 72 -2.590828202 49.433151477 180.000000
OBJECT 75 -2.591616254 49.433030486 96.849998
OBJECT 76 -2.591550865 49.432980788 0.000000
OBJECT 76 -2.591589059 49.432809696 197.100006
OBJECT 75 -2.594098239 49.432439895 173.990005
OBJECT 75 -2.594180967 49.432435004 175.509995
OBJECT 75 -2.594667934 49.432412994 173.679993
OBJECT 75 -2.594731860 49.432412994 176.419998
OBJECT 77 -2.594066938 49.459667858 117.769997
OBJECT 77 -2.600802942 49.460476770 93.690002
OBJECT 78 -2.597267103 49.431803452 85.760002
OBJECT 78 -2.597118015 49.431811941 93.870003
OBJECT 78 -2.597309289 49.431326788 156.369995
OBJECT 79 -2.596369076 49.432434190 176.630005
OBJECT 79 -2.595795239 49.432391782 4.400000
OBJECT 79 -2.593931340 49.432970757 267.140015
OBJECT 79 -2.592391109 49.433423348 283.170013
OBJECT 79 -2.593849288 49.433096392 64.800003
OBJECT 79 -2.594827430 49.432876496 127.879997
BEGIN_POLYGON 14 10 2
BEGIN_WINDING
POLYGON_POINT -2.599958153 49.432058952
POLYGON_POINT -2.599992192 49.432116308
POLYGON_POINT -2.600068005 49.432154544
END_WINDING
END_POLYGON
BEGIN_POLYGON 14 10 2
BEGIN_WINDING
POLYGON_POINT -2.599976882 49.432695544
POLYGON_POINT -2.599956984 49.432694331
POLYGON_POINT -2.599961958 49.432764693
END_WINDING
END_POLYGON
BEGIN_POLYGON 14 10 2
BEGIN_WINDING
POLYGON_POINT -2.600931116 49.432778116
POLYGON_POINT -2.600465094 49.432786568
POLYGON_POINT -2.600448384 49.432821585
END_WINDING
END_POLYGON
OBJECT 80 -2.598834274 49.431704359 174.990005
OBJECT 80 -2.599044670 49.431701959 173.210007
OBJECT 80 -2.599426554 49.431287687 325.299988
OBJECT 80 -2.599617331 49.431420850 51.950001
OBJECT 13 -2.599648778 49.431499021 89.029999
OBJECT 13 -2.599622922 49.431528108 96.650002
OBJECT 13 -2.597313462 49.431052515 345.700012
OBJECT 13 -2.597197189 49.431074250 345.320007
OBJECT 13 -2.595586646 49.431611316 269.869995
OBJECT 13 -2.596621977 49.431582806 266.709991
OBJECT 13 -2.595561294 49.431798240 91.040001
OBJECT 13 -2.596271280 49.431768959 91.040001
OBJECT 13 -2.597790862 49.431310605 339.929993
OBJECT 13 -2.597590352 49.431213062 163.369995
OBJECT 13 -2.597771829 49.431179719 162.529999
OBJECT 13 -2.597696560 49.431196595 162.169998
OBJECT 75 -2.598918366 49.431706653 176.970001
OBJECT 81 -2.601323195 49.432134899 90.000000
OBJECT 81 -2.599166052 49.431218461 0.000000
OBJECT 81 -2.598076842 49.431709721 90.000000
OBJECT 81 -2.598254206 49.431697507 90.000000
OBJECT 81 -2.597674120 49.431899711 0.000000
OBJECT 81 -2.595373944 49.431186518 0.000000
OBJECT 81 -2.595345901 49.431332070 45.000000
OBJECT 81 -2.595334322 49.431253754 0.000000
OBJECT 81 -2.594738237 49.431450520 0.000000
OBJECT 81 -2.594592173 49.431498018 0.000000
OBJECT 81 -2.594775796 49.431529230 0.000000
OBJECT 81 -2.594709024 49.431299885 180.000000
OBJECT 81 -2.594681898 49.431404380 180.000000
OBJECT 81 -2.594329257 49.431381309 0.000000
OBJECT 81 -2.588897449 49.432355231 0.000000
OBJECT 81 -2.588884469 49.432301764 0.000000
OBJECT 81 -2.588871488 49.432045688 45.000000
OBJECT 81 -2.588914757 49.431837450 0.000000
OBJECT 81 -2.589464271 49.431913429 14.040000
OBJECT 81 -2.589494559 49.431736145 0.000000
OBJECT 81 -2.588940718 49.431606700 180.000000
OBJECT 81 -2.588945045 49.431696749 180.000000
OBJECT 81 -2.588910430 49.431919057 190.619995
OBJECT 81 -2.588893123 49.432116039 0.000000
OBJECT 81 -2.589139755 49.433033411 0.000000
OBJECT 81 -2.589100813 49.432864570 347.470001
OBJECT 81 -2.588988314 49.432678844 315.000000
OBJECT 81 -2.589903814 49.432937595 0.000000
OBJECT 81 -2.589904232 49.432856714 0.000000
OBJECT 81 -2.590077010 49.432762261 63.430000
OBJECT 81 -2.590662954 49.432842057 0.000000
OBJECT 81 -2.590650441 49.432861599 0.000000
OBJECT 81 -2.590700521 49.432726435 18.430000
OBJECT 81 -2.590745593 49.432597784 36.869999
OBJECT 81 -2.590963439 49.432529388 26.559999
OBJECT 81 -2.591058591 49.432472391 90.000000
OBJECT 81 -2.591208830 49.432460991 0.000000
OBJECT 81 -2.593409159 49.432040012 0.000000
OBJECT 81 -2.593407420 49.431928054 0.000000
OBJECT 81 -2.593416115 49.432131614 180.000000
OBJECT 81 -2.593254398 49.432161018 0.000000
OBJECT 81 -2.592995302 49.432155363 0.000000
OBJECT 81 -2.592743162 49.432137269 180.000000
OBJECT 81 -2.592776201 49.432201730 180.000000
OBJECT 81 -2.592791851 49.432312558 0.000000
OBJECT 81 -2.592710123 49.432477668 206.559998
OBJECT 81 -2.592602312 49.432477668 0.000000
OBJECT 81 -2.592496239 49.432435825 0.000000
OBJECT 81 -2.592223933 49.432249367 180.000000
OBJECT 81 -2.592374367 49.432233779 0.000000
OBJECT 81 -2.592587240 49.432176373 0.000000
OBJECT 81 -2.592138595 49.432115062 315.000000
OBJECT 81 -2.592092682 49.432046113 0.000000
OBJECT 81 -2.592044423 49.431830315 0.000000
OBJECT 81 -2.591964197 49.431923111 0.000000
OBJECT 81 -2.592068037 49.431625949 0.000000
OBJECT 81 -2.592005733 49.431494253 0.000000
OBJECT 81 -2.592005733 49.431413209 0.000000
OBJECT 81 -2.592410711 49.431197092 0.000000
OBJECT 81 -2.592166686 49.431099164 270.000000
OBJECT 81 -2.592166686 49.431217353 135.000000
OBJECT 81 -2.592208222 49.431207222 0.000000
OBJECT 81 -2.592597624 49.431092410 45.000000
OBJECT 81 -2.592587240 49.431065395 0.000000
OBJECT 81 -2.592000541 49.430920192 0.000000
OBJECT 81 -2.592036885 49.430950583 146.309998
OBJECT 81 -2.592156302 49.431011366 0.000000
OBJECT 81 -2.592384751 49.430896554 0.000000
OBJECT 81 -2.594902883 49.430960714 0.000000
OBJECT 81 -2.594959996 49.431072149 0.000000
OBJECT 81 -2.594565402 49.431186961 0.000000
OBJECT 81 -2.594549826 49.431048511 0.000000
OBJECT 81 -2.594549826 49.430957337 0.000000
OBJECT 81 -2.594523866 49.430903308 0.000000
OBJECT 81 -2.596839484 49.430714205 0.000000
OBJECT 81 -2.601750463 49.432968019 0.000000
OBJECT 81 -2.602269686 49.432988280 0.000000
OBJECT 81 -2.601740072 49.432859961 0.000000
OBJECT 81 -2.601823146 49.432312914 0.000000
OBJECT 81 -2.597201376 49.431864604 0.000000
OBJECT 81 -2.597065494 49.431871547 289.980011
OBJECT 81 -2.597059186 49.431849139 135.000000
OBJECT 81 -2.599035083 49.431427892 0.000000
OBJECT 81 -2.598463350 49.430829423 180.000000
OBJECT 81 -2.598215043 49.431137649 0.000000
OBJECT 81 -2.598012641 49.431084553 0.000000
OBJECT 81 -2.598147861 49.431211989 0.000000
OBJECT 81 -2.598344413 49.431274543 0.000000
OBJECT 81 -2.598415358 49.431408893 108.440002
OBJECT 81 -2.598525949 49.431174119 90.000000
OBJECT 81 -2.598559335 49.431263686 171.250000
OBJECT 81 -2.598605240 49.431362753 146.309998
OBJECT 81 -2.598607327 49.431482175 180.000000
OBJECT 82 -2.600801584 49.432827468 90.000000
OBJECT 82 -2.600801673 49.432894858 91.190002
OBJECT 81 -2.600449860 49.431817954 0.000000
OBJECT 81 -2.600623748 49.431866582 90.000000
OBJECT 81 -2.600067305 49.432012468 71.570000
OBJECT 81 -2.600347877 49.432183768 180.000000
OBJECT 81 -2.600165716 49.432181760 0.000000
OBJECT 81 -2.600212659 49.432314434 158.199997
OBJECT 81 -2.600230880 49.432409140 180.000000
OBJECT 81 -2.600236504 49.432498370 180.000000
OBJECT 81 -2.600237717 49.432576784 0.000000
OBJECT 81 -2.600639403 49.432723800 0.000000
OBJECT 24 -2.600726351 49.432772428 177.949997
OBJECT 24 -2.600612783 49.432601637 1.150000
OBJECT 23 -2.600592453 49.432503276 2.710000
OBJECT 13 -2.600343790 49.432590355 155.559998
OBJECT 13 -2.600359440 49.432626543 147.100006
OBJECT 13 -2.600355963 49.432677433 151.389999
OBJECT 13 -2.600338574 49.432701182 145.309998
OBJECT 13 -2.599796037 49.432752072 94.290001
OBJECT 13 -2.599916021 49.432743025 87.269997
OBJECT 24 -2.600472470 49.433020094 178.809998
OBJECT 81 -2.598243294 49.431461608 0.000000
OBJECT 81 -2.597431249 49.432292885 0.000000
OBJECT 81 -2.597363198 49.432035324 0.000000
OBJECT 81 -2.595637878 49.431467669 0.000000
OBJECT 81 -2.595831935 49.431485311 0.000000
OBJECT 81 -2.596293082 49.431479883 0.000000
OBJECT 81 -2.596612337 49.431477169 0.000000
OBJECT 81 -2.596923249 49.431551808 168.690002
OBJECT 81 -2.596983762 49.431706514 0.000000
OBJECT 83 -2.604155342 49.436853997 266.049988
OBJECT 54 -2.603481007 49.437280791 284.040009
OBJECT 56 -2.603632462 49.436987663 292.829987
OBJECT 56 -2.603488220 49.437067394 340.910004
OBJECT 84 -2.604256311 49.437222165 254.520004
OBJECT 42 -2.589893517 49.433087160 174.639999
OBJECT 42 -2.591462182 49.432768527 191.330002
OBJECT 42 -2.591561941 49.432869661 273.970001
OBJECT 42 -2.592970614 49.432350827 85.599998
OBJECT 42 -2.593468813 49.432228066 180.000000
OBJECT 42 -2.593462624 49.432323658 180.000000
OBJECT 42 -2.594022712 49.432358877 355.239990
OBJECT 42 -2.593997956 49.432116375 176.630005
OBJECT 42 -2.594053656 49.432043926 81.470001
OBJECT 42 -2.594751444 49.432066063 174.809998
OBJECT 42 -2.594771558 49.432326677 180.000000
OBJECT 42 -2.596524531 49.431824568 260.540009
OBJECT 42 -2.596916735 49.431898294 90.000000
OBJECT 42 -2.597118659 49.432528930 132.270004
OBJECT 42 -2.597407202 49.432490326 88.190002
OBJECT 42 -2.597424942 49.432328596 359.959991
OBJECT 42 -2.597462645 49.432030903 174.289993
OBJECT 42 -2.597959193 49.431845187 176.990005
OBJECT 42 -2.599099774 49.431693439 173.779999
OBJECT 42 -2.599108355 49.431898023 90.000000
OBJECT 42 -2.599622024 49.432061032 174.809998
OBJECT 42 -2.599164055 49.431809474 257.010010
OBJECT 42 -2.599526101 49.432206936 154.979996
OBJECT 42 -2.599567875 49.432687914 173.289993
OBJECT 81 -2.591775811 49.431997376 90.000000
OBJECT 81 -2.591388147 49.432114743 0.000000
OBJECT 81 -2.591354728 49.432252395 180.000000
OBJECT 81 -2.593220783 49.431900292 0.000000
OBJECT 81 -2.593084433 49.431604701 0.000000
OBJECT 81 -2.592945410 49.431780317 0.000000
OBJECT 81 -2.593004227 49.431715982 0.000000
OBJECT 81 -2.593081760 49.431802921 0.000000
OBJECT 81 -2.595764742 49.431254431 0.000000
OBJECT 81 -2.596076107 49.431481249 0.000000
OBJECT 81 -2.597124126 49.431945500 0.000000
OBJECT 81 -2.596950347 49.431620350 0.000000
OBJECT 81 -2.597465050 49.431877639 90.000000
OBJECT 81 -2.597526937 49.431817265 0.000000
OBJECT 81 -2.600617626 49.432071750 0.000000
OBJECT 81 -2.600772156 49.432075922 0.000000
OBJECT 81 -2.600924379 49.432081019 0.000000
OBJECT 25 -2.600700439 49.432410102 178.539993
OBJECT 25 -2.600926074 49.432232334 355.149994
FILTER -1
OBJECT_DEF lib/airport/Common_Elements/Parking/Asphalt_CracksSm.obj
OBJECT_DEF lib/airport/Common_Elements/Parking/Grunge1_Med.obj
OBJECT_DEF lib/airport/Common_Elements/Parking/Grunge2_XLg.obj
OBJECT_DEF lib/airport/Common_Elements/Parking/Grunge2_Sm.obj
OBJECT_DEF lib/airport/Common_Elements/Parking/Grunge1_Sm.obj
OBJECT_DEF lib/airport/aircraft/airliners/jet_c_ber.obj
OBJECT_DEF lib/airport/Ramp_Equipment/Cargo_Palette_1.obj
OBJECT_DEF lib/airport/Ramp_Equipment/Cargo_Container_6.obj
OBJECT_DEF lib/airport/Ramp_Equipment/Cargo_Container_1.obj
OBJECT_DEF lib/airport/Ramp_Equipment/Cargo_Loader_1.obj
OBJECT_DEF lib/airport/Ramp_Equipment/Belt_Loader.obj
OBJECT_DEF lib/cars/car_static_invar.obj
OBJECT_DEF lib/cars/car_static.obj
OBJECT_DEF lib/cars/car_or_truck.obj
OBJECT_DEF lib/airport/Ramp_Equipment/Tow_Tractor_1.obj
OBJECT_DEF lib/airport/Ramp_Equipment/Luggage_Cart.obj
OBJECT_DEF lib/airport/Ramp_Equipment/Lugg_Train_Straight.obj
OBJECT_DEF lib/airport/Ramp_Equipment/Lugg_Train_Group.obj
OBJECT_DEF lib/airport/Ramp_Equipment/Lugg_Train_3.obj
OBJECT_DEF lib/airport/Ramp_Equipment/GPU_1.obj
OBJECT_DEF lib/airport/Common_Elements/Fueling_Stations/2_horiz_tanks.agp
OBJECT_DEF lib/airport/Ramp_Equipment/Air_Start_1.obj
OBJECT_DEF lib/cars/police_car.obj
OBJECT_DEF lib/cars/car_or_truck_static.obj
OBJECT_DEF lib/airport/Common_Elements/Parking_Items/Row_of_Cars_4.agp
OBJECT_DEF lib/airport/Common_Elements/Parking_Items/Row_of_Cars_6.agp
OBJECT_DEF lib/airport/Common_Elements/Parking_Items/Row_of_Cars_10.agp
OBJECT_DEF lib/airport/Common_Elements/Parking/10_Spaces_dual.obj
OBJECT_DEF lib/airport/Common_Elements/Parking/4space_wStop.obj
OBJECT_DEF lib/airport/Common_Elements/Parking/4_Spaces_Dual.obj
OBJECT_DEF lib/airport/aircraft/general_aviation/helo_a.obj
OBJECT_DEF lib/g10/streetlights/AreaFloodShort.obj
OBJECT_DEF lib/g10/streetlights/AreaFloodHighMast.obj
OBJECT_DEF lib/airport/Common_Elements/Lighting/Dir_Ramp_Lit_Med.obj
OBJECT_DEF lib/airport/Common_Elements/Parking/Ticket_Dispense_Station.obj
OBJECT_DEF lib/g10/US/industrial/light/SiteOffice3x10.obj
OBJECT_DEF lib/airport/Common_Elements/Lighting/Ovrhd_Flood_Med.obj
OBJECT_DEF lib/airport/Common_Elements/Lighting/Dir_Ramp_Lit_Short.obj
OBJECT_DEF lib/airport/Common_Elements/Miscellaneous/Blue_Dumpster_w_wall.obj
OBJECT_DEF lib/airport/Common_Elements/Miscellaneous/Porta_Potty_2.obj
OBJECT_DEF lib/airport/Common_Elements/Miscellaneous/Flagpole.obj
OBJECT_DEF lib/airport/Common_Elements/Miscellaneous/Large_AC_on_Pad.obj
OBJECT_DEF lib/airport/Common_Elements/Miscellaneous/Pad_Tansformer.obj
OBJECT_DEF lib/airport/Common_Elements/Vehicles/Cargo_Truck.obj
OBJECT_DEF lib/airport/Common_Elements/vehicles/Small_Fuel_Truck.obj
OBJECT_DEF lib/g10/streetlights/AreaFloodLrg.obj
OBJECT_DEF lib/g10/US/industrial/light/SiteOffice4x14.obj
OBJECT_DEF lib/g10/US/industrial/light/Warehse13x30Lt.obj
OBJECT_DEF lib/g10/US/industrial/light/TinShed10x30Lt.obj
OBJECT_DEF lib/g10/US/industrial/light/StorSml1p1.obj
OBJECT_DEF lib/g10/US/industrial/light/StorSml1p0.obj
OBJECT_DEF lib/airport/Common_Elements/Parking/6space_wStop.obj
OBJECT_DEF lib/airport/Common_Elements/Misc_Buildings/Fire_Station_Lg.agp
OBJECT_DEF lib/airport/Modern_Airports/Control_Towers/Modern_Tower_3.agp
OBJECT_DEF lib/airport/aircraft/general_aviation/turboprop_b.obj
OBJECT_DEF lib/airport/aircraft/general_aviation/turboprop_a.obj
OBJECT_DEF lib/airport/aircraft/general_aviation/prop_a.obj
OBJECT_DEF lib/airport/aircraft/airliners/prop_a.obj
OBJECT_DEF lib/airport/aircraft/airliners/turboprop_a.obj
OBJECT_DEF lib/airport/aircraft/airliners/jet_c_aza.obj
OBJECT_DEF lib/airport/aircraft/airliners/jet_b_bzh.obj
OBJECT_DEF lib/airport/aircraft/cargo/turboprop_b.obj
OBJECT_DEF lib/airport/aircraft/cargo/turboprop_c.obj
OBJECT_DEF lib/airport/aircraft/general_aviation/jet_a.obj
OBJECT_DEF lib/airport/landscape/radar.obj
OBJECT_DEF lib/airport/aircraft/airliners/turboprop_b.obj
OBJECT_DEF lib/airport/aircraft/airliners/jet_c_dal.obj
OBJECT_DEF lib/airport/Common_Elements/Miscellaneous/Stack_of_Cones.obj
OBJECT_DEF lib/airport/aircraft/military/turboprop_b.obj
OBJECT_DEF lib/dynamic/balloon2.obj
OBJECT_DEF lib/airport/Ramp_Equipment/Cargo_Dolly_1.obj
OBJECT_DEF lib/airport/Ramp_Equipment/Cargo_Palette_2.obj
OBJECT_DEF lib/airport/Common_Elements/Miscellaneous/Sm_Propane_Tank.obj
OBJECT_DEF lib/airport/Ramp_Equipment/Cargo_Pod_Lot.agp
OBJECT_DEF lib/airport/Common_Elements/vehicles/Large_Fuel_Truck.obj
OBJECT_DEF lib/airport/Common_Elements/Miscellaneous/AC_Ground_wFence.agp
OBJECT_DEF lib/airport/Common_Elements/Miscellaneous/AC_Cond_noFence.obj
OBJECT_DEF lib/ships/Frigate.obj
OBJECT_DEF lib/airport/Common_Elements/Parking_Items/Row_of_Cars_2.agp
OBJECT_DEF lib/airport/Ramp_Equipment/Stair_Maint_1.obj
OBJECT_DEF lib/airport/Common_Elements/Miscellaneous/Blue_Dumpster.obj
OBJECT_DEF lib/airport/Common_Elements/Miscellaneous/Tree.obj
OBJECT_DEF lib/g10/US/industrial/light/SiteOffice8x14.obj
OBJECT_DEF lib/airport/aircraft/military/jet_b_aio.obj
OBJECT_DEF lib/airport/Common_Elements/Miscellaneous/Hangar_Construct.obj
POLYGON_DEF lib/airport/pavement/concrete_2D.pol
POLYGON_DEF lib/airport/pavement/asphalt_3L.pol
POLYGON_DEF lib/airport/pavement/asphalt_6L.pol
POLYGON_DEF lib/airport/pavement/asphalt_1D.pol
POLYGON_DEF lib/airport/pavement/concrete_3L.pol
POLYGON_DEF lib/airport/pavement/concrete_4D.pol
POLYGON_DEF lib/airport/pavement/asphalt_2D.pol
POLYGON_DEF lib/airport/pavement/concrete_6L.pol
POLYGON_DEF lib/airport/pavement/concrete_5L.pol
POLYGON_DEF lib/airport/pavement/concrete_5D.pol
POLYGON_DEF lib/g10/terrain10/grass_hot_dry_sflat.pol
POLYGON_DEF lib/g8/orch_tmp_rain.for
POLYGON_DEF lib/g8/mixed_sp_tmp_rain.for
POLYGON_DEF lib/airport/Common_Elements/Hangars/White_Hangar.fac
POLYGON_DEF lib/airport/Common_Elements/Fence_Facades/Fence.fac
POLYGON_DEF lib/airport/Common_Elements/Misc_Buildings/White_Warehouse.fac
POLYGON_DEF lib/airport/Common_Elements/Misc_Buildings/Cargo_Terminal.fac
POLYGON_DEF lib/airport/Common_Elements/Misc_Buildings/White_Office.fac
POLYGON_DEF lib/airport/Modern_Airports/Facades/modern1.fac
POLYGON_DEF lib/g10/autogen/point_building_30x30_10.fac
POLYGON_DEF lib/g10/global_objects/wall_res_stucco.fac
POLYGON_DEF lib/airport/Ramp_Equipment/Covered_Walkway.fac
POLYGON_DEF lib/airport/Modern_Airports/Facades/Garage_1.fac
POLYGON_DEF lib/g10/autogen/point_building_60x60_120.fac
PROPERTY sim/filter/aptid EGJB
PROPERTY sim/exclude_for -2.597472/49.432338/-2.590766/49.436776
PROPERTY sim/exclude_bch -2.597472/49.432338/-2.590766/49.436776
PROPERTY sim/exclude_net -2.597472/49.432338/-2.590766/49.436776
PROPERTY sim/exclude_net -2.601657/49.432051/-2.600311/49.433109
PROPERTY sim/exclude_for -2.605030/49.432852/-2.597423/49.433829
PROPERTY sim/exclude_bch -2.605030/49.432852/-2.597423/49.433829
PROPERTY sim/exclude_net -2.605030/49.432852/-2.597423/49.433829
PROPERTY sim/exclude_for -2.613217/49.433342/-2.604094/49.435989
PROPERTY sim/exclude_bch -2.613217/49.433342/-2.604094/49.435989
PROPERTY sim/exclude_net -2.613217/49.433342/-2.604094/49.435989
PROPERTY sim/exclude_for -2.605247/49.433625/-2.597326/49.438094
PROPERTY sim/exclude_bch -2.605247/49.433625/-2.597326/49.438094
PROPERTY sim/exclude_net -2.605247/49.433625/-2.597326/49.438094
PROPERTY sim/exclude_net -2.615840/49.434411/-2.611110/49.435548
PROPERTY sim/exclude_net -2.590818/49.434190/-2.589617/49.434618
PROPERTY sim/exclude_net -2.590845/49.434600/-2.590335/49.436229
PROPERTY sim/exclude_net -2.590829/49.433041/-2.589555/49.433406
PROPERTY sim/exclude_for -2.590808/49.433331/-2.588912/49.434220
PROPERTY sim/exclude_bch -2.590808/49.433331/-2.588912/49.434220
PROPERTY sim/exclude_net -2.590808/49.433331/-2.588912/49.434220
PROPERTY sim/exclude_net -2.600563/49.431389/-2.593480/49.433374
PROPERTY sim/exclude_for -2.595372/49.431146/-2.595098/49.431437
PROPERTY sim/exclude_net -2.595372/49.431146/-2.595098/49.431437
PROPERTY sim/require_agpoint 1/0
PROPERTY sim/require_object 1/0
PROPERTY sim/require_facade 1/13
PROPERTY sim/require_facade 6/0
