PROPERTY sim/west -180
PROPERTY sim/east 180
PROPERTY sim/north 90
PROPERTY sim/south -90
PROPERTY sim/planet earth
PROPERTY sim/creation_agent WorldEditor1.6.0r1
PROPERTY laminar/internal_revision 0
PROPERTY sim/overlay 1
FILTER 0
FILTER -1
FILTER 0
FILTER -1
FILTER 0
FILTER -1
FILTER 0
FILTER -1
FILTER 0
FILTER -1
FILTER 0
OBJECT 0 -6.536263462 53.542772121 220.910004
OBJECT 0 -6.536418397 53.541993372 19.860001
OBJECT 0 -6.535314195 53.543023249 130.330002
OBJECT 0 -6.535618447 53.542823292 125.989998
OBJECT 1 -6.536952532 53.542977388 207.009995
OBJECT 2 -6.537094507 53.542857081 0.000000
OBJECT 2 -6.537090469 53.542857081 0.000000
OBJECT 2 -6.537074317 53.542866679 0.000000
OBJECT 2 -6.537056914 53.542880526 0.000000
OBJECT 2 -6.537132860 53.542841645 0.000000
OBJECT 3 -6.537134029 53.542876360 108.440002
OBJECT 4 -6.537084932 53.542940171 197.699997
OBJECT 5 -6.537276736 53.542895781 104.860001
OBJECT 5 -6.537290869 53.542872986 110.339996
OBJECT 6 -6.536211308 53.542832451 43.950001
OBJECT 2 -6.535954316 53.542687358 0.000000
OBJECT 2 -6.536097910 53.542768001 0.000000
OBJECT 2 -6.536274485 53.542655416 0.000000
OBJECT 2 -6.536341018 53.542526200 0.000000
OBJECT 2 -6.536547108 53.542153499 0.000000
OBJECT 2 -6.535934375 53.542443078 0.000000
OBJECT 2 -6.536132369 53.542260745 0.000000
OBJECT 7 -6.536339611 53.542545430 108.919998
OBJECT 8 -6.536429355 53.542326256 288.480011
OBJECT 9 -6.535896003 53.542470778 122.379997
OBJECT 9 -6.536148042 53.542217882 114.070000
OBJECT 10 -6.537349415 53.542968965 23.320000
OBJECT 11 -6.537642201 53.542773976 198.059998
OBJECT 12 -6.538722156 53.542829811 106.389999
OBJECT 13 -6.536230834 53.542913100 131.630005
OBJECT 14 -6.535916965 53.542443259 114.849998
OBJECT 14 -6.536113466 53.542237469 124.779999
OBJECT 15 -6.537907946 53.543218955 195.740005
OBJECT 16 -6.536029040 53.542903628 105.120003
OBJECT 16 -6.536022246 53.542892971 330.070007
OBJECT 16 -6.536049420 53.542891033 191.820007
OBJECT 16 -6.536054724 53.542897247 0.000000
OBJECT 16 -6.536078092 53.542911133 0.000000
OBJECT 16 -6.536083934 53.542918076 0.000000
OBJECT 16 -6.536094645 53.542922705 0.000000
OBJECT 16 -6.536107302 53.542928491 0.000000
OBJECT 16 -6.536118013 53.542934276 0.000000
OBJECT 16 -6.536123855 53.542939484 0.000000
OBJECT 16 -6.536255936 53.543273524 0.000000
OBJECT 16 -6.536289856 53.543300878 0.000000
OBJECT 16 -6.536309238 53.543303757 0.000000
OBJECT 16 -6.536328620 53.543296559 0.000000
OBJECT 16 -6.536292278 53.543282162 0.000000
OBJECT 17 -6.536377078 53.543246170 115.019997
OBJECT 16 -6.537489134 53.542802745 0.000000
OBJECT 16 -6.537457638 53.542820022 270.000000
OBJECT 16 -6.537460061 53.542831539 0.000000
OBJECT 16 -6.537493980 53.542828660 0.000000
OBJECT 18 -6.530616350 53.548303445 0.000000
OBJECT 18 -6.530529534 53.548226065 0.000000
OBJECT 18 -6.530434036 53.548009401 0.000000
OBJECT 18 -6.530277766 53.547761785 0.000000
OBJECT 18 -6.528142122 53.544449921 0.000000
OBJECT 18 -6.530052024 53.547452265 0.000000
OBJECT 18 -6.529947846 53.547245919 0.000000
OBJECT 18 -6.529834986 53.547116952 0.000000
OBJECT 18 -6.529444310 53.546461801 0.000000
OBJECT 18 -6.529262004 53.546162598 0.000000
OBJECT 18 -6.529123104 53.545904665 0.000000
OBJECT 18 -6.528932117 53.545667366 0.000000
OBJECT 18 -6.528689043 53.545404274 0.000000
OBJECT 18 -6.528636955 53.545146341 0.000000
OBJECT 18 -6.528419924 53.544909042 0.000000
OBJECT 18 -6.535622543 53.539695086 0.000000
OBJECT 18 -6.535922945 53.539993102 0.000000
OBJECT 18 -6.536131290 53.540209055 45.000000
OBJECT 18 -6.536281493 53.540328549 0.000000
OBJECT 18 -6.536378399 53.540432207 0.000000
OBJECT 18 -6.536606128 53.540592012 0.000000
OBJECT 18 -6.536703034 53.540679833 0.000000
OBJECT 18 -6.536787827 53.540820923 0.000000
OBJECT 18 -6.536923498 53.540967771 0.000000
OBJECT 18 -6.537039786 53.541094464 0.000000
OBJECT 18 -6.537102776 53.541169328 0.000000
OBJECT 18 -6.537173033 53.541293141 0.000000
OBJECT 18 -6.537136696 53.541411196 0.000000
OBJECT 18 -6.537034943 53.541491818 0.000000
OBJECT 18 -6.536899272 53.541583958 225.000000
OBJECT 18 -6.536824168 53.541684737 0.000000
OBJECT 18 -6.536690920 53.541809990 0.000000
OBJECT 18 -6.537430791 53.541462846 0.000000
OBJECT 18 -6.532492363 53.545352899 0.000000
OBJECT 18 -6.532687694 53.545211036 0.000000
OBJECT 18 -6.532948137 53.544927309 0.000000
OBJECT 18 -6.533237515 53.544806940 0.000000
OBJECT 18 -6.533729453 53.544656479 0.000000
OBJECT 18 -6.534358845 53.544192199 0.000000
OBJECT 18 -6.534510770 53.544007347 0.000000
OBJECT 18 -6.534785673 53.543697827 0.000000
OBJECT 18 -6.535031635 53.543551665 0.000000
OBJECT 18 -6.535306534 53.543435595 0.000000
OBJECT 18 -6.535523559 53.543349617 0.000000
OBJECT 18 -6.535697179 53.543246443 0.000000
OBJECT 18 -6.538323149 53.543418399 270.000000
OBJECT 18 -6.538135064 53.543409801 0.000000
OBJECT 18 -6.538113361 53.543396905 0.000000
OBJECT 18 -6.537693786 53.543323823 296.570007
OBJECT 18 -6.537657616 53.543259340 18.430000
OBJECT 18 -6.537686552 53.543216351 0.000000
OBJECT 18 -6.537715488 53.543181960 0.000000
OBJECT 18 -6.537744424 53.543147569 0.000000
OBJECT 18 -6.537780595 53.543091683 0.000000
OBJECT 18 -6.537881871 53.543035798 90.000000
OBJECT 18 -6.537946978 53.543018602 0.000000
OBJECT 18 -6.537990382 53.543018602 0.000000
OBJECT 18 -6.538279745 53.543035798 206.559998
OBJECT 18 -6.538236340 53.543143270 187.119995
OBJECT 18 -6.538250808 53.543194857 153.440002
OBJECT 18 -6.538315915 53.543272237 0.000000
OBJECT 18 -6.538344851 53.543233547 0.000000
OBJECT 18 -6.538409958 53.543156167 0.000000
OBJECT 18 -6.538554639 53.543031499 18.430000
OBJECT 18 -6.538540171 53.543010005 0.000000
OBJECT 18 -6.538431660 53.542958418 270.000000
OBJECT 18 -6.538337617 53.542924027 270.000000
OBJECT 18 -6.538221872 53.542893935 0.000000
OBJECT 18 -6.537997616 53.542889636 180.000000
OBJECT 18 -6.538337612 53.542201813 180.000000
OBJECT 18 -6.538395484 53.542283492 0.000000
OBJECT 18 -6.538171231 53.542365171 0.000000
OBJECT 18 -6.537628682 53.542072847 315.000000
OBJECT 18 -6.537455067 53.542021260 0.000000
OBJECT 18 -6.537209112 53.541961076 296.570007
OBJECT 18 -6.536992093 53.541853603 0.000000
OBJECT 18 -6.537013795 53.541660153 0.000000
OBJECT 18 -6.537266984 53.541608567 0.000000
OBJECT 18 -6.537664852 53.541664452 0.000000
OBJECT 18 -6.537729958 53.541789120 153.440002
OBJECT 18 -6.537874638 53.541845006 90.000000
OBJECT 18 -6.538200167 53.541862201 0.000000
OBJECT 18 -6.538163997 53.541999766 0.000000
OBJECT 18 -6.538453356 53.542038456 0.000000
OBJECT 18 -6.538547397 53.542051352 0.000000
OBJECT 18 -6.538713779 53.541853603 0.000000
OBJECT 18 -6.538728247 53.541879397 165.960007
OBJECT 18 -6.538800587 53.541952478 0.000000
OBJECT 18 -6.538995904 53.541875098 21.799999
OBJECT 18 -6.539039308 53.541789120 0.000000
OBJECT 18 -6.539082712 53.541771924 0.000000
OBJECT 18 -6.539292497 53.541780522 0.000000
OBJECT 18 -6.539292497 53.541840707 251.559998
OBJECT 18 -6.539234625 53.541862201 0.000000
OBJECT 18 -6.539126115 53.541969673 0.000000
OBJECT 18 -6.539176753 53.541986869 0.000000
OBJECT 18 -6.539220157 53.541973972 0.000000
OBJECT 18 -6.539292497 53.541973972 0.000000
OBJECT 19 -6.536119858 53.542804180 223.669998
OBJECT 19 -6.536351859 53.542532743 105.260002
OBJECT 19 -6.536537124 53.542157872 70.349998
OBJECT 20 -6.537318131 53.542725499 106.779999
OBJECT 21 -6.536721776 53.542607560 15.590000
OBJECT 22 -6.536426828 53.542581820 326.309998
OBJECT 22 -6.536296397 53.542933540 132.880005
OBJECT 23 -6.537777882 53.542477449 12.990000
FILTER -1
OBJECT_DEF lib/airport/aircraft/general_aviation/prop_a.obj
OBJECT_DEF lib/g10/US/suburban/dGdnShed.obj
OBJECT_DEF lib/airport/Common_Elements/Miscellaneous/One_Traffic_Cone.obj
OBJECT_DEF lib/airport/Common_Elements/Miscellaneous/Picnic_Table.obj
OBJECT_DEF lib/airport/Common_Elements/Miscellaneous/Porta_Potty_2.obj
OBJECT_DEF lib/airport/Common_Elements/Miscellaneous/Water_Tank_Elev.obj
OBJECT_DEF lib/airport/Common_Elements/Hangars/Sm_Blue_Hangar.agp
OBJECT_DEF lib/airport/Common_Elements/Fueling_Stations/fuel_station_white_avgas100LL.obj
OBJECT_DEF lib/airport/Common_Elements/Hangars/Med_Blue_Hangar.agp
OBJECT_DEF lib/airport/Common_Elements/Barriers/concrete/red_white_stripe_3m.obj
OBJECT_DEF lib/airport/Common_Elements/Barriers/concrete/grey_3m.obj
OBJECT_DEF lib/airport/Common_Elements/Barriers/concrete/grey_6m.obj
OBJECT_DEF lib/airport/Common_Elements/Traffic_Signs/German/no_base/yield.obj
OBJECT_DEF lib/airport/Common_Elements/Parking/4space_wStop.obj
OBJECT_DEF lib/airport/lights/slow/thr_gr.obj
OBJECT_DEF lib/g10/EU/suburban/hRes1_9x12.obj
OBJECT_DEF lib/g10/US/industrial/light/OilDrums.obj
OBJECT_DEF lib/g10/US/industrial/light/SandBunker.obj
OBJECT_DEF lib/airport/Common_Elements/Miscellaneous/Tree.obj
OBJECT_DEF lib/airport/Common_Elements/Lighting/Dir_Ramp_Lit_Med.obj
OBJECT_DEF lib/airport/Common_Elements/Vehicles/caravans/caravan_blue_8m_flattire.obj
OBJECT_DEF lib/airport/Common_Elements/Lighting/Ovrhd_Flood_Med.obj
OBJECT_DEF lib/cars/car_static.obj
OBJECT_DEF lib/g10/US/suburban/dSmlRnchGry.obj
PROPERTY sim/filter/aptid EITT
PROPERTY sim/exclude_obj -6.536689/53.541867/-6.534392/53.543368
PROPERTY sim/exclude_fac -6.536689/53.541867/-6.534392/53.543368
PROPERTY sim/exclude_for -6.536689/53.541867/-6.534392/53.543368
PROPERTY sim/exclude_net -6.536689/53.541867/-6.534392/53.543368
PROPERTY sim/exclude_pol -6.536689/53.541867/-6.534392/53.543368
PROPERTY sim/exclude_for -6.538431/53.541949/-6.536689/53.543135
PROPERTY sim/exclude_net -6.538431/53.541949/-6.536689/53.543135
PROPERTY sim/exclude_obj -6.538801/53.542828/-6.538453/53.542907
PROPERTY sim/exclude_for -6.538801/53.542828/-6.538453/53.542907
PROPERTY sim/exclude_net -6.538801/53.542828/-6.538453/53.542907
PROPERTY sim/require_agpoint 1/0
PROPERTY sim/require_object 1/0
