PROPERTY sim/west -180
PROPERTY sim/east 180
PROPERTY sim/north 90
PROPERTY sim/south -90
PROPERTY sim/planet earth
PROPERTY sim/creation_agent WorldEditor1.6.0b2
PROPERTY laminar/internal_revision 0
PROPERTY sim/overlay 1
FILTER 0
FILTER -1
FILTER 0
FILTER -1
FILTER 0
FILTER -1
FILTER 0
FILTER -1
FILTER 0
FILTER -1
FILTER 0
BEGIN_POLYGON 0 4 2
BEGIN_WINDING
POLYGON_POINT -114.016693434 52.080762868
POLYGON_POINT -114.016652438 52.080765388
POLYGON_POINT -114.016634002 52.081256689
POLYGON_POINT -114.016049796 52.081257948
POLYGON_POINT -114.016057995 52.081314637
END_WINDING
END_POLYGON
BEGIN_POLYGON 0 4 2
BEGIN_WINDING
POLYGON_POINT -114.016062095 52.081349910
POLYGON_POINT -114.016057995 52.081478404
POLYGON_POINT -114.016066195 52.081658547
END_WINDING
END_POLYGON
BEGIN_POLYGON 0 4 2
BEGIN_WINDING
POLYGON_POINT -114.014083995 52.081839951
POLYGON_POINT -114.014079868 52.081877743
POLYGON_POINT -114.014088068 52.082182601
END_WINDING
END_POLYGON
BEGIN_POLYGON 0 4 2
BEGIN_WINDING
POLYGON_POINT -114.014079868 52.082260706
POLYGON_POINT -114.014086018 52.082556746
POLYGON_POINT -114.015219607 52.082568083
END_WINDING
END_POLYGON
OBJECT 0 -114.014264664 52.076023245 0.000000
OBJECT 0 -114.016141620 52.073466575 351.869995
OBJECT 0 -114.016018252 52.073390741 0.000000
OBJECT 0 -114.014061988 52.072166573 0.000000
OBJECT 0 -114.014158920 52.072253240 148.000000
OBJECT 0 -114.014573084 52.072513240 139.580002
OBJECT 0 -114.014722888 52.072632407 143.970001
OBJECT 0 -114.015084180 52.072843657 132.440002
OBJECT 0 -114.015278044 52.072946574 133.029999
OBJECT 0 -114.015560028 52.073065741 132.710007
OBJECT 0 -114.015771516 52.073211991 138.820007
OBJECT 0 -114.016079936 52.073282408 119.750000
OBJECT 0 -114.016256176 52.073369075 128.660004
OBJECT 0 -114.016458852 52.073412408 90.000000
OBJECT 0 -114.021287523 52.084321590 0.000000
OBJECT 0 -114.021481422 52.084256590 68.199997
OBJECT 0 -114.019877347 52.084852424 0.000000
OBJECT 0 -114.016395977 52.083882840 164.750000
OBJECT 0 -114.016422417 52.083996590 169.699997
OBJECT 0 -114.016484113 52.084121173 168.690002
OBJECT 0 -114.016501740 52.084218673 168.690002
OBJECT 0 -114.016607503 52.084386590 154.800003
OBJECT 0 -114.016722080 52.084489507 145.009995
OBJECT 0 -114.016836656 52.084554507 131.190002
OBJECT 0 -114.017056996 52.084624924 113.970001
OBJECT 0 -114.017330218 52.084727841 124.510002
OBJECT 0 -114.017515303 52.084819924 135.000000
OBJECT 0 -114.017762084 52.084868674 116.570000
OBJECT 0 -114.018097001 52.084939091 113.629997
OBJECT 0 -114.018370222 52.084960758 101.309998
OBJECT 0 -114.025659067 52.084765758 75.959999
OBJECT 0 -114.026029238 52.084684507 66.800003
OBJECT 0 -114.026311273 52.084652007 79.989998
OBJECT 0 -114.026513986 52.084597841 64.980003
OBJECT 0 -114.026663817 52.084549091 54.459999
OBJECT 0 -114.027183819 52.084467840 77.000000
OBJECT 0 -114.027527550 52.084446174 75.959999
OBJECT 0 -114.027756703 52.084392007 65.220001
OBJECT 0 -114.028294333 52.084354090 83.660004
OBJECT 0 -114.028488232 52.084327007 67.379997
OBJECT 0 -114.028770267 52.084278257 72.900002
OBJECT 0 -114.029158065 52.084213257 69.440002
OBJECT 0 -114.029466541 52.084159090 67.750000
OBJECT 0 -114.029977730 52.084056173 68.199997
OBJECT 0 -114.030356714 52.083964090 62.240002
OBJECT 0 -114.031070616 52.083823256 69.669998
OBJECT 0 -114.031476041 52.083779923 77.000000
OBJECT 0 -114.031810958 52.083742006 74.470001
OBJECT 0 -114.032339774 52.083704089 80.540001
OBJECT 0 -114.032568927 52.083677006 33.689999
OBJECT 0 -114.033044862 52.083617423 70.199997
OBJECT 0 -114.033309270 52.083574089 65.550003
OBJECT 0 -114.033556050 52.083530756 61.389999
OBJECT 0 -114.033644186 52.083498256 30.959999
OBJECT 0 -114.033741136 52.083460339 45.000000
OBJECT 0 -114.033935035 52.083433256 75.959999
OBJECT 0 -114.031236719 52.074300743 296.570007
OBJECT 0 -114.031148595 52.074300743 270.000000
OBJECT 0 -114.030954724 52.074279076 280.309998
OBJECT 0 -114.030514106 52.074230326 285.950012
OBJECT 0 -114.030267361 52.074186992 286.929993
OBJECT 0 -114.030029427 52.074127409 296.570007
OBJECT 0 -114.029826743 52.074094909 283.000000
OBJECT 0 -114.029597622 52.074062409 294.440002
OBJECT 0 -114.029333252 52.074029909 281.309998
OBJECT 0 -114.029148192 52.074008242 277.130005
OBJECT 0 -114.028769261 52.074002826 271.910004
OBJECT 0 -114.028504891 52.073986575 276.709991
OBJECT 0 -114.028363893 52.073954075 294.440002
OBJECT 0 -114.027949713 52.073872825 292.070007
OBJECT 0 -114.027509096 52.073796992 290.320007
OBJECT 0 -114.027288787 52.073764492 293.959991
OBJECT 0 -114.026927481 52.073759075 272.489990
OBJECT 0 -114.026337053 52.073715742 281.769989
OBJECT 0 -114.025729001 52.074246576 0.000000
OBJECT 0 -114.025667315 52.073981159 356.049988
OBJECT 0 -114.025588004 52.073731992 338.200012
OBJECT 0 -114.025535130 52.073618242 0.000000
OBJECT 0 -114.018414752 52.073910742 0.000000
OBJECT 0 -114.018062258 52.073824075 292.619995
OBJECT 0 -114.017515893 52.073699492 294.230011
OBJECT 0 -114.017454206 52.073661575 296.570007
OBJECT 0 -114.017163399 52.073607408 289.980011
OBJECT 0 -114.016934278 52.073574908 0.000000
OBJECT 0 -114.016167603 52.073580325 177.139999
OBJECT 0 -114.016211665 52.073672408 167.009995
OBJECT 0 -114.016246915 52.073699492 161.570007
OBJECT 0 -114.016282164 52.073910742 167.009995
OBJECT 0 -114.016299789 52.074013659 175.240005
OBJECT 0 -114.016335038 52.074235743 173.880005
OBJECT 0 -114.016343850 52.074403659 180.000000
OBJECT 0 -114.016343850 52.074533660 180.000000
OBJECT 0 -114.016343850 52.074604076 180.000000
OBJECT 0 -114.016343850 52.074880327 180.000000
OBJECT 0 -114.016343850 52.074988660 180.000000
OBJECT 0 -114.016335038 52.075243244 180.000000
OBJECT 0 -114.016335038 52.075291994 180.000000
OBJECT 0 -114.016335038 52.075476161 180.000000
OBJECT 0 -114.016335038 52.075557411 180.000000
OBJECT 0 -114.016343850 52.075741578 176.820007
OBJECT 0 -114.016343850 52.075871578 180.000000
OBJECT 0 -114.016335038 52.076001578 180.000000
OBJECT 0 -114.016335038 52.076229079 180.000000
OBJECT 0 -114.016379100 52.076396996 172.880005
OBJECT 0 -114.016387912 52.076510746 180.000000
OBJECT 0 -114.016370287 52.076646163 187.119995
OBJECT 0 -114.016387912 52.076830330 180.000000
OBJECT 0 -114.016396725 52.077025330 177.610001
OBJECT 0 -114.016387912 52.077382830 181.679993
OBJECT 0 -114.016387912 52.077485747 180.000000
OBJECT 0 -114.016387912 52.077572414 180.000000
OBJECT 0 -114.016387912 52.077664497 180.000000
OBJECT 0 -114.016405537 52.077783664 180.000000
OBJECT 0 -114.016335038 52.077989498 195.940002
OBJECT 0 -114.016327528 52.078154932 161.570007
OBJECT 0 -114.016404032 52.078305395 166.500000
OBJECT 0 -114.016419333 52.078452724 180.000000
OBJECT 0 -114.016424433 52.078631399 180.000000
OBJECT 0 -114.016424433 52.078788131 180.000000
OBJECT 0 -114.016424433 52.078963672 180.000000
OBJECT 0 -114.016419333 52.079104731 182.729996
OBJECT 0 -114.016419333 52.079214444 183.179993
OBJECT 0 -114.016424433 52.079352368 180.000000
OBJECT 0 -114.016419333 52.079458946 182.860001
OBJECT 0 -114.016419333 52.079521639 180.000000
OBJECT 0 -114.016409132 52.079637621 182.119995
OBJECT 0 -114.016398932 52.079778681 180.000000
OBJECT 0 -114.016398932 52.079932278 180.000000
OBJECT 0 -114.016409132 52.079991837 172.880005
OBJECT 0 -114.016419333 52.080048260 173.660004
OBJECT 0 -114.016404032 52.080233205 180.000000
OBJECT 0 -114.015853203 52.081593643 0.000000
OBJECT 0 -114.015496184 52.081277043 0.000000
OBJECT 0 -114.015118763 52.081255101 0.000000
OBJECT 0 -114.016460135 52.080838192 0.000000
OBJECT 0 -114.016332628 52.080813115 0.000000
OBJECT 0 -114.016062154 52.081762914 0.000000
OBJECT 0 -114.016011149 52.081762914 270.000000
OBJECT 0 -114.015822430 52.081759779 279.459991
OBJECT 0 -114.015424592 52.081809934 270.000000
OBJECT 0 -114.015383788 52.081803664 0.000000
OBJECT 0 -114.015312381 52.081806799 270.000000
OBJECT 0 -114.015235873 52.081816203 251.559998
OBJECT 0 -114.015108361 52.081835011 270.000000
OBJECT 0 -114.015052255 52.081844415 248.199997
OBJECT 0 -114.014945145 52.081856953 261.869995
OBJECT 0 -114.014945145 52.081856953 0.000000
OBJECT 0 -114.014797231 52.081847549 296.570007
OBJECT 0 -114.014690120 52.081850684 0.000000
OBJECT 0 -114.014236176 52.081838145 0.000000
OBJECT 0 -114.014200472 52.081835011 0.000000
OBJECT 0 -114.014113764 52.081844415 0.000000
OBJECT 0 -114.014016855 52.081847549 0.000000
OBJECT 0 -114.013914845 52.081863223 0.000000
OBJECT 0 -114.016393088 52.083781802 0.000000
OBJECT 0 -114.016357667 52.083130564 0.000000
OBJECT 0 -114.016381281 52.083010838 26.559999
OBJECT 0 -114.016375377 52.082744175 0.000000
OBJECT 0 -114.016372426 52.082673428 0.000000
OBJECT 0 -114.016387185 52.082591796 0.000000
OBJECT 0 -114.016419654 52.082452116 0.000000
OBJECT 0 -114.016959830 52.082277969 135.000000
OBJECT 0 -114.016998204 52.082308807 153.440002
OBJECT 0 -114.017069046 52.082359600 138.009995
OBJECT 0 -114.017228443 52.082414021 122.010002
OBJECT 0 -114.017352417 52.082461186 128.660004
OBJECT 0 -114.017449826 52.082502909 122.010002
OBJECT 0 -114.017547235 52.082517421 110.559998
OBJECT 0 -114.017650547 52.082533747 90.000000
OBJECT 0 -114.017809944 52.082531933 45.000000
OBJECT 0 -114.017948678 52.082530119 0.000000
OBJECT 0 -114.018102170 52.082713337 0.000000
OBJECT 0 -114.018211386 52.082715151 101.309998
OBJECT 0 -114.018350120 52.082715151 90.000000
OBJECT 0 -114.018459336 52.082715151 90.000000
OBJECT 0 -114.018580359 52.082715151 90.000000
OBJECT 0 -114.018710237 52.082716965 90.000000
OBJECT 0 -114.018834212 52.082716965 90.000000
OBJECT 0 -114.018937525 52.082716965 90.000000
OBJECT 0 -114.019079210 52.082716965 90.000000
OBJECT 0 -114.019170715 52.082716965 90.000000
OBJECT 0 -114.019341919 52.082722407 0.000000
OBJECT 0 -114.019468845 52.082726035 0.000000
OBJECT 0 -114.019560351 52.082720593 0.000000
OBJECT 1 -114.016854975 52.082010678 0.000000
OBJECT 1 -114.017623525 52.082013354 0.000000
OBJECT 1 -114.017625703 52.081696251 0.000000
OBJECT 1 -114.017762866 52.081702941 0.000000
OBJECT 1 -114.020057632 52.082739881 0.000000
OBJECT 1 -114.019208525 52.082069549 0.000000
OBJECT 1 -114.019178044 52.082330457 0.000000
OBJECT 1 -114.020623625 52.074850322 0.000000
OBJECT 1 -114.022403195 52.074222582 0.000000
OBJECT 1 -114.022499339 52.074580494 0.000000
OBJECT 1 -114.022071226 52.074582724 0.000000
OBJECT 1 -114.021294818 52.074859242 0.000000
OBJECT 1 -114.021071692 52.075075550 0.000000
OBJECT 1 -114.033806945 52.078279845 0.000000
OBJECT 1 -114.033796381 52.079296345 0.000000
OBJECT 1 -114.033224904 52.078403424 0.000000
OBJECT 1 -114.033447145 52.078630138 0.000000
OBJECT 1 -114.033450169 52.079182987 0.000000
OBJECT 1 -114.020613155 52.082974972 0.000000
OBJECT 1 -114.021075818 52.082738966 0.000000
OBJECT 1 -114.021278422 52.082957318 0.000000
OBJECT 1 -114.022495569 52.083239783 0.000000
OBJECT 1 -114.022397290 52.083604942 0.000000
OBJECT 1 -114.022051047 52.083237924 0.000000
OBJECT 2 -114.014616108 52.082408417 359.929993
OBJECT 2 -114.014976250 52.082411644 0.000000
OBJECT 2 -114.015287043 52.082409063 0.000000
OBJECT 2 -114.015567387 52.082407772 0.000000
OBJECT 3 -114.016804919 52.080888998 90.000000
OBJECT 3 -114.016789725 52.081009061 90.000000
OBJECT 3 -114.016795554 52.081131885 89.360001
OBJECT 2 -114.016784291 52.080502352 90.650002
OBJECT 2 -114.017242064 52.080266191 270.000000
OBJECT 2 -114.017215816 52.080487512 271.130005
OBJECT 2 -114.017478303 52.080868208 90.400002
OBJECT 3 -114.016983779 52.080884362 269.549988
OBJECT 3 -114.016974809 52.081013288 270.540009
OBJECT 3 -114.016977194 52.081126723 270.399994
OBJECT 4 -114.015783316 52.081440611 90.000000
OBJECT 5 -114.016884612 52.081713212 90.000000
OBJECT 6 -114.014769203 52.082062101 181.399994
OBJECT 6 -114.015064384 52.082063361 180.000000
FILTER -1
OBJECT_DEF lib/g10/forests/autogen_tree_any.obj
OBJECT_DEF lib/airport/lights/slow/taxi_edge.obj
OBJECT_DEF lib/airport/Common_Elements/Hangars/Sm_Gray_Hangar.agp
OBJECT_DEF lib/airport/Common_Elements/Hangars/Sm_Brown_Hangar.agp
OBJECT_DEF lib/airport/Common_Elements/Miscellaneous/Const_Trailer.agp
OBJECT_DEF lib/airport/Common_Elements/Fueling_Stations/Small_Fuel_Station.obj
OBJECT_DEF lib/airport/Common_Elements/Hangars/Sm_Blue_Hangar.agp
POLYGON_DEF lib/airport/Common_Elements/Fence_Facades/Fence.fac
PROPERTY sim/filter/aptid EM4
PROPERTY sim/exclude_obj -114.034139/52.073498/-114.013916/52.083841
PROPERTY sim/exclude_for -114.034139/52.073498/-114.013916/52.083841
PROPERTY sim/require_agpoint 1/0
PROPERTY sim/require_object 1/0
PROPERTY sim/require_facade 1/0
