PROPERTY sim/west -180
PROPERTY sim/east 180
PROPERTY sim/north 90
PROPERTY sim/south -90
PROPERTY sim/planet earth
PROPERTY sim/creation_agent WorldEditor1.6.1r1
PROPERTY laminar/internal_revision 0
PROPERTY sim/overlay 1
FILTER 0
BEGIN_POLYGON 0 0 4
BEGIN_WINDING
POLYGON_POINT 16.628945253 77.906541618 16.628945253 77.906541618
POLYGON_POINT 16.629165267 77.880828838 16.629165267 77.880828838
POLYGON_POINT 16.650726626 77.880135148 16.654210823 77.880366378
POLYGON_POINT 16.662387360 77.881383790 16.665872005 77.881268175
POLYGON_POINT 16.667959896 77.880034949 16.670344126 77.879495412
POLYGON_POINT 16.676673094 77.880782592 16.678516663 77.881107834
POLYGON_POINT 16.702650529 77.887627001 16.702650529 77.887627001
POLYGON_POINT 16.705346133 77.888485288 16.705346133 77.888485288
POLYGON_POINT 16.712517594 77.890288056 16.712517594 77.890288056
POLYGON_POINT 16.714287186 77.890771272 16.714534415 77.890900942
POLYGON_POINT 16.714213073 77.891186200 16.714398495 77.891302903
POLYGON_POINT 16.715881309 77.891607607 16.715881309 77.891607607
POLYGON_POINT 16.720132303 77.892555454 16.720132303 77.892555454
POLYGON_POINT 16.723409111 77.893280278 16.723409111 77.893280278
POLYGON_POINT 16.726597357 77.893744909 16.727724788 77.893850720
POLYGON_POINT 16.729165666 77.893428960 16.729610705 77.893391615
POLYGON_POINT 16.730228415 77.893577642 16.730406430 77.893683453
POLYGON_POINT 16.729741492 77.894057438 16.730038184 77.894169473
POLYGON_POINT 16.733412739 77.894635513 16.734065493 77.894784893
POLYGON_POINT 16.735401331 77.895406280 16.736143151 77.895512091
POLYGON_POINT 16.740755233 77.895534741 16.741556398 77.895516069
POLYGON_POINT 16.748250695 77.895085127 16.749568213 77.895197162
POLYGON_POINT 16.747179915 77.896498200 16.747179915 77.896498200
POLYGON_POINT 16.743355699 77.897879157 16.743426916 77.898237668
POLYGON_POINT 16.746262103 77.898938961 16.747223747 77.899260128
POLYGON_POINT 16.748302276 77.900370018 16.747946051 77.900915254
POLYGON_POINT 16.744077623 77.902367845 16.744077623 77.902367845
POLYGON_POINT 16.742229338 77.904199187 16.742229338 77.904199187
POLYGON_POINT 16.743285501 77.906141520 16.743285501 77.906141520
POLYGON_POINT 16.766785130 77.911247079 16.766785130 77.911247079
POLYGON_POINT 16.772329986 77.915686695 16.772329986 77.915686695
POLYGON_POINT 16.730559513 77.916474727 16.730559513 77.916474727
POLYGON_POINT 16.687198969 77.914887564 16.687198969 77.914887564
POLYGON_POINT 16.654189495 77.912049909 16.654189495 77.912049909
END_WINDING
BEGIN_WINDING
POLYGON_POINT 16.702957506 77.893147678 16.702957506 77.893147678
POLYGON_POINT 16.702957506 77.893147678 16.702872088 77.892941534
POLYGON_POINT 16.702575138 77.892612424 16.702575138 77.892612424
POLYGON_POINT 16.702065313 77.891220762 16.702065313 77.891220762
POLYGON_POINT 16.703467330 77.890364354 16.704278742 77.890247838
POLYGON_POINT 16.707545924 77.890043201 16.707767251 77.889810886
POLYGON_POINT 16.706781187 77.889561472 16.706226011 77.889489770
POLYGON_POINT 16.702957506 77.889641760 16.701761742 77.889731388
POLYGON_POINT 16.702957506 77.889641760 16.702957506 77.889641760
POLYGON_POINT 16.702957506 77.889641760 16.702014593 77.889712436
POLYGON_POINT 16.698019460 77.889989424 16.695457050 77.889989424
POLYGON_POINT 16.693270846 77.889481184 16.693270846 77.889481184
POLYGON_POINT 16.685623483 77.888785353 16.683701675 77.889000460
POLYGON_POINT 16.684858746 77.890337591 16.684858746 77.890337591
POLYGON_POINT 16.688172604 77.892050406 16.690222532 77.892588173
POLYGON_POINT 16.695182687 77.893120916 16.695182687 77.893120916
POLYGON_POINT 16.701810401 77.893709696 16.703006251 77.893682808
POLYGON_POINT 16.702957506 77.893147678 16.702872088 77.892941534
END_WINDING
BEGIN_WINDING
POLYGON_POINT 16.693018709 77.901804103 16.693018709 77.901804103
POLYGON_POINT 16.682895466 77.901202905 16.682895466 77.901202905
POLYGON_POINT 16.678494056 77.901572873 16.678494056 77.901572873
POLYGON_POINT 16.663309191 77.903052745 16.663309191 77.903052745
POLYGON_POINT 16.655606724 77.903977665 16.655606724 77.903977665
POLYGON_POINT 16.641082070 77.904717601 16.641082070 77.904717601
POLYGON_POINT 16.645263410 77.905596275 16.645263410 77.905596275
POLYGON_POINT 16.659567993 77.905919997 16.659567993 77.905919997
POLYGON_POINT 16.676733492 77.904995077 16.677833845 77.904948831
POLYGON_POINT 16.697860261 77.903653943 16.697860261 77.903653943
POLYGON_POINT 16.704242305 77.901942841 16.704242305 77.901942841
END_WINDING
BEGIN_WINDING
POLYGON_POINT 16.662869050 77.895237170 16.662869050 77.895237170
POLYGON_POINT 16.662869050 77.895237170 16.661228578 77.895333968
POLYGON_POINT 16.658467640 77.895745876 16.657596139 77.896014760
POLYGON_POINT 16.654286301 77.897595716 16.655106537 77.897843089
POLYGON_POINT 16.665069755 77.896763288 16.665069755 77.896763288
POLYGON_POINT 16.675633140 77.895468400 16.675274305 77.895242538
POLYGON_POINT 16.662869050 77.895237170 16.661228578 77.895333968
END_WINDING
BEGIN_WINDING
POLYGON_POINT 16.651205313 77.890427585 16.651205313 77.890427585
POLYGON_POINT 16.645703551 77.890843800 16.644366852 77.891106222
POLYGON_POINT 16.642402493 77.892184934 16.642894484 77.892520500
POLYGON_POINT 16.647023974 77.892508656 16.649114936 77.892444124
POLYGON_POINT 16.654066230 77.891814966 16.654066230 77.891814966
POLYGON_POINT 16.660008134 77.890797553 16.659085650 77.890410361
END_WINDING
END_POLYGON
BEGIN_POLYGON 0 0 4
BEGIN_WINDING
POLYGON_POINT 16.815338343 77.880678409 16.815338343 77.880678409
POLYGON_POINT 16.811161173 77.882944464 16.810281768 77.883776892
POLYGON_POINT 16.806104598 77.885395502 16.802934241 77.886076961
POLYGON_POINT 16.792253981 77.887337834 16.792253981 77.887337834
POLYGON_POINT 16.781920982 77.888309000 16.777497228 77.888324488
POLYGON_POINT 16.761914535 77.887384080 16.760131892 77.887396987
POLYGON_POINT 16.756638110 77.887892786 16.755224289 77.887918599
POLYGON_POINT 16.752680790 77.887846540 16.752680790 77.887846540
POLYGON_POINT 16.747404365 77.888262754 16.746696427 77.888021146
POLYGON_POINT 16.752680790 77.886320422 16.753315769 77.886099900
POLYGON_POINT 16.753120493 77.883776892 16.752295381 77.883479003
POLYGON_POINT 16.743227195 77.881557084 16.742710406 77.881039039
POLYGON_POINT 16.745205854 77.880215949 16.745205854 77.880215949
POLYGON_POINT 16.755538854 77.879152291 16.755538854 77.879152291
POLYGON_POINT 16.777523960 77.878921061 16.777523960 77.878921061
POLYGON_POINT 16.771807833 77.880354687 16.769759454 77.880709614
POLYGON_POINT 16.765053325 77.881015030 16.762544062 77.881111828
POLYGON_POINT 16.758616769 77.881557084 16.758192080 77.882102362
POLYGON_POINT 16.763893195 77.885487994 16.766146411 77.885982740
POLYGON_POINT 16.771587982 77.886597898 16.774763285 77.886694696
POLYGON_POINT 16.782825330 77.885968740 16.784361767 77.885527771
POLYGON_POINT 16.784213165 77.883638174 16.783137659 77.883143428
POLYGON_POINT 16.784119492 77.882343266 16.784119492 77.882343266
POLYGON_POINT 16.795657874 77.879018478 16.795657874 77.879018478
POLYGON_POINT 16.817317002 77.879152291 16.817317002 77.879152291
END_WINDING
END_POLYGON
FILTER -1
FILTER 0
FILTER -1
FILTER 0
FILTER -1
FILTER 0
FILTER -1
FILTER 0
FILTER -1
FILTER 0
OBJECT 0 16.716313794 77.893306931 308.799988
OBJECT 0 16.714964711 77.892991578 308.799988
OBJECT 1 16.720208484 77.897097598 313.399994
OBJECT 2 16.715792365 77.893179136 0.000000
OBJECT 2 16.714398258 77.892851580 0.000000
OBJECT 3 16.714052775 77.891879170 309.809998
OBJECT 3 16.713281870 77.891685107 309.809998
OBJECT 4 16.721497235 77.897907612 0.000000
OBJECT 5 16.722209406 77.894593578 131.139999
OBJECT 6 16.720488335 77.897091718 134.479996
OBJECT 7 16.721930217 77.897287995 238.040009
OBJECT 7 16.721716740 77.897274040 334.880005
OBJECT 7 16.721521441 77.897258377 62.349998
OBJECT 7 16.721316470 77.897240959 325.489990
OBJECT 7 16.721140256 77.897221559 323.429993
OBJECT 7 16.719925223 77.896906129 301.429993
OBJECT 7 16.719956337 77.896939837 308.000000
OBJECT 7 16.719991985 77.896966600 308.410004
OBJECT 7 16.720072458 77.896991093 311.630005
OBJECT 7 16.720157166 77.897012829 311.989990
OBJECT 7 16.720271008 77.897038792 49.900002
OBJECT 6 16.720849090 77.897173211 129.050003
OBJECT 8 16.720692152 77.897128204 312.839996
OBJECT 9 16.711773617 77.891336136 0.000000
OBJECT 10 16.728873646 77.895331790 0.000000
OBJECT 10 16.726946088 77.894955568 0.000000
OBJECT 10 16.726859029 77.895351403 0.000000
OBJECT 11 16.722519195 77.899188221 42.040001
OBJECT 11 16.724184610 77.899042674 42.040001
OBJECT 11 16.711319409 77.891749005 42.040001
OBJECT 11 16.717181176 77.893484118 42.040001
OBJECT 11 16.715120189 77.892557602 42.040001
FILTER -1
OBJECT_DEF lib/airport/European_Airports/hangars/28x26x6_Norway.obj
OBJECT_DEF lib/airport/European_Airports/towers/Norway_8m.obj
OBJECT_DEF lib/airport/European_Airports/silos/16m_tan_white.obj
OBJECT_DEF lib/airport/European_Airports/hangars/25x20x5_solar.obj
OBJECT_DEF lib/airport/Common_Elements/Miscellaneous/Const_Trailer.agp
OBJECT_DEF lib/airport/Common_Elements/Misc_Buildings/Small_Office_3.agp
OBJECT_DEF lib/airport/Common_Elements/Lighting/Dir_Ramp_Lit_Short.obj
OBJECT_DEF lib/airport/Common_Elements/Markers/Cones/Square_Yellow_Black.obj
OBJECT_DEF lib/airport/Common_Elements/Hangars/Sm_Orange_Hangar.agp
OBJECT_DEF lib/airport/Common_Elements/Fuel_Storage/Sing_Tank_Small.obj
OBJECT_DEF lib/airport/Common_Elements/Fuel_Storage/Sing_Tank_Medium.obj
OBJECT_DEF lib/airport/Vintage_Airports/Hangars/Corrugated_Row.agp
POLYGON_DEF lib/g10/terrain10/ice_vcld_sdry_flat_lo.pol
PROPERTY sim/filter/aptid ENSA
PROPERTY sim/require_agpoint 1/0
PROPERTY sim/require_object 1/0
PROPERTY sim/require_facade 6/0
