PROPERTY sim/west -180
PROPERTY sim/east 180
PROPERTY sim/north 90
PROPERTY sim/south -90
PROPERTY sim/planet earth
PROPERTY sim/creation_agent WorldEditor1.4.0r2
PROPERTY laminar/internal_revision 0
PROPERTY sim/overlay 1
OBJECT 0 24.527190259 56.816152490 0.000000
OBJECT 0 24.527062119 56.816151789 0.000000
OBJECT 0 24.526933354 56.816152076 0.000000
OBJECT 0 24.526805233 56.816151560 0.000000
OBJECT 0 24.527237109 56.815913888 0.000000
OBJECT 0 24.527109287 56.815907186 0.000000
OBJECT 0 24.526974597 56.815900157 0.000000
OBJECT 0 24.526842297 56.815893456 0.000000
OBJECT 0 24.530463880 56.816080212 0.000000
OBJECT 0 24.530499730 56.815873696 0.000000
OBJECT 0 24.520668201 56.815366999 0.000000
OBJECT 0 24.520632808 56.815573107 0.000000
OBJECT 0 24.522307022 56.815451458 0.000000
OBJECT 0 24.521487129 56.815409218 0.000000
OBJECT 0 24.524765042 56.815578316 0.000000
OBJECT 0 24.523944993 56.815536052 0.000000
OBJECT 0 24.527222807 56.815705017 0.000000
OBJECT 0 24.526402902 56.815662771 0.000000
OBJECT 0 24.528859975 56.815789432 0.000000
OBJECT 0 24.529679699 56.815831701 0.000000
OBJECT 0 24.528004852 56.815953280 0.000000
OBJECT 0 24.528824290 56.815995515 0.000000
OBJECT 0 24.529644026 56.816037841 0.000000
OBJECT 0 24.525545852 56.815826556 0.000000
OBJECT 0 24.526365243 56.815868723 0.000000
OBJECT 0 24.523091672 56.815699730 0.000000
OBJECT 0 24.523906400 56.815741942 0.000000
OBJECT 0 24.524726157 56.815784193 0.000000
OBJECT 0 24.522272097 56.815657550 0.000000
OBJECT 0 24.521452276 56.815615440 180.000000
OBJECT 0 24.523126135 56.815493745 0.000000
OBJECT 0 24.525583849 56.815620505 0.000000
OBJECT 0 24.528041759 56.815747235 0.000000
OBJECT_DEF lib/airport/Common_Elements/Miscellaneous/One_Traffic_Cone.obj
PROPERTY sim/require_agpoint 1/0
PROPERTY sim/require_object 1/0
