PROPERTY sim/west -180
PROPERTY sim/east 180
PROPERTY sim/north 90
PROPERTY sim/south -90
PROPERTY sim/planet earth
PROPERTY sim/creation_agent WorldEditor1.4.1r1
PROPERTY laminar/internal_revision 0
PROPERTY sim/overlay 1
BEGIN_POLYGON 0 15 2
BEGIN_WINDING
POLYGON_POINT 30.324546250 -23.825062705
POLYGON_POINT 30.332773752 -23.818649379
POLYGON_POINT 30.331979763 -23.817934481
POLYGON_POINT 30.320889670 -23.826565593
POLYGON_POINT 30.321210173 -23.827215018
POLYGON_POINT 30.326427326 -23.828812952
POLYGON_POINT 30.326382933 -23.829212674
POLYGON_POINT 30.326848352 -23.829315679
END_WINDING
END_POLYGON
OBJECT 0 30.323898471 -23.826072005 274.855804
OBJECT 1 30.326221534 -23.828366358 327.339996
OBJECT 1 30.322788384 -23.827096505 158.360001
OBJECT 1 30.324329458 -23.825510988 141.830002
OBJECT 1 30.324215378 -23.825595687 139.559998
OBJECT 2 30.322690868 -23.826964059 0.000000
OBJECT 2 30.323848918 -23.827316586 0.000000
OBJECT 2 30.323982540 -23.827369731 0.000000
OBJECT 2 30.324325308 -23.827483106 0.000000
OBJECT 2 30.326490368 -23.828755039 0.000000
OBJECT 2 30.326532972 -23.828675322 0.000000
OBJECT 2 30.326560083 -23.828583204 0.000000
OBJECT 2 30.326589132 -23.828515887 0.000000
OBJECT 2 30.326637545 -23.828436170 270.000000
OBJECT 2 30.326641418 -23.828368853 0.000000
OBJECT 2 30.327100382 -23.828861328 0.000000
OBJECT 2 30.327164289 -23.828701894 90.000000
OBJECT 2 30.326922217 -23.828243077 0.000000
OBJECT 2 30.326645292 -23.828110215 0.000000
OBJECT 2 30.325919089 -23.827201439 0.000000
OBJECT 2 30.325711881 -23.827141208 0.000000
OBJECT 2 30.324577081 -23.824955185 45.000000
OBJECT 2 30.324513176 -23.824988843 71.559998
OBJECT 2 30.324424097 -23.825024273 53.130001
OBJECT 2 30.324488002 -23.825068560 0.000000
OBJECT 2 30.324548033 -23.825109305 180.000000
OBJECT 2 30.324513176 -23.825150049 0.000000
OBJECT 2 30.324447335 -23.825180164 0.000000
OBJECT 3 30.325291902 -23.824526083 0.000000
OBJECT 3 30.325250656 -23.824565161 90.000000
OBJECT 3 30.325194680 -23.824600197 75.959999
OBJECT 3 30.325146069 -23.824635233 0.000000
OBJECT 3 30.325090092 -23.824666227 90.000000
OBJECT 3 30.325045901 -23.824702611 53.130001
OBJECT 3 30.324985505 -23.824748427 0.000000
OBJECT 3 30.324939840 -23.824800981 0.000000
OBJECT 3 30.324873553 -23.824849493 0.000000
OBJECT 3 30.324808738 -23.824896657 0.000000
OBJECT 3 30.324758654 -23.824947863 0.000000
OBJECT 3 30.324683528 -23.825007155 0.000000
OBJECT 3 30.324596965 -23.825069108 0.000000
OBJECT 4 30.323359398 -23.826294384 0.000000
OBJECT 4 30.323318965 -23.826430003 0.000000
OBJECT 4 30.323322641 -23.826363875 0.000000
OBJECT 4 30.324289350 -23.825090621 0.000000
OBJECT 4 30.324355512 -23.825146662 0.000000
OBJECT 4 30.324397170 -23.825211670 0.000000
OBJECT 4 30.324451080 -23.825275557 0.000000
OBJECT 4 30.324504992 -23.825331598 0.000000
OBJECT 4 30.324556452 -23.825435834 0.000000
OBJECT 4 30.324497641 -23.825492996 0.000000
OBJECT 4 30.324441280 -23.825541191 0.000000
OBJECT 4 30.324373892 -23.825591628 26.559999
OBJECT 4 30.324319982 -23.825631978 63.430000
OBJECT 4 30.324264846 -23.825675690 0.000000
OBJECT 4 30.324218287 -23.825714919 0.000000
OBJECT 4 30.324159476 -23.825764235 0.000000
OBJECT 4 30.324109242 -23.825815793 0.000000
OBJECT 4 30.322723990 -23.826841476 0.000000
OBJECT 4 30.323597182 -23.827102074 180.000000
OBJECT 4 30.323516675 -23.827079413 180.000000
OBJECT 4 30.323454747 -23.827073748 0.000000
OBJECT 4 30.325499435 -23.827396751 0.000000
OBJECT 4 30.325617872 -23.827431576 270.000000
OBJECT 4 30.326307340 -23.827686955 0.000000
OBJECT 4 30.326239663 -23.827609567 0.000000
OBJECT 4 30.326193134 -23.827601829 90.000000
OBJECT 4 30.326040859 -23.827578612 90.000000
OBJECT 4 30.325960491 -23.827536049 116.570000
OBJECT 4 30.325858974 -23.827532180 100.300003
OBJECT 4 30.325753227 -23.827539918 0.000000
OBJECT 4 30.325317551 -23.827489616 0.000000
OBJECT 4 30.325444447 -23.827516702 278.130005
OBJECT 4 30.325486746 -23.827532180 0.000000
OBJECT 4 30.325554423 -23.827551527 0.000000
OBJECT 4 30.325584033 -23.827563135 0.000000
OBJECT 4 30.325748998 -23.827601829 278.130005
OBJECT 4 30.325782836 -23.827609567 288.440002
OBJECT 4 30.325939342 -23.827648261 274.089996
OBJECT 4 30.326032399 -23.827683086 284.040009
OBJECT 4 30.326146605 -23.827710171 270.000000
OBJECT 4 30.326235433 -23.827744996 270.000000
OBJECT 4 30.326362329 -23.827714041 254.050003
OBJECT 4 30.326400398 -23.827675347 225.000000
OBJECT 4 30.326463846 -23.827609567 194.039993
OBJECT 4 30.326379248 -23.827567004 116.570000
OBJECT 4 30.326290421 -23.827543788 135.000000
OBJECT 4 30.326205824 -23.827516702 111.800003
OBJECT 4 30.326100077 -23.827474139 135.000000
OBJECT 4 30.326007020 -23.827447053 113.199997
OBJECT 4 30.325901273 -23.827427706 0.000000
OBJECT 4 30.325787066 -23.827389013 90.000000
OBJECT 4 30.325710929 -23.827369666 0.000000
OBJECT 4 30.325584033 -23.827350319 109.980003
OBJECT 4 30.325444447 -23.827311625 180.000000
OBJECT 4 30.325359849 -23.827265192 161.570007
OBJECT 4 30.325249873 -23.827253584 0.000000
OBJECT 4 30.325131436 -23.827214890 0.000000
OBJECT 4 30.325025690 -23.827183935 0.000000
OBJECT 4 30.324881874 -23.827149111 180.000000
OBJECT 4 30.324725369 -23.827129764 0.000000
OBJECT 4 30.324615392 -23.827091070 180.000000
OBJECT 4 30.324513875 -23.827071723 135.000000
OBJECT 4 30.324441967 -23.827063985 180.000000
OBJECT 4 30.324293922 -23.827052376 0.000000
OBJECT 4 30.326324260 -23.827296147 0.000000
OBJECT 4 30.326023939 -23.827203282 180.000000
OBJECT 4 30.325596722 -23.827106548 0.000000
OBJECT 4 30.324454657 -23.826796997 0.000000
OBJECT 4 30.324809966 -23.826885993 0.000000
OBJECT 4 30.325241413 -23.826998205 0.000000
OBJECT 4 30.326946631 -23.828888591 0.000000
OBJECT 4 30.326898961 -23.828999062 0.000000
OBJECT 4 30.326876716 -23.829118254 0.000000
OBJECT 4 30.327013368 -23.828635671 0.000000
OBJECT 4 30.326981589 -23.828786842 0.000000
OBJECT 4 30.327022902 -23.828734513 0.000000
OBJECT 4 30.327051504 -23.828583343 0.000000
OBJECT 4 30.327099174 -23.828525201 251.559998
OBJECT 4 30.327089640 -23.828467058 0.000000
OBJECT 4 30.327061038 -23.828429265 0.000000
OBJECT 4 30.326997479 -23.828391473 0.000000
OBJECT 4 30.326940275 -23.828368216 0.000000
OBJECT 4 30.326832224 -23.828353680 0.000000
OBJECT 4 30.326743241 -23.828321702 0.000000
OBJECT 4 30.326673325 -23.828286816 0.000000
OBJECT 4 30.326558918 -23.828208324 0.000000
OBJECT 4 30.326511249 -23.828135646 0.000000
OBJECT 4 30.326517605 -23.828051340 225.000000
OBJECT 4 30.326504893 -23.827961219 0.000000
OBJECT 4 30.326533494 -23.827850748 270.000000
OBJECT 4 30.326530316 -23.827748999 0.000000
OBJECT 4 30.326679681 -23.827751906 0.000000
OBJECT 4 30.326654257 -23.827876912 0.000000
OBJECT 4 30.326632012 -23.828013547 0.000000
OBJECT 4 30.326746419 -23.828124018 0.000000
OBJECT 4 30.326851292 -23.828193789 333.440002
OBJECT 4 30.327041970 -23.828234488 0.000000
OBJECT 4 30.327159555 -23.828312981 0.000000
OBJECT 4 30.327226293 -23.828391473 0.000000
OBJECT 4 30.327226293 -23.828531015 0.000000
OBJECT 4 30.327197691 -23.828656021 0.000000
OBJECT 4 30.327127776 -23.828795563 0.000000
OBJECT 4 30.327083284 -23.828923476 0.000000
OBJECT 4 30.327038792 -23.829068833 0.000000
OBJECT 4 30.326987945 -23.829199653 0.000000
OBJECT 4 30.326396831 -23.827487358 0.000000
OBJECT 4 30.326311027 -23.827467008 0.000000
OBJECT 4 30.326225223 -23.827440844 0.000000
OBJECT 4 30.326164842 -23.827411772 0.000000
OBJECT 4 30.326085393 -23.827391423 0.000000
OBJECT 4 30.325980521 -23.827362351 135.000000
OBJECT 4 30.326571618 -23.827632714 0.000000
OBJECT 4 30.326574796 -23.827586200 0.000000
OBJECT 4 30.326543017 -23.827533872 0.000000
OBJECT 4 30.326482636 -23.827493172 0.000000
OBJECT 4 30.326695558 -23.827638528 0.000000
OBJECT 4 30.326657422 -23.827478636 0.000000
OBJECT 4 30.326692380 -23.827560036 90.000000
OBJECT 4 30.326622465 -23.827417587 0.000000
OBJECT 4 30.326431789 -23.827342002 0.000000
OBJECT 4 30.326164842 -23.827251881 0.000000
OBJECT 4 30.325831158 -23.827167574 0.000000
OBJECT 4 30.325459339 -23.827065825 0.000000
OBJECT 4 30.325068453 -23.826961168 0.000000
OBJECT 4 30.324652143 -23.826856512 0.000000
OBJECT 4 30.324331171 -23.826783834 0.000000
OBJECT 4 30.325901073 -23.827342002 0.000000
OBJECT 4 30.325780311 -23.827304209 0.000000
OBJECT 4 30.325688151 -23.827283859 0.000000
OBJECT 4 30.325605525 -23.827257695 0.000000
OBJECT 4 30.325522898 -23.827243159 0.000000
OBJECT 4 30.325446628 -23.827211181 0.000000
OBJECT 4 30.325364001 -23.827185017 0.000000
OBJECT 4 30.325290909 -23.827182110 0.000000
OBJECT 4 30.325201926 -23.827167574 0.000000
OBJECT 4 30.325132012 -23.827132689 0.000000
OBJECT 4 30.325043029 -23.827103617 0.000000
OBJECT 4 30.324934979 -23.827083268 0.000000
OBJECT 4 30.324874599 -23.827062918 0.000000
OBJECT 4 30.324791972 -23.827051289 0.000000
OBJECT 4 30.324706168 -23.827036754 0.000000
OBJECT 4 30.324614008 -23.827013497 0.000000
OBJECT 4 30.324525025 -23.826981518 0.000000
OBJECT 4 30.324439221 -23.826969890 0.000000
OBJECT 4 30.324356595 -23.826943726 0.000000
OBJECT 4 30.324258078 -23.826920469 180.000000
OBJECT 4 30.324175452 -23.826905933 0.000000
OBJECT 4 30.323353270 -23.827062146 0.000000
OBJECT 4 30.323391253 -23.826983689 0.000000
OBJECT 4 30.323768627 -23.826670980 0.000000
OBJECT 4 30.324224416 -23.826740471 0.000000
OBJECT 4 30.324149676 -23.826705725 0.000000
OBJECT 4 30.324073712 -23.826681067 0.000000
OBJECT 4 30.324012450 -23.826712450 0.000000
OBJECT 4 30.323926683 -23.826758404 0.000000
OBJECT 4 30.324050432 -23.826879453 0.000000
OBJECT 4 30.324029603 -23.826937735 0.000000
OBJECT 4 30.323996521 -23.827001622 0.000000
OBJECT 4 30.323947512 -23.827031884 0.000000
OBJECT 4 30.323876448 -23.827009468 0.000000
OBJECT 4 30.323806609 -23.826998260 0.000000
OBJECT 4 30.323735545 -23.826980326 0.000000
OBJECT 4 30.323654679 -23.826965756 45.000000
OBJECT 4 30.323599544 -23.826943339 0.000000
OBJECT 4 30.323506425 -23.826929890 0.000000
OBJECT 4 30.323420659 -23.826908594 0.000000
OBJECT 4 30.323478245 -23.826836861 0.000000
OBJECT 4 30.324310181 -23.826393016 0.000000
OBJECT 4 30.324307730 -23.826301109 0.000000
OBJECT 4 30.324217063 -23.826295504 0.000000
OBJECT 4 30.324207261 -23.826165489 0.000000
OBJECT 4 30.324136197 -23.826213684 0.000000
OBJECT 4 30.324006322 -23.825972708 0.000000
OBJECT 4 30.324033278 -23.825865109 0.000000
OBJECT 4 30.323958538 -23.825915546 0.000000
OBJECT 2 30.321184730 -23.826319770 45.000000
OBJECT 2 30.321140209 -23.826345492 66.800003
OBJECT 2 30.321058198 -23.826394793 59.040001
OBJECT 2 30.320990245 -23.826452668 59.040001
OBJECT 2 30.320910576 -23.826499825 75.959999
OBJECT 2 30.320873085 -23.826546982 0.000000
OBJECT 2 30.320861652 -23.826628489 0.000000
OBJECT 2 30.323624004 -23.827957410 0.000000
OBJECT 2 30.323427175 -23.827886674 153.440002
OBJECT 2 30.323003054 -23.827768781 0.000000
OBJECT 2 30.323213943 -23.827837373 0.000000
OBJECT 2 30.326374946 -23.829117047 0.000000
OBJECT 2 30.326384318 -23.829063460 180.000000
OBJECT 2 30.326381975 -23.829052742 0.000000
OBJECT 2 30.326377288 -23.829024876 153.440002
OBJECT 2 30.326377288 -23.828992724 180.000000
OBJECT 2 30.326374945 -23.828962715 168.690002
OBJECT 2 30.326377288 -23.828930562 180.000000
OBJECT 2 30.326372602 -23.828898410 180.000000
OBJECT 2 30.326381975 -23.828870544 194.039993
OBJECT 2 30.326389005 -23.828838391 180.000000
OBJECT 2 30.326372602 -23.828816956 126.870003
OBJECT 2 30.326335110 -23.828795521 119.750000
OBJECT 2 30.326314021 -23.828789091 108.440002
OBJECT 2 30.326250754 -23.828761225 116.570000
OBJECT 2 30.326182801 -23.828750508 0.000000
OBJECT 2 30.326065640 -23.828718355 0.000000
OBJECT 2 30.325964881 -23.828686202 123.690002
OBJECT 2 30.325850063 -23.828651906 180.000000
OBJECT 2 30.325693067 -23.828602606 90.000000
OBJECT 2 30.325582936 -23.828564022 0.000000
OBJECT 2 30.325470461 -23.828527583 0.000000
OBJECT 2 30.325365016 -23.828499717 0.000000
OBJECT 2 30.325245512 -23.828465421 0.000000
OBJECT 2 30.325123664 -23.828433268 0.000000
OBJECT 2 30.324926833 -23.828377537 0.000000
OBJECT 2 30.324840134 -23.828343241 0.000000
OBJECT 2 30.324617528 -23.828274649 0.000000
OBJECT 2 30.324502710 -23.828246783 0.000000
OBJECT 2 30.324455845 -23.828225348 0.000000
OBJECT 2 30.324380862 -23.828203913 180.000000
OBJECT 2 30.324268388 -23.828165330 0.000000
OBJECT 2 30.324162942 -23.828135321 0.000000
OBJECT 2 30.323984858 -23.828086020 90.000000
OBJECT 2 30.323780999 -23.828021715 0.000000
OBJECT 2 30.323523245 -23.827940262 0.000000
OBJECT 2 30.323333445 -23.827880244 0.000000
OBJECT 2 30.323099124 -23.827815938 0.000000
OBJECT 2 30.322881205 -23.827747346 0.000000
OBJECT 2 30.322719523 -23.827708763 0.000000
OBJECT 2 30.322576587 -23.827659462 0.000000
OBJECT 2 30.321925176 -23.827453686 0.000000
OBJECT 2 30.322215733 -23.827541569 0.000000
OBJECT 2 30.322494575 -23.827625166 0.000000
OBJECT 2 30.322351639 -23.827582296 0.000000
OBJECT 2 30.322056396 -23.827490125 0.000000
OBJECT 2 30.321808016 -23.827415102 0.000000
OBJECT 2 30.321622903 -23.827355084 0.000000
OBJECT 2 30.321477624 -23.827303640 0.000000
OBJECT 2 30.321329239 -23.827268568 0.000000
BEGIN_POLYGON 1 10 3
BEGIN_WINDING
POLYGON_POINT 30.323543186 -23.826821160 2.000000000
POLYGON_POINT 30.323573923 -23.826795697 1.000000000
POLYGON_POINT 30.323684830 -23.826703820 2.000000000
POLYGON_POINT 30.323722226 -23.826672841 0.000000000
POLYGON_POINT 30.323671631 -23.826618796 2.000000000
POLYGON_POINT 30.323490708 -23.826769924 0.000000000
END_WINDING
END_POLYGON
OBJECT 5 30.324051297 -23.826121934 52.599998
OBJECT 6 30.323393662 -23.826378026 241.190002
OBJECT 7 30.324888649 -23.827773889 20.000000
OBJECT 7 30.324679711 -23.827703476 20.000000
OBJECT 5 30.323003116 -23.827127990 20.000000
OBJECT 5 30.322821895 -23.827065137 20.000000
OBJECT 8 30.323203453 -23.827357708 20.000000
OBJECT 7 30.323890818 -23.827491085 20.000000
OBJECT 7 30.324249817 -23.827609893 20.000000
OBJECT 7 30.325096465 -23.827843023 20.000000
OBJECT 7 30.325308433 -23.827913635 20.000000
OBJECT 9 30.325820829 -23.828131702 20.070000
OBJECT 10 30.326278143 -23.828335466 108.779999
OBJECT 10 30.323931538 -23.826312153 139.270004
OBJECT 11 30.323864006 -23.826975977 285.830017
OBJECT_DEF lib/airport/aircraft/GA/KingAirC90B.obj
OBJECT_DEF lib/airport/aircraft/GA/Cessna_172.obj
OBJECT_DEF lib/g10/forests/autogen_tree4.obj
OBJECT_DEF lib/g10/forests/autogen_tree3.obj
OBJECT_DEF lib/g10/forests/autogen_tree2.obj
OBJECT_DEF lib/airport/Common_Elements/Hangars/Sm_Brown_Hangar.agp
OBJECT_DEF lib/airport/Common_Elements/Fueling_Stations/Small_Fuel_Station.obj
OBJECT_DEF lib/airport/Common_Elements/Hangars/Sm_Blue_Hangar.agp
OBJECT_DEF lib/airport/Common_Elements/Hangars/Med_Orange_Hangar.agp
OBJECT_DEF lib/airport/Common_Elements/Hangars/Med_Gray_Hangar.agp
OBJECT_DEF lib/airport/Common_Elements/Hangars/Med_Blue_Hangar.agp
OBJECT_DEF lib/airport/Common_Elements/Parking/Yellow_Lines_8-1.obj
POLYGON_DEF lib/airport/Common_Elements/Fence_Facades/Fence.fac
POLYGON_DEF lib/airport/Common_Elements/Misc_Buildings/White_Office.fac
PROPERTY sim/require_agpoint 1/0
PROPERTY sim/require_object 1/0
PROPERTY sim/require_facade 1/0
