PROPERTY sim/west -180
PROPERTY sim/east 180
PROPERTY sim/north 90
PROPERTY sim/south -90
PROPERTY sim/planet earth
PROPERTY sim/creation_agent WorldEditor2.1.0r1
PROPERTY laminar/internal_revision 0
PROPERTY sim/overlay 1
FILTER 0
BEGIN_POLYGON 0 56 4
BEGIN_WINDING
POLYGON_POINT 2.394730496 43.219960502 2.394730496 43.219960502
POLYGON_POINT 2.394737733 43.219924925 2.394728698 43.219904160
POLYGON_POINT 2.394737733 43.219924925 2.394737733 43.219924925
POLYGON_POINT 2.394709216 43.219871340 2.394709216 43.219871340
POLYGON_POINT 2.394778289 43.219851787 2.394778289 43.219851787
POLYGON_POINT 2.394822337 43.219934452 2.394822337 43.219934452
END_WINDING
END_POLYGON
BEGIN_POLYGON 0 56 2
BEGIN_WINDING
POLYGON_POINT 2.394554120 43.220232271
POLYGON_POINT 2.394488256 43.220108642
POLYGON_POINT 2.394630686 43.220068339
POLYGON_POINT 2.394696553 43.220191960
END_WINDING
END_POLYGON
BEGIN_POLYGON 0 111 2
BEGIN_WINDING
POLYGON_POINT 2.395010190 43.219072641
POLYGON_POINT 2.395033226 43.219066109
POLYGON_POINT 2.395060058 43.219116441
POLYGON_POINT 2.395037040 43.219122962
END_WINDING
END_POLYGON
BEGIN_POLYGON 1 111 4
BEGIN_WINDING
POLYGON_POINT 2.393707481 43.222108132 2.393707481 43.222108132
POLYGON_POINT 2.393707481 43.222108132 2.393735059 43.222157220
POLYGON_POINT 2.393803364 43.222138908 2.393803364 43.222138908
POLYGON_POINT 2.397548435 43.221079273 2.397548435 43.221079273
POLYGON_POINT 2.397548435 43.221079273 2.397617154 43.221058847
POLYGON_POINT 2.397584525 43.221018858 2.397584525 43.221018858
POLYGON_POINT 2.395849193 43.218951134 2.395849193 43.218951134
POLYGON_POINT 2.395849193 43.218951134 2.395809636 43.218906933
POLYGON_POINT 2.395739667 43.218924156 2.395739667 43.218924156
POLYGON_POINT 2.395700364 43.218877332 2.395700364 43.218877332
POLYGON_POINT 2.395919371 43.218931265 2.395998576 43.219021798
POLYGON_POINT 2.395919371 43.218931265 2.395919371 43.218931265
POLYGON_POINT 2.397649523 43.220992757 2.397649523 43.220992757
POLYGON_POINT 2.397587691 43.221126103 2.397449285 43.221166428
POLYGON_POINT 2.397587691 43.221126103 2.397587691 43.221126103
POLYGON_POINT 2.393830174 43.222189256 2.393830174 43.222189256
POLYGON_POINT 2.393638404 43.222127673 2.393583066 43.222030814
POLYGON_POINT 2.393638404 43.222127673 2.393638404 43.222127673
END_WINDING
END_POLYGON
BEGIN_POLYGON 1 111 4
BEGIN_WINDING
POLYGON_POINT 2.395739642 43.218924148 2.395739642 43.218924148
POLYGON_POINT 2.393604078 43.219528416 2.393604078 43.219528416
POLYGON_POINT 2.393604078 43.219528416 2.393537019 43.219549007
POLYGON_POINT 2.393548904 43.219601999 2.393548904 43.219601999
POLYGON_POINT 2.393713487 43.220190973 2.393713487 43.220190973
POLYGON_POINT 2.393713487 43.220190973 2.393731962 43.220240038
POLYGON_POINT 2.393756814 43.220236642 2.393756814 43.220236642
POLYGON_POINT 2.394822338 43.219934455 2.394822338 43.219934455
POLYGON_POINT 2.394849682 43.219985335 2.394849682 43.219985335
POLYGON_POINT 2.393653346 43.220323839 2.393653346 43.220323839
POLYGON_POINT 2.393702130 43.220415396 2.393702130 43.220415396
POLYGON_POINT 2.393843623 43.220375363 2.393843623 43.220375363
POLYGON_POINT 2.393804952 43.220301926 2.393804952 43.220301926
POLYGON_POINT 2.394630670 43.220068346 2.394630670 43.220068346
POLYGON_POINT 2.394669713 43.220141623 2.394669713 43.220141623
POLYGON_POINT 2.395188495 43.219994851 2.395188495 43.219994851
POLYGON_POINT 2.395215318 43.220045169 2.395215318 43.220045169
POLYGON_POINT 2.393728951 43.220465734 2.393728951 43.220465734
POLYGON_POINT 2.393795766 43.220591131 2.393795766 43.220591131
POLYGON_POINT 2.393533790 43.220665275 2.393533790 43.220665275
POLYGON_POINT 2.393466985 43.220539858 2.393466985 43.220539858
POLYGON_POINT 2.393018921 43.220666615 2.393018921 43.220666615
POLYGON_POINT 2.392976617 43.220736545 2.392999101 43.220784304
POLYGON_POINT 2.392976617 43.220736545 2.392976617 43.220736545
POLYGON_POINT 2.393707407 43.222108087 2.393707407 43.222108087
POLYGON_POINT 2.393638422 43.222127661 2.393638422 43.222127661
POLYGON_POINT 2.392907566 43.220756085 2.392907566 43.220756085
POLYGON_POINT 2.392907566 43.220756085 2.392859346 43.220657779
POLYGON_POINT 2.392992115 43.220616297 2.392992115 43.220616297
POLYGON_POINT 2.393440145 43.220489526 2.393440145 43.220489526
POLYGON_POINT 2.393364554 43.220347632 2.393364554 43.220347632
POLYGON_POINT 2.393588328 43.220284319 2.393588328 43.220284319
POLYGON_POINT 2.393643412 43.220210813 2.393629677 43.220158701
POLYGON_POINT 2.393643412 43.220210813 2.393643412 43.220210813
POLYGON_POINT 2.393478831 43.219621810 2.393478831 43.219621810
POLYGON_POINT 2.393589003 43.219474751 2.393725063 43.219433477
POLYGON_POINT 2.393589003 43.219474751 2.393589003 43.219474751
POLYGON_POINT 2.395700365 43.218877342 2.395700365 43.218877342
END_WINDING
END_POLYGON
BEGIN_POLYGON 1 111 4
BEGIN_WINDING
POLYGON_POINT 2.394747434 43.220014260 2.394747434 43.220014260
POLYGON_POINT 2.394733352 43.220037604 2.394740852 43.220053604
POLYGON_POINT 2.394733352 43.220037604 2.394733352 43.220037604
POLYGON_POINT 2.394773181 43.220112361 2.394773181 43.220112361
POLYGON_POINT 2.394681041 43.220138421 2.394681041 43.220138421
POLYGON_POINT 2.394695161 43.220115143 2.394687361 43.220099143
POLYGON_POINT 2.394695161 43.220115143 2.394695161 43.220115143
POLYGON_POINT 2.394664250 43.220057110 2.394664250 43.220057110
POLYGON_POINT 2.394664250 43.220057110 2.394654750 43.220041110
POLYGON_POINT 2.394632274 43.220046858 2.394632274 43.220046858
END_WINDING
END_POLYGON
BEGIN_POLYGON 1 121 4
BEGIN_WINDING
POLYGON_POINT 2.395116336 43.221767421 2.395116336 43.221767421
POLYGON_POINT 2.395023208 43.221793777 2.395023208 43.221793777
POLYGON_POINT 2.395021741 43.221788614 2.395021741 43.221788614
POLYGON_POINT 2.394993770 43.221777460 2.394972270 43.221782660
POLYGON_POINT 2.394993770 43.221777460 2.394993770 43.221777460
POLYGON_POINT 2.393778755 43.222121224 2.393778755 43.222121224
POLYGON_POINT 2.393758131 43.222082517 2.393758131 43.222082517
POLYGON_POINT 2.393725281 43.222091825 2.393725281 43.222091825
POLYGON_POINT 2.393711176 43.222115110 2.393718676 43.222131110
POLYGON_POINT 2.393711176 43.222115110 2.393711176 43.222115110
POLYGON_POINT 2.393666468 43.222031191 2.393666468 43.222031191
POLYGON_POINT 2.393666468 43.222031191 2.393675968 43.222047191
POLYGON_POINT 2.393698481 43.222041478 2.393698481 43.222041478
POLYGON_POINT 2.393731307 43.222032171 2.393731307 43.222032171
POLYGON_POINT 2.393609238 43.221803069 2.393609238 43.221803069
POLYGON_POINT 2.394992071 43.221411816 2.394992071 43.221411816
POLYGON_POINT 2.395008239 43.221469626 2.395008239 43.221469626
POLYGON_POINT 2.395008239 43.221469626 2.395014007 43.221485971
POLYGON_POINT 2.395036237 43.221480763 2.395036237 43.221480763
POLYGON_POINT 2.395245663 43.221421499 2.395245663 43.221421499
POLYGON_POINT 2.395259063 43.221396841 2.395251263 43.221380841
POLYGON_POINT 2.395259063 43.221396841 2.395259063 43.221396841
POLYGON_POINT 2.395304477 43.221482113 2.395304477 43.221482113
POLYGON_POINT 2.395304477 43.221482113 2.395294977 43.221466113
POLYGON_POINT 2.395272513 43.221471833 2.395272513 43.221471833
POLYGON_POINT 2.395051192 43.221534450 2.395051192 43.221534450
POLYGON_POINT 2.395033083 43.221558578 2.395035667 43.221576095
POLYGON_POINT 2.395033083 43.221558578 2.395033083 43.221558578
POLYGON_POINT 2.395086898 43.221751116 2.395086898 43.221751116
POLYGON_POINT 2.395086898 43.221751116 2.395094598 43.221772416
END_WINDING
END_POLYGON
BEGIN_POLYGON 1 121 4
BEGIN_WINDING
POLYGON_POINT 2.395400538 43.221662348 2.395400538 43.221662348
POLYGON_POINT 2.395246349 43.221372999 2.395246349 43.221372999
POLYGON_POINT 2.397327718 43.220784082 2.397327718 43.220784082
POLYGON_POINT 2.397360879 43.220823123 2.397360879 43.220823123
POLYGON_POINT 2.397360879 43.220823123 2.397406379 43.220808323
POLYGON_POINT 2.397395893 43.220794087 2.397395893 43.220794087
POLYGON_POINT 2.397460981 43.220871638 2.397460981 43.220871638
POLYGON_POINT 2.397400159 43.220869930 2.397354659 43.220881930
POLYGON_POINT 2.397400159 43.220869930 2.397400159 43.220869930
POLYGON_POINT 2.397484051 43.220970373 2.397484051 43.220970373
POLYGON_POINT 2.397484051 43.220970373 2.397529551 43.220955573
POLYGON_POINT 2.397519498 43.220941345 2.397519498 43.220941345
POLYGON_POINT 2.397584534 43.221018860 2.397584534 43.221018860
POLYGON_POINT 2.397523355 43.221017186 2.397477855 43.221029186
POLYGON_POINT 2.397523355 43.221017186 2.397523355 43.221017186
POLYGON_POINT 2.397553560 43.221053176 2.397553560 43.221053176
POLYGON_POINT 2.395469602 43.221642817 2.395469602 43.221642817
POLYGON_POINT 2.395472067 43.221647438 2.395472067 43.221647438
POLYGON_POINT 2.395472067 43.221647438 2.395481567 43.221663438
POLYGON_POINT 2.395504037 43.221657721 2.395504037 43.221657721
POLYGON_POINT 2.395388881 43.221690303 2.395388881 43.221690303
POLYGON_POINT 2.395402989 43.221666999 2.395395189 43.221650999
POLYGON_POINT 2.395402989 43.221666999 2.395402989 43.221666999
END_WINDING
END_POLYGON
BEGIN_POLYGON 1 111 4
BEGIN_WINDING
POLYGON_POINT 2.394789367 43.220021731 2.394789367 43.220021731
POLYGON_POINT 2.394789367 43.220021731 2.394779367 43.220005731
POLYGON_POINT 2.394757403 43.220011456 2.394757403 43.220011456
POLYGON_POINT 2.394849482 43.219985381 2.394849482 43.219985381
POLYGON_POINT 2.394822340 43.219934457 2.394822340 43.219934457
POLYGON_POINT 2.394903387 43.219912168 2.394903387 43.219912168
POLYGON_POINT 2.394903387 43.219912168 2.394881218 43.219863103
POLYGON_POINT 2.394945651 43.219842295 2.394945651 43.219842295
POLYGON_POINT 2.395086878 43.219802331 2.395086878 43.219802331
POLYGON_POINT 2.395100939 43.219779039 2.395093139 43.219763039
POLYGON_POINT 2.395100939 43.219779039 2.395100939 43.219779039
POLYGON_POINT 2.394811142 43.219235162 2.394811142 43.219235162
POLYGON_POINT 2.394811142 43.219235162 2.394787442 43.219197362
POLYGON_POINT 2.394731273 43.219209472 2.394731273 43.219209472
POLYGON_POINT 2.394903932 43.219160631 2.394903932 43.219160631
POLYGON_POINT 2.394868718 43.219218887 2.394885718 43.219256687
POLYGON_POINT 2.394868718 43.219218887 2.394868718 43.219218887
POLYGON_POINT 2.394880783 43.219241538 2.394880783 43.219241538
POLYGON_POINT 2.395071454 43.219187589 2.395071454 43.219187589
POLYGON_POINT 2.395037000 43.219122900 2.395037000 43.219122900
POLYGON_POINT 2.395060033 43.219116389 2.395060033 43.219116389
POLYGON_POINT 2.395094501 43.219181067 2.395094501 43.219181067
POLYGON_POINT 2.395610163 43.219035163 2.395610163 43.219035163
POLYGON_POINT 2.395610163 43.219035163 2.395809661 43.218980996
POLYGON_POINT 2.395884688 43.219064700 2.395884688 43.219064700
POLYGON_POINT 2.396231715 43.219478189 2.396231715 43.219478189
POLYGON_POINT 2.396231715 43.219478189 2.396277215 43.219463389
POLYGON_POINT 2.396267177 43.219449130 2.396267177 43.219449130
POLYGON_POINT 2.396332227 43.219526671 2.396332227 43.219526671
POLYGON_POINT 2.396271002 43.219525000 2.396225502 43.219537000
POLYGON_POINT 2.396271002 43.219525000 2.396271002 43.219525000
POLYGON_POINT 2.396684284 43.220017434 2.396684284 43.220017434
POLYGON_POINT 2.396684284 43.220017434 2.396729784 43.220002634
POLYGON_POINT 2.396719730 43.219988379 2.396719730 43.219988379
POLYGON_POINT 2.396784813 43.220065916 2.396784813 43.220065916
POLYGON_POINT 2.396723562 43.220064235 2.396678062 43.220076235
POLYGON_POINT 2.396723562 43.220064235 2.396723562 43.220064235
POLYGON_POINT 2.396832584 43.220194136 2.396832584 43.220194136
POLYGON_POINT 2.396832584 43.220194136 2.396878084 43.220179336
POLYGON_POINT 2.396868020 43.220165082 2.396868020 43.220165082
POLYGON_POINT 2.396933095 43.220242623 2.396933095 43.220242623
POLYGON_POINT 2.396871879 43.220240957 2.396826379 43.220252957
POLYGON_POINT 2.396871879 43.220240957 2.396871879 43.220240957
POLYGON_POINT 2.396937914 43.220319639 2.396937914 43.220319639
POLYGON_POINT 2.396302820 43.220509040 2.396302820 43.220509040
POLYGON_POINT 2.395868990 43.220637734 2.395868990 43.220637734
POLYGON_POINT 2.395437134 43.219873160 2.395437134 43.219873160
POLYGON_POINT 2.395164901 43.219950460 2.395164901 43.219950460
POLYGON_POINT 2.395282122 43.220170642 2.395282122 43.220170642
POLYGON_POINT 2.394922880 43.220272232 2.394922880 43.220272232
END_WINDING
BEGIN_WINDING
POLYGON_POINT 2.395089221 43.219957743 2.395089221 43.219957743
POLYGON_POINT 2.395057157 43.219897624 2.395057157 43.219897624
POLYGON_POINT 2.395008120 43.219882525 2.394973566 43.219892248
POLYGON_POINT 2.394985895 43.219917839 2.394985895 43.219917839
POLYGON_POINT 2.395017906 43.219977927 2.395017906 43.219977927
POLYGON_POINT 2.395066975 43.219993023 2.395101529 43.219983300
END_WINDING
END_POLYGON
BEGIN_POLYGON 1 111 4
BEGIN_WINDING
POLYGON_POINT 2.393536343 43.218901584 2.393536343 43.218901584
POLYGON_POINT 2.393867496 43.218807876 2.393867496 43.218807876
POLYGON_POINT 2.393784381 43.218651911 2.393784381 43.218651911
POLYGON_POINT 2.395209789 43.218248590 2.395209789 43.218248590
POLYGON_POINT 2.395232164 43.218290604 2.395232164 43.218290604
POLYGON_POINT 2.395358819 43.218255244 2.395358819 43.218255244
POLYGON_POINT 2.395692675 43.218879947 2.395692675 43.218879947
POLYGON_POINT 2.395554278 43.218918673 2.395554278 43.218918673
POLYGON_POINT 2.395596574 43.218848761 2.395572262 43.218799440
POLYGON_POINT 2.395596574 43.218848761 2.395596574 43.218848761
POLYGON_POINT 2.395570131 43.218799126 2.395570131 43.218799126
POLYGON_POINT 2.395511915 43.218815622 2.395511915 43.218815622
POLYGON_POINT 2.395534229 43.218857474 2.395534229 43.218857474
POLYGON_POINT 2.395002245 43.219007996 2.395002245 43.219007996
POLYGON_POINT 2.395033235 43.219066118 2.395033235 43.219066118
POLYGON_POINT 2.395010201 43.219072636 2.395010201 43.219072636
POLYGON_POINT 2.394979248 43.219014503 2.394979248 43.219014503
POLYGON_POINT 2.393706314 43.219374674 2.393706314 43.219374674
POLYGON_POINT 2.393706314 43.219374674 2.393722665 43.219420846
POLYGON_POINT 2.393759595 43.219426480 2.393759595 43.219426480
POLYGON_POINT 2.393608331 43.219469292 2.393608331 43.219469292
POLYGON_POINT 2.393636255 43.219394497 2.393624673 43.219340878
POLYGON_POINT 2.393636255 43.219394497 2.393636255 43.219394497
POLYGON_POINT 2.393513795 43.218956295 2.393513795 43.218956295
POLYGON_POINT 2.393513795 43.218956295 2.393505239 43.218912927
END_WINDING
END_POLYGON
BEGIN_POLYGON 2 21 2
BEGIN_WINDING
POLYGON_POINT 2.393813040 43.222167028
POLYGON_POINT 2.393666861 43.222121273
POLYGON_POINT 2.392939026 43.220750597
POLYGON_POINT 2.393000548 43.220637064
POLYGON_POINT 2.393472649 43.220504835
POLYGON_POINT 2.393386514 43.220351506
POLYGON_POINT 2.393688797 43.220259713
POLYGON_POINT 2.393514290 43.219614932
POLYGON_POINT 2.393592810 43.219497420
POLYGON_POINT 2.393552188 43.218959595
POLYGON_POINT 2.393929965 43.218861469
POLYGON_POINT 2.393839644 43.218712038
POLYGON_POINT 2.395362751 43.218308754
POLYGON_POINT 2.395675209 43.218910036
POLYGON_POINT 2.395875267 43.218916611
POLYGON_POINT 2.397626768 43.221008608
POLYGON_POINT 2.397578735 43.221104349
END_WINDING
END_POLYGON
FILTER -1
FILTER 0
FILTER -1
FILTER 0
FILTER -1
FILTER 0
FILTER -1
FILTER 0
FILTER -1
FILTER 0
OBJECT 0 2.394189074 43.220198011 291.220001
OBJECT 0 2.395551581 43.219217949 111.220001
OBJECT 0 2.395488980 43.219081193 291.220001
OBJECT 0 2.395188058 43.219320749 111.220001
OBJECT 1 2.395065338 43.219201041 291.220001
OBJECT 1 2.394982741 43.219378881 111.220001
OBJECT 2 2.395721170 43.219015491 291.220001
OBJECT 0 2.395635109 43.219374849 111.220001
OBJECT 0 2.395936034 43.219135217 291.220001
OBJECT 0 2.395572512 43.219238097 291.220001
OBJECT 0 2.395271608 43.219477647 111.220001
OBJECT 1 2.395148894 43.219357942 291.220001
OBJECT 1 2.395066302 43.219535778 111.220001
OBJECT 0 2.395722483 43.219538785 111.220001
OBJECT 0 2.396023409 43.219299152 291.220001
OBJECT 0 2.395659886 43.219402033 291.220001
OBJECT 0 2.395358981 43.219641583 111.220001
OBJECT 1 2.395236267 43.219521878 291.220001
OBJECT 1 2.395153675 43.219699714 111.220001
OBJECT 0 2.395810206 43.219703698 111.220001
OBJECT 0 2.396111132 43.219464066 291.220001
OBJECT 0 2.395747608 43.219566946 291.220001
OBJECT 0 2.395446702 43.219806496 111.220001
OBJECT 1 2.395323988 43.219686791 291.220001
OBJECT 1 2.395241395 43.219864627 111.220001
OBJECT 3 2.396177781 43.219445198 291.220001
OBJECT 3 2.396171909 43.219601346 111.220001
OBJECT 0 2.395901324 43.219874722 111.220001
OBJECT 1 2.396257761 43.219773845 111.220001
OBJECT 1 2.396340378 43.219595996 291.220001
OBJECT 0 2.396202251 43.219635089 291.220001
OBJECT 0 2.395838726 43.219737969 291.220001
OBJECT 0 2.395537819 43.219977519 111.220001
OBJECT 0 2.396009920 43.220078507 111.220001
OBJECT 0 2.396310850 43.219838884 291.220001
OBJECT 1 2.396448975 43.219799810 291.220001
OBJECT 1 2.396448975 43.219799810 291.220001
OBJECT 1 2.396366361 43.219977644 111.220001
OBJECT 0 2.396257379 43.220244357 111.220001
OBJECT 0 2.396558215 43.220004798 291.220001
OBJECT 3 2.396626270 43.219985547 291.220001
OBJECT 3 2.396626270 43.219985547 291.220001
OBJECT 3 2.396620497 43.220141637 111.220001
OBJECT 0 2.396358639 43.220434409 111.220001
OBJECT 0 2.396659476 43.220194850 291.220001
OBJECT 1 2.396799167 43.220155307 291.220001
OBJECT 1 2.396716522 43.220333127 111.220001
OBJECT 0 2.394421285 43.221760887 111.220001
OBJECT 0 2.394059919 43.221863132 111.220001
OBJECT 0 2.394722228 43.221521297 291.220001
OBJECT 0 2.394360883 43.221623523 291.220001
OBJECT 0 2.393999005 43.221725916 291.220001
OBJECT 0 2.393698106 43.221965521 111.220001
OBJECT 3 2.394787953 43.221502691 291.220001
OBJECT 3 2.394782087 43.221658817 111.220001
OBJECT 1 2.394925891 43.221463679 291.220001
OBJECT 0 2.394503966 43.221916017 111.220001
OBJECT 0 2.394142599 43.222018262 111.220001
OBJECT 0 2.394804910 43.221676427 291.220001
OBJECT 0 2.394443564 43.221778653 291.220001
OBJECT 0 2.394081685 43.221881046 291.220001
OBJECT 0 2.393780785 43.222120651 111.220001
OBJECT 3 2.394787956 43.221502695 291.220001
OBJECT 3 2.394870635 43.221657821 291.220001
OBJECT 3 2.394864769 43.221813947 111.220001
OBJECT 3 2.394848691 43.221640002 111.220001
OBJECT 3 2.394937203 43.221638987 291.220001
OBJECT 0 2.396893071 43.221061551 111.220001
OBJECT 0 2.396528449 43.221164717 111.220001
OBJECT 0 2.396163800 43.221267857 111.220001
OBJECT 0 2.395802438 43.221370102 111.220001
OBJECT 0 2.397194040 43.220821916 291.220001
OBJECT 0 2.396829283 43.220925124 291.220001
OBJECT 0 2.396464741 43.221028267 291.220001
OBJECT 0 2.396103399 43.221130493 291.220001
OBJECT 0 2.395741525 43.221232886 291.220001
OBJECT 0 2.395440628 43.221472491 111.220001
OBJECT 1 2.397257691 43.220958370 111.220001
OBJECT 3 2.397268764 43.220800751 291.220001
OBJECT 0 2.396975745 43.221216668 111.220001
OBJECT 0 2.396611122 43.221319834 111.220001
OBJECT 0 2.396246473 43.221422974 111.220001
OBJECT 0 2.395885109 43.221525219 111.220001
OBJECT 0 2.397276714 43.220977033 291.220001
OBJECT 0 2.396911957 43.221080241 291.220001
OBJECT 0 2.396547414 43.221183384 291.220001
OBJECT 0 2.396186071 43.221285610 291.220001
OBJECT 0 2.395824196 43.221388003 291.220001
OBJECT 0 2.395523298 43.221627608 111.220001
OBJECT 1 2.397422928 43.220935580 291.220001
OBJECT 1 2.397340366 43.221113487 111.220001
OBJECT 1 2.395130576 43.218425450 111.209999
OBJECT_MSL 0 2.395070451 43.218287991 0.000000000 291.209991
OBJECT 0 2.394769521 43.218527678 111.209999
OBJECT 3 2.394626079 43.218568188 111.209999
OBJECT 0 2.394263892 43.218670674 111.209999
OBJECT 0 2.393902633 43.218772901 111.209999
OBJECT 3 2.394631888 43.218412085 291.209991
OBJECT 0 2.394564769 43.218431104 291.209991
OBJECT 0 2.394204091 43.218533141 291.209991
OBJECT 1 2.395213271 43.218247559 291.209991
OBJECT 1 2.395213703 43.218581417 111.209999
OBJECT_MSL 0 2.395153577 43.218443957 0.000000000 291.209991
OBJECT 0 2.394852646 43.218683645 111.209999
OBJECT 3 2.394709205 43.218724155 111.209999
OBJECT 0 2.394347016 43.218826640 111.209999
OBJECT 0 2.393985757 43.218928868 111.209999
OBJECT 3 2.394715014 43.218568051 291.209991
OBJECT 0 2.394647894 43.218587070 291.209991
OBJECT 0 2.394287215 43.218689108 291.209991
OBJECT 1 2.395296398 43.218403525 291.209991
OBJECT 3 2.393690090 43.219012539 111.209999
OBJECT 2 2.393753585 43.218994622 111.209999
OBJECT 3 2.393695932 43.218856429 291.209991
OBJECT 2 2.393923138 43.218792144 291.209991
OBJECT 1 2.395296722 43.218737179 111.209999
OBJECT_MSL 0 2.395236596 43.218599720 0.000000000 291.209991
OBJECT 0 2.394935665 43.218839408 111.209999
OBJECT 3 2.394792223 43.218879918 111.209999
OBJECT 0 2.394430034 43.218982403 111.209999
OBJECT 0 2.394068773 43.219084631 111.209999
OBJECT 3 2.394798032 43.218723814 291.209991
OBJECT 0 2.394730913 43.218742833 291.209991
OBJECT 0 2.394370232 43.218844871 291.209991
OBJECT 0 2.394006150 43.218947910 291.209991
OBJECT 0 2.393705234 43.219187499 111.209999
OBJECT 1 2.395379418 43.218559288 291.209991
OBJECT 1 2.395383550 43.218900107 111.209999
OBJECT_MSL 0 2.395323423 43.218762647 0.000000000 291.209991
OBJECT 0 2.395022475 43.219002278 111.209999
OBJECT 3 2.394879049 43.219042845 111.209999
OBJECT 0 2.394516859 43.219145330 111.209999
OBJECT 0 2.394155597 43.219247558 111.209999
OBJECT 3 2.394884858 43.218886741 291.209991
OBJECT 0 2.394817738 43.218905760 291.209991
OBJECT 0 2.394457057 43.219007798 291.209991
OBJECT 0 2.394092974 43.219110838 291.209991
OBJECT 0 2.393792057 43.219350426 111.209999
OBJECT 1 2.395466245 43.218722215 291.209991
OBJECT 4 2.395213295 43.218247560 291.220001
OBJECT 4 2.394631893 43.218412101 291.220001
OBJECT 4 2.395290639 43.218392715 291.220001
OBJECT 4 2.394709220 43.218557217 291.220001
OBJECT 4 2.395373685 43.218548576 291.220001
OBJECT 4 2.394792283 43.218713084 291.220001
OBJECT 4 2.395458597 43.218707939 291.220001
OBJECT 4 2.394877177 43.218872431 291.220001
OBJECT 4 2.395537751 43.218856446 291.220001
OBJECT 4 2.394698058 43.218393415 111.220001
OBJECT 4 2.394775430 43.218538467 111.220001
OBJECT 4 2.394858486 43.218694343 111.220001
OBJECT 4 2.394943390 43.218853700 111.220001
OBJECT 4 2.395022495 43.219002257 111.220001
OBJECT 4 2.394956350 43.219020988 291.220001
OBJECT 4 2.395721146 43.219015494 291.220001
OBJECT 4 2.395930000 43.219123892 291.220001
OBJECT 4 2.396015457 43.219284312 291.220001
OBJECT 4 2.396169619 43.219429865 291.220001
OBJECT 4 2.396299318 43.219586462 291.220001
OBJECT 4 2.396430469 43.219765036 291.220001
OBJECT 4 2.396520501 43.219934033 291.220001
OBJECT 4 2.396626312 43.219985562 291.220001
OBJECT 4 2.396747359 43.220137850 291.220001
OBJECT 4 2.396860810 43.220292307 291.220001
OBJECT 4 2.395484230 43.219082564 21.219999
OBJECT 4 2.395567814 43.219239412 21.219999
OBJECT 4 2.395655163 43.219403354 21.219999
OBJECT 4 2.395809768 43.219549334 21.219999
OBJECT 4 2.395900934 43.219720344 21.219999
OBJECT 4 2.395555730 43.219216760 201.220001
OBJECT 4 2.395639327 43.219373628 201.220001
OBJECT 4 2.395726664 43.219537562 201.220001
OBJECT 4 2.395881299 43.219683541 201.220001
OBJECT 4 2.395972476 43.219854598 201.220001
OBJECT 4 2.395938417 43.219944269 111.220001
OBJECT 4 2.395200006 43.219343489 111.220001
OBJECT 4 2.395279445 43.219492557 111.220001
OBJECT 4 2.395367041 43.219656952 111.220001
OBJECT 4 2.395074134 43.219550654 111.220001
OBJECT 4 2.395161721 43.219715047 111.220001
OBJECT 4 2.394911104 43.219244714 111.220001
OBJECT 4 2.394988668 43.219390232 111.220001
OBJECT 4 2.395241372 43.219864612 111.220001
OBJECT 4 2.395456555 43.219824914 111.220001
OBJECT 4 2.395537824 43.219977528 111.220001
OBJECT 4 2.396009922 43.220078484 111.220001
OBJECT 4 2.396185893 43.220110160 111.220001
OBJECT 4 2.396272313 43.220272274 111.220001
OBJECT 4 2.393626605 43.221831309 111.220001
OBJECT 4 2.393703720 43.221975969 111.220001
OBJECT 4 2.394931636 43.221628555 291.220001
OBJECT 4 2.394925863 43.221463698 291.220001
OBJECT 4 2.394942199 43.221792039 291.220001
OBJECT 4 2.395369124 43.221338287 111.220001
OBJECT 4 2.395446226 43.221482946 111.220001
OBJECT 4 2.395523310 43.221627607 111.220001
OBJECT 4 2.394355368 43.221625116 21.219999
OBJECT 4 2.394438047 43.221780242 21.219999
OBJECT 4 2.393994288 43.221727263 21.219999
OBJECT 4 2.394076965 43.221882389 21.219999
OBJECT 4 2.397090122 43.220851347 21.219999
OBJECT 4 2.397172799 43.221006467 21.219999
OBJECT 4 2.396825864 43.220926101 21.219999
OBJECT 4 2.396908541 43.221081221 21.219999
OBJECT 4 2.396460953 43.221029382 21.219999
OBJECT 4 2.396543628 43.221184502 21.219999
OBJECT 4 2.396098324 43.221131961 21.219999
OBJECT 4 2.396180998 43.221287080 21.219999
OBJECT 4 2.395736609 43.221234265 21.219999
OBJECT 4 2.395819283 43.221389385 21.219999
OBJECT 4 2.397161622 43.220985512 201.220001
OBJECT 4 2.397268754 43.220800771 291.220001
OBJECT 4 2.397417376 43.220925221 291.220001
OBJECT 4 2.397494488 43.221069891 291.220001
OBJECT 4 2.397244299 43.221140632 201.220001
OBJECT 4 2.396897381 43.221060317 201.220001
OBJECT 4 2.396980058 43.221215437 201.220001
OBJECT 4 2.396532421 43.221163558 201.220001
OBJECT 4 2.396615096 43.221318678 201.220001
OBJECT 4 2.396169832 43.221266174 201.220001
OBJECT 4 2.396252506 43.221421294 201.220001
OBJECT 4 2.395808108 43.221368521 201.220001
OBJECT 4 2.395890782 43.221523641 201.220001
OBJECT 4 2.394426866 43.221759329 201.220001
OBJECT 4 2.394509544 43.221914455 201.220001
OBJECT 4 2.394065781 43.221861491 201.220001
OBJECT 4 2.394148459 43.222016617 201.220001
OBJECT 4 2.393780783 43.222120647 111.220001
OBJECT 4 2.396358662 43.220434392 111.220001
OBJECT 4 2.393853499 43.218680715 111.220001
OBJECT 4 2.393902617 43.218772914 111.220001
OBJECT 4 2.393618546 43.218878292 111.220001
OBJECT 4 2.393690094 43.219012546 111.220001
OBJECT 4 2.393633719 43.219053287 111.220001
OBJECT 4 2.393714776 43.219201335 111.220001
OBJECT 4 2.393919464 43.218793153 21.219999
OBJECT 4 2.394002488 43.218948941 21.219999
OBJECT 4 2.393991001 43.218927398 201.220001
OBJECT 4 2.394074026 43.219083187 201.220001
OBJECT 4 2.394966463 43.218317481 21.219999
OBJECT 4 2.394198265 43.218534833 21.219999
OBJECT 4 2.395049537 43.218473444 21.219999
OBJECT 4 2.394281339 43.218690796 21.219999
OBJECT 4 2.395132576 43.218629211 21.219999
OBJECT 4 2.394364379 43.218846562 21.219999
OBJECT 4 2.395219374 43.218792120 21.219999
OBJECT 4 2.394451177 43.219009472 21.219999
OBJECT 4 2.394089309 43.219111846 21.219999
OBJECT 4 2.395037976 43.218451687 201.220001
OBJECT 4 2.394269779 43.218669039 201.220001
OBJECT 4 2.395121050 43.218607650 201.220001
OBJECT 4 2.394352853 43.218825002 201.220001
OBJECT 4 2.395204090 43.218763416 201.220001
OBJECT 4 2.394435893 43.218980768 201.220001
OBJECT 4 2.395290888 43.218926326 201.220001
OBJECT 4 2.394522691 43.219143678 201.220001
OBJECT 4 2.394160826 43.219246069 201.220001
OBJECT 4 2.393792081 43.219350435 111.220001
OBJECT 5 2.393789359 43.220337423 319.540009
OBJECT 6 2.393896812 43.220265572 265.279999
OBJECT 7 2.394051248 43.220219805 207.789993
OBJECT 5 2.394199937 43.220178345 289.859985
OBJECT 6 2.394355609 43.220136929 332.779999
OBJECT 5 2.394545874 43.220081108 0.000000
OBJECT 7 2.394783283 43.220075890 0.000000
BEGIN_POLYGON 3 5 3
BEGIN_WINDING
POLYGON_POINT 2.394728069 43.221447018 1.000000000
POLYGON_POINT 2.394486215 43.221515436 0.000000000
POLYGON_POINT 2.394455511 43.221457799 0.000000000
POLYGON_POINT 2.394195670 43.221531306 1.000000000
POLYGON_POINT 2.394001202 43.221166259 1.000000000
POLYGON_POINT 2.394261003 43.221092764 4.000000000
POLYGON_POINT 2.394188965 43.220957537 1.000000000
POLYGON_POINT 2.393525887 43.221145117 1.000000000
POLYGON_POINT 2.393383900 43.220878585 1.000000000
POLYGON_POINT 2.393612930 43.220813794 1.000000000
POLYGON_POINT 2.393533802 43.220665259 2.000000000
POLYGON_POINT 2.394047905 43.220519824 0.000000000
POLYGON_POINT 2.394040762 43.220506350 0.000000000
POLYGON_POINT 2.394063750 43.220499901 0.000000000
POLYGON_POINT 2.394070925 43.220513311 2.000000000
POLYGON_POINT 2.394523965 43.220385150 0.000000000
POLYGON_POINT 2.394516784 43.220371679 0.000000000
POLYGON_POINT 2.394539836 43.220365203 0.000000000
POLYGON_POINT 2.394546988 43.220378637 2.000000000
POLYGON_POINT 2.394755141 43.220319752 2.000000000
POLYGON_POINT 2.394691339 43.220200030 2.000000000
POLYGON_POINT 2.394921676 43.220135196 2.000000000
POLYGON_POINT 2.394950697 43.220189790 0.000000000
POLYGON_POINT 2.394985189 43.220254673 0.000000000
POLYGON_POINT 2.394994664 43.220251993 0.000000000
POLYGON_POINT 2.394987553 43.220238486 0.000000000
POLYGON_POINT 2.395010521 43.220231987 0.000000000
POLYGON_POINT 2.395017726 43.220245469 2.000000000
POLYGON_POINT 2.395282149 43.220170666 1.000000000
POLYGON_POINT 2.395164924 43.219950467 1.000000000
POLYGON_POINT 2.395437142 43.219873174 1.000000000
POLYGON_POINT 2.395552456 43.220094178 2.000000000
POLYGON_POINT 2.395863901 43.220006093 1.000000000
POLYGON_POINT 2.395955595 43.220178215 1.000000000
POLYGON_POINT 2.395667566 43.220259696 4.000000000
POLYGON_POINT 2.395735896 43.220387962 1.000000000
POLYGON_POINT 2.396171050 43.220264860 1.000000000
POLYGON_POINT 2.396232091 43.220379442 1.000000000
POLYGON_POINT 2.395796955 43.220502538 4.000000000
POLYGON_POINT 2.395868997 43.220637772 1.000000000
POLYGON_POINT 2.396304180 43.220514662 1.000000000
POLYGON_POINT 2.396498648 43.220879708 1.000000000
POLYGON_POINT 2.396063517 43.221002803 0.000000000
POLYGON_POINT 2.396094243 43.221060481 1.000000000
POLYGON_POINT 2.395266326 43.221294692 1.000000000
POLYGON_POINT 2.395202141 43.221174207 1.000000000
POLYGON_POINT 2.395357289 43.221130317 1.000000000
POLYGON_POINT 2.395226959 43.220885666 1.000000000
POLYGON_POINT 2.395053894 43.220934625 0.000000000
POLYGON_POINT 2.394910502 43.220975189 1.000000000
POLYGON_POINT 2.394533527 43.221081832 1.000000000
END_WINDING
END_POLYGON
BEGIN_POLYGON 3 5 3
BEGIN_WINDING
POLYGON_POINT 2.393996516 43.221432793 1.000000000
POLYGON_POINT 2.393631106 43.221536174 4.000000000
POLYGON_POINT 2.393565281 43.221412642 0.000000000
POLYGON_POINT 2.393596703 43.221403762 1.000000000
POLYGON_POINT 2.393570351 43.221354366 1.000000000
POLYGON_POINT 2.393904375 43.221259849 1.000000000
END_WINDING
END_POLYGON
BEGIN_POLYGON 3 5 3
BEGIN_WINDING
POLYGON_POINT 2.394848714 43.221211044 1.000000000
POLYGON_POINT 2.394801837 43.221040978 0.000000000
POLYGON_POINT 2.394923784 43.221023114 0.000000000
POLYGON_POINT 2.394910540 43.220975182 0.000000000
POLYGON_POINT 2.395053886 43.220934632 1.000000000
POLYGON_POINT 2.395119204 43.221171443 4.000000000
END_WINDING
END_POLYGON
BEGIN_POLYGON 4 10 3
BEGIN_WINDING
POLYGON_POINT 2.395180304 43.220370328 2.000000000
POLYGON_POINT 2.395318858 43.220630347 0.000000000
POLYGON_POINT 2.395459829 43.220894902 1.000000000
POLYGON_POINT 2.395573271 43.221107793 2.000000000
POLYGON_POINT 2.395854709 43.221028193 2.000000000
POLYGON_POINT 2.395741262 43.220815264 0.000000000
POLYGON_POINT 2.395600292 43.220550700 2.000000000
POLYGON_POINT 2.395461753 43.220290699 2.000000000
POLYGON_POINT 2.395654963 43.220236050 2.000000000
POLYGON_POINT 2.396094243 43.221060481 1.000000000
POLYGON_POINT 2.395266326 43.221294692 1.000000000
POLYGON_POINT 2.395202141 43.221174207 1.000000000
POLYGON_POINT 2.395357289 43.221130317 1.000000000
POLYGON_POINT 2.395226927 43.220885638 0.000000000
POLYGON_POINT 2.394930478 43.220969521 0.000000000
POLYGON_POINT 2.394893478 43.220900123 1.000000000
POLYGON_POINT 2.395189961 43.220816256 1.000000000
POLYGON_POINT 2.395163983 43.220767497 1.000000000
POLYGON_POINT 2.394867519 43.220851373 0.000000000
POLYGON_POINT 2.394816386 43.220755430 1.000000000
POLYGON_POINT 2.395112974 43.220671590 1.000000000
POLYGON_POINT 2.394999254 43.220458315 1.000000000
POLYGON_POINT 2.394982234 43.220426370 0.000000000
END_WINDING
END_POLYGON
BEGIN_POLYGON 4 10 3
BEGIN_WINDING
POLYGON_POINT 2.395459853 43.220894898 0.000000000
POLYGON_POINT 2.395318864 43.220630331 1.000000000
POLYGON_POINT 2.395600270 43.220550708 0.000000000
POLYGON_POINT 2.395741243 43.220815264 1.000000000
END_WINDING
END_POLYGON
BEGIN_POLYGON 4 10 3
BEGIN_WINDING
POLYGON_POINT 2.393967819 43.220542530 2.000000000
POLYGON_POINT 2.394047920 43.220519864 0.000000000
POLYGON_POINT 2.394040764 43.220506376 0.000000000
POLYGON_POINT 2.394063770 43.220499902 0.000000000
POLYGON_POINT 2.394070963 43.220513344 2.000000000
POLYGON_POINT 2.394523978 43.220385157 0.000000000
POLYGON_POINT 2.394517111 43.220372260 0.000000000
POLYGON_POINT 2.394540117 43.220365784 0.000000000
POLYGON_POINT 2.394547010 43.220378640 2.000000000
POLYGON_POINT 2.394994627 43.220251981 0.000000000
POLYGON_POINT 2.394987528 43.220238503 0.000000000
POLYGON_POINT 2.395010509 43.220231983 0.000000000
POLYGON_POINT 2.395017610 43.220245478 2.000000000
POLYGON_POINT 2.395465755 43.220118695 0.000000000
POLYGON_POINT 2.395458574 43.220105211 0.000000000
POLYGON_POINT 2.395481592 43.220098727 0.000000000
POLYGON_POINT 2.395488748 43.220112190 2.000000000
POLYGON_POINT 2.395575796 43.220087564 1.000000000
POLYGON_POINT 2.395654836 43.220236017 0.000000000
POLYGON_POINT 2.395461750 43.220290647 0.000000000
POLYGON_POINT 2.395490352 43.220344385 1.000000000
POLYGON_POINT 2.395208956 43.220423994 0.000000000
POLYGON_POINT 2.395180306 43.220370277 0.000000000
POLYGON_POINT 2.394982184 43.220426331 0.000000000
POLYGON_POINT 2.394999225 43.220458328 1.000000000
POLYGON_POINT 2.394702779 43.220542198 1.000000000
POLYGON_POINT 2.394816377 43.220755416 0.000000000
POLYGON_POINT 2.394641687 43.220804857 1.000000000
POLYGON_POINT 2.394538289 43.220610731 1.000000000
POLYGON_POINT 2.394253125 43.220691429 1.000000000
POLYGON_POINT 2.394356538 43.220885526 0.000000000
POLYGON_POINT 2.394177567 43.220936097 0.000000000
END_WINDING
END_POLYGON
BEGIN_POLYGON 4 10 3
BEGIN_WINDING
POLYGON_POINT 2.394728069 43.221447018 1.000000000
POLYGON_POINT 2.394486215 43.221515436 1.000000000
POLYGON_POINT 2.394177754 43.220936247 1.000000000
POLYGON_POINT 2.394816376 43.220755426 0.000000000
POLYGON_POINT 2.394867513 43.220851390 1.000000000
POLYGON_POINT 2.394893467 43.220900096 0.000000000
POLYGON_POINT 2.394930471 43.220969539 0.000000000
POLYGON_POINT 2.394533527 43.221081832 1.000000000
END_WINDING
END_POLYGON
BEGIN_POLYGON 4 15 3
BEGIN_WINDING
POLYGON_POINT 2.395180304 43.220370328 2.000000000
POLYGON_POINT 2.395318858 43.220630347 0.000000000
POLYGON_POINT 2.395459829 43.220894902 1.000000000
POLYGON_POINT 2.395573271 43.221107793 2.000000000
POLYGON_POINT 2.395854709 43.221028193 2.000000000
POLYGON_POINT 2.395741262 43.220815264 0.000000000
POLYGON_POINT 2.395600292 43.220550700 2.000000000
POLYGON_POINT 2.395461753 43.220290699 2.000000000
POLYGON_POINT 2.395654963 43.220236050 2.000000000
POLYGON_POINT 2.396094243 43.221060481 1.000000000
POLYGON_POINT 2.395266326 43.221294692 1.000000000
POLYGON_POINT 2.395202141 43.221174207 1.000000000
POLYGON_POINT 2.395357289 43.221130317 1.000000000
POLYGON_POINT 2.395226927 43.220885638 0.000000000
POLYGON_POINT 2.394930478 43.220969521 0.000000000
POLYGON_POINT 2.394893478 43.220900123 1.000000000
POLYGON_POINT 2.395189961 43.220816256 1.000000000
POLYGON_POINT 2.395163983 43.220767497 1.000000000
POLYGON_POINT 2.394867519 43.220851373 0.000000000
POLYGON_POINT 2.394816386 43.220755430 1.000000000
POLYGON_POINT 2.395112974 43.220671590 1.000000000
POLYGON_POINT 2.394999254 43.220458315 1.000000000
POLYGON_POINT 2.394982234 43.220426370 0.000000000
END_WINDING
END_POLYGON
BEGIN_POLYGON 4 15 3
BEGIN_WINDING
POLYGON_POINT 2.395459853 43.220894898 0.000000000
POLYGON_POINT 2.395318864 43.220630331 1.000000000
POLYGON_POINT 2.395600270 43.220550708 0.000000000
POLYGON_POINT 2.395741243 43.220815264 1.000000000
END_WINDING
END_POLYGON
BEGIN_POLYGON 4 15 3
BEGIN_WINDING
POLYGON_POINT 2.393967819 43.220542530 2.000000000
POLYGON_POINT 2.394047920 43.220519864 0.000000000
POLYGON_POINT 2.394040764 43.220506376 0.000000000
POLYGON_POINT 2.394063770 43.220499902 0.000000000
POLYGON_POINT 2.394070963 43.220513344 2.000000000
POLYGON_POINT 2.394523978 43.220385157 0.000000000
POLYGON_POINT 2.394517111 43.220372260 0.000000000
POLYGON_POINT 2.394540117 43.220365784 0.000000000
POLYGON_POINT 2.394547010 43.220378640 2.000000000
POLYGON_POINT 2.394994627 43.220251981 0.000000000
POLYGON_POINT 2.394987528 43.220238503 0.000000000
POLYGON_POINT 2.395010509 43.220231983 0.000000000
POLYGON_POINT 2.395017610 43.220245478 2.000000000
POLYGON_POINT 2.395465755 43.220118695 0.000000000
POLYGON_POINT 2.395458574 43.220105211 0.000000000
POLYGON_POINT 2.395481592 43.220098727 0.000000000
POLYGON_POINT 2.395488748 43.220112190 2.000000000
POLYGON_POINT 2.395575796 43.220087564 1.000000000
POLYGON_POINT 2.395654836 43.220236017 0.000000000
POLYGON_POINT 2.395461750 43.220290647 0.000000000
POLYGON_POINT 2.395490352 43.220344385 1.000000000
POLYGON_POINT 2.395208956 43.220423994 0.000000000
POLYGON_POINT 2.395180306 43.220370277 0.000000000
POLYGON_POINT 2.394982184 43.220426331 0.000000000
POLYGON_POINT 2.394999225 43.220458328 1.000000000
POLYGON_POINT 2.394702779 43.220542198 1.000000000
POLYGON_POINT 2.394816377 43.220755416 0.000000000
POLYGON_POINT 2.394641687 43.220804857 1.000000000
POLYGON_POINT 2.394538289 43.220610731 1.000000000
POLYGON_POINT 2.394253125 43.220691429 1.000000000
POLYGON_POINT 2.394356538 43.220885526 0.000000000
POLYGON_POINT 2.394177567 43.220936097 0.000000000
END_WINDING
END_POLYGON
BEGIN_POLYGON 4 15 3
BEGIN_WINDING
POLYGON_POINT 2.394728069 43.221447018 1.000000000
POLYGON_POINT 2.394486215 43.221515436 1.000000000
POLYGON_POINT 2.394177754 43.220936247 1.000000000
POLYGON_POINT 2.394816376 43.220755426 0.000000000
POLYGON_POINT 2.394867523 43.220851409 1.000000000
POLYGON_POINT 2.394893475 43.220900112 0.000000000
POLYGON_POINT 2.394930471 43.220969539 0.000000000
POLYGON_POINT 2.394533527 43.221081832 1.000000000
END_WINDING
END_POLYGON
BEGIN_POLYGON 4 20 3
BEGIN_WINDING
POLYGON_POINT 2.395180304 43.220370328 2.000000000
POLYGON_POINT 2.395318858 43.220630347 0.000000000
POLYGON_POINT 2.395459829 43.220894902 1.000000000
POLYGON_POINT 2.395573271 43.221107793 2.000000000
POLYGON_POINT 2.395854709 43.221028193 2.000000000
POLYGON_POINT 2.395741262 43.220815264 0.000000000
POLYGON_POINT 2.395600292 43.220550700 2.000000000
POLYGON_POINT 2.395461753 43.220290699 2.000000000
POLYGON_POINT 2.395654963 43.220236050 2.000000000
POLYGON_POINT 2.396094243 43.221060481 1.000000000
POLYGON_POINT 2.395266326 43.221294692 1.000000000
POLYGON_POINT 2.395202141 43.221174207 1.000000000
POLYGON_POINT 2.395357289 43.221130317 1.000000000
POLYGON_POINT 2.395226927 43.220885638 0.000000000
POLYGON_POINT 2.394930478 43.220969521 0.000000000
POLYGON_POINT 2.394893478 43.220900123 1.000000000
POLYGON_POINT 2.395189961 43.220816256 1.000000000
POLYGON_POINT 2.395163983 43.220767497 1.000000000
POLYGON_POINT 2.394867519 43.220851373 0.000000000
POLYGON_POINT 2.394816386 43.220755430 1.000000000
POLYGON_POINT 2.395112974 43.220671590 1.000000000
POLYGON_POINT 2.394999254 43.220458315 1.000000000
POLYGON_POINT 2.394982234 43.220426370 0.000000000
END_WINDING
END_POLYGON
BEGIN_POLYGON 4 20 3
BEGIN_WINDING
POLYGON_POINT 2.395459853 43.220894898 0.000000000
POLYGON_POINT 2.395318864 43.220630331 1.000000000
POLYGON_POINT 2.395600270 43.220550708 0.000000000
POLYGON_POINT 2.395741243 43.220815264 1.000000000
END_WINDING
END_POLYGON
BEGIN_POLYGON 4 20 3
BEGIN_WINDING
POLYGON_POINT 2.393967819 43.220542530 2.000000000
POLYGON_POINT 2.394047920 43.220519864 0.000000000
POLYGON_POINT 2.394040764 43.220506376 0.000000000
POLYGON_POINT 2.394063770 43.220499902 0.000000000
POLYGON_POINT 2.394070963 43.220513344 2.000000000
POLYGON_POINT 2.394523978 43.220385157 0.000000000
POLYGON_POINT 2.394517111 43.220372260 0.000000000
POLYGON_POINT 2.394540117 43.220365784 0.000000000
POLYGON_POINT 2.394547010 43.220378640 2.000000000
POLYGON_POINT 2.394994627 43.220251981 0.000000000
POLYGON_POINT 2.394987528 43.220238503 0.000000000
POLYGON_POINT 2.395010509 43.220231983 0.000000000
POLYGON_POINT 2.395017610 43.220245478 2.000000000
POLYGON_POINT 2.395465755 43.220118695 0.000000000
POLYGON_POINT 2.395458574 43.220105211 0.000000000
POLYGON_POINT 2.395481592 43.220098727 0.000000000
POLYGON_POINT 2.395488748 43.220112190 2.000000000
POLYGON_POINT 2.395575796 43.220087564 1.000000000
POLYGON_POINT 2.395654836 43.220236017 0.000000000
POLYGON_POINT 2.395461750 43.220290647 0.000000000
POLYGON_POINT 2.395490352 43.220344385 1.000000000
POLYGON_POINT 2.395208956 43.220423994 0.000000000
POLYGON_POINT 2.395180306 43.220370277 0.000000000
POLYGON_POINT 2.394982184 43.220426331 0.000000000
POLYGON_POINT 2.394999225 43.220458328 1.000000000
POLYGON_POINT 2.394702779 43.220542198 1.000000000
POLYGON_POINT 2.394816377 43.220755416 0.000000000
POLYGON_POINT 2.394641687 43.220804857 1.000000000
POLYGON_POINT 2.394538289 43.220610731 1.000000000
POLYGON_POINT 2.394253125 43.220691429 1.000000000
POLYGON_POINT 2.394356538 43.220885526 0.000000000
POLYGON_POINT 2.394177567 43.220936097 0.000000000
END_WINDING
END_POLYGON
BEGIN_POLYGON 4 20 3
BEGIN_WINDING
POLYGON_POINT 2.394728069 43.221447018 1.000000000
POLYGON_POINT 2.394486215 43.221515436 1.000000000
POLYGON_POINT 2.394177754 43.220936247 1.000000000
POLYGON_POINT 2.394816311 43.220755414 0.000000000
POLYGON_POINT 2.394867499 43.220851438 1.000000000
POLYGON_POINT 2.394893417 43.220900076 0.000000000
POLYGON_POINT 2.394930406 43.220969527 0.000000000
POLYGON_POINT 2.394533527 43.221081832 1.000000000
END_WINDING
END_POLYGON
BEGIN_POLYGON 4 10 3
BEGIN_WINDING
POLYGON_POINT 2.393612948 43.220813795 0.000000000
POLYGON_POINT 2.393582480 43.220756620 1.000000000
POLYGON_POINT 2.393927383 43.220659027 1.000000000
POLYGON_POINT 2.394038818 43.220868144 1.000000000
POLYGON_POINT 2.393785994 43.220939681 1.000000000
POLYGON_POINT 2.393717649 43.220811414 0.000000000
POLYGON_POINT 2.393625562 43.220837475 1.000000000
POLYGON_POINT 2.393693900 43.220965734 1.000000000
POLYGON_POINT 2.393464836 43.221030547 1.000000000
POLYGON_POINT 2.393383895 43.220878605 1.000000000
END_WINDING
END_POLYGON
BEGIN_POLYGON 4 15 3
BEGIN_WINDING
POLYGON_POINT 2.393612948 43.220813795 0.000000000
POLYGON_POINT 2.393582480 43.220756620 1.000000000
POLYGON_POINT 2.393927383 43.220659027 1.000000000
POLYGON_POINT 2.394038818 43.220868144 1.000000000
POLYGON_POINT 2.393785994 43.220939681 1.000000000
POLYGON_POINT 2.393717649 43.220811414 0.000000000
POLYGON_POINT 2.393625562 43.220837475 1.000000000
POLYGON_POINT 2.393693900 43.220965734 1.000000000
POLYGON_POINT 2.393464836 43.221030547 1.000000000
POLYGON_POINT 2.393383895 43.220878605 1.000000000
END_WINDING
END_POLYGON
BEGIN_POLYGON 5 20 3
BEGIN_WINDING
POLYGON_POINT 2.395449452 43.220108447 3.000000000
POLYGON_POINT 2.395421750 43.220056474 0.000000000
POLYGON_POINT 2.395442689 43.220050548 0.000000000
POLYGON_POINT 2.395463628 43.220044622 3.000000000
POLYGON_POINT 2.395491309 43.220096616 0.000000000
END_WINDING
END_POLYGON
BEGIN_POLYGON 5 20 3
BEGIN_WINDING
POLYGON_POINT 2.394978410 43.220241736 3.000000000
POLYGON_POINT 2.394950708 43.220189763 0.000000000
POLYGON_POINT 2.394992586 43.220177911 3.000000000
POLYGON_POINT 2.395020267 43.220229905 0.000000000
END_WINDING
END_POLYGON
BEGIN_POLYGON 5 20 3
BEGIN_WINDING
POLYGON_POINT 2.394507653 43.220374929 3.000000000
POLYGON_POINT 2.394479951 43.220322955 0.000000000
POLYGON_POINT 2.394521829 43.220311103 3.000000000
POLYGON_POINT 2.394549510 43.220363097 0.000000000
END_WINDING
END_POLYGON
BEGIN_POLYGON 5 20 3
BEGIN_WINDING
POLYGON_POINT 2.394031642 43.220509609 3.000000000
POLYGON_POINT 2.394003940 43.220457635 0.000000000
POLYGON_POINT 2.394045819 43.220445783 3.000000000
POLYGON_POINT 2.394073500 43.220497777 0.000000000
END_WINDING
END_POLYGON
BEGIN_POLYGON 6 10 3
BEGIN_WINDING
POLYGON_POINT 2.395306748 43.220816435 2.000000000
POLYGON_POINT 2.395241968 43.220694878 0.000000000
POLYGON_POINT 2.395488115 43.220625229 1.000000000
POLYGON_POINT 2.395552887 43.220746814 3.000000000
END_WINDING
END_POLYGON
BEGIN_POLYGON 6 22 3
BEGIN_WINDING
POLYGON_POINT 2.394560398 43.221027619 2.000000000
POLYGON_POINT 2.394495638 43.220906031 0.000000000
POLYGON_POINT 2.394750508 43.220833926 1.000000000
POLYGON_POINT 2.394815295 43.220955481 3.000000000
END_WINDING
END_POLYGON
BEGIN_POLYGON 6 22 3
BEGIN_WINDING
POLYGON_POINT 2.394221808 43.220724280 0.000000000
POLYGON_POINT 2.394174574 43.220737799 0.000000000
POLYGON_POINT 2.394127449 43.220649401 2.000000000
POLYGON_POINT 2.394636381 43.220505414 1.000000000
POLYGON_POINT 2.394683494 43.220593827 3.000000000
POLYGON_POINT 2.394589359 43.220620450 0.000000000
POLYGON_POINT 2.394564216 43.220573232 0.000000000
POLYGON_POINT 2.394196544 43.220677238 2.000000000
END_WINDING
END_POLYGON
BEGIN_POLYGON 6 22 3
BEGIN_WINDING
POLYGON_POINT 2.395014052 43.220398537 2.000000000
POLYGON_POINT 2.395570748 43.220241021 1.000000000
POLYGON_POINT 2.395618462 43.220330531 3.000000000
POLYGON_POINT 2.395525865 43.220356712 0.000000000
POLYGON_POINT 2.395500150 43.220308405 2.000000000
POLYGON_POINT 2.395136228 43.220411370 0.000000000
POLYGON_POINT 2.395161979 43.220459705 3.000000000
POLYGON_POINT 2.395061763 43.220488069 0.000000000
END_WINDING
END_POLYGON
BEGIN_POLYGON 7 10 3
BEGIN_WINDING
POLYGON_POINT 2.395246359 43.221372998 0.000000000
POLYGON_POINT 2.397327707 43.220784084 0.000000000
END_WINDING
END_POLYGON
BEGIN_POLYGON 7 10 3
BEGIN_WINDING
POLYGON_POINT 2.395259043 43.221396842 0.000000000
POLYGON_POINT 2.395215140 43.221314420 0.000000000
END_WINDING
END_POLYGON
BEGIN_POLYGON 7 10 3
BEGIN_WINDING
POLYGON_POINT 2.395400541 43.221662357 0.000000000
POLYGON_POINT 2.395304469 43.221482106 0.000000000
END_WINDING
END_POLYGON
BEGIN_POLYGON 7 10 3
BEGIN_WINDING
POLYGON_POINT 2.395796952 43.220502551 0.000000000
POLYGON_POINT 2.395868992 43.220637680 0.000000000
END_WINDING
END_POLYGON
BEGIN_POLYGON 7 10 3
BEGIN_WINDING
POLYGON_POINT 2.393857584 43.221272995 0.000000000
POLYGON_POINT 2.393904411 43.221259841 0.000000000
POLYGON_POINT 2.393930818 43.221309253 0.000000000
POLYGON_POINT 2.394058157 43.221273223 0.000000000
END_WINDING
END_POLYGON
BEGIN_POLYGON 7 10 3
BEGIN_WINDING
POLYGON_POINT 2.394693165 43.218481451 0.000000000
POLYGON_POINT 2.395008439 43.219073126 0.000000000
END_WINDING
END_POLYGON
BEGIN_POLYGON 7 10 3
BEGIN_WINDING
POLYGON_POINT 2.395035253 43.219123460 0.000000000
POLYGON_POINT 2.395552466 43.220094153 0.000000000
END_WINDING
END_POLYGON
BEGIN_POLYGON 7 10 3
BEGIN_WINDING
POLYGON_POINT 2.393626592 43.221831280 0.000000000
POLYGON_POINT 2.394814230 43.221495239 0.000000000
END_WINDING
END_POLYGON
FILTER -1
OBJECT_DEF lib/airport/Common_Elements/Parking_Items/Row_of_Cars_10.agp
OBJECT_DEF lib/airport/Common_Elements/Parking_Items/Row_of_Cars_4.agp
OBJECT_DEF lib/airport/Common_Elements/Parking_Items/Row_of_Cars_6.agp
OBJECT_DEF lib/airport/Common_Elements/Parking_Items/Row_of_Cars_2.agp
OBJECT_DEF lib/street/streetlights/AreaFlood_Medium.obj
OBJECT_DEF lib/g10/forests/autogen_tree2.obj
OBJECT_DEF lib/g10/forests/autogen_tree3.obj
OBJECT_DEF lib/g10/forests/autogen_tree4.obj
POLYGON_DEF lib/airport/lines/safety_area_white.pol
POLYGON_DEF lib/airport/pavement/asphalt_1D.pol
POLYGON_DEF lib/g10/terrain10/red_grass_tmp_sdry_fl.pol
POLYGON_DEF lib/airport/Modern_Airports/Terminal_kit/term_building_Ground_01.fac
POLYGON_DEF lib/airport/Modern_Airports/Terminal_kit/term_building_Levels_01.fac
POLYGON_DEF lib/airport/Modern_Airports/Terminal_kit/term_building_Tall_01.fac
POLYGON_DEF lib/airport/Modern_Airports/Terminal_kit/term_roof_level_01.fac
POLYGON_DEF lib/airport/Ramp_Equipment/Covered_Walkway.fac
PROPERTY sim/filter/aptid HCAR
PROPERTY sim/exclude_obj 2.389038/43.224086/2.389331/43.224374
PROPERTY sim/exclude_obj 2.389165/43.224083/2.389458/43.224516
PROPERTY sim/exclude_obj 2.389457/43.224090/2.389751/43.224605
PROPERTY sim/exclude_obj 2.389717/43.224088/2.390010/43.224672
PROPERTY sim/exclude_obj 2.389957/43.224088/2.390250/43.224719
PROPERTY sim/exclude_obj 2.390210/43.224090/2.390503/43.224825
PROPERTY sim/exclude_obj 2.390451/43.224089/2.390744/43.225009
PROPERTY sim/exclude_obj 2.390655/43.224094/2.390949/43.225280
PROPERTY sim/exclude_obj 2.390866/43.224093/2.391159/43.225580
PROPERTY sim/exclude_obj 2.391088/43.224090/2.391381/43.225891
PROPERTY sim/exclude_obj 2.391283/43.224097/2.391576/43.226156
PROPERTY sim/exclude_obj 2.391536/43.224097/2.391829/43.226436
PROPERTY sim/exclude_obj 2.391752/43.224090/2.392235/43.226751
PROPERTY sim/exclude_obj 2.392153/43.222810/2.400836/43.226952
PROPERTY sim/exclude_obj 2.388980/43.220371/2.395243/43.224117
PROPERTY sim/exclude_obj 2.392755/43.219272/2.398073/43.223017
PROPERTY sim/require_agpoint 1/0
PROPERTY sim/require_object 1/0
PROPERTY sim/require_facade 1/3
PROPERTY sim/require_facade 6/0
