PROPERTY sim/west -180
PROPERTY sim/east 180
PROPERTY sim/north 90
PROPERTY sim/south -90
PROPERTY sim/planet earth
PROPERTY sim/creation_agent WorldEditor2.2.0r2
PROPERTY laminar/internal_revision 0
PROPERTY sim/overlay 1
FILTER 0
BEGIN_POLYGON 0 0 4
BEGIN_WINDING
POLYGON_POINT -89.867486279 37.864245095 -89.867486279 37.864245095
POLYGON_POINT -89.867503041 37.864188743 -89.867503041 37.864188743
POLYGON_POINT -89.867503041 37.864188743 -89.867521010 37.864150943
POLYGON_POINT -89.867691437 37.864120100 -89.867760651 37.864089441
POLYGON_POINT -89.867819891 37.863943539 -89.867819891 37.863943539
POLYGON_POINT -89.867990208 37.863488285 -89.868023861 37.863400126
POLYGON_POINT -89.867990208 37.863488285 -89.867990208 37.863488285
POLYGON_POINT -89.867990208 37.863488285 -89.868010645 37.863316652
POLYGON_POINT -89.868381318 37.863291870 -89.868539732 37.863257138
POLYGON_POINT -89.868381318 37.863291870 -89.868381318 37.863291870
POLYGON_POINT -89.868381318 37.863291870 -89.868486866 37.863264094
POLYGON_POINT -89.868787664 37.863119464 -89.868882504 37.863077196
POLYGON_POINT -89.869990350 37.862602880 -89.869990350 37.862602880
POLYGON_POINT -89.870131692 37.862544912 -89.870265691 37.862486944
POLYGON_POINT -89.870260184 37.862365211 -89.870260184 37.862365211
POLYGON_POINT -89.870497696 37.858196513 -89.870497696 37.858196513
POLYGON_POINT -89.870502982 37.858094257 -89.870508268 37.857992002
POLYGON_POINT -89.870629851 37.857998262 -89.870629851 37.857998262
POLYGON_POINT -89.870632494 37.857973220 -89.870632494 37.857973220
POLYGON_POINT -89.870259817 37.857958612 -89.870259817 37.857958612
POLYGON_POINT -89.870259817 37.857985741 -89.870259817 37.857985741
POLYGON_POINT -89.870341753 37.857989915 -89.870421046 37.857994088
POLYGON_POINT -89.870436904 37.858085910 -89.870436904 37.858085910
POLYGON_POINT -89.870202640 37.862235878 -89.870202640 37.862235878
POLYGON_POINT -89.870189424 37.862350654 -89.870176208 37.862465431
POLYGON_POINT -89.870036114 37.862519689 -89.870036114 37.862519689
POLYGON_POINT -89.868558527 37.863158264 -89.868558527 37.863158264
POLYGON_POINT -89.868370853 37.863235477 -89.868185822 37.863312691
POLYGON_POINT -89.867890511 37.863282084 -89.867890511 37.863282084
POLYGON_POINT -89.867864933 37.863347924 -89.867864933 37.863347924
POLYGON_POINT -89.867945282 37.863381557 -89.867979645 37.863414946
POLYGON_POINT -89.867937352 37.863473378 -89.867937352 37.863473378
POLYGON_POINT -89.867824693 37.863451502 -89.867824693 37.863451502
POLYGON_POINT -89.867717959 37.863738407 -89.867717959 37.863738407
POLYGON_POINT -89.867387546 37.863659107 -89.867387546 37.863659107
POLYGON_POINT -89.867329394 37.863840663 -89.867329394 37.863840663
POLYGON_POINT -89.867659806 37.863919963 -89.867659806 37.863919963
POLYGON_POINT -89.867712672 37.864020132 -89.867667736 37.864103605
POLYGON_POINT -89.867501191 37.864113160 -89.867501191 37.864113160
POLYGON_POINT -89.867440396 37.864098552 -89.867440396 37.864098552
END_WINDING
END_POLYGON
BEGIN_POLYGON 1 0 2
BEGIN_WINDING
POLYGON_POINT -89.863381955 37.859160699
POLYGON_POINT -89.862906915 37.858698523
POLYGON_POINT -89.861887078 37.859361097
POLYGON_POINT -89.861827870 37.859398986
POLYGON_POINT -89.861223980 37.859797970
POLYGON_POINT -89.860851400 37.860044660
POLYGON_POINT -89.860277674 37.860423820
POLYGON_POINT -89.860769207 37.860862257
END_WINDING
END_POLYGON
BEGIN_POLYGON 0 0 2
BEGIN_WINDING
POLYGON_POINT -89.859820654 37.861230138
POLYGON_POINT -89.859990701 37.861382372
POLYGON_POINT -89.860198369 37.861243019
POLYGON_POINT -89.860769207 37.860862257
POLYGON_POINT -89.860593739 37.860706302
END_WINDING
END_POLYGON
BEGIN_POLYGON 1 0 2
BEGIN_WINDING
POLYGON_POINT -89.859483989 37.858900474
POLYGON_POINT -89.859120406 37.859116155
POLYGON_POINT -89.859039828 37.859361319
POLYGON_POINT -89.859926184 37.860028535
POLYGON_POINT -89.860187571 37.859969572
POLYGON_POINT -89.860435200 37.859809750
END_WINDING
END_POLYGON
BEGIN_POLYGON 1 0 4
BEGIN_WINDING
POLYGON_POINT -89.860474929 37.861501299 -89.860474929 37.861501299
POLYGON_POINT -89.860395990 37.861428702 -89.860395990 37.861428702
POLYGON_POINT -89.860300534 37.861444166 -89.860300534 37.861444166
POLYGON_POINT -89.860273091 37.861416709 -89.860273091 37.861416709
POLYGON_POINT -89.860356955 37.861393414 -89.860356955 37.861393414
POLYGON_POINT -89.860309981 37.861347956 -89.860309981 37.861347956
POLYGON_POINT -89.860228033 37.861366901 -89.860228033 37.861366901
POLYGON_POINT -89.860194989 37.861336939 -89.860194989 37.861336939
POLYGON_POINT -89.860084802 37.861419287 -89.860084802 37.861419287
POLYGON_POINT -89.860198485 37.861529768 -89.860198485 37.861529768
POLYGON_POINT -89.860237321 37.861506721 -89.860237321 37.861506721
POLYGON_POINT -89.860315835 37.861582362 -89.860315835 37.861582362
POLYGON_POINT -89.860272688 37.861611307 -89.860272688 37.861611307
POLYGON_POINT -89.860310698 37.861652228 -89.860310698 37.861652228
POLYGON_POINT -89.860303988 37.861657188 -89.860303988 37.861657188
POLYGON_POINT -89.860237214 37.861591715 -89.860237214 37.861591715
POLYGON_POINT -89.860121861 37.861548495 -89.860121861 37.861548495
POLYGON_POINT -89.860147284 37.861529426 -89.860147284 37.861529426
POLYGON_POINT -89.860023438 37.861414407 -89.860023438 37.861414407
POLYGON_POINT -89.859819495 37.861547185 -89.859819495 37.861547185
POLYGON_POINT -89.859945228 37.861667447 -89.859945228 37.861667447
POLYGON_POINT -89.860112631 37.861554823 -89.860112631 37.861554823
POLYGON_POINT -89.860230752 37.861601919 -89.860230752 37.861601919
POLYGON_POINT -89.860297526 37.861660589 -89.860297526 37.861660589
POLYGON_POINT -89.860237214 37.861702253 -89.860237214 37.861702253
POLYGON_POINT -89.860246907 37.861728612 -89.860246907 37.861728612
POLYGON_POINT -89.860395844 37.861728755 -89.860395844 37.861728755
POLYGON_POINT -89.860411053 37.861742705 -89.860411053 37.861742705
POLYGON_POINT -89.860553303 37.861645372 -89.860553303 37.861645372
POLYGON_POINT -89.860596419 37.861682452 -89.860596419 37.861682452
POLYGON_POINT -89.860621425 37.861673917 -89.860631548 37.861668443
POLYGON_POINT -89.860643842 37.861656644 -89.860643842 37.861656644
END_WINDING
BEGIN_WINDING
POLYGON_POINT -89.860327201 37.861576792 -89.860327201 37.861576792
POLYGON_POINT -89.860272678 37.861525272 -89.860272678 37.861525272
POLYGON_POINT -89.860429807 37.861482565 -89.860429807 37.861482565
POLYGON_POINT -89.860446550 37.861497818 -89.860446550 37.861497818
END_WINDING
END_POLYGON
BEGIN_POLYGON 2 0 4
BEGIN_WINDING
POLYGON_POINT -89.860444031 37.862170489 -89.860444031 37.862170489
POLYGON_POINT -89.860378588 37.862215595 -89.860378588 37.862215595
POLYGON_POINT -89.860461171 37.862295146 -89.860461171 37.862295146
POLYGON_POINT -89.860526614 37.862248810 -89.860528172 37.862247580
END_WINDING
END_POLYGON
BEGIN_POLYGON 0 0 4
BEGIN_WINDING
POLYGON_POINT -89.861887078 37.859361097 -89.861887078 37.859361097
POLYGON_POINT -89.861850930 37.859331573 -89.861836595 37.859318779
POLYGON_POINT -89.861796084 37.859308446 -89.861768661 37.859304017
POLYGON_POINT -89.861735006 37.859306478 -89.861706960 37.859311891
POLYGON_POINT -89.861677444 37.859330004 -89.861677444 37.859330004
POLYGON_POINT -89.861383647 37.859529124 -89.861383647 37.859529124
POLYGON_POINT -89.861488329 37.859622786 -89.861488329 37.859622786
POLYGON_POINT -89.861755817 37.859445739 -89.861755817 37.859445739
POLYGON_POINT -89.861693249 37.859388653 -89.861693249 37.859388653
POLYGON_POINT -89.861705091 37.859379796 -89.861715686 37.859370939
POLYGON_POINT -89.861767415 37.859368478 -89.861787359 37.859368970
POLYGON_POINT -89.861827870 37.859398986 -89.861827870 37.859398986
END_WINDING
END_POLYGON
BEGIN_POLYGON 3 0 4
BEGIN_WINDING
POLYGON_POINT -89.857223165 37.876247471 -89.857223165 37.876247471
POLYGON_POINT -89.856823160 37.876236116 -89.856745836 37.876233342
POLYGON_POINT -89.856716573 37.876211650 -89.856716573 37.876211650
POLYGON_POINT -89.856715014 37.876176868 -89.856715014 37.876176868
POLYGON_POINT -89.856894412 37.876180433 -89.856894412 37.876180433
POLYGON_POINT -89.856907875 37.875922817 -89.856914308 37.875884733
POLYGON_POINT -89.856942170 37.875880662 -89.856942170 37.875880662
POLYGON_POINT -89.857255837 37.875884671 -89.857255837 37.875884671
POLYGON_POINT -89.857260587 37.875817588 -89.857260587 37.875817588
POLYGON_POINT -89.856946387 37.875812235 -89.856946387 37.875812235
POLYGON_POINT -89.856946433 37.875791526 -89.856946433 37.875791526
POLYGON_POINT -89.856989499 37.875791528 -89.856989499 37.875791528
POLYGON_POINT -89.856988022 37.875367767 -89.856988022 37.875367767
POLYGON_POINT -89.856625020 37.875369693 -89.856625020 37.875369693
POLYGON_POINT -89.856626486 37.875788844 -89.856626486 37.875788844
POLYGON_POINT -89.856697982 37.875790448 -89.856697982 37.875790448
POLYGON_POINT -89.856697717 37.875817189 -89.856697717 37.875817189
POLYGON_POINT -89.856572748 37.875828944 -89.856491065 37.875827612
POLYGON_POINT -89.856450568 37.875718169 -89.856450568 37.875718169
POLYGON_POINT -89.856440294 37.875287586 -89.856424830 37.875261508
POLYGON_POINT -89.856285871 37.875282621 -89.856270407 37.875304815
POLYGON_POINT -89.856285871 37.875282621 -89.856285871 37.875282621
POLYGON_POINT -89.856285871 37.875282621 -89.856264389 37.875311127
POLYGON_POINT -89.856279530 37.875394813 -89.856275869 37.875408620
POLYGON_POINT -89.856247182 37.875410776 -89.856236606 37.875421051
POLYGON_POINT -89.856244324 37.875519721 -89.856249612 37.875533207
POLYGON_POINT -89.856278662 37.875552753 -89.856287204 37.875571055
POLYGON_POINT -89.856283480 37.875617743 -89.856283480 37.875617743
POLYGON_POINT -89.856251967 37.875655618 -89.856239315 37.875677257
POLYGON_POINT -89.856243902 37.875693650 -89.856243902 37.875693650
POLYGON_POINT -89.856010348 37.875686877 -89.856010348 37.875686877
POLYGON_POINT -89.855973346 37.876351058 -89.855973346 37.876351058
POLYGON_POINT -89.856359554 37.876363534 -89.856359554 37.876363534
POLYGON_POINT -89.856364072 37.876290996 -89.856364072 37.876290996
POLYGON_POINT -89.856414586 37.876293245 -89.856414586 37.876293245
POLYGON_POINT -89.856490577 37.876280801 -89.856536267 37.876281911
POLYGON_POINT -89.856545435 37.876300615 -89.856545435 37.876300615
POLYGON_POINT -89.856542730 37.876445082 -89.856542730 37.876445082
POLYGON_POINT -89.856620522 37.876446849 -89.856620522 37.876446849
POLYGON_POINT -89.856629361 37.876289904 -89.856633579 37.876269375
POLYGON_POINT -89.857220634 37.876309346 -89.857220634 37.876309346
END_WINDING
END_POLYGON
BEGIN_POLYGON 4 89 2
BEGIN_WINDING
POLYGON_POINT -89.861084962 37.861943632
POLYGON_POINT -89.861279210 37.862126775
POLYGON_POINT -89.861308827 37.862108492
POLYGON_POINT -89.861114580 37.861928043
END_WINDING
END_POLYGON
BEGIN_POLYGON 5 2250 4
BEGIN_WINDING
POLYGON_POINT -89.859442640 37.860041590 -89.859442640 37.860041590
POLYGON_POINT -89.859526360 37.859981870 -89.859526360 37.859981870
POLYGON_POINT -89.859292660 37.859701940 -89.859292660 37.859701940
POLYGON_POINT -89.859167910 37.859677960 -89.859102970 37.859701270
POLYGON_POINT -89.859112960 37.859729150 -89.859112960 37.859729150
POLYGON_POINT -89.859247570 37.859930370 -89.859293110 37.859937030
END_WINDING
END_POLYGON
BEGIN_POLYGON 5 2250 2
BEGIN_WINDING
POLYGON_POINT -89.860851400 37.860044660
POLYGON_POINT -89.861223980 37.859797970
POLYGON_POINT -89.860992500 37.859576050
POLYGON_POINT -89.860605390 37.859816180
END_WINDING
END_POLYGON
FILTER -1
FILTER 0
FILTER -1
FILTER 0
FILTER -1
FILTER 0
FILTER -1
FILTER 0
FILTER -1
FILTER 0
OBJECT 0 -89.862502488 37.860578356 230.869995
OBJECT 1 -89.856509088 37.876458570 92.050003
OBJECT 2 -89.861443456 37.860577482 319.209991
OBJECT 3 -89.862508741 37.859781493 98.820000
OBJECT 3 -89.863515852 37.859053686 230.770004
OBJECT 4 -89.863422707 37.859114743 140.899994
OBJECT 4 -89.863343845 37.858960849 140.190002
OBJECT 4 -89.863378538 37.858937635 140.639999
OBJECT 3 -89.861330422 37.859710730 50.450001
OBJECT 4 -89.861528365 37.859785019 141.250000
OBJECT 4 -89.861554242 37.859809733 140.779999
OBJECT 4 -89.860276968 37.860682187 56.650002
OBJECT 4 -89.862080635 37.861738272 48.959999
OBJECT 5 -89.866902948 37.864986196 196.979996
OBJECT 6 -89.860478740 37.861198080 230.399994
OBJECT 6 -89.861643781 37.860423034 230.910004
OBJECT 7 -89.861836131 37.860598009 230.460007
OBJECT 8 -89.861177143 37.861648854 50.369999
OBJECT 9 -89.867434436 37.863504712 286.929993
OBJECT 10 -89.861031923 37.859910901 50.060001
OBJECT 11 -89.861053358 37.859936072 50.040001
OBJECT 11 -89.861075095 37.859956454 50.040001
OBJECT 12 -89.859986123 37.861540500 49.740002
OBJECT 12 -89.860443121 37.861604916 229.669998
OBJECT 13 -89.856805581 37.875580835 270.000000
OBJECT 12 -89.856800516 37.876066559 181.759995
OBJECT 13 -89.856183378 37.876150682 272.230011
OBJECT 13 -89.856196482 37.875917426 272.690002
OBJECT 12 -89.859543048 37.860138164 53.700001
OBJECT 11 -89.860800823 37.861851928 139.630005
OBJECT 11 -89.860826551 37.861834834 139.139999
OBJECT 14 -89.859897696 37.862286617 230.869995
OBJECT 11 -89.860459522 37.862230137 140.759995
OBJECT 15 -89.867262457 37.863658167 17.150000
OBJECT 16 -89.860906384 37.859987184 0.000000
OBJECT 16 -89.861159480 37.859822623 0.000000
OBJECT 16 -89.860203018 37.861434236 0.000000
OBJECT 16 -89.858450390 37.861135214 0.000000
OBJECT 15 -89.861546843 37.859607902 138.809998
OBJECT 16 -89.856361390 37.875336913 0.000000
OBJECT 16 -89.856359896 37.875445861 0.000000
OBJECT 16 -89.856356833 37.875548444 0.000000
OBJECT 16 -89.856355052 37.875652572 0.000000
OBJECT 17 -89.856953186 37.875803861 89.419998
OBJECT 17 -89.857092087 37.875892418 182.160004
OBJECT 17 -89.856910447 37.875957079 93.300003
OBJECT 17 -89.857011062 37.876307090 182.880005
OBJECT 17 -89.856741271 37.876297953 182.770004
OBJECT 17 -89.856524903 37.876296547 180.000000
OBJECT 17 -89.856377097 37.876300061 181.509995
OBJECT 17 -89.856459014 37.875403949 90.339996
OBJECT 17 -89.856459014 37.875596526 88.750000
OBJECT 17 -89.856489287 37.875775748 359.779999
OBJECT 17 -89.856654901 37.875820026 359.619995
OBJECT 17 -89.867692170 37.861433357 260.600006
OBJECT 17 -89.867609379 37.861654047 288.029999
OBJECT 17 -89.867538160 37.861833972 287.089996
OBJECT 17 -89.867442015 37.862075747 288.100006
OBJECT 17 -89.867365455 37.862278865 287.529999
OBJECT 17 -89.867263077 37.862532588 286.790009
OBJECT 17 -89.867182065 37.862744844 288.059998
OBJECT 17 -89.867099272 37.862964830 287.140015
OBJECT 17 -89.866998674 37.863215039 288.510010
OBJECT 17 -89.866909649 37.863432917 288.899994
OBJECT 17 -89.866848221 37.863598786 286.890015
OBJECT 17 -89.866772549 37.863792065 288.529999
OBJECT 17 -89.866671028 37.864030373 288.529999
OBJECT 17 -89.866493809 37.864488578 287.309998
OBJECT 17 -89.866337112 37.864883669 286.459991
OBJECT 17 -89.867011431 37.864419125 107.989998
OBJECT 17 -89.866820309 37.864909702 107.669998
OBJECT 17 -89.866916458 37.864660899 107.279999
OBJECT 17 -89.866763332 37.865114226 195.149994
OBJECT 17 -89.866934263 37.865155693 194.649994
OBJECT 17 -89.867101633 37.865143745 106.750000
OBJECT 17 -89.867192440 37.864931490 107.330002
OBJECT 17 -89.867274344 37.864719234 108.160004
OBJECT 17 -89.867358029 37.864521738 105.459999
OBJECT 17 -89.867426579 37.864349544 107.760002
OBJECT 17 -89.867317077 37.864034675 15.110000
OBJECT 17 -89.867179978 37.864032566 287.859985
OBJECT 17 -89.867427469 37.864094416 107.129997
OBJECT 17 -89.867446164 37.864122529 15.000000
OBJECT 17 -89.867577032 37.864183676 162.860001
OBJECT 17 -89.867692765 37.863832259 108.190002
OBJECT 17 -89.867731046 37.863873726 18.030001
OBJECT 17 -89.867739949 37.864086685 123.940002
OBJECT 17 -89.867820072 37.863903948 109.870003
OBJECT 17 -89.867891293 37.863728943 107.260002
OBJECT 17 -89.867948269 37.863572914 110.220001
OBJECT 17 -89.868076465 37.863387366 153.440002
OBJECT 17 -89.868272561 37.863250680 342.649994
OBJECT 17 -89.867574122 37.863215106 14.360000
OBJECT 17 -89.867811334 37.863260886 16.879999
OBJECT 17 -89.867906428 37.863411262 233.009995
OBJECT 17 -89.867536085 37.863329031 107.269997
OBJECT 18 -89.862504212 37.858931268 318.369995
OBJECT 18 -89.863770005 37.859174056 52.570000
OBJECT 18 -89.863065149 37.859740593 50.330002
OBJECT 18 -89.863189670 37.859989736 321.220001
OBJECT 18 -89.862774044 37.860361959 321.339996
OBJECT 18 -89.862058322 37.860828113 324.290009
OBJECT 18 -89.861594643 37.860897714 229.089996
OBJECT 18 -89.862048271 37.861310955 244.229996
OBJECT 18 -89.860474457 37.862344067 218.929993
OBJECT 18 -89.860990447 37.861498480 232.119995
OBJECT 18 -89.862832620 37.859526641 139.339996
OBJECT 18 -89.862445916 37.859794842 139.339996
OBJECT 18 -89.861936363 37.860121238 139.339996
OBJECT 18 -89.861840220 37.860426548 230.970001
OBJECT 18 -89.861602212 37.860566139 47.439999
OBJECT 18 -89.861460485 37.860413294 183.250000
OBJECT 18 -89.861228143 37.860569073 102.889999
OBJECT 18 -89.860702153 37.860922523 147.710007
OBJECT 18 -89.860514114 37.861046983 223.360001
OBJECT 18 -89.860670098 37.861189057 223.360001
OBJECT 18 -89.860292617 37.860568547 317.730011
OBJECT 18 -89.860097042 37.860130588 121.070000
OBJECT 18 -89.860539417 37.860233949 326.839996
OBJECT 18 -89.861916478 37.859314213 322.480011
OBJECT 18 -89.861502197 37.859793615 230.410004
OBJECT 18 -89.860893677 37.860190505 316.299988
OBJECT 18 -89.861308610 37.859728930 324.200012
OBJECT 18 -89.863808429 37.859609911 324.160004
OBJECT 18 -89.863154745 37.858886752 51.630001
OBJECT 19 -89.862733698 37.860831424 320.290009
OBJECT 19 -89.862864209 37.860748133 320.899994
OBJECT 19 -89.864077680 37.859878166 320.609985
OBJECT 19 -89.863945776 37.859964251 319.959991
OBJECT 19 -89.861059320 37.862724936 231.309998
OBJECT 20 -89.861326385 37.861998412 232.399994
OBJECT 21 -89.861265385 37.862658633 161.570007
OBJECT 20 -89.861053710 37.861423666 319.399994
OBJECT 22 -89.861290409 37.861661407 319.329987
OBJECT 20 -89.866606155 37.864406751 286.980011
OBJECT 20 -89.866658180 37.864274912 285.690002
OBJECT 20 -89.866702239 37.864162110 286.079987
OBJECT 20 -89.866760190 37.864014376 284.549988
OBJECT 20 -89.866806364 37.863896034 285.519989
OBJECT 20 -89.866744365 37.864863930 46.400002
OBJECT 20 -89.867257003 37.864049887 56.310001
OBJECT 20 -89.867271146 37.864172714 105.019997
OBJECT 23 -89.861121490 37.862189971 322.519989
OBJECT 24 -89.867427481 37.864267214 18.280001
OBJECT 24 -89.867392121 37.863375401 199.029999
OBJECT 24 -89.860803142 37.862151830 321.679993
OBJECT 24 -89.860831597 37.862131377 322.420013
OBJECT 24 -89.863786524 37.859716818 231.339996
OBJECT 24 -89.863292042 37.860042902 231.009995
OBJECT 25 -89.856165790 37.875598190 0.000000
OBJECT 25 -89.856162994 37.875643287 0.000000
OBJECT 26 -89.867791565 37.863705006 19.180000
OBJECT 26 -89.867815088 37.863660281 17.350000
OBJECT 27 -89.867395395 37.864095250 127.750000
OBJECT 27 -89.867165978 37.863691469 196.000000
OBJECT 27 -89.863906693 37.859644567 140.460007
OBJECT 27 -89.863035861 37.860159554 140.979996
OBJECT 27 -89.861525232 37.860786768 139.570007
OBJECT 27 -89.860669564 37.861159495 139.210007
OBJECT 27 -89.860214458 37.861035516 51.669998
OBJECT 27 -89.861555287 37.859640968 228.809998
OBJECT 27 -89.861835952 37.859343066 109.650002
OBJECT 28 -89.861636719 37.859503721 232.029999
OBJECT 28 -89.861581601 37.859445500 48.349998
OBJECT 29 -89.868213517 37.863326012 76.730003
OBJECT 29 -89.860601384 37.862298932 49.759998
OBJECT 29 -89.862655171 37.859864959 140.750000
OBJECT 29 -89.863776845 37.859355166 320.619995
OBJECT 29 -89.863807453 37.859331865 320.720001
OBJECT 29 -89.863742272 37.859377861 320.190002
OBJECT 29 -89.863708929 37.859400807 319.980011
OBJECT 30 -89.863434134 37.859952406 48.759998
OBJECT 30 -89.862617548 37.860486558 50.650002
OBJECT 30 -89.862641588 37.860508560 51.020000
OBJECT 30 -89.862760768 37.860054970 140.210007
OBJECT 30 -89.862794680 37.860033343 140.320007
OBJECT 30 -89.863027459 37.859846646 140.710007
OBJECT 30 -89.863057596 37.859827430 140.500000
OBJECT 30 -89.863087371 37.859809561 140.460007
OBJECT 30 -89.862373480 37.859075158 49.900002
OBJECT 31 -89.861562668 37.859993320 206.110001
OBJECT 31 -89.861536354 37.859968217 209.740005
OBJECT 31 -89.861514427 37.859945711 210.960007
OBJECT 31 -89.861487565 37.859937487 206.029999
OBJECT 31 -89.861464540 37.859908922 205.300003
OBJECT 31 -89.861444257 37.859886848 202.830002
OBJECT 31 -89.863272313 37.859196460 57.340000
OBJECT 31 -89.863245473 37.859174023 54.610001
OBJECT 31 -89.863011023 37.858995151 237.990005
OBJECT 31 -89.863069438 37.858955886 237.199997
OBJECT 31 -89.863067859 37.859169660 224.089996
OBJECT 31 -89.863048913 37.859152833 236.000000
OBJECT 31 -89.863034704 37.859131019 232.350006
OBJECT 31 -89.862861826 37.859205809 226.550003
OBJECT 31 -89.862595798 37.859240088 56.930000
OBJECT 31 -89.862614744 37.859260655 50.910000
OBJECT 31 -89.862636057 37.859277483 54.459999
OBJECT 31 -89.862656582 37.859298673 46.330002
OBJECT 31 -89.862740258 37.859379072 52.250000
OBJECT 31 -89.862777227 37.859418127 45.000000
OBJECT 31 -89.862376348 37.859293612 50.189999
OBJECT 31 -89.862399240 37.859314803 47.410000
OBJECT 31 -89.862418975 37.859331007 49.820000
OBJECT 31 -89.862437921 37.859350328 51.880001
OBJECT 31 -89.862462392 37.859374635 49.290001
OBJECT 31 -89.862479759 37.859388969 45.970001
OBJECT 31 -89.862497125 37.859415769 45.910000
OBJECT 31 -89.862561856 37.859471861 52.000000
OBJECT 31 -89.862540542 37.859447555 56.560001
OBJECT 31 -89.862584749 37.859421378 56.689999
OBJECT 31 -89.862701580 37.859338486 52.770000
OBJECT 31 -89.862719736 37.859357807 52.590000
OBJECT 31 -89.862863406 37.859268059 51.709999
OBJECT 31 -89.862887878 37.859288626 50.529999
OBJECT 32 -89.860642457 37.860177307 140.550003
OBJECT 33 -89.860637213 37.860384057 320.000000
OBJECT 33 -89.860944571 37.860182377 320.000000
OBJECT 33 -89.861287403 37.859957420 320.000000
OBJECT 33 -89.860879639 37.860602729 140.000000
OBJECT 33 -89.861186508 37.860402185 140.000000
OBJECT 33 -89.861518505 37.860185221 140.000000
OBJECT 32 -89.861895957 37.859678017 50.000000
OBJECT 33 -89.860483021 37.860485233 320.000000
OBJECT 33 -89.860789569 37.860284085 320.000000
OBJECT 33 -89.861122125 37.860065871 320.000000
OBJECT 33 -89.860718737 37.860707880 140.000000
OBJECT 33 -89.861022699 37.860509237 140.000000
OBJECT 33 -89.861353379 37.860293133 140.000000
OBJECT 32 -89.861929278 37.859689735 230.000000
OBJECT 34 -89.863095637 37.859006480 140.440002
OBJECT 34 -89.862952408 37.859081868 140.440002
OBJECT 34 -89.862803497 37.859176104 140.440002
OBJECT 34 -89.862659132 37.859266749 140.440002
OBJECT 34 -89.862501126 37.859376241 140.440002
OBJECT 35 -89.867407679 37.863714845 287.190002
OBJECT 36 -89.856522824 37.875960590 1.050000
OBJECT 36 -89.856526873 37.876156338 180.520004
OBJECT 37 -89.862814389 37.859686647 139.529999
OBJECT 38 -89.864461586 37.859234235 71.059998
OBJECT 38 -89.864468799 37.859253599 79.199997
OBJECT 38 -89.864471324 37.859270115 86.430000
OBJECT 38 -89.864473127 37.859292895 95.239998
OBJECT 38 -89.864461946 37.859316815 106.349998
OBJECT 38 -89.864453290 37.859337603 115.449997
OBJECT 38 -89.864441388 37.859356112 124.940002
OBJECT 38 -89.864425879 37.859373767 133.649994
OBJECT 38 -89.864401714 37.859388290 143.970001
OBJECT 38 -89.864379352 37.859400250 153.270004
OBJECT 38 -89.864349776 37.859408793 163.550003
OBJECT 38 -89.864327775 37.859414203 171.600006
OBJECT 38 -89.864297478 37.859414773 181.240005
OBJECT 38 -89.864271149 37.859413919 189.970001
OBJECT 38 -89.864242295 37.859407654 200.149994
OBJECT 38 -89.864210556 37.859396264 211.440002
OBJECT 38 -89.864180620 37.859377754 224.570007
OBJECT 38 -89.864164029 37.859358960 234.350006
OBJECT 38 -89.864146717 37.859340735 244.130005
OBJECT 38 -89.864134454 37.859314822 255.320007
OBJECT 38 -89.864131929 37.859292611 265.070007
OBJECT 38 -89.864128322 37.859270969 274.049988
OBJECT 38 -89.864131929 37.859253314 281.119995
OBJECT 38 -89.864139503 37.859228824 291.959991
OBJECT 38 -89.864151045 37.859203765 303.010010
OBJECT 38 -89.864174128 37.859187249 313.119995
OBJECT 38 -89.864199736 37.859166462 325.390015
OBJECT 38 -89.864224622 37.859156210 334.450012
OBJECT 38 -89.864256722 37.859147383 344.660004
OBJECT 38 -89.864289183 37.859143396 356.070007
OBJECT 38 -89.864319119 37.859143111 6.710000
OBJECT 38 -89.864345448 37.859146244 14.720000
OBJECT 38 -89.864369974 37.859154502 23.660000
OBJECT 38 -89.864393779 37.859165038 32.959999
OBJECT 38 -89.864413616 37.859179846 41.000000
OBJECT 38 -89.864437060 37.859196931 52.200001
OBJECT 38 -89.864453651 37.859216010 62.570000
OBJECT 39 -89.860026128 37.859625548 0.000000
OBJECT 39 -89.859959288 37.859526467 0.000000
OBJECT 39 -89.859910181 37.859470464 315.000000
OBJECT 39 -89.859850162 37.859412307 339.440002
OBJECT 39 -89.859795598 37.859363844 323.130005
OBJECT 39 -89.859727394 37.859290609 348.690002
OBJECT 39 -89.859682380 37.859235684 326.309998
OBJECT 39 -89.859581437 37.859189374 0.000000
OBJECT 39 -89.859172213 37.859375690 0.000000
OBJECT 39 -89.859176305 37.859289532 0.000000
OBJECT 39 -89.859271791 37.859181835 0.000000
OBJECT 39 -89.859419112 37.859138756 0.000000
OBJECT 39 -89.859500956 37.859088138 0.000000
OBJECT 39 -89.859894334 37.859839513 90.000000
OBJECT 39 -89.859979310 37.859817086 45.000000
OBJECT 39 -89.860116023 37.859724036 0.000000
OBJECT 39 -89.859980143 37.859904549 63.430000
OBJECT 39 -89.859972665 37.859724162 0.000000
OBJECT 39 -89.860132523 37.859854307 0.000000
OBJECT 39 -89.860217379 37.859817086 0.000000
OBJECT 40 -89.863526265 37.858907249 90.000000
OBJECT 40 -89.863546726 37.858942789 108.440002
OBJECT 40 -89.863586456 37.858966280 150.949997
OBJECT 40 -89.863467732 37.858828227 0.000000
OBJECT 40 -89.863493649 37.858833611 0.000000
OBJECT 40 -89.863518203 37.858849766 90.000000
OBJECT 40 -89.863535935 37.858877767 153.440002
OBJECT 40 -89.863559125 37.858896076 0.000000
OBJECT 40 -89.860931274 37.859655605 156.669998
OBJECT 40 -89.860967335 37.859623871 141.119995
OBJECT 40 -89.860869201 37.859679154 160.619995
OBJECT 40 -89.860965004 37.859649186 158.889999
OBJECT 40 -89.861052296 37.859695929 166.050003
OBJECT 40 -89.861091881 37.859710596 182.389999
OBJECT 40 -89.860780814 37.859739078 148.460007
OBJECT 40 -89.860830072 37.859706902 150.539993
OBJECT 40 -89.860747519 37.859758816 90.000000
OBJECT 40 -89.860791148 37.859895292 135.000000
OBJECT 40 -89.860751533 37.859897379 171.929993
OBJECT 40 -89.860872328 37.859708602 164.380005
OBJECT 40 -89.860774132 37.859927297 161.649994
OBJECT 40 -89.859240500 37.859806171 0.000000
OBJECT 40 -89.859461018 37.859977342 0.000000
OBJECT 40 -89.859440653 37.859961263 0.000000
OBJECT 40 -89.859326607 37.859932320 315.000000
OBJECT 40 -89.859269585 37.859890514 333.440002
OBJECT 40 -89.859208489 37.859861572 296.570007
OBJECT 40 -89.859192376 37.859816337 0.000000
OBJECT 40 -89.859139247 37.859749018 0.000000
OBJECT 40 -89.859208489 37.859716860 180.000000
OBJECT 40 -89.859212562 37.859768313 0.000000
OBJECT 40 -89.859285877 37.859816550 90.000000
OBJECT 40 -89.859322534 37.859835845 0.000000
OBJECT 40 -89.859371411 37.859890514 0.000000
OBJECT 41 -89.859298930 37.859776883 320.200012
OBJECT 41 -89.859244622 37.859680409 0.000000
OBJECT 41 -89.860867062 37.859776883 270.000000
OBJECT 41 -89.859440248 37.859251910 349.700012
OBJECT 41 -89.859735544 37.859589572 146.309998
OBJECT 41 -89.859412631 37.859532716 145.009995
OBJECT 41 -89.859898467 37.859750363 130.600006
OBJECT 41 -89.860041024 37.859854877 161.570007
OBJECT 41 -89.861153824 37.860016889 0.000000
OBJECT 41 -89.860917702 37.862444304 5.810000
OBJECT 41 -89.861180506 37.862137083 306.869995
OBJECT 41 -89.864088071 37.865983730 96.339996
OBJECT 41 -89.864361732 37.866055748 113.199997
OBJECT 41 -89.864716478 37.866135768 105.949997
OBJECT 41 -89.865040816 37.866223790 116.570000
OBJECT 41 -89.865253664 37.866303810 0.000000
OBJECT 41 -89.865659155 37.860854443 101.309998
OBJECT 41 -89.866206456 37.861998730 36.869999
OBJECT 41 -89.866469971 37.861462595 0.000000
OBJECT 41 -89.866510512 37.861086501 0.000000
OBJECT 41 -89.866997002 37.861038489 114.440002
OBJECT 41 -89.867189570 37.861158519 126.870003
OBJECT 41 -89.867483491 37.861302555 123.690002
OBJECT 41 -89.867817953 37.861414583 180.000000
OBJECT 41 -89.867817953 37.861550618 185.710007
OBJECT 41 -89.867797682 37.861774674 184.399994
OBJECT 41 -89.867787547 37.862006732 184.399994
OBJECT 41 -89.867716601 37.862278800 201.800003
OBJECT 41 -89.867665925 37.862494854 196.699997
OBJECT 41 -89.867605114 37.862742917 199.979996
OBJECT 41 -89.867493626 37.863038991 216.869995
OBJECT 41 -89.866966596 37.863455095 210.960007
OBJECT 41 -89.867301073 37.864079252 180.000000
OBJECT 41 -89.867240260 37.864183278 219.800003
OBJECT 41 -89.867007143 37.864407334 219.089996
OBJECT 41 -89.866855110 37.864623389 211.610001
OBJECT 41 -89.866723348 37.864807435 220.229996
OBJECT 41 -89.866611857 37.864879453 216.869995
OBJECT 41 -89.866054403 37.866015738 203.199997
OBJECT 41 -89.863236728 37.865711662 0.000000
OBJECT 41 -89.865036933 37.861179561 29.740000
OBJECT 41 -89.865154237 37.861003591 24.230000
OBJECT 41 -89.865195294 37.860901714 21.799999
OBJECT 41 -89.865212889 37.860707221 0.000000
OBJECT 41 -89.865453362 37.860318234 18.430000
OBJECT 41 -89.865682104 37.859461538 8.750000
OBJECT 41 -89.865729026 37.859317983 10.620000
OBJECT 41 -89.865758352 37.859239260 18.430000
OBJECT 41 -89.865834599 37.859030874 16.389999
OBJECT 41 -89.865951903 37.858878058 21.040001
OBJECT 41 -89.866028151 37.858785442 18.430000
OBJECT 41 -89.866092668 37.858669672 14.040000
OBJECT 41 -89.866151320 37.858530749 16.700001
OBJECT 41 -89.866198241 37.858405717 14.040000
OBJECT 41 -89.866215837 37.858336255 0.000000
OBJECT 41 -89.866215837 37.858322363 0.000000
OBJECT 41 -89.866016420 37.858776181 198.429993
OBJECT 41 -89.865846330 37.859290198 199.000000
OBJECT 41 -89.865693835 37.859730124 180.000000
OBJECT 41 -89.863089690 37.860605343 223.259995
OBJECT 41 -89.862825756 37.860818360 229.630005
OBJECT 41 -89.862368271 37.861151777 227.289993
OBJECT 41 -89.862133664 37.861378685 226.399994
OBJECT 41 -89.861963573 37.861466671 246.800003
OBJECT 41 -89.861435706 37.861587071 239.419998
OBJECT 41 -89.861212829 37.861536132 285.260010
OBJECT 41 -89.861118986 37.861457409 315.000000
OBJECT 41 -89.860837456 37.861258285 315.000000
OBJECT 41 -89.860708422 37.861026745 329.739990
OBJECT 41 -89.860620444 37.860846144 335.230011
OBJECT 41 -89.860843322 37.860438635 34.689999
OBJECT 41 -89.861142446 37.860276557 37.869999
OBJECT 41 -89.861335998 37.860123741 31.610001
OBJECT 41 -89.861511953 37.859980186 26.559999
OBJECT 41 -89.861969438 37.859711600 45.000000
OBJECT 41 -89.862190667 37.859546920 39.090000
OBJECT 41 -89.862338945 37.859433753 29.740000
OBJECT 41 -89.862737778 37.859179059 45.000000
OBJECT 41 -89.863042768 37.859114228 0.000000
OBJECT 42 -89.862925464 37.859104967 241.389999
OBJECT 42 -89.862602879 37.859276306 218.160004
OBJECT 42 -89.862362406 37.859609723 202.380005
OBJECT 42 -89.861881460 37.860207095 206.559998
OBJECT 42 -89.861899056 37.860295080 168.690002
OBJECT 42 -89.862028090 37.860480312 152.100006
OBJECT 42 -89.862168855 37.860693328 158.839996
OBJECT 42 -89.861453301 37.860647020 295.200012
OBJECT 42 -89.861429841 37.860637759 165.960007
OBJECT 42 -89.861529549 37.860725744 146.309998
OBJECT 42 -89.861764157 37.860850775 153.440002
OBJECT 42 -89.861899056 37.860952653 161.570007
OBJECT 42 -89.862110203 37.861068422 158.960007
OBJECT 42 -89.862456249 37.861123992 242.350006
OBJECT 42 -89.862327215 37.861063792 351.869995
OBJECT 42 -89.862309619 37.860827621 0.000000
OBJECT 42 -89.862380002 37.860762790 26.559999
OBJECT 42 -89.862520766 37.860674805 45.000000
OBJECT 42 -89.862831621 37.860443266 38.660000
OBJECT 42 -89.862761239 37.860684067 194.529999
OBJECT 42 -89.862673261 37.860869298 204.770004
OBJECT 42 -89.862743644 37.860975807 150.259995
OBJECT 42 -89.862855082 37.860943391 71.559998
OBJECT 42 -89.863013442 37.860855406 36.869999
OBJECT 42 -89.863242185 37.860642390 36.869999
OBJECT 42 -89.863324298 37.860517358 24.440001
OBJECT 42 -89.863300837 37.860378434 352.880005
OBJECT 42 -89.862913734 37.860082064 315.000000
OBJECT 42 -89.862597014 37.859869047 315.000000
OBJECT 42 -89.862608744 37.859841263 90.000000
OBJECT 42 -89.862890273 37.859933878 128.660004
OBJECT 42 -89.863230454 37.860170049 137.179993
OBJECT 42 -89.863623422 37.860392327 108.440002
OBJECT 42 -89.863441601 37.860285819 336.799988
OBJECT 42 -89.863482658 37.860091325 6.010000
OBJECT 42 -89.863770052 37.859882940 56.310001
OBJECT 42 -89.864303784 37.859961663 161.570007
OBJECT 42 -89.864063312 37.860128372 236.309998
OBJECT 42 -89.863828704 37.859998710 20.559999
OBJECT 42 -89.864062500 37.859838335 0.000000
BEGIN_POLYGON 6 10 3
BEGIN_WINDING
POLYGON_POINT -89.860496175 37.857867126 0.000000000
POLYGON_POINT -89.860339045 37.857695354 0.000000000
POLYGON_POINT -89.859021614 37.857657183 0.000000000
POLYGON_POINT -89.858798013 37.857750226 0.000000000
POLYGON_POINT -89.858350798 37.860276703 0.000000000
POLYGON_POINT -89.858260137 37.860720447 0.000000000
POLYGON_POINT -89.859568548 37.860720447 0.000000000
POLYGON_POINT -89.859369170 37.864561289 0.000000000
POLYGON_POINT -89.859828459 37.864566228 0.000000000
POLYGON_POINT -89.862074251 37.864568800 0.000000000
POLYGON_POINT -89.862323279 37.865245627 0.000000000
POLYGON_POINT -89.857554133 37.878176240 0.000000000
POLYGON_POINT -89.858061594 37.878304078 0.000000000
POLYGON_POINT -89.857838689 37.878893338 0.000000000
POLYGON_POINT -89.858363911 37.879017324 0.000000000
POLYGON_POINT -89.858606563 37.878429136 0.000000000
POLYGON_POINT -89.859549736 37.878621344 0.000000000
POLYGON_POINT -89.859849333 37.878547182 0.000000000
POLYGON_POINT -89.860061870 37.878237994 0.000000000
POLYGON_POINT -89.861374229 37.874942904 0.000000000
POLYGON_POINT -89.861876276 37.873756030 0.000000000
POLYGON_POINT -89.863194384 37.870338178 0.000000000
POLYGON_POINT -89.863876142 37.868470080 0.000000000
POLYGON_POINT -89.864647349 37.866393842 0.000000000
POLYGON_POINT -89.865638967 37.866644545 0.000000000
POLYGON_POINT -89.865352275 37.867432571 0.000000000
POLYGON_POINT -89.865702294 37.867513509 0.000000000
POLYGON_POINT -89.866021506 37.866732781 0.000000000
POLYGON_POINT -89.866211873 37.866771884 0.000000000
POLYGON_POINT -89.866787302 37.865260446 0.000000000
POLYGON_POINT -89.867224094 37.865343285 0.000000000
POLYGON_POINT -89.867672617 37.864251983 0.000000000
POLYGON_POINT -89.867900826 37.863967538 0.000000000
POLYGON_POINT -89.868134516 37.863445843 0.000000000
POLYGON_POINT -89.870218383 37.862565286 0.000000000
END_WINDING
END_POLYGON
BEGIN_POLYGON 6 10 3
BEGIN_WINDING
POLYGON_POINT -89.863688365 37.858952088 0.000000000
POLYGON_POINT -89.863536243 37.859051266 0.000000000
POLYGON_POINT -89.863508501 37.859069410 0.000000000
POLYGON_POINT -89.863497528 37.859076438 3.000000000
POLYGON_POINT -89.863453430 37.859105207 0.000000000
POLYGON_POINT -89.863444735 37.859111091 0.000000000
POLYGON_POINT -89.863415750 37.859129725 0.000000000
POLYGON_POINT -89.863372116 37.859158127 0.000000000
POLYGON_POINT -89.863382004 37.859166993 0.000000000
END_WINDING
END_POLYGON
BEGIN_POLYGON 7 10 3
BEGIN_WINDING
POLYGON_POINT -89.861512563 37.860539892 3.000000000
POLYGON_POINT -89.861466563 37.860496645 3.000000000
POLYGON_POINT -89.861507912 37.860469230 3.000000000
POLYGON_POINT -89.861461027 37.860423944 1.000000000
POLYGON_POINT -89.861399945 37.860465176 0.000000000
POLYGON_POINT -89.861385755 37.860452205 4.000000000
POLYGON_POINT -89.861324079 37.860493097 0.000000000
POLYGON_POINT -89.861340697 37.860508351 2.000000000
POLYGON_POINT -89.861249227 37.860568996 0.000000000
POLYGON_POINT -89.861322748 37.860638117 0.000000000
POLYGON_POINT -89.861353994 37.860617401 0.000000000
POLYGON_POINT -89.861371224 37.860633599 0.000000000
END_WINDING
END_POLYGON
BEGIN_POLYGON 8 10 3
BEGIN_WINDING
POLYGON_POINT -89.862463971 37.859798271 1.000000000
POLYGON_POINT -89.861926669 37.860145133 0.000000000
POLYGON_POINT -89.862242140 37.860448570 1.000000000
POLYGON_POINT -89.862766851 37.860104560 1.000000000
END_WINDING
END_POLYGON
BEGIN_POLYGON 8 10 3
BEGIN_WINDING
POLYGON_POINT -89.860688907 37.860944694 1.000000000
POLYGON_POINT -89.861027211 37.861259321 1.000000000
POLYGON_POINT -89.861587379 37.860883884 0.000000000
POLYGON_POINT -89.861323318 37.860638249 0.000000000
POLYGON_POINT -89.861249074 37.860569257 1.000000000
END_WINDING
END_POLYGON
BEGIN_POLYGON 8 10 3
BEGIN_WINDING
POLYGON_POINT -89.861047109 37.861278919 1.000000000
POLYGON_POINT -89.861479745 37.861689619 1.000000000
POLYGON_POINT -89.862045153 37.861319052 0.000000000
POLYGON_POINT -89.861612517 37.860908353 1.000000000
END_WINDING
END_POLYGON
BEGIN_POLYGON 8 10 3
BEGIN_WINDING
POLYGON_POINT -89.863703226 37.859481038 1.000000000
POLYGON_POINT -89.863382830 37.859167113 1.000000000
POLYGON_POINT -89.862844397 37.859516173 0.000000000
POLYGON_POINT -89.863174277 37.859829476 1.000000000
END_WINDING
END_POLYGON
BEGIN_POLYGON 9 10 3
BEGIN_WINDING
POLYGON_POINT -89.860851918 37.862644172 0.000000000
POLYGON_POINT -89.860556473 37.862371331 1.000000000
POLYGON_POINT -89.860256633 37.862569278 1.000000000
POLYGON_POINT -89.860553371 37.862841099 1.000000000
END_WINDING
END_POLYGON
BEGIN_POLYGON 9 10 3
BEGIN_WINDING
POLYGON_POINT -89.861094061 37.862891926 0.000000000
POLYGON_POINT -89.860856890 37.862649118 1.000000000
POLYGON_POINT -89.860557050 37.862847065 1.000000000
POLYGON_POINT -89.860805227 37.863085976 1.000000000
END_WINDING
END_POLYGON
BEGIN_POLYGON 10 10 3
BEGIN_WINDING
POLYGON_POINT -89.862812098 37.859531486 2.000000000
POLYGON_POINT -89.862591702 37.859678667 0.000000000
POLYGON_POINT -89.862660314 37.859742316 0.000000000
POLYGON_POINT -89.862677798 37.859729705 0.000000000
POLYGON_POINT -89.862707996 37.859758124 2.000000000
POLYGON_POINT -89.862906662 37.859624879 0.000000000
END_WINDING
END_POLYGON
BEGIN_POLYGON 11 10 3
BEGIN_WINDING
POLYGON_POINT -89.859841178 37.859917336 8.000000000
POLYGON_POINT -89.859944663 37.860004942 8.000000000
POLYGON_POINT -89.860145801 37.859937372 8.000000000
POLYGON_POINT -89.860351705 37.859795603 8.000000000
POLYGON_POINT -89.859476681 37.858949356 8.000000000
POLYGON_POINT -89.859185612 37.859141576 8.000000000
POLYGON_POINT -89.859078842 37.859364007 8.000000000
POLYGON_POINT -89.859167204 37.859426580 8.000000000
END_WINDING
END_POLYGON
BEGIN_POLYGON 11 10 3
BEGIN_WINDING
POLYGON_POINT -89.861146638 37.859960288 4.000000000
POLYGON_POINT -89.861294299 37.859865396 4.000000000
POLYGON_POINT -89.860992497 37.859576054 4.000000000
POLYGON_POINT -89.860605385 37.859816177 4.000000000
POLYGON_POINT -89.860918381 37.860106938 4.000000000
POLYGON_POINT -89.861057484 37.860017421 4.000000000
END_WINDING
END_POLYGON
BEGIN_POLYGON 6 10 3
BEGIN_WINDING
POLYGON_POINT -89.861656330 37.859773270 0.000000000
POLYGON_POINT -89.861602206 37.859717538 0.000000000
POLYGON_POINT -89.861492938 37.859786920 0.000000000
POLYGON_POINT -89.861547433 37.859839825 0.000000000
POLYGON_POINT -89.861597085 37.859809319 2.000000000
POLYGON_POINT -89.861617771 37.859796702 0.000000000
POLYGON_POINT -89.861656296 37.859773280 0.000000000
END_WINDING
END_POLYGON
BEGIN_POLYGON 6 10 3
BEGIN_WINDING
POLYGON_POINT -89.861501970 37.859633293 0.000000000
POLYGON_POINT -89.861583036 37.859577011 0.000000000
POLYGON_POINT -89.861574144 37.859568274 0.000000000
POLYGON_POINT -89.861653436 37.859517641 2.000000000
POLYGON_POINT -89.861685131 37.859496422 0.000000000
POLYGON_POINT -89.861716365 37.859475556 2.000000000
POLYGON_POINT -89.861757002 37.859448473 0.000000000
POLYGON_POINT -89.861691935 37.859390606 1.000000000
POLYGON_POINT -89.861658321 37.859361517 0.000000000
POLYGON_POINT -89.861648714 37.859351288 0.000000000
POLYGON_POINT -89.861387542 37.859529959 0.000000000
POLYGON_POINT -89.861501970 37.859633293 0.000000000
END_WINDING
END_POLYGON
BEGIN_POLYGON 6 10 3
BEGIN_WINDING
POLYGON_POINT -89.862848410 37.859513449 0.000000000
POLYGON_POINT -89.862844269 37.859509772 0.000000000
POLYGON_POINT -89.862831847 37.859512496 2.000000000
POLYGON_POINT -89.862813214 37.859524346 0.000000000
POLYGON_POINT -89.862806313 37.859529114 0.000000000
POLYGON_POINT -89.862809419 37.859532519 0.000000000
END_WINDING
END_POLYGON
BEGIN_POLYGON 12 10 3
BEGIN_WINDING
POLYGON_POINT -89.863897816 37.859400893 0.000000000
POLYGON_POINT -89.863756733 37.859493575 0.000000000
POLYGON_POINT -89.863859045 37.859595609 0.000000000
END_WINDING
END_POLYGON
BEGIN_POLYGON 6 10 3
BEGIN_WINDING
POLYGON_POINT -89.867590576 37.863086632 0.000000000
POLYGON_POINT -89.868530193 37.863082157 0.000000000
POLYGON_POINT -89.869958001 37.862487869 0.000000000
POLYGON_POINT -89.869960990 37.862462339 0.000000000
POLYGON_POINT -89.868582215 37.862397976 0.000000000
POLYGON_POINT -89.868656245 37.861369466 0.000000000
POLYGON_POINT -89.866158646 37.860744742 0.000000000
POLYGON_POINT -89.867217947 37.857951371 0.000000000
POLYGON_POINT -89.864572369 37.857846471 0.000000000
POLYGON_POINT -89.864481389 37.857903191 0.000000000
POLYGON_POINT -89.863977371 37.859197129 0.000000000
POLYGON_POINT -89.863512580 37.858803935 0.000000000
POLYGON_POINT -89.863444952 37.858702183 0.000000000
POLYGON_POINT -89.863327270 37.858614721 0.000000000
POLYGON_POINT -89.863125485 37.858595211 0.000000000
POLYGON_POINT -89.862959822 37.858587807 0.000000000
POLYGON_POINT -89.862648813 37.858555326 0.000000000
POLYGON_POINT -89.862537499 37.858574633 0.000000000
POLYGON_POINT -89.861923119 37.858987115 0.000000000
POLYGON_POINT -89.861834901 37.858970407 0.000000000
POLYGON_POINT -89.860749688 37.857985884 0.000000000
POLYGON_POINT -89.860818850 37.857820379 0.000000000
POLYGON_POINT -89.861026502 37.857704653 0.000000000
POLYGON_POINT -89.864283296 37.857819952 0.000000000
END_WINDING
END_POLYGON
BEGIN_POLYGON 6 10 3
BEGIN_WINDING
POLYGON_POINT -89.862463971 37.859798271 0.000000000
POLYGON_POINT -89.862483716 37.859758831 2.000000000
POLYGON_POINT -89.862560682 37.859714606 0.000000000
POLYGON_POINT -89.862602744 37.859690437 0.000000000
END_WINDING
END_POLYGON
BEGIN_POLYGON 6 10 3
BEGIN_WINDING
POLYGON_POINT -89.861926669 37.860145133 0.000000000
POLYGON_POINT -89.861883200 37.860172779 3.000000000
POLYGON_POINT -89.861826316 37.860208956 3.000000000
END_WINDING
END_POLYGON
BEGIN_POLYGON 6 10 3
BEGIN_WINDING
POLYGON_POINT -89.861701627 37.860288446 0.000000000
POLYGON_POINT -89.861826316 37.860208956 0.000000000
END_WINDING
END_POLYGON
BEGIN_POLYGON 6 10 3
BEGIN_WINDING
POLYGON_POINT -89.860691597 37.860942559 0.000000000
POLYGON_POINT -89.860674133 37.860925493 0.000000000
POLYGON_POINT -89.860653797 37.860938359 3.000000000
POLYGON_POINT -89.860549199 37.861005878 0.000000000
POLYGON_POINT -89.860255821 37.861200836 0.000000000
END_WINDING
END_POLYGON
BEGIN_POLYGON 6 10 3
BEGIN_WINDING
POLYGON_POINT -89.859955050 37.861410172 0.000000000
POLYGON_POINT -89.859711685 37.861556496 0.000000000
POLYGON_POINT -89.859710400 37.861583494 0.000000000
POLYGON_POINT -89.860475252 37.862316552 0.000000000
POLYGON_POINT -89.861106044 37.861905031 0.000000000
POLYGON_POINT -89.861099106 37.861897465 0.000000000
END_WINDING
END_POLYGON
BEGIN_POLYGON 6 10 3
BEGIN_WINDING
POLYGON_POINT -89.860259129 37.861204553 0.000000000
POLYGON_POINT -89.860162136 37.861105712 1.000000000
POLYGON_POINT -89.860110247 37.861051950 0.000000000
POLYGON_POINT -89.859802990 37.861243610 0.000000000
POLYGON_POINT -89.859955673 37.861405734 0.000000000
POLYGON_POINT -89.860259129 37.861204553 0.000000000
END_WINDING
END_POLYGON
BEGIN_POLYGON 13 10 3
BEGIN_WINDING
POLYGON_POINT -89.860990447 37.861498480 2.000000000
POLYGON_POINT -89.860670432 37.861190138 4.000000000
POLYGON_POINT -89.860443230 37.861339368 4.000000000
POLYGON_POINT -89.860512589 37.861405999 3.000000000
POLYGON_POINT -89.860575315 37.861466721 4.000000000
POLYGON_POINT -89.860650271 37.861540654 4.000000000
POLYGON_POINT -89.860602258 37.861572585 4.000000000
POLYGON_POINT -89.860715755 37.861680371 4.000000000
END_WINDING
END_POLYGON
FILTER -1
OBJECT_DEF lib/airport/European_Airports/towers/Germany_16m.obj
OBJECT_DEF lib/g10/US/suburban/Z-RnchRHGry.obj
OBJECT_DEF lib/airport/Modern_Airports/Terminal_kit/entrances/entrance_2_4m.obj
OBJECT_DEF lib/g10/US/industrial/light/GateHut3x3.obj
OBJECT_DEF lib/g10/US/industrial/light/StorHut3x3.obj
OBJECT_DEF lib/airport/Common_Elements/Hangars/Long_Row_Beige.agp
OBJECT_DEF lib/airport/European_Airports/hangars/25x20x5.obj
OBJECT_DEF lib/airport/European_Airports/hangars/25x20x5_solar.obj
OBJECT_DEF lib/airport/Common_Elements/Hangars/Med_Gray_Hangar.agp
OBJECT_DEF lib/airport/Common_Elements/Hangars/Med_Blue_Hangar.agp
OBJECT_DEF lib/g10/US/industrial/light/SiteOffice4x14.obj
OBJECT_DEF lib/g10/US/industrial/light/SiteOffice3x10.obj
OBJECT_DEF lib/g10/US/industrial/light/FactA15x22.obj
OBJECT_DEF lib/g10/US/industrial/light/FactB30x45.obj
OBJECT_DEF lib/g10/US/industrial/light/SiteOffice6x12.obj
OBJECT_DEF lib/airport/Common_Elements/Fueling_Stations/2_horiz_tanks.agp
OBJECT_DEF lib/airport/Common_Elements/Fuel_Storage/Sing_Tank_Small.obj
OBJECT_DEF lib/airport/Common_Elements/Lighting/Dir_Ramp_Lit_Short.obj
OBJECT_DEF lib/g10/streetlights/AreaFloodLrg.obj
OBJECT_DEF lib/airport/aircraft/general_aviation/prop_a.obj
OBJECT_DEF lib/airport/aircraft/airliners/prop_a.obj
OBJECT_DEF lib/airport/aircraft/airliners/turboprop_b.obj
OBJECT_DEF lib/airport/aircraft/airliners/turboprop_a.obj
OBJECT_DEF lib/airport/aircraft/airliners/turboprop_c_clh.obj
OBJECT_DEF lib/airport/Ramp_Equipment/Stair_Maint_1.obj
OBJECT_DEF lib/airport/European_Airports/silos/16m_tan_white.obj
OBJECT_DEF lib/airport/European_Airports/silos/12m_wood.obj
OBJECT_DEF lib/airport/Common_Elements/vehicles/Fuel_Truck_Small.obj
OBJECT_DEF lib/airport/Common_Elements/vehicles/Fuel_Truck_Large.obj
OBJECT_DEF lib/airport/Common_Elements/Vehicles/Cargo_Truck_Long.agp
OBJECT_DEF lib/cars/car_or_truck.obj
OBJECT_DEF lib/cars/car_static.obj
OBJECT_DEF lib/airport/Common_Elements/Parking_Items/14_Single_Spaces.agp
OBJECT_DEF lib/airport/Common_Elements/Parking_Items/Row_of_Cars_10.agp
OBJECT_DEF lib/airport/Common_Elements/Parking/20_Spaces_dual.obj
OBJECT_DEF lib/airport/Common_Elements/Parking_Items/Row_of_Cars_6.agp
OBJECT_DEF lib/airport/Common_Elements/Parking/10_Spaces_dual.obj
OBJECT_DEF lib/airport/Common_Elements/Parking_Items/7_Single_Spaces.agp
OBJECT_DEF lib/airport/Common_Elements/Runway_Markers/Barrels/White_Black.obj
OBJECT_DEF lib/airport/Ramp_Equipment/Cargo_Container_6.obj
OBJECT_DEF lib/g10/US/industrial/light/MineralsPile.obj
OBJECT_DEF lib/airport/Common_Elements/Parking/Grunge1_XLg.obj
OBJECT_DEF lib/airport/Common_Elements/Parking/Grunge1_Med.obj
POLYGON_DEF lib/airport/pavement/concrete_2D.pol
POLYGON_DEF lib/airport/pavement/concrete_1L.pol
POLYGON_DEF lib/airport/pavement/concrete_5D.pol
POLYGON_DEF lib/airport/pavement/concrete_2L.pol
POLYGON_DEF lib/airport/lines/safety_area_yellow.pol
POLYGON_DEF lib/g10/terrain10/any_hot_dry_fl.pol
POLYGON_DEF lib/airport/Common_Elements/Fence_Facades/Fence.fac
POLYGON_DEF lib/airport/Modern_Airports/Terminal_kit/term_building_Ground_03.fac
POLYGON_DEF lib/airport/Common_Elements/Hangars/White_Hangar.fac
POLYGON_DEF lib/airport/Common_Elements/Hangars/Blue_Hangar.fac
POLYGON_DEF lib/airport/Common_Elements/Misc_Buildings/White_Office.fac
POLYGON_DEF lib/g10/global_objects/fencing_Industrial_1.fac
POLYGON_DEF lib/airport/Ramp_Equipment/Covered_Walkway.fac
POLYGON_DEF lib/airport/Common_Elements/Misc_Buildings/Cargo_Terminal.fac
PROPERTY sim/filter/aptid K02
PROPERTY sim/exclude_net -89.868442/37.860894/-89.861133/37.866433
PROPERTY sim/exclude_for -89.869865/37.858014/-89.857498/37.867729
PROPERTY sim/require_agpoint 1/0
PROPERTY sim/require_object 1/0
PROPERTY sim/require_facade 1/6
PROPERTY sim/require_facade 6/0
