PROPERTY sim/west -180
PROPERTY sim/east 180
PROPERTY sim/north 90
PROPERTY sim/south -90
PROPERTY sim/planet earth
PROPERTY sim/creation_agent WorldEditor1.7.1r2
PROPERTY laminar/internal_revision 0
PROPERTY sim/overlay 1
FILTER 0
BEGIN_POLYGON 0 0 4
BEGIN_WINDING
POLYGON_POINT -97.233815678 38.907151640 -97.233815678 38.907151640
POLYGON_POINT -97.233816145 38.907034218 -97.233816145 38.907034218
POLYGON_POINT -97.234316272 38.907034272 -97.234316272 38.907034272
POLYGON_POINT -97.234230170 38.907008831 -97.234230170 38.907008831
POLYGON_POINT -97.234230170 38.906475124 -97.234230170 38.906475124
POLYGON_POINT -97.234061947 38.906471767 -97.234061947 38.906471767
POLYGON_POINT -97.234072026 38.905638552 -97.234072026 38.905638552
POLYGON_POINT -97.234074146 38.905463254 -97.234074146 38.905463254
POLYGON_POINT -97.233289845 38.905447989 -97.233289845 38.905447989
POLYGON_POINT -97.233289845 38.905447989 -97.233087653 38.905449932
POLYGON_POINT -97.233100055 38.905619178 -97.233100055 38.905619178
POLYGON_POINT -97.233091428 38.906327431 -97.233091428 38.906327431
POLYGON_POINT -97.232887323 38.906327138 -97.232887323 38.906327138
POLYGON_POINT -97.232887165 38.906524555 -97.232887165 38.906524555
POLYGON_POINT -97.233091733 38.906524550 -97.233091733 38.906524550
POLYGON_POINT -97.233091103 38.906583626 -97.233091103 38.906583626
POLYGON_POINT -97.232912827 38.906583189 -97.232912827 38.906583189
POLYGON_POINT -97.232911273 38.906660847 -97.232911273 38.906660847
POLYGON_POINT -97.233091916 38.906659856 -97.233091916 38.906659856
POLYGON_POINT -97.233092103 38.906764240 -97.233092103 38.906764240
POLYGON_POINT -97.233018336 38.906734151 -97.233018336 38.906734151
POLYGON_POINT -97.232883709 38.906733414 -97.232883709 38.906733414
POLYGON_POINT -97.232886964 38.907056932 -97.232886964 38.907056932
POLYGON_POINT -97.232819683 38.907149810 -97.232819683 38.907149810
POLYGON_POINT -97.232707534 38.907156524 -97.232634727 38.907117404
POLYGON_POINT -97.232707534 38.907156524 -97.232707534 38.907156524
POLYGON_POINT -97.232681695 38.907089391 -97.232681695 38.907089391
POLYGON_POINT -97.232650589 38.907104404 -97.232650589 38.907104404
POLYGON_POINT -97.232658047 38.907325611 -97.232658047 38.907325611
POLYGON_POINT -97.232680848 38.907347758 -97.232680848 38.907347758
POLYGON_POINT -97.232764496 38.907269301 -97.232833836 38.907269301
POLYGON_POINT -97.232764496 38.907269301 -97.232764496 38.907269301
POLYGON_POINT -97.233108682 38.907267293 -97.233108682 38.907267293
POLYGON_POINT -97.233313952 38.907359240 -97.233313952 38.907359240
POLYGON_POINT -97.233703933 38.907357923 -97.233703933 38.907357923
POLYGON_POINT -97.233957855 38.907151185 -97.233957855 38.907151185
END_WINDING
BEGIN_WINDING
POLYGON_POINT -97.233411544 38.906960433 -97.233411544 38.906960433
POLYGON_POINT -97.233107242 38.906959392 -97.233107242 38.906959392
POLYGON_POINT -97.233129442 38.906894620 -97.233167001 38.906858648
POLYGON_POINT -97.233129442 38.906894620 -97.233129442 38.906894620
POLYGON_POINT -97.233251936 38.906839552 -97.233251936 38.906839552
POLYGON_POINT -97.233411544 38.906960433 -97.233429517 38.907093300
END_WINDING
BEGIN_WINDING
POLYGON_POINT -97.233465861 38.906817220 -97.233465861 38.906817220
POLYGON_POINT -97.233408449 38.906817220 -97.233408449 38.906817220
POLYGON_POINT -97.233223730 38.906723980 -97.233175578 38.906681825
POLYGON_POINT -97.233178799 38.906611315 -97.233178799 38.906611315
POLYGON_POINT -97.233188783 38.905607039 -97.233188783 38.905607039
POLYGON_POINT -97.233188783 38.905607039 -97.233191105 38.905515783
POLYGON_POINT -97.233288457 38.905517232 -97.233288457 38.905517232
POLYGON_POINT -97.233372394 38.905518007 -97.233372394 38.905518007
POLYGON_POINT -97.233482928 38.905606136 -97.233484089 38.905697392
POLYGON_POINT -97.233482928 38.905606136 -97.233482928 38.905606136
POLYGON_POINT -97.233475908 38.906104274 -97.233475908 38.906104274
POLYGON_POINT -97.233288740 38.906101717 -97.233288740 38.906101717
POLYGON_POINT -97.233287644 38.906201164 -97.233287644 38.906201164
POLYGON_POINT -97.233474508 38.906203617 -97.233474508 38.906203617
POLYGON_POINT -97.233473322 38.906287764 -97.233473322 38.906287764
POLYGON_POINT -97.233286678 38.906288777 -97.233286678 38.906288777
POLYGON_POINT -97.233285672 38.906380040 -97.233285672 38.906380040
POLYGON_POINT -97.233472008 38.906381071 -97.233472008 38.906381071
POLYGON_POINT -97.233470634 38.906478510 -97.233470634 38.906478510
POLYGON_POINT -97.233284596 38.906477634 -97.233284596 38.906477634
POLYGON_POINT -97.233283570 38.906570700 -97.233283570 38.906570700
POLYGON_POINT -97.233469331 38.906571019 -97.233469331 38.906571019
END_WINDING
BEGIN_WINDING
POLYGON_POINT -97.233782358 38.906246734 -97.233782358 38.906246734
POLYGON_POINT -97.233585542 38.906247775 -97.233585542 38.906247775
POLYGON_POINT -97.233587110 38.906138005 -97.233587110 38.906138005
POLYGON_POINT -97.233690000 38.906139507 -97.233690000 38.906139507
POLYGON_POINT -97.233690595 38.906090605 -97.233690595 38.906090605
POLYGON_POINT -97.233587840 38.906086841 -97.233587840 38.906086841
POLYGON_POINT -97.233588678 38.906028185 -97.233588678 38.906028185
POLYGON_POINT -97.233690004 38.906027315 -97.233690004 38.906027315
POLYGON_POINT -97.233689070 38.905974119 -97.233689070 38.905974119
POLYGON_POINT -97.233589308 38.905976193 -97.233589308 38.905976193
POLYGON_POINT -97.233590240 38.905918866 -97.233590240 38.905918866
POLYGON_POINT -97.233692698 38.905917949 -97.233692698 38.905917949
POLYGON_POINT -97.233693379 38.905867719 -97.233693379 38.905867719
POLYGON_POINT -97.233590906 38.905872212 -97.233590906 38.905872212
POLYGON_POINT -97.233591840 38.905806816 -97.233591840 38.905806816
POLYGON_POINT -97.233694089 38.905803762 -97.233694089 38.905803762
POLYGON_POINT -97.233694684 38.905754904 -97.233694684 38.905754904
POLYGON_POINT -97.233592539 38.905757882 -97.233592539 38.905757882
POLYGON_POINT -97.233593503 38.905695977 -97.233593503 38.905695977
POLYGON_POINT -97.233695565 38.905698343 -97.233695565 38.905698343
POLYGON_POINT -97.233695991 38.905645416 -97.233695991 38.905645416
POLYGON_POINT -97.233594114 38.905645366 -97.233594114 38.905645366
POLYGON_POINT -97.233595683 38.905596300 -97.233595683 38.905596300
POLYGON_POINT -97.233595683 38.905596300 -97.233610129 38.905518735
POLYGON_POINT -97.233722520 38.905521241 -97.233722520 38.905521241
POLYGON_POINT -97.233844742 38.905522370 -97.233844742 38.905522370
POLYGON_POINT -97.233980555 38.905615941 -97.233989222 38.905689010
POLYGON_POINT -97.233980555 38.905615941 -97.233980555 38.905615941
POLYGON_POINT -97.233980323 38.905682237 -97.233980323 38.905682237
POLYGON_POINT -97.233827789 38.905682250 -97.233827789 38.905682250
POLYGON_POINT -97.233827967 38.905741466 -97.233827967 38.905741466
POLYGON_POINT -97.233980117 38.905740911 -97.233980117 38.905740911
POLYGON_POINT -97.233979936 38.905792656 -97.233979936 38.905792656
POLYGON_POINT -97.233828251 38.905791694 -97.233828251 38.905791694
POLYGON_POINT -97.233828470 38.905848445 -97.233828470 38.905848445
POLYGON_POINT -97.233979741 38.905848136 -97.233979741 38.905848136
POLYGON_POINT -97.233979544 38.905904494 -97.233979544 38.905904494
POLYGON_POINT -97.233828808 38.905903463 -97.233828808 38.905903463
POLYGON_POINT -97.233829017 38.905959188 -97.233829017 38.905959188
POLYGON_POINT -97.233979349 38.905960010 -97.233979349 38.905960010
POLYGON_POINT -97.233979140 38.906019658 -97.233979140 38.906019658
POLYGON_POINT -97.233829313 38.906019303 -97.233829313 38.906019303
POLYGON_POINT -97.233829542 38.906073708 -97.233829542 38.906073708
POLYGON_POINT -97.233978957 38.906071898 -97.233978957 38.906071898
POLYGON_POINT -97.233978751 38.906130669 -97.233978751 38.906130669
POLYGON_POINT -97.233829856 38.906129912 -97.233829856 38.906129912
POLYGON_POINT -97.233830075 38.906189876 -97.233830075 38.906189876
POLYGON_POINT -97.233978540 38.906190785 -97.233978540 38.906190785
POLYGON_POINT -97.233977560 38.906470510 -97.233977560 38.906470510
POLYGON_POINT -97.233860739 38.906477503 -97.233860739 38.906477503
END_WINDING
END_POLYGON
BEGIN_POLYGON 1 45 2
BEGIN_WINDING
POLYGON_POINT -97.233150510 38.907034381
POLYGON_POINT -97.233079393 38.907034440
POLYGON_POINT -97.233079444 38.907071624
POLYGON_POINT -97.233150561 38.907071565
END_WINDING
END_POLYGON
BEGIN_POLYGON 2 0 4
BEGIN_WINDING
POLYGON_POINT -97.232709359 38.910470199 -97.232709359 38.910470199
POLYGON_POINT -97.232770333 38.910427850 -97.232817487 38.910424514
POLYGON_POINT -97.232770333 38.910427850 -97.232770333 38.910427850
POLYGON_POINT -97.232931896 38.910419476 -97.232992767 38.910410136
POLYGON_POINT -97.233142032 38.910318153 -97.233166895 38.910274123
POLYGON_POINT -97.233142032 38.910318153 -97.233142032 38.910318153
POLYGON_POINT -97.233143047 38.910259056 -97.233143047 38.910259056
POLYGON_POINT -97.233143047 38.910259056 -97.233135331 38.910175665
POLYGON_POINT -97.233046045 38.910127701 -97.233046045 38.910127701
POLYGON_POINT -97.232998562 38.910127883 -97.232998562 38.910127883
POLYGON_POINT -97.232867486 38.910139645 -97.232867486 38.910139645
POLYGON_POINT -97.232737274 38.910137644 -97.232737274 38.910137644
POLYGON_POINT -97.232737274 38.910137644 -97.232714983 38.910138311
POLYGON_POINT -97.232693378 38.910111679 -97.232693378 38.910111679
POLYGON_POINT -97.232696971 38.910192278 -97.232696971 38.910192278
POLYGON_POINT -97.232739304 38.910162402 -97.232769311 38.910159066
POLYGON_POINT -97.232739304 38.910162402 -97.232739304 38.910162402
POLYGON_POINT -97.232868837 38.910161618 -97.232868837 38.910161618
POLYGON_POINT -97.233019385 38.910185517 -97.233072540 38.910207532
POLYGON_POINT -97.233082841 38.910296223 -97.233069981 38.910333582
POLYGON_POINT -97.232925730 38.910385436 -97.232875147 38.910394776
POLYGON_POINT -97.232773378 38.910394114 -97.232773378 38.910394114
POLYGON_POINT -97.232773378 38.910394114 -97.232721938 38.910392780
POLYGON_POINT -97.232704266 38.910355946 -97.232704266 38.910355946
END_WINDING
END_POLYGON
BEGIN_POLYGON 3 511 2
BEGIN_WINDING
POLYGON_POINT -97.233508064 38.910287512
POLYGON_POINT -97.233074563 38.909957058
POLYGON_POINT -97.232764919 38.909960500
POLYGON_POINT -97.232809154 38.909251401
POLYGON_POINT -97.232910894 38.909027656
POLYGON_POINT -97.233282467 38.909468261
POLYGON_POINT -97.233344395 38.908920947
POLYGON_POINT -97.233552299 38.909065520
POLYGON_POINT -97.233419595 38.909533663
POLYGON_POINT -97.233525758 38.909888213
POLYGON_POINT -97.233503641 38.909471703
POLYGON_POINT -97.233822132 38.909492357
POLYGON_POINT -97.233813285 38.908001871
END_WINDING
END_POLYGON
FILTER -1
FILTER 0
FILTER -1
FILTER 0
FILTER -1
FILTER 0
FILTER -1
FILTER 0
FILTER -1
FILTER 0
OBJECT 0 -97.234098491 38.907622639 0.000000
OBJECT 1 -97.235447922 38.907902052 180.000000
OBJECT 1 -97.235510036 38.907902052 180.000000
OBJECT 1 -97.236146531 38.900534348 0.000000
OBJECT 1 -97.236199356 38.900534348 0.000000
OBJECT 2 -97.234882957 38.898683290 0.000000
OBJECT 2 -97.234906410 38.898605476 90.000000
OBJECT 2 -97.234965659 38.898564167 0.000000
OBJECT 2 -97.235058237 38.898546875 0.000000
OBJECT 2 -97.235222407 38.898537269 0.000000
OBJECT 2 -97.235364359 38.898558403 0.000000
OBJECT 2 -97.235521123 38.898568971 0.000000
OBJECT 2 -97.235660606 38.898639099 0.000000
OBJECT 2 -97.235521123 38.898391248 0.000000
OBJECT 2 -97.235364359 38.898391248 270.000000
OBJECT 2 -97.235222407 38.898391248 0.000000
OBJECT 2 -97.235058237 38.898391248 0.000000
OBJECT 2 -97.234928613 38.898391248 0.000000
OBJECT 2 -97.234803939 38.898391248 0.000000
OBJECT 2 -97.234686693 38.898391248 0.000000
OBJECT 2 -97.234686484 38.898488278 0.000000
OBJECT 2 -97.234686294 38.898579544 0.000000
OBJECT 2 -97.234686099 38.898683290 0.000000
OBJECT 2 -97.234685804 38.898815865 0.000000
OBJECT 2 -97.234871848 38.898815865 180.000000
OBJECT 2 -97.234685148 38.899131927 0.000000
OBJECT 2 -97.234876784 38.899131927 0.000000
OBJECT 2 -97.234684202 38.899588240 0.000000
OBJECT 2 -97.234875549 38.899588240 180.000000
OBJECT 2 -97.234683243 38.900050321 0.000000
OBJECT 2 -97.234870611 38.900050321 0.000000
OBJECT 2 -97.234682296 38.900506638 0.000000
OBJECT 2 -97.234868142 38.900506638 0.000000
OBJECT 2 -97.234880485 38.901376028 0.000000
OBJECT 2 -97.234902705 38.901307821 90.000000
OBJECT 2 -97.234965659 38.901257867 90.000000
OBJECT 2 -97.235044662 38.901246339 90.000000
OBJECT 2 -97.235196494 38.901240575 0.000000
OBJECT 2 -97.235332279 38.901244417 0.000000
OBJECT 2 -97.235508799 38.901265552 0.000000
OBJECT 2 -97.235639646 38.901332798 0.000000
OBJECT 2 -97.235639646 38.901015780 0.000000
OBJECT 2 -97.235508799 38.901076301 270.000000
OBJECT 2 -97.235332279 38.901082065 0.000000
OBJECT 2 -97.235196494 38.901089751 0.000000
OBJECT 2 -97.235044662 38.901084947 0.000000
OBJECT 2 -97.234965659 38.901069577 0.000000
OBJECT 2 -97.234899001 38.901020583 0.000000
OBJECT 2 -97.234882954 38.900946612 0.000000
OBJECT 2 -97.234875548 38.900811158 0.000000
OBJECT 2 -97.234681661 38.900811158 0.000000
OBJECT 2 -97.234681358 38.900946612 0.000000
OBJECT 2 -97.234681152 38.901058057 0.000000
OBJECT 2 -97.234680935 38.901162757 0.000000
OBJECT 2 -97.234680724 38.901264593 0.000000
OBJECT 2 -97.234680499 38.901376028 0.000000
OBJECT 2 -97.234680214 38.901510522 0.000000
OBJECT 2 -97.234870610 38.901510522 0.000000
OBJECT 2 -97.234679476 38.901865971 0.000000
OBJECT 2 -97.234870278 38.901865971 0.000000
OBJECT 2 -97.234678464 38.902353987 0.000000
OBJECT 2 -97.234869834 38.902353987 0.000000
OBJECT 2 -97.234677435 38.902849691 0.000000
OBJECT 2 -97.234869382 38.902849691 0.000000
OBJECT 2 -97.234676419 38.903339625 0.000000
OBJECT 2 -97.234868934 38.903339625 0.000000
OBJECT 2 -97.234675405 38.903828605 0.000000
OBJECT 2 -97.234868486 38.903828605 0.000000
OBJECT 2 -97.234674390 38.904317582 0.000000
OBJECT 2 -97.234868038 38.904317582 0.000000
OBJECT 2 -97.234673370 38.904809443 0.000000
OBJECT 2 -97.234867587 38.904809443 0.000000
OBJECT 2 -97.234672637 38.905162740 0.000000
OBJECT 2 -97.234867260 38.905162740 90.000000
OBJECT 2 -97.234867136 38.905300530 0.000000
OBJECT 2 -97.234867040 38.905405109 0.000000
OBJECT 2 -97.234667589 38.905300530 0.000000
OBJECT 2 -97.234654790 38.905365270 0.000000
OBJECT 2 -97.234586528 38.905418391 0.000000
OBJECT 2 -97.234507600 38.905434991 0.000000
OBJECT 2 -97.234360410 38.905434991 0.000000
OBJECT 2 -97.234208954 38.905434991 0.000000
OBJECT 2 -97.234112961 38.905434991 0.000000
OBJECT 2 -97.234110821 38.905637514 0.000000
OBJECT 2 -97.234142819 38.905589373 0.000000
OBJECT 2 -97.234208954 38.905562813 0.000000
OBJECT 2 -97.234360410 38.905556173 0.000000
OBJECT 2 -97.234507600 38.905567793 0.000000
OBJECT 2 -97.234866952 38.905501388 0.000000
OBJECT 2 -97.234586528 38.905579413 0.000000
OBJECT 2 -97.234866850 38.905612607 0.000000
OBJECT 2 -97.234650521 38.905642494 0.000000
OBJECT 2 -97.234669720 38.905710555 0.000000
OBJECT 2 -97.234866762 38.905710555 0.000000
OBJECT 2 -97.234866632 38.905849999 0.000000
OBJECT 2 -97.234671214 38.905849999 0.000000
OBJECT 2 -97.234670691 38.906100663 0.000000
OBJECT 2 -97.234866401 38.906100663 0.000000
OBJECT 2 -97.234866243 38.906274964 0.000000
OBJECT 2 -97.234670329 38.906274964 0.000000
OBJECT 2 -97.234669720 38.906568789 0.000000
OBJECT 2 -97.234865974 38.906568789 0.000000
OBJECT 2 -97.234830806 38.907489758 0.000000
OBJECT 2 -97.234830806 38.907426677 0.000000
OBJECT 2 -97.234820140 38.907328735 0.000000
OBJECT 2 -97.234758276 38.907237434 0.000000
OBJECT 2 -97.234647348 38.907195933 0.000000
OBJECT 2 -97.234534286 38.907189293 0.000000
OBJECT 2 -97.234427625 38.907184313 0.000000
OBJECT 2 -97.234267632 38.907180993 0.000000
OBJECT 2 -97.234267632 38.906986770 0.000000
OBJECT 2 -97.234427625 38.907016650 0.000000
OBJECT 2 -97.234534286 38.907013330 0.000000
OBJECT 2 -97.234611083 38.906976810 0.000000
OBJECT 2 -97.234647348 38.906878868 0.000000
OBJECT 2 -97.234655881 38.906792547 0.000000
OBJECT 2 -97.234666547 38.906707885 0.000000
OBJECT 2 -97.234869204 38.906707885 0.000000
OBJECT 2 -97.234877737 38.906792547 0.000000
OBJECT 2 -97.234886270 38.906878868 0.000000
OBJECT 2 -97.234939601 38.906986770 0.000000
OBJECT 2 -97.235064687 38.907011670 0.000000
OBJECT 2 -97.235208335 38.907011670 0.000000
OBJECT 2 -97.235329756 38.907011670 0.000000
OBJECT 2 -97.235511308 38.907011670 0.000000
OBJECT 2 -97.235639302 38.906943609 0.000000
OBJECT 2 -97.235641436 38.907263994 90.000000
OBJECT 2 -97.235511308 38.907197593 0.000000
OBJECT 2 -97.235329756 38.907197593 0.000000
OBJECT 2 -97.235208335 38.907197593 0.000000
OBJECT 2 -97.235097461 38.907234114 0.000000
OBJECT 2 -97.235061196 38.907328735 0.000000
OBJECT 2 -97.235039863 38.907429997 0.000000
OBJECT 2 -97.235050529 38.907499718 0.000000
OBJECT 2 -97.234839339 38.907627540 0.000000
OBJECT 2 -97.235033464 38.907627540 0.000000
OBJECT 2 -97.234839339 38.907921353 0.000000
OBJECT 2 -97.235033464 38.907921353 0.000000
OBJECT 2 -97.234839339 38.908371226 0.000000
OBJECT 2 -97.235033464 38.908371226 0.000000
OBJECT 2 -97.234839339 38.908814454 0.000000
OBJECT 2 -97.235033464 38.908814454 0.000000
OBJECT 2 -97.235628642 38.909709212 0.000000
OBJECT 2 -97.235628642 38.909460208 0.000000
OBJECT 2 -97.235507044 38.909543209 0.000000
OBJECT 2 -97.235332115 38.909546529 0.000000
OBJECT 2 -97.235229717 38.909534909 0.000000
OBJECT 2 -97.235110253 38.909498389 0.000000
OBJECT 2 -97.235061188 38.909405427 0.000000
OBJECT 2 -97.235050521 38.909257685 0.000000
OBJECT 2 -97.235033464 38.909121563 0.000000
OBJECT 2 -97.234839339 38.909121563 0.000000
OBJECT 2 -97.234839339 38.909257685 0.000000
OBJECT 2 -97.234839339 38.909405427 0.000000
OBJECT 2 -97.234839339 38.909498389 0.000000
OBJECT 2 -97.234901191 38.909612931 0.000000
OBJECT 2 -97.235016389 38.909687632 0.000000
OBJECT 2 -97.235176385 38.909709212 0.000000
OBJECT 2 -97.235332115 38.909709212 0.000000
OBJECT 2 -97.235507044 38.909709212 0.000000
OBJECT 3 -97.235827502 38.900361145 0.000000
OBJECT 3 -97.235827502 38.904077124 0.000000
OBJECT 3 -97.235827502 38.907804257 0.000000
OBJECT 3 -97.235827502 38.902224034 0.000000
OBJECT 3 -97.235827502 38.905940013 0.000000
OBJECT 3 -97.235827502 38.909667146 0.000000
OBJECT 3 -97.235827502 38.900207165 270.000000
OBJECT 3 -97.235827502 38.903923144 270.000000
OBJECT 3 -97.235827502 38.907650277 270.000000
OBJECT 3 -97.235827502 38.902070054 270.000000
OBJECT 3 -97.235827502 38.905786033 270.000000
OBJECT 3 -97.235827502 38.909513166 270.000000
OBJECT 3 -97.235827502 38.900059755 180.000000
OBJECT 3 -97.235827502 38.903775734 180.000000
OBJECT 3 -97.235827502 38.907502867 180.000000
OBJECT 3 -97.235827502 38.901922644 180.000000
OBJECT 3 -97.235827502 38.905638623 180.000000
OBJECT 3 -97.235827502 38.909365756 180.000000
OBJECT 3 -97.235827502 38.899910032 90.000000
OBJECT 3 -97.235827502 38.903626011 90.000000
OBJECT 3 -97.235827502 38.907353144 90.000000
OBJECT 3 -97.235827502 38.901772921 90.000000
OBJECT 3 -97.235827502 38.905488900 90.000000
OBJECT 3 -97.235827502 38.909216033 90.000000
OBJECT 3 -97.235827502 38.899763832 0.000000
OBJECT 3 -97.235827502 38.903479811 0.000000
OBJECT 3 -97.235827502 38.907206944 0.000000
OBJECT 3 -97.235827502 38.901626721 0.000000
OBJECT 3 -97.235827502 38.905342700 0.000000
OBJECT 3 -97.235827502 38.909069833 0.000000
OBJECT 3 -97.235827502 38.899614952 270.000000
OBJECT 3 -97.235827502 38.903330931 270.000000
OBJECT 3 -97.235827502 38.907058064 270.000000
OBJECT 3 -97.235827502 38.901477841 270.000000
OBJECT 3 -97.235827502 38.905193820 270.000000
OBJECT 3 -97.235827502 38.908920953 270.000000
OBJECT 3 -97.235827502 38.899439168 180.000000
OBJECT 3 -97.235827502 38.903155147 180.000000
OBJECT 3 -97.235827502 38.906882280 180.000000
OBJECT 3 -97.235827502 38.901302057 180.000000
OBJECT 3 -97.235827502 38.905018036 180.000000
OBJECT 3 -97.235827502 38.908745169 180.000000
OBJECT 3 -97.235827502 38.899263016 90.000000
OBJECT 3 -97.235827502 38.902978995 90.000000
OBJECT 3 -97.235827502 38.906706128 90.000000
OBJECT 3 -97.235827502 38.901125905 90.000000
OBJECT 3 -97.235827502 38.904841884 90.000000
OBJECT 3 -97.235827502 38.908569017 90.000000
OBJECT 3 -97.235827502 38.899099344 0.000000
OBJECT 3 -97.235827502 38.902815323 0.000000
OBJECT 3 -97.235827502 38.906542456 0.000000
OBJECT 3 -97.235827502 38.900962233 0.000000
OBJECT 3 -97.235827502 38.904678212 0.000000
OBJECT 3 -97.235827502 38.908405345 0.000000
OBJECT 3 -97.235827502 38.898505843 270.000000
OBJECT 3 -97.235827502 38.898949070 270.000000
OBJECT 3 -97.235827502 38.902665049 270.000000
OBJECT 3 -97.235827502 38.906392182 270.000000
OBJECT 3 -97.235827502 38.900811959 270.000000
OBJECT 3 -97.235827502 38.904527938 270.000000
OBJECT 3 -97.235827502 38.908255071 270.000000
OBJECT 3 -97.235827502 38.898651798 180.000000
OBJECT 3 -97.235827502 38.902367777 180.000000
OBJECT 3 -97.235827502 38.906094910 180.000000
OBJECT 3 -97.235827502 38.900514687 180.000000
OBJECT 3 -97.235827502 38.904230666 180.000000
OBJECT 3 -97.235827502 38.907957799 180.000000
OBJECT 3 -97.235827502 38.898797393 90.000000
OBJECT 3 -97.235827502 38.902513372 90.000000
OBJECT 3 -97.235827502 38.906240505 90.000000
OBJECT 3 -97.235827502 38.900660282 90.000000
OBJECT 3 -97.235827502 38.904376261 90.000000
OBJECT 3 -97.235827502 38.908103394 90.000000
OBJECT 4 -97.233339374 38.907224697 251.929993
OBJECT 4 -97.233344375 38.907235019 177.520004
OBJECT 5 -97.233199864 38.907220073 180.000000
OBJECT 6 -97.233165056 38.907031638 90.000000
OBJECT 6 -97.233165589 38.907216158 88.199997
OBJECT 7 -97.233239995 38.907221702 0.000000
OBJECT 8 -97.233276010 38.907217976 4.690000
OBJECT 8 -97.233314315 38.907217814 359.660004
OBJECT 9 -97.233355743 38.907221054 45.000000
OBJECT 9 -97.233364850 38.907227763 0.000000
OBJECT 10 -97.233384245 38.907227763 181.679993
OBJECT 11 -97.233146866 38.906997532 270.000000
OBJECT 12 -97.233147645 38.907152897 270.000000
BEGIN_POLYGON 4 10 3
BEGIN_WINDING
POLYGON_POINT -97.233356504 38.907039461 2.000000000
POLYGON_POINT -97.233357522 38.906973584 2.000000000
POLYGON_POINT -97.233167841 38.906973515 2.000000000
POLYGON_POINT -97.233167422 38.907039432 2.000000000
END_WINDING
END_POLYGON
BEGIN_POLYGON 5 10 3
BEGIN_WINDING
POLYGON_POINT -97.233359364 38.907035625 4.000000000
POLYGON_POINT -97.233163767 38.907036291 3.000000000
POLYGON_POINT -97.233164592 38.907085843 4.000000000
POLYGON_POINT -97.233166683 38.907211419 4.000000000
POLYGON_POINT -97.233359657 38.907211454 2.000000000
POLYGON_POINT -97.233359520 38.907128972 4.000000000
END_WINDING
END_POLYGON
OBJECT 13 -97.232878005 38.907367688 359.799988
OBJECT 14 -97.233606148 38.907204843 45.000000
OBJECT 14 -97.233629673 38.907223311 0.000000
OBJECT 14 -97.233636959 38.907221691 0.000000
OBJECT 9 -97.233674346 38.907216902 146.199997
OBJECT 4 -97.233636944 38.907276469 90.000000
OBJECT 15 -97.233597612 38.907265904 0.000000
OBJECT 15 -97.233581746 38.907223634 0.000000
OBJECT 15 -97.233684428 38.907223762 0.000000
OBJECT 15 -97.233669023 38.907265649 0.000000
OBJECT 4 -97.233622554 38.907275303 232.550003
OBJECT 16 -97.233634490 38.907203002 0.000000
BEGIN_POLYGON 6 10 3
BEGIN_WINDING
POLYGON_POINT -97.233688535 38.907207870 0.000000000
POLYGON_POINT -97.233578230 38.907207870 0.000000000
POLYGON_POINT -97.233578230 38.907287833 0.000000000
POLYGON_POINT -97.233688535 38.907287833 0.000000000
END_WINDING
END_POLYGON
OBJECT 17 -97.233018336 38.906824719 90.000000
OBJECT 17 -97.233018336 38.906622374 90.000000
OBJECT 17 -97.233018336 38.906431922 90.000000
OBJECT 18 -97.233759784 38.906363107 359.570007
OBJECT 19 -97.233802891 38.905786948 180.000000
OBJECT 19 -97.233729339 38.905789196 0.000000
OBJECT 19 -97.233728136 38.906037368 0.000000
OBJECT 19 -97.233801687 38.906035120 180.000000
OBJECT 20 -97.233448949 38.900078350 90.000000
OBJECT 21 -97.233469946 38.900108706 0.000000
OBJECT 22 -97.233471221 38.900098602 0.000000
OBJECT 23 -97.233253661 38.906299690 246.449997
OBJECT 23 -97.233244993 38.906264617 262.410004
OBJECT 23 -97.233446187 38.906141881 1.790000
OBJECT 23 -97.233221264 38.906228615 73.809998
OBJECT 23 -97.233009239 38.906213357 298.440002
OBJECT 23 -97.232981504 38.906245732 270.000000
OBJECT 23 -97.233016092 38.906276739 265.910004
OBJECT 23 -97.232983237 38.906307784 268.700012
OBJECT 24 -97.233411874 38.906337680 270.000000
OBJECT 24 -97.233410855 38.906524830 270.000000
OBJECT 25 -97.232967066 38.910078897 0.000000
OBJECT 26 -97.233371858 38.910529813 0.440000
OBJECT 27 -97.233155971 38.910287993 90.000000
OBJECT 28 -97.233114374 38.909919193 0.000000
OBJECT 28 -97.233278043 38.910710906 0.000000
OBJECT 28 -97.233008211 38.910586986 0.000000
OBJECT 28 -97.232950705 38.910490603 0.000000
OBJECT 28 -97.232831271 38.910542237 0.000000
OBJECT 28 -97.232884353 38.910342587 0.000000
OBJECT 28 -97.233030328 38.910284069 45.000000
OBJECT 28 -97.233366513 38.910122285 0.000000
OBJECT 28 -97.233273620 38.910194571 0.000000
OBJECT 28 -97.233149762 38.910098189 0.000000
OBJECT 28 -97.232853389 38.908993233 0.000000
OBJECT 28 -97.232747225 38.909120596 0.000000
OBJECT 28 -97.232884353 38.909292707 0.000000
OBJECT 28 -97.233078986 38.909299592 0.000000
OBJECT 28 -97.232910894 38.909120596 0.000000
OBJECT 28 -97.233326701 38.909561201 0.000000
OBJECT 28 -97.233406324 38.909385648 0.000000
OBJECT 28 -97.233609804 38.909203209 0.000000
OBJECT 28 -97.233428442 38.909055194 270.000000
OBJECT 28 -97.233534605 38.909409743 0.000000
OBJECT 28 -97.233596534 38.908797026 0.000000
OBJECT 28 -97.233224961 38.908043178 0.000000
OBJECT 28 -97.233291314 38.907998429 0.000000
OBJECT 28 -97.233003787 38.907977776 0.000000
OBJECT 28 -97.233193997 38.907977776 0.000000
OBJECT 28 -97.233317854 38.908084485 0.000000
OBJECT 28 -97.233384207 38.907943353 0.000000
OBJECT 28 -97.232778189 38.908435592 0.000000
OBJECT 28 -97.232782613 38.908593935 135.000000
OBJECT 28 -97.232756072 38.908821122 90.000000
OBJECT 28 -97.233446136 38.909137807 180.000000
OBJECT 28 -97.233362089 38.909433839 0.000000
OBJECT 28 -97.233167456 38.909471703 0.000000
OBJECT 28 -97.233193997 38.909681679 0.000000
OBJECT 28 -97.232933011 38.909213536 0.000000
OBJECT 28 -97.232866659 38.909499241 0.000000
OBJECT 28 -97.232782613 38.910105073 0.000000
OBJECT 28 -97.232853389 38.910377010 0.000000
OBJECT 28 -97.232910894 38.910556006 0.000000
FILTER -1
OBJECT_DEF lib/airport/landscape/windsock_lit.obj
OBJECT_DEF lib/airport/lights/slow/PAPI.obj
OBJECT_DEF lib/airport/lights/slow/taxi_edge.obj
OBJECT_DEF lib/airport/Common_Elements/Parking/Asphalt_CracksLg.obj
OBJECT_DEF lib/g10/US/industrial/light/OilDrums.obj
OBJECT_DEF lib/g10/US/suburban/dGdnShed.obj
OBJECT_DEF lib/g10/streetlights/AreaFloodShort.obj
OBJECT_DEF lib/airport/Ramp_Equipment/Tow_Tractor_1.obj
OBJECT_DEF lib/airport/Common_Elements/Miscellaneous/Blue_Dumpster.obj
OBJECT_DEF lib/airport/Common_Elements/Miscellaneous/Stack_of_Cones.obj
OBJECT_DEF lib/airport/Common_Elements/Vehicles/forklifts/forklift_yellow.obj
OBJECT_DEF lib/airport/Common_Elements/Parking/2space_wStop.obj
OBJECT_DEF lib/airport/Common_Elements/Parking/6space_wStop.obj
OBJECT_DEF lib/g10/US/industrial/light/StorHut3x3.obj
OBJECT_DEF lib/airport/Common_Elements/Miscellaneous/One_Traffic_Cone.obj
OBJECT_DEF lib/airport/Modern_Airports/Terminal_kit/columns/column_4m_40b.obj
OBJECT_DEF lib/airport/Common_Elements/Fueling_Stations/Small_Fuel_Station.obj
OBJECT_DEF lib/airport/Common_Elements/Hangars/Sm_Orange_Hangar.agp
OBJECT_DEF lib/airport/European_Airports/hangars/25x20x5.obj
OBJECT_DEF lib/g10/US/industrial/light/StorEnd1.obj
OBJECT_DEF lib/airport/Common_Elements/Miscellaneous/AC_Cond_noFence.obj
OBJECT_DEF lib/airport/Common_Elements/Miscellaneous/Pad_Tansformer.obj
OBJECT_DEF lib/g10/EU/suburban/gar1_6x4.obj
OBJECT_DEF lib/cars/car.obj
OBJECT_DEF lib/airport/aircraft/airliners/prop_a.obj
OBJECT_DEF lib/g10/US/suburban/dU-RnchLHGry.obj
OBJECT_DEF lib/airport/European_Airports/hangars/28x26x6.obj
OBJECT_DEF lib/g10/EU/suburban/gar1_6x8.obj
OBJECT_DEF lib/g10/forests/autogen_tree4.obj
POLYGON_DEF lib/airport/pavement/concrete_2D.pol
POLYGON_DEF lib/airport/lines/safety_area_yellow.pol
POLYGON_DEF lib/airport/pavement/asphalt_6L.pol
POLYGON_DEF lib/g10/forests/AG_trees_EU1.for
POLYGON_DEF lib/airport/Common_Elements/Misc_Buildings/White_Office.fac
POLYGON_DEF lib/airport/Common_Elements/Misc_Buildings/Cargo_Terminal.fac
POLYGON_DEF lib/airport/Modern_Airports/Terminal_kit/term_building_Slab_01.fac
PROPERTY sim/filter/aptid K78
PROPERTY sim/exclude_net -97.234182/38.905425/-97.232719/38.907784
PROPERTY sim/require_agpoint 1/0
PROPERTY sim/require_object 1/0
PROPERTY sim/require_facade 1/4
PROPERTY sim/require_facade 6/0
