PROPERTY sim/west -180
PROPERTY sim/east 180
PROPERTY sim/north 90
PROPERTY sim/south -90
PROPERTY sim/planet earth
PROPERTY sim/creation_agent WorldEditor1.7.1r2
PROPERTY laminar/internal_revision 0
PROPERTY sim/overlay 1
FILTER 0
BEGIN_POLYGON 0 0 4
BEGIN_WINDING
POLYGON_POINT -96.150663415 46.285457223 -96.150663415 46.285457223
POLYGON_POINT -96.150709015 46.285422558 -96.150709015 46.285422558
POLYGON_POINT -96.150709015 46.285422558 -96.150719188 46.285414801
POLYGON_POINT -96.150708665 46.285407044 -96.150708665 46.285407044
POLYGON_POINT -96.150698141 46.285400014 -96.150698141 46.285400014
POLYGON_POINT -96.150698141 46.285400014 -96.150685162 46.285391772
POLYGON_POINT -96.150675341 46.285400499 -96.150675341 46.285400499
POLYGON_POINT -96.150628337 46.285434678 -96.150628337 46.285434678
POLYGON_POINT -96.150640171 46.285442742 -96.150640171 46.285442742
POLYGON_POINT -96.150683409 46.285410195 -96.150683409 46.285410195
POLYGON_POINT -96.150690783 46.285409869 -96.150695012 46.285412710
POLYGON_POINT -96.150690783 46.285409869 -96.150690783 46.285409869
POLYGON_POINT -96.150695221 46.285412854 -96.150697923 46.285414315
POLYGON_POINT -96.150693581 46.285417952 -96.150693581 46.285417952
POLYGON_POINT -96.150651839 46.285450193 -96.150651839 46.285450193
END_WINDING
END_POLYGON
BEGIN_POLYGON 0 0 4
BEGIN_WINDING
POLYGON_POINT -96.150720240 46.285480251 -96.150720240 46.285480251
POLYGON_POINT -96.150755669 46.285452617 -96.150755669 46.285452617
POLYGON_POINT -96.150755669 46.285452617 -96.150765140 46.285445345
POLYGON_POINT -96.150754266 46.285436860 -96.150754266 46.285436860
POLYGON_POINT -96.150741287 46.285428376 -96.150729010 46.285420134
POLYGON_POINT -96.150718837 46.285428133 -96.150718837 46.285428133
POLYGON_POINT -96.150702351 46.285440981 -96.150702351 46.285440981
POLYGON_POINT -96.150719188 46.285451405 -96.150719188 46.285451405
POLYGON_POINT -96.150729010 46.285444375 -96.150729010 46.285444375
POLYGON_POINT -96.150722696 46.285440254 -96.150722696 46.285440254
POLYGON_POINT -96.150722696 46.285440254 -96.150729361 46.285435891
POLYGON_POINT -96.150733921 46.285439284 -96.150733921 46.285439284
POLYGON_POINT -96.150740585 46.285444132 -96.150740585 46.285444132
POLYGON_POINT -96.150740585 46.285444132 -96.150743391 46.285445586
POLYGON_POINT -96.150740235 46.285448738 -96.150740235 46.285448738
POLYGON_POINT -96.150713576 46.285469343 -96.150713576 46.285469343
POLYGON_POINT -96.150707963 46.285470555 -96.150707963 46.285470555
POLYGON_POINT -96.150701649 46.285467161 -96.150701649 46.285467161
POLYGON_POINT -96.150698141 46.285464980 -96.150698141 46.285464980
POLYGON_POINT -96.150698843 46.285460616 -96.150698843 46.285460616
POLYGON_POINT -96.150702000 46.285456980 -96.150702000 46.285456980
POLYGON_POINT -96.150691477 46.285450435 -96.150691477 46.285450435
POLYGON_POINT -96.150684812 46.285455283 -96.150684812 46.285455283
POLYGON_POINT -96.150684812 46.285471040 -96.150695686 46.285477343
POLYGON_POINT -96.150684812 46.285471040 -96.150684812 46.285471040
POLYGON_POINT -96.150702351 46.285482433 -96.150702351 46.285482433
POLYGON_POINT -96.150720240 46.285480251 -96.150729711 46.285473221
END_WINDING
END_POLYGON
BEGIN_POLYGON 0 0 2
BEGIN_WINDING
POLYGON_POINT -96.150495981 46.285349180
POLYGON_POINT -96.150506212 46.285356048
POLYGON_POINT -96.150581044 46.285323323
POLYGON_POINT -96.150569059 46.285315849
POLYGON_POINT -96.150523458 46.285337059
POLYGON_POINT -96.150533689 46.285324333
POLYGON_POINT -96.150540120 46.285328171
POLYGON_POINT -96.150553274 46.285321867
POLYGON_POINT -96.150541581 46.285314435
POLYGON_POINT -96.150550059 46.285303324
POLYGON_POINT -96.150539243 46.285295850
END_WINDING
END_POLYGON
BEGIN_POLYGON 0 0 2
BEGIN_WINDING
POLYGON_POINT -96.150540120 46.285328171
POLYGON_POINT -96.150541084 46.285328856
POLYGON_POINT -96.150554539 46.285322592
POLYGON_POINT -96.150553274 46.285321867
END_WINDING
END_POLYGON
BEGIN_POLYGON 0 0 4
BEGIN_WINDING
POLYGON_POINT -96.150364850 46.285242704 -96.150364850 46.285242704
POLYGON_POINT -96.150359881 46.285246946 -96.150359881 46.285246946
POLYGON_POINT -96.150359881 46.285246946 -96.150350527 46.285253814
POLYGON_POINT -96.150361635 46.285261288 -96.150361635 46.285261288
POLYGON_POINT -96.150377712 46.285271591 -96.150377712 46.285271591
POLYGON_POINT -96.150396128 46.285269571 -96.150406651 46.285262299
POLYGON_POINT -96.150396128 46.285269571 -96.150396128 46.285269571
POLYGON_POINT -96.150407820 46.285260682 -96.150407820 46.285260682
POLYGON_POINT -96.150407820 46.285260682 -96.150416589 46.285253814
POLYGON_POINT -96.150409574 46.285246138 -96.150409574 46.285246138
POLYGON_POINT -96.150395543 46.285237653 -96.150395543 46.285237653
POLYGON_POINT -96.150396128 46.285233209 -96.150396128 46.285233209
POLYGON_POINT -96.150404897 46.285226947 -96.150404897 46.285226947
POLYGON_POINT -96.150410159 46.285226745 -96.150410159 46.285226745
POLYGON_POINT -96.150419805 46.285232401 -96.150419805 46.285232401
POLYGON_POINT -96.150420097 46.285237249 -96.150420097 46.285237249
POLYGON_POINT -96.150415713 46.285240481 -96.150415713 46.285240481
POLYGON_POINT -96.150426236 46.285246946 -96.150426236 46.285246946
POLYGON_POINT -96.150434421 46.285240279 -96.150434421 46.285240279
POLYGON_POINT -96.150434421 46.285240279 -96.150442313 46.285234219
POLYGON_POINT -96.150435298 46.285229169 -96.150435298 46.285229169
POLYGON_POINT -96.150416005 46.285216644 -96.150416005 46.285216644
POLYGON_POINT -96.150416005 46.285216644 -96.150406066 46.285210382
POLYGON_POINT -96.150399051 46.285215836 -96.150399051 46.285215836
POLYGON_POINT -96.150378297 46.285232805 -96.150378297 46.285232805
POLYGON_POINT -96.150378297 46.285232805 -96.150372158 46.285237855
POLYGON_POINT -96.150379466 46.285242300 -96.150379466 46.285242300
POLYGON_POINT -96.150396128 46.285251996 -96.150396128 46.285251996
POLYGON_POINT -96.150395543 46.285256036 -96.150395543 46.285256036
POLYGON_POINT -96.150388235 46.285261692 -96.150388235 46.285261692
POLYGON_POINT -96.150383558 46.285261692 -96.150383558 46.285261692
POLYGON_POINT -96.150373327 46.285255834 -96.150373327 46.285255834
POLYGON_POINT -96.150373327 46.285251996 -96.150373327 46.285251996
POLYGON_POINT -96.150377128 46.285249370 -96.150377128 46.285249370
END_WINDING
END_POLYGON
BEGIN_POLYGON 0 0 4
BEGIN_WINDING
POLYGON_POINT -96.150598820 46.285394759 -96.150598820 46.285394759
POLYGON_POINT -96.150593851 46.285399001 -96.150593851 46.285399001
POLYGON_POINT -96.150593851 46.285399001 -96.150584497 46.285405869
POLYGON_POINT -96.150595605 46.285413343 -96.150595605 46.285413343
POLYGON_POINT -96.150611682 46.285423646 -96.150611682 46.285423646
POLYGON_POINT -96.150630097 46.285421626 -96.150640620 46.285414354
POLYGON_POINT -96.150630097 46.285421626 -96.150630097 46.285421626
POLYGON_POINT -96.150641790 46.285412737 -96.150641790 46.285412737
POLYGON_POINT -96.150641790 46.285412737 -96.150650559 46.285405869
POLYGON_POINT -96.150643544 46.285398193 -96.150643544 46.285398193
POLYGON_POINT -96.150629513 46.285389708 -96.150629513 46.285389708
POLYGON_POINT -96.150630097 46.285385264 -96.150630097 46.285385264
POLYGON_POINT -96.150638867 46.285379002 -96.150638867 46.285379002
POLYGON_POINT -96.150644129 46.285378800 -96.150644129 46.285378800
POLYGON_POINT -96.150653775 46.285384456 -96.150653775 46.285384456
POLYGON_POINT -96.150654067 46.285389304 -96.150654067 46.285389304
POLYGON_POINT -96.150649682 46.285392537 -96.150649682 46.285392537
POLYGON_POINT -96.150660206 46.285399001 -96.150660206 46.285399001
POLYGON_POINT -96.150668391 46.285392335 -96.150668391 46.285392335
POLYGON_POINT -96.150668391 46.285392335 -96.150676283 46.285386275
POLYGON_POINT -96.150669267 46.285381224 -96.150669267 46.285381224
POLYGON_POINT -96.150649975 46.285368700 -96.150649975 46.285368700
POLYGON_POINT -96.150649975 46.285368700 -96.150640036 46.285362438
POLYGON_POINT -96.150633021 46.285367892 -96.150633021 46.285367892
POLYGON_POINT -96.150612266 46.285384860 -96.150612266 46.285384860
POLYGON_POINT -96.150612266 46.285384860 -96.150606127 46.285389910
POLYGON_POINT -96.150613436 46.285394355 -96.150613436 46.285394355
POLYGON_POINT -96.150630097 46.285404051 -96.150630097 46.285404051
POLYGON_POINT -96.150629513 46.285408091 -96.150629513 46.285408091
POLYGON_POINT -96.150622205 46.285413747 -96.150622205 46.285413747
POLYGON_POINT -96.150617528 46.285413747 -96.150617528 46.285413747
POLYGON_POINT -96.150607297 46.285407889 -96.150607297 46.285407889
POLYGON_POINT -96.150607297 46.285404051 -96.150607297 46.285404051
POLYGON_POINT -96.150611097 46.285401425 -96.150611097 46.285401425
END_WINDING
END_POLYGON
BEGIN_POLYGON 0 0 2
BEGIN_WINDING
POLYGON_POINT -96.150555674 46.285387278
POLYGON_POINT -96.150611237 46.285345099
POLYGON_POINT -96.150599451 46.285337536
POLYGON_POINT -96.150577362 46.285354087
POLYGON_POINT -96.150562274 46.285344533
POLYGON_POINT -96.150550512 46.285353657
POLYGON_POINT -96.150564757 46.285362323
POLYGON_POINT -96.150554854 46.285371050
POLYGON_POINT -96.150534339 46.285358511
POLYGON_POINT -96.150524104 46.285366334
END_WINDING
END_POLYGON
BEGIN_POLYGON 0 0 2
BEGIN_WINDING
POLYGON_POINT -96.150836438 46.285569744
POLYGON_POINT -96.150892001 46.285527565
POLYGON_POINT -96.150880215 46.285520002
POLYGON_POINT -96.150858125 46.285536553
POLYGON_POINT -96.150843038 46.285526999
POLYGON_POINT -96.150831275 46.285536123
POLYGON_POINT -96.150845521 46.285544789
POLYGON_POINT -96.150835617 46.285553516
POLYGON_POINT -96.150815103 46.285540977
POLYGON_POINT -96.150804868 46.285548800
END_WINDING
END_POLYGON
BEGIN_POLYGON 0 0 2
BEGIN_WINDING
POLYGON_POINT -96.150416317 46.285297422
POLYGON_POINT -96.150427035 46.285304493
POLYGON_POINT -96.150485498 46.285261229
POLYGON_POINT -96.150449202 46.285237493
POLYGON_POINT -96.150436779 46.285246247
POLYGON_POINT -96.150462600 46.285262744
END_WINDING
END_POLYGON
BEGIN_POLYGON 0 0 2
BEGIN_WINDING
POLYGON_POINT -96.150461869 46.285326882
POLYGON_POINT -96.150472587 46.285333952
POLYGON_POINT -96.150531050 46.285290689
POLYGON_POINT -96.150494754 46.285266953
POLYGON_POINT -96.150482331 46.285275707
POLYGON_POINT -96.150508152 46.285292204
END_WINDING
END_POLYGON
BEGIN_POLYGON 0 0 4
BEGIN_WINDING
POLYGON_POINT -96.150755144 46.285516563 -96.150755144 46.285516563
POLYGON_POINT -96.150810440 46.285473805 -96.150810440 46.285473805
POLYGON_POINT -96.150799478 46.285466735 -96.150799478 46.285466735
POLYGON_POINT -96.150778772 46.285482727 -96.150778772 46.285482727
POLYGON_POINT -96.150774631 46.285479865 -96.150774631 46.285479865
POLYGON_POINT -96.150785837 46.285458149 -96.150785837 46.285458149
POLYGON_POINT -96.150775362 46.285450574 -96.150775362 46.285450574
POLYGON_POINT -96.150763426 46.285474142 -96.150763426 46.285474142
POLYGON_POINT -96.150763426 46.285474142 -96.150750272 46.285468755
POLYGON_POINT -96.150742720 46.285476835 -96.150742720 46.285476835
POLYGON_POINT -96.150732002 46.285484915 -96.150732002 46.285484915
POLYGON_POINT -96.150731271 46.285501076 -96.150742476 46.285507641
POLYGON_POINT -96.150731271 46.285501076 -96.150731271 46.285501076
END_WINDING
BEGIN_WINDING
POLYGON_POINT -96.150754413 46.285502254 -96.150754413 46.285502254
POLYGON_POINT -96.150744669 46.285496531 -96.150744669 46.285496531
POLYGON_POINT -96.150744669 46.285496531 -96.150738579 46.285491986
POLYGON_POINT -96.150744669 46.285489461 -96.150744669 46.285489461
POLYGON_POINT -96.150748810 46.285486094 -96.150748810 46.285486094
POLYGON_POINT -96.150760746 46.285485925 -96.150767323 46.285490639
POLYGON_POINT -96.150760746 46.285485925 -96.150760746 46.285485925
POLYGON_POINT -96.150769272 46.285490639 -96.150769272 46.285490639
END_WINDING
END_POLYGON
BEGIN_POLYGON 0 0 2
BEGIN_WINDING
POLYGON_POINT -96.150795337 46.285542488
POLYGON_POINT -96.150850389 46.285499898
POLYGON_POINT -96.150818722 46.285479023
POLYGON_POINT -96.150809465 46.285486262
POLYGON_POINT -96.150831389 46.285500403
POLYGON_POINT -96.150817748 46.285510671
POLYGON_POINT -96.150804593 46.285502254
POLYGON_POINT -96.150794362 46.285509830
POLYGON_POINT -96.150807517 46.285518752
POLYGON_POINT -96.150795093 46.285528011
POLYGON_POINT -96.150773413 46.285514712
POLYGON_POINT -96.150763913 46.285522624
END_WINDING
END_POLYGON
BEGIN_POLYGON 0 0 2
BEGIN_WINDING
POLYGON_POINT -96.158178568 46.291856627
POLYGON_POINT -96.158144303 46.291785499
POLYGON_POINT -96.158519902 46.291677098
POLYGON_POINT -96.158545545 46.291701071
POLYGON_POINT -96.158610408 46.291669801
POLYGON_POINT -96.158639068 46.291604135
POLYGON_POINT -96.159172346 46.291355528
POLYGON_POINT -96.159048796 46.291350199
POLYGON_POINT -96.158485208 46.291627066
POLYGON_POINT -96.157866753 46.291787583
POLYGON_POINT -96.157931785 46.291916678
END_WINDING
END_POLYGON
BEGIN_POLYGON 1 0 2
BEGIN_WINDING
POLYGON_POINT -96.150955484 46.285707176
POLYGON_POINT -96.150230840 46.285229345
POLYGON_POINT -96.149882539 46.285486874
POLYGON_POINT -96.150616778 46.285963175
END_WINDING
END_POLYGON
BEGIN_POLYGON 2 0 4
BEGIN_WINDING
POLYGON_POINT -96.151510156 46.287010749 -96.151510156 46.287010749
POLYGON_POINT -96.151639126 46.286913066 -96.151639126 46.286913066
POLYGON_POINT -96.151543833 46.286906130 -96.151543833 46.286906130
POLYGON_POINT -96.151406749 46.286817005 -96.151406749 46.286817005
POLYGON_POINT -96.151437497 46.286793986 -96.151437497 46.286793986
POLYGON_POINT -96.151299987 46.286699254 -96.151299987 46.286699254
POLYGON_POINT -96.151173153 46.286662660 -96.151173153 46.286662660
POLYGON_POINT -96.150655996 46.286323278 -96.150638487 46.286310883
POLYGON_POINT -96.150652580 46.286296718 -96.150652580 46.286296718
POLYGON_POINT -96.150695711 46.286268682 -96.150717918 46.286255697
POLYGON_POINT -96.150738843 46.286265141 -96.150738843 46.286265141
POLYGON_POINT -96.150807171 46.286301440 -96.150807171 46.286301440
POLYGON_POINT -96.151028809 46.286141488 -96.151028809 46.286141488
POLYGON_POINT -96.150890873 46.286057380 -96.150890873 46.286057380
POLYGON_POINT -96.150608594 46.286265141 -96.150585533 46.286282553
POLYGON_POINT -96.150551370 46.286263370 -96.150551370 46.286263370
POLYGON_POINT -96.150434359 46.286181033 -96.150363042 46.286130863
POLYGON_POINT -96.150445462 46.286076857 -96.150445462 46.286076857
POLYGON_POINT -96.150617135 46.285963238 -96.150617135 46.285963238
POLYGON_POINT -96.150523185 46.285901854 -96.150523185 46.285901854
POLYGON_POINT -96.149839055 46.286388204 -96.149839055 46.286388204
POLYGON_POINT -96.149913361 46.286428929 -96.149913361 46.286428929
POLYGON_POINT -96.150199911 46.286237105 -96.150291726 46.286176606
POLYGON_POINT -96.150372865 46.286225005 -96.150372865 46.286225005
POLYGON_POINT -96.151480207 46.286946561 -96.151480207 46.286946561
END_WINDING
END_POLYGON
BEGIN_POLYGON 3 0 2
BEGIN_WINDING
POLYGON_POINT -96.151070387 46.285895037
POLYGON_POINT -96.151039640 46.285875206
POLYGON_POINT -96.150959185 46.285906016
POLYGON_POINT -96.150837221 46.285827043
POLYGON_POINT -96.150823385 46.285806503
POLYGON_POINT -96.150658375 46.285931160
POLYGON_POINT -96.150680410 46.285944971
POLYGON_POINT -96.150820822 46.285838730
POLYGON_POINT -96.150941249 46.285919473
POLYGON_POINT -96.150929463 46.285952408
POLYGON_POINT -96.150967384 46.285975781
END_WINDING
END_POLYGON
BEGIN_POLYGON 1 0 4
BEGIN_WINDING
POLYGON_POINT -96.153147041 46.287144567 -96.153147041 46.287144567
POLYGON_POINT -96.152532091 46.286744556 -96.152532091 46.286744556
POLYGON_POINT -96.152512009 46.286696723 -96.152512009 46.286696723
POLYGON_POINT -96.152176897 46.286474448 -96.152176897 46.286474448
POLYGON_POINT -96.152162264 46.286544763 -96.152162264 46.286544763
POLYGON_POINT -96.151678842 46.286901557 -96.151678842 46.286901557
POLYGON_POINT -96.151639126 46.286913066 -96.151639126 46.286913066
POLYGON_POINT -96.151510156 46.287010749 -96.151510156 46.287010749
POLYGON_POINT -96.151505458 46.287033178 -96.151505458 46.287033178
POLYGON_POINT -96.151221824 46.287238234 -96.151221824 46.287238234
POLYGON_POINT -96.151335640 46.287314857 -96.151335640 46.287314857
POLYGON_POINT -96.151378196 46.287284911 -96.151378196 46.287284911
POLYGON_POINT -96.152268166 46.287865524 -96.152268166 46.287865524
POLYGON_POINT -96.152689035 46.287564024 -96.152689035 46.287564024
POLYGON_POINT -96.151822127 46.286991374 -96.151794369 46.286972929
POLYGON_POINT -96.151816448 46.286954933 -96.151816448 46.286954933
POLYGON_POINT -96.151854195 46.286927326 -96.151880886 46.286908144
POLYGON_POINT -96.151911198 46.286926002 -96.151911198 46.286926002
POLYGON_POINT -96.152733105 46.287466570 -96.152733105 46.287466570
END_WINDING
END_POLYGON
FILTER -1
FILTER 0
FILTER -1
FILTER 0
FILTER -1
FILTER 0
FILTER -1
FILTER 0
FILTER -1
FILTER 0
OBJECT 0 -96.151151576 46.286617034 313.377411
OBJECT 0 -96.151174414 46.286632116 313.500549
OBJECT 1 -96.152654600 46.286619226 134.738434
OBJECT 2 -96.152073855 46.286433990 0.000000
OBJECT 3 -96.152145203 46.286439346 311.054871
OBJECT 4 -96.151076839 46.285749801 310.314331
OBJECT 5 -96.157905214 46.290850069 143.747070
OBJECT 6 -96.157810920 46.290982980 0.000000
OBJECT 7 -96.150962921 46.285739662 224.479996
BEGIN_POLYGON 4 10 5
BEGIN_WINDING
POLYGON_POINT -96.151390425 46.286386675 0.000000000 -96.151390425 46.286386675
POLYGON_POINT -96.151677818 46.286173351 0.000000000 -96.151677818 46.286173351
POLYGON_POINT -96.151603642 46.286125628 4.000000000 -96.151603642 46.286125628
POLYGON_POINT -96.151537787 46.286083259 2.000000000 -96.151537787 46.286083259
POLYGON_POINT -96.151464524 46.286036123 4.000000000 -96.151464524 46.286036123
POLYGON_POINT -96.151403471 46.285996842 1.000000000 -96.151403471 46.285996842
POLYGON_POINT -96.151197400 46.285864261 0.000000000 -96.151197400 46.285864261
POLYGON_POINT -96.151149474 46.285833427 2.000000000 -96.151149474 46.285833427
POLYGON_POINT -96.151066904 46.285894716 5.000000000 -96.151066904 46.285894716
POLYGON_POINT -96.150962694 46.285972068 0.000000000 -96.150962694 46.285972068
POLYGON_POINT -96.150862081 46.286046750 0.000000000 -96.150862081 46.286046750
POLYGON_POINT -96.150889064 46.286064110 4.000000000 -96.150889064 46.286064110
POLYGON_POINT -96.151013227 46.286143995 2.000000000 -96.151014973 46.286143995
END_WINDING
END_POLYGON
BEGIN_POLYGON 5 10 3
BEGIN_WINDING
POLYGON_POINT -96.151148484 46.285832846 0.000000000
POLYGON_POINT -96.150231663 46.285229218 0.000000000
POLYGON_POINT -96.149882276 46.285487412 0.000000000
POLYGON_POINT -96.150523668 46.285902461 0.000000000
END_WINDING
END_POLYGON
OBJECT 8 -96.151168767 46.287449763 226.720001
OBJECT 8 -96.152340460 46.286706117 134.360001
OBJECT 8 -96.150911838 46.285410877 45.970001
OBJECT 8 -96.151095456 46.285282714 222.300003
OBJECT 9 -96.150854916 46.285101255 222.580002
OBJECT 8 -96.151326814 46.285096180 43.599998
OBJECT 8 -96.151477381 46.285190081 42.750000
OBJECT 8 -96.152077815 46.285582183 42.150002
OBJECT 10 -96.152329374 46.285761104 39.849998
OBJECT 9 -96.152459833 46.285852964 44.930000
OBJECT 11 -96.156741818 46.291392742 269.410004
OBJECT 8 -96.158010110 46.291814926 161.679993
OBJECT 12 -96.151512004 46.285580493 0.000000
OBJECT 13 -96.151499886 46.285574023 227.929993
OBJECT 14 -96.151309104 46.286406673 223.298874
OBJECT 15 -96.151531821 46.285596592 48.122070
OBJECT 16 -96.151549267 46.285610610 227.559998
OBJECT 17 -96.151503801 46.285579925 318.010010
OBJECT 18 -96.151518500 46.285589307 316.239990
BEGIN_POLYGON 6 10 3
BEGIN_WINDING
POLYGON_POINT -96.158178568 46.291856627 3.000000000
POLYGON_POINT -96.157925998 46.291918218 0.000000000
POLYGON_POINT -96.157983679 46.292033695 0.000000000
POLYGON_POINT -96.158237135 46.291975164 0.000000000
END_WINDING
END_POLYGON
OBJECT 19 -96.152690964 46.288598241 222.690002
OBJECT 19 -96.152490795 46.288470721 222.690002
OBJECT 19 -96.152290626 46.288341040 222.690002
OBJECT 19 -96.152087330 46.288211359 222.690002
OBJECT 19 -96.151277272 46.287686150 222.690002
OBJECT 19 -96.151480569 46.287817993 222.690002
OBJECT 19 -96.151884034 46.288081678 222.690002
OBJECT 19 -96.151683865 46.287949835 222.690002
OBJECT 20 -96.152156849 46.286810553 312.640015
OBJECT 21 -96.151900930 46.286317293 43.139999
OBJECT 20 -96.151728994 46.287228126 312.640015
OBJECT 20 -96.153005053 46.287347433 312.640015
OBJECT 22 -96.156829266 46.291741628 0.710000
OBJECT 23 -96.158924907 46.291953708 321.980011
OBJECT 23 -96.159141093 46.292145465 321.980011
OBJECT 23 -96.159438239 46.291940137 321.980011
OBJECT 24 -96.157645807 46.290868776 142.013046
OBJECT 24 -96.157596125 46.290826247 142.013046
OBJECT 24 -96.157547184 46.290782693 142.013046
OBJECT 24 -96.157496019 46.290740164 142.013046
OBJECT 24 -96.157709875 46.290833728 142.013046
OBJECT 24 -96.157660193 46.290791199 142.013046
OBJECT 24 -96.157611252 46.290747645 142.013046
OBJECT 24 -96.157560087 46.290705116 142.013046
OBJECT 24 -96.157774833 46.290798680 142.013046
OBJECT 24 -96.157725151 46.290756151 142.013046
OBJECT 24 -96.157676210 46.290712597 142.013046
OBJECT 24 -96.157625045 46.290670067 142.013046
OBJECT 24 -96.157833494 46.290815016 320.866211
OBJECT 24 -96.157783812 46.290772487 320.866211
OBJECT 24 -96.157734871 46.290728933 320.866211
OBJECT 24 -96.157683706 46.290686404 320.866211
OBJECT 24 -96.157930041 46.290811839 320.866211
OBJECT 24 -96.157913727 46.290795955 320.866211
OBJECT 24 -96.157897414 46.290781095 320.866211
OBJECT 24 -96.157846990 46.290738053 320.866211
OBJECT 24 -96.157798049 46.290694500 320.866211
OBJECT 24 -96.157746884 46.290651970 320.866211
OBJECT 24 -96.157994109 46.290777406 320.866211
OBJECT 24 -96.157977796 46.290761521 320.866211
OBJECT 24 -96.157961482 46.290746662 320.866211
OBJECT 24 -96.157911058 46.290703620 320.866211
OBJECT 24 -96.157862117 46.290660066 320.866211
OBJECT 24 -96.157810952 46.290617537 320.866211
OBJECT 24 -96.157625703 46.290880029 142.013046
OBJECT 24 -96.157576020 46.290837500 142.013046
OBJECT 24 -96.157527080 46.290793946 142.013046
OBJECT 24 -96.157475915 46.290751417 142.013046
OBJECT 24 -96.157689771 46.290844981 142.013046
OBJECT 24 -96.157640088 46.290802452 142.013046
OBJECT 24 -96.157591148 46.290758898 142.013046
OBJECT 24 -96.157539983 46.290716369 142.013046
OBJECT 24 -96.157754729 46.290809933 142.013046
OBJECT 24 -96.157705046 46.290767404 142.013046
OBJECT 24 -96.157656106 46.290723850 142.013046
OBJECT 24 -96.157604940 46.290681321 142.013046
OBJECT 24 -96.157886637 46.290834743 320.866211
OBJECT 24 -96.157870323 46.290818859 320.866211
OBJECT 24 -96.157854010 46.290803999 320.866211
OBJECT 24 -96.157803586 46.290760958 320.866211
OBJECT 24 -96.157754645 46.290717404 320.866211
OBJECT 24 -96.157703480 46.290674875 320.866211
OBJECT 24 -96.157949815 46.290800310 320.866211
OBJECT 24 -96.157933502 46.290784426 320.866211
OBJECT 24 -96.157917188 46.290769566 320.866211
OBJECT 24 -96.157866764 46.290726524 320.866211
OBJECT 24 -96.157817823 46.290682971 320.866211
OBJECT 24 -96.157766658 46.290640441 320.866211
OBJECT 24 -96.158013883 46.290765877 320.866211
OBJECT 24 -96.157997570 46.290749992 320.866211
OBJECT 24 -96.157981256 46.290735133 320.866211
OBJECT 24 -96.157930832 46.290692091 320.866211
OBJECT 24 -96.157881891 46.290648537 320.866211
OBJECT 24 -96.157830726 46.290606008 320.866211
OBJECT 24 -96.157604993 46.290890847 142.013046
OBJECT 24 -96.157555311 46.290848318 142.013046
OBJECT 24 -96.157506370 46.290804764 142.013046
OBJECT 24 -96.157455205 46.290762235 142.013046
OBJECT 24 -96.157669061 46.290855799 142.013046
OBJECT 24 -96.157619379 46.290813270 142.013046
OBJECT 24 -96.157570438 46.290769716 142.013046
OBJECT 24 -96.157519273 46.290727187 142.013046
OBJECT 24 -96.157734019 46.290820751 142.013046
OBJECT 24 -96.157684337 46.290778221 142.013046
OBJECT 24 -96.157635396 46.290734668 142.013046
OBJECT 24 -96.157584231 46.290692138 142.013046
OBJECT 24 -96.157907029 46.290823641 320.866211
OBJECT 24 -96.157890715 46.290807757 320.866211
OBJECT 24 -96.157874402 46.290792897 320.866211
OBJECT 24 -96.157823978 46.290749856 320.866211
OBJECT 24 -96.157775037 46.290706302 320.866211
OBJECT 24 -96.157723872 46.290663773 320.866211
OBJECT 24 -96.157970207 46.290789208 320.866211
OBJECT 24 -96.157953894 46.290773324 320.866211
OBJECT 24 -96.157937580 46.290758464 320.866211
OBJECT 24 -96.157887156 46.290715423 320.866211
OBJECT 24 -96.157838215 46.290671869 320.866211
OBJECT 24 -96.157787050 46.290629339 320.866211
OBJECT 24 -96.158034275 46.290754775 320.866211
OBJECT 24 -96.158017962 46.290738890 320.866211
OBJECT 24 -96.158001648 46.290724031 320.866211
OBJECT 24 -96.157951224 46.290680989 320.866211
OBJECT 24 -96.157902283 46.290637435 320.866211
OBJECT 24 -96.157851118 46.290594906 320.866211
OBJECT 24 -96.157620018 46.290905576 142.013046
OBJECT 24 -96.157570336 46.290863046 142.013046
OBJECT 24 -96.157521395 46.290819492 142.013046
OBJECT 24 -96.157470230 46.290776963 142.013046
OBJECT 24 -96.157684086 46.290870527 142.013046
OBJECT 24 -96.157634404 46.290827998 142.013046
OBJECT 24 -96.157585463 46.290784444 142.013046
OBJECT 24 -96.157534298 46.290741915 142.013046
OBJECT 24 -96.157749044 46.290835479 142.013046
OBJECT 24 -96.157699362 46.290792950 142.013046
OBJECT 24 -96.157650421 46.290749396 142.013046
OBJECT 24 -96.157599256 46.290706867 142.013046
OBJECT 24 -96.157858212 46.290777867 320.866211
OBJECT 24 -96.157808529 46.290735338 320.866211
OBJECT 24 -96.157759589 46.290691784 320.866211
OBJECT 24 -96.157708423 46.290649255 320.866211
OBJECT 24 -96.157921390 46.290743434 320.866211
OBJECT 24 -96.157871708 46.290700905 320.866211
OBJECT 24 -96.157822767 46.290657351 320.866211
OBJECT 24 -96.157771601 46.290614821 320.866211
OBJECT 24 -96.157985458 46.290709000 320.866211
OBJECT 24 -96.157935776 46.290666471 320.866211
OBJECT 24 -96.157886835 46.290622917 320.866211
OBJECT 24 -96.157835669 46.290580388 320.866211
OBJECT 24 -96.157640740 46.290894331 142.013046
OBJECT 24 -96.157591058 46.290851802 142.013046
OBJECT 24 -96.157542117 46.290808248 142.013046
OBJECT 24 -96.157490952 46.290765719 142.013046
OBJECT 24 -96.157704808 46.290859283 142.013046
OBJECT 24 -96.157655126 46.290816754 142.013046
OBJECT 24 -96.157606185 46.290773200 142.013046
OBJECT 24 -96.157555020 46.290730671 142.013046
OBJECT 24 -96.157769766 46.290824235 142.013046
OBJECT 24 -96.157720084 46.290781706 142.013046
OBJECT 24 -96.157671143 46.290738152 142.013046
OBJECT 24 -96.157619978 46.290695622 142.013046
OBJECT 24 -96.157837820 46.290789396 320.866211
OBJECT 24 -96.157788137 46.290746867 320.866211
OBJECT 24 -96.157739196 46.290703313 320.866211
OBJECT 24 -96.157688031 46.290660784 320.866211
OBJECT 24 -96.157900998 46.290754963 320.866211
OBJECT 24 -96.157851315 46.290712434 320.866211
OBJECT 24 -96.157802375 46.290668880 320.866211
OBJECT 24 -96.157751209 46.290626350 320.866211
OBJECT 24 -96.157965066 46.290720529 320.866211
OBJECT 24 -96.157915384 46.290678000 320.866211
OBJECT 24 -96.157866443 46.290634446 320.866211
OBJECT 24 -96.157815277 46.290591917 320.866211
OBJECT 24 -96.157662735 46.290881823 142.013046
OBJECT 24 -96.157613052 46.290839293 142.013046
OBJECT 24 -96.157564112 46.290795740 142.013046
OBJECT 24 -96.157512947 46.290753210 142.013046
OBJECT 24 -96.157726803 46.290846774 142.013046
OBJECT 24 -96.157677121 46.290804245 142.013046
OBJECT 24 -96.157628180 46.290760691 142.013046
OBJECT 24 -96.157577015 46.290718162 142.013046
OBJECT 24 -96.157791761 46.290811726 142.013046
OBJECT 24 -96.157742078 46.290769197 142.013046
OBJECT 24 -96.157693138 46.290725643 142.013046
OBJECT 24 -96.157641972 46.290683114 142.013046
OBJECT 24 -96.157816192 46.290802206 320.866211
OBJECT 24 -96.157766509 46.290759677 320.866211
OBJECT 24 -96.157717569 46.290716123 320.866211
OBJECT 24 -96.157666403 46.290673594 320.866211
OBJECT 24 -96.157879370 46.290767773 320.866211
OBJECT 24 -96.157829688 46.290725243 320.866211
OBJECT 24 -96.157780747 46.290681690 320.866211
OBJECT 24 -96.157729581 46.290639160 320.866211
OBJECT 24 -96.157943438 46.290733339 320.866211
OBJECT 24 -96.157893756 46.290690810 320.866211
OBJECT 24 -96.157844815 46.290647256 320.866211
OBJECT 24 -96.157793649 46.290604727 320.866211
OBJECT 24 -96.157679601 46.290897004 142.013046
OBJECT 24 -96.157629919 46.290854475 142.013046
OBJECT 24 -96.157580978 46.290810921 142.013046
OBJECT 24 -96.157529813 46.290768392 142.013046
OBJECT 24 -96.157743669 46.290861956 142.013046
OBJECT 24 -96.157693987 46.290819427 142.013046
OBJECT 24 -96.157645046 46.290775873 142.013046
OBJECT 24 -96.157593881 46.290733344 142.013046
OBJECT 24 -96.157808627 46.290826908 142.013046
OBJECT 24 -96.157758944 46.290784379 142.013046
OBJECT 24 -96.157710004 46.290740825 142.013046
OBJECT 24 -96.157658838 46.290698295 142.013046
OBJECT 24 -96.157798889 46.290787261 320.866211
OBJECT 24 -96.157749207 46.290744732 320.866211
OBJECT 24 -96.157700266 46.290701178 320.866211
OBJECT 24 -96.157649101 46.290658649 320.866211
OBJECT 24 -96.157862067 46.290752828 320.866211
OBJECT 24 -96.157812385 46.290710299 320.866211
OBJECT 24 -96.157763444 46.290666745 320.866211
OBJECT 24 -96.157712279 46.290624215 320.866211
OBJECT 24 -96.157926136 46.290718394 320.866211
OBJECT 24 -96.157876453 46.290675865 320.866211
OBJECT 24 -96.157827512 46.290632311 320.866211
OBJECT 24 -96.157776347 46.290589782 320.866211
OBJECT 24 -96.157657631 46.290908658 142.013046
OBJECT 24 -96.157607949 46.290866129 142.013046
OBJECT 24 -96.157559008 46.290822575 142.013046
OBJECT 24 -96.157507843 46.290780046 142.013046
OBJECT 24 -96.157721699 46.290873610 142.013046
OBJECT 24 -96.157672017 46.290831081 142.013046
OBJECT 24 -96.157623076 46.290787527 142.013046
OBJECT 24 -96.157571911 46.290744998 142.013046
OBJECT 24 -96.157786657 46.290838562 142.013046
OBJECT 24 -96.157736975 46.290796033 142.013046
OBJECT 24 -96.157688034 46.290752479 142.013046
OBJECT 24 -96.157636868 46.290709950 142.013046
OBJECT 24 -96.157820517 46.290775305 320.866211
OBJECT 24 -96.157770835 46.290732776 320.866211
OBJECT 24 -96.157721894 46.290689222 320.866211
OBJECT 24 -96.157670729 46.290646693 320.866211
OBJECT 24 -96.157883695 46.290740872 320.866211
OBJECT 24 -96.157834013 46.290698343 320.866211
OBJECT 24 -96.157785072 46.290654789 320.866211
OBJECT 24 -96.157733907 46.290612259 320.866211
OBJECT 24 -96.157947764 46.290706438 320.866211
OBJECT 24 -96.157898081 46.290663909 320.866211
OBJECT 24 -96.157849140 46.290620355 320.866211
OBJECT 24 -96.157797975 46.290577826 320.866211
OBJECT 24 -96.157636303 46.290919468 142.013046
OBJECT 24 -96.157586621 46.290876938 142.013046
OBJECT 24 -96.157537680 46.290833384 142.013046
OBJECT 24 -96.157486515 46.290790855 142.013046
OBJECT 24 -96.157700371 46.290884419 142.013046
OBJECT 24 -96.157650689 46.290841890 142.013046
OBJECT 24 -96.157601749 46.290798336 142.013046
OBJECT 24 -96.157550583 46.290755807 142.013046
OBJECT 24 -96.157765329 46.290849371 142.013046
OBJECT 24 -96.157715647 46.290806842 142.013046
OBJECT 24 -96.157666706 46.290763288 142.013046
OBJECT 24 -96.157615541 46.290720759 142.013046
OBJECT 24 -96.157841527 46.290764203 320.866211
OBJECT 24 -96.157791845 46.290721674 320.866211
OBJECT 24 -96.157742904 46.290678120 320.866211
OBJECT 24 -96.157691739 46.290635591 320.866211
OBJECT 24 -96.157904706 46.290729770 320.866211
OBJECT 24 -96.157855023 46.290687241 320.866211
OBJECT 24 -96.157806082 46.290643687 320.866211
OBJECT 24 -96.157754917 46.290601157 320.866211
OBJECT 24 -96.157968774 46.290695336 320.866211
OBJECT 24 -96.157919091 46.290652807 320.866211
OBJECT 24 -96.157870150 46.290609253 320.866211
OBJECT 24 -96.157818985 46.290566724 320.866211
OBJECT 7 -96.152133801 46.286468859 192.000000
OBJECT 7 -96.152321891 46.285622166 41.049999
OBJECT 7 -96.151660946 46.285188171 45.000000
OBJECT 7 -96.150880995 46.284732880 345.470001
OBJECT 7 -96.150128665 46.285656679 222.800003
OBJECT 7 -96.150295833 46.285764140 224.369995
OBJECT 7 -96.150835998 46.285805447 135.520004
OBJECT 7 -96.149955649 46.285428587 313.359985
OBJECT 7 -96.150143082 46.285286819 313.209991
OBJECT 25 -96.151321027 46.286630399 0.000000
OBJECT 26 -96.151457078 46.286531643 0.000000
OBJECT 26 -96.151091108 46.286461147 0.000000
OBJECT 26 -96.151055403 46.286303411 270.000000
OBJECT 26 -96.150572123 46.286081346 270.000000
OBJECT 26 -96.150760844 46.286025830 0.000000
OBJECT 26 -96.150778696 46.285956215 0.000000
OBJECT 27 -96.150918070 46.286186082 314.669983
OBJECT 27 -96.150858740 46.286227083 314.669983
OBJECT 27 -96.150831289 46.286247277 314.669983
OBJECT 27 -96.150493323 46.285836100 12.740000
OBJECT 27 -96.150462330 46.285814070 12.740000
OBJECT 27 -96.150202874 46.285653127 12.740000
OBJECT 27 -96.150139117 46.285606619 12.740000
OBJECT 27 -96.150469414 46.285457303 192.479996
OBJECT 27 -96.150534056 46.285500752 192.479996
OBJECT 27 -96.150628806 46.285566842 192.479996
OBJECT 27 -96.150449933 46.285597440 73.910004
OBJECT 27 -96.150519888 46.285640888 73.910004
OBJECT 27 -96.150588958 46.285676381 73.910004
OBJECT 27 -96.150650059 46.285721666 73.910004
OBJECT 27 -96.150474727 46.285677605 253.019989
OBJECT 27 -96.150599584 46.285759607 253.019989
OBJECT 27 -96.151604453 46.287709841 311.630005
OBJECT 27 -96.153232075 46.287631663 311.380005
OBJECT 27 -96.157224618 46.291979330 0.000000
OBJECT 27 -96.157175910 46.291979330 0.000000
FILTER -1
OBJECT_DEF lib/airport/Common_Elements/Miscellaneous/Pad_Tansformer.obj
OBJECT_DEF lib/airport/Common_Elements/Miscellaneous/Blue_Dumpster.obj
OBJECT_DEF lib/airport/Common_Elements/Miscellaneous/Stack_of_Cones.obj
OBJECT_DEF lib/airport/Ramp_Equipment/Tow_Tractor_1.obj
OBJECT_DEF lib/airport/Ramp_Equipment/Tow_Tractor_2.obj
OBJECT_DEF lib/airport/Common_Elements/Vehicles/forklifts/forklift_yellow_bags.obj
OBJECT_DEF lib/cars/car_or_truck_static.obj
OBJECT_DEF lib/airport/Common_Elements/Lighting/Dir_Ramp_Lit_Med.obj
OBJECT_DEF lib/airport/aircraft/general_aviation/prop_a.obj
OBJECT_DEF lib/airport/aircraft/general_aviation/turboprop_b.obj
OBJECT_DEF lib/airport/aircraft/general_aviation/jet_a.obj
OBJECT_DEF lib/airport/aircraft/airliners/jet_b_rus.obj
OBJECT_DEF lib/airport/Common_Elements/Miscellaneous/Barrel_Trash_Can.obj
OBJECT_DEF lib/airport/Common_Elements/Fueling_Stations/fuel_station_control_pad.obj
OBJECT_DEF lib/airport/Common_Elements/Miscellaneous/AC_Ground_wFence.agp
OBJECT_DEF lib/airport/Common_Elements/Lighting/Omni_Parking_Lit.obj
OBJECT_DEF lib/airport/Common_Elements/Fueling_Stations/fuel_station_box_white_jetA1.obj
OBJECT_DEF lib/airport/Common_Elements/Fueling_Stations/fuel_station_orange_avgas100LL.obj
OBJECT_DEF lib/airport/Common_Elements/Fueling_Stations/fuel_station_white_avgas100LL.obj
OBJECT_DEF lib/airport/European_Airports/hangars/25x20x5.obj
OBJECT_DEF lib/airport/Common_Elements/Hangars/Long_Row_Beige.agp
OBJECT_DEF lib/airport/Common_Elements/Hangars/Med_Blue_Hangar.agp
OBJECT_DEF lib/airport/Common_Elements/Hangars/Sm_Blue_Hangar.agp
OBJECT_DEF lib/g10/US/industrial/light/TinShed10x50.obj
OBJECT_DEF lib/airport/Ramp_Equipment/Cargo_Palette_1.obj
OBJECT_DEF lib/airport/beacons/beacon_airport_big.obj
OBJECT_DEF lib/airport/Common_Elements/Miscellaneous/Tree.obj
OBJECT_DEF lib/cars/car.obj
POLYGON_DEF lib/airport/pavement/asphalt_6L.pol
POLYGON_DEF lib/airport/pavement/asphalt_1D.pol
POLYGON_DEF lib/airport/pavement/asphalt_3D.pol
POLYGON_DEF lib/airport/pavement/asphalt_5L.pol
POLYGON_DEF lib/airport/Modern_Airports/Terminal_kit/term_building_Ground_02.fac
POLYGON_DEF lib/airport/Common_Elements/Fence_Facades/Fence.fac
POLYGON_DEF lib/airport/Common_Elements/Misc_Buildings/Blue_Warehouse.fac
PROPERTY sim/filter/aptid KFFM
PROPERTY sim/exclude_net -96.158101/46.291608/-96.157434/46.292098
PROPERTY sim/exclude_net -96.150971/46.285677/-96.150256/46.286054
PROPERTY sim/require_agpoint 1/0
PROPERTY sim/require_object 1/0
PROPERTY sim/require_facade 1/4
PROPERTY sim/require_facade 6/0
