PROPERTY sim/west -180
PROPERTY sim/east 180
PROPERTY sim/north 90
PROPERTY sim/south -90
PROPERTY sim/planet earth
PROPERTY sim/creation_agent WorldEditor1.7.1r2
PROPERTY laminar/internal_revision 0
PROPERTY sim/overlay 1
FILTER 0
BEGIN_POLYGON 0 255 2
BEGIN_WINDING
POLYGON_POINT -91.446473264 39.721659681
POLYGON_POINT -91.446013767 39.721974573
POLYGON_POINT -91.445980349 39.722623637
POLYGON_POINT -91.444969455 39.723157026
POLYGON_POINT -91.445119836 39.723465492
POLYGON_POINT -91.445821614 39.723304832
POLYGON_POINT -91.445913513 39.723459065
POLYGON_POINT -91.445612751 39.723709694
POLYGON_POINT -91.445804905 39.723889632
POLYGON_POINT -91.446105667 39.723831795
POLYGON_POINT -91.447033016 39.724821457
POLYGON_POINT -91.447258587 39.724737914
POLYGON_POINT -91.446540100 39.723452639
POLYGON_POINT -91.446565164 39.722784296
POLYGON_POINT -91.446790735 39.722385861
POLYGON_POINT -91.446890989 39.721820340
END_WINDING
END_POLYGON
BEGIN_POLYGON 0 511 2
BEGIN_WINDING
POLYGON_POINT -91.446911129 39.728980059
POLYGON_POINT -91.447899505 39.728980059
POLYGON_POINT -91.446738843 39.729035855
POLYGON_POINT -91.448008317 39.729028881
END_WINDING
END_POLYGON
BEGIN_POLYGON 1 79 4
BEGIN_WINDING
POLYGON_POINT -91.442717873 39.719463754 -91.442717873 39.719463754
POLYGON_POINT -91.442727363 39.719462364 -91.442727363 39.719462364
POLYGON_POINT -91.442788762 39.719319550 -91.442861968 39.719263588
POLYGON_POINT -91.442902998 39.719258271 -91.442902998 39.719258271
POLYGON_POINT -91.442902245 39.719254506 -91.442902245 39.719254506
POLYGON_POINT -91.443236046 39.719206841 -91.443236046 39.719206841
POLYGON_POINT -91.443237021 39.719210478 -91.443237021 39.719210478
POLYGON_POINT -91.443301792 39.719203381 -91.443301792 39.719203381
POLYGON_POINT -91.443428322 39.719222933 -91.443497612 39.719246395
POLYGON_POINT -91.443522215 39.719314899 -91.443522215 39.719314899
POLYGON_POINT -91.443538380 39.719383113 -91.443538380 39.719383113
POLYGON_POINT -91.443543554 39.719382534 -91.443543554 39.719382534
POLYGON_POINT -91.443474819 39.719075680 -91.443474819 39.719075680
POLYGON_POINT -91.442655590 39.719194257 -91.442655590 39.719194257
END_WINDING
END_POLYGON
BEGIN_POLYGON 1 350 2
BEGIN_WINDING
POLYGON_POINT -91.445052960 39.725339855
POLYGON_POINT -91.445228599 39.725388783
POLYGON_POINT -91.445279714 39.725382055
POLYGON_POINT -91.445387813 39.725257397
POLYGON_POINT -91.445323547 39.724983393
POLYGON_POINT -91.446153422 39.724867999
POLYGON_POINT -91.446139448 39.724813289
POLYGON_POINT -91.446155592 39.724810526
POLYGON_POINT -91.446005978 39.724194568
POLYGON_POINT -91.445844909 39.724217136
POLYGON_POINT -91.445968446 39.724754699
POLYGON_POINT -91.445929486 39.724760275
POLYGON_POINT -91.445935039 39.724786980
POLYGON_POINT -91.445893284 39.724793002
POLYGON_POINT -91.445899382 39.724819315
POLYGON_POINT -91.445861762 39.724824977
POLYGON_POINT -91.445867714 39.724848582
POLYGON_POINT -91.445252915 39.724931077
POLYGON_POINT -91.445282004 39.725058059
POLYGON_POINT -91.445257090 39.725262011
POLYGON_POINT -91.445213233 39.725287958
POLYGON_POINT -91.445170501 39.725281039
POLYGON_POINT -91.445070417 39.725163411
POLYGON_POINT -91.445061857 39.725124402
POLYGON_POINT -91.445046802 39.725126387
POLYGON_POINT -91.444918605 39.724733549
POLYGON_POINT -91.444891017 39.724610917
POLYGON_POINT -91.444881211 39.724612380
END_WINDING
END_POLYGON
BEGIN_POLYGON 1 350 4
BEGIN_WINDING
POLYGON_POINT -91.443599966 39.719057835 -91.443599966 39.719057835
POLYGON_POINT -91.443474819 39.719075680 -91.443474819 39.719075680
POLYGON_POINT -91.443888448 39.720946873 -91.443888448 39.720946873
POLYGON_POINT -91.444722425 39.724484656 -91.444722425 39.724484656
POLYGON_POINT -91.445141403 39.726283821 -91.445141403 39.726283821
POLYGON_POINT -91.445135445 39.726284657 -91.445135445 39.726284657
POLYGON_POINT -91.445151506 39.726356087 -91.445151506 39.726356087
POLYGON_POINT -91.445120795 39.726447744 -91.445083917 39.726499465
POLYGON_POINT -91.444999856 39.726520321 -91.444999856 39.726520321
POLYGON_POINT -91.444930458 39.726530920 -91.444930458 39.726530920
POLYGON_POINT -91.444931523 39.726535337 -91.444931523 39.726535337
POLYGON_POINT -91.444638668 39.726576287 -91.444638668 39.726576287
POLYGON_POINT -91.444637302 39.726572228 -91.444637302 39.726572228
POLYGON_POINT -91.444465847 39.726546459 -91.444364161 39.726507112
POLYGON_POINT -91.444344185 39.726431477 -91.444344185 39.726431477
POLYGON_POINT -91.444330084 39.726433145 -91.444330084 39.726433145
POLYGON_POINT -91.444433897 39.726871349 -91.444433897 39.726871349
POLYGON_POINT -91.444445371 39.726869922 -91.444445371 39.726869922
POLYGON_POINT -91.444498748 39.726754318 -91.444552348 39.726692586
POLYGON_POINT -91.444663354 39.726669145 -91.444663354 39.726669145
POLYGON_POINT -91.444662531 39.726666063 -91.444662531 39.726666063
POLYGON_POINT -91.444949964 39.726627517 -91.444949964 39.726627517
POLYGON_POINT -91.444951330 39.726631144 -91.444951330 39.726631144
POLYGON_POINT -91.445025474 39.726622594 -91.445025474 39.726622594
POLYGON_POINT -91.445157015 39.726646571 -91.445223315 39.726674979
POLYGON_POINT -91.445242821 39.726735965 -91.445242821 39.726735965
POLYGON_POINT -91.445256577 39.726794250 -91.445256577 39.726794250
POLYGON_POINT -91.445260803 39.726793898 -91.445260803 39.726793898
POLYGON_POINT -91.445713827 39.728734770 -91.445713827 39.728734770
POLYGON_POINT -91.446236129 39.730971531 -91.446236129 39.730971531
POLYGON_POINT -91.446364169 39.730955378 -91.446364169 39.730955378
POLYGON_POINT -91.445834915 39.728717021 -91.445834915 39.728717021
POLYGON_POINT -91.445380305 39.726781373 -91.445380305 39.726781373
POLYGON_POINT -91.445385267 39.726780421 -91.445385267 39.726780421
POLYGON_POINT -91.445375264 39.726722039 -91.445375264 39.726722039
POLYGON_POINT -91.445408722 39.726621830 -91.445448086 39.726572292
POLYGON_POINT -91.445511563 39.726558091 -91.445511563 39.726558091
POLYGON_POINT -91.445601637 39.726544330 -91.445601637 39.726544330
POLYGON_POINT -91.445600329 39.726538933 -91.445600329 39.726538933
POLYGON_POINT -91.446776450 39.726367708 -91.446776450 39.726367708
POLYGON_POINT -91.446620988 39.725681451 -91.446620988 39.725681451
POLYGON_POINT -91.446538401 39.725693906 -91.446538401 39.725693906
POLYGON_POINT -91.446551394 39.725747664 -91.446551394 39.725747664
POLYGON_POINT -91.446459054 39.725761162 -91.446459054 39.725761162
POLYGON_POINT -91.446465418 39.725791401 -91.446465418 39.725791401
POLYGON_POINT -91.445547905 39.725913503 -91.445547905 39.725913503
POLYGON_POINT -91.445621847 39.726241915 -91.445621847 39.726241915
POLYGON_POINT -91.445615370 39.726243160 -91.445615370 39.726243160
POLYGON_POINT -91.445630486 39.726301198 -91.445630486 39.726301198
POLYGON_POINT -91.445603499 39.726393393 -91.445568927 39.726439140
POLYGON_POINT -91.445511731 39.726446172 -91.445511731 39.726446172
POLYGON_POINT -91.445362750 39.726415036 -91.445294419 39.726369233
POLYGON_POINT -91.445289878 39.726334080 -91.445289878 39.726334080
POLYGON_POINT -91.445272990 39.726265212 -91.445272990 39.726265212
POLYGON_POINT -91.445267209 39.726266048 -91.445267209 39.726266048
POLYGON_POINT -91.445092789 39.725523098 -91.445092789 39.725523098
POLYGON_POINT -91.445133273 39.725475355 -91.445133273 39.725475355
POLYGON_POINT -91.446601472 39.725270890 -91.446601472 39.725270890
POLYGON_POINT -91.446500817 39.724818905 -91.446500817 39.724818905
POLYGON_POINT -91.445323547 39.724983393 -91.445323547 39.724983393
POLYGON_POINT -91.445387813 39.725257397 -91.445387813 39.725257397
POLYGON_POINT -91.445279714 39.725382055 -91.445279714 39.725382055
POLYGON_POINT -91.445228599 39.725388783 -91.445228599 39.725388783
POLYGON_POINT -91.445052960 39.725339855 -91.445052960 39.725339855
POLYGON_POINT -91.444313956 39.722200977 -91.444313956 39.722200977
POLYGON_POINT -91.444009811 39.720932298 -91.444009811 39.720932298
END_WINDING
END_POLYGON
BEGIN_POLYGON 1 79 4
BEGIN_WINDING
POLYGON_POINT -91.446167854 39.730675897 -91.446167854 39.730675897
POLYGON_POINT -91.446159833 39.730677138 -91.446159833 39.730677138
POLYGON_POINT -91.446173455 39.730736123 -91.446173455 39.730736123
POLYGON_POINT -91.446143073 39.730840851 -91.446103057 39.730883979
POLYGON_POINT -91.446025967 39.730906390 -91.446025967 39.730906390
POLYGON_POINT -91.445957333 39.730916598 -91.445957333 39.730916598
POLYGON_POINT -91.445958380 39.730921760 -91.445958380 39.730921760
POLYGON_POINT -91.445672535 39.730962844 -91.445672535 39.730962844
POLYGON_POINT -91.445671598 39.730958519 -91.445671598 39.730958519
POLYGON_POINT -91.445469815 39.730927687 -91.445374026 39.730879553
POLYGON_POINT -91.445361323 39.730821782 -91.445361323 39.730821782
POLYGON_POINT -91.445348862 39.730823453 -91.445348862 39.730823453
POLYGON_POINT -91.445410229 39.731089027 -91.445410229 39.731089027
POLYGON_POINT -91.446236129 39.730971531 -91.446236129 39.730971531
END_WINDING
END_POLYGON
BEGIN_POLYGON 1 21 2
BEGIN_WINDING
POLYGON_POINT -91.447659925 39.726657018
POLYGON_POINT -91.448085488 39.725806608
POLYGON_POINT -91.447288772 39.725570466
POLYGON_POINT -91.447247964 39.725664624
POLYGON_POINT -91.446779650 39.725542069
POLYGON_POINT -91.446595045 39.725571960
POLYGON_POINT -91.446800430 39.726474820
POLYGON_POINT -91.446986157 39.726459373
END_WINDING
END_POLYGON
BEGIN_POLYGON 1 79 2
BEGIN_WINDING
POLYGON_POINT -91.446582973 39.726394502
POLYGON_POINT -91.446611174 39.726518383
POLYGON_POINT -91.446636171 39.726515240
POLYGON_POINT -91.446623648 39.726460822
POLYGON_POINT -91.446642087 39.726444284
POLYGON_POINT -91.446709688 39.726435282
POLYGON_POINT -91.446720598 39.726484956
POLYGON_POINT -91.446800430 39.726474820
POLYGON_POINT -91.446776450 39.726367708
END_WINDING
END_POLYGON
BEGIN_POLYGON 1 79 2
BEGIN_WINDING
POLYGON_POINT -91.445267209 39.726266048
POLYGON_POINT -91.445272990 39.726265212
POLYGON_POINT -91.445228969 39.726065725
POLYGON_POINT -91.445186866 39.725725710
POLYGON_POINT -91.445198202 39.725724225
POLYGON_POINT -91.445190977 39.725684777
POLYGON_POINT -91.445209537 39.725551344
POLYGON_POINT -91.445433784 39.725463083
POLYGON_POINT -91.445478908 39.725456711
POLYGON_POINT -91.445472524 39.725427993
POLYGON_POINT -91.445133273 39.725475355
POLYGON_POINT -91.445092789 39.725523098
END_WINDING
END_POLYGON
FILTER -1
FILTER 0
FILTER -1
FILTER 0
FILTER -1
FILTER 0
FILTER -1
FILTER 0
FILTER -1
FILTER 0
OBJECT 0 -91.445601411 39.731085426 0.000000
OBJECT 0 -91.445696708 39.731069673 0.000000
OBJECT 0 -91.445830066 39.731051422 0.000000
OBJECT 0 -91.446015396 39.731025202 0.000000
OBJECT 0 -91.446101873 39.731014503 0.000000
OBJECT 0 -91.446187345 39.731004124 0.000000
OBJECT 0 -91.446290811 39.730991150 0.000000
OBJECT 0 -91.446402599 39.730970392 0.000000
OBJECT 0 -91.446372909 39.730862278 0.000000
OBJECT 0 -91.446349386 39.730760483 0.000000
OBJECT 0 -91.446324113 39.730648909 0.000000
OBJECT 0 -91.445393817 39.730821772 0.000000
OBJECT 0 -91.445436771 39.730875829 0.000000
OBJECT 0 -91.445510185 39.730922679 90.000000
OBJECT 0 -91.445575789 39.730941899 0.000000
OBJECT 0 -91.445667166 39.730943100 0.000000
OBJECT 0 -91.445792906 39.730925081 0.000000
OBJECT 0 -91.445971754 39.730893848 0.000000
OBJECT 0 -91.446069378 39.730870424 0.000000
OBJECT 0 -91.446128734 39.730828980 0.000000
OBJECT 0 -91.446142011 39.730750898 0.000000
OBJECT 0 -91.446127953 39.730680023 90.000000
OBJECT 0 -91.446067786 39.730439335 180.000000
OBJECT 0 -91.446267644 39.730405843 0.000000
OBJECT 0 -91.446174397 39.729999314 0.000000
OBJECT 0 -91.445969084 39.730026826 0.000000
OBJECT 0 -91.446061681 39.729515074 0.000000
OBJECT 0 -91.445859472 39.729543786 0.000000
OBJECT 0 -91.445934204 39.728966268 270.000000
OBJECT 0 -91.445731963 39.728996190 0.000000
OBJECT 0 -91.445601398 39.728439001 0.000000
OBJECT 0 -91.445804385 39.728406701 0.000000
OBJECT 0 -91.445693223 39.727931428 0.000000
OBJECT 0 -91.445489467 39.727956554 0.000000
OBJECT 0 -91.445397743 39.727550017 0.000000
OBJECT 0 -91.445596812 39.727515941 0.000000
OBJECT 0 -91.445528459 39.727215130 0.000000
OBJECT 0 -91.445327565 39.727243643 0.000000
OBJECT 0 -91.445260941 39.726963968 270.000000
OBJECT 0 -91.445463018 39.726932363 0.000000
OBJECT 0 -91.445536475 39.726106933 0.000000
OBJECT 0 -91.445549751 39.726175406 0.000000
OBJECT 0 -91.446240361 39.726474801 270.000000
OBJECT 0 -91.446086473 39.726496913 0.000000
OBJECT 0 -91.445917139 39.726523751 270.000000
OBJECT 0 -91.445756140 39.726546121 0.000000
OBJECT 0 -91.445610761 39.726567769 0.000000
OBJECT 0 -91.445516298 39.726593717 0.000000
OBJECT 0 -91.445444776 39.726633157 0.000000
OBJECT 0 -91.445417787 39.726684014 0.000000
OBJECT 0 -91.445424534 39.726767045 0.000000
OBJECT 0 -91.443502879 39.719381000 180.000000
OBJECT 0 -91.443473206 39.719305752 0.000000
OBJECT 0 -91.443422606 39.719259047 0.000000
OBJECT 0 -91.443346144 39.719234829 0.000000
OBJECT 0 -91.443249441 39.719233964 0.000000
OBJECT 0 -91.443098766 39.719253857 0.000000
OBJECT 0 -91.442762557 39.719457977 0.000000
OBJECT 0 -91.445234755 39.725721162 0.000000
OBJECT 0 -91.445249781 39.725642379 0.000000
OBJECT 0 -91.445277197 39.725566375 0.000000
OBJECT 0 -91.445384450 39.725525478 0.000000
OBJECT 0 -91.445487185 39.725492458 0.000000
OBJECT 0 -91.444166133 39.721335268 0.000000
OBJECT 0 -91.444272978 39.721794634 0.000000
OBJECT 0 -91.444390431 39.722302198 0.000000
OBJECT 0 -91.444519921 39.722861164 0.000000
OBJECT 0 -91.444635876 39.723364173 0.000000
OBJECT 0 -91.444755414 39.723879745 0.000000
OBJECT 0 -91.444868508 39.724366388 0.000000
OBJECT 0 -91.445564958 39.726245270 0.000000
OBJECT 0 -91.445218401 39.726784785 0.000000
OBJECT 0 -91.445188038 39.726716457 0.000000
OBJECT 0 -91.445126187 39.726667157 0.000000
OBJECT 0 -91.445044094 39.726647264 0.000000
OBJECT 0 -91.444964250 39.726653318 0.000000
OBJECT 0 -91.444486933 39.726877980 0.000000
OBJECT 0 -91.444498681 39.726824571 0.000000
OBJECT 0 -91.444530169 39.726767486 0.000000
OBJECT 0 -91.444592363 39.726723499 0.000000
OBJECT 0 -91.444672988 39.726693969 0.000000
OBJECT 0 -91.444819181 39.726674941 0.000000
OBJECT 0 -91.444381345 39.726413443 0.000000
OBJECT 0 -91.444409842 39.726465632 0.000000
OBJECT 0 -91.444471693 39.726515797 0.000000
OBJECT 0 -91.444543664 39.726540879 270.000000
OBJECT 0 -91.444630256 39.726547799 0.000000
OBJECT 0 -91.444782972 39.726523489 0.000000
OBJECT 0 -91.444936135 39.726500228 0.000000
OBJECT 0 -91.445022303 39.726479857 180.000000
OBJECT 0 -91.445077829 39.726435360 0.000000
OBJECT 0 -91.445111566 39.726370491 0.000000
OBJECT 0 -91.445103444 39.726289118 0.000000
OBJECT 0 -91.445577542 39.726307505 180.000000
OBJECT 0 -91.445563608 39.726364628 90.000000
OBJECT 0 -91.445494328 39.726409610 180.000000
OBJECT 0 -91.445398522 39.726390233 0.000000
OBJECT 0 -91.445331521 39.726333178 0.000000
OBJECT 0 -91.445307780 39.726262477 0.000000
OBJECT 0 -91.445046697 39.726036653 0.000000
OBJECT 0 -91.445254726 39.726005954 0.000000
OBJECT 0 -91.444981498 39.725760900 0.000000
OBJECT 0 -91.444959126 39.725667052 180.000000
OBJECT 0 -91.444802384 39.724992257 0.000000
OBJECT 0 -91.445017076 39.724961562 180.000000
OBJECT 0 -91.444971909 39.724814993 0.000000
OBJECT 0 -91.445215675 39.724948428 0.000000
OBJECT 0 -91.445243369 39.725050787 0.000000
OBJECT 0 -91.445238060 39.725146428 0.000000
OBJECT 0 -91.445204822 39.725253615 0.000000
OBJECT 0 -91.445140124 39.725204537 0.000000
OBJECT 0 -91.445077597 39.725110586 0.000000
OBJECT 0 -91.444935078 39.725556894 0.000000
OBJECT 0 -91.444886402 39.725355190 0.000000
OBJECT 0 -91.444839159 39.725147029 0.000000
OBJECT 0 -91.444767969 39.724842971 0.000000
OBJECT 0 -91.444663985 39.724394717 0.000000
OBJECT 0 -91.444550173 39.723905221 0.000000
OBJECT 0 -91.444431615 39.723389048 0.000000
OBJECT 0 -91.444314227 39.722881735 0.000000
OBJECT 0 -91.444187406 39.722328624 0.000000
OBJECT 0 -91.444068458 39.721825615 0.000000
OBJECT 0 -91.443961421 39.721360744 0.000000
OBJECT 0 -91.443724248 39.720335456 0.000000
OBJECT 0 -91.443930451 39.720311432 0.000000
OBJECT 0 -91.444039898 39.720788615 0.000000
OBJECT 0 -91.443835320 39.720812889 0.000000
OBJECT 0 -91.443827383 39.719864379 90.000000
OBJECT 0 -91.443618838 39.719882547 0.000000
OBJECT 0 -91.443531960 39.719508985 0.000000
OBJECT 0 -91.443736547 39.719477632 0.000000
OBJECT 0 -91.443706551 39.719353079 0.000000
OBJECT 0 -91.443690465 39.719272835 0.000000
OBJECT 0 -91.443668757 39.719176973 0.000000
OBJECT 0 -91.443647206 39.719094687 0.000000
OBJECT 0 -91.443633957 39.719028977 0.000000
OBJECT 0 -91.443527864 39.719042512 0.000000
OBJECT 0 -91.443440485 39.719055485 0.000000
OBJECT 0 -91.443218745 39.719087859 0.000000
OBJECT 0 -91.443062494 39.719109823 0.000000
OBJECT 0 -91.442876960 39.719135049 0.000000
OBJECT 0 -91.442769083 39.719406729 0.000000
OBJECT 0 -91.442792917 39.719359377 0.000000
OBJECT 0 -91.442837852 39.719319623 0.000000
OBJECT 0 -91.442915481 39.719283264 0.000000
OBJECT 1 -91.446715008 39.726893382 171.460007
OBJECT 2 -91.445424342 39.725196174 260.140015
OBJECT 3 -91.446864439 39.725741380 201.309998
OBJECT 4 -91.447859412 39.725946291 111.050003
OBJECT 4 -91.447593614 39.725867862 111.050003
OBJECT 4 -91.447054778 39.725708393 291.149994
OBJECT 1 -91.446669132 39.726710008 350.390015
OBJECT 5 -91.447045991 39.726645275 71.849998
OBJECT 5 -91.446919141 39.726585077 0.000000
OBJECT 6 -91.447223202 39.725642129 109.180000
OBJECT 7 -91.446866989 39.726462492 90.000000
OBJECT 7 -91.446888174 39.726451026 0.000000
OBJECT 7 -91.446913543 39.726432520 0.000000
OBJECT 7 -91.447015020 39.726454647 0.000000
OBJECT 7 -91.447039082 39.726464503 270.000000
OBJECT 8 -91.446535002 39.726769485 262.579987
OBJECT 9 -91.447454847 39.726612423 342.470001
BEGIN_POLYGON 2 10 3
BEGIN_WINDING
POLYGON_POINT -91.446762015 39.726493318 0.000000000
POLYGON_POINT -91.446682940 39.726503454 1.000000000
POLYGON_POINT -91.446586937 39.726515761 0.000000000
POLYGON_POINT -91.446519473 39.726524408 2.000000000
POLYGON_POINT -91.446546958 39.726651240 0.000000000
POLYGON_POINT -91.446623880 39.726641380 1.000000000
POLYGON_POINT -91.446711890 39.726630098 0.000000000
POLYGON_POINT -91.446789500 39.726620149 0.000000000
END_WINDING
END_POLYGON
OBJECT 10 -91.446960257 39.726440865 21.450001
OBJECT 11 -91.447315482 39.726546685 21.480000
OBJECT 12 -91.446171654 39.726770089 171.470001
OBJECT 13 -91.446510673 39.725846201 342.799988
BEGIN_POLYGON 3 10 3
BEGIN_WINDING
POLYGON_POINT -91.447372958 39.726576037 0.000000000
POLYGON_POINT -91.447667925 39.726661868 0.000000000
POLYGON_POINT -91.447744458 39.726527927 0.000000000
POLYGON_POINT -91.448210684 39.726569371 0.000000000
POLYGON_POINT -91.448240962 39.725619325 0.000000000
POLYGON_POINT -91.448165177 39.725540112 2.000000000
POLYGON_POINT -91.448163233 39.725417558 0.000000000
POLYGON_POINT -91.448172944 39.724622447 0.000000000
END_WINDING
END_POLYGON
BEGIN_POLYGON 3 10 3
BEGIN_WINDING
POLYGON_POINT -91.446923981 39.724781729 0.000000000
POLYGON_POINT -91.446150357 39.723997646 0.000000000
POLYGON_POINT -91.446097976 39.723886078 0.000000000
POLYGON_POINT -91.445973068 39.723867483 0.000000000
POLYGON_POINT -91.445795779 39.724016241 0.000000000
POLYGON_POINT -91.445646695 39.724025539 0.000000000
POLYGON_POINT -91.445562080 39.724000746 0.000000000
POLYGON_POINT -91.445529846 39.723805500 0.000000000
POLYGON_POINT -91.445489553 39.723759013 0.000000000
POLYGON_POINT -91.445183327 39.723737319 0.000000000
POLYGON_POINT -91.445110800 39.723774509 0.000000000
POLYGON_POINT -91.445042302 39.723851987 0.000000000
POLYGON_POINT -91.444973804 39.724065828 0.000000000
POLYGON_POINT -91.444985892 39.724236280 0.000000000
POLYGON_POINT -91.445106770 39.724756935 0.000000000
END_WINDING
END_POLYGON
BEGIN_POLYGON 3 10 3
BEGIN_WINDING
POLYGON_POINT -91.447244963 39.726538892 0.000000000
POLYGON_POINT -91.447030533 39.726475304 0.000000000
POLYGON_POINT -91.447004321 39.726523272 0.000000000
POLYGON_POINT -91.446772889 39.726549566 0.000000000
END_WINDING
END_POLYGON
OBJECT 14 -91.446901358 39.725768708 0.000000
OBJECT 15 -91.446884153 39.725762585 0.000000
OBJECT 16 -91.446977913 39.725788287 290.959991
OBJECT 17 -91.447094664 39.726499834 201.520004
OBJECT 18 -91.447234925 39.726528994 200.559998
OBJECT 19 -91.446878573 39.726638354 0.000000
OBJECT 20 -91.447825873 39.726566634 1.590000
OBJECT 20 -91.447772312 39.726574782 1.300000
OBJECT 20 -91.447796444 39.726576593 5.310000
OBJECT 20 -91.447822342 39.726588816 3.010000
OBJECT 20 -91.447850005 39.726586099 0.000000
OBJECT 21 -91.446746322 39.726490297 171.449997
OBJECT 22 -91.447865132 39.726610207 194.039993
OBJECT 23 -91.447941631 39.726656714 14.930000
OBJECT 24 -91.447989498 39.726686255 193.130005
OBJECT 25 -91.446884213 39.725749624 22.670000
OBJECT 25 -91.446755546 39.726498330 172.020004
OBJECT 25 -91.447496338 39.725750001 201.080002
OBJECT 25 -91.447787196 39.725836766 201.080002
OBJECT 25 -91.447710680 39.725992188 22.670000
OBJECT 25 -91.447418841 39.725906555 22.670000
OBJECT 25 -91.445867304 39.725209004 349.839996
OBJECT 25 -91.446296127 39.725146825 349.839996
OBJECT 25 -91.447152017 39.725828089 22.670000
FILTER -1
OBJECT_DEF lib/airport/lights/slow/taxi_edge.obj
OBJECT_DEF lib/airport/Common_Elements/Parking_Items/Row_of_Cars_6.agp
OBJECT_DEF lib/airport/Vintage_Airports/Hangars/Corrugated_Row.agp
OBJECT_DEF lib/airport/Ramp_Equipment/Tow_Tractor_1.obj
OBJECT_DEF lib/airport/European_Airports/hangars/25x20x5.obj
OBJECT_DEF lib/airport/Common_Elements/Miscellaneous/Tree.obj
OBJECT_DEF lib/airport/Common_Elements/Miscellaneous/Sm_Propane_Tank.obj
OBJECT_DEF lib/airport/Common_Elements/Miscellaneous/One_Traffic_Cone.obj
OBJECT_DEF lib/airport/Common_Elements/Miscellaneous/Const_Trailer.agp
OBJECT_DEF lib/airport/Common_Elements/Miscellaneous/Blue_Dumpster.obj
OBJECT_DEF lib/airport/Common_Elements/Fueling_Stations/Small_Fuel_Station.obj
OBJECT_DEF lib/airport/Common_Elements/Hangars/Sm_Gray_Hangar.agp
OBJECT_DEF lib/airport/aircraft/general_aviation/helo_a.obj
OBJECT_DEF lib/airport/aircraft/general_aviation/prop_a.obj
OBJECT_DEF lib/airport/Common_Elements/Miscellaneous/Barrel_Trash_Can.obj
OBJECT_DEF lib/airport/Common_Elements/Miscellaneous/Stack_of_Cones.obj
OBJECT_DEF lib/airport/Common_Elements/Miscellaneous/Porta_Potty_1.obj
OBJECT_DEF lib/airport/Common_Elements/Lighting/Dir_Ramp_Lit_Short.obj
OBJECT_DEF lib/g10/global_objects/park_bench_1.obj
OBJECT_DEF lib/airport/Common_Elements/Miscellaneous/Picnic_Table.obj
OBJECT_DEF lib/airport/Ramp_Equipment/Cargo_Palette_2.obj
OBJECT_DEF lib/g10/global_objects/vending_machine_X2.obj
OBJECT_DEF lib/airport/Common_Elements/Vehicles/forklifts/forklift_yellow_bags.obj
OBJECT_DEF lib/airport/Common_Elements/Vehicles/sailplane_trailer/sailplane_trailer_old.obj
OBJECT_DEF lib/airport/Common_Elements/Vehicles/Cargo_Truck_Long.agp
OBJECT_DEF lib/airport/Common_Elements/Lighting/Ovrhd_Flood_Small.obj
POLYGON_DEF lib/g8/broad_cld_rain.for
POLYGON_DEF lib/airport/pavement/concrete_3L.pol
POLYGON_DEF lib/airport/Common_Elements/Misc_Buildings/White_Office.fac
POLYGON_DEF lib/airport/Common_Elements/Fence_Facades/Fence.fac
PROPERTY sim/filter/aptid KHAE
PROPERTY sim/exclude_obj -91.448142/39.717049/-91.441074/39.732692
PROPERTY sim/exclude_fac -91.448142/39.717049/-91.441074/39.732692
PROPERTY sim/exclude_for -91.448142/39.717049/-91.441074/39.732692
PROPERTY sim/exclude_bch -91.448142/39.717049/-91.441074/39.732692
PROPERTY sim/exclude_net -91.448142/39.717049/-91.441074/39.732692
PROPERTY sim/exclude_lin -91.448142/39.717049/-91.441074/39.732692
PROPERTY sim/exclude_pol -91.448142/39.717049/-91.441074/39.732692
PROPERTY sim/exclude_str -91.448142/39.717049/-91.441074/39.732692
PROPERTY sim/require_agpoint 1/0
PROPERTY sim/require_object 1/0
PROPERTY sim/require_facade 1/2
PROPERTY sim/require_facade 6/0
