PROPERTY sim/west -180
PROPERTY sim/east 180
PROPERTY sim/north 90
PROPERTY sim/south -90
PROPERTY sim/planet earth
PROPERTY sim/creation_agent WorldEditor2.2.0r2
PROPERTY laminar/internal_revision 0
PROPERTY sim/overlay 1
FILTER 0
FILTER -1
FILTER 0
FILTER -1
FILTER 0
FILTER -1
FILTER 0
FILTER -1
FILTER 0
FILTER -1
FILTER 0
OBJECT 0 -97.419550078 37.640879912 270.000000
OBJECT 0 -97.419240328 37.641078338 0.000000
OBJECT 0 -97.423362084 37.640978735 0.000000
OBJECT 0 -97.423350233 37.640537638 180.000000
OBJECT 0 -97.422742830 37.640305358 90.000000
OBJECT 0 -97.422728015 37.640962311 90.000000
OBJECT 0 -97.416386692 37.646149110 270.000000
OBJECT 0 -97.416405548 37.645662794 270.000000
OBJECT 0 -97.415323454 37.645321392 270.000000
OBJECT 0 -97.414971767 37.646053969 0.000000
OBJECT 0 -97.438217671 37.663116116 90.000000
OBJECT 0 -97.438211578 37.663426648 90.000000
OBJECT 0 -97.438213148 37.663628875 90.000000
OBJECT 0 -97.438210162 37.664026014 90.000000
OBJECT 0 -97.438208418 37.664404121 90.000000
OBJECT 0 -97.440784737 37.667480182 90.000000
OBJECT 0 -97.440353310 37.667232153 90.000000
OBJECT 0 -97.440311987 37.666968344 90.000000
OBJECT 0 -97.440345110 37.666753341 90.000000
OBJECT 0 -97.439378436 37.665275007 180.000000
OBJECT 0 -97.439871156 37.665280939 180.000000
OBJECT 0 -97.440201210 37.665245923 180.000000
OBJECT 0 -97.440776251 37.665243229 180.000000
OBJECT 0 -97.440769446 37.665741537 0.000000
OBJECT 0 -97.440199355 37.665741537 0.000000
OBJECT 0 -97.439844007 37.665571546 0.000000
OBJECT 0 -97.438257439 37.665318270 180.000000
OBJECT 0 -97.438670158 37.665316263 180.000000
OBJECT 0 -97.438622270 37.665615072 0.000000
OBJECT 0 -97.438373595 37.665613232 0.000000
OBJECT 0 -97.439451784 37.665572147 0.000000
OBJECT 1 -97.439847161 37.666875156 0.000000
OBJECT 1 -97.438045864 37.666379354 0.000000
OBJECT 1 -97.419578937 37.668912287 0.000000
OBJECT 2 -97.420190745 37.665961217 90.000000
OBJECT 2 -97.416305243 37.642195288 0.000000
OBJECT 2 -97.416703978 37.643148956 270.000000
OBJECT 2 -97.416667234 37.645040185 270.000000
OBJECT 2 -97.420185500 37.665553491 90.000000
OBJECT 2 -97.420010106 37.665007019 189.330002
OBJECT 2 -97.420520547 37.665072880 189.330002
OBJECT 2 -97.420979861 37.664563016 119.389999
OBJECT 2 -97.421234963 37.664216637 119.389999
OBJECT 2 -97.421312678 37.664101624 119.389999
OBJECT 2 -97.421564400 37.663749896 119.389999
OBJECT 2 -97.421718137 37.663590749 110.000000
OBJECT 2 -97.421893836 37.663217623 110.000000
OBJECT 2 -97.421978306 37.663031729 110.000000
OBJECT 2 -97.422164089 37.662647144 110.000000
OBJECT 2 -97.422534155 37.662002340 110.000000
OBJECT 2 -97.422678415 37.661690910 110.000000
OBJECT 2 -97.422095217 37.660587037 110.000000
OBJECT 2 -97.422466341 37.659839929 110.000000
OBJECT 2 -97.423550793 37.659341124 110.000000
OBJECT 2 -97.423753155 37.658897894 110.000000
OBJECT 0 -97.430742936 37.660244952 290.000000
OBJECT 0 -97.415459864 37.658175678 290.000000
OBJECT 0 -97.414548589 37.657914434 110.000000
OBJECT 0 -97.416150862 37.654424824 110.000000
OBJECT 0 -97.431066859 37.659570734 290.000000
OBJECT 0 -97.431294311 37.659065529 290.000000
OBJECT 0 -97.431824480 37.657659454 290.000000
OBJECT 0 -97.432516119 37.656260118 290.000000
OBJECT 0 -97.432236311 37.656533764 290.000000
OBJECT 0 -97.432111221 37.656815228 290.000000
OBJECT 0 -97.417788833 37.652718604 290.000000
OBJECT 0 -97.417440235 37.653507389 290.000000
OBJECT 0 -97.417025770 37.654152237 290.000000
OBJECT 0 -97.416582683 37.654546270 290.000000
OBJECT 0 -97.416566747 37.655108264 290.000000
OBJECT 0 -97.416257673 37.655994721 290.000000
OBJECT 0 -97.415941374 37.656742531 290.000000
OBJECT 0 -97.423894808 37.658727010 110.000000
OBJECT 0 -97.424072435 37.658351422 110.000000
OBJECT 0 -97.424403080 37.657688101 110.000000
OBJECT 0 -97.424594270 37.657297074 110.000000
OBJECT 0 -97.425577362 37.654207428 0.000000
OBJECT 0 -97.425783441 37.653762084 180.000000
OBJECT 2 -97.430809025 37.652424512 60.000000
OBJECT 2 -97.430633859 37.652186655 60.000000
OBJECT 2 -97.430785519 37.651803229 240.000000
OBJECT 2 -97.430958065 37.652041325 240.000000
OBJECT 2 -97.431130916 37.652280481 240.000000
OBJECT 2 -97.431302664 37.652519910 240.000000
OBJECT 2 -97.431476238 37.652757686 240.000000
OBJECT 2 -97.431649813 37.652997094 240.000000
OBJECT 2 -97.431819735 37.653235780 240.000000
OBJECT 2 -97.431994224 37.653474465 240.000000
OBJECT 2 -97.432167802 37.653713874 240.000000
OBJECT 2 -97.432339553 37.653951113 240.000000
OBJECT 3 -97.420805640 37.645107288 0.000000
OBJECT 3 -97.421674606 37.645900581 0.000000
OBJECT 3 -97.439087330 37.661488849 0.000000
OBJECT 4 -97.426584005 37.653394810 20.559999
OBJECT 5 -97.419797403 37.663051742 20.850000
OBJECT 6 -97.420234995 37.663224732 20.850000
OBJECT 6 -97.422490964 37.659698342 289.940002
OBJECT 6 -97.422168450 37.660421754 289.940002
OBJECT 6 -97.419964426 37.663785313 20.850000
OBJECT 6 -97.420522143 37.662629337 20.850000
OBJECT 5 -97.420085662 37.662458095 20.850000
OBJECT 5 -97.422373430 37.659960420 289.940002
OBJECT 5 -97.422016783 37.660730634 289.940002
OBJECT 5 -97.422016783 37.660730634 289.940002
OBJECT 5 -97.419500472 37.663669409 20.850000
OBJECT 7 -97.420279676 37.665022505 9.030000
OBJECT 8 -97.421086250 37.664366926 299.709991
OBJECT 9 -97.421419905 37.663904843 299.709991
OBJECT 9 -97.421781481 37.663383692 290.510010
OBJECT 8 -97.422045466 37.662824230 290.510010
OBJECT 7 -97.420156966 37.665744765 270.000000
OBJECT 10 -97.419445480 37.668767021 270.000000
OBJECT 11 -97.419600024 37.669042270 270.000000
OBJECT 12 -97.426097088 37.654911647 19.889999
OBJECT 11 -97.425414552 37.654806547 21.209999
OBJECT 13 -97.423504871 37.659159536 289.940002
OBJECT 9 -97.424473414 37.657466634 289.940002
OBJECT 7 -97.423952735 37.658519153 289.940002
OBJECT 13 -97.425537934 37.654028668 289.940002
OBJECT 14 -97.418367141 37.646835886 180.000000
OBJECT 14 -97.418507650 37.649223250 180.000000
OBJECT 6 -97.420741358 37.643147300 270.000000
OBJECT 6 -97.420718138 37.643891986 270.000000
OBJECT 5 -97.420722451 37.643518386 270.000000
OBJECT 15 -97.430730670 37.652334076 60.000000
OBJECT 15 -97.430556373 37.652096296 60.000000
OBJECT 15 -97.430856919 37.651898712 240.000000
OBJECT 15 -97.431030814 37.652136459 240.000000
OBJECT 15 -97.431201861 37.652377508 240.000000
OBJECT 15 -97.431376283 37.652614408 240.000000
OBJECT 15 -97.431548320 37.652853889 240.000000
OBJECT 15 -97.431723203 37.653092060 240.000000
OBJECT 15 -97.431894491 37.653331541 240.000000
OBJECT 15 -97.432066330 37.653571797 240.000000
OBJECT 15 -97.432241369 37.653809256 240.000000
OBJECT 15 -97.432415824 37.654046341 240.000000
OBJECT 16 -97.430556373 37.652096296 60.000000
OBJECT 16 -97.430730670 37.652334076 60.000000
OBJECT 16 -97.430856919 37.651898712 240.000000
OBJECT 16 -97.431030814 37.652136459 240.000000
OBJECT 16 -97.431201861 37.652377508 240.000000
OBJECT 16 -97.431376283 37.652614408 240.000000
OBJECT 16 -97.431548320 37.652853889 240.000000
OBJECT 16 -97.431723203 37.653092060 240.000000
OBJECT 16 -97.431894491 37.653331541 240.000000
OBJECT 16 -97.432066330 37.653571797 240.000000
OBJECT 16 -97.432241369 37.653809256 240.000000
OBJECT 16 -97.432415824 37.654046341 240.000000
BEGIN_POLYGON 0 3 3
BEGIN_WINDING
POLYGON_POINT -97.419158534 37.639640144 2.000000000
POLYGON_POINT -97.419121444 37.640549071 0.000000000
POLYGON_POINT -97.419164414 37.640552151 0.000000000
POLYGON_POINT -97.419160514 37.640644951 0.000000000
POLYGON_POINT -97.419094104 37.640657331 0.000000000
POLYGON_POINT -97.418930024 37.640858411 0.000000000
POLYGON_POINT -97.419127854 37.641089191 1.000000000
POLYGON_POINT -97.419404844 37.641089191 0.000000000
POLYGON_POINT -97.419565804 37.640881701 0.000000000
POLYGON_POINT -97.419419824 37.640665321 0.000000000
POLYGON_POINT -97.419371444 37.640665051 0.000000000
POLYGON_POINT -97.419367564 37.640549061 0.000000000
POLYGON_POINT -97.419410534 37.640542871 2.000000000
POLYGON_POINT -97.419430064 37.639645761 0.000000000
END_WINDING
END_POLYGON
BEGIN_POLYGON 1 3 3
BEGIN_WINDING
POLYGON_POINT -97.411859756 37.646601048 0.000000000
POLYGON_POINT -97.414491763 37.646629423 0.000000000
POLYGON_POINT -97.414520088 37.645851870 0.000000000
POLYGON_POINT -97.413868609 37.645851870 0.000000000
POLYGON_POINT -97.413858673 37.645258176 0.000000000
POLYGON_POINT -97.414501205 37.645261228 0.000000000
POLYGON_POINT -97.414491763 37.642779038 0.000000000
POLYGON_POINT -97.413717541 37.642786515 0.000000000
POLYGON_POINT -97.413689216 37.644102375 0.000000000
POLYGON_POINT -97.412756458 37.645150995 0.000000000
POLYGON_POINT -97.411831431 37.645673965 0.000000000
END_WINDING
END_POLYGON
BEGIN_POLYGON 1 3 3
BEGIN_WINDING
POLYGON_POINT -97.430077847 37.663942667 0.000000000
POLYGON_POINT -97.431250291 37.661575734 0.000000000
POLYGON_POINT -97.431025686 37.661511710 0.000000000
POLYGON_POINT -97.430801081 37.661447687 4.000000000
POLYGON_POINT -97.430542689 37.661373633 0.000000000
POLYGON_POINT -97.430127267 37.661255617 0.000000000
POLYGON_POINT -97.429902663 37.661191593 0.000000000
POLYGON_POINT -97.429678058 37.661127570 0.000000000
POLYGON_POINT -97.429453453 37.661063546 0.000000000
POLYGON_POINT -97.428288092 37.663414526 0.000000000
POLYGON_POINT -97.428735531 37.663546562 0.000000000
POLYGON_POINT -97.429182969 37.663678597 4.000000000
POLYGON_POINT -97.429630408 37.663810632 0.000000000
END_WINDING
END_POLYGON
BEGIN_POLYGON 2 3 3
BEGIN_WINDING
POLYGON_POINT -97.440906621 37.665227320 0.000000000
POLYGON_POINT -97.440916399 37.665756245 0.000000000
POLYGON_POINT -97.441746795 37.665746527 0.000000000
POLYGON_POINT -97.441745612 37.665222461 0.000000000
END_WINDING
END_POLYGON
BEGIN_POLYGON 3 3 3
BEGIN_WINDING
POLYGON_POINT -97.439949873 37.665574797 2.000000000
POLYGON_POINT -97.439946256 37.665268481 3.000000000
POLYGON_POINT -97.439322422 37.665268481 2.000000000
POLYGON_POINT -97.439327846 37.665574797 3.000000000
POLYGON_POINT -97.439593654 37.665574797 1.000000000
POLYGON_POINT -97.439664175 37.665574797 2.000000000
END_WINDING
END_POLYGON
BEGIN_POLYGON 2 3 3
BEGIN_WINDING
POLYGON_POINT -97.440813725 37.665228449 0.000000000
POLYGON_POINT -97.440134955 37.665231505 0.000000000
POLYGON_POINT -97.440153368 37.665748835 0.000000000
POLYGON_POINT -97.440829070 37.665753189 0.000000000
END_WINDING
END_POLYGON
BEGIN_POLYGON 0 3 3
BEGIN_WINDING
POLYGON_POINT -97.440328675 37.666744247 0.000000000
POLYGON_POINT -97.440339835 37.666905467 0.000000000
POLYGON_POINT -97.440281245 37.666903259 1.000000000
POLYGON_POINT -97.440286825 37.667031352 0.000000000
POLYGON_POINT -97.440331972 37.667031151 0.000000000
POLYGON_POINT -97.440338059 37.667247182 0.000000000
POLYGON_POINT -97.440763909 37.667242565 0.000000000
POLYGON_POINT -97.440769489 37.667645315 0.000000000
POLYGON_POINT -97.441123814 37.667640898 0.000000000
POLYGON_POINT -97.441123814 37.667590102 0.000000000
POLYGON_POINT -97.441709706 37.667587894 0.000000000
POLYGON_POINT -97.441704126 37.667424465 0.000000000
POLYGON_POINT -97.441854232 37.667419023 0.000000000
POLYGON_POINT -97.441854232 37.667102182 0.000000000
POLYGON_POINT -97.441405600 37.667108649 0.000000000
POLYGON_POINT -97.441397230 37.666735413 0.000000000
POLYGON_POINT -97.441001028 37.666738688 2.000000000
POLYGON_POINT -97.440680223 37.666741341 0.000000000
END_WINDING
END_POLYGON
BEGIN_POLYGON 2 6 3
BEGIN_WINDING
POLYGON_POINT -97.438756758 37.665310877 3.000000000
POLYGON_POINT -97.438592057 37.665313356 2.000000000
POLYGON_POINT -97.438593574 37.665402545 1.000000000
POLYGON_POINT -97.438348635 37.665406213 2.000000000
POLYGON_POINT -97.438348030 37.665313356 3.000000000
POLYGON_POINT -97.438179161 37.665314861 3.000000000
POLYGON_POINT -97.438184943 37.665517004 2.000000000
POLYGON_POINT -97.438373595 37.665515727 0.000000000
POLYGON_POINT -97.438373595 37.665613232 1.000000000
POLYGON_POINT -97.438622270 37.665615072 0.000000000
POLYGON_POINT -97.438618332 37.665506209 2.000000000
POLYGON_POINT -97.438756152 37.665506191 3.000000000
END_WINDING
END_POLYGON
BEGIN_POLYGON 0 3 3
BEGIN_WINDING
POLYGON_POINT -97.439326379 37.664405796 2.000000000
POLYGON_POINT -97.439332912 37.663621708 0.000000000
POLYGON_POINT -97.438759036 37.663621708 2.000000000
POLYGON_POINT -97.438752907 37.663109115 0.000000000
POLYGON_POINT -97.438222001 37.663113974 2.000000000
POLYGON_POINT -97.438221618 37.663275222 2.000000000
POLYGON_POINT -97.438221234 37.663436470 1.000000000
POLYGON_POINT -97.438220851 37.663597718 2.000000000
POLYGON_POINT -97.438220467 37.663758966 2.000000000
POLYGON_POINT -97.438220083 37.663920214 2.000000000
POLYGON_POINT -97.438219700 37.664081462 1.000000000
POLYGON_POINT -97.438219316 37.664242710 2.000000000
POLYGON_POINT -97.438218933 37.664403958 0.000000000
END_WINDING
END_POLYGON
BEGIN_POLYGON 4 3 3
BEGIN_WINDING
POLYGON_POINT -97.431392323 37.658918500 0.000000000
POLYGON_POINT -97.430911596 37.658785791 0.000000000
POLYGON_POINT -97.430579019 37.659520183 0.000000000
POLYGON_POINT -97.430633564 37.659535152 0.000000000
POLYGON_POINT -97.430435152 37.659988941 0.000000000
POLYGON_POINT -97.430380524 37.659972898 0.000000000
POLYGON_POINT -97.430333665 37.660061931 0.000000000
POLYGON_POINT -97.430385334 37.660074492 0.000000000
POLYGON_POINT -97.430333665 37.660202900 1.000000000
POLYGON_POINT -97.430749151 37.660306772 2.000000000
POLYGON_POINT -97.430909944 37.659959704 3.000000000
POLYGON_POINT -97.431070737 37.659612636 0.000000000
POLYGON_POINT -97.431231530 37.659265568 2.000000000
END_WINDING
END_POLYGON
BEGIN_POLYGON 3 5 3
BEGIN_WINDING
POLYGON_POINT -97.431943009 37.657482188 0.000000000
POLYGON_POINT -97.431607217 37.657380596 0.000000000
POLYGON_POINT -97.431447594 37.657729903 0.000000000
POLYGON_POINT -97.431612701 37.657778726 1.000000000
POLYGON_POINT -97.431777809 37.657827548 2.000000000
END_WINDING
END_POLYGON
BEGIN_POLYGON 2 5 3
BEGIN_WINDING
POLYGON_POINT -97.432588208 37.656154020 2.000000000
POLYGON_POINT -97.432237099 37.656045692 3.000000000
POLYGON_POINT -97.431885989 37.656799898 0.000000000
POLYGON_POINT -97.432097687 37.656859172 3.000000000
POLYGON_POINT -97.432340366 37.656331841 0.000000000
POLYGON_POINT -97.432484941 37.656368631 1.000000000
END_WINDING
END_POLYGON
BEGIN_POLYGON 5 7 3
BEGIN_WINDING
POLYGON_POINT -97.431854196 37.655496237 0.000000000
POLYGON_POINT -97.432163327 37.655353141 0.000000000
POLYGON_POINT -97.431628988 37.654627480 0.000000000
POLYGON_POINT -97.431552635 37.654523689 0.000000000
POLYGON_POINT -97.431476283 37.654419898 0.000000000
POLYGON_POINT -97.431399930 37.654316107 0.000000000
POLYGON_POINT -97.431323577 37.654212316 0.000000000
POLYGON_POINT -97.431247225 37.654108526 0.000000000
POLYGON_POINT -97.431170872 37.654004735 1.000000000
POLYGON_POINT -97.431080398 37.653879825 0.000000000
POLYGON_POINT -97.431018167 37.653797153 0.000000000
POLYGON_POINT -97.430941814 37.653693362 0.000000000
POLYGON_POINT -97.430865462 37.653589571 1.000000000
POLYGON_POINT -97.430765460 37.653451909 0.000000000
POLYGON_POINT -97.430712757 37.653381990 0.000000000
POLYGON_POINT -97.430636404 37.653278199 0.000000000
POLYGON_POINT -97.430560052 37.653174408 0.000000000
POLYGON_POINT -97.430483699 37.653070617 0.000000000
POLYGON_POINT -97.430131525 37.653160285 0.000000000
POLYGON_POINT -97.430272585 37.653357214 0.000000000
POLYGON_POINT -97.430433102 37.653573950 0.000000000
POLYGON_POINT -97.430593620 37.653790686 0.000000000
POLYGON_POINT -97.430754138 37.654007423 0.000000000
POLYGON_POINT -97.430914656 37.654224159 0.000000000
POLYGON_POINT -97.431075174 37.654440895 0.000000000
POLYGON_POINT -97.431235691 37.654657631 0.000000000
END_WINDING
END_POLYGON
BEGIN_POLYGON 1 3 2
BEGIN_WINDING
POLYGON_POINT -97.434663408 37.665200519
POLYGON_POINT -97.434025133 37.665218955
POLYGON_POINT -97.434042711 37.666612433
POLYGON_POINT -97.433992913 37.666989734
POLYGON_POINT -97.434044882 37.667804858
POLYGON_POINT -97.434788321 37.667904363
END_WINDING
END_POLYGON
BEGIN_POLYGON 1 3 2
BEGIN_WINDING
POLYGON_POINT -97.440568277 37.663426400
POLYGON_POINT -97.439583354 37.663421362
POLYGON_POINT -97.439580091 37.663683046
POLYGON_POINT -97.439576828 37.663944731
POLYGON_POINT -97.439573564 37.664206416
POLYGON_POINT -97.439570301 37.664468101
POLYGON_POINT -97.440512203 37.664461621
POLYGON_POINT -97.441454105 37.664455141
POLYGON_POINT -97.442396007 37.664448661
POLYGON_POINT -97.442887094 37.664437878
POLYGON_POINT -97.442876424 37.662675264
POLYGON_POINT -97.442601647 37.662686607
POLYGON_POINT -97.441876056 37.662693646
POLYGON_POINT -97.441150464 37.662700685
POLYGON_POINT -97.440424872 37.662707724
POLYGON_POINT -97.440439099 37.663293385
POLYGON_POINT -97.440573384 37.663291817
END_WINDING
END_POLYGON
BEGIN_POLYGON 1 3 3
BEGIN_WINDING
POLYGON_POINT -97.416605318 37.652253947 0.000000000
POLYGON_POINT -97.415889649 37.652054685 0.000000000
POLYGON_POINT -97.415048852 37.653880650 4.000000000
POLYGON_POINT -97.415841156 37.654098843 0.000000000
END_WINDING
END_POLYGON
BEGIN_POLYGON 1 3 3
BEGIN_WINDING
POLYGON_POINT -97.415613961 37.654388438 4.000000000
POLYGON_POINT -97.414893702 37.654194888 0.000000000
POLYGON_POINT -97.413828522 37.656557597 4.000000000
POLYGON_POINT -97.414593351 37.656742474 0.000000000
END_WINDING
END_POLYGON
BEGIN_POLYGON 1 3 2
BEGIN_WINDING
POLYGON_POINT -97.435564192 37.665198569
POLYGON_POINT -97.434769711 37.665196850
POLYGON_POINT -97.434867918 37.667956725
POLYGON_POINT -97.435630399 37.667978153
END_WINDING
END_POLYGON
BEGIN_POLYGON 6 3 3
BEGIN_WINDING
POLYGON_POINT -97.430513548 37.652721446 0.000000000
POLYGON_POINT -97.431687144 37.654364710 1.000000000
POLYGON_POINT -97.431881005 37.654281148 1.000000000
POLYGON_POINT -97.432074866 37.654197585 0.000000000
POLYGON_POINT -97.430896716 37.652551464 0.000000000
END_WINDING
END_POLYGON
BEGIN_POLYGON 7 3 3
BEGIN_WINDING
POLYGON_POINT -97.432074866 37.654197585 1.000000000
POLYGON_POINT -97.432247234 37.654126144 1.000000000
POLYGON_POINT -97.432419602 37.654054703 0.000000000
POLYGON_POINT -97.432378706 37.653998353 1.000000000
POLYGON_POINT -97.432257015 37.653830676 0.000000000
POLYGON_POINT -97.432201917 37.653754757 1.000000000
POLYGON_POINT -97.432093075 37.653604785 0.000000000
POLYGON_POINT -97.432037710 37.653528498 1.000000000
POLYGON_POINT -97.431913069 37.653356756 0.000000000
POLYGON_POINT -97.431875390 37.653304839 1.000000000
POLYGON_POINT -97.431745277 37.653125557 0.000000000
POLYGON_POINT -97.431698986 37.653061773 1.000000000
POLYGON_POINT -97.431657706 37.653004894 1.000000000
POLYGON_POINT -97.431565960 37.652878478 0.000000000
POLYGON_POINT -97.431531005 37.652830314 1.000000000
POLYGON_POINT -97.431400046 37.652649867 0.000000000
POLYGON_POINT -97.431331179 37.652554975 1.000000000
POLYGON_POINT -97.431222337 37.652405003 0.000000000
POLYGON_POINT -97.431174076 37.652338505 1.000000000
POLYGON_POINT -97.431045282 37.652161040 0.000000000
POLYGON_POINT -97.431004652 37.652105057 1.000000000
POLYGON_POINT -97.430879733 37.651932932 0.000000000
POLYGON_POINT -97.430830194 37.651864673 1.000000000
POLYGON_POINT -97.430786967 37.651805112 1.000000000
POLYGON_POINT -97.430678125 37.651655139 1.000000000
POLYGON_POINT -97.430326144 37.651763190 1.000000000
POLYGON_POINT -97.430543311 37.652063218 0.000000000
POLYGON_POINT -97.430599060 37.652140237 1.000000000
POLYGON_POINT -97.430715544 37.652301165 0.000000000
POLYGON_POINT -97.430768144 37.652373835 1.000000000
POLYGON_POINT -97.430896716 37.652551464 0.000000000
END_WINDING
END_POLYGON
BEGIN_POLYGON 7 5 5
BEGIN_WINDING
POLYGON_POINT -97.428250375 37.652410214 1.000000000 -97.428250375 37.652410214
POLYGON_POINT -97.428285139 37.652776171 1.000000000 -97.428285139 37.652776171
POLYGON_POINT -97.428382445 37.652768886 0.000000000 -97.428382445 37.652768886
POLYGON_POINT -97.428386853 37.652836314 1.000000000 -97.428386853 37.652836314
POLYGON_POINT -97.427865405 37.652871993 1.000000000 -97.427865405 37.652871993
POLYGON_POINT -97.427780428 37.653021841 1.000000000 -97.427790005 37.653132204
POLYGON_POINT -97.427942656 37.653123779 1.000000000 -97.427942656 37.653123779
POLYGON_POINT -97.428058534 37.653116644 1.000000000 -97.428058534 37.653116644
POLYGON_POINT -97.428071409 37.653057520 1.000000000 -97.428071409 37.653057520
POLYGON_POINT -97.428715173 37.653029997 1.000000000 -97.428715173 37.653029997
POLYGON_POINT -97.428695860 37.652789423 1.000000000 -97.428695860 37.652789423
POLYGON_POINT -97.429335762 37.652753745 1.000000000 -97.429335762 37.652753745
POLYGON_POINT -97.429327210 37.652701495 1.000000000 -97.429327210 37.652701495
POLYGON_POINT -97.429432696 37.652695489 1.000000000 -97.429432696 37.652695489
POLYGON_POINT -97.429424601 37.652654865 1.000000000 -97.429424601 37.652654865
POLYGON_POINT -97.428873539 37.652691563 1.000000000 -97.428873539 37.652691563
POLYGON_POINT -97.428846501 37.652415311 1.000000000 -97.428846501 37.652415311
POLYGON_POINT -97.428689061 37.652421269 0.000000000 -97.428689061 37.652421269
POLYGON_POINT -97.428597244 37.652424743 1.000000000 -97.428597244 37.652424743
POLYGON_POINT -97.428496293 37.652428563 1.000000000 -97.428496293 37.652428563
POLYGON_POINT -97.428495006 37.652402059 1.000000000 -97.428495006 37.652402059
END_WINDING
END_POLYGON
BEGIN_POLYGON 8 3 5
BEGIN_WINDING
POLYGON_POINT -97.428689061 37.652421269 1.000000000 -97.428689061 37.652421269
POLYGON_POINT -97.428680034 37.652339622 0.000000000 -97.428680034 37.652339622
POLYGON_POINT -97.428695375 37.652280787 0.000000000 -97.428716616 37.652263369
POLYGON_POINT -97.428769346 37.652261573 0.000000000 -97.428769346 37.652261573
POLYGON_POINT -97.429555295 37.652208050 0.000000000 -97.429555295 37.652208050
POLYGON_POINT -97.429676367 37.652183086 0.000000000 -97.429721467 37.652159556
POLYGON_POINT -97.429722416 37.652147406 0.000000000 -97.429722416 37.652147406
POLYGON_POINT -97.429779010 37.651989702 0.000000000 -97.429779010 37.651989702
POLYGON_POINT -97.429841382 37.652002726 0.000000000 -97.429841382 37.652002726
POLYGON_POINT -97.429884658 37.651891751 0.000000000 -97.429884658 37.651891751
POLYGON_POINT -97.429819206 37.651879467 0.000000000 -97.429819206 37.651879467
POLYGON_POINT -97.429870038 37.651730612 0.000000000 -97.429870038 37.651730612
POLYGON_POINT -97.429931808 37.651746679 0.000000000 -97.429931808 37.651746679
POLYGON_POINT -97.429969013 37.651645630 0.000000000 -97.429969013 37.651645630
POLYGON_POINT -97.429907918 37.651633194 0.000000000 -97.429907918 37.651633194
POLYGON_POINT -97.429941690 37.651536659 0.000000000 -97.429941690 37.651536659
POLYGON_POINT -97.430004726 37.651550332 0.000000000 -97.430004726 37.651550332
POLYGON_POINT -97.430040238 37.651447867 0.000000000 -97.430040238 37.651447867
POLYGON_POINT -97.429979501 37.651434390 0.000000000 -97.429979501 37.651434390
POLYGON_POINT -97.429989667 37.651399823 0.000000000 -97.429989667 37.651399823
POLYGON_POINT -97.430051976 37.651415497 0.000000000 -97.430051976 37.651415497
POLYGON_POINT -97.430080128 37.651336324 0.000000000 -97.430080128 37.651336324
POLYGON_POINT -97.430108280 37.651257151 0.000000000 -97.430108280 37.651257151
POLYGON_POINT -97.430136432 37.651177978 0.000000000 -97.430136432 37.651177978
POLYGON_POINT -97.430164584 37.651098805 0.000000000 -97.430164584 37.651098805
POLYGON_POINT -97.429930618 37.651052495 0.000000000 -97.429930618 37.651052495
POLYGON_POINT -97.429902615 37.651130289 0.000000000 -97.429902615 37.651130289
POLYGON_POINT -97.429874612 37.651208083 0.000000000 -97.429874612 37.651208083
POLYGON_POINT -97.429846609 37.651285877 0.000000000 -97.429846609 37.651285877
POLYGON_POINT -97.429818606 37.651363671 0.000000000 -97.429818606 37.651363671
POLYGON_POINT -97.429914603 37.651384938 0.000000000 -97.429914603 37.651384938
POLYGON_POINT -97.429883268 37.651466532 0.000000000 -97.429883268 37.651466532
POLYGON_POINT -97.429787668 37.651448260 0.000000000 -97.429787668 37.651448260
POLYGON_POINT -97.429760759 37.651524853 0.000000000 -97.429760759 37.651524853
POLYGON_POINT -97.429733850 37.651601446 0.000000000 -97.429733850 37.651601446
POLYGON_POINT -97.429832437 37.651618695 0.000000000 -97.429832437 37.651618695
POLYGON_POINT -97.429760533 37.651814092 0.000000000 -97.429760533 37.651814092
POLYGON_POINT -97.429665410 37.651793775 0.000000000 -97.429665410 37.651793775
POLYGON_POINT -97.429637655 37.651871352 0.000000000 -97.429637655 37.651871352
POLYGON_POINT -97.429609900 37.651948929 0.000000000 -97.429609900 37.651948929
POLYGON_POINT -97.429704646 37.651969535 0.000000000 -97.429704646 37.651969535
POLYGON_POINT -97.429669279 37.652071760 0.000000000 -97.429669279 37.652071760
POLYGON_POINT -97.429630865 37.652128505 0.000000000 -97.429598617 37.652151783
POLYGON_POINT -97.429571312 37.652151816 0.000000000 -97.429571312 37.652151816
POLYGON_POINT -97.428074513 37.652253973 0.000000000 -97.428074513 37.652253973
POLYGON_POINT -97.427943160 37.652255155 0.000000000 -97.427912869 37.652244981
POLYGON_POINT -97.427880469 37.652196065 0.000000000 -97.427880469 37.652196065
POLYGON_POINT -97.427959579 37.652162975 0.000000000 -97.427959579 37.652162975
POLYGON_POINT -97.427917785 37.652092068 0.000000000 -97.427917785 37.652092068
POLYGON_POINT -97.427875991 37.652021160 0.000000000 -97.427875991 37.652021160
POLYGON_POINT -97.427801359 37.652045978 0.000000000 -97.427801359 37.652045978
POLYGON_POINT -97.427723741 37.651910072 0.000000000 -97.427723741 37.651910072
POLYGON_POINT -97.427795388 37.651884072 0.000000000 -97.427795388 37.651884072
POLYGON_POINT -97.427760311 37.651824687 0.000000000 -97.427760311 37.651824687
POLYGON_POINT -97.427655078 37.651646532 0.000000000 -97.427655078 37.651646532
POLYGON_POINT -97.427580446 37.651670168 0.000000000 -97.427580446 37.651670168
POLYGON_POINT -97.427502829 37.651540171 0.000000000 -97.427502829 37.651540171
POLYGON_POINT -97.427572983 37.651512990 0.000000000 -97.427572983 37.651512990
POLYGON_POINT -97.427531189 37.651442082 0.000000000 -97.427531189 37.651442082
POLYGON_POINT -97.427405808 37.651229360 0.000000000 -97.427405808 37.651229360
POLYGON_POINT -97.427184898 37.651302631 0.000000000 -97.427184898 37.651302631
POLYGON_POINT -97.427299830 37.651497626 0.000000000 -97.427299830 37.651497626
POLYGON_POINT -97.427378940 37.651470445 0.000000000 -97.427378940 37.651470445
POLYGON_POINT -97.427484919 37.651652441 0.000000000 -97.427484919 37.651652441
POLYGON_POINT -97.427408794 37.651680804 0.000000000 -97.427408794 37.651680804
POLYGON_POINT -97.427522235 37.651869891 0.000000000 -97.427522235 37.651869891
POLYGON_POINT -97.427599853 37.651843891 0.000000000 -97.427599853 37.651843891
POLYGON_POINT -97.427701353 37.652024705 0.000000000 -97.427701353 37.652024705
POLYGON_POINT -97.427629705 37.652054250 0.000000000 -97.427629705 37.652054250
POLYGON_POINT -97.427743146 37.652242155 0.000000000 -97.427743146 37.652242155
POLYGON_POINT -97.427823750 37.652223246 0.000000000 -97.427823750 37.652223246
POLYGON_POINT -97.427911296 37.652305457 0.000000000 -97.427943422 37.652317811
POLYGON_POINT -97.428020780 37.652313063 0.000000000 -97.428020780 37.652313063
POLYGON_POINT -97.428503936 37.652284227 0.000000000 -97.428503936 37.652284227
POLYGON_POINT -97.428565799 37.652294644 0.000000000 -97.428587798 37.652310260
POLYGON_POINT -97.428588553 37.652342814 1.000000000 -97.428588553 37.652342814
POLYGON_POINT -97.428597244 37.652424743 0.000000000 -97.428597244 37.652424743
END_WINDING
END_POLYGON
BEGIN_POLYGON 9 3 3
BEGIN_WINDING
POLYGON_POINT -97.439972627 37.667760139 0.000000000
POLYGON_POINT -97.439972627 37.667376344 0.000000000
POLYGON_POINT -97.438894439 37.667387801 1.000000000
POLYGON_POINT -97.438887203 37.667187311 1.000000000
POLYGON_POINT -97.438279365 37.667187311 0.000000000
POLYGON_POINT -97.438272129 37.667754411 1.000000000
END_WINDING
END_POLYGON
BEGIN_POLYGON 10 3 3
BEGIN_WINDING
POLYGON_POINT -97.437009092 37.665465587 1.000000000
POLYGON_POINT -97.436158984 37.665473412 0.000000000
POLYGON_POINT -97.436149099 37.665993774 1.000000000
POLYGON_POINT -97.437014035 37.665978124 0.000000000
END_WINDING
END_POLYGON
BEGIN_POLYGON 9 3 3
BEGIN_WINDING
POLYGON_POINT -97.437025660 37.666030438 1.000000000
POLYGON_POINT -97.435773218 37.666054488 0.000000000
POLYGON_POINT -97.435790098 37.666615668 1.000000000
POLYGON_POINT -97.437029035 37.666621012 0.000000000
END_WINDING
END_POLYGON
BEGIN_POLYGON 10 3 3
BEGIN_WINDING
POLYGON_POINT -97.437042539 37.666675506 1.000000000
POLYGON_POINT -97.435800225 37.666677130 0.000000000
POLYGON_POINT -97.435806977 37.666981771 0.000000000
POLYGON_POINT -97.436191824 37.666979099 0.000000000
POLYGON_POINT -97.436198576 37.667216932 1.000000000
POLYGON_POINT -97.437052666 37.667216932 0.000000000
END_WINDING
END_POLYGON
BEGIN_POLYGON 9 3 3
BEGIN_WINDING
POLYGON_POINT -97.436203761 37.667859904 0.000000000
POLYGON_POINT -97.436863619 37.667850263 0.000000000
POLYGON_POINT -97.436866995 37.667540278 0.000000000
POLYGON_POINT -97.437059418 37.667529589 0.000000000
POLYGON_POINT -97.437052666 37.667275722 1.000000000
POLYGON_POINT -97.436195200 37.667283739 0.000000000
END_WINDING
END_POLYGON
BEGIN_POLYGON 11 3 3
BEGIN_WINDING
POLYGON_POINT -97.415583326 37.658109114 0.000000000
POLYGON_POINT -97.415483089 37.658143408 0.000000000
POLYGON_POINT -97.414560279 37.657873658 0.000000000
POLYGON_POINT -97.414496646 37.657811779 0.000000000
END_WINDING
END_POLYGON
BEGIN_POLYGON 11 3 3
BEGIN_WINDING
POLYGON_POINT -97.439847161 37.666875156 0.000000000
POLYGON_POINT -97.439830624 37.666406781 0.000000000
POLYGON_POINT -97.437994715 37.666411433 0.000000000
POLYGON_POINT -97.437988214 37.665744489 0.000000000
END_WINDING
END_POLYGON
BEGIN_POLYGON 9 3 3
BEGIN_WINDING
POLYGON_POINT -97.422489763 37.662365949 0.000000000
POLYGON_POINT -97.422350991 37.662324481 1.000000000
POLYGON_POINT -97.422309519 37.662418105 1.000000000
POLYGON_POINT -97.422058512 37.662340635 1.000000000
POLYGON_POINT -97.422100024 37.662255813 0.000000000
POLYGON_POINT -97.421578347 37.662105066 0.000000000
POLYGON_POINT -97.421493958 37.662308327 0.000000000
POLYGON_POINT -97.422397943 37.662571223 0.000000000
END_WINDING
END_POLYGON
BEGIN_POLYGON 2 3 3
BEGIN_WINDING
POLYGON_POINT -97.422914211 37.661651372 2.000000000
POLYGON_POINT -97.422721102 37.661594753 3.000000000
POLYGON_POINT -97.422640043 37.661758949 0.000000000
POLYGON_POINT -97.422725870 37.661781597 1.000000000
POLYGON_POINT -97.422647195 37.661945794 0.000000000
POLYGON_POINT -97.422568521 37.661921259 3.000000000
POLYGON_POINT -97.422489846 37.662083568 2.000000000
POLYGON_POINT -97.422687724 37.662142075 0.000000000
END_WINDING
END_POLYGON
BEGIN_POLYGON 10 3 3
BEGIN_WINDING
POLYGON_POINT -97.425527647 37.656252693 0.000000000
POLYGON_POINT -97.425452266 37.656226407 0.000000000
POLYGON_POINT -97.425619628 37.655884540 1.000000000
POLYGON_POINT -97.425334735 37.655794530 0.000000000
POLYGON_POINT -97.425107474 37.656234271 0.000000000
POLYGON_POINT -97.424957894 37.656191701 1.000000000
POLYGON_POINT -97.424914344 37.656285461 0.000000000
POLYGON_POINT -97.425028054 37.656321511 0.000000000
POLYGON_POINT -97.424791798 37.656831218 1.000000000
POLYGON_POINT -97.425205713 37.656952587 0.000000000
END_WINDING
END_POLYGON
BEGIN_POLYGON 7 3 3
BEGIN_WINDING
POLYGON_POINT -97.417745462 37.641471565 0.000000000
POLYGON_POINT -97.417262077 37.641461875 0.000000000
POLYGON_POINT -97.417274315 37.642808837 0.000000000
POLYGON_POINT -97.417745462 37.642808837 0.000000000
END_WINDING
END_POLYGON
BEGIN_POLYGON 6 3 3
BEGIN_WINDING
POLYGON_POINT -97.417739343 37.643346653 0.000000000
POLYGON_POINT -97.417188651 37.643336962 0.000000000
POLYGON_POINT -97.417182533 37.644402903 0.000000000
POLYGON_POINT -97.417745462 37.644402903 0.000000000
END_WINDING
END_POLYGON
BEGIN_POLYGON 0 8 3
BEGIN_WINDING
POLYGON_POINT -97.419462784 37.642611531 0.000000000
POLYGON_POINT -97.419474007 37.641981554 1.000000000
POLYGON_POINT -97.419319889 37.641980862 0.000000000
POLYGON_POINT -97.419079589 37.641979782 0.000000000
POLYGON_POINT -97.419077240 37.642235114 1.000000000
POLYGON_POINT -97.419076256 37.642341989 0.000000000
POLYGON_POINT -97.419073760 37.642613303 0.000000000
END_WINDING
END_POLYGON
BEGIN_POLYGON 2 3 3
BEGIN_WINDING
POLYGON_POINT -97.419032784 37.645602517 0.000000000
POLYGON_POINT -97.418170176 37.645602645 0.000000000
POLYGON_POINT -97.418167519 37.645871106 0.000000000
POLYGON_POINT -97.419029805 37.645871361 0.000000000
END_WINDING
END_POLYGON
BEGIN_POLYGON 10 3 3
BEGIN_WINDING
POLYGON_POINT -97.419599620 37.644592968 0.000000000
POLYGON_POINT -97.419609969 37.643200380 0.000000000
POLYGON_POINT -97.419272077 37.643196189 0.000000000
POLYGON_POINT -97.419254189 37.644589914 0.000000000
END_WINDING
END_POLYGON
BEGIN_POLYGON 10 3 3
BEGIN_WINDING
POLYGON_POINT -97.419879584 37.646743375 0.000000000
POLYGON_POINT -97.419884876 37.646207704 0.000000000
POLYGON_POINT -97.419546984 37.646203514 0.000000000
POLYGON_POINT -97.419534153 37.646740321 0.000000000
END_WINDING
END_POLYGON
BEGIN_POLYGON 9 3 3
BEGIN_WINDING
POLYGON_POINT -97.415796373 37.647051917 0.000000000
POLYGON_POINT -97.415801936 37.646743587 0.000000000
POLYGON_POINT -97.414288867 37.646739182 0.000000000
POLYGON_POINT -97.414311118 37.647051917 0.000000000
END_WINDING
END_POLYGON
BEGIN_POLYGON 2 3 3
BEGIN_WINDING
POLYGON_POINT -97.415554766 37.645537219 0.000000000
POLYGON_POINT -97.415552925 37.646250977 0.000000000
POLYGON_POINT -97.416402498 37.646249519 0.000000000
POLYGON_POINT -97.416406220 37.645534303 0.000000000
END_WINDING
END_POLYGON
BEGIN_POLYGON 0 3 3
BEGIN_WINDING
POLYGON_POINT -97.423751304 37.640999134 0.000000000
POLYGON_POINT -97.423752994 37.640525902 0.000000000
POLYGON_POINT -97.423031223 37.640524286 0.000000000
POLYGON_POINT -97.423032114 37.640413119 1.000000000
POLYGON_POINT -97.423032223 37.640243987 0.000000000
POLYGON_POINT -97.422716556 37.640249495 0.000000000
POLYGON_POINT -97.422718488 37.640987825 0.000000000
POLYGON_POINT -97.423002023 37.640989572 1.000000000
POLYGON_POINT -97.423190521 37.640991978 0.000000000
END_WINDING
END_POLYGON
BEGIN_POLYGON 0 3 3
BEGIN_WINDING
POLYGON_POINT -97.413939671 37.645306831 0.000000000
POLYGON_POINT -97.413939671 37.645780065 0.000000000
POLYGON_POINT -97.414661445 37.645780065 0.000000000
POLYGON_POINT -97.414668953 37.645893025 1.000000000
POLYGON_POINT -97.414661445 37.646060365 0.000000000
POLYGON_POINT -97.415328051 37.646067645 0.000000000
POLYGON_POINT -97.415323454 37.645321392 0.000000000
POLYGON_POINT -97.414688984 37.645314716 1.000000000
POLYGON_POINT -97.414500478 37.645312732 0.000000000
END_WINDING
END_POLYGON
BEGIN_POLYGON 1 3 3
BEGIN_WINDING
POLYGON_POINT -97.416751109 37.641626934 0.000000000
POLYGON_POINT -97.416767292 37.640590702 0.000000000
POLYGON_POINT -97.413432623 37.640574282 0.000000000
POLYGON_POINT -97.413453819 37.641606769 0.000000000
END_WINDING
END_POLYGON
BEGIN_POLYGON 3 8 3
BEGIN_WINDING
POLYGON_POINT -97.413704750 37.641740567 0.000000000
POLYGON_POINT -97.413711481 37.642721232 0.000000000
POLYGON_POINT -97.414626855 37.642721232 0.000000000
POLYGON_POINT -97.414620125 37.645071633 0.000000000
POLYGON_POINT -97.416695244 37.645070307 0.000000000
POLYGON_POINT -97.416735628 37.643103646 0.000000000
POLYGON_POINT -97.416053762 37.643110301 0.000000000
POLYGON_POINT -97.416067224 37.642204251 0.000000000
POLYGON_POINT -97.416511450 37.642204251 0.000000000
POLYGON_POINT -97.416538372 37.641841831 0.000000000
POLYGON_POINT -97.416141261 37.641852490 0.000000000
POLYGON_POINT -97.416141261 37.641745896 0.000000000
END_WINDING
END_POLYGON
BEGIN_POLYGON 1 3 3
BEGIN_WINDING
POLYGON_POINT -97.424780860 37.638563978 0.000000000
POLYGON_POINT -97.422546756 37.638565461 0.000000000
POLYGON_POINT -97.422561437 37.639679863 0.000000000
POLYGON_POINT -97.424265636 37.639679023 0.000000000
END_WINDING
END_POLYGON
BEGIN_POLYGON 1 3 3
BEGIN_WINDING
POLYGON_POINT -97.422442116 37.638577765 0.000000000
POLYGON_POINT -97.421295735 37.638578358 0.000000000
POLYGON_POINT -97.421291859 37.639430598 0.000000000
POLYGON_POINT -97.422474551 37.639422695 0.000000000
END_WINDING
END_POLYGON
BEGIN_POLYGON 1 3 3
BEGIN_WINDING
POLYGON_POINT -97.421185206 37.638573966 0.000000000
POLYGON_POINT -97.420007085 37.638580619 0.000000000
POLYGON_POINT -97.420003208 37.639432859 0.000000000
POLYGON_POINT -97.421169460 37.639426406 0.000000000
END_WINDING
END_POLYGON
BEGIN_POLYGON 2 8 3
BEGIN_WINDING
POLYGON_POINT -97.416585611 37.654920184 0.000000000
POLYGON_POINT -97.415811618 37.654697585 0.000000000
POLYGON_POINT -97.415366258 37.655685261 0.000000000
POLYGON_POINT -97.415398453 37.655778718 0.000000000
POLYGON_POINT -97.415438696 37.655806331 0.000000000
POLYGON_POINT -97.415084169 37.656568611 0.000000000
POLYGON_POINT -97.415937325 37.656819247 0.000000000
POLYGON_POINT -97.416315989 37.655976253 0.000000000
POLYGON_POINT -97.416265015 37.655955013 0.000000000
POLYGON_POINT -97.416341958 37.655769236 0.000000000
POLYGON_POINT -97.416297209 37.655678889 0.000000000
POLYGON_POINT -97.416337452 37.655576935 0.000000000
POLYGON_POINT -97.416385743 37.655583307 0.000000000
POLYGON_POINT -97.416608688 37.655025748 0.000000000
POLYGON_POINT -97.416545373 37.655005145 0.000000000
END_WINDING
END_POLYGON
BEGIN_POLYGON 0 6 3
BEGIN_WINDING
POLYGON_POINT -97.416540948 37.654897943 0.000000000
POLYGON_POINT -97.416612124 37.654769654 0.000000000
POLYGON_POINT -97.416595466 37.654698915 0.000000000
POLYGON_POINT -97.416524290 37.654677334 1.000000000
POLYGON_POINT -97.416653574 37.654409041 0.000000000
POLYGON_POINT -97.416731461 37.654425933 0.000000000
POLYGON_POINT -97.416793850 37.654405170 0.000000000
POLYGON_POINT -97.416866541 37.654261294 0.000000000
POLYGON_POINT -97.416179010 37.654067063 0.000000000
POLYGON_POINT -97.416148722 37.654143796 0.000000000
POLYGON_POINT -97.416243727 37.654175663 1.000000000
POLYGON_POINT -97.416027170 37.654643258 0.000000000
POLYGON_POINT -97.415944280 37.654623381 0.000000000
POLYGON_POINT -97.415897335 37.654721696 0.000000000
END_WINDING
END_POLYGON
BEGIN_POLYGON 3 8 3
BEGIN_WINDING
POLYGON_POINT -97.417013496 37.652381591 0.000000000
POLYGON_POINT -97.416746636 37.652985092 0.000000000
POLYGON_POINT -97.416693075 37.652973784 0.000000000
POLYGON_POINT -97.416560957 37.653038807 0.000000000
POLYGON_POINT -97.416091052 37.654039879 0.000000000
POLYGON_POINT -97.416978735 37.654291773 0.000000000
POLYGON_POINT -97.417320458 37.653595178 0.000000000
POLYGON_POINT -97.417446149 37.653560970 0.000000000
POLYGON_POINT -97.417870344 37.652612482 0.000000000
POLYGON_POINT -97.417793701 37.652593905 0.000000000
END_WINDING
END_POLYGON
BEGIN_POLYGON 11 3 3
BEGIN_WINDING
POLYGON_POINT -97.429646077 37.652233777 0.000000000
POLYGON_POINT -97.429373241 37.652485120 0.000000000
POLYGON_POINT -97.429544382 37.652742370 0.000000000
POLYGON_POINT -97.430076703 37.652959277 0.000000000
POLYGON_POINT -97.430535034 37.652890759 0.000000000
END_WINDING
END_POLYGON
BEGIN_POLYGON 12 3 3
BEGIN_WINDING
POLYGON_POINT -97.418860603 37.664392154 0.000000000
POLYGON_POINT -97.419642395 37.664637571 0.000000000
POLYGON_POINT -97.419409879 37.665155082 0.000000000
POLYGON_POINT -97.419773817 37.665283126 0.000000000
POLYGON_POINT -97.420471364 37.665365821 0.000000000
POLYGON_POINT -97.420518541 37.665203099 0.000000000
POLYGON_POINT -97.420983573 37.665253783 0.000000000
POLYGON_POINT -97.421003792 37.665107066 0.000000000
POLYGON_POINT -97.421212713 37.664826970 0.000000000
POLYGON_POINT -97.421984390 37.663863973 0.000000000
POLYGON_POINT -97.423045838 37.661561850 0.000000000
POLYGON_POINT -97.422739195 37.661489825 0.000000000
POLYGON_POINT -97.423096365 37.660654872 0.000000000
POLYGON_POINT -97.423413109 37.660750905 0.000000000
POLYGON_POINT -97.423520937 37.660502820 0.000000000
POLYGON_POINT -97.423221041 37.660417458 0.000000000
POLYGON_POINT -97.423435261 37.659913668 0.000000000
POLYGON_POINT -97.423780388 37.660022656 0.000000000
POLYGON_POINT -97.424235194 37.659150562 0.000000000
POLYGON_POINT -97.425162014 37.657183952 0.000000000
END_WINDING
END_POLYGON
FILTER -1
OBJECT_DEF lib/g10/streetlights/AreaFloodMed.obj
OBJECT_DEF lib/g10/streetlights/AreaFloodHighMast.obj
OBJECT_DEF lib/g10/streetlights/AreaFloodLrg.obj
OBJECT_DEF lib/g10/global_objects/rooftop_helipad_5.obj
OBJECT_DEF lib/airport/Modern_Airports/Control_Towers/Modern_Tower_2.agp
OBJECT_DEF lib/airport/Common_Elements/Hangars/Long_Row_Green.agp
OBJECT_DEF lib/airport/Common_Elements/Hangars/Long_Row_Beige.agp
OBJECT_DEF lib/airport/Common_Elements/Hangars/Med_Orange_Hangar.agp
OBJECT_DEF lib/airport/Common_Elements/Hangars/Med_Gray_Hangar.agp
OBJECT_DEF lib/airport/Common_Elements/Hangars/Med_Blue_Hangar.agp
OBJECT_DEF lib/airport/Common_Elements/Hangars/Sm_Brown_Hangar.agp
OBJECT_DEF lib/airport/Common_Elements/Hangars/Sm_Blue_Hangar.agp
OBJECT_DEF lib/airport/landscape/radar.obj
OBJECT_DEF lib/airport/Common_Elements/Hangars/FBO_Modern1.agp
OBJECT_DEF lib/airport/Vintage_Airports/Hangars/Lg_Open_Ends.obj
OBJECT_DEF lib/airport/Ramp_Equipment/Jetway_400cm.obj
OBJECT_DEF lib/airport/Ramp_Equipment/Ramp_Group_Medium.agp
POLYGON_DEF lib/airport/Common_Elements/Misc_Buildings/White_Office.fac
POLYGON_DEF lib/airport/Common_Elements/Fence_Facades/Fenced_Parking.fac
POLYGON_DEF lib/airport/Common_Elements/Misc_Buildings/White_Warehouse.fac
POLYGON_DEF lib/airport/Common_Elements/Misc_Buildings/Blue_Warehouse.fac
POLYGON_DEF lib/airport/Common_Elements/Misc_Buildings/Cargo_Terminal.fac
POLYGON_DEF lib/airport/Classic_Airports/Facades/Garage_1.fac
POLYGON_DEF lib/airport/Modern_Airports/Facades/modern1.fac
POLYGON_DEF lib/airport/Modern_Airports/Facades/modern3.fac
POLYGON_DEF lib/airport/Classic_Airports/Facades/classic2.fac
POLYGON_DEF lib/airport/Common_Elements/Hangars/Blue_Hangar.fac
POLYGON_DEF lib/airport/Common_Elements/Hangars/White_Hangar.fac
POLYGON_DEF lib/airport/Ramp_Equipment/Jet_Blast_Shield.fac
POLYGON_DEF lib/airport/Common_Elements/Fence_Facades/Fence.fac
PROPERTY sim/filter/aptid KICT
PROPERTY sim/exclude_obj -97.431047/37.661244/-97.429127/37.663037
PROPERTY sim/exclude_fac -97.431047/37.661244/-97.429127/37.663037
PROPERTY sim/exclude_for -97.431047/37.661244/-97.429127/37.663037
PROPERTY sim/exclude_bch -97.431047/37.661244/-97.429127/37.663037
PROPERTY sim/exclude_lin -97.431047/37.661244/-97.429127/37.663037
PROPERTY sim/exclude_pol -97.431047/37.661244/-97.429127/37.663037
PROPERTY sim/exclude_str -97.431047/37.661244/-97.429127/37.663037
PROPERTY sim/exclude_obj -97.430585/37.661933/-97.428310/37.663967
PROPERTY sim/exclude_fac -97.430585/37.661933/-97.428310/37.663967
PROPERTY sim/exclude_for -97.430585/37.661933/-97.428310/37.663967
PROPERTY sim/exclude_bch -97.430585/37.661933/-97.428310/37.663967
PROPERTY sim/exclude_lin -97.430585/37.661933/-97.428310/37.663967
PROPERTY sim/exclude_pol -97.430585/37.661933/-97.428310/37.663967
PROPERTY sim/exclude_str -97.430585/37.661933/-97.428310/37.663967
PROPERTY sim/require_agpoint 1/0
PROPERTY sim/require_object 1/0
PROPERTY sim/require_facade 1/0
