PROPERTY sim/west -180
PROPERTY sim/east 180
PROPERTY sim/north 90
PROPERTY sim/south -90
PROPERTY sim/planet earth
PROPERTY sim/creation_agent WorldEditor1.7.1r2
PROPERTY laminar/internal_revision 0
PROPERTY sim/overlay 1
FILTER 0
BEGIN_POLYGON 0 0 2
BEGIN_WINDING
POLYGON_POINT -79.091586264 40.630903051
POLYGON_POINT -79.091700992 40.630873485
END_WINDING
END_POLYGON
BEGIN_POLYGON 0 0 2
BEGIN_WINDING
POLYGON_POINT -79.101837176 40.631822901
POLYGON_POINT -79.101919654 40.631798826
END_WINDING
END_POLYGON
BEGIN_POLYGON 0 0 2
BEGIN_WINDING
POLYGON_POINT -79.101769502 40.631792406
POLYGON_POINT -79.101837176 40.631822901
END_WINDING
END_POLYGON
BEGIN_POLYGON 0 0 2
BEGIN_WINDING
POLYGON_POINT -79.111190221 40.632595816
POLYGON_POINT -79.111278340 40.632604732
END_WINDING
END_POLYGON
BEGIN_POLYGON 0 0 2
BEGIN_WINDING
POLYGON_POINT -79.111132945 40.632579097
POLYGON_POINT -79.111190221 40.632595816
END_WINDING
END_POLYGON
BEGIN_POLYGON 1 0 4
BEGIN_WINDING
POLYGON_POINT -79.103190431 40.635747479 -79.103190431 40.635747479
POLYGON_POINT -79.103164542 40.635684329 -79.103162693 40.635675207
POLYGON_POINT -79.103179336 40.635620477 -79.103183959 40.635612759
POLYGON_POINT -79.103562128 40.635058440 -79.103562128 40.635058440
POLYGON_POINT -79.103637946 40.634951787 -79.103646267 40.634941964
POLYGON_POINT -79.103706368 40.634756723 -79.103709142 40.634746198
POLYGON_POINT -79.103717465 40.634586919 -79.103717465 40.634586919
POLYGON_POINT -79.103765546 40.634025585 -79.103765546 40.634025585
POLYGON_POINT -79.103784963 40.633661419 -79.103787737 40.633653701
POLYGON_POINT -79.103898689 40.633510560 -79.103996696 40.633446708
POLYGON_POINT -79.104108571 40.633455830 -79.104130761 40.633455128
POLYGON_POINT -79.104453443 40.633483897 -79.104453443 40.633483897
POLYGON_POINT -79.105659111 40.633586340 -79.105659111 40.633586340
POLYGON_POINT -79.105668357 40.633513367 -79.105668357 40.633513367
POLYGON_POINT -79.105385432 40.633494422 -79.105385432 40.633494422
POLYGON_POINT -79.104760408 40.633443200 -79.104760408 40.633443200
POLYGON_POINT -79.104125213 40.633388470 -79.104125213 40.633388470
POLYGON_POINT -79.103957862 40.633390575 -79.103924577 40.633400398
POLYGON_POINT -79.103830269 40.633446708 -79.103809003 40.633459338
POLYGON_POINT -79.103713769 40.633555467 -79.103698975 40.633578622
POLYGON_POINT -79.103683257 40.633661419 -79.103682332 40.633668436
POLYGON_POINT -79.103645669 40.634265712 -79.103645669 40.634265712
POLYGON_POINT -79.103640764 40.634321207 -79.103640764 40.634321207
POLYGON_POINT -79.103614581 40.634516562 -79.103614581 40.634516562
POLYGON_POINT -79.103598479 40.634744500 -79.103598479 40.634744500
POLYGON_POINT -79.103570601 40.634836334 -79.103570601 40.634836334
POLYGON_POINT -79.103532076 40.634929889 -79.103520056 40.634950237
POLYGON_POINT -79.103452713 40.634997133 -79.103427748 40.635006956
POLYGON_POINT -79.103351005 40.635011166 -79.103332513 40.635008359
POLYGON_POINT -79.103222176 40.634964973 -79.103222176 40.634964973
POLYGON_POINT -79.103159302 40.634943806 -79.103135262 40.634941701
POLYGON_POINT -79.103109835 40.634945677 -79.103099664 40.634947080
POLYGON_POINT -79.102974995 40.634931644 -79.102974995 40.634931644
POLYGON_POINT -79.102979002 40.634903226 -79.102979002 40.634903226
POLYGON_POINT -79.102807794 40.634891181 -79.102807794 40.634891181
POLYGON_POINT -79.102798548 40.634932228 -79.102798548 40.634932228
POLYGON_POINT -79.102815499 40.634944508 -79.102818273 40.634951525
POLYGON_POINT -79.102820122 40.634971990 -79.102814574 40.634984620
POLYGON_POINT -79.102791613 40.634994794 -79.102791613 40.634994794
POLYGON_POINT -79.102730742 40.635025784 -79.102730742 40.635025784
POLYGON_POINT -79.102690676 40.635301189 -79.102690676 40.635301189
POLYGON_POINT -79.102849401 40.635312883 -79.102849401 40.635312883
POLYGON_POINT -79.102911813 40.635042156 -79.102911813 40.635042156
POLYGON_POINT -79.102964208 40.635018767 -79.102964208 40.635018767
POLYGON_POINT -79.103067457 40.635013505 -79.103067457 40.635013505
POLYGON_POINT -79.103226182 40.635051512 -79.103226182 40.635051512
POLYGON_POINT -79.103347153 40.635157932 -79.103347153 40.635157932
POLYGON_POINT -79.103322497 40.635240378 -79.103322497 40.635240378
POLYGON_POINT -79.103132180 40.635519291 -79.103121085 40.635527009
POLYGON_POINT -79.103055128 40.635528062 -79.103034786 40.635525957
POLYGON_POINT -79.102951416 40.635502568 -79.102951416 40.635502568
POLYGON_POINT -79.102686821 40.635402346 -79.102686821 40.635402346
POLYGON_POINT -79.102237493 40.635231601 -79.102237493 40.635231601
POLYGON_POINT -79.102078951 40.635165569 -79.102078951 40.635165569
POLYGON_POINT -79.102051082 40.635147710 -79.102047384 40.635142798
POLYGON_POINT -79.102037457 40.635124916 -79.102037457 40.635124916
POLYGON_POINT -79.101980172 40.635210687 -79.101980172 40.635210687
POLYGON_POINT -79.102011230 40.635201550 -79.102031572 40.635197340
POLYGON_POINT -79.102053837 40.635207612 -79.102053837 40.635207612
POLYGON_POINT -79.102499870 40.635380391 -79.102499870 40.635380391
POLYGON_POINT -79.102850041 40.635512754 -79.102850041 40.635512754
POLYGON_POINT -79.102979191 40.635565295 -79.102979191 40.635565295
POLYGON_POINT -79.103053753 40.635606721 -79.103053753 40.635611633
POLYGON_POINT -79.103048427 40.635646127 -79.103040105 40.635655249
POLYGON_POINT -79.102990841 40.635666419 -79.102990841 40.635666419
END_WINDING
END_POLYGON
BEGIN_POLYGON 1 0 4
BEGIN_WINDING
POLYGON_POINT -79.102690532 40.634896014 -79.102690532 40.634896014
POLYGON_POINT -79.102479413 40.634879057 -79.102479413 40.634879057
POLYGON_POINT -79.102484036 40.634839296 -79.102484036 40.634839296
POLYGON_POINT -79.102464002 40.634837542 -79.102464002 40.634837542
POLYGON_POINT -79.102453215 40.634896599 -79.102453215 40.634896599
POLYGON_POINT -79.102263670 40.634883735 -79.102263670 40.634883735
POLYGON_POINT -79.102269834 40.634822339 -79.102269834 40.634822339
POLYGON_POINT -79.102464002 40.634837542 -79.102464002 40.634837542
POLYGON_POINT -79.102466314 40.634824093 -79.102466314 40.634824093
POLYGON_POINT -79.102363066 40.634815907 -79.102363066 40.634815907
POLYGON_POINT -79.102264440 40.634808891 -79.102264440 40.634808891
POLYGON_POINT -79.102123437 40.634796027 -79.102123437 40.634796027
POLYGON_POINT -79.101979352 40.634783747 -79.101979352 40.634783747
POLYGON_POINT -79.101972417 40.634789010 -79.101970105 40.634791934
POLYGON_POINT -79.101964712 40.634846898 -79.101956236 40.634851576
POLYGON_POINT -79.101942367 40.634859762 -79.101932350 40.634863855
POLYGON_POINT -79.101913990 40.634857526 -79.101908596 40.634855187
POLYGON_POINT -79.101880548 40.634843897 -79.101880548 40.634843897
POLYGON_POINT -79.101854228 40.634831208 -79.101854228 40.634831208
POLYGON_POINT -79.101822333 40.634810999 -79.101822333 40.634810999
POLYGON_POINT -79.101803135 40.634786090 -79.101800823 40.634775565
POLYGON_POINT -79.101804683 40.634760946 -79.101804683 40.634760946
POLYGON_POINT -79.101809638 40.634714889 -79.101809638 40.634714889
POLYGON_POINT -79.101813353 40.634697500 -79.101813353 40.634697500
POLYGON_POINT -79.101817689 40.634687160 -79.101822312 40.634683067
POLYGON_POINT -79.101832242 40.634681051 -79.101832242 40.634681051
POLYGON_POINT -79.101751423 40.634676351 -79.101751423 40.634676351
POLYGON_POINT -79.101729277 40.634717600 -79.101726195 40.634726371
POLYGON_POINT -79.101723391 40.634758205 -79.101726473 40.634769315
POLYGON_POINT -79.101737303 40.634790690 -79.101737303 40.634790690
POLYGON_POINT -79.101592833 40.634732624 -79.101592833 40.634732624
POLYGON_POINT -79.101529223 40.634704914 -79.101529223 40.634704914
POLYGON_POINT -79.101478862 40.634680648 -79.101478862 40.634680648
POLYGON_POINT -79.101409837 40.634643291 -79.101404443 40.634638613
POLYGON_POINT -79.101210789 40.634475995 -79.101210018 40.634471317
POLYGON_POINT -79.101206509 40.634430110 -79.101206509 40.634421924
POLYGON_POINT -79.101217745 40.634386256 -79.101220827 40.634382748
POLYGON_POINT -79.101239903 40.634353658 -79.101239903 40.634353658
POLYGON_POINT -79.101196810 40.634323305 -79.101196810 40.634323305
POLYGON_POINT -79.101145976 40.634361687 -79.101138271 40.634365195
POLYGON_POINT -79.101112907 40.634372370 -79.101099808 40.634374709
POLYGON_POINT -79.101064680 40.634371192 -79.101064680 40.634371192
POLYGON_POINT -79.101000261 40.634364209 -79.100997960 40.634364209
POLYGON_POINT -79.100878325 40.634351987 -79.100878325 40.634351987
POLYGON_POINT -79.100740284 40.634338019 -79.100719480 40.634333926
POLYGON_POINT -79.100662061 40.634318813 -79.100662061 40.634318813
POLYGON_POINT -79.100606845 40.634292624 -79.100591435 40.634283853
POLYGON_POINT -79.100560831 40.634259450 -79.100554667 40.634250679
POLYGON_POINT -79.100537824 40.634194849 -79.100537053 40.634187248
POLYGON_POINT -79.100544726 40.634133740 -79.100544726 40.634133740
POLYGON_POINT -79.100630753 40.633491140 -79.100636917 40.633480030
POLYGON_POINT -79.100639933 40.633475809 -79.100643015 40.633475809
POLYGON_POINT -79.100656020 40.633463787 -79.100656020 40.633463787
POLYGON_POINT -79.100669768 40.633448842 -79.100669768 40.633448842
POLYGON_POINT -79.100689532 40.633438786 -79.100701089 40.633435278
POLYGON_POINT -79.100727362 40.633446586 -79.100738919 40.633453603
POLYGON_POINT -79.100745941 40.633461249 -79.100745941 40.633461249
POLYGON_POINT -79.100747799 40.633487192 -79.100747799 40.633487192
POLYGON_POINT -79.100807251 40.633490294 -79.100807251 40.633490294
POLYGON_POINT -79.100807251 40.633465761 -79.100811874 40.633455821
POLYGON_POINT -79.100820474 40.633446963 -79.100820474 40.633446963
POLYGON_POINT -79.100838463 40.633439818 -79.100838463 40.633439818
POLYGON_POINT -79.100860539 40.633433573 -79.100860539 40.633433573
POLYGON_POINT -79.100888997 40.633431923 -79.100903636 40.633433677
POLYGON_POINT -79.100962569 40.633446022 -79.100962569 40.633446022
POLYGON_POINT -79.100981147 40.633452226 -79.100989622 40.633459243
POLYGON_POINT -79.100991923 40.633466607 -79.100991923 40.633466607
POLYGON_POINT -79.100989694 40.633497625 -79.100989694 40.633497625
POLYGON_POINT -79.101029824 40.633500163 -79.101029824 40.633500163
POLYGON_POINT -79.101030938 40.633467735 -79.101030938 40.633467735
POLYGON_POINT -79.101042829 40.633455327 -79.101057468 40.633448310
POLYGON_POINT -79.101062522 40.633447432 -79.101062522 40.633447432
POLYGON_POINT -79.101340831 40.633471965 -79.101340831 40.633471965
POLYGON_POINT -79.101365164 40.633477177 -79.101369787 40.633479516
POLYGON_POINT -79.101382076 40.633488038 -79.101389781 40.633493885
POLYGON_POINT -79.101389507 40.633500727 -79.101389507 40.633500727
POLYGON_POINT -79.101429637 40.633504235 -79.101429637 40.633504235
POLYGON_POINT -79.101430381 40.633488038 -79.101430381 40.633488038
POLYGON_POINT -79.101605764 40.633492549 -79.101605764 40.633492549
POLYGON_POINT -79.101608736 40.633449970 -79.101608736 40.633449970
POLYGON_POINT -79.100870500 40.633391559 -79.100870500 40.633391559
POLYGON_POINT -79.100848905 40.633392411 -79.100848905 40.633392411
POLYGON_POINT -79.100794578 40.633396797 -79.100794578 40.633396797
POLYGON_POINT -79.100704853 40.633405527 -79.100690214 40.633404358
POLYGON_POINT -79.100649637 40.633398543 -79.100649637 40.633398543
POLYGON_POINT -79.100649892 40.633349899 -79.100650662 40.633344636
POLYGON_POINT -79.100671195 40.633198338 -79.100673506 40.633186644
POLYGON_POINT -79.100709805 40.633119527 -79.100712887 40.633114264
POLYGON_POINT -79.100743091 40.633064965 -79.100753878 40.633056194
POLYGON_POINT -79.100783033 40.633035663 -79.100783033 40.633035663
POLYGON_POINT -79.100818981 40.633016466 -79.100835932 40.633009449
POLYGON_POINT -79.100869574 40.633003331 -79.100878049 40.633001577
POLYGON_POINT -79.100925493 40.633009393 -79.100940132 40.633013486
POLYGON_POINT -79.100962773 40.633040715 -79.100963543 40.633047732
POLYGON_POINT -79.100952121 40.633178130 -79.100952121 40.633178130
POLYGON_POINT -79.101290298 40.633202380 -79.101290298 40.633202380
POLYGON_POINT -79.101292961 40.633176109 -79.101292961 40.633176109
POLYGON_POINT -79.101327578 40.633180151 -79.101327578 40.633180151
POLYGON_POINT -79.101331404 40.633166305 -79.101331404 40.633166305
POLYGON_POINT -79.101527237 40.633182872 -79.101527237 40.633182872
POLYGON_POINT -79.101529164 40.633173126 -79.101529164 40.633173126
POLYGON_POINT -79.101672078 40.633188746 -79.101672078 40.633188746
POLYGON_POINT -79.101678891 40.633140573 -79.101678891 40.633140573
POLYGON_POINT -79.101536563 40.633127878 -79.101536563 40.633127878
POLYGON_POINT -79.101575174 40.632887403 -79.101575174 40.632887403
POLYGON_POINT -79.101030630 40.632842945 -79.101030630 40.632842945
POLYGON_POINT -79.100984031 40.632928829 -79.100984031 40.632928829
POLYGON_POINT -79.100905205 40.632938428 -79.100905205 40.632938428
POLYGON_POINT -79.100810499 40.632953046 -79.100810499 40.632953046
POLYGON_POINT -79.100734521 40.632982282 -79.100713718 40.632994561
POLYGON_POINT -79.100653726 40.633052936 -79.100641398 40.633064046
POLYGON_POINT -79.100606105 40.633162166 -79.100604564 40.633172691
POLYGON_POINT -79.100597009 40.633221044 -79.100595468 40.633241509
POLYGON_POINT -79.100481380 40.634116268 -79.100481380 40.634116268
POLYGON_POINT -79.100432117 40.634141528 -79.100402838 40.634139189
POLYGON_POINT -79.100382780 40.634108559 -79.100382780 40.634108559
POLYGON_POINT -79.100322798 40.634032194 -79.100322798 40.634032194
POLYGON_POINT -79.100268352 40.634065748 -79.100268352 40.634065748
POLYGON_POINT -79.100369540 40.634209225 -79.100369540 40.634209225
POLYGON_POINT -79.100462740 40.634354723 -79.100465822 40.634364663
POLYGON_POINT -79.100595080 40.634665441 -79.100595080 40.634665441
POLYGON_POINT -79.100590642 40.634697437 -79.100581396 40.634702700
POLYGON_POINT -79.100542933 40.634705857 -79.100542933 40.634705857
POLYGON_POINT -79.100760400 40.634784163 -79.100760400 40.634784163
POLYGON_POINT -79.100622819 40.634515564 -79.100621278 40.634507378
POLYGON_POINT -79.100625038 40.634461676 -79.100627350 40.634452905
POLYGON_POINT -79.100663871 40.634402736 -79.100677740 40.634391626
POLYGON_POINT -79.100747147 40.634387720 -79.100749459 40.634387720
POLYGON_POINT -79.100747147 40.634387720 -79.100747147 40.634387720
POLYGON_POINT -79.100747147 40.634387720 -79.100771033 40.634386551
POLYGON_POINT -79.100849162 40.634388422 -79.100863802 40.634389007
POLYGON_POINT -79.100950129 40.634405262 -79.100970162 40.634409940
POLYGON_POINT -79.101053315 40.634443994 -79.101075660 40.634455688
POLYGON_POINT -79.101146670 40.634497614 -79.101157457 40.634509308
POLYGON_POINT -79.101248821 40.634583516 -79.101248821 40.634583516
POLYGON_POINT -79.101350972 40.634667323 -79.101350972 40.634667323
POLYGON_POINT -79.101306606 40.634903640 -79.101306606 40.634903640
POLYGON_POINT -79.101492609 40.634955044 -79.101492609 40.634955044
POLYGON_POINT -79.101563557 40.634818175 -79.101563557 40.634818175
POLYGON_POINT -79.101585644 40.634790938 -79.101601825 40.634786260
POLYGON_POINT -79.101616334 40.634790110 -79.101633285 40.634791279
POLYGON_POINT -79.101662947 40.634807699 -79.101662947 40.634807699
POLYGON_POINT -79.101778903 40.634857983 -79.101778903 40.634857983
POLYGON_POINT -79.101847924 40.634893601 -79.101858711 40.634898279
POLYGON_POINT -79.101950075 40.634916648 -79.101950075 40.634916648
POLYGON_POINT -79.102002531 40.634952266 -79.102016400 40.634970392
POLYGON_POINT -79.101999770 40.635008836 -79.101997458 40.635017607
POLYGON_POINT -79.101999770 40.635008836 -79.101999770 40.635008836
POLYGON_POINT -79.101999770 40.635008836 -79.101997458 40.635015853
POLYGON_POINT -79.101886576 40.635184830 -79.101886576 40.635184830
POLYGON_POINT -79.101856206 40.635203687 -79.101847730 40.635205441
POLYGON_POINT -79.101809272 40.635203687 -79.101809272 40.635203687
POLYGON_POINT -79.101977683 40.635266542 -79.101977683 40.635266542
POLYGON_POINT -79.101963879 40.635245590 -79.101966191 40.635237404
POLYGON_POINT -79.101977683 40.635214162 -79.101977683 40.635214162
POLYGON_POINT -79.102107443 40.635019312 -79.102107443 40.635019312
POLYGON_POINT -79.102162660 40.634966932 -79.102191169 40.634959331
POLYGON_POINT -79.102231681 40.634960647 -79.102231681 40.634960647
POLYGON_POINT -79.102422179 40.634969028 -79.102432196 40.634971952
POLYGON_POINT -79.102471874 40.634996265 -79.102488055 40.635009129
POLYGON_POINT -79.102493961 40.635033978 -79.102493961 40.635033978
POLYGON_POINT -79.102469113 40.635302160 -79.102469113 40.635302160
POLYGON_POINT -79.102629950 40.635309615 -79.102629950 40.635309615
END_WINDING
END_POLYGON
BEGIN_POLYGON 2 96 4
BEGIN_WINDING
POLYGON_POINT -79.102158026 40.632848390 -79.102158026 40.632848390
POLYGON_POINT -79.101952737 40.632808898 -79.101952737 40.632808898
POLYGON_POINT -79.101906088 40.632799516 -79.101906088 40.632799516
POLYGON_POINT -79.101844907 40.632788512 -79.101844907 40.632788512
POLYGON_POINT -79.101753865 40.632772697 -79.101753865 40.632772697
POLYGON_POINT -79.101710773 40.632766036 -79.101710773 40.632766036
POLYGON_POINT -79.101670882 40.632761067 -79.101670882 40.632761067
POLYGON_POINT -79.101741134 40.632819576 -79.101769070 40.632852702
POLYGON_POINT -79.101774643 40.632890917 -79.101774643 40.632890917
POLYGON_POINT -79.101738438 40.633117594 -79.101738438 40.633117594
POLYGON_POINT -79.101723352 40.633138201 -79.101709384 40.633142176
POLYGON_POINT -79.101678096 40.633140491 -79.101678096 40.633140491
POLYGON_POINT -79.101672062 40.633188574 -79.101672062 40.633188574
POLYGON_POINT -79.101702233 40.633195443 -79.101710963 40.633204718
POLYGON_POINT -79.101702233 40.633195443 -79.101702233 40.633195443
POLYGON_POINT -79.101702233 40.633195443 -79.101707471 40.633207368
POLYGON_POINT -79.101711284 40.633220629 -79.101711284 40.633220629
POLYGON_POINT -79.101687147 40.633419830 -79.101687147 40.633419830
POLYGON_POINT -79.101675079 40.633438148 -79.101675079 40.633438148
POLYGON_POINT -79.101647925 40.633445017 -79.101647925 40.633445017
POLYGON_POINT -79.101608703 40.633449596 -79.101608703 40.633449596
POLYGON_POINT -79.101605686 40.633493100 -79.101605686 40.633493100
POLYGON_POINT -79.101644908 40.633518286 -79.101660671 40.633533929
POLYGON_POINT -79.101672062 40.633548052 -79.101676912 40.633559094
POLYGON_POINT -79.101641891 40.633696880 -79.101641891 40.633696880
POLYGON_POINT -79.101618165 40.633727239 -79.101606040 40.633734600
POLYGON_POINT -79.101562390 40.633735521 -79.101562390 40.633735521
POLYGON_POINT -79.101559965 40.633791283 -79.101559965 40.633791283
POLYGON_POINT -79.101600705 40.633803429 -79.101617680 40.633813551
POLYGON_POINT -79.101628351 40.633833243 -79.101628351 40.633833243
POLYGON_POINT -79.101603615 40.634005498 -79.101603615 40.634005498
POLYGON_POINT -79.101590520 40.634033103 -79.101578395 40.634042305
POLYGON_POINT -79.101514615 40.634035863 -79.101514615 40.634035863
POLYGON_POINT -79.101510492 40.634103772 -79.101510492 40.634103772
POLYGON_POINT -79.101557053 40.634126960 -79.101569178 40.634138922
POLYGON_POINT -79.101587609 40.634163398 -79.101592459 40.634173520
POLYGON_POINT -79.101575968 40.634309153 -79.101575968 40.634309153
POLYGON_POINT -79.101689461 40.634321299 -79.101735537 40.634340622
POLYGON_POINT -79.101766577 40.634386447 -79.101766577 40.634386447
POLYGON_POINT -79.101750572 40.634675747 -79.101750572 40.634675747
POLYGON_POINT -79.102222002 40.634705561 -79.102222002 40.634705561
POLYGON_POINT -79.103257982 40.634800522 -79.103257982 40.634800522
POLYGON_POINT -79.103267440 40.634719179 -79.103267440 40.634719179
POLYGON_POINT -79.103598458 40.634744208 -79.103598458 40.634744208
POLYGON_POINT -79.103614463 40.634516742 -79.103614463 40.634516742
POLYGON_POINT -79.103198326 40.634490242 -79.103198326 40.634490242
POLYGON_POINT -79.103230337 40.634257255 -79.103230337 40.634257255
POLYGON_POINT -79.103531525 40.634279339 -79.103531525 40.634279339
POLYGON_POINT -79.103640651 40.634321299 -79.103640651 40.634321299
POLYGON_POINT -79.103646471 40.634266089 -79.103646471 40.634266089
POLYGON_POINT -79.103553350 40.634238484 -79.103553350 40.634238484
POLYGON_POINT -79.103576491 40.634002962 -79.103576491 40.634002962
POLYGON_POINT -79.103349163 40.633989487 -79.103349163 40.633989487
POLYGON_POINT -79.103252162 40.633986726 -79.103252162 40.633986726
POLYGON_POINT -79.103311817 40.633587006 -79.103311817 40.633587006
POLYGON_POINT -79.103402633 40.633093398 -79.103408696 40.633083276
POLYGON_POINT -79.103469321 40.633022085 -79.103511759 40.632993560
POLYGON_POINT -79.103573002 40.632968321 -79.103573002 40.632968321
END_WINDING
BEGIN_WINDING
POLYGON_POINT -79.103178579 40.633143162 -79.103178579 40.633143162
POLYGON_POINT -79.103178579 40.633143162 -79.103160391 40.633141322
POLYGON_POINT -79.101959177 40.633045851 -79.101959177 40.633045851
POLYGON_POINT -79.101896524 40.632993470 -79.101893016 40.632980157
POLYGON_POINT -79.101913701 40.632931359 -79.101921419 40.632916981
POLYGON_POINT -79.101967253 40.632882284 -79.101981988 40.632874296
POLYGON_POINT -79.102027878 40.632858513 -79.102046823 40.632854253
POLYGON_POINT -79.102156318 40.632849168 -79.102156318 40.632849168
POLYGON_POINT -79.103100952 40.632930325 -79.103100952 40.632930325
POLYGON_POINT -79.103189859 40.632981968 -79.103231084 40.633006812
POLYGON_POINT -79.103240380 40.633033344 -79.103240380 40.633033344
POLYGON_POINT -79.103250468 40.633054880 -79.103250468 40.633054880
POLYGON_POINT -79.103254324 40.633109411 -79.103240986 40.633122293
POLYGON_POINT -79.103178579 40.633143162 -79.103160391 40.633141322
END_WINDING
BEGIN_WINDING
POLYGON_POINT -79.103216757 40.633440947 -79.103216757 40.633440947
POLYGON_POINT -79.103183569 40.633473002 -79.103168484 40.633486740
POLYGON_POINT -79.103117152 40.633482223 -79.103117152 40.633482223
POLYGON_POINT -79.101916397 40.633376836 -79.101916397 40.633376836
POLYGON_POINT -79.101843987 40.633351650 -79.101825885 40.633335622
POLYGON_POINT -79.101831919 40.633296698 -79.101831919 40.633296698
POLYGON_POINT -79.101865106 40.633134131 -79.101865106 40.633134131
POLYGON_POINT -79.101904328 40.633102076 -79.101946567 40.633088338
POLYGON_POINT -79.101970704 40.633099786 -79.101970704 40.633099786
POLYGON_POINT -79.103162490 40.633190181 -79.103162490 40.633190181
POLYGON_POINT -79.103225808 40.633216559 -79.103246928 40.633239456
POLYGON_POINT -79.103255978 40.633262353 -79.103255978 40.633262353
END_WINDING
BEGIN_WINDING
POLYGON_POINT -79.103076939 40.633535088 -79.103076939 40.633535088
POLYGON_POINT -79.103162950 40.633553685 -79.103171680 40.633568040
POLYGON_POINT -79.103162950 40.633553685 -79.103162950 40.633553685
POLYGON_POINT -79.103162950 40.633553685 -79.103181865 40.633560310
POLYGON_POINT -79.103192050 40.633590124 -79.103193505 40.633604479
POLYGON_POINT -79.103160040 40.633721523 -79.103149855 40.633730357
POLYGON_POINT -79.103078559 40.633773421 -79.103040729 40.633788880
POLYGON_POINT -79.102975254 40.633798817 -79.102963614 40.633798817
POLYGON_POINT -79.101932014 40.633712690 -79.101904369 40.633701648
POLYGON_POINT -79.101817068 40.633623250 -79.101802518 40.633597853
POLYGON_POINT -79.101790878 40.633515038 -79.101793788 40.633496267
POLYGON_POINT -79.101835983 40.633460932 -79.101859263 40.633452098
POLYGON_POINT -79.101946564 40.633446578 -79.101961114 40.633446578
END_WINDING
END_POLYGON
BEGIN_POLYGON 3 96 4
BEGIN_WINDING
POLYGON_POINT -79.100653288 40.633053341 -79.100653288 40.633053341
POLYGON_POINT -79.100612923 40.633065254 -79.100593861 40.633067807
POLYGON_POINT -79.100612923 40.633065254 -79.100612923 40.633065254
POLYGON_POINT -79.100612923 40.633065254 -79.100597888 40.633065662
POLYGON_POINT -79.100568072 40.633060513 -79.100559433 40.633056963
POLYGON_POINT -79.100568072 40.633060513 -79.100568072 40.633060513
POLYGON_POINT -79.100568072 40.633060513 -79.100558672 40.633056650
POLYGON_POINT -79.100544525 40.633051639 -79.100546768 40.633053341
POLYGON_POINT -79.100278784 40.633026962 -79.100278784 40.633026962
POLYGON_POINT -79.100310179 40.632838054 -79.100310179 40.632838054
POLYGON_POINT -79.100264207 40.632837203 -79.100264207 40.632837203
POLYGON_POINT -79.100278784 40.632685737 -79.100278784 40.632685737
POLYGON_POINT -79.099322837 40.632604401 -79.099322837 40.632604401
POLYGON_POINT -79.099333500 40.632763131 -79.099303226 40.632775895
POLYGON_POINT -79.099333500 40.632763131 -79.099333500 40.632763131
POLYGON_POINT -79.099333500 40.632763131 -79.099307711 40.632770789
POLYGON_POINT -79.099266004 40.632755814 -79.099266004 40.632755814
POLYGON_POINT -79.099227435 40.633107065 -79.099227435 40.633107065
POLYGON_POINT -79.099280468 40.633136336 -79.099337653 40.633136336
POLYGON_POINT -79.099346284 40.633117956 -79.099346284 40.633117956
POLYGON_POINT -79.099429924 40.633114383 -79.099429924 40.633114383
POLYGON_POINT -79.099516705 40.633118042 -79.099516705 40.633118042
POLYGON_POINT -79.099511884 40.633213173 -79.099529824 40.633248061
POLYGON_POINT -79.099511884 40.633213173 -79.099511884 40.633213173
POLYGON_POINT -79.099511884 40.633213173 -79.099523097 40.633240403
POLYGON_POINT -79.099569738 40.633286350 -79.099593285 40.633308474
POLYGON_POINT -79.099695089 40.633363186 -79.099754517 40.633381907
POLYGON_POINT -79.099878294 40.633388798 -79.099905205 40.633411773
POLYGON_POINT -79.099922133 40.633470826 -79.099922133 40.633470826
POLYGON_POINT -79.100172386 40.633487588 -79.100172386 40.633487588
POLYGON_POINT -79.100210955 40.633096089 -79.100210955 40.633096089
POLYGON_POINT -79.100317021 40.633099407 -79.100317021 40.633099407
POLYGON_POINT -79.100500226 40.633114383 -79.100548441 40.633126296
POLYGON_POINT -79.100606292 40.633161948 -79.100606292 40.633161948
END_WINDING
END_POLYGON
BEGIN_POLYGON 1 0 2
BEGIN_WINDING
POLYGON_POINT -79.101562390 40.633735521
POLYGON_POINT -79.101293464 40.633703961
POLYGON_POINT -79.101302764 40.633653233
POLYGON_POINT -79.101230681 40.633652956
POLYGON_POINT -79.101217929 40.633696348
POLYGON_POINT -79.101137521 40.633690092
POLYGON_POINT -79.101156892 40.633639796
POLYGON_POINT -79.101062310 40.633629965
POLYGON_POINT -79.101050086 40.633686579
POLYGON_POINT -79.100897798 40.633670399
POLYGON_POINT -79.100906041 40.633622322
POLYGON_POINT -79.100852355 40.633620781
POLYGON_POINT -79.100848050 40.633669629
POLYGON_POINT -79.100764230 40.633665899
POLYGON_POINT -79.100753631 40.633728184
POLYGON_POINT -79.100866649 40.633734718
POLYGON_POINT -79.100861248 40.633772872
POLYGON_POINT -79.100910996 40.633777494
POLYGON_POINT -79.100918468 40.633738632
POLYGON_POINT -79.101080544 40.633754380
POLYGON_POINT -79.101081559 40.633788281
POLYGON_POINT -79.101136383 40.633791363
POLYGON_POINT -79.101144749 40.633758572
POLYGON_POINT -79.101327130 40.633769204
POLYGON_POINT -79.101317221 40.633810008
POLYGON_POINT -79.101381954 40.633814200
POLYGON_POINT -79.101391295 40.633775769
POLYGON_POINT -79.101559746 40.633791363
END_WINDING
END_POLYGON
BEGIN_POLYGON 1 96 4
BEGIN_WINDING
POLYGON_POINT -79.101514615 40.634035863 -79.101514615 40.634035863
POLYGON_POINT -79.101254940 40.634026442 -79.101252910 40.634025158
POLYGON_POINT -79.101236109 40.634018778 -79.101231710 40.634017237
POLYGON_POINT -79.101215533 40.634015707 -79.101215533 40.634015707
POLYGON_POINT -79.101226648 40.633942860 -79.101226648 40.633942860
POLYGON_POINT -79.101172085 40.633939793 -79.101172085 40.633939793
POLYGON_POINT -79.101161980 40.634009572 -79.101161980 40.634009572
POLYGON_POINT -79.101008037 40.633993213 -79.101008037 40.633993213
POLYGON_POINT -79.101016478 40.633927524 -79.101016478 40.633927524
POLYGON_POINT -79.100946759 40.633924457 -79.100946759 40.633924457
POLYGON_POINT -79.100941063 40.633987852 -79.100941063 40.633987852
POLYGON_POINT -79.100778017 40.633978900 -79.100778017 40.633978900
POLYGON_POINT -79.100782411 40.633908097 -79.100782411 40.633908097
POLYGON_POINT -79.100721433 40.633906820 -79.100721433 40.633906820
POLYGON_POINT -79.100709307 40.634041778 -79.100709307 40.634041778
POLYGON_POINT -79.100863903 40.634048679 -79.100863903 40.634048679
POLYGON_POINT -79.100866258 40.634084480 -79.100866258 40.634084480
POLYGON_POINT -79.100910383 40.634087786 -79.100910383 40.634087786
POLYGON_POINT -79.100921498 40.634050980 -79.100921498 40.634050980
POLYGON_POINT -79.101140761 40.634067083 -79.101140761 40.634067083
POLYGON_POINT -79.101128636 40.634116158 -79.101129651 40.634116158
POLYGON_POINT -79.101216544 40.634129961 -79.101216544 40.634129961
POLYGON_POINT -79.101231700 40.634073984 -79.101231700 40.634073984
POLYGON_POINT -79.101356646 40.634083193 -79.101368828 40.634092951
POLYGON_POINT -79.101309503 40.634202040 -79.101306457 40.634206919
POLYGON_POINT -79.101258982 40.634270286 -79.101251876 40.634275936
POLYGON_POINT -79.101196335 40.634323196 -79.101196335 40.634323196
POLYGON_POINT -79.101239783 40.634353101 -79.101239783 40.634353101
POLYGON_POINT -79.101299399 40.634297124 -79.101303798 40.634293529
POLYGON_POINT -79.101332743 40.634248049 -79.101334773 40.634244454
POLYGON_POINT -79.101373161 40.634171368 -79.101376207 40.634166746
POLYGON_POINT -79.101402463 40.634126127 -79.101402463 40.634126127
POLYGON_POINT -79.101417620 40.634106957 -79.101424049 40.634101821
POLYGON_POINT -79.101433786 40.634101589 -79.101433786 40.634101589
POLYGON_POINT -79.101510492 40.634103772 -79.101510492 40.634103772
END_WINDING
END_POLYGON
BEGIN_POLYGON 4 0 4
BEGIN_WINDING
POLYGON_POINT -79.100192427 40.632553428 -79.100192427 40.632553428
POLYGON_POINT -79.100063458 40.632611777 -79.100028898 40.632621144
POLYGON_POINT -79.099966235 40.632615165 -79.099966235 40.632615165
POLYGON_POINT -79.098658982 40.632490516 -79.098641702 40.632485832
POLYGON_POINT -79.098495180 40.632434187 -79.098440871 40.632397655
POLYGON_POINT -79.098403200 40.632314950 -79.098400731 40.632307456
POLYGON_POINT -79.098445122 40.631820082 -79.098446610 40.631818953
POLYGON_POINT -79.098519885 40.631723949 -79.098555885 40.631697279
POLYGON_POINT -79.098638864 40.631669623 -79.098638864 40.631669623
END_WINDING
END_POLYGON
BEGIN_POLYGON 5 0 4
BEGIN_WINDING
POLYGON_POINT -79.099823856 40.634473355 -79.099823856 40.634473355
POLYGON_POINT -79.102126930 40.635365219 -79.102126930 40.635365219
POLYGON_POINT -79.103323347 40.635838051 -79.103323347 40.635838051
POLYGON_POINT -79.103908850 40.636060211 -79.103908850 40.636060211
POLYGON_POINT -79.104306831 40.636193302 -79.104306831 40.636193302
POLYGON_POINT -79.104498402 40.636244491 -79.104556413 40.636258824
POLYGON_POINT -79.104839722 40.636298751 -79.104878846 40.636303870
POLYGON_POINT -79.105217468 40.636342774 -79.105266035 40.636349940
POLYGON_POINT -79.105217468 40.636342774 -79.105217468 40.636342774
POLYGON_POINT -79.105217468 40.636342774 -79.105244133 40.636346709
POLYGON_POINT -79.105503478 40.636350861 -79.105630421 40.636350378
POLYGON_POINT -79.105503478 40.636350861 -79.105503478 40.636350861
POLYGON_POINT -79.105503478 40.636350861 -79.105607744 40.636350465
POLYGON_POINT -79.105743615 40.636344821 -79.105778901 40.636344359
POLYGON_POINT -79.105743615 40.636344821 -79.105743615 40.636344821
POLYGON_POINT -79.105743615 40.636344821 -79.105819164 40.636348916
POLYGON_POINT -79.106151041 40.636308989 -79.106195561 40.636304894
POLYGON_POINT -79.106677188 40.636206611 -79.106677188 40.636206611
END_WINDING
END_POLYGON
BEGIN_POLYGON 6 0 4
BEGIN_WINDING
POLYGON_POINT -79.105401571 40.634082257 -79.105401571 40.634082257
POLYGON_POINT -79.105436209 40.634078953 -79.105450165 40.634077854
POLYGON_POINT -79.105461736 40.634086721 -79.105471995 40.634093799
POLYGON_POINT -79.105470108 40.634122010 -79.105470108 40.634122010
POLYGON_POINT -79.105477980 40.634165971 -79.105477980 40.634165971
POLYGON_POINT -79.106680065 40.634264594 -79.106680065 40.634264594
POLYGON_POINT -79.106765928 40.634268116 -79.106765928 40.634268116
POLYGON_POINT -79.106816982 40.633797899 -79.106816982 40.633797899
POLYGON_POINT -79.106027969 40.633738021 -79.106027969 40.633738021
POLYGON_POINT -79.105951388 40.633836643 -79.105919157 40.633853765
POLYGON_POINT -79.105835357 40.633870105 -79.105804581 40.633873644
POLYGON_POINT -79.105761097 40.633868343 -79.105733118 40.633866220
POLYGON_POINT -79.105647386 40.633859538 -79.105625003 40.633856361
POLYGON_POINT -79.105581432 40.633845432 -79.105581432 40.633845432
POLYGON_POINT -79.105560070 40.633840563 -79.105560070 40.633840563
POLYGON_POINT -79.105528640 40.633829291 -79.105528640 40.633829291
POLYGON_POINT -79.105538048 40.633867149 -79.105543225 40.633890185
POLYGON_POINT -79.105538048 40.633867149 -79.105538048 40.633867149
POLYGON_POINT -79.105538048 40.633867149 -79.105541527 40.633882629
POLYGON_POINT -79.105535935 40.633948680 -79.105529563 40.633970014
POLYGON_POINT -79.105535935 40.633948680 -79.105535935 40.633948680
POLYGON_POINT -79.105535935 40.633948680 -79.105511985 40.634001079
POLYGON_POINT -79.105484750 40.634002814 -79.105484470 40.634004272
POLYGON_POINT -79.105484750 40.634002814 -79.105484750 40.634002814
POLYGON_POINT -79.105484750 40.634002814 -79.105459872 40.634012950
POLYGON_POINT -79.105439475 40.634019439 -79.105405883 40.634032890
POLYGON_POINT -79.105407407 40.634041640 -79.105407407 40.634041640
END_WINDING
END_POLYGON
BEGIN_POLYGON 7 0 4
BEGIN_WINDING
POLYGON_POINT -79.106665447 40.636173854 -79.106665447 40.636173854
POLYGON_POINT -79.105974115 40.636296345 -79.105919126 40.636297950
POLYGON_POINT -79.105974115 40.636296345 -79.105974115 40.636296345
POLYGON_POINT -79.105974115 40.636296345 -79.105914896 40.636302765
POLYGON_POINT -79.105218827 40.636305590 -79.105174413 40.636289540
POLYGON_POINT -79.105124416 40.636263989 -79.105111726 40.636244729
POLYGON_POINT -79.105100052 40.636201588 -79.105102167 40.636187143
POLYGON_POINT -79.105160962 40.635882648 -79.105175767 40.635866598
POLYGON_POINT -79.105191417 40.635852603 -79.105199877 40.635846183
POLYGON_POINT -79.105224918 40.635829491 -79.105252412 40.635821466
POLYGON_POINT -79.105282783 40.635834114 -79.105287013 40.635845349
POLYGON_POINT -79.105288874 40.635873403 -79.105288874 40.635873403
POLYGON_POINT -79.105971069 40.635951983 -79.105971069 40.635951983
POLYGON_POINT -79.106016752 40.635838736 -79.106016752 40.635838736
POLYGON_POINT -79.105769135 40.635802656 -79.105769135 40.635802656
POLYGON_POINT -79.105787331 40.635739414 -79.105787331 40.635739414
POLYGON_POINT -79.105718578 40.635732095 -79.105718578 40.635732095
POLYGON_POINT -79.105702387 40.635793091 -79.105702387 40.635793091
POLYGON_POINT -79.105578198 40.635780957 -79.105578198 40.635780957
POLYGON_POINT -79.105472789 40.635769209 -79.105472789 40.635769209
POLYGON_POINT -79.105301056 40.635746290 -79.105301056 40.635746290
POLYGON_POINT -79.105212736 40.635725489 -79.105193701 40.635714254
POLYGON_POINT -79.105185326 40.635693133 -79.105187441 40.635683503
POLYGON_POINT -79.105221873 40.635425039 -79.105226103 40.635420224
POLYGON_POINT -79.105267132 40.635397305 -79.105298856 40.635392490
POLYGON_POINT -79.105331511 40.635422728 -79.105323051 40.635443593
POLYGON_POINT -79.105300548 40.635664629 -79.105300548 40.635664629
POLYGON_POINT -79.105628457 40.635701764 -79.105628457 40.635701764
POLYGON_POINT -79.105784329 40.634938441 -79.105784329 40.634938441
POLYGON_POINT -79.105717979 40.634930027 -79.105717979 40.634930027
POLYGON_POINT -79.105630315 40.635335738 -79.105630315 40.635335738
POLYGON_POINT -79.105386330 40.635318726 -79.105386330 40.635318726
POLYGON_POINT -79.105334557 40.635346460 -79.105309178 40.635341645
POLYGON_POINT -79.105287690 40.635324953 -79.105275000 40.635313718
POLYGON_POINT -79.105221873 40.635297925 -79.105221873 40.635297925
POLYGON_POINT -79.105310207 40.634697024 -79.105314236 40.634686832
POLYGON_POINT -79.105377207 40.634632312 -79.105411046 40.634613052
POLYGON_POINT -79.105483798 40.634611512 -79.105502600 40.634613550
POLYGON_POINT -79.105701411 40.634652717 -79.105701411 40.634652717
POLYGON_POINT -79.105761361 40.634697816 -79.105763476 40.634725100
POLYGON_POINT -79.105741919 40.634848866 -79.105741919 40.634848866
POLYGON_POINT -79.105824557 40.634858634 -79.105824557 40.634858634
POLYGON_POINT -79.105856464 40.634720730 -79.105856464 40.634720730
POLYGON_POINT -79.106182741 40.634758445 -79.106182741 40.634758445
POLYGON_POINT -79.106181209 40.634747870 -79.106181209 40.634747870
POLYGON_POINT -79.106209126 40.634644767 -79.106209126 40.634644767
POLYGON_POINT -79.106176895 40.634573377 -79.106138827 40.634544488
POLYGON_POINT -79.106071572 40.634530621 -79.106071572 40.634530621
POLYGON_POINT -79.106089845 40.634454353 -79.106089845 40.634454353
POLYGON_POINT -79.105862874 40.634436570 -79.105862874 40.634436570
POLYGON_POINT -79.105879708 40.634361907 -79.105879708 40.634361907
POLYGON_POINT -79.105541662 40.634341106 -79.105541662 40.634341106
POLYGON_POINT -79.105495980 40.634532932 -79.105495980 40.634532932
POLYGON_POINT -79.105419843 40.634539866 -79.105386004 40.634530236
POLYGON_POINT -79.105331525 40.634477464 -79.105333640 40.634464624
POLYGON_POINT -79.105401571 40.634082257 -79.105407916 40.634059787
POLYGON_POINT -79.105422902 40.634026789 -79.105446166 40.634013949
POLYGON_POINT -79.105514264 40.633985188 -79.105539643 40.633961113
POLYGON_POINT -79.105544718 40.633885808 -79.105536258 40.633871363
POLYGON_POINT -79.105544718 40.633885808 -79.105544718 40.633885808
POLYGON_POINT -79.105544718 40.633885808 -79.105542667 40.633881528
POLYGON_POINT -79.105539691 40.633869941 -79.105538258 40.633863810
POLYGON_POINT -79.105539691 40.633869941 -79.105539691 40.633869941
POLYGON_POINT -79.105539691 40.633869941 -79.105535212 40.633850778
POLYGON_POINT -79.105517394 40.633807999 -79.105502974 40.633790976
POLYGON_POINT -79.105517394 40.633807999 -79.105517394 40.633807999
POLYGON_POINT -79.105517394 40.633807999 -79.105498360 40.633785529
POLYGON_POINT -79.105383819 40.633757667 -79.105337291 40.633759272
POLYGON_POINT -79.105281205 40.633785658 -79.105255826 40.633803313
POLYGON_POINT -79.105234086 40.633844207 -79.105234086 40.633844207
POLYGON_POINT -79.104277825 40.633758695 -79.104277825 40.633758695
POLYGON_POINT -79.104215986 40.634091886 -79.104215986 40.634091886
POLYGON_POINT -79.104311324 40.634098435 -79.104311324 40.634098435
POLYGON_POINT -79.104321137 40.634019149 -79.104321137 40.634019149
POLYGON_POINT -79.104464103 40.634031090 -79.104464103 40.634031090
POLYGON_POINT -79.104500140 40.633828029 -79.104500140 40.633828029
POLYGON_POINT -79.104856877 40.633855250 -79.104856877 40.633855250
POLYGON_POINT -79.104914317 40.633878875 -79.104922777 40.633890110
POLYGON_POINT -79.104912202 40.633917458 -79.104912202 40.633917458
POLYGON_POINT -79.104972687 40.633922979 -79.104972687 40.633922979
POLYGON_POINT -79.104984361 40.633871941 -79.104999165 40.633859101
POLYGON_POINT -79.105042224 40.633860386 -79.105082407 40.633858781
POLYGON_POINT -79.105127496 40.633869823 -79.105135956 40.633876243
POLYGON_POINT -79.105209722 40.633906609 -79.105211837 40.633927474
POLYGON_POINT -79.105237131 40.633971321 -79.105251935 40.633993791
POLYGON_POINT -79.105294994 40.634024478 -79.105294994 40.634024478
POLYGON_POINT -79.105227995 40.634498265 -79.105227995 40.634498265
POLYGON_POINT -79.105188404 40.634519065 -79.105163025 40.634525485
POLYGON_POINT -79.105133587 40.634514443 -79.105118783 40.634509628
POLYGON_POINT -79.105023952 40.634493643 -79.105000688 40.634485618
POLYGON_POINT -79.104923453 40.634449731 -79.104914993 40.634435286
POLYGON_POINT -79.104902135 40.634391952 -79.104904250 40.634380717
POLYGON_POINT -79.104941725 40.634283327 -79.104943840 40.634273697
POLYGON_POINT -79.104944771 40.634241726 -79.104938426 40.634232096
POLYGON_POINT -79.104902135 40.634216304 -79.104885216 40.634213094
POLYGON_POINT -79.104789455 40.634204748 -79.104774651 40.634206353
POLYGON_POINT -79.104737683 40.634239415 -79.104731338 40.634257070
POLYGON_POINT -79.104728546 40.634271772 -79.104709512 40.634278192
POLYGON_POINT -79.104655456 40.634274083 -79.104640652 40.634266058
POLYGON_POINT -79.104588457 40.634232482 -79.104579997 40.634226062
POLYGON_POINT -79.104497095 40.634216304 -79.104469601 40.634211489
POLYGON_POINT -79.104405732 40.634213993 -79.104395158 40.634217203
POLYGON_POINT -79.104347869 40.634237104 -79.104316146 40.634240314
POLYGON_POINT -79.104286961 40.634223237 -79.104274272 40.634212002
POLYGON_POINT -79.104238234 40.634193898 -79.104214970 40.634192293
POLYGON_POINT -79.104238234 40.634193898 -79.104238234 40.634193898
POLYGON_POINT -79.104238234 40.634193898 -79.104210740 40.634197108
POLYGON_POINT -79.104174280 40.634209370 -79.104157361 40.634223815
POLYGON_POINT -79.104171235 40.634248660 -79.104156431 40.634263105
POLYGON_POINT -79.104095100 40.634294883 -79.104080296 40.634304513
POLYGON_POINT -79.104076827 40.634336484 -79.104089516 40.634344509
POLYGON_POINT -79.104134690 40.634366529 -79.104149494 40.634379369
POLYGON_POINT -79.104174280 40.634417374 -79.104195429 40.634438239
POLYGON_POINT -79.104259552 40.634454353 -79.104259552 40.634454353
POLYGON_POINT -79.104801636 40.634549110 -79.104824900 40.634565160
POLYGON_POINT -79.104853408 40.634599956 -79.104880902 40.634607981
POLYGON_POINT -79.104896044 40.634588400 -79.104910848 40.634585190
POLYGON_POINT -79.104935635 40.634569911 -79.104973703 40.634561886
POLYGON_POINT -79.104993498 40.634560666 -79.105052715 40.634560666
POLYGON_POINT -79.105116414 40.634568819 -79.105116414 40.634568819
POLYGON_POINT -79.105185359 40.634588400 -79.105210738 40.634606055
POLYGON_POINT -79.105206677 40.634643868 -79.105206677 40.634643868
POLYGON_POINT -79.105176223 40.634782537 -79.105169878 40.634787352
POLYGON_POINT -79.105129865 40.634813674 -79.105110831 40.634821699
POLYGON_POINT -79.105063542 40.634821827 -79.105063542 40.634821827
POLYGON_POINT -79.104993498 40.634819516 -79.104993498 40.634819516
POLYGON_POINT -79.104850377 40.634804743 -79.104850377 40.634804743
POLYGON_POINT -79.104864393 40.634727705 -79.104864393 40.634727705
POLYGON_POINT -79.104757203 40.634716472 -79.104757203 40.634716472
POLYGON_POINT -79.104468428 40.634690004 -79.104468428 40.634690004
POLYGON_POINT -79.104400940 40.635130558 -79.104400940 40.635130558
POLYGON_POINT -79.104691064 40.635157062 -79.104691064 40.635157062
POLYGON_POINT -79.104705514 40.635059655 -79.104705514 40.635059655
POLYGON_POINT -79.104743818 40.635062412 -79.104743818 40.635062412
POLYGON_POINT -79.104787074 40.635066499 -79.104787074 40.635066499
POLYGON_POINT -79.105008725 40.635081340 -79.105008725 40.635081340
POLYGON_POINT -79.105033088 40.634923518 -79.105038460 40.634915365
POLYGON_POINT -79.105090951 40.634893473 -79.105124790 40.634895078
POLYGON_POINT -79.105151859 40.634925829 -79.105157231 40.634937040
POLYGON_POINT -79.105078774 40.635549841 -79.105078774 40.635549841
POLYGON_POINT -79.105051365 40.635556775 -79.105034446 40.635553565
POLYGON_POINT -79.105006613 40.635542202 -79.105006613 40.635542202
POLYGON_POINT -79.104911273 40.635524419 -79.104911273 40.635524419
POLYGON_POINT -79.104929546 40.635339526 -79.104929546 40.635339526
POLYGON_POINT -79.104198633 40.635302548 -79.104198633 40.635302548
POLYGON_POINT -79.104155997 40.635711622 -79.104155997 40.635711622
POLYGON_POINT -79.104274770 40.635720867 -79.104274770 40.635720867
POLYGON_POINT -79.104259542 40.635979717 -79.104259542 40.635979717
POLYGON_POINT -79.104486758 40.636001270 -79.104486758 40.636001270
POLYGON_POINT -79.104600635 40.636012073 -79.104600635 40.636012073
POLYGON_POINT -79.104649363 40.635667710 -79.104649363 40.635667710
POLYGON_POINT -79.104744376 40.635672728 -79.104744376 40.635672728
POLYGON_POINT -79.104735500 40.635713933 -79.104735500 40.635713933
POLYGON_POINT -79.104886909 40.635725489 -79.104886909 40.635725489
POLYGON_POINT -79.104900783 40.635615260 -79.104900783 40.635615260
POLYGON_POINT -79.104987410 40.635621487 -79.105002214 40.635629512
POLYGON_POINT -79.105066592 40.635707000 -79.105066592 40.635723050
POLYGON_POINT -79.104996546 40.636046740 -79.104996546 40.636046740
POLYGON_POINT -79.104600635 40.636012073 -79.104600635 40.636012073
POLYGON_POINT -79.104557998 40.636136875 -79.104557998 40.636136875
POLYGON_POINT -79.104905182 40.636166920 -79.104905182 40.636166920
POLYGON_POINT -79.104950864 40.636095274 -79.104950864 40.636095274
POLYGON_POINT -79.104984364 40.636099897 -79.104984364 40.636099897
POLYGON_POINT -79.104993501 40.636134564 -79.104993501 40.636134564
POLYGON_POINT -79.104978273 40.636233944 -79.104965583 40.636246784
POLYGON_POINT -79.104932591 40.636270922 -79.104896637 40.636278947
POLYGON_POINT -79.104862545 40.636270922 -79.104849855 40.636267712
POLYGON_POINT -79.104618908 40.636236255 -79.104606218 40.636231440
POLYGON_POINT -79.104533635 40.636203899 -79.104535750 40.636189454
POLYGON_POINT -79.104557998 40.636136875 -79.104557998 40.636136875
POLYGON_POINT -79.104600635 40.636012073 -79.104600635 40.636012073
POLYGON_POINT -79.104486758 40.636001270 -79.104486758 40.636001270
POLYGON_POINT -79.104481862 40.636159987 -79.104481862 40.636159987
POLYGON_POINT -79.104439225 40.636183098 -79.104439225 40.636183098
POLYGON_POINT -79.104394187 40.636188369 -79.104394187 40.636188369
POLYGON_POINT -79.103926668 40.636022724 -79.103865335 40.635998649
POLYGON_POINT -79.103190431 40.635747479 -79.103190431 40.635747479
POLYGON_POINT -79.102991749 40.635666205 -79.102991749 40.635666205
POLYGON_POINT -79.102428233 40.635445615 -79.102428233 40.635445615
POLYGON_POINT -79.101975212 40.635265660 -79.101975212 40.635265660
POLYGON_POINT -79.101809473 40.635203739 -79.101809473 40.635203739
POLYGON_POINT -79.101300358 40.635001854 -79.101300358 40.635001854
POLYGON_POINT -79.100759796 40.634783198 -79.100759796 40.634783198
POLYGON_POINT -79.100542212 40.634706443 -79.100542212 40.634706443
POLYGON_POINT -79.099847838 40.634441899 -79.099847838 40.634441899
POLYGON_POINT -79.099794730 40.634501233 -79.099794730 40.634501233
POLYGON_POINT -79.100008580 40.634584149 -79.100008580 40.634584149
POLYGON_POINT -79.100201409 40.634656759 -79.100201409 40.634656759
POLYGON_POINT -79.100433285 40.634747358 -79.100433285 40.634747358
POLYGON_POINT -79.100890470 40.634917752 -79.100890470 40.634917752
POLYGON_POINT -79.101711719 40.635235403 -79.101711719 40.635235403
POLYGON_POINT -79.101898979 40.635307849 -79.101898979 40.635307849
POLYGON_POINT -79.102832834 40.635677513 -79.102832834 40.635677513
POLYGON_POINT -79.103600239 40.635986804 -79.103600239 40.635986804
POLYGON_POINT -79.103805860 40.636060179 -79.103805860 40.636060179
POLYGON_POINT -79.104159694 40.636186154 -79.104191418 40.636198994
POLYGON_POINT -79.104459440 40.636271946 -79.104459440 40.636271946
POLYGON_POINT -79.104690764 40.636312813 -79.104745753 40.636319233
POLYGON_POINT -79.104866022 40.636335952 -79.104899861 40.636339162
POLYGON_POINT -79.105278253 40.636376901 -79.105358621 40.636383321
POLYGON_POINT -79.105677257 40.636381545 -79.105774545 40.636381545
POLYGON_POINT -79.106112979 40.636352752 -79.106170083 40.636347937
POLYGON_POINT -79.106401829 40.636304454 -79.106442013 40.636296429
POLYGON_POINT -79.106689454 40.636236652 -79.106689454 40.636236652
END_WINDING
END_POLYGON
BEGIN_POLYGON 3 0 2
BEGIN_WINDING
POLYGON_POINT -79.105303494 40.633115647
POLYGON_POINT -79.105199868 40.633106800
POLYGON_POINT -79.105189960 40.633233136
POLYGON_POINT -79.105289912 40.633240262
END_WINDING
END_POLYGON
BEGIN_POLYGON 8 1 4
BEGIN_WINDING
POLYGON_POINT -79.103772928 40.633365917 -79.103772928 40.633365917
POLYGON_POINT -79.103702200 40.633333432 -79.103683245 40.633317721
POLYGON_POINT -79.103666015 40.633277302 -79.103661346 40.633256366
POLYGON_POINT -79.103675864 40.633212738 -79.103686963 40.633193224
POLYGON_POINT -79.103728618 40.633164629 -79.103751961 40.633152733
POLYGON_POINT -79.103807529 40.633148250 -79.103835705 40.633147748
POLYGON_POINT -79.103887543 40.633164409 -79.103911607 40.633175461
POLYGON_POINT -79.103943257 40.633210587 -79.103955568 40.633229684
POLYGON_POINT -79.103956981 40.633272122 -79.103953630 40.633293200
POLYGON_POINT -79.103924358 40.633329477 -79.103906410 40.633345845
POLYGON_POINT -79.103855746 40.633364442 -79.103828899 40.633370903
END_WINDING
END_POLYGON
FILTER -1
FILTER 0
FILTER -1
FILTER 0
FILTER -1
FILTER 0
FILTER -1
FILTER 0
FILTER -1
FILTER 0
OBJECT 0 -79.104660939 40.635665070 3.880000
OBJECT 1 -79.101102389 40.633157663 5.260000
OBJECT 1 -79.105229667 40.633235921 5.090000
OBJECT_MSL 2 -79.101817068 40.633623250 428.214000000 95.440002
OBJECT_MSL 2 -79.101764651 40.633910220 428.214000000 95.440002
OBJECT 3 -79.100234623 40.633222235 274.660004
OBJECT 4 -79.100333374 40.633414698 95.010002
OBJECT 5 -79.099265186 40.632972660 94.110001
OBJECT 6 -79.105644922 40.635158612 278.619995
OBJECT 4 -79.101205194 40.632825425 186.460007
OBJECT 4 -79.100965827 40.632807141 185.880005
OBJECT 4 -79.100518896 40.632735863 95.970001
OBJECT 7 -79.104195599 40.635693548 185.039993
OBJECT 8 -79.104817927 40.634950763 96.870003
OBJECT 9 -79.105794146 40.634102156 276.339996
OBJECT 9 -79.103040284 40.633319575 95.199997
OBJECT 1 -79.100287538 40.632935895 275.880005
OBJECT 10 -79.103367167 40.634102260 274.510010
OBJECT 11 -79.103170902 40.634544428 275.769989
OBJECT 12 -79.102764848 40.634791934 6.230000
OBJECT 13 -79.106002070 40.634482830 95.779999
OBJECT 14 -79.104501082 40.635748576 5.460000
OBJECT 14 -79.106405862 40.633813607 95.980003
BEGIN_POLYGON 9 13 3
BEGIN_WINDING
POLYGON_POINT -79.104779318 40.634573300 0.000000000
POLYGON_POINT -79.104785764 40.634464454 0.000000000
POLYGON_POINT -79.104610104 40.634453447 0.000000000
POLYGON_POINT -79.104606881 40.634480353 0.000000000
POLYGON_POINT -79.104287792 40.634455893 0.000000000
POLYGON_POINT -79.104281345 40.634530496 0.000000000
END_WINDING
END_POLYGON
BEGIN_POLYGON 9 13 3
BEGIN_WINDING
POLYGON_POINT -79.104858474 40.634101655 0.000000000
POLYGON_POINT -79.104888902 40.633860261 0.000000000
POLYGON_POINT -79.104497204 40.633831243 0.000000000
POLYGON_POINT -79.104465495 40.634074002 0.000000000
END_WINDING
END_POLYGON
OBJECT 15 -79.106679697 40.634005568 185.339996
OBJECT 16 -79.102863369 40.635328586 190.309998
OBJECT 17 -79.103373898 40.635355122 117.410004
OBJECT 17 -79.102683868 40.635540877 27.920000
OBJECT 17 -79.102203645 40.635353353 26.540001
OBJECT 17 -79.105531333 40.635905435 8.640000
OBJECT 18 -79.105686463 40.634345463 184.630005
OBJECT 19 -79.105644692 40.634496918 95.870003
OBJECT 18 -79.105955657 40.634519813 185.839996
OBJECT 20 -79.102168209 40.634814455 187.729996
OBJECT 18 -79.102637940 40.635157830 276.399994
OBJECT 16 -79.102712713 40.635303328 187.600006
OBJECT 18 -79.105317886 40.635501059 94.879997
OBJECT 21 -79.102376082 40.632494407 8.080000
OBJECT 22 -79.101989908 40.634667502 95.080002
OBJECT 23 -79.102981127 40.634732976 276.730011
OBJECT 24 -79.100813316 40.632700509 6.200000
OBJECT 25 -79.103817410 40.633257905 0.000000
FILTER -1
OBJECT_DEF lib/g10/US/industrial/light/Warehse15x30Lt.obj
OBJECT_DEF lib/airport/Common_Elements/Hangars/Sm_Gray_Hangar.agp
OBJECT_DEF lib/airport/Vintage_Airports/Hangars/Corrugated_Row.agp
OBJECT_DEF lib/airport/Common_Elements/Hangars/Sm_Brown_Hangar.agp
OBJECT_DEF lib/airport/European_Airports/hangars/25x20x5.obj
OBJECT_DEF lib/airport/Common_Elements/Hangars/Med_Gray_Hangar.agp
OBJECT_DEF lib/airport/Common_Elements/Misc_Buildings/Large_Office_1.agp
OBJECT_DEF lib/airport/Common_Elements/Vehicles/Cargo_Trailer.obj
OBJECT_DEF lib/airport/Common_Elements/Misc_Buildings/Small_Office_2.agp
OBJECT_DEF lib/airport/Common_Elements/Hangars/Long_Row_Beige.agp
OBJECT_DEF lib/airport/Common_Elements/Hangars/Sm_Blue_Hangar.agp
OBJECT_DEF lib/airport/Common_Elements/Hangars/Med_Brown_Hangar.agp
OBJECT_DEF lib/airport/Vintage_Airports/Terminals/Admin_Bldg.obj
OBJECT_DEF lib/g10/US/industrial/light/TinShed10x30Lt.obj
OBJECT_DEF lib/g10/US/industrial/light/WoodShed8x10.obj
OBJECT_DEF lib/g10/US/industrial/light/Shed13x24.obj
OBJECT_DEF lib/airport/Common_Elements/Parking_Items/Row_of_Cars_10.agp
OBJECT_DEF lib/airport/Common_Elements/Parking_Items/14_Single_Spaces.agp
OBJECT_DEF lib/airport/Common_Elements/Parking_Items/7_Single_Spaces.agp
OBJECT_DEF lib/airport/Common_Elements/Parking/10_Spaces_dual.obj
OBJECT_DEF lib/airport/Common_Elements/Parking/6_CarStop.obj
OBJECT_DEF lib/airport/Common_Elements/Fueling_Stations/Small_Fuel_Station.obj
OBJECT_DEF lib/airport/Common_Elements/vehicles/Fuel_Truck_Small.obj
OBJECT_DEF lib/airport/Common_Elements/vehicles/Fuel_Truck_Large.obj
OBJECT_DEF lib/airport/beacons/beacon_mil.obj
OBJECT_DEF lib/airport/landscape/windsock_lit.obj
POLYGON_DEF lib/airport/lines/12_double_hold_wide.lin
POLYGON_DEF lib/airport/pavement/asphalt_2D.pol
POLYGON_DEF lib/airport/pavement/asphalt_1L.pol
POLYGON_DEF lib/airport/pavement/asphalt_4D.pol
POLYGON_DEF lib/airport/lines/1_single_taxi.lin
POLYGON_DEF lib/airport/lines/20_road_edge.lin
POLYGON_DEF lib/airport/pavement/asphalt_5D.pol
POLYGON_DEF lib/airport/pavement/asphalt_6D.pol
POLYGON_DEF lib/airport/lines/25_road_dash_wide.lin
POLYGON_DEF lib/airport/Common_Elements/Misc_Buildings/White_Office.fac
PROPERTY sim/filter/aptid KIDI
PROPERTY sim/exclude_obj -79.118442/40.623666/-79.089551/40.642344
PROPERTY sim/exclude_fac -79.118442/40.623666/-79.089551/40.642344
PROPERTY sim/exclude_for -79.118442/40.623666/-79.089551/40.642344
PROPERTY sim/exclude_bch -79.118442/40.623666/-79.089551/40.642344
PROPERTY sim/exclude_net -79.118442/40.623666/-79.089551/40.642344
PROPERTY sim/exclude_lin -79.118442/40.623666/-79.089551/40.642344
PROPERTY sim/exclude_pol -79.118442/40.623666/-79.089551/40.642344
PROPERTY sim/exclude_str -79.118442/40.623666/-79.089551/40.642344
PROPERTY sim/require_agpoint 1/0
PROPERTY sim/require_object 1/0
PROPERTY sim/require_facade 1/9
PROPERTY sim/require_facade 6/0
