PROPERTY sim/west -180
PROPERTY sim/east 180
PROPERTY sim/north 90
PROPERTY sim/south -90
PROPERTY sim/planet earth
PROPERTY sim/creation_agent WorldEditor1.4.0r2
PROPERTY laminar/internal_revision 0
PROPERTY sim/overlay 1
BEGIN_POLYGON 0 0 4
BEGIN_WINDING
POLYGON_POINT -87.675334367 30.284732235 -87.675334367 30.284732235
POLYGON_POINT -87.675267246 30.284786852 -87.675229449 30.284801688
POLYGON_POINT -87.675049103 30.284789082 -87.675049103 30.284789082
POLYGON_POINT -87.674079723 30.284773477 -87.674079723 30.284773477
POLYGON_POINT -87.674095066 30.285306432 -87.674095066 30.285306432
POLYGON_POINT -87.675226981 30.285298533 -87.675226981 30.285298533
POLYGON_POINT -87.675178960 30.284881883 -87.675178960 30.284881883
POLYGON_POINT -87.675313876 30.284870035 -87.675346519 30.284881904
POLYGON_POINT -87.675389337 30.284950995 -87.675389337 30.284950995
POLYGON_POINT -87.675387050 30.284796973 -87.675387050 30.284796973
END_WINDING
END_POLYGON
BEGIN_POLYGON 1 0 4
BEGIN_WINDING
POLYGON_POINT -87.683062721 30.284571756 -87.683062721 30.284571756
POLYGON_POINT -87.682987260 30.284611249 -87.682987260 30.284611249
POLYGON_POINT -87.682948386 30.284634944 -87.682948386 30.284634944
POLYGON_POINT -87.682476669 30.284650928 -87.682476669 30.284650928
POLYGON_POINT -87.681442918 30.284908255 -87.680864828 30.285160546
POLYGON_POINT -87.680545053 30.285560063 -87.680545053 30.285560063
POLYGON_POINT -87.680039807 30.286506235 -87.679914037 30.286999305
POLYGON_POINT -87.680039807 30.286506235 -87.680039807 30.286506235
POLYGON_POINT -87.680039807 30.286506235 -87.680020275 30.286555874
POLYGON_POINT -87.679964937 30.286836077 -87.679964937 30.286836077
POLYGON_POINT -87.679812621 30.287633043 -87.679812621 30.287633043
POLYGON_POINT -87.679774898 30.287715410 -87.679741337 30.287755537
POLYGON_POINT -87.679670341 30.287771141 -87.679670341 30.287771141
POLYGON_POINT -87.679874036 30.287760422 -87.679874036 30.287760422
POLYGON_POINT -87.680044195 30.286877299 -87.680044195 30.286877299
POLYGON_POINT -87.680136327 30.286526091 -87.680181604 30.286374043
POLYGON_POINT -87.680136327 30.286526091 -87.680136327 30.286526091
POLYGON_POINT -87.680136327 30.286526091 -87.680241974 30.286072119
POLYGON_POINT -87.680621499 30.285602118 -87.680621499 30.285602118
POLYGON_POINT -87.681469183 30.284976549 -87.681926982 30.284783231
POLYGON_POINT -87.682226310 30.284768026 -87.682226310 30.284768026
POLYGON_POINT -87.682417479 30.284746305 -87.682417479 30.284746305
POLYGON_POINT -87.682865215 30.284715896 -87.682865215 30.284715896
POLYGON_POINT -87.683073990 30.284800608 -87.683073990 30.284800608
END_WINDING
END_POLYGON
BEGIN_POLYGON 2 0 4
BEGIN_WINDING
POLYGON_POINT -87.680577250 30.288880976 -87.680577250 30.288880976
POLYGON_POINT -87.681449049 30.288330015 -87.681449049 30.288330015
POLYGON_POINT -87.681611203 30.288177098 -87.681646408 30.288110220
POLYGON_POINT -87.681651742 30.288019575 -87.681651742 30.288019575
POLYGON_POINT -87.681627206 30.285367475 -87.681627206 30.285367475
POLYGON_POINT -87.681637874 30.285351815 -87.681648435 30.285342695
POLYGON_POINT -87.681661343 30.285343524 -87.681661343 30.285343524
POLYGON_POINT -87.681784022 30.285344445 -87.681784022 30.285344445
POLYGON_POINT -87.681782955 30.285162971 -87.681782955 30.285162971
POLYGON_POINT -87.681589869 30.285162050 -87.681589869 30.285162050
POLYGON_POINT -87.681587736 30.285129808 -87.681587736 30.285129808
POLYGON_POINT -87.681599470 30.285106779 -87.681611204 30.285096646
POLYGON_POINT -87.681656009 30.285093882 -87.681656009 30.285093882
POLYGON_POINT -87.682019779 30.285082828 -87.682019779 30.285082828
POLYGON_POINT -87.682128589 30.285077301 -87.682168486 30.285072234
POLYGON_POINT -87.682279004 30.285057034 -87.682279004 30.285057034
POLYGON_POINT -87.682311007 30.285067167 -87.682326262 30.285075273
POLYGON_POINT -87.682334476 30.285083749 -87.682334476 30.285083749
POLYGON_POINT -87.682462490 30.285773719 -87.682462490 30.285773719
POLYGON_POINT -87.682489159 30.285947823 -87.682491506 30.285999502
POLYGON_POINT -87.682497693 30.286143115 -87.682497693 30.286143115
POLYGON_POINT -87.682516896 30.288126433 -87.682516896 30.288126433
POLYGON_POINT -87.682527564 30.288150384 -87.682533431 30.288158490
POLYGON_POINT -87.682539299 30.288177098 -87.682539299 30.288177098
POLYGON_POINT -87.682533964 30.289123158 -87.682533964 30.289123158
POLYGON_POINT -87.682511561 30.289123158 -87.682511561 30.289123158
POLYGON_POINT -87.682504093 30.289109340 -87.682492358 30.289107313
POLYGON_POINT -87.682408080 30.289113025 -87.682408080 30.289113025
POLYGON_POINT -87.682386744 30.289131449 -87.682382050 30.289140569
POLYGON_POINT -87.682373942 30.289244755 -87.682377462 30.289256915
POLYGON_POINT -87.682611841 30.289254888 -87.682620055 30.289239688
POLYGON_POINT -87.682564902 30.286110873 -87.682564902 30.286110873
POLYGON_POINT -87.682550593 30.285933657 -87.682547073 30.285902244
POLYGON_POINT -87.682354627 30.284816993 -87.682354627 30.284816993
POLYGON_POINT -87.682367535 30.284780514 -87.682375749 30.284768354
POLYGON_POINT -87.682413300 30.284746062 -87.682413300 30.284746062
POLYGON_POINT -87.682224375 30.284766328 -87.682224375 30.284766328
POLYGON_POINT -87.682271313 30.284788621 -87.682281874 30.284798754
POLYGON_POINT -87.682285394 30.284813953 -87.682285394 30.284813953
POLYGON_POINT -87.682311210 30.284982162 -87.682311210 30.284982162
POLYGON_POINT -87.682281874 30.285013575 -87.682268966 30.285022695
POLYGON_POINT -87.682253711 30.285024721 -87.682253711 30.285024721
POLYGON_POINT -87.682069481 30.285050054 -87.682010809 30.285053094
POLYGON_POINT -87.681627092 30.285054107 -87.681627092 30.285054107
POLYGON_POINT -87.681564899 30.285082480 -87.681546124 30.285106799
POLYGON_POINT -87.681540257 30.285137198 -87.681540257 30.285137198
POLYGON_POINT -87.681546123 30.285431057 -87.681546123 30.285431057
POLYGON_POINT -87.681062661 30.285439164 -87.681062661 30.285439164
POLYGON_POINT -87.681062661 30.285510095 -87.681062661 30.285510095
POLYGON_POINT -87.681475716 30.285505029 -87.681475716 30.285505029
POLYGON_POINT -87.681525001 30.285522255 -87.681533215 30.285535428
POLYGON_POINT -87.681550816 30.285559747 -87.681550816 30.285559747
POLYGON_POINT -87.681546123 30.285716810 -87.681546123 30.285716810
POLYGON_POINT -87.681528521 30.285752276 -87.681516786 30.285758356
POLYGON_POINT -87.681479236 30.285773555 -87.681479236 30.285773555
POLYGON_POINT -87.680778685 30.285779635 -87.680778685 30.285779635
POLYGON_POINT -87.680785726 30.285848540 -87.680785726 30.285848540
POLYGON_POINT -87.681462808 30.285845500 -87.681462808 30.285845500
POLYGON_POINT -87.681533215 30.285864753 -87.681549643 30.285879953
POLYGON_POINT -87.681551991 30.285904272 -87.681551991 30.285904272
POLYGON_POINT -87.681554338 30.286056268 -87.681554338 30.286056268
POLYGON_POINT -87.681517961 30.286104906 -87.681494492 30.286121119
POLYGON_POINT -87.681460461 30.286122133 -87.681460461 30.286122133
POLYGON_POINT -87.680454808 30.286132266 -87.680454808 30.286132266
POLYGON_POINT -87.680454808 30.286195091 -87.680454808 30.286195091
POLYGON_POINT -87.681469849 30.286190024 -87.681469849 30.286190024
POLYGON_POINT -87.681532043 30.286211304 -87.681548471 30.286228530
POLYGON_POINT -87.681555512 30.286245756 -87.681555512 30.286245756
POLYGON_POINT -87.681554339 30.286404845 -87.681554339 30.286404845
POLYGON_POINT -87.681532043 30.286445377 -87.681521482 30.286456523
POLYGON_POINT -87.681498013 30.286460577 -87.681498013 30.286460577
POLYGON_POINT -87.680458325 30.286467670 -87.680458325 30.286467670
POLYGON_POINT -87.680457152 30.286537588 -87.680457152 30.286537588
POLYGON_POINT -87.681486279 30.286529482 -87.681486279 30.286529482
POLYGON_POINT -87.681530870 30.286551775 -87.681546125 30.286565961
POLYGON_POINT -87.681556686 30.286578121 -87.681556686 30.286578121
POLYGON_POINT -87.681559033 30.286746330 -87.681559033 30.286746330
POLYGON_POINT -87.681533217 30.286782809 -87.681515615 30.286794969
POLYGON_POINT -87.681489799 30.286802061 -87.681489799 30.286802061
POLYGON_POINT -87.680516998 30.286815234 -87.680516998 30.286815234
POLYGON_POINT -87.680531076 30.287498203 -87.680531076 30.287498203
POLYGON_POINT -87.680424290 30.287506310 -87.680423117 30.287509350
POLYGON_POINT -87.680425464 30.287569135 -87.680425464 30.287569135
POLYGON_POINT -87.681505060 30.287566095 -87.681505060 30.287566095
POLYGON_POINT -87.681540264 30.287578254 -87.681553172 30.287580281
POLYGON_POINT -87.681561387 30.287598521 -87.681561387 30.287598521
POLYGON_POINT -87.681563734 30.287792062 -87.681563734 30.287792062
POLYGON_POINT -87.681533223 30.287826515 -87.681515621 30.287833608
POLYGON_POINT -87.681481590 30.287837661 -87.681480417 30.287837661
POLYGON_POINT -87.680268216 30.287848807 -87.680268216 30.287848807
POLYGON_POINT -87.680255307 30.287879206 -87.680244746 30.287892379
POLYGON_POINT -87.680106275 30.287959258 -87.680106275 30.287959258
POLYGON_POINT -87.680040844 30.287970725 -87.680040844 30.287970725
POLYGON_POINT -87.680041703 30.288014248 -87.680041703 30.288014248
POLYGON_POINT -87.680146173 30.288102134 -87.680163775 30.288198398
POLYGON_POINT -87.680100408 30.288245010 -87.680100408 30.288245010
POLYGON_POINT -87.679958415 30.288408153 -87.679958415 30.288408153
POLYGON_POINT -87.679917343 30.288476044 -87.679899741 30.288511510
POLYGON_POINT -87.679898567 30.288553055 -87.679898567 30.288553055
POLYGON_POINT -87.679886832 30.288874274 -87.679886832 30.288874274
POLYGON_POINT -87.679930251 30.288878327 -87.679930251 30.288878327
POLYGON_POINT -87.679943159 30.288558122 -87.679943159 30.288558122
POLYGON_POINT -87.679960762 30.288482124 -87.679979538 30.288428419
POLYGON_POINT -87.680139132 30.288266290 -87.680139132 30.288266290
POLYGON_POINT -87.680183724 30.288241970 -87.680204847 30.288234877
POLYGON_POINT -87.680250613 30.288229811 -87.680250613 30.288229811
POLYGON_POINT -87.681259810 30.288223731 -87.681259810 30.288223731
POLYGON_POINT -87.681329045 30.288264263 -87.681343127 30.288299729
POLYGON_POINT -87.681317310 30.288324048 -87.681317310 30.288324048
POLYGON_POINT -87.680526573 30.288819306 -87.680526573 30.288819306
END_WINDING
BEGIN_WINDING
POLYGON_POINT -87.681385284 30.287492376 -87.681385284 30.287492376
POLYGON_POINT -87.681387846 30.287228435 -87.681387846 30.287228435
POLYGON_POINT -87.681493660 30.287225261 -87.681493660 30.287225261
POLYGON_POINT -87.681543968 30.287248957 -87.681557545 30.287266543
POLYGON_POINT -87.681557689 30.287292399 -87.681557689 30.287292399
POLYGON_POINT -87.681562262 30.287466168 -87.681562262 30.287466168
POLYGON_POINT -87.681525674 30.287495788 -87.681510157 30.287502488
POLYGON_POINT -87.681495946 30.287499737 -87.681495946 30.287499737
END_WINDING
BEGIN_WINDING
POLYGON_POINT -87.681388097 30.287149971 -87.681388097 30.287149971
POLYGON_POINT -87.681387128 30.286881989 -87.681387128 30.286881989
POLYGON_POINT -87.681471501 30.286880314 -87.681471501 30.286880314
POLYGON_POINT -87.681527750 30.286894551 -87.681548116 30.286912137
POLYGON_POINT -87.681551995 30.286929723 -87.681551995 30.286929723
POLYGON_POINT -87.681558784 30.287093025 -87.681558784 30.287093025
POLYGON_POINT -87.681543267 30.287133222 -87.681526780 30.287144946
POLYGON_POINT -87.681503505 30.287154996 -87.681503505 30.287154996
END_WINDING
BEGIN_WINDING
POLYGON_POINT -87.681477215 30.287923484 -87.681477215 30.287923484
POLYGON_POINT -87.681522572 30.287916956 -87.681522572 30.287916956
POLYGON_POINT -87.681573599 30.288034456 -87.681566039 30.288134004
POLYGON_POINT -87.681515012 30.288147059 -87.681515012 30.288147059
POLYGON_POINT -87.681477215 30.288137268 -87.681477215 30.288137268
END_WINDING
END_POLYGON
BEGIN_POLYGON 3 0 4
BEGIN_WINDING
POLYGON_POINT -87.679088420 30.287799484 -87.679088420 30.287799484
POLYGON_POINT -87.679093229 30.287846547 -87.679093229 30.287846547
POLYGON_POINT -87.679239904 30.287840318 -87.679239904 30.287840318
POLYGON_POINT -87.679254331 30.287978046 -87.679254331 30.287978046
POLYGON_POINT -87.679201221 30.287984717 -87.679201221 30.287984717
POLYGON_POINT -87.679220967 30.288079493 -87.679220967 30.288079493
POLYGON_POINT -87.679267155 30.288081169 -87.679267155 30.288081169
POLYGON_POINT -87.679280781 30.288155224 -87.679280781 30.288155224
POLYGON_POINT -87.680044614 30.288114390 -87.680044614 30.288114390
POLYGON_POINT -87.680037400 30.287865234 -87.680037400 30.287865234
POLYGON_POINT -87.679899542 30.287873539 -87.679899542 30.287873539
POLYGON_POINT -87.679870688 30.287788410 -87.679875497 30.287776644
POLYGON_POINT -87.679934007 30.287776644 -87.679934007 30.287776644
POLYGON_POINT -87.679930801 30.287757266 -87.679930801 30.287757266
POLYGON_POINT -87.679399404 30.287781489 -87.679399404 30.287781489
POLYGON_POINT -87.679394595 30.287703974 -87.679394595 30.287703974
POLYGON_POINT -87.679367344 30.287703282 -87.679367344 30.287703282
POLYGON_POINT -87.679365741 30.287781489 -87.679365741 30.287781489
END_WINDING
END_POLYGON
BEGIN_POLYGON 4 0 2
BEGIN_WINDING
POLYGON_POINT -87.679598310 30.288786315
POLYGON_POINT -87.679640864 30.288783856
POLYGON_POINT -87.679644910 30.288758235
POLYGON_POINT -87.679828328 30.288746589
POLYGON_POINT -87.679813492 30.288474079
POLYGON_POINT -87.679571384 30.288493356
END_WINDING
END_POLYGON
BEGIN_POLYGON 5 0 2
BEGIN_WINDING
POLYGON_POINT -87.678896307 30.285684599
POLYGON_POINT -87.678764903 30.284461379
POLYGON_POINT -87.677960717 30.284520384
POLYGON_POINT -87.677989626 30.284738249
POLYGON_POINT -87.678092108 30.285745874
END_WINDING
END_POLYGON
BEGIN_POLYGON 6 0 2
BEGIN_WINDING
POLYGON_POINT -87.679036452 30.287253317
POLYGON_POINT -87.678985304 30.286680786
POLYGON_POINT -87.678896307 30.285684599
POLYGON_POINT -87.678092108 30.285745874
POLYGON_POINT -87.678218963 30.287177438
POLYGON_POINT -87.678222108 30.287343527
END_WINDING
END_POLYGON
BEGIN_POLYGON 2 0 4
BEGIN_WINDING
POLYGON_POINT -87.679349128 30.288982116 -87.679349128 30.288982116
POLYGON_POINT -87.679333740 30.288855855 -87.679333740 30.288855855
POLYGON_POINT -87.679296737 30.288798715 -87.679323451 30.288789170
POLYGON_POINT -87.679598310 30.288786315 -87.679598310 30.288786315
POLYGON_POINT -87.679571384 30.288493356 -87.679571384 30.288493356
POLYGON_POINT -87.679549843 30.288470105 -87.679529613 30.288461953
POLYGON_POINT -87.679201598 30.288468555 -87.679181368 30.288452251
POLYGON_POINT -87.679113639 30.288119794 -87.679116336 30.288104655
POLYGON_POINT -87.679221988 30.288079493 -87.679221988 30.288079493
POLYGON_POINT -87.679202242 30.287984717 -87.679202242 30.287984717
POLYGON_POINT -87.679126205 30.287975640 -87.679093837 30.287963994
POLYGON_POINT -87.679101074 30.287933788 -87.679101074 30.287933788
POLYGON_POINT -87.679048301 30.287378090 -87.679048301 30.287378090
POLYGON_POINT -87.679036452 30.287253317 -87.679036452 30.287253317
POLYGON_POINT -87.678222108 30.287343527 -87.678222108 30.287343527
POLYGON_POINT -87.678224546 30.287479967 -87.678224546 30.287479967
POLYGON_POINT -87.678236603 30.288053626 -87.678260256 30.288391770
POLYGON_POINT -87.678460271 30.288872468 -87.678460271 30.288872468
POLYGON_POINT -87.678733470 30.289035279 -87.678733470 30.289035279
POLYGON_POINT -87.678822095 30.288971115 -87.678882892 30.288969524
END_WINDING
END_POLYGON
BEGIN_POLYGON 7 0 4
BEGIN_WINDING
POLYGON_POINT -87.674970437 30.284276750 -87.674970437 30.284276750
POLYGON_POINT -87.674974633 30.284187705 -87.674974633 30.284187705
POLYGON_POINT -87.674961258 30.284048148 -87.674961258 30.284048148
POLYGON_POINT -87.674960129 30.283842060 -87.674960129 30.283842060
POLYGON_POINT -87.674467057 30.283843544 -87.674401772 30.283824257
POLYGON_POINT -87.674463621 30.283739693 -87.674463621 30.283739693
POLYGON_POINT -87.674284947 30.283818323 -87.674284947 30.283818323
POLYGON_POINT -87.674367412 30.283862831 -87.674388028 30.283901404
POLYGON_POINT -87.674384592 30.284100204 -87.674384592 30.284100204
POLYGON_POINT -87.674484237 30.284100204 -87.674484237 30.284100204
POLYGON_POINT -87.674482519 30.284264881 -87.674482519 30.284264881
END_WINDING
END_POLYGON
BEGIN_POLYGON 8 0 2
BEGIN_WINDING
POLYGON_POINT -87.675049103 30.284789082
POLYGON_POINT -87.675037045 30.284687220
POLYGON_POINT -87.675023670 30.284564026
POLYGON_POINT -87.675004798 30.284340544
POLYGON_POINT -87.674374283 30.284350929
POLYGON_POINT -87.674389746 30.284778201
END_WINDING
END_POLYGON
BEGIN_POLYGON 6 0 2
BEGIN_WINDING
POLYGON_POINT -87.680044195 30.286877299
POLYGON_POINT -87.679874036 30.287760422
POLYGON_POINT -87.679931822 30.287757266
POLYGON_POINT -87.679948976 30.287678200
POLYGON_POINT -87.680013337 30.287681245
POLYGON_POINT -87.680030088 30.287621101
POLYGON_POINT -87.679966609 30.287591410
POLYGON_POINT -87.680082105 30.286983122
POLYGON_POINT -87.680166744 30.286992257
POLYGON_POINT -87.680175560 30.286923739
END_WINDING
END_POLYGON
BEGIN_POLYGON 8 0 2
BEGIN_WINDING
POLYGON_POINT -87.679976643 30.287835359
POLYGON_POINT -87.680199649 30.287836991
POLYGON_POINT -87.680407536 30.286766438
POLYGON_POINT -87.680216658 30.286737063
END_WINDING
END_POLYGON
BEGIN_POLYGON 8 0 2
BEGIN_WINDING
POLYGON_POINT -87.680424543 30.287572616
POLYGON_POINT -87.680386745 30.287845150
POLYGON_POINT -87.681386500 30.287832095
POLYGON_POINT -87.681378940 30.287569352
END_WINDING
END_POLYGON
BEGIN_POLYGON 3 0 2
BEGIN_WINDING
POLYGON_POINT -87.681650279 30.287887320
POLYGON_POINT -87.681651742 30.288019575
POLYGON_POINT -87.681611203 30.288177098
POLYGON_POINT -87.682132202 30.288176174
POLYGON_POINT -87.682132202 30.288097841
POLYGON_POINT -87.682122753 30.287879161
END_WINDING
END_POLYGON
BEGIN_POLYGON 4 0 4
BEGIN_WINDING
POLYGON_POINT -87.681648389 30.287485863 -87.681648389 30.287485863
POLYGON_POINT -87.681650279 30.287714335 -87.681650279 30.287714335
POLYGON_POINT -87.681809030 30.287689855 -87.681809030 30.287689855
POLYGON_POINT -87.681809030 30.287777980 -87.681812810 30.287776348
POLYGON_POINT -87.682262604 30.287782876 -87.682262604 30.287782876
POLYGON_POINT -87.682256934 30.287412426 -87.682256934 30.287412426
POLYGON_POINT -87.681795800 30.287412426 -87.681795800 30.287412426
POLYGON_POINT -87.681809030 30.287503814 -87.681809030 30.287503814
END_WINDING
END_POLYGON
BEGIN_POLYGON 4 0 2
BEGIN_WINDING
POLYGON_POINT -87.681642720 30.286989753
POLYGON_POINT -87.681646500 30.287338988
POLYGON_POINT -87.681680517 30.287306349
POLYGON_POINT -87.681797690 30.287304717
POLYGON_POINT -87.681801470 30.287356940
POLYGON_POINT -87.682260710 30.287356940
POLYGON_POINT -87.682249370 30.286984857
POLYGON_POINT -87.682512063 30.286986489
POLYGON_POINT -87.682500724 30.286893468
POLYGON_POINT -87.682251260 30.286913052
POLYGON_POINT -87.682245591 30.286862462
POLYGON_POINT -87.681797690 30.286859198
POLYGON_POINT -87.681799580 30.287028919
POLYGON_POINT -87.681680517 30.287020760
END_WINDING
END_POLYGON
BEGIN_POLYGON 3 0 4
BEGIN_WINDING
POLYGON_POINT -87.681640830 30.286570344 -87.681640830 30.286570344
POLYGON_POINT -87.681637050 30.286797184 -87.681637050 30.286797184
POLYGON_POINT -87.681701306 30.286753121 -87.681739103 30.286754753
POLYGON_POINT -87.681790130 30.286805344 -87.681790130 30.286805344
POLYGON_POINT -87.682207791 30.286826559 -87.682207791 30.286826559
POLYGON_POINT -87.682226690 30.286751490 -87.682226690 30.286751490
POLYGON_POINT -87.682224800 30.286707427 -87.682224800 30.286707427
POLYGON_POINT -87.682079280 30.286700899 -87.682079280 30.286700899
POLYGON_POINT -87.682071721 30.286583400 -87.682071721 30.286583400
END_WINDING
END_POLYGON
BEGIN_POLYGON 3 0 2
BEGIN_WINDING
POLYGON_POINT -87.681637050 30.286247220
POLYGON_POINT -87.681644609 30.286474060
POLYGON_POINT -87.682334410 30.286446317
POLYGON_POINT -87.682319291 30.286345136
POLYGON_POINT -87.682239917 30.286353296
POLYGON_POINT -87.682224798 30.286385935
POLYGON_POINT -87.682152983 30.286390831
POLYGON_POINT -87.682145423 30.286248852
POLYGON_POINT -87.681877063 30.286247220
POLYGON_POINT -87.681878953 30.286198262
POLYGON_POINT -87.681795799 30.286198262
POLYGON_POINT -87.681784459 30.286248852
END_WINDING
END_POLYGON
BEGIN_POLYGON 1 0 4
BEGIN_WINDING
POLYGON_POINT -87.681638939 30.285925728 -87.681638939 30.285925728
POLYGON_POINT -87.681638939 30.285925728 -87.681640829 30.285930624
POLYGON_POINT -87.681638939 30.286106873 -87.681638939 30.286106873
POLYGON_POINT -87.681793907 30.286106873 -87.681793907 30.286106873
POLYGON_POINT -87.681792017 30.286141144 -87.681792017 30.286141144
POLYGON_POINT -87.682234244 30.286128088 -87.682234244 30.286128088
POLYGON_POINT -87.682239914 30.286013852 -87.682239914 30.286013852
POLYGON_POINT -87.682175659 30.286004061 -87.682175659 30.286004061
POLYGON_POINT -87.682177548 30.285891457 -87.682177548 30.285891457
POLYGON_POINT -87.681775009 30.285883297 -87.681775009 30.285883297
POLYGON_POINT -87.681784458 30.285932255 -87.681784458 30.285932255
POLYGON_POINT -87.681638939 30.285925728 -87.681640829 30.285930624
END_WINDING
END_POLYGON
BEGIN_POLYGON 8 0 2
BEGIN_WINDING
POLYGON_POINT -87.681633269 30.285432881
POLYGON_POINT -87.681635159 30.285801700
POLYGON_POINT -87.682256920 30.285793540
POLYGON_POINT -87.682260700 30.285427986
END_WINDING
END_POLYGON
BEGIN_POLYGON 9 0 2
BEGIN_WINDING
POLYGON_POINT -87.681784022 30.285344445
POLYGON_POINT -87.682130299 30.285361076
POLYGON_POINT -87.682117070 30.285161979
POLYGON_POINT -87.681782955 30.285162971
END_WINDING
END_POLYGON
BEGIN_POLYGON 3 0 2
BEGIN_WINDING
POLYGON_POINT -87.681379107 30.285777759
POLYGON_POINT -87.681372859 30.285586242
POLYGON_POINT -87.681268214 30.285584893
POLYGON_POINT -87.681263529 30.285509365
POLYGON_POINT -87.681110466 30.285509365
POLYGON_POINT -87.681112028 30.285588939
POLYGON_POINT -87.680996450 30.285595683
POLYGON_POINT -87.681010507 30.285777759
END_WINDING
END_POLYGON
BEGIN_POLYGON 3 0 2
BEGIN_WINDING
POLYGON_POINT -87.680824645 30.285847892
POLYGON_POINT -87.680835578 30.286123029
POLYGON_POINT -87.681383794 30.286121680
POLYGON_POINT -87.681382232 30.285849240
END_WINDING
END_POLYGON
BEGIN_POLYGON 9 0 2
BEGIN_WINDING
POLYGON_POINT -87.680454808 30.286195091
POLYGON_POINT -87.680458325 30.286467670
POLYGON_POINT -87.681384751 30.286460485
POLYGON_POINT -87.681379588 30.286195202
END_WINDING
END_POLYGON
BEGIN_POLYGON 9 0 2
BEGIN_WINDING
POLYGON_POINT -87.681386044 30.286803794
POLYGON_POINT -87.681380880 30.286536281
POLYGON_POINT -87.680537982 30.286540739
POLYGON_POINT -87.680536691 30.286813825
END_WINDING
END_POLYGON
BEGIN_POLYGON 2 0 4
BEGIN_WINDING
POLYGON_POINT -87.677302810 30.283624071 -87.677302810 30.283624071
POLYGON_POINT -87.677367759 30.283521800 -87.677413114 30.283464682
POLYGON_POINT -87.677472312 30.283451578 -87.677472312 30.283451578
POLYGON_POINT -87.678608188 30.283362407 -87.678608188 30.283362407
POLYGON_POINT -87.678723066 30.283411451 -87.678749523 30.283439194
POLYGON_POINT -87.678755335 30.283490591 -87.678755335 30.283490591
POLYGON_POINT -87.678871509 30.284413510 -87.678871509 30.284413510
POLYGON_POINT -87.678864430 30.284440172 -87.678857144 30.284450868
POLYGON_POINT -87.678845693 30.284455867 -87.678845693 30.284455867
POLYGON_POINT -87.678765665 30.284460325 -87.678765665 30.284460325
POLYGON_POINT -87.678773410 30.284527203 -87.678773410 30.284527203
POLYGON_POINT -87.678837949 30.284516057 -87.678870737 30.284517315
POLYGON_POINT -87.678886998 30.284543923 -87.678886998 30.284543923
POLYGON_POINT -87.678990264 30.285620663 -87.678990264 30.285620663
POLYGON_POINT -87.679061258 30.285760702 -87.679114063 30.285816434
POLYGON_POINT -87.679253587 30.285832444 -87.679253587 30.285832444
POLYGON_POINT -87.680151982 30.285834673 -87.680151982 30.285834673
POLYGON_POINT -87.680157145 30.285733241 -87.680157145 30.285733241
POLYGON_POINT -87.679243260 30.285733241 -87.679243260 30.285733241
POLYGON_POINT -87.679105262 30.285592087 -87.679098221 30.285471503
POLYGON_POINT -87.679225189 30.285449009 -87.679225189 30.285449009
POLYGON_POINT -87.680447575 30.285440091 -87.680447575 30.285440091
POLYGON_POINT -87.680448865 30.285345347 -87.680448865 30.285345347
POLYGON_POINT -87.679212282 30.285346462 -87.679212282 30.285346462
POLYGON_POINT -87.679059968 30.285199330 -87.679057621 30.285073680
POLYGON_POINT -87.679199374 30.285053312 -87.679199374 30.285053312
POLYGON_POINT -87.680691531 30.285054427 -87.680691531 30.285054427
POLYGON_POINT -87.680758535 30.285061925 -87.680776137 30.285065978
POLYGON_POINT -87.680810284 30.285088981 -87.680810284 30.285088981
POLYGON_POINT -87.680877405 30.285169235 -87.680877405 30.285169235
POLYGON_POINT -87.680882803 30.285201559 -87.680886323 30.285217772
POLYGON_POINT -87.680874823 30.285245030 -87.680874823 30.285245030
POLYGON_POINT -87.681027137 30.285133566 -87.681027137 30.285133566
POLYGON_POINT -87.680980668 30.285135795 -87.680956026 30.285136808
POLYGON_POINT -87.680935491 30.285124649 -87.680935491 30.285124649
POLYGON_POINT -87.680868369 30.285038822 -87.680860155 30.285021596
POLYGON_POINT -87.680852878 30.284999810 -87.680852878 30.284999810
POLYGON_POINT -87.680843840 30.284248544 -87.680843840 30.284248544
POLYGON_POINT -87.680801245 30.284161602 -87.680756654 30.284119043
POLYGON_POINT -87.680673458 30.284119246 -87.680673458 30.284119246
POLYGON_POINT -87.679093545 30.284121475 -87.679093545 30.284121475
POLYGON_POINT -87.678934779 30.283953165 -87.678921871 30.283775836
POLYGON_POINT -87.679071602 30.283750301 -87.679071602 30.283750301
POLYGON_POINT -87.680767679 30.283745843 -87.680767679 30.283745843
POLYGON_POINT -87.680854161 30.283792657 -87.680881150 30.283826096
POLYGON_POINT -87.680885140 30.283857306 -87.680885140 30.283857306
POLYGON_POINT -87.680886431 30.284059056 -87.680886431 30.284059056
POLYGON_POINT -87.680963877 30.284216220 -87.681036630 30.284292218
POLYGON_POINT -87.681189763 30.284296473 -87.681189763 30.284296473
POLYGON_POINT -87.682412130 30.284294244 -87.682412130 30.284294244
POLYGON_POINT -87.682497087 30.284343592 -87.682541678 30.284383111
POLYGON_POINT -87.682536045 30.284419084 -87.682536045 30.284419084
POLYGON_POINT -87.682532172 30.284615260 -87.682532172 30.284615260
POLYGON_POINT -87.682507647 30.284638667 -87.682499433 30.284644747
POLYGON_POINT -87.682476669 30.284650928 -87.682476669 30.284650928
POLYGON_POINT -87.682650102 30.284653563 -87.682650102 30.284653563
POLYGON_POINT -87.682623696 30.284626626 -87.682607268 30.284613453
POLYGON_POINT -87.682609492 30.284605410 -87.682609492 30.284605410
POLYGON_POINT -87.682598519 30.283211814 -87.682598519 30.283211814
POLYGON_POINT -87.682579087 30.283140457 -87.682557017 30.283108156
POLYGON_POINT -87.682516110 30.283105657 -87.682516110 30.283105657
POLYGON_POINT -87.679097445 30.283108921 -87.679097445 30.283108921
POLYGON_POINT -87.679103114 30.283167671 -87.679103114 30.283167671
POLYGON_POINT -87.682480203 30.283164407 -87.682480203 30.283164407
POLYGON_POINT -87.682519889 30.283180726 -87.682530450 30.283195926
POLYGON_POINT -87.682531228 30.283211733 -87.682531228 30.283211733
POLYGON_POINT -87.682529341 30.284037495 -87.682529341 30.284037495
POLYGON_POINT -87.682489655 30.284119092 -87.682452105 30.284153544
POLYGON_POINT -87.682397054 30.284153363 -87.682397054 30.284153363
POLYGON_POINT -87.681197020 30.284159891 -87.681197020 30.284159891
POLYGON_POINT -87.681089300 30.284125620 -87.681054449 30.284099983
POLYGON_POINT -87.681055284 30.284063606 -87.681055284 30.284063606
POLYGON_POINT -87.681051504 30.283862877 -87.681051504 30.283862877
POLYGON_POINT -87.681091190 30.283794336 -87.681132495 30.283748636
POLYGON_POINT -87.681170563 30.283748642 -87.681170563 30.283748642
POLYGON_POINT -87.682491544 30.283740482 -87.682491544 30.283740482
POLYGON_POINT -87.682487765 30.283608295 -87.682487765 30.283608295
POLYGON_POINT -87.679091765 30.283611559 -87.679091765 30.283611559
POLYGON_POINT -87.678987825 30.283575656 -87.678929740 30.283534414
POLYGON_POINT -87.678917902 30.283497323 -87.678917902 30.283497323
POLYGON_POINT -87.678810183 30.283280275 -87.678687560 30.283204480
POLYGON_POINT -87.678596635 30.283223157 -87.678596635 30.283223157
POLYGON_POINT -87.676942270 30.283363368 -87.676942270 30.283363368
POLYGON_POINT -87.677174666 30.283432764 -87.677262783 30.283483493
END_WINDING
BEGIN_WINDING
POLYGON_POINT -87.678995684 30.284460669 -87.678995684 30.284460669
POLYGON_POINT -87.678980864 30.284336442 -87.678980864 30.284336442
POLYGON_POINT -87.679026887 30.284254510 -87.679062809 30.284227536
POLYGON_POINT -87.679123755 30.284218782 -87.679123755 30.284218782
POLYGON_POINT -87.680662220 30.284214022 -87.680662220 30.284214022
POLYGON_POINT -87.680715333 30.284224259 -87.680735637 30.284231003
POLYGON_POINT -87.680760589 30.284247539 -87.680760589 30.284247539
POLYGON_POINT -87.680769012 30.284495300 -87.680769012 30.284495300
POLYGON_POINT -87.680727504 30.284540434 -87.680702515 30.284555270
POLYGON_POINT -87.680655378 30.284558156 -87.680655378 30.284558156
POLYGON_POINT -87.679107557 30.284558026 -87.679107557 30.284558026
POLYGON_POINT -87.679030980 30.284525260 -87.679007552 30.284499634
END_WINDING
BEGIN_WINDING
POLYGON_POINT -87.679174048 30.284952111 -87.679174048 30.284952111
POLYGON_POINT -87.679029249 30.284812102 -87.679013760 30.284672772
POLYGON_POINT -87.679162980 30.284670171 -87.679162980 30.284670171
POLYGON_POINT -87.680673711 30.284663003 -87.680673711 30.284663003
POLYGON_POINT -87.680738091 30.284680529 -87.680760034 30.284696134
POLYGON_POINT -87.680738091 30.284680529 -87.680738091 30.284680529
POLYGON_POINT -87.680738091 30.284680529 -87.680770361 30.284701707
POLYGON_POINT -87.680776086 30.284727515 -87.680776086 30.284727515
POLYGON_POINT -87.680770552 30.284882821 -87.680770552 30.284882821
POLYGON_POINT -87.680742883 30.284935386 -87.680718358 30.284956564
POLYGON_POINT -87.680684778 30.284952111 -87.680684778 30.284952111
END_WINDING
END_POLYGON
PROPERTY sim/exclude_obj -87.662231/30.286764/-87.649918/30.293546
PROPERTY sim/exclude_fac -87.662231/30.286764/-87.649918/30.293546
PROPERTY sim/exclude_for -87.662231/30.286764/-87.649918/30.293546
PROPERTY sim/exclude_obj -87.666725/30.288433/-87.661739/30.292476
PROPERTY sim/exclude_fac -87.666725/30.288433/-87.661739/30.292476
PROPERTY sim/exclude_for -87.666725/30.288433/-87.661739/30.292476
PROPERTY sim/exclude_obj -87.675312/30.288476/-87.666418/30.293675
PROPERTY sim/exclude_fac -87.675312/30.288476/-87.666418/30.293675
PROPERTY sim/exclude_for -87.675312/30.288476/-87.666418/30.293675
PROPERTY sim/exclude_obj -87.675247/30.283075/-87.671609/30.285317
PROPERTY sim/exclude_fac -87.675247/30.283075/-87.671609/30.285317
PROPERTY sim/exclude_for -87.675247/30.283075/-87.671609/30.285317
PROPERTY sim/exclude_obj -87.682812/30.283037/-87.675177/30.293637
PROPERTY sim/exclude_fac -87.682812/30.283037/-87.675177/30.293637
PROPERTY sim/exclude_for -87.682812/30.283037/-87.675177/30.293637
PROPERTY sim/exclude_net -87.682812/30.283037/-87.675177/30.293637
PROPERTY sim/exclude_obj -87.678672/30.293555/-87.676033/30.296924
PROPERTY sim/exclude_fac -87.678672/30.293555/-87.676033/30.296924
PROPERTY sim/exclude_for -87.678672/30.293555/-87.676033/30.296924
BEGIN_POLYGON 10 10 4
BEGIN_WINDING
POLYGON_POINT -87.679395312 30.286805577 -87.679395312 30.286805577
POLYGON_POINT -87.679484968 30.286800955 -87.679484968 30.286800955
POLYGON_POINT -87.679489036 30.286859265 -87.679489036 30.286859265
POLYGON_POINT -87.679836091 30.286848046 -87.679836091 30.286848046
POLYGON_POINT -87.679976096 30.286385991 -87.679976096 30.286385991
POLYGON_POINT -87.680293242 30.285707414 -87.680454741 30.285458217
POLYGON_POINT -87.680815793 30.285157205 -87.680815793 30.285157205
POLYGON_POINT -87.680828469 30.285125860 -87.680828469 30.285125860
POLYGON_POINT -87.680888968 30.285085061 -87.680888968 30.285085061
POLYGON_POINT -87.680931372 30.285077699 -87.680931372 30.285077699
POLYGON_POINT -87.681582656 30.284748485 -87.681887117 30.284631888
POLYGON_POINT -87.682486356 30.284575205 -87.682486356 30.284575205
POLYGON_POINT -87.682484367 30.284535699 -87.682484367 30.284535699
POLYGON_POINT -87.682663386 30.284539134 -87.682663386 30.284539134
POLYGON_POINT -87.682669347 30.283072248 -87.682669347 30.283072248
END_WINDING
END_POLYGON
BEGIN_POLYGON 10 10 4
BEGIN_WINDING
POLYGON_POINT -87.674521136 30.285224519 -87.674521136 30.285224519
POLYGON_POINT -87.674515841 30.285331971 -87.674515841 30.285331971
POLYGON_POINT -87.675278324 30.285350261 -87.675278324 30.285350261
POLYGON_POINT -87.675565872 30.288224724 -87.675565872 30.288224724
POLYGON_POINT -87.673976794 30.288224724 -87.673976794 30.288224724
POLYGON_POINT -87.672273032 30.288254403 -87.672273032 30.288254403
POLYGON_POINT -87.669637133 30.288257446 -87.669637133 30.288257446
POLYGON_POINT -87.666497313 30.288260489 -87.666497313 30.288260489
POLYGON_POINT -87.662261553 30.288257446 -87.662261553 30.288257446
POLYGON_POINT -87.660305774 30.288266575 -87.660305774 30.288266575
POLYGON_POINT -87.657948267 30.288254403 -87.657948267 30.288254403
POLYGON_POINT -87.654734445 30.288236146 -87.654734445 30.288236146
POLYGON_POINT -87.652524941 30.288230060 -87.652524941 30.288230060
POLYGON_POINT -87.651559386 30.288108342 -87.651559386 30.288108342
POLYGON_POINT -87.650308394 30.287925765 -87.650308394 30.287925765
POLYGON_POINT -87.650068767 30.288178329 -87.650068767 30.288178329
POLYGON_POINT -87.649843236 30.288208759 -87.649843236 30.288208759
POLYGON_POINT -87.649850259 30.290040614 -87.649850259 30.290040614
POLYGON_POINT -87.649917215 30.290089301 -87.649917215 30.290089301
POLYGON_POINT -87.649913691 30.290220148 -87.649913691 30.290220148
POLYGON_POINT -87.649822067 30.290408811 -87.649822067 30.290408811
POLYGON_POINT -87.649822050 30.292159274 -87.649822050 30.292159274
POLYGON_POINT -87.649822033 30.293865601 -87.649822033 30.293865601
POLYGON_POINT -87.651214062 30.293783441 -87.651214062 30.293783441
POLYGON_POINT -87.652821060 30.293765184 -87.652821060 30.293765184
POLYGON_POINT -87.655245898 30.293766599 -87.655245898 30.293766599
POLYGON_POINT -87.658033224 30.293768227 -87.658033224 30.293768227
POLYGON_POINT -87.658145995 30.293835171 -87.658145995 30.293835171
POLYGON_POINT -87.661365326 30.293829559 -87.661365326 30.293829559
POLYGON_POINT -87.666669655 30.293820312 -87.666669655 30.293820312
POLYGON_POINT -87.670364119 30.293813871 -87.670364119 30.293813871
POLYGON_POINT -87.670364119 30.293628251 -87.670364119 30.293628251
POLYGON_POINT -87.670864542 30.293640423 -87.670864542 30.293640423
POLYGON_POINT -87.673129718 30.293645436 -87.673129718 30.293645436
POLYGON_POINT -87.676121175 30.293652056 -87.676121175 30.293652056
POLYGON_POINT -87.676273319 30.295247310 -87.676273319 30.295247310
POLYGON_POINT -87.676430854 30.296899082 -87.676430854 30.296899082
POLYGON_POINT -87.678642849 30.296889532 -87.678642849 30.296889532
POLYGON_POINT -87.678492444 30.295166061 -87.678492444 30.295166061
POLYGON_POINT -87.678347158 30.293501252 -87.678347158 30.293501252
POLYGON_POINT -87.679281397 30.293507947 -87.679281397 30.293507947
POLYGON_POINT -87.679393815 30.293484516 -87.679393815 30.293484516
POLYGON_POINT -87.679432579 30.293410877 -87.679432579 30.293410877
POLYGON_POINT -87.679432579 30.292597496 -87.679432579 30.292597496
POLYGON_POINT -87.679587638 30.292259425 -87.679587638 30.292259425
POLYGON_POINT -87.679994667 30.292102104 -87.679994667 30.292102104
POLYGON_POINT -87.682539507 30.292084560 -87.682539507 30.292084560
POLYGON_POINT -87.682628439 30.292040832 -87.682628439 30.292040832
POLYGON_POINT -87.682632706 30.290814502 -87.682632706 30.290814502
POLYGON_POINT -87.682637055 30.289564412 -87.682637055 30.289564412
POLYGON_POINT -87.682642355 30.288041151 -87.682642355 30.288041151
POLYGON_POINT -87.682647874 30.286454945 -87.682647874 30.286454945
POLYGON_POINT -87.682653176 30.284931284 -87.682653176 30.284931284
POLYGON_POINT -87.682295313 30.284940799 -87.682295313 30.284940799
POLYGON_POINT -87.682278874 30.284856916 -87.682278874 30.284856916
POLYGON_POINT -87.680866989 30.285508289 -87.680318232 30.286071262
POLYGON_POINT -87.680194252 30.286726590 -87.680194252 30.286726590
POLYGON_POINT -87.680012198 30.287633464 -87.680012198 30.287633464
END_WINDING
END_POLYGON
BEGIN_POLYGON 10 10 2
BEGIN_WINDING
POLYGON_POINT -87.682669347 30.283072248
POLYGON_POINT -87.680745211 30.283069323
POLYGON_POINT -87.680538446 30.282262062
POLYGON_POINT -87.679193023 30.282332477
POLYGON_POINT -87.678893066 30.283074353
POLYGON_POINT -87.677704894 30.282961185
POLYGON_POINT -87.677655387 30.282073449
POLYGON_POINT -87.676752615 30.282068419
POLYGON_POINT -87.676688547 30.282023152
POLYGON_POINT -87.676478871 30.282040756
POLYGON_POINT -87.676426452 30.282063390
POLYGON_POINT -87.674958717 30.282096082
POLYGON_POINT -87.675063558 30.283066808
POLYGON_POINT -87.675005319 30.283838862
POLYGON_POINT -87.674684975 30.283826288
POLYGON_POINT -87.674679151 30.284022445
END_WINDING
END_POLYGON
BEGIN_POLYGON 10 10 2
BEGIN_WINDING
POLYGON_POINT -87.674673328 30.284123039
POLYGON_POINT -87.674466560 30.284128068
POLYGON_POINT -87.674478209 30.284379552
END_WINDING
END_POLYGON
BEGIN_POLYGON 10 10 2
BEGIN_WINDING
POLYGON_POINT -87.674108358 30.284988141
POLYGON_POINT -87.674122919 30.284776895
POLYGON_POINT -87.674443266 30.284774380
POLYGON_POINT -87.674440354 30.284736658
END_WINDING
END_POLYGON
BEGIN_POLYGON 10 10 2
BEGIN_WINDING
POLYGON_POINT -87.680042088 30.287846985
POLYGON_POINT -87.680202406 30.287845811
POLYGON_POINT -87.680411631 30.286755919
POLYGON_POINT -87.680194252 30.286726590
END_WINDING
END_POLYGON
BEGIN_POLYGON 10 10 2
BEGIN_WINDING
POLYGON_POINT -87.679296201 30.287649889
POLYGON_POINT -87.679305711 30.287785979
POLYGON_POINT -87.679176641 30.287789498
POLYGON_POINT -87.679235061 30.288171958
POLYGON_POINT -87.680055677 30.288127377
POLYGON_POINT -87.680042088 30.287846985
POLYGON_POINT -87.679968722 30.287850504
POLYGON_POINT -87.680004047 30.287678045
END_WINDING
END_POLYGON
BEGIN_POLYGON 10 10 2
BEGIN_WINDING
POLYGON_POINT -87.679163056 30.287184133
POLYGON_POINT -87.679186152 30.287375363
POLYGON_POINT -87.679248649 30.287370670
END_WINDING
END_POLYGON
OBJECT 0 -87.678860347 30.285849440 174.490005
OBJECT 1 -87.678474860 30.284978350 270.000000
OBJECT 2 -87.678604547 30.286251793 270.000000
OBJECT 1 -87.678616898 30.286378711 262.089996
OBJECT 1 -87.678661363 30.286868250 259.380005
OBJECT 1 -87.678500799 30.286573886 84.290001
OBJECT 1 -87.678267364 30.286788260 263.190002
OBJECT 1 -87.678280950 30.286920510 268.119995
OBJECT 1 -87.678293301 30.287046361 261.179993
OBJECT 1 -87.678311828 30.287172213 275.910004
OBJECT 1 -87.679040544 30.287302330 116.849998
OBJECT 3 -87.678581082 30.287316195 83.180000
OBJECT 1 -87.678673717 30.287852662 83.070000
OBJECT 3 -87.678359998 30.285315375 87.040001
OBJECT 2 -87.678742438 30.285022234 83.989998
OBJECT 2 -87.678933601 30.286989435 88.980003
OBJECT 2 -87.678512309 30.286696959 87.650002
OBJECT 2 -87.678639440 30.287189760 268.290009
OBJECT 2 -87.678294752 30.287826921 254.619995
OBJECT 2 -87.678307880 30.288047985 256.829987
OBJECT 3 -87.678699543 30.284890744 84.709999
OBJECT 3 -87.678795204 30.285512313 83.760002
OBJECT 3 -87.678461048 30.286073528 82.570000
OBJECT 3 -87.678292567 30.287715445 270.970001
OBJECT 0 -87.678679858 30.288289832 171.050003
OBJECT 4 -87.678727996 30.288495780 169.270004
OBJECT 1 -87.674734099 30.285114141 266.529999
OBJECT 2 -87.674827585 30.284229543 167.470001
OBJECT 1 -87.674962844 30.284391004 342.000000
OBJECT 1 -87.674817640 30.284392722 354.809998
OBJECT 1 -87.674936986 30.284700184 189.160004
OBJECT 2 -87.681784594 30.286019258 88.750000
OBJECT 1 -87.681791829 30.287102949 59.740002
OBJECT 5 -87.674346671 30.284971546 0.690000
OBJECT 6 -87.674730556 30.284587462 90.379997
OBJECT 7 -87.674783506 30.284070778 89.449997
OBJECT 7 -87.681816342 30.288034985 269.579987
OBJECT 8 -87.681922056 30.287587672 270.230011
OBJECT 9 -87.681911481 30.287052113 269.769989
OBJECT 10 -87.681911475 30.286352235 269.329987
OBJECT 11 -87.681933763 30.286676641 269.589996
OBJECT 12 -87.681185215 30.285581830 0.000000
OBJECT 5 -87.681044981 30.286138459 178.889999
OBJECT 11 -87.681892293 30.286046202 268.359985
OBJECT 12 -87.681886206 30.285270866 270.350006
OBJECT 8 -87.681858813 30.285599398 268.700012
OBJECT 13 -87.680511176 30.287702395 269.760010
OBJECT 13 -87.680596453 30.286660398 269.760010
OBJECT 13 -87.680570870 30.287017549 269.760010
OBJECT 14 -87.680587926 30.287367336 269.269989
OBJECT 14 -87.680644353 30.288044097 269.980011
OBJECT 14 -87.680310773 30.288044818 269.980011
OBJECT 13 -87.680547009 30.286335310 269.850006
OBJECT 5 -87.679112834 30.286972125 266.230011
OBJECT 15 -87.679321615 30.287506465 85.599998
OBJECT 16 -87.679337750 30.287723617 86.860001
OBJECT 16 -87.679158653 30.287519284 355.350006
OBJECT 17 -87.679115039 30.287660314 0.000000
OBJECT 17 -87.679118751 30.287697975 0.000000
OBJECT 17 -87.679121534 30.287730829 0.000000
OBJECT 18 -87.678975920 30.286157278 86.629997
OBJECT 18 -87.679052611 30.286885073 87.339996
OBJECT 18 -87.679200409 30.288169943 355.660004
OBJECT 18 -87.679603657 30.288151836 177.270004
OBJECT 18 -87.679993273 30.288134801 175.779999
OBJECT 19 -87.679961407 30.288112495 86.629997
OBJECT 19 -87.679622514 30.288131886 86.629997
OBJECT 20 -87.679663239 30.287591835 178.179993
OBJECT 20 -87.679523998 30.287665226 178.179993
OBJECT 20 -87.679504107 30.287096835 178.179993
OBJECT 21 -87.680375720 30.286903207 279.700012
OBJECT 21 -87.680193079 30.286878223 101.040001
OBJECT 22 -87.680021676 30.287598136 100.160004
OBJECT 22 -87.680110284 30.287195266 100.160004
OBJECT 22 -87.680309200 30.287256165 279.119995
OBJECT 22 -87.680227825 30.287655912 279.119995
OBJECT 22 -87.679557185 30.287815452 176.460007
OBJECT 22 -87.679538812 30.287978517 356.220001
OBJECT 22 -87.679569434 30.287969703 176.619995
OBJECT 23 -87.680033881 30.287856879 357.760010
OBJECT 24 -87.679853114 30.287017198 8.160000
OBJECT 25 -87.679862155 30.287020321 8.920000
OBJECT 26 -87.678886012 30.286589184 265.779999
OBJECT 27 -87.678932409 30.286697360 264.619995
OBJECT 27 -87.678924058 30.286639666 264.619995
OBJECT 27 -87.678914778 30.286526682 264.619995
OBJECT_DEF lib/airport/aircraft/regional_jet/CRJ100_Austrian_Arrows.obj
OBJECT_DEF lib/airport/aircraft/GA/Cessna_172.obj
OBJECT_DEF lib/airport/aircraft/GA/Osprey_GP5.obj
OBJECT_DEF lib/airport/aircraft/GA/KingAirC90B.obj
OBJECT_DEF lib/airport/aircraft/regional_jet/CRJ100_Air_France.obj
OBJECT_DEF lib/airport/Common_Elements/Hangars/Med_Gray_Hangar.agp
OBJECT_DEF lib/airport/Common_Elements/Hangars/Med_Orange_Hangar.agp
OBJECT_DEF lib/airport/Common_Elements/Hangars/Sm_Gray_Hangar.agp
OBJECT_DEF lib/airport/Common_Elements/Hangars/Med_Brown_Hangar.agp
OBJECT_DEF lib/airport/Common_Elements/Hangars/Med_Blue_Hangar.agp
OBJECT_DEF lib/airport/Common_Elements/Hangars/Sm_Orange_Hangar.agp
OBJECT_DEF lib/airport/Common_Elements/Hangars/Sm_Brown_Hangar.agp
OBJECT_DEF lib/airport/Common_Elements/Hangars/Sm_Blue_Hangar.agp
OBJECT_DEF lib/airport/Common_Elements/Hangars/Long_Row_Beige.agp
OBJECT_DEF lib/airport/Common_Elements/Hangars/Long_Row_Green.agp
OBJECT_DEF lib/airport/Vintage_Airports/Terminals/Admin_Bldg.obj
OBJECT_DEF lib/g10/US/commercial/canopy_76.obj
OBJECT_DEF lib/airport/Common_Elements/Miscellaneous/Flagpole.obj
OBJECT_DEF lib/g10/streetlights/ResLt3.obj
OBJECT_DEF lib/airport/Common_Elements/Parking_Items/Row_of_Cars_10.agp
OBJECT_DEF lib/airport/Common_Elements/Parking_Items/Row_of_Cars_6.agp
OBJECT_DEF lib/airport/Common_Elements/Parking_Items/7_Single_Spaces.agp
OBJECT_DEF lib/airport/Common_Elements/Parking_Items/14_Single_Spaces.agp
OBJECT_DEF lib/airport/Common_Elements/Parking_Items/Row_of_Cars_4.agp
OBJECT_DEF lib/airport/Common_Elements/Parking/Yellow_Lines_8-1.obj
OBJECT_DEF lib/airport/Common_Elements/Parking/Yellow_Lines_8-2.obj
OBJECT_DEF lib/airport/Common_Elements/vehicles/Small_Fuel_Truck.obj
OBJECT_DEF lib/airport/Common_Elements/vehicles/Large_Fuel_Truck.obj
POLYGON_DEF lib/airport/pavement/asphalt_1L.pol
POLYGON_DEF lib/airport/pavement/asphalt_2D.pol
POLYGON_DEF lib/airport/pavement/asphalt_4D.pol
POLYGON_DEF lib/airport/pavement/asphalt_1D.pol
POLYGON_DEF lib/airport/pavement/concrete_2D.pol
POLYGON_DEF lib/airport/pavement/asphalt_3L.pol
POLYGON_DEF lib/airport/pavement/asphalt_5D.pol
POLYGON_DEF lib/airport/pavement/asphalt_3D.pol
POLYGON_DEF lib/airport/pavement/concrete_1D.pol
POLYGON_DEF lib/airport/pavement/concrete_1L.pol
POLYGON_DEF lib/airport/Common_Elements/Fence_Facades/Fence.fac
PROPERTY sim/require_agpoint 1/0
PROPERTY sim/require_object 1/0
PROPERTY sim/require_facade 1/10
PROPERTY sim/require_facade 6/0
