PROPERTY sim/west -180
PROPERTY sim/east 180
PROPERTY sim/north 90
PROPERTY sim/south -90
PROPERTY sim/planet earth
PROPERTY sim/creation_agent WorldEditor1.6.0r1
PROPERTY laminar/internal_revision 0
PROPERTY sim/overlay 1
FILTER 0
BEGIN_POLYGON 0 53 2
BEGIN_WINDING
POLYGON_POINT -97.623069506 40.897602864
POLYGON_POINT -97.624102166 40.897030749
POLYGON_POINT -97.623949986 40.896862536
POLYGON_POINT -97.623039796 40.897364807
END_WINDING
END_POLYGON
BEGIN_POLYGON 0 174 4
BEGIN_WINDING
POLYGON_POINT -97.623843219 40.892106092 -97.623843219 40.892106092
POLYGON_POINT -97.624390886 40.892065716 -97.624390886 40.892065716
POLYGON_POINT -97.624318089 40.891518818 -97.624318089 40.891518818
POLYGON_POINT -97.624625114 40.891496463 -97.624625114 40.891496463
POLYGON_POINT -97.624588383 40.891210987 -97.624588383 40.891210987
POLYGON_POINT -97.624628980 40.891207955 -97.624628980 40.891207955
POLYGON_POINT -97.624691581 40.891247500 -97.624691581 40.891247500
POLYGON_POINT -97.624836582 40.892405411 -97.624836582 40.892405411
POLYGON_POINT -97.624915292 40.892399553 -97.624915292 40.892399553
POLYGON_POINT -97.624951826 40.892373060 -97.624951826 40.892373060
POLYGON_POINT -97.625238194 40.892351595 -97.625238194 40.892351595
POLYGON_POINT -97.625285584 40.892372925 -97.625285584 40.892372925
POLYGON_POINT -97.625366108 40.892368093 -97.625366108 40.892368093
POLYGON_POINT -97.625310246 40.891942789 -97.625310246 40.891942789
POLYGON_POINT -97.625694419 40.891915085 -97.625694419 40.891915085
POLYGON_POINT -97.625699164 40.891951750 -97.625699164 40.891951750
POLYGON_POINT -97.626241995 40.891911840 -97.626241995 40.891911840
POLYGON_POINT -97.626195074 40.891501461 -97.626195074 40.891501461
POLYGON_POINT -97.626180500 40.891379738 -97.626180500 40.891379738
POLYGON_POINT -97.626139823 40.891032625 -97.626139823 40.891032625
POLYGON_POINT -97.625808948 40.891055744 -97.625808948 40.891055744
POLYGON_POINT -97.625800572 40.890977953 -97.625800572 40.890977953
POLYGON_POINT -97.625697612 40.890985773 -97.625687606 40.890986333
POLYGON_POINT -97.625697612 40.890985773 -97.625697612 40.890985773
POLYGON_POINT -97.625697612 40.890985773 -97.625650916 40.890988575
POLYGON_POINT -97.625646793 40.890956789 -97.625646793 40.890956789
POLYGON_POINT -97.625585390 40.890961211 -97.625585390 40.890961211
POLYGON_POINT -97.625586437 40.890973284 -97.625588037 40.890980004
POLYGON_POINT -97.625586437 40.890973284 -97.625586437 40.890973284
POLYGON_POINT -97.625586437 40.890973284 -97.625588037 40.891046490
POLYGON_POINT -97.625448316 40.891081432 -97.625448316 40.891081432
POLYGON_POINT -97.624796980 40.891127862 -97.624796980 40.891127862
POLYGON_POINT -97.624795228 40.891112020 -97.624795228 40.891112020
POLYGON_POINT -97.624353902 40.891143120 -97.624353902 40.891143120
POLYGON_POINT -97.624269664 40.891103950 -97.624269664 40.891103950
POLYGON_POINT -97.624262296 40.891033768 -97.624262296 40.891033768
POLYGON_POINT -97.624162479 40.890241044 -97.624162479 40.890241044
POLYGON_POINT -97.624099362 40.889727566 -97.624099362 40.889727566
POLYGON_POINT -97.623776782 40.889751456 -97.623776782 40.889751456
POLYGON_POINT -97.623270588 40.889788945 -97.623270588 40.889788945
POLYGON_POINT -97.623063677 40.889663797 -97.623042459 40.889525192
POLYGON_POINT -97.623063677 40.889663797 -97.623063677 40.889663797
POLYGON_POINT -97.623063677 40.889663797 -97.623062116 40.889650713
POLYGON_POINT -97.622933852 40.888659894 -97.622933852 40.888659894
POLYGON_POINT -97.622646505 40.888462009 -97.622385932 40.888442237
POLYGON_POINT -97.622646505 40.888462009 -97.622646505 40.888462009
POLYGON_POINT -97.622646505 40.888462009 -97.622630789 40.888462879
POLYGON_POINT -97.622443056 40.888474574 -97.622443056 40.888474574
POLYGON_POINT -97.622330278 40.888656809 -97.622330278 40.888656809
POLYGON_POINT -97.621967534 40.888680520 -97.621967534 40.888680520
POLYGON_POINT -97.622001138 40.888952318 -97.622001138 40.888952318
POLYGON_POINT -97.622220322 40.888761741 -97.622450284 40.888732647
POLYGON_POINT -97.622220322 40.888761741 -97.622220322 40.888761741
POLYGON_POINT -97.622220322 40.888761741 -97.622226437 40.888761224
POLYGON_POINT -97.622661493 40.888729173 -97.622661493 40.888729173
POLYGON_POINT -97.622834017 40.888847465 -97.622866450 40.888965441
POLYGON_POINT -97.622834017 40.888847465 -97.622834017 40.888847465
POLYGON_POINT -97.622834017 40.888847465 -97.622835498 40.888857725
POLYGON_POINT -97.623115394 40.891094541 -97.623115394 40.891094541
POLYGON_POINT -97.623104266 40.891095099 -97.623104266 40.891095099
POLYGON_POINT -97.622940047 40.891246275 -97.622756136 40.891263890
POLYGON_POINT -97.622940047 40.891246275 -97.622940047 40.891246275
POLYGON_POINT -97.622940047 40.891246275 -97.622925179 40.891247543
POLYGON_POINT -97.622500990 40.891275658 -97.622500990 40.891275658
POLYGON_POINT -97.622500529 40.891270123 -97.622500350 40.891267173
POLYGON_POINT -97.622500529 40.891270123 -97.622500529 40.891270123
POLYGON_POINT -97.622500529 40.891270123 -97.622294556 40.891278399
POLYGON_POINT -97.622277669 40.891127292 -97.622277669 40.891127292
POLYGON_POINT -97.622270408 40.891127781 -97.622270408 40.891127781
POLYGON_POINT -97.622322443 40.891548021 -97.622322443 40.891548021
POLYGON_POINT -97.622515861 40.891377096 -97.622714076 40.891358208
POLYGON_POINT -97.622515861 40.891377096 -97.622515861 40.891377096
POLYGON_POINT -97.622515861 40.891377096 -97.622515483 40.891374326
POLYGON_POINT -97.622515098 40.891371628 -97.622515098 40.891371628
POLYGON_POINT -97.622753969 40.891354628 -97.622753969 40.891354628
POLYGON_POINT -97.622754640 40.891361296 -97.622754640 40.891361296
POLYGON_POINT -97.622947810 40.891348249 -97.622947810 40.891348249
POLYGON_POINT -97.623144415 40.891464726 -97.623180877 40.891582844
POLYGON_POINT -97.623144415 40.891464726 -97.623144415 40.891464726
POLYGON_POINT -97.623144415 40.891464726 -97.623144740 40.891466818
POLYGON_POINT -97.623164675 40.891628118 -97.623164675 40.891628118
POLYGON_POINT -97.623172654 40.891627473 -97.623172654 40.891627473
POLYGON_POINT -97.623385908 40.893334456 -97.623385908 40.893334456
POLYGON_POINT -97.623376446 40.893335142 -97.623376446 40.893335142
POLYGON_POINT -97.623396078 40.893483917 -97.623396078 40.893483917
POLYGON_POINT -97.623462188 40.894017829 -97.623462188 40.894017829
POLYGON_POINT -97.623470431 40.894017047 -97.623470431 40.894017047
POLYGON_POINT -97.623822784 40.896886731 -97.623822784 40.896886731
POLYGON_POINT -97.623811676 40.896888918 -97.623811676 40.896888918
POLYGON_POINT -97.623773082 40.896946895 -97.623723149 40.896971020
POLYGON_POINT -97.623773082 40.896946895 -97.623773082 40.896946895
POLYGON_POINT -97.623773082 40.896946895 -97.623774884 40.896949813
POLYGON_POINT -97.623778785 40.896954319 -97.623778785 40.896954319
POLYGON_POINT -97.623125805 40.897317326 -97.623125805 40.897317326
POLYGON_POINT -97.623121414 40.897312528 -97.623119698 40.897310420
POLYGON_POINT -97.623121414 40.897312528 -97.623121414 40.897312528
POLYGON_POINT -97.623121414 40.897312528 -97.623053635 40.897342036
POLYGON_POINT -97.623038133 40.897283520 -97.623038133 40.897283520
POLYGON_POINT -97.623029837 40.897284094 -97.623029837 40.897284094
POLYGON_POINT -97.623069506 40.897602864 -97.623069506 40.897602864
POLYGON_POINT -97.623586258 40.897316209 -97.623586258 40.897316209
POLYGON_POINT -97.623592493 40.897323380 -97.623592493 40.897323380
POLYGON_POINT -97.623851505 40.897352575 -97.623981083 40.897462144
POLYGON_POINT -97.623851505 40.897352575 -97.623851505 40.897352575
POLYGON_POINT -97.623851505 40.897352575 -97.623865559 40.897369951
POLYGON_POINT -97.623882886 40.897420869 -97.623884566 40.897429368
POLYGON_POINT -97.623882886 40.897420869 -97.623882886 40.897420869
POLYGON_POINT -97.623882886 40.897420869 -97.623886593 40.897420424
POLYGON_POINT -97.623891177 40.897419946 -97.623891177 40.897419946
POLYGON_POINT -97.624137711 40.899436915 -97.624137711 40.899436915
POLYGON_POINT -97.624129117 40.899437412 -97.624129117 40.899437412
POLYGON_POINT -97.624147396 40.899586305 -97.624147619 40.899590464
POLYGON_POINT -97.624147396 40.899586305 -97.624147396 40.899586305
POLYGON_POINT -97.624147396 40.899586305 -97.624145938 40.899714459
POLYGON_POINT -97.623986078 40.899735305 -97.623986078 40.899735305
POLYGON_POINT -97.623812533 40.899747691 -97.623812533 40.899747691
POLYGON_POINT -97.623813812 40.899754631 -97.623813812 40.899754631
POLYGON_POINT -97.623549966 40.899773897 -97.623549966 40.899773897
POLYGON_POINT -97.623548981 40.899767882 -97.623548981 40.899765529
POLYGON_POINT -97.623548981 40.899767882 -97.623548981 40.899767882
POLYGON_POINT -97.623548981 40.899767882 -97.623342428 40.899776053
POLYGON_POINT -97.623319785 40.899624429 -97.623319785 40.899624429
POLYGON_POINT -97.623373073 40.900055960 -97.623373073 40.900055960
POLYGON_POINT -97.623570098 40.899874318 -97.623780179 40.899860148
POLYGON_POINT -97.623570098 40.899874318 -97.623570098 40.899874318
POLYGON_POINT -97.623570098 40.899874318 -97.623570098 40.899871283
POLYGON_POINT -97.623570109 40.899868254 -97.623570109 40.899868254
POLYGON_POINT -97.623822764 40.899850960 -97.623822764 40.899850960
POLYGON_POINT -97.623823713 40.899858160 -97.623823713 40.899858160
POLYGON_POINT -97.623996379 40.899846496 -97.623996379 40.899846496
POLYGON_POINT -97.624196947 40.899973244 -97.624236723 40.900106354
POLYGON_POINT -97.624196947 40.899973244 -97.624196947 40.899973244
POLYGON_POINT -97.624196947 40.899973244 -97.624197676 40.899978418
POLYGON_POINT -97.624221838 40.900118685 -97.624221838 40.900118685
POLYGON_POINT -97.624766562 40.904500949 -97.624766562 40.904500949
POLYGON_POINT -97.624583538 40.904662859 -97.624413550 40.904686514
POLYGON_POINT -97.624583538 40.904662859 -97.624583538 40.904662859
POLYGON_POINT -97.624583538 40.904662859 -97.624570481 40.904663922
POLYGON_POINT -97.624146029 40.904693140 -97.624139624 40.904693140
POLYGON_POINT -97.624146029 40.904693140 -97.624146029 40.904693140
POLYGON_POINT -97.624146029 40.904693140 -97.623946395 40.904686282
POLYGON_POINT -97.623938271 40.904547943 -97.623938271 40.904547943
POLYGON_POINT -97.623927084 40.904548525 -97.623927084 40.904548525
POLYGON_POINT -97.623958693 40.904802818 -97.623958693 40.904802818
POLYGON_POINT -97.624925990 40.904734851 -97.624934942 40.904734120
POLYGON_POINT -97.624925990 40.904734851 -97.624925990 40.904734851
POLYGON_POINT -97.624925990 40.904734851 -97.625081557 40.904715979
POLYGON_POINT -97.625090219 40.904601251 -97.625090219 40.904601251
POLYGON_POINT -97.625061671 40.904384551 -97.625061671 40.904384551
POLYGON_POINT -97.624870265 40.904318067 -97.624870265 40.904318067
POLYGON_POINT -97.624047217 40.897666156 -97.624047217 40.897666156
POLYGON_POINT -97.623973949 40.897099812 -97.623973949 40.897099812
POLYGON_POINT -97.624102166 40.897030749 -97.624102166 40.897030749
POLYGON_POINT -97.623949986 40.896862536 -97.623949986 40.896862536
POLYGON_POINT -97.623299505 40.891616454 -97.623299505 40.891616454
POLYGON_POINT -97.623308097 40.891615696 -97.623308097 40.891615696
POLYGON_POINT -97.623287185 40.891452116 -97.623287185 40.891452116
POLYGON_POINT -97.623448673 40.891312736 -97.623591918 40.891291184
POLYGON_POINT -97.623448673 40.891312736 -97.623448673 40.891312736
POLYGON_POINT -97.623448673 40.891312736 -97.623664924 40.891284213
POLYGON_POINT -97.623760466 40.891424303 -97.623812533 40.891519954
POLYGON_POINT -97.623760466 40.891424303 -97.623760466 40.891424303
POLYGON_POINT -97.623760466 40.891424303 -97.623762176 40.891441413
END_WINDING
BEGIN_WINDING
POLYGON_POINT -97.626082800 40.891173300 -97.626082800 40.891173300
POLYGON_POINT -97.625998412 40.891179341 -97.625998412 40.891179341
POLYGON_POINT -97.625997272 40.891168312 -97.625997272 40.891168312
POLYGON_POINT -97.625766042 40.891184943 -97.625766042 40.891184943
POLYGON_POINT -97.625767494 40.891196409 -97.625767494 40.891196409
POLYGON_POINT -97.625683803 40.891202102 -97.625683803 40.891202102
POLYGON_POINT -97.625676256 40.891134391 -97.625676256 40.891134391
POLYGON_POINT -97.626007336 40.891110078 -97.626007336 40.891110078
POLYGON_POINT -97.626079733 40.891152392 -97.626079733 40.891152392
END_WINDING
BEGIN_WINDING
POLYGON_POINT -97.625528537 40.891212397 -97.625528537 40.891212397
POLYGON_POINT -97.625527332 40.891201698 -97.625527332 40.891201698
POLYGON_POINT -97.625308352 40.891217635 -97.625308352 40.891217635
POLYGON_POINT -97.625309803 40.891228069 -97.625309803 40.891228069
POLYGON_POINT -97.625225406 40.891234089 -97.625225406 40.891234089
POLYGON_POINT -97.625216865 40.891166470 -97.625216865 40.891166470
POLYGON_POINT -97.625538922 40.891142991 -97.625538922 40.891142991
POLYGON_POINT -97.625608494 40.891185171 -97.625608494 40.891185171
POLYGON_POINT -97.625611087 40.891206867 -97.625611087 40.891206867
END_WINDING
BEGIN_WINDING
POLYGON_POINT -97.624768460 40.891266497 -97.624768460 40.891266497
POLYGON_POINT -97.624759016 40.891198460 -97.624759016 40.891198460
POLYGON_POINT -97.625090000 40.891175424 -97.625090000 40.891175424
POLYGON_POINT -97.625147898 40.891212652 -97.625147898 40.891212652
POLYGON_POINT -97.625151801 40.891238813 -97.625151801 40.891238813
END_WINDING
END_POLYGON
BEGIN_POLYGON 1 0 2
BEGIN_WINDING
POLYGON_POINT -97.625865127 40.887350230
POLYGON_POINT -97.625861303 40.887082799
POLYGON_POINT -97.625628025 40.887081354
POLYGON_POINT -97.625628025 40.887354567
END_WINDING
END_POLYGON
FILTER -1
FILTER 0
FILTER -1
FILTER 0
FILTER -1
FILTER 0
FILTER -1
FILTER 0
FILTER -1
FILTER 0
OBJECT 0 -97.623220094 40.897231093 0.000000
OBJECT 0 -97.623420673 40.897440760 0.000000
OBJECT 0 -97.622847570 40.888494903 0.000000
OBJECT 0 -97.622996158 40.891216318 0.000000
OBJECT 0 -97.623012809 40.891373173 0.000000
OBJECT 0 -97.624145716 40.904684733 0.000000
OBJECT 0 -97.624157726 40.904806099 0.000000
OBJECT 0 -97.624587484 40.904787692 0.000000
OBJECT 0 -97.624566067 40.904636894 0.000000
OBJECT 0 -97.622069868 40.888934236 0.000000
OBJECT 0 -97.623267760 40.889761801 0.000000
OBJECT 0 -97.622933854 40.889913668 0.000000
OBJECT 0 -97.623061902 40.890820318 0.000000
OBJECT 0 -97.623122131 40.891492197 0.000000
OBJECT 0 -97.623319057 40.891479691 0.000000
OBJECT 0 -97.623369709 40.893473596 0.000000
OBJECT 0 -97.623417848 40.893880589 0.000000
OBJECT 0 -97.623616871 40.893869382 0.000000
OBJECT 0 -97.624318724 40.899560699 0.000000
OBJECT 0 -97.624119849 40.899575965 0.000000
OBJECT 0 -97.624169517 40.899985186 0.000000
OBJECT 1 -97.619362666 40.899793422 227.059998
OBJECT 1 -97.619340115 40.899770448 231.850006
OBJECT 1 -97.619320016 40.899748586 211.979996
OBJECT 1 -97.619084214 40.899506619 254.800003
OBJECT 1 -97.619064605 40.899484016 246.589996
OBJECT 1 -97.619042887 40.899462497 253.580002
OBJECT 1 -97.619321419 40.899306519 8.230000
OBJECT 1 -97.619643662 40.899639221 84.110001
OBJECT 1 -97.619888648 40.898987648 16.420000
OBJECT 1 -97.620213939 40.899320350 74.870003
OBJECT 1 -97.620784212 40.899004552 74.949997
OBJECT 1 -97.620464005 40.898669545 9.370000
OBJECT 1 -97.621356515 40.898684912 42.369999
OBJECT 1 -97.621036310 40.898352978 19.040001
OBJECT 1 -97.621607595 40.898035644 33.080002
OBJECT 1 -97.621925765 40.898368346 12.470000
OBJECT 1 -97.622499081 40.898051011 68.320000
OBJECT 1 -97.622174813 40.897717541 8.640000
OBJECT 1 -97.623359046 40.897060589 40.080002
OBJECT 1 -97.624259597 40.897070120 45.349998
OBJECT 1 -97.624830156 40.896754373 62.490002
OBJECT 1 -97.625081737 40.896106386 37.720001
OBJECT 1 -97.625404473 40.896436782 58.810001
OBJECT 1 -97.625977943 40.896121113 63.430000
OBJECT 1 -97.625656902 40.895788795 44.360001
OBJECT 1 -97.626226979 40.895471844 50.660000
OBJECT 1 -97.626550559 40.895800961 52.689999
OBJECT 1 -97.627121482 40.895485291 58.189999
OBJECT 1 -97.626798751 40.895155534 26.940001
OBJECT 1 -97.627371363 40.894838584 49.900002
OBJECT 1 -97.627695787 40.895168981 82.970001
OBJECT 1 -97.628268397 40.894850109 87.470001
OBJECT 1 -97.627940587 40.894521633 12.770000
OBJECT 1 -97.628512347 40.894204043 83.379997
OBJECT 1 -97.628841003 40.894533159 46.770000
OBJECT 1 -97.629408525 40.894217489 52.700001
OBJECT 1 -97.629084953 40.893887092 50.150002
OBJECT 1 -97.629982821 40.893899258 67.089996
OBJECT 1 -97.629656710 40.893569501 48.810001
OBJECT 1 -97.630230156 40.893253191 54.090000
OBJECT 1 -97.630555419 40.893582308 80.540001
OBJECT 1 -97.631126660 40.893265558 54.840000
OBJECT 1 -97.630799366 40.892936698 39.540001
OBJECT 1 -97.631697897 40.892948992 80.029999
OBJECT 1 -97.631370605 40.892618595 29.740000
OBJECT 1 -97.632271165 40.892629352 79.379997
OBJECT 1 -97.631944890 40.892299724 347.570007
OBJECT 1 -97.632501049 40.892499842 350.130005
OBJECT 1 -97.632478174 40.892476374 337.130005
OBJECT 1 -97.632458975 40.892456303 63.950001
OBJECT 1 -97.632220831 40.892208963 82.300003
OBJECT 1 -97.632202858 40.892190745 12.530000
OBJECT 1 -97.632183250 40.892167894 0.000000
OBJECT 2 -97.623754397 40.890680481 265.119995
OBJECT 3 -97.624185051 40.890170814 84.459999
OBJECT 3 -97.624217237 40.890449986 85.260002
OBJECT 3 -97.624235871 40.890603659 85.769997
OBJECT 3 -97.624254505 40.890778462 85.480003
OBJECT 4 -97.624772022 40.890840205 174.539993
OBJECT 4 -97.625113177 40.890818417 175.160004
OBJECT 4 -97.624722613 40.890468473 353.799988
OBJECT 4 -97.625063767 40.890442239 354.579987
OBJECT 5 -97.580133000 40.875555000 0.000000
OBJECT 6 -97.626057843 40.891531805 173.949997
OBJECT 7 -97.625819423 40.890647157 62.590000
OBJECT 8 -97.625961053 40.890595535 232.070007
OBJECT 8 -97.625470405 40.890215059 328.149994
OBJECT 8 -97.624659334 40.890298972 314.230011
OBJECT 7 -97.624462625 40.890486182 233.639999
OBJECT 9 -97.624256017 40.890785636 54.340000
OBJECT 10 -97.624307694 40.891838086 264.600006
OBJECT 11 -97.624108197 40.889658960 264.820007
OBJECT 11 -97.624514585 40.891368391 354.880005
OBJECT 12 -97.624299264 40.890564915 354.000000
OBJECT 13 -97.625077697 40.892299282 174.649994
OBJECT 13 -97.625031421 40.891931239 174.649994
OBJECT 13 -97.625501831 40.891898280 174.649994
OBJECT 13 -97.625963063 40.891865321 174.649994
OBJECT 14 -97.625744664 40.887175316 174.350006
OBJECT 15 -97.624227624 40.890311574 264.510010
OBJECT 16 -97.625048175 40.890630065 84.150002
OBJECT 17 -97.624089296 40.891657153 265.390015
OBJECT 18 -97.624036519 40.891350113 83.239998
OBJECT 19 -97.623545462 40.890184403 174.539993
OBJECT 19 -97.623664782 40.890829707 265.440002
OBJECT 20 -97.626340360 40.891406621 356.790009
OBJECT 21 -97.626333905 40.891422655 265.670013
OBJECT 22 -97.626404580 40.891520099 265.149994
OBJECT 16 -97.624801775 40.890649216 264.459991
OBJECT 23 -97.625124230 40.890800145 84.519997
OBJECT 23 -97.624699927 40.890485894 264.320007
OBJECT 16 -97.624668676 40.890709944 174.660004
OBJECT 24 -97.624238716 40.890860211 264.459991
OBJECT 10 -97.624525555 40.891154737 174.600006
OBJECT 25 -97.627647000 40.864847000 0.000000
FILTER -1
OBJECT_DEF lib/airport/lights/slow/taxi_edge.obj
OBJECT_DEF lib/airport/Common_Elements/Miscellaneous/One_Traffic_Cone.obj
OBJECT_DEF lib/lights/uplights/120degree_cone/100m/white.obj
OBJECT_DEF lib/g10/streetlights/AreaFloodShort.obj
OBJECT_DEF lib/airport/Common_Elements/Lighting/Ovrhd_Flood_Med.obj
OBJECT_DEF lib/airport/Common_Elements/Water_Towers/Water_Tower_1960.agp
OBJECT_DEF lib/cars/car_static_invar.obj
OBJECT_DEF lib/g10/forests/autogen_tree2.obj
OBJECT_DEF lib/g10/forests/autogen_tree3.obj
OBJECT_DEF lib/airport/Common_Elements/Miscellaneous/Stack_of_Cones.obj
OBJECT_DEF lib/airport/Common_Elements/Hangars/Med_Gray_Hangar.agp
OBJECT_DEF lib/airport/Common_Elements/Fueling_Stations/Covered_Station.agp
OBJECT_DEF lib/g10/US/suburban/TrailerDblLong.obj
OBJECT_DEF lib/airport/Common_Elements/Hangars/Long_Row_Beige.agp
OBJECT_DEF lib/airport/aircraft/military/fighter_a.obj
OBJECT_DEF lib/airport/Common_Elements/Hangars/Sm_Blue_Hangar.agp
OBJECT_DEF lib/airport/Common_Elements/Parking_Items/Row_of_Cars_6.agp
OBJECT_DEF lib/airport/Common_Elements/Parking/Grunge2_Lg.obj
OBJECT_DEF lib/airport/Common_Elements/Parking/Grunge1_Lg.obj
OBJECT_DEF lib/airport/Common_Elements/Parking/Grunge2_XLg.obj
OBJECT_DEF lib/airport/Common_Elements/Parking/Grunge1_Sm.obj
OBJECT_DEF lib/airport/Common_Elements/Parking/Grunge1_Med.obj
OBJECT_DEF lib/g10/US/suburban/GdnShed.obj
OBJECT_DEF lib/airport/Common_Elements/Parking_Items/Row_of_Cars_10.agp
OBJECT_DEF lib/airport/Common_Elements/Hangars/Sm_Brown_Hangar.agp
OBJECT_DEF lib/airport/Common_Elements/Water_Towers/1990.obj
POLYGON_DEF lib/airport/pavement/concrete_4D.pol
POLYGON_DEF lib/airport/pavement/asphalt_4L.pol
PROPERTY sim/filter/aptid KJYR
PROPERTY sim/exclude_obj -97.625876/40.887034/-97.618275/40.908498
PROPERTY sim/exclude_fac -97.625876/40.887034/-97.618275/40.908498
PROPERTY sim/exclude_for -97.625876/40.887034/-97.618275/40.908498
PROPERTY sim/exclude_bch -97.625876/40.887034/-97.618275/40.908498
PROPERTY sim/exclude_lin -97.625876/40.887034/-97.618275/40.908498
PROPERTY sim/exclude_pol -97.625876/40.887034/-97.618275/40.908498
PROPERTY sim/exclude_str -97.625876/40.887034/-97.618275/40.908498
PROPERTY sim/exclude_obj -97.580315/40.875434/-97.579939/40.875693
PROPERTY sim/exclude_fac -97.580315/40.875434/-97.579939/40.875693
PROPERTY sim/exclude_for -97.580315/40.875434/-97.579939/40.875693
PROPERTY sim/exclude_obj -97.627740/40.864775/-97.627549/40.864915
PROPERTY sim/exclude_fac -97.627740/40.864775/-97.627549/40.864915
PROPERTY sim/exclude_for -97.627740/40.864775/-97.627549/40.864915
PROPERTY sim/exclude_net -97.626271/40.887570/-97.624615/40.890868
PROPERTY sim/require_agpoint 1/0
PROPERTY sim/require_object 1/0
PROPERTY sim/require_facade 6/0
