PROPERTY sim/west -180
PROPERTY sim/east 180
PROPERTY sim/north 90
PROPERTY sim/south -90
PROPERTY sim/planet earth
PROPERTY sim/creation_agent WorldEditor1.7.21r1
PROPERTY laminar/internal_revision 0
PROPERTY sim/overlay 1
FILTER 0
FILTER -1
FILTER 0
FILTER -1
FILTER 0
FILTER -1
FILTER 0
OBJECT 0 -76.740779238 40.192870946 123.279999
OBJECT 1 -76.740808969 40.192887434 300.049988
OBJECT 1 -76.740609534 40.192999035 300.049988
OBJECT 1 -76.740508656 40.193136322 300.049988
OBJECT 1 -76.740825442 40.193276649 300.049988
OBJECT 1 -76.740931634 40.193141962 300.049988
OBJECT 1 -76.742243885 40.193342676 300.049988
OBJECT 1 -76.741087100 40.194220276 119.910004
OBJECT 1 -76.741139583 40.193032529 119.910004
OBJECT 1 -76.740940148 40.193144130 119.910004
OBJECT 1 -76.740839271 40.193281417 119.910004
OBJECT 1 -76.741262248 40.193287057 119.910004
OBJECT 1 -76.741553247 40.193601991 119.910004
OBJECT 1 -76.742672566 40.194114378 119.910004
OBJECT 1 -76.742451939 40.194400135 119.910004
OBJECT 2 -76.741604307 40.194635466 300.220001
OBJECT 2 -76.743074127 40.194679077 300.220001
OBJECT 1 -76.741631877 40.194031470 300.029999
OBJECT 1 -76.741999517 40.195007087 300.029999
OBJECT 1 -76.743153135 40.194138410 119.949997
OBJECT 1 -76.742293230 40.194752747 119.949997
OBJECT 1 -76.741568815 40.194805771 119.949997
OBJECT 1 -76.742460436 40.193628796 119.949997
OBJECT 1 -76.743588083 40.194132033 119.949997
OBJECT 1 -76.742282025 40.195315706 120.690002
FILTER -1
FILTER 0
FILTER -1
FILTER 0
OBJECT 3 -76.762895181 40.195833377 279.209991
OBJECT 3 -76.762823524 40.196153865 283.600006
OBJECT 3 -76.762743381 40.196476514 280.679993
OBJECT 3 -76.761733572 40.196514684 97.699997
OBJECT 3 -76.761845773 40.196529809 9.090000
OBJECT 3 -76.762121089 40.196562938 10.010000
OBJECT 3 -76.762221976 40.196553575 275.359985
OBJECT 3 -76.762206890 40.196441224 187.589996
OBJECT 3 -76.761793915 40.196397292 189.869995
OBJECT 3 -76.755700226 40.197060223 108.440002
OBJECT 3 -76.755857725 40.196582127 128.419998
OBJECT 3 -76.756357367 40.196321819 167.130005
OBJECT 3 -76.756866513 40.196325967 209.289993
OBJECT 3 -76.757553521 40.196460788 188.429993
OBJECT 3 -76.758085750 40.196537532 190.009995
OBJECT 3 -76.759189583 40.196868363 199.289993
OBJECT 3 -76.757031074 40.197683319 4.510000
OBJECT 4 -76.757357156 40.198044619 180.000000
OBJECT 3 -76.756267337 40.197857367 186.580002
OBJECT 3 -76.755854825 40.197821357 191.309998
OBJECT 3 -76.755315025 40.197671916 200.770004
OBJECT 3 -76.754830226 40.197718729 282.089996
OBJECT 3 -76.755227022 40.197382037 191.309998
OBJECT 3 -76.754886800 40.197390439 281.309998
OBJECT 3 -76.754918230 40.197281209 279.899994
OBJECT 5 -76.752547186 40.195521628 11.160000
OBJECT 5 -76.751810110 40.197112101 277.309998
OBJECT 5 -76.747509944 40.193917354 130.160004
OBJECT 5 -76.747997576 40.194262185 126.870003
OBJECT 5 -76.748446743 40.194616522 133.149994
OBJECT 5 -76.749089382 40.194893942 130.160004
OBJECT 5 -76.754851526 40.196681719 62.700001
OBJECT 5 -76.754912494 40.196428173 101.980003
OBJECT 5 -76.754994616 40.196095783 100.550003
OBJECT 5 -76.755074770 40.195776544 100.089996
OBJECT 5 -76.756843343 40.195649535 241.610001
OBJECT 5 -76.756531957 40.195603480 188.619995
OBJECT 5 -76.756099472 40.195541246 188.880005
OBJECT 5 -76.755647728 40.195478024 188.130005
OBJECT 5 -76.754970150 40.195472554 55.529999
OBJECT 5 -76.755335200 40.195293405 235.850006
OBJECT 5 -76.754817166 40.195302583 59.349998
OBJECT 5 -76.755179554 40.195116847 234.779999
OBJECT 5 -76.754612449 40.195075446 55.680000
OBJECT 5 -76.754976269 40.194884090 235.889999
OBJECT 5 -76.754442925 40.194837542 135.119995
OBJECT 5 -76.754762208 40.194672060 156.360001
OBJECT 6 -76.743054518 40.195081741 208.809998
OBJECT 7 -76.743303406 40.194880122 306.380005
OBJECT 4 -76.741147102 40.193809465 119.480003
OBJECT 4 -76.740322413 40.193421936 126.029999
OBJECT 4 -76.742558457 40.193675391 120.580002
OBJECT 4 -76.741991027 40.194435757 120.959999
OBJECT 8 -76.747683692 40.195467644 131.559998
OBJECT 7 -76.746421731 40.194636798 131.580002
OBJECT 7 -76.746558091 40.194505003 129.199997
OBJECT 7 -76.746367465 40.194391276 309.880005
OBJECT 9 -76.745949085 40.192154162 23.290001
OBJECT 7 -76.745673591 40.192197739 204.770004
OBJECT 8 -76.747197153 40.191822547 24.540001
OBJECT 8 -76.746870178 40.192369923 24.209999
OBJECT 8 -76.746532774 40.193595583 293.459991
OBJECT 8 -76.746631565 40.193625343 113.459999
OBJECT 8 -76.746543906 40.193959083 112.750000
OBJECT 8 -76.746727572 40.193846420 114.879997
OBJECT 8 -76.746385284 40.193731630 294.839996
OBJECT 8 -76.746603735 40.193422336 114.510002
OBJECT 8 -76.746948805 40.193548817 115.910004
OBJECT 8 -76.746602344 40.193428713 295.260010
OBJECT 8 -76.746258666 40.193309672 294.390015
OBJECT 8 -76.746936282 40.193161934 295.320007
OBJECT 8 -76.746588430 40.193042893 294.170013
OBJECT 8 -76.746937673 40.193356438 113.510002
OBJECT 8 -76.746585647 40.193240586 293.709991
OBJECT 6 -76.745906642 40.193473354 113.260002
OBJECT 6 -76.745873248 40.193261843 292.750000
OBJECT 8 -76.745288856 40.193305421 303.260010
OBJECT 7 -76.744020206 40.193240281 38.740002
OBJECT 7 -76.744144853 40.193084542 31.430000
OBJECT 7 -76.744967919 40.191010459 289.950012
OBJECT 7 -76.744736024 40.190949935 289.399994
OBJECT 7 -76.745935119 40.191805394 293.940002
OBJECT 7 -76.745599835 40.191685084 295.299988
OBJECT 8 -76.745534042 40.192450835 293.059998
OBJECT 8 -76.745846256 40.192751254 114.379997
OBJECT 8 -76.746179612 40.192866398 114.510002
OBJECT 8 -76.745832345 40.192748255 294.519989
OBJECT 8 -76.745498409 40.192632225 294.519989
OBJECT 8 -76.740429325 40.194495068 300.049988
OBJECT 8 -76.740647780 40.194212346 300.049988
OBJECT 8 -76.740756485 40.194075182 300.049988
OBJECT 8 -76.740866801 40.193933712 300.049988
OBJECT 8 -76.740167165 40.194178617 300.049988
OBJECT 8 -76.740275001 40.194037787 300.049988
OBJECT 8 -76.740388634 40.193902272 300.049988
OBJECT 8 -76.741115967 40.193608773 300.049988
OBJECT 8 -76.741222633 40.193456896 300.049988
OBJECT 8 -76.741332143 40.193316657 300.049988
OBJECT 8 -76.741436015 40.193177033 300.049988
OBJECT 8 -76.741605915 40.193062972 300.049988
OBJECT 8 -76.741927099 40.193203801 300.049988
OBJECT 8 -76.742666651 40.193538583 300.049988
OBJECT 8 -76.742562829 40.193680536 300.049988
OBJECT 8 -76.742446519 40.193826618 300.049988
OBJECT 8 -76.742341951 40.193969284 300.049988
OBJECT 8 -76.742228437 40.194111522 300.049988
OBJECT 8 -76.742121325 40.194255040 300.049988
OBJECT 8 -76.740759939 40.194640162 119.910004
OBJECT 8 -76.740978394 40.194357440 119.910004
OBJECT 8 -76.741197416 40.194078807 119.910004
OBJECT 8 -76.740497779 40.194323711 119.910004
OBJECT 8 -76.740605615 40.194182882 119.910004
OBJECT 8 -76.740719248 40.194047366 119.910004
OBJECT 8 -76.741156056 40.193421743 119.910004
OBJECT 8 -76.741446582 40.193753868 119.910004
OBJECT 8 -76.741662757 40.193461752 119.910004
OBJECT 8 -76.741766630 40.193322128 119.910004
OBJECT 8 -76.741936530 40.193208066 119.910004
OBJECT 8 -76.742257713 40.193348896 119.910004
OBJECT 8 -76.742574500 40.193487770 119.910004
OBJECT 8 -76.742997265 40.193683678 119.910004
OBJECT 8 -76.742893443 40.193825630 119.910004
OBJECT 8 -76.742777133 40.193971713 119.910004
OBJECT 8 -76.742559051 40.194256616 119.910004
OBJECT 8 -76.740336759 40.194637233 120.690002
OBJECT 8 -76.740654286 40.194782384 120.690002
OBJECT 8 -76.740972149 40.194927626 120.690002
OBJECT 8 -76.741307804 40.195081627 120.690002
OBJECT 8 -76.741623765 40.195226041 120.690002
OBJECT 9 -76.741383904 40.194921674 300.220001
OBJECT 9 -76.741500117 40.194777805 300.220001
OBJECT 9 -76.741710500 40.194500779 300.220001
OBJECT 9 -76.741820701 40.194356910 300.220001
OBJECT 9 -76.741950938 40.194173246 300.220001
OBJECT 9 -76.742071156 40.194032438 300.220001
OBJECT 9 -76.742179352 40.193880916 300.220001
OBJECT 9 -76.742287549 40.193743168 300.220001
OBJECT 9 -76.742391737 40.193600829 300.220001
OBJECT 9 -76.743519385 40.194104067 300.220001
OBJECT 9 -76.743402505 40.194250742 300.220001
OBJECT 9 -76.743298148 40.194393166 300.220001
OBJECT 9 -76.743182659 40.194535590 300.220001
OBJECT 9 -76.742649740 40.194724780 300.220001
OBJECT 9 -76.742542599 40.194865079 300.220001
OBJECT 9 -76.742425718 40.195007503 300.220001
OBJECT 9 -76.742318577 40.195148864 300.220001
OBJECT 9 -76.740815188 40.194667943 120.129997
OBJECT 9 -76.740931400 40.194524073 120.129997
OBJECT 9 -76.741035590 40.194381734 120.129997
OBJECT 9 -76.741141783 40.194247048 120.129997
OBJECT 9 -76.741251984 40.194103178 120.129997
OBJECT 9 -76.741382221 40.193919515 120.129997
OBJECT 9 -76.741502439 40.193778707 120.129997
OBJECT 9 -76.741610635 40.193627184 120.129997
OBJECT 9 -76.741718832 40.193489437 120.129997
OBJECT 9 -76.741823021 40.193347098 120.129997
OBJECT 9 -76.742950668 40.193850335 120.129997
OBJECT 9 -76.742833788 40.193997011 120.129997
OBJECT 9 -76.742729431 40.194139435 120.129997
OBJECT 9 -76.742613942 40.194281859 120.129997
OBJECT 9 -76.742505411 40.194425346 120.129997
OBJECT 9 -76.742081023 40.194471049 120.129997
OBJECT 9 -76.741973882 40.194611347 120.129997
OBJECT 9 -76.741857002 40.194753771 120.129997
OBJECT 9 -76.741749860 40.194895133 120.129997
OBJECT 8 -76.741064844 40.194779897 300.029999
OBJECT 8 -76.741181056 40.194636028 300.029999
OBJECT 8 -76.741285246 40.194493689 300.029999
OBJECT 8 -76.741391440 40.194359002 300.029999
OBJECT 8 -76.741501640 40.194215133 300.029999
OBJECT 8 -76.741752096 40.193890661 300.029999
OBJECT 8 -76.741860292 40.193739139 300.029999
OBJECT 8 -76.741968488 40.193601391 300.029999
OBJECT 8 -76.742072677 40.193459052 300.029999
OBJECT 8 -76.743200324 40.193962290 300.029999
OBJECT 8 -76.743083445 40.194108965 300.029999
OBJECT 8 -76.742979087 40.194251389 300.029999
OBJECT 8 -76.742863599 40.194393813 300.029999
OBJECT 8 -76.742755067 40.194537300 300.029999
OBJECT 8 -76.742330679 40.194583004 300.029999
OBJECT 8 -76.742223539 40.194723302 300.029999
OBJECT 8 -76.742106658 40.194865726 300.029999
OBJECT 8 -76.741134535 40.194809342 119.949997
OBJECT 8 -76.741250747 40.194665473 119.949997
OBJECT 8 -76.741354937 40.194523134 119.949997
OBJECT 8 -76.741461130 40.194388447 119.949997
OBJECT 8 -76.741571331 40.194244578 119.949997
OBJECT 8 -76.741701568 40.194060915 119.949997
OBJECT 8 -76.741821787 40.193920106 119.949997
OBJECT 8 -76.741929983 40.193768584 119.949997
OBJECT 8 -76.742038179 40.193630836 119.949997
OBJECT 8 -76.742142368 40.193488497 119.949997
OBJECT 8 -76.743270015 40.193991735 119.949997
OBJECT 8 -76.743048778 40.194280834 119.949997
OBJECT 8 -76.742933290 40.194423258 119.949997
OBJECT 8 -76.742824758 40.194566745 119.949997
OBJECT 8 -76.742400370 40.194612449 119.949997
OBJECT 8 -76.742176349 40.194895171 119.949997
OBJECT 8 -76.742069208 40.195036532 119.949997
OBJECT 8 -76.740747061 40.194639223 300.029999
OBJECT 8 -76.740863273 40.194495354 300.029999
OBJECT 8 -76.740967463 40.194353015 300.029999
OBJECT 8 -76.741073656 40.194218328 300.029999
OBJECT 8 -76.741183857 40.194074459 300.029999
OBJECT 8 -76.741314094 40.193890795 300.029999
OBJECT 8 -76.741434312 40.193749987 300.029999
OBJECT 8 -76.741542509 40.193598465 300.029999
OBJECT 8 -76.741650705 40.193460717 300.029999
OBJECT 8 -76.741754894 40.193318378 300.029999
OBJECT 8 -76.742882541 40.193821616 300.029999
OBJECT 8 -76.742765661 40.193968291 300.029999
OBJECT 8 -76.742661304 40.194110715 300.029999
OBJECT 8 -76.742545815 40.194253139 300.029999
OBJECT 8 -76.742437284 40.194396626 300.029999
OBJECT 8 -76.742012896 40.194442329 300.029999
OBJECT 8 -76.741905756 40.194582628 300.029999
OBJECT 8 -76.741788875 40.194725052 300.029999
OBJECT 8 -76.741681733 40.194866413 300.029999
OBJECT 8 -76.741452603 40.194949641 119.949997
OBJECT 8 -76.741673005 40.194663432 119.949997
OBJECT 8 -76.741779199 40.194528746 119.949997
OBJECT 8 -76.741889399 40.194384876 119.949997
OBJECT 8 -76.742019636 40.194201213 119.949997
OBJECT 8 -76.742139855 40.194060404 119.949997
OBJECT 8 -76.742248051 40.193908882 119.949997
OBJECT 8 -76.742356247 40.193771135 119.949997
OBJECT 8 -76.743471204 40.194278709 119.949997
OBJECT 8 -76.743366846 40.194421133 119.949997
OBJECT 8 -76.743251358 40.194563557 119.949997
OBJECT 8 -76.743142826 40.194707044 119.949997
OBJECT 8 -76.742718438 40.194752747 119.949997
OBJECT 8 -76.742611298 40.194893045 119.949997
OBJECT 8 -76.742494417 40.195035469 119.949997
OBJECT 8 -76.742387276 40.195176830 119.949997
OBJECT 9 -76.741612064 40.195013574 120.709999
OBJECT 8 -76.741868057 40.195131392 300.420013
OBJECT 8 -76.741544923 40.194986690 300.420013
OBJECT 8 -76.741965902 40.195172136 120.690002
OBJECT 8 -76.741965470 40.195380363 120.690002
OBJECT 10 -76.746743099 40.196218589 216.399994
OBJECT 10 -76.746776494 40.196237720 216.399994
OBJECT 10 -76.746996346 40.196354636 216.399994
OBJECT 10 -76.747143842 40.196431162 216.399994
OBJECT 11 -76.746829649 40.196296603 215.039993
OBJECT 11 -76.746866384 40.196317010 215.039993
OBJECT 11 -76.747160262 40.196468787 215.039993
OBJECT 11 -76.747053397 40.196415219 215.039993
OBJECT 11 -76.747014992 40.196394812 215.039993
OBJECT 11 -76.746906458 40.196336142 215.039993
OBJECT 6 -76.746711784 40.196559225 126.699997
OBJECT 7 -76.747803931 40.196206003 125.639999
OBJECT 8 -76.747574399 40.196469992 215.869995
OBJECT 9 -76.747788597 40.196518583 35.599998
OBJECT 7 -76.747923879 40.196374653 35.560001
OBJECT 8 -76.747580841 40.196704954 99.669998
OBJECT 8 -76.750691722 40.196762847 41.529999
OBJECT 8 -76.750441256 40.196982222 221.270004
OBJECT 7 -76.755348474 40.197371656 99.660004
OBJECT 8 -76.754895916 40.197262786 189.500000
OBJECT 6 -76.754673827 40.197507057 280.769989
OBJECT 8 -76.754316619 40.197457775 280.269989
OBJECT 8 -76.753954633 40.197405544 280.619995
OBJECT 7 -76.754520756 40.197663620 280.149994
OBJECT 7 -76.754371942 40.197639262 100.980003
OBJECT 8 -76.754159739 40.197610624 280.760010
OBJECT 8 -76.754734427 40.197690339 100.400002
OBJECT 4 -76.765166444 40.198033456 159.440002
OBJECT 4 -76.763393134 40.198504912 143.330002
OBJECT 4 -76.763022876 40.197525905 94.970001
OBJECT 4 -76.759399656 40.198270586 91.790001
OBJECT 4 -76.761748670 40.198475320 87.949997
OBJECT 4 -76.759568769 40.197870534 100.839996
OBJECT 4 -76.760092725 40.197613818 98.750000
OBJECT 4 -76.760468431 40.197846762 281.140015
OBJECT 4 -76.759345160 40.197276464 188.050003
OBJECT 9 -76.760057482 40.197599397 190.440002
OBJECT 9 -76.760271772 40.197631283 190.440002
OBJECT 7 -76.760008199 40.197803113 190.649994
OBJECT 7 -76.760222490 40.197834999 190.649994
OBJECT 9 -76.759961816 40.197996496 10.490000
OBJECT 9 -76.760176106 40.198028382 10.490000
OBJECT 7 -76.760002401 40.197818613 10.350000
OBJECT 7 -76.760216692 40.197850499 10.350000
OBJECT 8 -76.760068111 40.197541825 10.260000
OBJECT 8 -76.760282402 40.197573711 10.260000
OBJECT 8 -76.759945388 40.198080639 189.880005
OBJECT 8 -76.760159679 40.198112525 189.880005
OBJECT 7 -76.759769117 40.197858199 9.390000
OBJECT 7 -76.759805296 40.197684952 9.390000
OBJECT 7 -76.759842867 40.197509579 9.390000
OBJECT 7 -76.759579874 40.197655192 9.390000
OBJECT 7 -76.759618836 40.197480882 9.390000
OBJECT 7 -76.759417069 40.197453247 9.390000
OBJECT 7 -76.759198604 40.197423487 9.390000
OBJECT 7 -76.759251481 40.197187530 9.390000
OBJECT 7 -76.759464380 40.197219416 9.390000
OBJECT 7 -76.759670321 40.197249177 9.390000
OBJECT 7 -76.759898526 40.197280000 9.390000
OBJECT 7 -76.760110033 40.197309760 9.390000
OBJECT 7 -76.760341021 40.197336332 9.390000
OBJECT 7 -76.759732397 40.198043462 189.360001
OBJECT 7 -76.759768576 40.197870215 189.360001
OBJECT 7 -76.759806147 40.197694842 189.360001
OBJECT 7 -76.759543153 40.197840455 189.360001
OBJECT 7 -76.759582115 40.197666145 189.360001
OBJECT 7 -76.759380349 40.197638510 189.360001
OBJECT 7 -76.759161884 40.197608750 189.360001
OBJECT 7 -76.759214761 40.197372794 189.360001
OBJECT 7 -76.759427660 40.197404680 189.360001
OBJECT 7 -76.759633601 40.197434440 189.360001
OBJECT 7 -76.759861806 40.197465263 189.360001
OBJECT 7 -76.760073313 40.197495024 189.360001
OBJECT 7 -76.760304301 40.197521595 189.360001
OBJECT 7 -76.760417276 40.197926683 10.160000
OBJECT 7 -76.760442787 40.197837225 189.539993
OBJECT 8 -76.760485692 40.197623766 9.810000
OBJECT 8 -76.760372052 40.198138370 189.960007
OBJECT 7 -76.760550267 40.197353593 9.330000
OBJECT 7 -76.760512001 40.197538709 189.110001
OBJECT 9 -76.760752034 40.197576795 8.750000
OBJECT 6 -76.760841322 40.197691053 188.639999
OBJECT 6 -76.760637334 40.198040649 9.670000
OBJECT 6 -76.760912573 40.198068051 10.570000
OBJECT 6 -76.761124082 40.198097811 10.570000
OBJECT 6 -76.760674370 40.197879691 190.240005
OBJECT 6 -76.760952927 40.197907558 191.139999
OBJECT 6 -76.761164435 40.197937319 191.139999
OBJECT 8 -76.760697044 40.197764614 9.720000
OBJECT 8 -76.760977974 40.197792769 10.620000
OBJECT 8 -76.761189482 40.197822529 10.620000
OBJECT 8 -76.760614637 40.198154664 189.160004
OBJECT 8 -76.760887526 40.198181778 190.059998
OBJECT 8 -76.761099034 40.198211538 190.059998
OBJECT 9 -76.761089020 40.197323920 190.089996
OBJECT 7 -76.761048434 40.197499293 190.149994
OBJECT 7 -76.760990455 40.197726038 190.759995
OBJECT 9 -76.761387961 40.197911983 190.080002
OBJECT 6 -76.761336939 40.198127213 10.500000
OBJECT 8 -76.761397237 40.197854411 9.980000
OBJECT 8 -76.761318385 40.198219328 189.979996
OBJECT 7 -76.761269989 40.197479380 189.880005
OBJECT 7 -76.761484512 40.197511266 189.880005
OBJECT 8 -76.761203217 40.197755369 190.539993
OBJECT 8 -76.761417740 40.197787255 190.539993
OBJECT 7 -76.761244305 40.197570047 10.230000
OBJECT 7 -76.761458828 40.197601933 10.230000
OBJECT 8 -76.761309486 40.197293923 10.120000
OBJECT 8 -76.761524009 40.197325809 10.120000
OBJECT 9 -76.761549988 40.198150931 10.460000
OBJECT 9 -76.761602814 40.197932920 190.070007
OBJECT 8 -76.761615570 40.197874463 10.240000
OBJECT 7 -76.761670070 40.197636203 10.370000
OBJECT 8 -76.761736166 40.197353658 10.070000
OBJECT 6 -76.761711814 40.197467031 189.350006
OBJECT 8 -76.761645719 40.197755776 189.929993
OBJECT 9 -76.761629484 40.197822205 189.960007
OBJECT 8 -76.761539037 40.198209265 189.809998
OBJECT 9 -76.761750544 40.198174136 9.730000
OBJECT 8 -76.761821343 40.197899612 10.900000
OBJECT 9 -76.761809747 40.197958070 190.660004
OBJECT 8 -76.761740171 40.198233529 190.559998
OBJECT 9 -76.761972089 40.198177729 9.060000
OBJECT 7 -76.762026590 40.197949212 10.300000
OBJECT 8 -76.761965132 40.198235300 189.889999
OBJECT 7 -76.761875836 40.197661689 10.520000
OBJECT 8 -76.761944445 40.197381211 10.730000
OBJECT 7 -76.761903859 40.197564998 190.529999
OBJECT 8 -76.761835250 40.197846953 190.190002
OBJECT 8 -76.762120315 40.197539903 9.850000
OBJECT 6 -76.762153170 40.197405568 10.920000
OBJECT 7 -76.762117416 40.197570903 189.949997
OBJECT 8 -76.762052672 40.197853596 189.669998
OBJECT 8 -76.763659016 40.197183183 100.360001
OBJECT 8 -76.764024236 40.197235144 100.360001
OBJECT 4 -76.761069602 40.197525970 279.070007
OBJECT 5 -76.761445307 40.197926316 283.299988
OBJECT 5 -76.761934653 40.198150404 99.269997
OBJECT 5 -76.761658671 40.197763343 282.089996
OBJECT 5 -76.761728246 40.197469284 281.309998
OBJECT 5 -76.762012344 40.197825344 101.309998
OBJECT 5 -76.762085397 40.197537484 99.779999
OBJECT 7 -76.761975343 40.196848342 280.320007
OBJECT 8 -76.761603314 40.196793723 280.410004
OBJECT 7 -76.761717339 40.196957581 100.589996
OBJECT 8 -76.762081520 40.197009697 100.459999
OBJECT 8 -76.763282472 40.197132482 280.440002
OBJECT 8 -76.764011110 40.197238063 280.440002
OBJECT 8 -76.764386813 40.197287664 100.360001
OBJECT 10 -76.746778090 40.194779703 129.289993
OBJECT 10 -76.747434849 40.194972082 220.889999
OBJECT 10 -76.747720095 40.195154895 220.889999
OBJECT 10 -76.747359712 40.194922127 220.889999
OBJECT 10 -76.747092556 40.194742502 220.889999
OBJECT 10 -76.747061017 40.194721487 220.889999
OBJECT 10 -76.747028137 40.194700984 220.889999
OBJECT 11 -76.747753384 40.195213262 221.389999
OBJECT 11 -76.747447824 40.195010468 221.389999
OBJECT 11 -76.747376026 40.194967103 221.389999
OBJECT 12 -76.746786348 40.194731792 309.410004
OBJECT 12 -76.746709819 40.194804067 309.410004
OBJECT 12 -76.747210737 40.194791313 41.549999
OBJECT 12 -76.747246489 40.194814194 41.549999
OBJECT 12 -76.747286107 40.194839290 41.549999
OBJECT 13 -76.762510277 40.196525439 279.209991
OBJECT 13 -76.762538106 40.196422341 279.750000
OBJECT 13 -76.767943524 40.197930991 296.970001
OBJECT 13 -76.768004982 40.197837636 296.760010
OBJECT 14 -76.762682644 40.196154897 98.300003
OBJECT 14 -76.762668961 40.196235541 98.650002
OBJECT 14 -76.747463968 40.194075292 213.690002
OBJECT 14 -76.748676879 40.195014343 213.690002
OBJECT 14 -76.750717172 40.194354881 132.710007
OBJECT 15 -76.768211452 40.197509749 29.280001
OBJECT 16 -76.767606386 40.197318256 26.059999
OBJECT 16 -76.766195073 40.197330634 295.700012
OBJECT 17 -76.766927926 40.197540550 298.329987
OBJECT 17 -76.766416552 40.197035689 297.950012
OBJECT 16 -76.779151538 40.201566782 310.500000
OBJECT 15 -76.744550348 40.192796021 38.009998
OBJECT 18 -76.761886990 40.196396861 8.830000
OBJECT 18 -76.761991350 40.196408553 8.830000
OBJECT 18 -76.762092928 40.196420244 8.830000
OBJECT 18 -76.762195897 40.196432999 8.830000
OBJECT 18 -76.770198831 40.198744296 24.950001
OBJECT 19 -76.770671789 40.199041361 22.209999
OBJECT 20 -76.771167729 40.199168905 21.459999
OBJECT 19 -76.771970080 40.199339040 13.520000
OBJECT 21 -76.769039714 40.199178534 204.929993
OBJECT 22 -76.744952368 40.191450978 113.269997
OBJECT 23 -76.745486906 40.192766168 24.660000
OBJECT 24 -76.745260805 40.191393117 294.390015
OBJECT 25 -76.746684818 40.191834806 294.600006
OBJECT 26 -76.767131543 40.197884148 26.360001
OBJECT 26 -76.767212665 40.197756714 26.360001
OBJECT 26 -76.767696552 40.198092767 26.450001
OBJECT 26 -76.767776909 40.197968839 26.450001
OBJECT 27 -76.763519642 40.196718074 189.110001
OBJECT 27 -76.763500677 40.196806832 189.110001
OBJECT 28 -76.763967687 40.197492502 70.559998
OBJECT 29 -76.739948951 40.195554822 208.410004
OBJECT 19 -76.769531045 40.198880931 25.809999
OBJECT 19 -76.769661848 40.198671547 25.809999
OBJECT 29 -76.765371017 40.198765645 268.709991
OBJECT 30 -76.754876650 40.196131982 91.589996
OBJECT 31 -76.754996226 40.196115631 79.839996
OBJECT 30 -76.754955581 40.195771201 101.419998
OBJECT 31 -76.755072967 40.195793284 103.949997
OBJECT 30 -76.754800415 40.195470565 119.760002
OBJECT 32 -76.755001939 40.195501942 101.500000
OBJECT 30 -76.754466600 40.195084293 124.980003
OBJECT 33 -76.754651067 40.195113990 101.500000
OBJECT 30 -76.754266893 40.194782201 142.690002
OBJECT 33 -76.754429893 40.194854557 120.239998
OBJECT 34 -76.756919703 40.195555099 261.799988
OBJECT 32 -76.756745077 40.195637482 238.259995
OBJECT 34 -76.756172975 40.195555065 198.259995
OBJECT 30 -76.755757536 40.195389000 234.369995
OBJECT 35 -76.755668777 40.195485215 214.940002
OBJECT 35 -76.755011238 40.194935081 198.309998
OBJECT 35 -76.754783656 40.194670952 181.679993
OBJECT 34 -76.755420481 40.195215677 224.160004
OBJECT 35 -76.755351507 40.195321050 206.380005
OBJECT 30 -76.755060206 40.194821721 219.080002
OBJECT 36 -76.754788971 40.194553905 197.229996
OBJECT 30 -76.754699124 40.196502100 111.529999
OBJECT 37 -76.754429721 40.195014541 99.180000
OBJECT 38 -76.749257068 40.191932220 310.040009
OBJECT 39 -76.753707121 40.194114113 145.949997
OBJECT 39 -76.754142402 40.193891044 145.410004
OBJECT 38 -76.754653946 40.196743119 55.590000
OBJECT 38 -76.754497827 40.196587625 102.169998
OBJECT 38 -76.754718740 40.196254152 102.669998
OBJECT 32 -76.754898107 40.196495483 87.720001
OBJECT 38 -76.754795063 40.195859027 92.970001
OBJECT 38 -76.754604660 40.195513902 100.779999
OBJECT 39 -76.754057946 40.194783667 125.910004
OBJECT 39 -76.754697100 40.194417263 181.289993
OBJECT 38 -76.755022799 40.194676107 197.869995
OBJECT 38 -76.755405095 40.195045973 197.539993
OBJECT 38 -76.755746134 40.195257630 211.009995
OBJECT 38 -76.756058017 40.195324699 235.529999
OBJECT 38 -76.756551374 40.195432274 195.490005
OBJECT 39 -76.756946415 40.195223889 216.509995
OBJECT 39 -76.757111162 40.195402505 242.119995
OBJECT 39 -76.757190879 40.195579768 274.600006
OBJECT 38 -76.747524726 40.193841080 220.779999
OBJECT 38 -76.748014494 40.194169604 220.119995
OBJECT 38 -76.748485898 40.194521510 221.139999
OBJECT 38 -76.749061380 40.194813791 219.399994
OBJECT 40 -76.742617645 40.195200388 213.149994
OBJECT 40 -76.742870401 40.195315290 213.149994
OBJECT 40 -76.744135684 40.193310798 217.570007
OBJECT 41 -76.742846149 40.195304894 121.769997
OBJECT 41 -76.742778580 40.195275528 121.769997
OBJECT 41 -76.742708681 40.195244678 121.769997
OBJECT 41 -76.742639170 40.195213236 121.769997
OBJECT 41 -76.759340081 40.196995021 8.170000
OBJECT 41 -76.759351355 40.196953195 189.160004
OBJECT 41 -76.758927788 40.197122958 100.629997
OBJECT 41 -76.758661247 40.197017779 102.370003
OBJECT 42 -76.742659522 40.195217697 30.690001
OBJECT 42 -76.742832295 40.195295323 30.690001
BEGIN_POLYGON 0 10 3
BEGIN_WINDING
POLYGON_POINT -76.763378635 40.196713130 0.000000000
POLYGON_POINT -76.763239487 40.196698250 0.000000000
POLYGON_POINT -76.763185219 40.196937395 0.000000000
POLYGON_POINT -76.762775243 40.196870828 3.000000000
POLYGON_POINT -76.762688275 40.196856681 0.000000000
POLYGON_POINT -76.762675391 40.196855451 0.000000000
END_WINDING
END_POLYGON
BEGIN_POLYGON 0 10 2
BEGIN_WINDING
POLYGON_POINT -76.766772423 40.197648200
POLYGON_POINT -76.766548670 40.197561470
POLYGON_POINT -76.766501916 40.197630343
POLYGON_POINT -76.765874073 40.197386734
POLYGON_POINT -76.766364990 40.196609992
POLYGON_POINT -76.764783720 40.196124050
POLYGON_POINT -76.764321196 40.195973548
POLYGON_POINT -76.764185945 40.196065379
POLYGON_POINT -76.763823607 40.196094715
POLYGON_POINT -76.763672181 40.196743895
POLYGON_POINT -76.763769483 40.196757564
END_WINDING
END_POLYGON
BEGIN_POLYGON 0 10 3
BEGIN_WINDING
POLYGON_POINT -76.768405185 40.198221110 0.000000000
POLYGON_POINT -76.768456207 40.198142281 0.000000000
POLYGON_POINT -76.768212693 40.198043080 3.000000000
POLYGON_POINT -76.768092095 40.198001451 0.000000000
POLYGON_POINT -76.768035275 40.197981079 0.000000000
POLYGON_POINT -76.767981934 40.198067880 0.000000000
END_WINDING
END_POLYGON
BEGIN_POLYGON 0 10 2
BEGIN_WINDING
POLYGON_POINT -76.769405402 40.198598775
POLYGON_POINT -76.769323303 40.198566889
POLYGON_POINT -76.769250944 40.198540317
END_WINDING
END_POLYGON
BEGIN_POLYGON 0 10 3
BEGIN_WINDING
POLYGON_POINT -76.769855813 40.198783013 0.000000000
POLYGON_POINT -76.769858132 40.198790099 0.000000000
POLYGON_POINT -76.769916112 40.198812242 3.000000000
POLYGON_POINT -76.770064542 40.198866271 0.000000000
POLYGON_POINT -76.770413583 40.198980529 0.000000000
END_WINDING
END_POLYGON
BEGIN_POLYGON 0 10 2
BEGIN_WINDING
POLYGON_POINT -76.771697270 40.199311789
POLYGON_POINT -76.771518690 40.199279017
POLYGON_POINT -76.771468826 40.199373790
POLYGON_POINT -76.771292565 40.199340132
END_WINDING
END_POLYGON
BEGIN_POLYGON 0 10 2
BEGIN_WINDING
POLYGON_POINT -76.782073527 40.200834692
POLYGON_POINT -76.780577703 40.200255809
POLYGON_POINT -76.780637536 40.200964179
POLYGON_POINT -76.780846951 40.201325981
POLYGON_POINT -76.780707339 40.201550679
POLYGON_POINT -76.780662463 40.201539254
POLYGON_POINT -76.780458032 40.201916290
POLYGON_POINT -76.779849724 40.201779186
POLYGON_POINT -76.779814822 40.201954374
POLYGON_POINT -76.777202086 40.200983222
POLYGON_POINT -76.777182576 40.201008003
POLYGON_POINT -76.776155810 40.200668226
POLYGON_POINT -76.776167833 40.200644350
POLYGON_POINT -76.775169926 40.200326612
POLYGON_POINT -76.774328319 40.200137439
POLYGON_POINT -76.773308776 40.199751746
POLYGON_POINT -76.772678777 40.199656241
POLYGON_POINT -76.772642709 40.199678281
POLYGON_POINT -76.772094466 40.199601142
END_WINDING
END_POLYGON
BEGIN_POLYGON 0 10 3
BEGIN_WINDING
POLYGON_POINT -76.763141706 40.195909839 0.000000000
POLYGON_POINT -76.762893561 40.195874410 0.000000000
POLYGON_POINT -76.762674636 40.196855436 0.000000000
POLYGON_POINT -76.762469268 40.196828221 3.000000000
POLYGON_POINT -76.762368386 40.196810506 0.000000000
POLYGON_POINT -76.761540456 40.196688277 0.000000000
POLYGON_POINT -76.761514946 40.196611219 0.000000000
POLYGON_POINT -76.761579881 40.196585533 0.000000000
POLYGON_POINT -76.761641338 40.196338416 0.000000000
POLYGON_POINT -76.761302746 40.196120529 0.000000000
POLYGON_POINT -76.760690500 40.196033728 0.000000000
POLYGON_POINT -76.760270739 40.196425217 0.000000000
POLYGON_POINT -76.758689100 40.196209987 0.000000000
POLYGON_POINT -76.758646196 40.196365874 0.000000000
POLYGON_POINT -76.758079171 40.196301216 0.000000000
POLYGON_POINT -76.757827547 40.196204672 0.000000000
POLYGON_POINT -76.756833807 40.196060300 0.000000000
POLYGON_POINT -76.756757276 40.196032842 0.000000000
END_WINDING
END_POLYGON
BEGIN_POLYGON 0 10 5
BEGIN_WINDING
POLYGON_POINT -76.748574745 40.195101123 0.000000000 -76.748574745 40.195101123
POLYGON_POINT -76.748876967 40.195296266 0.000000000 -76.748876967 40.195296266
POLYGON_POINT -76.748740049 40.195426360 0.000000000 -76.748740049 40.195426360
POLYGON_POINT -76.749766938 40.196081936 0.000000000 -76.749766938 40.196081936
POLYGON_POINT -76.750162667 40.195742669 0.000000000 -76.750162667 40.195742669
POLYGON_POINT -76.751849128 40.196838272 0.000000000 -76.751849128 40.196838272
POLYGON_POINT -76.751763970 40.197155856 0.000000000 -76.751763970 40.197155856
POLYGON_POINT -76.752306787 40.197233764 0.000000000 -76.752306787 40.197233764
POLYGON_POINT -76.752292872 40.197278050 0.000000000 -76.752292872 40.197278050
POLYGON_POINT -76.752571170 40.197320565 0.000000000 -76.752571170 40.197320565
POLYGON_POINT -76.752582766 40.197276279 0.000000000 -76.752582766 40.197276279
POLYGON_POINT -76.752699883 40.197293107 0.000000000 -76.752699883 40.197293107
POLYGON_POINT -76.752646543 40.197467595 0.000000000 -76.752646543 40.197467595
POLYGON_POINT -76.753438535 40.197588938 0.000000000 -76.753438535 40.197588938
POLYGON_POINT -76.753457088 40.197523395 0.000000000 -76.753457088 40.197523395
POLYGON_POINT -76.753557972 40.197536681 3.000000000 -76.753557972 40.197536681
POLYGON_POINT -76.753644940 40.197549081 0.000000000 -76.753644940 40.197549081
POLYGON_POINT -76.753673930 40.197553510 0.000000000 -76.753673930 40.197553510
POLYGON_POINT -76.753729589 40.197293107 0.000000000 -76.753729589 40.197293107
POLYGON_POINT -76.753787568 40.197263879 0.000000000 -76.753787568 40.197263879
POLYGON_POINT -76.754715230 40.197399394 0.000000000 -76.754715230 40.197399394
POLYGON_POINT -76.754846261 40.196858218 0.000000000 -76.754856697 40.196821018
POLYGON_POINT -76.754846261 40.196858218 0.000000000 -76.754846261 40.196858218
POLYGON_POINT -76.754846261 40.196858218 0.000000000 -76.754990048 40.196879475
POLYGON_POINT -76.755027153 40.196779389 0.000000000 -76.755027153 40.196779389
POLYGON_POINT -76.755050345 40.196712074 0.000000000 -76.755050345 40.196712074
END_WINDING
END_POLYGON
BEGIN_POLYGON 0 10 2
BEGIN_WINDING
POLYGON_POINT -76.746951768 40.194418763
POLYGON_POINT -76.746761421 40.194293770
POLYGON_POINT -76.746571073 40.194173879
END_WINDING
END_POLYGON
BEGIN_POLYGON 0 10 2
BEGIN_WINDING
POLYGON_POINT -76.746575710 40.189905301
POLYGON_POINT -76.746675887 40.189724614
POLYGON_POINT -76.746442141 40.189564121
POLYGON_POINT -76.746314138 40.189607699
POLYGON_POINT -76.746126307 40.189586441
POLYGON_POINT -76.746077610 40.189583253
POLYGON_POINT -76.745562710 40.190456994
POLYGON_POINT -76.745521780 40.190522091
POLYGON_POINT -76.745333232 40.190834246
POLYGON_POINT -76.745345310 40.190838347
POLYGON_POINT -76.745497625 40.190887554
POLYGON_POINT -76.745590221 40.190918308
POLYGON_POINT -76.745482192 40.191083868
END_WINDING
END_POLYGON
BEGIN_POLYGON 0 10 2
BEGIN_WINDING
POLYGON_POINT -76.745721167 40.191295518
POLYGON_POINT -76.745716313 40.191303428
POLYGON_POINT -76.745733463 40.191308372
END_WINDING
END_POLYGON
BEGIN_POLYGON 0 10 2
BEGIN_WINDING
POLYGON_POINT -76.746497715 40.191565685
POLYGON_POINT -76.746562131 40.191589058
POLYGON_POINT -76.746694988 40.191635804
END_WINDING
END_POLYGON
BEGIN_POLYGON 0 10 3
BEGIN_WINDING
POLYGON_POINT -76.747217964 40.191795097 0.000000000
POLYGON_POINT -76.747156744 40.191774902 3.000000000
POLYGON_POINT -76.747053782 40.191738765 0.000000000
POLYGON_POINT -76.746977257 40.191709004 0.000000000
POLYGON_POINT -76.746953603 40.191729199 0.000000000
END_WINDING
END_POLYGON
BEGIN_POLYGON 0 10 2
BEGIN_WINDING
POLYGON_POINT -76.744011204 40.193256740
POLYGON_POINT -76.743880968 40.193384283
POLYGON_POINT -76.743732366 40.193389385
POLYGON_POINT -76.743193057 40.193075627
POLYGON_POINT -76.743325880 40.192697750
POLYGON_POINT -76.743403779 40.192684526
POLYGON_POINT -76.743423975 40.192519230
POLYGON_POINT -76.744932864 40.188228121
POLYGON_POINT -76.744869395 40.188117923
POLYGON_POINT -76.744892474 40.187985686
END_WINDING
END_POLYGON
BEGIN_POLYGON 0 10 2
BEGIN_WINDING
POLYGON_POINT -76.744219915 40.193409792
POLYGON_POINT -76.744148119 40.193492696
POLYGON_POINT -76.744149788 40.193574324
POLYGON_POINT -76.746073285 40.194621460
POLYGON_POINT -76.746858047 40.193903387
POLYGON_POINT -76.747121859 40.193597282
POLYGON_POINT -76.748232189 40.192417501
POLYGON_POINT -76.748352404 40.192194299
POLYGON_POINT -76.748222170 40.192154760
END_WINDING
END_POLYGON
BEGIN_POLYGON 0 10 2
BEGIN_WINDING
POLYGON_POINT -76.744010846 40.194006183
POLYGON_POINT -76.743829962 40.193882891
POLYGON_POINT -76.741809631 40.192748813
POLYGON_POINT -76.740831479 40.192296032
POLYGON_POINT -76.740713210 40.192315163
POLYGON_POINT -76.739602865 40.193746844
POLYGON_POINT -76.740130215 40.193992366
POLYGON_POINT -76.739794880 40.194435581
POLYGON_POINT -76.742004486 40.195436801
POLYGON_POINT -76.742320345 40.195500573
POLYGON_POINT -76.742538801 40.195209348
END_WINDING
END_POLYGON
BEGIN_POLYGON 0 10 2
BEGIN_WINDING
POLYGON_POINT -76.743322060 40.195577890
POLYGON_POINT -76.743516863 40.195325459
POLYGON_POINT -76.743700071 40.195079229
END_WINDING
END_POLYGON
BEGIN_POLYGON 0 10 2
BEGIN_WINDING
POLYGON_POINT -76.743151607 40.195502604
POLYGON_POINT -76.743809069 40.195797549
POLYGON_POINT -76.744126785 40.195891435
POLYGON_POINT -76.744149976 40.195816149
POLYGON_POINT -76.744223028 40.195743520
END_WINDING
END_POLYGON
BEGIN_POLYGON 0 10 3
BEGIN_WINDING
POLYGON_POINT -76.744271863 40.195366687 0.000000000
POLYGON_POINT -76.744022560 40.195630632 0.000000000
POLYGON_POINT -76.744889904 40.196106264 0.000000000
POLYGON_POINT -76.745145005 40.196131950 0.000000000
POLYGON_POINT -76.745213418 40.196053121 0.000000000
POLYGON_POINT -76.745346767 40.196122207 0.000000000
POLYGON_POINT -76.745367915 40.196099606 3.000000000
POLYGON_POINT -76.745438014 40.196024686 0.000000000
POLYGON_POINT -76.745454649 40.196006906 0.000000000
END_WINDING
END_POLYGON
BEGIN_POLYGON 0 10 3
BEGIN_WINDING
POLYGON_POINT -76.744284159 40.194095015 0.000000000
POLYGON_POINT -76.744220153 40.194123712 0.000000000
POLYGON_POINT -76.744010047 40.194006797 0.000000000
POLYGON_POINT -76.743709498 40.194343725 0.000000000
POLYGON_POINT -76.743623229 40.194402183 0.000000000
POLYGON_POINT -76.743268411 40.194779501 0.000000000
POLYGON_POINT -76.743280934 40.194861341 0.000000000
POLYGON_POINT -76.744271647 40.195365140 0.000000000
POLYGON_POINT -76.744392703 40.195248224 0.000000000
POLYGON_POINT -76.744481756 40.195238659 0.000000000
POLYGON_POINT -76.745412641 40.195745646 0.000000000
POLYGON_POINT -76.745422381 40.195826424 0.000000000
POLYGON_POINT -76.745326370 40.195934836 0.000000000
POLYGON_POINT -76.745642232 40.196108083 3.000000000
POLYGON_POINT -76.745747983 40.196164415 0.000000000
POLYGON_POINT -76.746095850 40.196353605 0.000000000
POLYGON_POINT -76.746268392 40.196340851 0.000000000
POLYGON_POINT -76.746944643 40.195631919 0.000000000
POLYGON_POINT -76.746909857 40.195517130 0.000000000
END_WINDING
END_POLYGON
BEGIN_POLYGON 1 10 2
BEGIN_WINDING
POLYGON_POINT -76.755319544 40.196584120
POLYGON_POINT -76.755391123 40.196608894
POLYGON_POINT -76.755440710 40.196623561
END_WINDING
END_POLYGON
BEGIN_POLYGON 1 10 2
BEGIN_WINDING
POLYGON_POINT -76.755583143 40.196437262
POLYGON_POINT -76.755456944 40.196365519
POLYGON_POINT -76.755353549 40.196310161
END_WINDING
END_POLYGON
BEGIN_POLYGON 1 10 2
BEGIN_WINDING
POLYGON_POINT -76.756213380 40.195861957
POLYGON_POINT -76.756235927 40.195936998
POLYGON_POINT -76.756284242 40.196084003
END_WINDING
END_POLYGON
BEGIN_POLYGON 1 10 2
BEGIN_WINDING
POLYGON_POINT -76.756564469 40.195944994
POLYGON_POINT -76.756562054 40.195997891
POLYGON_POINT -76.756562859 40.196052633
END_WINDING
END_POLYGON
BEGIN_POLYGON 1 10 4
BEGIN_WINDING
POLYGON_POINT -76.756821238 40.196079675 -76.756821238 40.196079675
POLYGON_POINT -76.755909755 40.196229503 -76.755483965 40.196446328
POLYGON_POINT -76.755419355 40.196762781 -76.755419355 40.196762781
END_WINDING
END_POLYGON
BEGIN_POLYGON 2 10 2
BEGIN_WINDING
POLYGON_POINT -76.768503427 40.198301542
POLYGON_POINT -76.768360101 40.198244370
POLYGON_POINT -76.768059583 40.198696966
POLYGON_POINT -76.768200077 40.198750071
END_WINDING
END_POLYGON
BEGIN_POLYGON 3 10 2
BEGIN_WINDING
POLYGON_POINT -76.745588679 40.194109277
POLYGON_POINT -76.745787652 40.194211312
POLYGON_POINT -76.746033933 40.193940281
POLYGON_POINT -76.745830786 40.193838246
END_WINDING
END_POLYGON
BEGIN_POLYGON 4 10 3
BEGIN_WINDING
POLYGON_POINT -76.747044456 40.192920108 0.000000000
POLYGON_POINT -76.747338318 40.193020868 0.000000000
POLYGON_POINT -76.747468218 40.192775473 0.000000000
POLYGON_POINT -76.747693623 40.192848683 0.000000000
POLYGON_POINT -76.747773766 40.192689508 0.000000000
POLYGON_POINT -76.747561385 40.192612982 0.000000000
POLYGON_POINT -76.747575410 40.192597677 0.000000000
POLYGON_POINT -76.747289897 40.192502784 0.000000000
END_WINDING
END_POLYGON
BEGIN_POLYGON 5 10 3
BEGIN_WINDING
POLYGON_POINT -76.745784523 40.192464118 2.000000000
POLYGON_POINT -76.746122630 40.192579970 1.000000000
POLYGON_POINT -76.746322990 40.192646931 2.000000000
POLYGON_POINT -76.746399517 40.192673503 2.000000000
POLYGON_POINT -76.746649967 40.192278116 2.000000000
POLYGON_POINT -76.746505262 40.192224973 1.000000000
POLYGON_POINT -76.746423170 40.192196276 2.000000000
POLYGON_POINT -76.746015493 40.192060229 2.000000000
END_WINDING
END_POLYGON
BEGIN_POLYGON 6 10 3
BEGIN_WINDING
POLYGON_POINT -76.746855059 40.192536431 0.000000000
POLYGON_POINT -76.746818326 40.192526228 0.000000000
POLYGON_POINT -76.746632993 40.192841261 0.000000000
POLYGON_POINT -76.746693101 40.192859117 0.000000000
POLYGON_POINT -76.746653029 40.192936919 0.000000000
POLYGON_POINT -76.746784932 40.192977733 0.000000000
POLYGON_POINT -76.747095491 40.192444600 0.000000000
POLYGON_POINT -76.746938542 40.192394857 0.000000000
END_WINDING
END_POLYGON
BEGIN_POLYGON 7 10 3
BEGIN_WINDING
POLYGON_POINT -76.745366912 40.193621361 0.000000000
POLYGON_POINT -76.745435222 40.193656503 0.000000000
POLYGON_POINT -76.745452614 40.193634422 0.000000000
POLYGON_POINT -76.745548274 40.193684551 0.000000000
POLYGON_POINT -76.745604317 40.193620336 0.000000000
POLYGON_POINT -76.745438120 40.193536931 0.000000000
END_WINDING
END_POLYGON
BEGIN_POLYGON 8 10 3
BEGIN_WINDING
POLYGON_POINT -76.744827254 40.192231720 0.000000000
POLYGON_POINT -76.744980918 40.192284098 0.000000000
POLYGON_POINT -76.744898771 40.192417849 0.000000000
POLYGON_POINT -76.745315182 40.192563249 0.000000000
POLYGON_POINT -76.745568580 40.192141419 0.000000000
POLYGON_POINT -76.745634977 40.192034070 0.000000000
POLYGON_POINT -76.745468067 40.191975059 0.000000000
POLYGON_POINT -76.745526505 40.191884291 0.000000000
POLYGON_POINT -76.745115770 40.191743482 0.000000000
END_WINDING
END_POLYGON
BEGIN_POLYGON 8 10 3
BEGIN_WINDING
POLYGON_POINT -76.744194235 40.192042589 0.000000000
POLYGON_POINT -76.744101012 40.192194579 2.000000000
POLYGON_POINT -76.744426596 40.192307243 1.000000000
POLYGON_POINT -76.744514253 40.192152065 0.000000000
END_WINDING
END_POLYGON
BEGIN_POLYGON 5 10 3
BEGIN_WINDING
POLYGON_POINT -76.745696217 40.191572032 2.000000000
POLYGON_POINT -76.745644550 40.191662757 2.000000000
POLYGON_POINT -76.745852560 40.191737080 2.000000000
POLYGON_POINT -76.745990114 40.191784237 2.000000000
POLYGON_POINT -76.746184033 40.191853434 2.000000000
POLYGON_POINT -76.746242409 40.191761171 2.000000000
END_WINDING
END_POLYGON
BEGIN_POLYGON 5 10 3
BEGIN_WINDING
POLYGON_POINT -76.747715125 40.192031439 2.000000000
POLYGON_POINT -76.747496124 40.191952305 2.000000000
POLYGON_POINT -76.747524400 40.191904373 2.000000000
POLYGON_POINT -76.747220683 40.191795345 2.000000000
POLYGON_POINT -76.747003858 40.192162920 2.000000000
POLYGON_POINT -76.747338951 40.192277178 1.000000000
POLYGON_POINT -76.747497801 40.192332093 2.000000000
POLYGON_POINT -76.747531426 40.192344493 2.000000000
END_WINDING
END_POLYGON
BEGIN_POLYGON 9 10 3
BEGIN_WINDING
POLYGON_POINT -76.747360277 40.192175248 1.000000000
POLYGON_POINT -76.747564810 40.192248586 1.000000000
POLYGON_POINT -76.747518895 40.192339992 1.000000000
POLYGON_POINT -76.747638554 40.192381444 1.000000000
POLYGON_POINT -76.747694209 40.192286849 1.000000000
POLYGON_POINT -76.747905700 40.192361249 1.000000000
POLYGON_POINT -76.748052463 40.192109966 1.000000000
POLYGON_POINT -76.748157683 40.192145475 1.000000000
POLYGON_POINT -76.748171836 40.192121757 0.000000000
POLYGON_POINT -76.747418293 40.191857801 1.000000000
POLYGON_POINT -76.747402995 40.191880043 1.000000000
POLYGON_POINT -76.747509460 40.191918109 1.000000000
END_WINDING
END_POLYGON
BEGIN_POLYGON 10 10 5
BEGIN_WINDING
POLYGON_POINT -76.758348300 40.196941913 0.000000000 -76.758348300 40.196941913
POLYGON_POINT -76.758449648 40.197081225 0.000000000 -76.758449648 40.197081225
POLYGON_POINT -76.758343356 40.197085285 0.000000000 -76.758343356 40.197085285
POLYGON_POINT -76.758347105 40.196941819 0.000000000 -76.758347105 40.196941819
POLYGON_POINT -76.758278283 40.196931151 0.000000000 -76.758278283 40.196931151
POLYGON_POINT -76.758228206 40.197140087 0.000000000 -76.758228206 40.197140087
POLYGON_POINT -76.758156459 40.197244957 0.000000000 -76.758136529 40.197326710
POLYGON_POINT -76.758174174 40.197378919 0.000000000 -76.758174174 40.197378919
POLYGON_POINT -76.758119030 40.197580098 0.000000000 -76.758119030 40.197580098
POLYGON_POINT -76.758177429 40.197589979 0.000000000 -76.758177429 40.197589979
POLYGON_POINT -76.758264523 40.197457402 0.000000000 -76.758264523 40.197457402
POLYGON_POINT -76.758303496 40.197478838 0.000000000 -76.758303496 40.197478838
POLYGON_POINT -76.758360872 40.197405834 0.000000000 -76.758360872 40.197405834
POLYGON_POINT -76.758269430 40.197258359 0.000000000 -76.758310766 40.197139958
POLYGON_POINT -76.758497369 40.197180369 0.000000000 -76.758497369 40.197180369
POLYGON_POINT -76.758569645 40.197345854 0.000000000 -76.758506903 40.197449032
POLYGON_POINT -76.758361938 40.197406296 0.000000000 -76.758361938 40.197406296
POLYGON_POINT -76.758304447 40.197479415 0.000000000 -76.758304447 40.197479415
POLYGON_POINT -76.758350881 40.197498088 0.000000000 -76.758350881 40.197498088
POLYGON_POINT -76.758179307 40.197590629 0.000000000 -76.758179307 40.197590629
POLYGON_POINT -76.758288215 40.197609177 0.000000000 -76.758288215 40.197609177
POLYGON_POINT -76.758496288 40.197502765 0.000000000 -76.758496288 40.197502765
POLYGON_POINT -76.758713313 40.197317771 0.000000000 -76.758738410 40.197166669
POLYGON_POINT -76.758713313 40.197317771 0.000000000 -76.758713313 40.197317771
POLYGON_POINT -76.758713313 40.197317771 0.000000000 -76.758723684 40.197255327
POLYGON_POINT -76.758675283 40.197175265 0.000000000 -76.758647508 40.197141930
POLYGON_POINT -76.758675283 40.197175265 0.000000000 -76.758675283 40.197175265
POLYGON_POINT -76.758675283 40.197175265 0.000000000 -76.758645814 40.197139897
POLYGON_POINT -76.758591217 40.197111605 0.000000000 -76.758574137 40.197103607
POLYGON_POINT -76.758591217 40.197111605 0.000000000 -76.758591217 40.197111605
POLYGON_POINT -76.758591217 40.197111605 0.000000000 -76.758585441 40.197108900
POLYGON_POINT -76.758582001 40.197107601 1.000000000 -76.758582001 40.197107601
POLYGON_POINT -76.758451577 40.196958449 1.000000000 -76.758451577 40.196958449
END_WINDING
END_POLYGON
BEGIN_POLYGON 5 10 3
BEGIN_WINDING
POLYGON_POINT -76.766796753 40.197620422 2.000000000
POLYGON_POINT -76.766731665 40.197721717 2.000000000
POLYGON_POINT -76.766708968 40.197713121 2.000000000
POLYGON_POINT -76.766700064 40.197725787 1.000000000
POLYGON_POINT -76.766634250 40.197821083 2.000000000
POLYGON_POINT -76.766628110 40.197830435 2.000000000
POLYGON_POINT -76.766655909 40.197841734 2.000000000
POLYGON_POINT -76.766583217 40.197958064 2.000000000
POLYGON_POINT -76.766740093 40.198019051 2.000000000
POLYGON_POINT -76.766959482 40.197681954 2.000000000
END_WINDING
END_POLYGON
BEGIN_POLYGON 5 10 3
BEGIN_WINDING
POLYGON_POINT -76.767160305 40.198176721 2.000000000
POLYGON_POINT -76.767303801 40.198230847 2.000000000
POLYGON_POINT -76.767526130 40.197891206 2.000000000
POLYGON_POINT -76.767379977 40.197835726 2.000000000
END_WINDING
END_POLYGON
BEGIN_POLYGON 11 10 3
BEGIN_WINDING
POLYGON_POINT -76.760895909 40.196297597 2.000000000
POLYGON_POINT -76.760605098 40.196567664 3.000000000
POLYGON_POINT -76.761151516 40.196923078 2.000000000
POLYGON_POINT -76.761442327 40.196641319 3.000000000
END_WINDING
END_POLYGON
BEGIN_POLYGON 5 10 3
BEGIN_WINDING
POLYGON_POINT -76.763701886 40.197038766 2.000000000
POLYGON_POINT -76.763788535 40.197049028 2.000000000
POLYGON_POINT -76.763791596 40.197030322 2.000000000
POLYGON_POINT -76.764258426 40.197094624 1.000000000
POLYGON_POINT -76.764354853 40.197107030 2.000000000
POLYGON_POINT -76.764448219 40.197119176 2.000000000
POLYGON_POINT -76.764494137 40.196900549 2.000000000
POLYGON_POINT -76.763930879 40.196818711 1.000000000
POLYGON_POINT -76.763846697 40.196805850 2.000000000
POLYGON_POINT -76.763814087 40.196800719 2.000000000
POLYGON_POINT -76.763821400 40.196753240 2.000000000
POLYGON_POINT -76.763785686 40.196749018 2.000000000
POLYGON_POINT -76.763754734 40.196768081 2.000000000
END_WINDING
END_POLYGON
BEGIN_POLYGON 12 10 3
BEGIN_WINDING
POLYGON_POINT -76.764735357 40.197267420 3.000000000
POLYGON_POINT -76.765223921 40.197449804 2.000000000
POLYGON_POINT -76.765468204 40.197083634 3.000000000
POLYGON_POINT -76.764985149 40.196899848 2.000000000
END_WINDING
END_POLYGON
BEGIN_POLYGON 2 10 3
BEGIN_WINDING
POLYGON_POINT -76.743891418 40.192548229 1.000000000
POLYGON_POINT -76.744059776 40.192603498 4.000000000
POLYGON_POINT -76.744200307 40.192359039 3.000000000
POLYGON_POINT -76.744037514 40.192302707 2.000000000
END_WINDING
END_POLYGON
BEGIN_POLYGON 3 10 2
BEGIN_WINDING
POLYGON_POINT -76.744327295 40.192046219
POLYGON_POINT -76.744528144 40.192117544
POLYGON_POINT -76.744594686 40.191996003
POLYGON_POINT -76.744546696 40.191979593
POLYGON_POINT -76.744564540 40.191948174
POLYGON_POINT -76.744417639 40.191896187
END_WINDING
END_POLYGON
BEGIN_POLYGON 3 10 2
BEGIN_WINDING
POLYGON_POINT -76.746389423 40.193163608
POLYGON_POINT -76.746489189 40.193199099
POLYGON_POINT -76.746561309 40.193072658
POLYGON_POINT -76.746458188 40.193035117
END_WINDING
END_POLYGON
BEGIN_POLYGON 3 10 2
BEGIN_WINDING
POLYGON_POINT -76.746069166 40.193730257
POLYGON_POINT -76.746197872 40.193786058
POLYGON_POINT -76.746338174 40.193597399
POLYGON_POINT -76.746212946 40.193542484
END_WINDING
END_POLYGON
BEGIN_POLYGON 13 8 5
BEGIN_WINDING
POLYGON_POINT -76.756837071 40.195650598 1.000000000 -76.756837071 40.195650598
POLYGON_POINT -76.756775340 40.195641852 0.000000000 -76.756775340 40.195641852
POLYGON_POINT -76.756711123 40.195632753 1.000000000 -76.756711123 40.195632753
POLYGON_POINT -76.756201892 40.195560604 0.000000000 -76.756201892 40.195560604
POLYGON_POINT -76.756138767 40.195551661 1.000000000 -76.756138767 40.195551661
POLYGON_POINT -76.755706823 40.195490462 0.000000000 -76.755706823 40.195490462
POLYGON_POINT -76.755623918 40.195478715 1.000000000 -76.755623918 40.195478715
POLYGON_POINT -76.755470586 40.195456991 1.000000000 -76.755470586 40.195456991
POLYGON_POINT -76.755372333 40.195344614 0.000000000 -76.755372333 40.195344614
POLYGON_POINT -76.755331229 40.195297603 1.000000000 -76.755331229 40.195297603
POLYGON_POINT -76.755032422 40.194955844 0.000000000 -76.755032422 40.194955844
POLYGON_POINT -76.754996710 40.194914999 1.000000000 -76.754996710 40.194914999
POLYGON_POINT -76.754795507 40.194684875 0.000000000 -76.754795507 40.194684875
POLYGON_POINT -76.754783673 40.194671340 0.000000000 -76.754783673 40.194671340
POLYGON_POINT -76.754763956 40.194677372 1.000000000 -76.754751567 40.194681284
POLYGON_POINT -76.754763956 40.194677372 1.000000000 -76.754763956 40.194677372
POLYGON_POINT -76.754763956 40.194677372 1.000000000 -76.754728277 40.194688638
POLYGON_POINT -76.754585144 40.194747911 1.000000000 -76.754519663 40.194781056
POLYGON_POINT -76.754585144 40.194747911 1.000000000 -76.754585144 40.194747911
POLYGON_POINT -76.754585144 40.194747911 1.000000000 -76.754524716 40.194778498
POLYGON_POINT -76.754445075 40.194843308 1.000000000 -76.754417971 40.194866496
POLYGON_POINT -76.754445075 40.194843308 1.000000000 -76.754445075 40.194843308
POLYGON_POINT -76.754445075 40.194843308 1.000000000 -76.754432610 40.194853972
POLYGON_POINT -76.754425525 40.194860738 1.000000000 -76.754425525 40.194860738
POLYGON_POINT -76.754433868 40.194869968 1.000000000 -76.754433868 40.194869968
POLYGON_POINT -76.754639100 40.195097012 1.000000000 -76.754639100 40.195097012
POLYGON_POINT -76.754668937 40.195130020 0.000000000 -76.754668937 40.195130020
POLYGON_POINT -76.754989535 40.195484691 0.000000000 -76.754989535 40.195484691
POLYGON_POINT -76.755021635 40.195520202 0.000000000 -76.755021635 40.195520202
POLYGON_POINT -76.755117945 40.195626748 0.000000000 -76.755117945 40.195626748
POLYGON_POINT -76.755081328 40.195774471 1.000000000 -76.755081328 40.195774471
POLYGON_POINT -76.755071712 40.195813264 0.000000000 -76.755071712 40.195813264
POLYGON_POINT -76.755002038 40.196094353 1.000000000 -76.755002038 40.196094353
POLYGON_POINT -76.754991179 40.196138163 0.000000000 -76.754991179 40.196138163
POLYGON_POINT -76.754907520 40.196475672 1.000000000 -76.754907520 40.196475672
POLYGON_POINT -76.754896819 40.196518842 1.000000000 -76.754896819 40.196518842
POLYGON_POINT -76.754857130 40.196678960 0.000000000 -76.754857130 40.196678960
POLYGON_POINT -76.755360384 40.196754719 1.000000000 -76.755360384 40.196754719
POLYGON_POINT -76.755483446 40.196255269 0.000000000 -76.755483446 40.196255269
POLYGON_POINT -76.755641401 40.196180913 1.000000000 -76.755641401 40.196180913
POLYGON_POINT -76.755702011 40.196245448 0.000000000 -76.755702011 40.196245448
POLYGON_POINT -76.755997717 40.196084109 1.000000000 -76.755997717 40.196084109
POLYGON_POINT -76.755946290 40.196011156 0.000000000 -76.755946290 40.196011156
POLYGON_POINT -76.756095061 40.195938203 0.000000000 -76.756095061 40.195938203
POLYGON_POINT -76.756756266 40.196033603 0.000000000 -76.756756266 40.196033603
END_WINDING
END_POLYGON
BEGIN_POLYGON 12 10 3
BEGIN_WINDING
POLYGON_POINT -76.763143056 40.195909781 3.000000000
POLYGON_POINT -76.763003815 40.196517888 2.000000000
POLYGON_POINT -76.763274856 40.196556047 2.000000000
POLYGON_POINT -76.763417285 40.195947940 2.000000000
END_WINDING
END_POLYGON
BEGIN_POLYGON 14 10 3
BEGIN_WINDING
POLYGON_POINT -76.756523262 40.196365499 0.000000000
POLYGON_POINT -76.756477131 40.196326816 0.000000000
POLYGON_POINT -76.756309881 40.196420312 0.000000000
POLYGON_POINT -76.756245605 40.196350660 2.000000000
POLYGON_POINT -76.756144321 40.196404333 0.000000000
POLYGON_POINT -76.756040927 40.196459806 2.000000000
POLYGON_POINT -76.755949647 40.196508482 0.000000000
POLYGON_POINT -76.756010806 40.196576391 0.000000000
POLYGON_POINT -76.755835499 40.196669906 0.000000000
POLYGON_POINT -76.755787930 40.196825873 1.000000000
POLYGON_POINT -76.755739366 40.197022601 0.000000000
POLYGON_POINT -76.755672499 40.197299863 0.000000000
POLYGON_POINT -76.755632672 40.197293559 0.000000000
POLYGON_POINT -76.755614192 40.197376409 2.000000000
POLYGON_POINT -76.755799822 40.197403028 0.000000000
POLYGON_POINT -76.755806947 40.197373938 0.000000000
POLYGON_POINT -76.756003553 40.197403200 1.000000000
POLYGON_POINT -76.756117537 40.197420258 0.000000000
POLYGON_POINT -76.756999604 40.197550630 2.000000000
POLYGON_POINT -76.757159104 40.197574204 0.000000000
POLYGON_POINT -76.758164400 40.197722790 2.000000000
POLYGON_POINT -76.758265886 40.197737790 0.000000000
POLYGON_POINT -76.758271447 40.197738612 0.000000000
POLYGON_POINT -76.758298294 40.197612016 0.000000000
POLYGON_POINT -76.758071091 40.197572915 0.000000000
POLYGON_POINT -76.758224386 40.196921250 0.000000000
POLYGON_POINT -76.758452566 40.196958042 0.000000000
POLYGON_POINT -76.758495004 40.196788565 1.000000000
POLYGON_POINT -76.758513034 40.196721478 0.000000000
POLYGON_POINT -76.758526545 40.196666914 0.000000000
POLYGON_POINT -76.758517618 40.196665571 2.000000000
POLYGON_POINT -76.758406761 40.196648892 0.000000000
POLYGON_POINT -76.757467111 40.196507511 2.000000000
POLYGON_POINT -76.757341630 40.196488631 0.000000000
POLYGON_POINT -76.757319931 40.196485366 1.000000000
POLYGON_POINT -76.757160437 40.196461369 0.000000000
END_WINDING
END_POLYGON
BEGIN_POLYGON 12 10 3
BEGIN_WINDING
POLYGON_POINT -76.744352406 40.193322094 3.000000000
POLYGON_POINT -76.744716685 40.193415095 1.000000000
POLYGON_POINT -76.744790121 40.193244594 2.000000000
POLYGON_POINT -76.744659676 40.193210641 2.000000000
POLYGON_POINT -76.744655811 40.193221713 3.000000000
POLYGON_POINT -76.744418112 40.193160450 2.000000000
END_WINDING
END_POLYGON
BEGIN_POLYGON 3 10 2
BEGIN_WINDING
POLYGON_POINT -76.745455426 40.191075783
POLYGON_POINT -76.745388640 40.191178881
POLYGON_POINT -76.745721177 40.191294733
POLYGON_POINT -76.745787963 40.191191635
END_WINDING
END_POLYGON
BEGIN_POLYGON 7 10 2
BEGIN_WINDING
POLYGON_POINT -76.743792494 40.193123706
POLYGON_POINT -76.743885254 40.193170649
POLYGON_POINT -76.744015118 40.193012991
POLYGON_POINT -76.743924677 40.192966048
END_WINDING
END_POLYGON
BEGIN_POLYGON 11 10 3
BEGIN_WINDING
POLYGON_POINT -76.746903864 40.194465651 3.000000000
POLYGON_POINT -76.748279653 40.195359034 2.000000000
POLYGON_POINT -76.748570601 40.195095609 3.000000000
POLYGON_POINT -76.747198519 40.194204246 2.000000000
END_WINDING
END_POLYGON
BEGIN_POLYGON 15 10 3
BEGIN_WINDING
POLYGON_POINT -76.745693153 40.191573113 1.000000000
POLYGON_POINT -76.745903894 40.191643827 1.000000000
POLYGON_POINT -76.745851857 40.191739379 1.000000000
POLYGON_POINT -76.745986078 40.191784515 1.000000000
POLYGON_POINT -76.746039367 40.191690345 1.000000000
POLYGON_POINT -76.746243064 40.191761770 1.000000000
POLYGON_POINT -76.746369792 40.191551496 1.000000000
POLYGON_POINT -76.746482005 40.191590592 1.000000000
POLYGON_POINT -76.746496963 40.191565190 0.000000000
POLYGON_POINT -76.745735069 40.191308724 1.000000000
POLYGON_POINT -76.745721333 40.191329679 1.000000000
POLYGON_POINT -76.745815389 40.191362428 1.000000000
END_WINDING
END_POLYGON
BEGIN_POLYGON 9 10 3
BEGIN_WINDING
POLYGON_POINT -76.768370185 40.198248567 1.000000000
POLYGON_POINT -76.768502434 40.198302135 1.000000000
POLYGON_POINT -76.768199865 40.198750580 1.000000000
POLYGON_POINT -76.768811015 40.198984750 1.000000000
POLYGON_POINT -76.769117630 40.198528610 1.000000000
POLYGON_POINT -76.769231511 40.198569934 1.000000000
POLYGON_POINT -76.769250743 40.198539023 1.000000000
POLYGON_POINT -76.769134859 40.198494638 0.000000000
POLYGON_POINT -76.768524476 40.198269994 1.000000000
POLYGON_POINT -76.768392227 40.198217956 1.000000000
END_WINDING
END_POLYGON
BEGIN_POLYGON 1 10 4
BEGIN_WINDING
POLYGON_POINT -76.756816424 40.196121735 -76.756816424 40.196121735
POLYGON_POINT -76.755938639 40.196262565 -76.755539901 40.196469186
POLYGON_POINT -76.755470175 40.196770084 -76.755470175 40.196770084
END_WINDING
END_POLYGON
BEGIN_POLYGON 5 10 3
BEGIN_WINDING
POLYGON_POINT -76.742920559 40.195398717 2.000000000
POLYGON_POINT -76.743147365 40.195500753 2.000000000
POLYGON_POINT -76.743336602 40.195262671 2.000000000
POLYGON_POINT -76.743278161 40.195233973 1.000000000
POLYGON_POINT -76.743166845 40.195185081 2.000000000
POLYGON_POINT -76.743107013 40.195159573 2.000000000
END_WINDING
END_POLYGON
BEGIN_POLYGON 12 10 3
BEGIN_WINDING
POLYGON_POINT -76.746797628 40.196099996 2.000000000
POLYGON_POINT -76.747331414 40.196382838 1.000000000
POLYGON_POINT -76.747555027 40.196147749 2.000000000
POLYGON_POINT -76.747026050 40.195863071 2.000000000
END_WINDING
END_POLYGON
BEGIN_POLYGON 5 10 3
BEGIN_WINDING
POLYGON_POINT -76.747793471 40.192057667 2.000000000
POLYGON_POINT -76.747585728 40.192440741 2.000000000
POLYGON_POINT -76.747903623 40.192549980 2.000000000
POLYGON_POINT -76.747913285 40.192531528 2.000000000
POLYGON_POINT -76.747979956 40.192555885 2.000000000
POLYGON_POINT -76.748221516 40.192154358 2.000000000
POLYGON_POINT -76.748051775 40.192093321 2.000000000
POLYGON_POINT -76.748021421 40.192140936 2.000000000
END_WINDING
END_POLYGON
FILTER -1
OBJECT_DEF lib/g10/streetlights/AreaFloodHighMast.obj
OBJECT_DEF lib/airport/Common_Elements/Parking_Items/Row_of_Cars_10.agp
OBJECT_DEF lib/airport/Common_Elements/Parking_Items/Row_of_Cars_2.agp
OBJECT_DEF lib/g10/streetlights/AreaFloodSml.obj
OBJECT_DEF lib/g10/streetlights/AreaFloodHighMast.obj
OBJECT_DEF lib/g10/streetlights/AreaFloodMed.obj
OBJECT_DEF lib/airport/Common_Elements/Parking_Items/Row_of_Cars_4.agp
OBJECT_DEF lib/airport/Common_Elements/Parking_Items/Row_of_Cars_6.agp
OBJECT_DEF lib/airport/Common_Elements/Parking_Items/Row_of_Cars_10.agp
OBJECT_DEF lib/airport/Common_Elements/Parking_Items/Row_of_Cars_2.agp
OBJECT_DEF lib/airport/Common_Elements/Vehicles/Cargo_Trailer.obj
OBJECT_DEF lib/airport/Common_Elements/Vehicles/Cargo_Truck.obj
OBJECT_DEF lib/cars/car_or_truck_static.obj
OBJECT_DEF lib/airport/Common_Elements/vehicles/Small_Fuel_Truck.obj
OBJECT_DEF lib/airport/Ramp_Equipment/Stair_Maint_1.obj
OBJECT_DEF lib/airport/aircraft/general_aviation/prop_a.obj
OBJECT_DEF lib/airport/aircraft/general_aviation/turboprop_a.obj
OBJECT_DEF lib/airport/aircraft/general_aviation/jet_a.obj
OBJECT_DEF lib/airport/Common_Elements/Fueling_Stations/2_horiz_tanks.agp
OBJECT_DEF lib/airport/Common_Elements/Hangars/Med_Gray_Hangar.agp
OBJECT_DEF lib/airport/Common_Elements/Hangars/Med_Blue_Hangar.agp
OBJECT_DEF lib/airport/Common_Elements/Fuel_Storage/Single_Vert_Tank.agp
OBJECT_DEF lib/airport/Common_Elements/Misc_Buildings/Small_Office_3.agp
OBJECT_DEF lib/airport/Common_Elements/Misc_Buildings/Large_Office_1.agp
OBJECT_DEF lib/airport/Common_Elements/Misc_Buildings/Small_Office_2.agp
OBJECT_DEF lib/airport/Common_Elements/Misc_Buildings/Small_Office_1.agp
OBJECT_DEF lib/airport/Common_Elements/Hangars/Med_Brown_Hangar.agp
OBJECT_DEF lib/airport/Common_Elements/Misc_Buildings/Fire_Station_Lg.agp
OBJECT_DEF lib/airport/Classic_Airports/Control_Towers/Classic_Tower_1.agp
OBJECT_DEF lib/airport/Common_Elements/Water_Towers/Water_Tower_1960.agp
OBJECT_DEF lib/airport/Ramp_Equipment/Uni_Jetway_400cm.obj
OBJECT_DEF lib/airport/Ramp_Equipment/JetWayEx_10m.obj
OBJECT_DEF lib/airport/Ramp_Equipment/JetWayEx_16m.obj
OBJECT_DEF lib/airport/Ramp_Equipment/JetWayEx_14m.obj
OBJECT_DEF lib/airport/Ramp_Equipment/Uni_Jetway_500cm.obj
OBJECT_DEF lib/airport/Ramp_Equipment/JetWayEx_12m.obj
OBJECT_DEF lib/airport/Ramp_Equipment/Uni_Jetway_250cm.obj
OBJECT_DEF lib/airport/Ramp_Equipment/Ramp_Group_Narrow.agp
OBJECT_DEF lib/airport/Ramp_Equipment/Ramp_Parking.obj
OBJECT_DEF lib/airport/Ramp_Equipment/Ramp_Parking_Stripe.obj
OBJECT_DEF lib/g10/US/industrial/light/GateHut3x3.obj
OBJECT_DEF lib/airport/Common_Elements/Parking/Ticket_Dispense_Station.obj
OBJECT_DEF lib/g10/US/commercial/canopy_76.obj
POLYGON_DEF lib/airport/Common_Elements/Fence_Facades/Fence.fac
POLYGON_DEF lib/airport/Ramp_Equipment/Covered_Walkway.fac
POLYGON_DEF lib/g10/autogen/point_building_30x30_24.fac
POLYGON_DEF lib/g10/autogen/point_building_30x30_16.fac
POLYGON_DEF lib/g10/autogen/point_building_60x60_80.fac
POLYGON_DEF lib/airport/Common_Elements/Misc_Buildings/White_Office.fac
POLYGON_DEF lib/g10/autogen/point_building_60x60_500.fac
POLYGON_DEF lib/g10/autogen/point_building_30x30_10.fac
POLYGON_DEF lib/g10/autogen/point_building_60x60_120.fac
POLYGON_DEF lib/airport/Common_Elements/Hangars/White_Hangar.fac
POLYGON_DEF lib/airport/Classic_Airports/Facades/Garage_1.fac
POLYGON_DEF lib/airport/Common_Elements/Misc_Buildings/Blue_Warehouse.fac
POLYGON_DEF lib/airport/Common_Elements/Misc_Buildings/White_Warehouse.fac
POLYGON_DEF lib/airport/Modern_Airports/Facades/modern1.fac
POLYGON_DEF lib/airport/Modern_Airports/Facades/Garage_1.fac
POLYGON_DEF lib/airport/Common_Elements/Hangars/Blue_Hangar.fac
PROPERTY sim/filter/aptid KMDT
PROPERTY sim/exclude_obj -76.743172/40.191673/-76.738869/40.196144
PROPERTY sim/exclude_fac -76.743172/40.191673/-76.738869/40.196144
PROPERTY sim/exclude_for -76.743172/40.191673/-76.738869/40.196144
PROPERTY sim/exclude_bch -76.743172/40.191673/-76.738869/40.196144
PROPERTY sim/exclude_net -76.743172/40.191673/-76.738869/40.196144
PROPERTY sim/exclude_obj -76.752274/40.185677/-76.742943/40.196400
PROPERTY sim/exclude_fac -76.752274/40.185677/-76.742943/40.196400
PROPERTY sim/exclude_for -76.752274/40.185677/-76.742943/40.196400
PROPERTY sim/exclude_bch -76.752274/40.185677/-76.742943/40.196400
PROPERTY sim/exclude_net -76.752274/40.185677/-76.742943/40.196400
PROPERTY sim/exclude_obj -76.761360/40.191154/-76.752029/40.197796
PROPERTY sim/exclude_fac -76.761360/40.191154/-76.752029/40.197796
PROPERTY sim/exclude_for -76.761360/40.191154/-76.752029/40.197796
PROPERTY sim/exclude_bch -76.761360/40.191154/-76.752029/40.197796
PROPERTY sim/exclude_net -76.761360/40.191154/-76.752029/40.197796
PROPERTY sim/exclude_obj -76.766693/40.193424/-76.757362/40.197628
PROPERTY sim/exclude_fac -76.766693/40.193424/-76.757362/40.197628
PROPERTY sim/exclude_for -76.766693/40.193424/-76.757362/40.197628
PROPERTY sim/exclude_bch -76.766693/40.193424/-76.757362/40.197628
PROPERTY sim/exclude_net -76.766693/40.193424/-76.757362/40.197628
PROPERTY sim/exclude_obj -76.770325/40.194328/-76.760994/40.198395
PROPERTY sim/exclude_fac -76.770325/40.194328/-76.760994/40.198395
PROPERTY sim/exclude_for -76.770325/40.194328/-76.760994/40.198395
PROPERTY sim/exclude_bch -76.770325/40.194328/-76.760994/40.198395
PROPERTY sim/exclude_net -76.770325/40.194328/-76.760994/40.198395
PROPERTY sim/exclude_obj -76.773621/40.195389/-76.764290/40.198391
PROPERTY sim/exclude_fac -76.773621/40.195389/-76.764290/40.198391
PROPERTY sim/exclude_for -76.773621/40.195389/-76.764290/40.198391
PROPERTY sim/exclude_bch -76.773621/40.195389/-76.764290/40.198391
PROPERTY sim/exclude_net -76.773621/40.195389/-76.764290/40.198391
PROPERTY sim/exclude_obj -76.776680/40.196259/-76.767349/40.199005
PROPERTY sim/exclude_fac -76.776680/40.196259/-76.767349/40.199005
PROPERTY sim/exclude_for -76.776680/40.196259/-76.767349/40.199005
PROPERTY sim/exclude_bch -76.776680/40.196259/-76.767349/40.199005
PROPERTY sim/exclude_net -76.776680/40.196259/-76.767349/40.199005
PROPERTY sim/exclude_obj -76.780136/40.197254/-76.770813/40.199650
PROPERTY sim/exclude_fac -76.780136/40.197254/-76.770813/40.199650
PROPERTY sim/exclude_for -76.780136/40.197254/-76.770813/40.199650
PROPERTY sim/exclude_bch -76.780136/40.197254/-76.770813/40.199650
PROPERTY sim/exclude_net -76.780136/40.197254/-76.770813/40.199650
PROPERTY sim/exclude_obj -76.764778/40.192024/-76.761154/40.193520
PROPERTY sim/exclude_fac -76.764778/40.192024/-76.761154/40.193520
PROPERTY sim/exclude_for -76.764778/40.192024/-76.761154/40.193520
PROPERTY sim/exclude_bch -76.764778/40.192024/-76.761154/40.193520
PROPERTY sim/exclude_net -76.764778/40.192024/-76.761154/40.193520
PROPERTY sim/exclude_obj -76.758667/40.188725/-76.751869/40.191433
PROPERTY sim/exclude_fac -76.758667/40.188725/-76.751869/40.191433
PROPERTY sim/exclude_for -76.758667/40.188725/-76.751869/40.191433
PROPERTY sim/exclude_bch -76.758667/40.188725/-76.751869/40.191433
PROPERTY sim/exclude_net -76.758667/40.188725/-76.751869/40.191433
PROPERTY sim/exclude_obj -76.783112/40.198280/-76.773781/40.200077
PROPERTY sim/exclude_fac -76.783112/40.198280/-76.773781/40.200077
PROPERTY sim/exclude_for -76.783112/40.198280/-76.773781/40.200077
PROPERTY sim/exclude_bch -76.783112/40.198280/-76.773781/40.200077
PROPERTY sim/exclude_net -76.783112/40.198280/-76.773781/40.200077
PROPERTY sim/exclude_obj -76.753334/40.197784/-76.752632/40.197929
PROPERTY sim/exclude_fac -76.753334/40.197784/-76.752632/40.197929
PROPERTY sim/exclude_for -76.753334/40.197784/-76.752632/40.197929
PROPERTY sim/exclude_bch -76.753334/40.197784/-76.752632/40.197929
PROPERTY sim/exclude_net -76.753334/40.197784/-76.752632/40.197929
PROPERTY sim/exclude_obj -76.754028/40.197784/-76.753326/40.198006
PROPERTY sim/exclude_fac -76.754028/40.197784/-76.753326/40.198006
PROPERTY sim/exclude_for -76.754028/40.197784/-76.753326/40.198006
PROPERTY sim/exclude_bch -76.754028/40.197784/-76.753326/40.198006
PROPERTY sim/exclude_net -76.754028/40.197784/-76.753326/40.198006
PROPERTY sim/exclude_obj -76.754753/40.197784/-76.754044/40.198067
PROPERTY sim/exclude_fac -76.754753/40.197784/-76.754044/40.198067
PROPERTY sim/exclude_for -76.754753/40.197784/-76.754044/40.198067
PROPERTY sim/exclude_bch -76.754753/40.197784/-76.754044/40.198067
PROPERTY sim/exclude_net -76.754753/40.197784/-76.754044/40.198067
PROPERTY sim/exclude_obj -76.755440/40.197784/-76.754730/40.198135
PROPERTY sim/exclude_fac -76.755440/40.197784/-76.754730/40.198135
PROPERTY sim/exclude_for -76.755440/40.197784/-76.754730/40.198135
PROPERTY sim/exclude_bch -76.755440/40.197784/-76.754730/40.198135
PROPERTY sim/exclude_net -76.755440/40.197784/-76.754730/40.198135
PROPERTY sim/exclude_obj -76.756104/40.197781/-76.755394/40.198204
PROPERTY sim/exclude_fac -76.756104/40.197781/-76.755394/40.198204
PROPERTY sim/exclude_for -76.756104/40.197781/-76.755394/40.198204
PROPERTY sim/exclude_bch -76.756104/40.197781/-76.755394/40.198204
PROPERTY sim/exclude_net -76.756104/40.197781/-76.755394/40.198204
PROPERTY sim/exclude_obj -76.756737/40.197773/-76.756035/40.198265
PROPERTY sim/exclude_fac -76.756737/40.197773/-76.756035/40.198265
PROPERTY sim/exclude_for -76.756737/40.197773/-76.756035/40.198265
PROPERTY sim/exclude_bch -76.756737/40.197773/-76.756035/40.198265
PROPERTY sim/exclude_net -76.756737/40.197773/-76.756035/40.198265
PROPERTY sim/exclude_obj -76.757538/40.197781/-76.756523/40.198322
PROPERTY sim/exclude_fac -76.757538/40.197781/-76.756523/40.198322
PROPERTY sim/exclude_for -76.757538/40.197781/-76.756523/40.198322
PROPERTY sim/exclude_bch -76.757538/40.197781/-76.756523/40.198322
PROPERTY sim/exclude_net -76.757538/40.197781/-76.756523/40.198322
PROPERTY sim/exclude_obj -76.758278/40.197781/-76.757263/40.198433
PROPERTY sim/exclude_fac -76.758278/40.197781/-76.757263/40.198433
PROPERTY sim/exclude_for -76.758278/40.197781/-76.757263/40.198433
PROPERTY sim/exclude_bch -76.758278/40.197781/-76.757263/40.198433
PROPERTY sim/exclude_net -76.758278/40.197781/-76.757263/40.198433
PROPERTY sim/exclude_obj -76.758926/40.197788/-76.757912/40.198158
PROPERTY sim/exclude_fac -76.758926/40.197788/-76.757912/40.198158
PROPERTY sim/exclude_for -76.758926/40.197788/-76.757912/40.198158
PROPERTY sim/exclude_bch -76.758926/40.197788/-76.757912/40.198158
PROPERTY sim/exclude_net -76.758926/40.197788/-76.757912/40.198158
PROPERTY sim/exclude_obj -76.759674/40.197781/-76.758659/40.198181
PROPERTY sim/exclude_fac -76.759674/40.197781/-76.758659/40.198181
PROPERTY sim/exclude_for -76.759674/40.197781/-76.758659/40.198181
PROPERTY sim/exclude_bch -76.759674/40.197781/-76.758659/40.198181
PROPERTY sim/exclude_net -76.759674/40.197781/-76.758659/40.198181
PROPERTY sim/exclude_obj -76.760223/40.197773/-76.759209/40.198250
PROPERTY sim/exclude_fac -76.760223/40.197773/-76.759209/40.198250
PROPERTY sim/exclude_for -76.760223/40.197773/-76.759209/40.198250
PROPERTY sim/exclude_bch -76.760223/40.197773/-76.759209/40.198250
PROPERTY sim/exclude_net -76.760223/40.197773/-76.759209/40.198250
PROPERTY sim/exclude_obj -76.745079/40.196369/-76.744064/40.196594
PROPERTY sim/exclude_fac -76.745079/40.196369/-76.744064/40.196594
PROPERTY sim/exclude_for -76.745079/40.196369/-76.744064/40.196594
PROPERTY sim/exclude_bch -76.745079/40.196369/-76.744064/40.196594
PROPERTY sim/exclude_net -76.745079/40.196369/-76.744064/40.196594
PROPERTY sim/exclude_obj -76.746086/40.196373/-76.745071/40.196724
PROPERTY sim/exclude_fac -76.746086/40.196373/-76.745071/40.196724
PROPERTY sim/exclude_for -76.746086/40.196373/-76.745071/40.196724
PROPERTY sim/exclude_bch -76.746086/40.196373/-76.745071/40.196724
PROPERTY sim/exclude_net -76.746086/40.196373/-76.745071/40.196724
PROPERTY sim/exclude_obj -76.747070/40.196377/-76.746056/40.196884
PROPERTY sim/exclude_fac -76.747070/40.196377/-76.746056/40.196884
PROPERTY sim/exclude_for -76.747070/40.196377/-76.746056/40.196884
PROPERTY sim/exclude_bch -76.747070/40.196377/-76.746056/40.196884
PROPERTY sim/exclude_net -76.747070/40.196377/-76.746056/40.196884
PROPERTY sim/exclude_obj -76.748039/40.196373/-76.747025/40.197029
PROPERTY sim/exclude_fac -76.748039/40.196373/-76.747025/40.197029
PROPERTY sim/exclude_for -76.748039/40.196373/-76.747025/40.197029
PROPERTY sim/exclude_bch -76.748039/40.196373/-76.747025/40.197029
PROPERTY sim/exclude_net -76.748039/40.196373/-76.747025/40.197029
PROPERTY sim/exclude_obj -76.749046/40.196369/-76.748032/40.197235
PROPERTY sim/exclude_fac -76.749046/40.196369/-76.748032/40.197235
PROPERTY sim/exclude_for -76.749046/40.196369/-76.748032/40.197235
PROPERTY sim/exclude_bch -76.749046/40.196369/-76.748032/40.197235
PROPERTY sim/exclude_net -76.749046/40.196369/-76.748032/40.197235
PROPERTY sim/exclude_obj -76.750031/40.196377/-76.749016/40.197411
PROPERTY sim/exclude_fac -76.750031/40.196377/-76.749016/40.197411
PROPERTY sim/exclude_for -76.750031/40.196377/-76.749016/40.197411
PROPERTY sim/exclude_bch -76.750031/40.196377/-76.749016/40.197411
PROPERTY sim/exclude_net -76.750031/40.196377/-76.749016/40.197411
PROPERTY sim/exclude_obj -76.751030/40.196384/-76.750015/40.197544
PROPERTY sim/exclude_fac -76.751030/40.196384/-76.750015/40.197544
PROPERTY sim/exclude_for -76.751030/40.196384/-76.750015/40.197544
PROPERTY sim/exclude_bch -76.751030/40.196384/-76.750015/40.197544
PROPERTY sim/exclude_net -76.751030/40.196384/-76.750015/40.197544
PROPERTY sim/exclude_obj -76.752052/40.196381/-76.751038/40.197678
PROPERTY sim/exclude_fac -76.752052/40.196381/-76.751038/40.197678
PROPERTY sim/exclude_for -76.752052/40.196381/-76.751038/40.197678
PROPERTY sim/exclude_bch -76.752052/40.196381/-76.751038/40.197678
PROPERTY sim/exclude_net -76.752052/40.196381/-76.751038/40.197678
PROPERTY sim/exclude_obj -76.769516/40.198990/-76.768822/40.199230
PROPERTY sim/exclude_fac -76.769516/40.198990/-76.768822/40.199230
PROPERTY sim/exclude_for -76.769516/40.198990/-76.768822/40.199230
PROPERTY sim/exclude_bch -76.769516/40.198990/-76.768822/40.199230
PROPERTY sim/exclude_net -76.769516/40.198990/-76.768822/40.199230
PROPERTY sim/exclude_obj -76.770203/40.198994/-76.769508/40.199409
PROPERTY sim/exclude_fac -76.770203/40.198994/-76.769508/40.199409
PROPERTY sim/exclude_for -76.770203/40.198994/-76.769508/40.199409
PROPERTY sim/exclude_bch -76.770203/40.198994/-76.769508/40.199409
PROPERTY sim/exclude_net -76.770203/40.198994/-76.769508/40.199409
PROPERTY sim/exclude_obj -76.772430/40.199638/-76.771736/40.199791
PROPERTY sim/exclude_fac -76.772430/40.199638/-76.771736/40.199791
PROPERTY sim/exclude_for -76.772430/40.199638/-76.771736/40.199791
PROPERTY sim/exclude_bch -76.772430/40.199638/-76.771736/40.199791
PROPERTY sim/exclude_net -76.772430/40.199638/-76.771736/40.199791
PROPERTY sim/exclude_obj -76.773109/40.199623/-76.772415/40.199898
PROPERTY sim/exclude_fac -76.773109/40.199623/-76.772415/40.199898
PROPERTY sim/exclude_for -76.773109/40.199623/-76.772415/40.199898
PROPERTY sim/exclude_bch -76.773109/40.199623/-76.772415/40.199898
PROPERTY sim/exclude_net -76.773109/40.199623/-76.772415/40.199898
PROPERTY sim/exclude_obj -76.783127/40.201794/-76.779724/40.202011
PROPERTY sim/exclude_fac -76.783127/40.201794/-76.779724/40.202011
PROPERTY sim/exclude_for -76.783127/40.201794/-76.779724/40.202011
PROPERTY sim/exclude_bch -76.783127/40.201794/-76.779724/40.202011
PROPERTY sim/exclude_net -76.783127/40.201794/-76.779724/40.202011
PROPERTY sim/exclude_obj -76.783089/40.201599/-76.779167/40.201820
PROPERTY sim/exclude_fac -76.783089/40.201599/-76.779167/40.201820
PROPERTY sim/exclude_for -76.783089/40.201599/-76.779167/40.201820
PROPERTY sim/exclude_bch -76.783089/40.201599/-76.779167/40.201820
PROPERTY sim/exclude_net -76.783089/40.201599/-76.779167/40.201820
PROPERTY sim/exclude_obj -76.783096/40.201405/-76.778625/40.201622
PROPERTY sim/exclude_fac -76.783096/40.201405/-76.778625/40.201622
PROPERTY sim/exclude_for -76.783096/40.201405/-76.778625/40.201622
PROPERTY sim/exclude_bch -76.783096/40.201405/-76.778625/40.201622
PROPERTY sim/exclude_net -76.783096/40.201405/-76.778625/40.201622
PROPERTY sim/exclude_obj -76.783089/40.201206/-76.778076/40.201424
PROPERTY sim/exclude_fac -76.783089/40.201206/-76.778076/40.201424
PROPERTY sim/exclude_for -76.783089/40.201206/-76.778076/40.201424
PROPERTY sim/exclude_bch -76.783089/40.201206/-76.778076/40.201424
PROPERTY sim/exclude_net -76.783089/40.201206/-76.778076/40.201424
PROPERTY sim/exclude_obj -76.783089/40.201008/-76.777618/40.201225
PROPERTY sim/exclude_fac -76.783089/40.201008/-76.777618/40.201225
PROPERTY sim/exclude_for -76.783089/40.201008/-76.777618/40.201225
PROPERTY sim/exclude_bch -76.783089/40.201008/-76.777618/40.201225
PROPERTY sim/exclude_net -76.783089/40.201008/-76.777618/40.201225
PROPERTY sim/exclude_obj -76.783089/40.200817/-76.777168/40.201035
PROPERTY sim/exclude_fac -76.783089/40.200817/-76.777168/40.201035
PROPERTY sim/exclude_for -76.783089/40.200817/-76.777168/40.201035
PROPERTY sim/exclude_bch -76.783089/40.200817/-76.777168/40.201035
PROPERTY sim/exclude_net -76.783089/40.200817/-76.777168/40.201035
PROPERTY sim/exclude_obj -76.783073/40.200607/-76.776581/40.200825
PROPERTY sim/exclude_fac -76.783073/40.200607/-76.776581/40.200825
PROPERTY sim/exclude_for -76.783073/40.200607/-76.776581/40.200825
PROPERTY sim/exclude_bch -76.783073/40.200607/-76.776581/40.200825
PROPERTY sim/exclude_net -76.783073/40.200607/-76.776581/40.200825
PROPERTY sim/exclude_obj -76.783066/40.200409/-76.775848/40.200630
PROPERTY sim/exclude_fac -76.783066/40.200409/-76.775848/40.200630
PROPERTY sim/exclude_for -76.783066/40.200409/-76.775848/40.200630
PROPERTY sim/exclude_bch -76.783066/40.200409/-76.775848/40.200630
PROPERTY sim/exclude_net -76.783066/40.200409/-76.775848/40.200630
PROPERTY sim/exclude_obj -76.783073/40.200226/-76.775146/40.200443
PROPERTY sim/exclude_fac -76.783073/40.200226/-76.775146/40.200443
PROPERTY sim/exclude_for -76.783073/40.200226/-76.775146/40.200443
PROPERTY sim/exclude_bch -76.783073/40.200226/-76.775146/40.200443
PROPERTY sim/exclude_net -76.783073/40.200226/-76.775146/40.200443
PROPERTY sim/exclude_obj -76.783089/40.200031/-76.774513/40.200249
PROPERTY sim/exclude_fac -76.783089/40.200031/-76.774513/40.200249
PROPERTY sim/exclude_for -76.783089/40.200031/-76.774513/40.200249
PROPERTY sim/exclude_bch -76.783089/40.200031/-76.774513/40.200249
PROPERTY sim/exclude_net -76.783089/40.200031/-76.774513/40.200249
PROPERTY sim/exclude_obj -76.773796/40.199631/-76.773102/40.200039
PROPERTY sim/exclude_fac -76.773796/40.199631/-76.773102/40.200039
PROPERTY sim/exclude_for -76.773796/40.199631/-76.773102/40.200039
PROPERTY sim/exclude_bch -76.773796/40.199631/-76.773102/40.200039
PROPERTY sim/exclude_net -76.773796/40.199631/-76.773102/40.200039
PROPERTY sim/exclude_obj -76.770844/40.198994/-76.770142/40.199604
PROPERTY sim/exclude_fac -76.770844/40.198994/-76.770142/40.199604
PROPERTY sim/exclude_for -76.770844/40.198994/-76.770142/40.199604
PROPERTY sim/exclude_bch -76.770844/40.198994/-76.770142/40.199604
PROPERTY sim/exclude_net -76.770844/40.198994/-76.770142/40.199604
PROPERTY sim/exclude_obj -76.761009/40.197803/-76.759995/40.198364
PROPERTY sim/exclude_fac -76.761009/40.197803/-76.759995/40.198364
PROPERTY sim/exclude_for -76.761009/40.197803/-76.759995/40.198364
PROPERTY sim/exclude_bch -76.761009/40.197803/-76.759995/40.198364
PROPERTY sim/exclude_net -76.761009/40.197803/-76.759995/40.198364
PROPERTY sim/require_agpoint 1/3
PROPERTY sim/require_object 1/3
PROPERTY sim/require_facade 1/0
PROPERTY sim/require_agpoint 3/0
PROPERTY sim/require_object 3/0
