PROPERTY sim/west -180
PROPERTY sim/east 180
PROPERTY sim/north 90
PROPERTY sim/south -90
PROPERTY sim/planet earth
PROPERTY sim/creation_agent WorldEditor1.7.21r1
PROPERTY laminar/internal_revision 0
PROPERTY sim/overlay 1
FILTER 0
BEGIN_POLYGON 0 0 2
BEGIN_WINDING
POLYGON_POINT -91.772507883 45.416633976
POLYGON_POINT -91.772596843 45.416645344
POLYGON_POINT -91.772629905 45.416517864
POLYGON_POINT -91.772683930 45.416524768
POLYGON_POINT -91.772726269 45.416361515
POLYGON_POINT -91.772554696 45.416339589
POLYGON_POINT -91.772513616 45.416497985
POLYGON_POINT -91.772542204 45.416501639
END_WINDING
END_POLYGON
BEGIN_POLYGON 1 0 4
BEGIN_WINDING
POLYGON_POINT -91.771886495 45.416681954 -91.771886495 45.416681954
POLYGON_POINT -91.771916349 45.416591144 -91.771916349 45.416591144
POLYGON_POINT -91.772046958 45.416110022 -91.772046958 45.416110022
POLYGON_POINT -91.771818077 45.416079461 -91.771818077 45.416079461
POLYGON_POINT -91.771818077 45.416079461 -91.771721052 45.416065490
POLYGON_POINT -91.771678758 45.415988650 -91.771678758 45.415988650
POLYGON_POINT -91.771632733 45.415921416 -91.771632733 45.415921416
POLYGON_POINT -91.771541927 45.415955470 -91.771541927 45.415955470
POLYGON_POINT -91.771541927 45.415955470 -91.771581519 45.415997411
POLYGON_POINT -91.771564317 45.416108276 -91.771564317 45.416108276
POLYGON_POINT -91.771534463 45.416222662 -91.771534463 45.416222662
POLYGON_POINT -91.771341656 45.416197340 -91.771341656 45.416197340
POLYGON_POINT -91.771341656 45.416197340 -91.771286227 45.416189760
POLYGON_POINT -91.771267021 45.416132725 -91.771267021 45.416132725
POLYGON_POINT -91.771243387 45.415809649 -91.771239655 45.415765117
POLYGON_POINT -91.771337925 45.415760751 -91.771337925 45.415760751
POLYGON_POINT -91.771038141 45.415618422 -91.771038141 45.415618422
POLYGON_POINT -91.766174466 45.415614930 -91.766038880 45.415614057
POLYGON_POINT -91.765951807 45.415467363 -91.765951807 45.415467363
POLYGON_POINT -91.765958026 45.415859420 -91.765958026 45.415859420
POLYGON_POINT -91.766188149 45.415703994 -91.766353589 45.415702248
POLYGON_POINT -91.770931175 45.415697882 -91.771112786 45.415698755
POLYGON_POINT -91.771137664 45.415827112 -91.771137664 45.415827112
POLYGON_POINT -91.771160059 45.416622578 -91.771160059 45.416622578
POLYGON_POINT -91.771160059 45.416622578 -91.771154876 45.416778295
POLYGON_POINT -91.771377748 45.416809438 -91.771377748 45.416809438
POLYGON_POINT -91.771828052 45.416895883 -91.771828052 45.416895883
POLYGON_POINT -91.771854174 45.416825156 -91.771854174 45.416825156
POLYGON_POINT -91.771405114 45.416744823 -91.771405114 45.416744823
POLYGON_POINT -91.771405114 45.416744823 -91.771237183 45.416716445
POLYGON_POINT -91.771268281 45.416601622 -91.771268281 45.416601622
END_WINDING
END_POLYGON
BEGIN_POLYGON 1 0 4
BEGIN_WINDING
POLYGON_POINT -91.772274465 45.414536035 -91.772274465 45.414536035
POLYGON_POINT -91.772389176 45.414444376 -91.772389176 45.414444376
POLYGON_POINT -91.768282528 45.412024284 -91.768282528 45.412024284
POLYGON_POINT -91.768282528 45.412024284 -91.768209451 45.411976001
POLYGON_POINT -91.768285968 45.411876114 -91.768285968 45.411876114
POLYGON_POINT -91.768285968 45.411876114 -91.768412778 45.411782565
POLYGON_POINT -91.768635875 45.411747258 -91.768635875 45.411747258
POLYGON_POINT -91.768635875 45.411747258 -91.768773651 45.411722635
POLYGON_POINT -91.768873810 45.411744267 -91.768873810 45.411744267
POLYGON_POINT -91.768468665 45.411504675 -91.768468665 45.411504675
POLYGON_POINT -91.767916648 45.411951445 -91.767916648 45.411951445
END_WINDING
END_POLYGON
BEGIN_POLYGON 1 0 4
BEGIN_WINDING
POLYGON_POINT -91.778631640 45.417521439 -91.778631640 45.417521439
POLYGON_POINT -91.778631640 45.417521439 -91.778676034 45.417582279
POLYGON_POINT -91.778655275 45.417619789 -91.778655275 45.417619789
POLYGON_POINT -91.778531656 45.417844381 -91.778459766 45.417973615
POLYGON_POINT -91.778648261 45.417959410 -91.778648261 45.417959410
POLYGON_POINT -91.779135128 45.417550936 -91.779135128 45.417550936
POLYGON_POINT -91.779089446 45.417523398 -91.779089446 45.417523398
POLYGON_POINT -91.778900497 45.417680634 -91.778900497 45.417680634
END_WINDING
END_POLYGON
FILTER -1
FILTER 0
FILTER -1
FILTER 0
FILTER -1
FILTER 0
FILTER -1
FILTER 0
FILTER -1
FILTER 0
OBJECT 0 -91.770477636 45.413740069 39.090000
OBJECT 0 -91.770773551 45.413910481 41.779999
OBJECT 1 -91.770897587 45.414008748 42.320000
OBJECT 0 -91.771216537 45.414171697 42.360001
OBJECT 0 -91.772478182 45.417103537 101.769997
OBJECT 2 -91.772146808 45.417196828 98.830002
OBJECT 0 -91.772095418 45.417614774 280.859985
OBJECT 3 -91.771924962 45.414950632 306.630005
OBJECT 1 -91.770353080 45.419542988 278.429993
OBJECT 4 -91.772750065 45.416064911 11.770000
BEGIN_POLYGON 2 10 3
BEGIN_WINDING
POLYGON_POINT -91.771955917 45.416439951 0.000000000
POLYGON_POINT -91.771847667 45.416822802 2.000000000
POLYGON_POINT -91.771822298 45.416895907 0.000000000
POLYGON_POINT -91.771811320 45.416934022 0.000000000
POLYGON_POINT -91.771639078 45.416904169 0.000000000
POLYGON_POINT -91.771630573 45.416932530 0.000000000
POLYGON_POINT -91.771278694 45.416888292 2.000000000
POLYGON_POINT -91.771196862 45.416874994 0.000000000
POLYGON_POINT -91.770378104 45.416757888 0.000000000
POLYGON_POINT -91.769014695 45.421612426 0.000000000
POLYGON_POINT -91.769001528 45.423100416 0.000000000
POLYGON_POINT -91.767487398 45.423765853 0.000000000
POLYGON_POINT -91.767631882 45.430087503 0.000000000
POLYGON_POINT -91.767579017 45.433488625 0.000000000
POLYGON_POINT -91.770937107 45.433950734 0.000000000
POLYGON_POINT -91.771964142 45.430050534 0.000000000
POLYGON_POINT -91.772398692 45.430133714 0.000000000
POLYGON_POINT -91.774360671 45.430521886 0.000000000
POLYGON_POINT -91.775361471 45.428414669 0.000000000
POLYGON_POINT -91.775453202 45.425494141 0.000000000
POLYGON_POINT -91.775848219 45.422795425 0.000000000
POLYGON_POINT -91.777441007 45.419874896 0.000000000
POLYGON_POINT -91.779481769 45.419893381 0.000000000
POLYGON_POINT -91.781285545 45.418331452 0.000000000
POLYGON_POINT -91.780363908 45.417314813 0.000000000
POLYGON_POINT -91.780587540 45.415013510 0.000000000
POLYGON_POINT -91.778336220 45.413895207 0.000000000
POLYGON_POINT -91.778967923 45.409939555 0.000000000
POLYGON_POINT -91.778427991 45.407555073 0.000000000
POLYGON_POINT -91.766514704 45.407250081 0.000000000
POLYGON_POINT -91.766330296 45.409006095 0.000000000
POLYGON_POINT -91.766251196 45.413026442 0.000000000
POLYGON_POINT -91.766132714 45.413211286 0.000000000
POLYGON_POINT -91.766144596 45.415529365 0.000000000
END_WINDING
END_POLYGON
BEGIN_POLYGON 2 10 3
BEGIN_WINDING
POLYGON_POINT -91.771870836 45.415571377 0.000000000
POLYGON_POINT -91.771454916 45.415528388 0.000000000
POLYGON_POINT -91.771285743 45.415585054 2.000000000
POLYGON_POINT -91.771156372 45.415523015 0.000000000
POLYGON_POINT -91.766142818 45.415535212 0.000000000
END_WINDING
END_POLYGON
OBJECT 5 -91.770290690 45.419281892 100.330002
OBJECT 6 -91.770050739 45.419509881 280.660004
OBJECT 7 -91.770564618 45.419625617 281.019989
OBJECT 7 -91.770645494 45.419368498 281.019989
OBJECT 7 -91.770725983 45.419113848 280.549988
OBJECT 7 -91.770772776 45.418956925 280.549988
OBJECT 7 -91.770815951 45.418804726 280.549988
OBJECT 7 -91.770861706 45.418622828 280.549988
OBJECT 8 -91.771029954 45.419582598 101.730003
OBJECT 8 -91.771194943 45.419017012 101.730003
OBJECT 8 -91.771367602 45.418432573 101.730003
OBJECT 8 -91.771536424 45.417858907 101.730003
OBJECT 8 -91.771705246 45.417301401 101.730003
OBJECT 8 -91.771153974 45.419159040 101.330002
OBJECT 8 -91.771326634 45.418574601 101.330002
OBJECT 8 -91.771495456 45.418000935 101.330002
OBJECT 8 -91.771664278 45.417443429 101.330002
OBJECT 8 -91.771071840 45.419440934 101.459999
OBJECT 8 -91.771236828 45.418875348 101.459999
OBJECT 8 -91.771409487 45.418290909 101.459999
OBJECT 8 -91.771578308 45.417717243 101.459999
OBJECT 8 -91.771747130 45.417159737 101.459999
OBJECT 8 -91.771113859 45.419300382 102.309998
OBJECT 8 -91.771278848 45.418734796 102.309998
OBJECT 8 -91.771451506 45.418150357 102.309998
OBJECT 8 -91.771620327 45.417576691 102.309998
OBJECT 8 -91.771789148 45.417019185 102.309998
OBJECT 6 -91.770791299 45.416964390 280.739990
OBJECT 6 -91.771972761 45.415326300 266.089996
BEGIN_POLYGON 3 10 3
BEGIN_WINDING
POLYGON_POINT -91.771955602 45.416442068 0.000000000
POLYGON_POINT -91.771985137 45.416340997 4.000000000
POLYGON_POINT -91.772009297 45.416258317 9.000000000
POLYGON_POINT -91.772038577 45.416158118 0.000000000
POLYGON_POINT -91.772075506 45.416031745 4.000000000
POLYGON_POINT -91.772113163 45.415902879 1.000000000
POLYGON_POINT -91.772147439 45.415785584 0.000000000
POLYGON_POINT -91.772004880 45.415765058 0.000000000
POLYGON_POINT -91.771909164 45.416092606 4.000000000
POLYGON_POINT -91.771880612 45.416190311 2.000000000
POLYGON_POINT -91.771813042 45.416421542 0.000000000
END_WINDING
END_POLYGON
OBJECT 6 -91.772004363 45.415648503 280.739990
OBJECT 9 -91.771349368 45.414965835 218.869995
OBJECT 6 -91.769835133 45.414064962 219.720001
OBJECT 6 -91.770128209 45.414242643 219.720001
OBJECT 10 -91.770891987 45.414446820 39.349998
OBJECT 6 -91.771609147 45.415137281 219.339996
BEGIN_POLYGON 4 10 3
BEGIN_WINDING
POLYGON_POINT -91.771040652 45.416819878 3.000000000
POLYGON_POINT -91.771066020 45.416718736 0.000000000
POLYGON_POINT -91.770854234 45.416692563 0.000000000
POLYGON_POINT -91.770828867 45.416793705 0.000000000
END_WINDING
END_POLYGON
OBJECT 11 -91.771902116 45.416549662 281.059998
OBJECT 12 -91.771664025 45.416599272 190.490005
OBJECT 12 -91.771682483 45.416524984 10.690000
OBJECT 12 -91.771697250 45.416476611 10.690000
OBJECT 13 -91.771483130 45.416363452 10.300000
OBJECT 13 -91.771446212 45.416508572 10.300000
OBJECT 14 -91.772585064 45.416513208 9.280000
OBJECT 15 -91.771981199 45.416537747 191.309998
OBJECT 16 -91.770748673 45.414472361 220.039993
OBJECT 17 -91.771597927 45.415004219 128.490005
OBJECT 18 -91.772137702 45.415989328 93.849998
OBJECT 17 -91.772090740 45.415229957 176.000000
OBJECT 19 -91.771890463 45.415538257 189.330002
OBJECT 18 -91.772153632 45.415989227 261.869995
OBJECT 18 -91.772151150 45.415998767 0.000000
OBJECT 20 -91.771994334 45.417894784 191.570007
OBJECT 20 -91.768827007 45.413359654 220.380005
OBJECT 20 -91.770376619 45.414260065 219.399994
OBJECT 20 -91.771601677 45.414980393 217.630005
OBJECT 20 -91.772151390 45.415564742 239.169998
OBJECT 20 -91.772130449 45.415796276 281.309998
OBJECT 20 -91.771999565 45.416281395 282.140015
OBJECT 21 -91.777020626 45.417680243 310.489990
OBJECT 21 -91.777207018 45.417620851 11.309998
OBJECT 21 -91.777223094 45.417630387 101.250000
OBJECT 21 -91.777129385 45.417897464 8.369995
OBJECT 21 -91.777153015 45.417874212 98.940002
OBJECT 21 -91.777311654 45.417834706 39.500000
OBJECT 21 -91.777039101 45.417674415 43.679993
OBJECT 21 -91.777090991 45.417840150 34.980011
OBJECT 21 -91.777050506 45.417801762 64.010010
OBJECT 21 -91.777037103 45.417752583 88.959991
OBJECT 21 -91.777061936 45.417707219 122.630005
OBJECT 21 -91.777088950 45.417684484 322.910004
OBJECT 21 -91.777151266 45.417661088 355.820007
OBJECT 21 -91.777221918 45.417662614 19.040009
OBJECT 21 -91.777284661 45.417684688 51.190002
OBJECT 21 -91.777324195 45.417726227 76.540009
OBJECT 21 -91.777338664 45.417852102 127.429993
OBJECT 21 -91.777329172 45.417775603 101.779999
OBJECT 21 -91.777286184 45.417837052 307.980011
OBJECT 21 -91.777224236 45.417861678 335.410004
OBJECT 21 -91.777154646 45.417861474 8.369995
OBJECT 21 -91.777026633 45.417675323 311.149994
OBJECT 21 -91.777216066 45.417622133 11.959991
OBJECT 21 -91.777221276 45.417636740 101.899994
OBJECT 21 -91.777138515 45.417898419 9.019989
OBJECT 21 -91.777151564 45.417880611 99.589996
OBJECT 21 -91.777318397 45.417839266 40.149994
OBJECT 21 -91.777045765 45.417678898 44.339996
OBJECT 21 -91.777098545 45.417843874 35.630005
OBJECT 21 -91.777054535 45.417807592 64.670013
OBJECT 21 -91.777037290 45.417759062 89.619995
OBJECT 21 -91.777056944 45.417712669 123.279999
OBJECT 21 -91.777096324 45.417680586 323.559998
OBJECT 21 -91.777160473 45.417660628 356.470001
OBJECT 21 -91.777230639 45.417664738 19.690002
OBJECT 21 -91.777290433 45.417689745 51.850006
OBJECT 21 -91.777326326 45.417732531 77.200012
OBJECT 21 -91.777333040 45.417857240 128.080002
OBJECT 21 -91.777327271 45.417781944 102.429993
OBJECT 21 -91.777291877 45.417831952 308.630005
OBJECT 21 -91.777232637 45.417858993 336.070007
OBJECT 21 -91.777163776 45.417862429 9.019989
OBJECT 21 -91.777032639 45.417670398 309.850006
OBJECT 21 -91.777225120 45.417623413 10.670013
OBJECT 21 -91.777219463 45.417643096 100.609985
OBJECT 21 -91.777147651 45.417899371 7.730011
OBJECT 21 -91.777150118 45.417887014 98.290009
OBJECT 21 -91.777325149 45.417843823 38.859985
OBJECT 21 -91.777052436 45.417683382 43.040009
OBJECT 21 -91.777106106 45.417847597 34.329987
OBJECT 21 -91.777058571 45.417813423 63.369995
OBJECT 21 -91.777037483 45.417765544 88.320007
OBJECT 21 -91.777051954 45.417718124 121.990005
OBJECT 21 -91.777103698 45.417676683 322.269989
OBJECT 21 -91.777169685 45.417660164 355.179993
OBJECT 21 -91.777239366 45.417666861 18.390015
OBJECT 21 -91.777296212 45.417694802 50.549988
OBJECT 21 -91.777328464 45.417738838 75.899994
OBJECT 21 -91.777327417 45.417862383 126.789993
OBJECT 21 -91.777325374 45.417788288 101.140015
OBJECT 21 -91.777297570 45.417826847 307.329987
OBJECT 21 -91.777241040 45.417856303 334.769989
OBJECT 21 -91.777172912 45.417863381 7.730011
OBJECT 21 -91.777217783 45.417649379 100.609985
OBJECT 21 -91.777148801 45.417893339 98.290009
OBJECT 21 -91.777331905 45.417848222 38.859985
OBJECT 21 -91.777059089 45.417687746 43.040009
OBJECT 21 -91.777113624 45.417851204 34.329987
OBJECT 21 -91.777062650 45.417819138 63.369995
OBJECT 21 -91.777037811 45.417771933 88.320007
OBJECT 21 -91.777047128 45.417723545 121.990005
OBJECT 21 -91.777110902 45.417672773 322.269989
OBJECT 21 -91.777178760 45.417659629 355.179993
OBJECT 21 -91.777248006 45.417668880 18.390015
OBJECT 21 -91.777301996 45.417699739 50.549988
OBJECT 21 -91.777330679 45.417745038 75.899994
OBJECT 21 -91.777323612 45.417794560 101.140015
OBJECT 21 -91.777303095 45.417821766 307.329987
OBJECT 21 -91.777249279 45.417853580 334.769989
OBJECT 21 -91.777181935 45.417864243 7.730011
OBJECT 22 -91.772208928 45.415778475 10.490000
OBJECT 23 -91.772056834 45.415538255 276.119995
OBJECT 24 -91.772006135 45.416442788 12.720000
OBJECT 25 -91.771405476 45.416544452 279.459991
OBJECT 25 -91.771437950 45.416423278 279.179993
OBJECT 25 -91.771457605 45.416351294 280.779999
OBJECT 25 -91.771469569 45.416300905 280.250000
OBJECT 25 -91.771474697 45.416527056 99.900002
OBJECT 25 -91.771487516 45.416479666 99.879997
OBJECT 25 -91.771502043 45.416432276 101.099998
OBJECT 25 -91.771507171 45.416408282 100.160004
OBJECT 25 -91.771519989 45.416359692 100.800003
OBJECT 25 -91.771525971 45.416333298 98.970001
OBJECT 25 -91.771537935 45.416285309 100.930000
OBJECT 25 -91.771655866 45.416508460 281.309998
OBJECT 25 -91.771649884 45.416532454 280.809998
OBJECT 25 -91.771632792 45.416582243 281.309998
OBJECT 25 -91.771707994 45.416566647 99.889999
OBJECT 25 -91.771713122 45.416541452 100.650002
OBJECT 25 -91.771727650 45.416493463 101.089996
OBJECT 25 -91.771838744 45.416635032 281.220001
OBJECT 25 -91.771853271 45.416586443 281.309998
OBJECT 25 -91.771862672 45.416558849 282.989990
OBJECT 25 -91.771873781 45.416509659 281.209991
OBJECT 25 -91.771884036 45.416483865 281.730011
OBJECT 25 -91.771723131 45.417431548 101.110001
OBJECT 25 -91.771401466 45.417276274 280.619995
OBJECT 25 -91.771396393 45.417304765 281.179993
OBJECT 26 -91.771373054 45.417155188 101.870003
FILTER -1
OBJECT_DEF lib/airport/aircraft/general_aviation/prop_a.obj
OBJECT_DEF lib/airport/aircraft/general_aviation/turboprop_b.obj
OBJECT_DEF lib/airport/aircraft/general_aviation/jet_a.obj
OBJECT_DEF lib/airport/aircraft/general_aviation/helo_a.obj
OBJECT_DEF lib/airport/aircraft/cargo/turboprop_c.obj
OBJECT_DEF lib/airport/Common_Elements/Hangars/Sm_Brown_Hangar.agp
OBJECT_DEF lib/airport/European_Airports/hangars/25x20x5.obj
OBJECT_DEF lib/airport/Common_Elements/Hangars/Sm_Blue_Hangar.agp
OBJECT_DEF lib/airport/Common_Elements/Hangars/Sm_Gray_Hangar.agp
OBJECT_DEF lib/airport/European_Airports/hangars/25x20x5_solar.obj
OBJECT_DEF lib/airport/Common_Elements/Hangars/FBO_Modern1.agp
OBJECT_DEF lib/airport/Common_Elements/Parking/6_wLines.obj
OBJECT_DEF lib/airport/Common_Elements/Parking/2_Space_Dual.obj
OBJECT_DEF lib/airport/Common_Elements/Parking/10_Spaces_dual.obj
OBJECT_DEF lib/airport/Common_Elements/Fueling_Stations/Small_Fuel_Station.obj
OBJECT_DEF lib/airport/Ramp_Equipment/Tow_Tractor_1.obj
OBJECT_DEF lib/street/various/vending_machine_x2.obj
OBJECT_DEF lib/airport/Common_Elements/Miscellaneous/AC_Cond_noFence.obj
OBJECT_DEF lib/airport/Common_Elements/Miscellaneous/Stack_of_Cones.obj
OBJECT_DEF lib/airport/Common_Elements/Miscellaneous/Blue_Dumpster.obj
OBJECT_DEF lib/airport/Common_Elements/Lighting/Dir_Ramp_Lit_Med.obj
OBJECT_DEF lib/airport/Common_Elements/Markers/Cones/Square_Black_White_2.obj
OBJECT_DEF lib/airport/Ramp_Equipment/Luggage_Truck.obj
OBJECT_DEF lib/airport/Ramp_Equipment/Stair_Maint_1.obj
OBJECT_DEF lib/airport/Ramp_Equipment/Air_Start_2.obj
OBJECT_DEF lib/cars/car_static.obj
OBJECT_DEF lib/cars/car_or_truck_static.obj
POLYGON_DEF lib/airport/pavement/concrete_6L.pol
POLYGON_DEF lib/airport/pavement/asphalt_1D.pol
POLYGON_DEF lib/airport/Common_Elements/Fence_Facades/Fence.fac
POLYGON_DEF lib/airport/Modern_Airports/Terminal_kit/term_building_Ground_04.fac
POLYGON_DEF lib/airport/Common_Elements/Misc_Buildings/White_Warehouse.fac
PROPERTY sim/filter/aptid KRPD
PROPERTY sim/exclude_obj -91.771956/45.416745/-91.771705/45.416962
PROPERTY sim/exclude_net -91.771956/45.416745/-91.771705/45.416962
PROPERTY sim/exclude_obj -91.771509/45.415079/-91.770818/45.415728
PROPERTY sim/exclude_net -91.771509/45.415079/-91.770818/45.415728
PROPERTY sim/require_agpoint 1/0
PROPERTY sim/require_object 1/0
PROPERTY sim/require_facade 1/2
PROPERTY sim/require_facade 6/0
