PROPERTY sim/west -180
PROPERTY sim/east 180
PROPERTY sim/north 90
PROPERTY sim/south -90
PROPERTY sim/planet earth
PROPERTY sim/creation_agent WorldEditor2.0.0r4
PROPERTY laminar/internal_revision 0
PROPERTY sim/overlay 1
FILTER 0
BEGIN_POLYGON 0 0 2
BEGIN_WINDING
POLYGON_POINT -95.196980294 43.167372383
POLYGON_POINT -95.196982941 43.167343421
POLYGON_POINT -95.196953635 43.167250190
POLYGON_POINT -95.196953812 43.167143394
POLYGON_POINT -95.196922444 43.167143550
POLYGON_POINT -95.196920069 43.167372866
END_WINDING
END_POLYGON
BEGIN_POLYGON 0 0 2
BEGIN_WINDING
POLYGON_POINT -95.197064247 43.167142705
POLYGON_POINT -95.197037210 43.167142871
POLYGON_POINT -95.197036360 43.167188761
POLYGON_POINT -95.197025848 43.167188664
POLYGON_POINT -95.197025182 43.167255557
POLYGON_POINT -95.197071907 43.167256954
POLYGON_POINT -95.197072344 43.167189241
POLYGON_POINT -95.197063864 43.167189075
END_WINDING
END_POLYGON
BEGIN_POLYGON 0 0 2
BEGIN_WINDING
POLYGON_POINT -95.197354206 43.167300819
POLYGON_POINT -95.197368281 43.167300807
POLYGON_POINT -95.197378852 43.167270303
POLYGON_POINT -95.197400633 43.167274128
POLYGON_POINT -95.197415619 43.167228471
POLYGON_POINT -95.197393099 43.167224715
POLYGON_POINT -95.197417371 43.167140558
POLYGON_POINT -95.197403596 43.167140594
END_WINDING
END_POLYGON
BEGIN_POLYGON 0 0 2
BEGIN_WINDING
POLYGON_POINT -95.197522550 43.167315532
POLYGON_POINT -95.197522462 43.167300716
POLYGON_POINT -95.197244085 43.167300878
POLYGON_POINT -95.197242977 43.167270487
POLYGON_POINT -95.197180032 43.167270649
POLYGON_POINT -95.197179660 43.167282304
POLYGON_POINT -95.197207515 43.167318337
POLYGON_POINT -95.197394424 43.167315778
END_WINDING
END_POLYGON
BEGIN_POLYGON 0 0 4
BEGIN_WINDING
POLYGON_POINT -95.202121352 43.168838168 -95.202121352 43.168838168
POLYGON_POINT -95.202063307 43.169278443 -95.202063307 43.169278443
POLYGON_POINT -95.202063307 43.169278443 -95.202115723 43.169113941
POLYGON_POINT -95.202368304 43.169112561 -95.202368304 43.169112561
POLYGON_POINT -95.206314724 43.169096706 -95.206314724 43.169096706
POLYGON_POINT -95.206314724 43.169096706 -95.206502241 43.169103410
POLYGON_POINT -95.206621030 43.169171655 -95.206621030 43.169171655
POLYGON_POINT -95.210996372 43.171516682 -95.210996372 43.171516682
POLYGON_POINT -95.210996372 43.171516682 -95.211272363 43.171626736
POLYGON_POINT -95.211460792 43.171441733 -95.211460792 43.171441733
POLYGON_POINT -95.212020069 43.170876736 -95.212020069 43.170876736
POLYGON_POINT -95.212079357 43.170905562 -95.212079357 43.170905562
POLYGON_POINT -95.212377770 43.170610092 -95.212377770 43.170610092
POLYGON_POINT -95.212315826 43.170576003 -95.212315826 43.170576003
POLYGON_POINT -95.212275005 43.170614416 -95.212275005 43.170614416
POLYGON_POINT -95.212055313 43.170832407 -95.212055313 43.170832407
POLYGON_POINT -95.211791357 43.170689391 -95.211791357 43.170689391
POLYGON_POINT -95.211791357 43.170689391 -95.211925380 43.170806847
POLYGON_POINT -95.211822445 43.170918534 -95.211822445 43.170918534
POLYGON_POINT -95.211360003 43.171384080 -95.211360003 43.171384080
POLYGON_POINT -95.211360003 43.171384080 -95.211238885 43.171499444
POLYGON_POINT -95.211061589 43.171435968 -95.211061589 43.171435968
POLYGON_POINT -95.210873846 43.171329310 -95.210873846 43.171329310
POLYGON_POINT -95.211607309 43.170591053 -95.211607309 43.170591053
POLYGON_POINT -95.211340239 43.170447826 -95.211340239 43.170447826
POLYGON_POINT -95.211340239 43.170447826 -95.211467974 43.170576223
POLYGON_POINT -95.211360001 43.170677834 -95.211360001 43.170677834
POLYGON_POINT -95.210899541 43.171139056 -95.210899541 43.171139056
POLYGON_POINT -95.210899541 43.171139056 -95.210751315 43.171268669
POLYGON_POINT -95.210579389 43.171175089 -95.210579389 43.171175089
POLYGON_POINT -95.208512258 43.170066714 -95.208512258 43.170066714
POLYGON_POINT -95.208512258 43.170066714 -95.208295838 43.169961486
POLYGON_POINT -95.208447044 43.169810159 -95.208447044 43.169810159
POLYGON_POINT -95.208907495 43.169350378 -95.208907495 43.169350378
POLYGON_POINT -95.208907495 43.169350378 -95.209022396 43.169235850
POLYGON_POINT -95.209216026 43.169308768 -95.209216026 43.169308768
POLYGON_POINT -95.208769714 43.169068617 -95.208769714 43.169068617
POLYGON_POINT -95.208769714 43.169068617 -95.208885763 43.169173648
POLYGON_POINT -95.208796829 43.169294167 -95.208796829 43.169294167
POLYGON_POINT -95.208336376 43.169755389 -95.208336376 43.169755389
POLYGON_POINT -95.208336376 43.169755389 -95.208176213 43.169897301
POLYGON_POINT -95.207992519 43.169787098 -95.207992519 43.169787098
POLYGON_POINT -95.206708002 43.169096706 -95.206708002 43.169096706
POLYGON_POINT -95.206708002 43.169096706 -95.206521404 43.168995809
POLYGON_POINT -95.206279171 43.169003020 -95.206279171 43.169003020
POLYGON_POINT -95.202376224 43.169018875 -95.202376224 43.169018875
POLYGON_POINT -95.202376224 43.169018875 -95.202122084 43.169009028
END_WINDING
END_POLYGON
BEGIN_POLYGON 0 0 4
BEGIN_WINDING
POLYGON_POINT -95.199085407 43.163534859 -95.199085407 43.163534859
POLYGON_POINT -95.199497447 43.163755880 -95.199497447 43.163755880
POLYGON_POINT -95.199497447 43.163755880 -95.199377226 43.163673420
POLYGON_POINT -95.199483256 43.163539447 -95.199483256 43.163539447
POLYGON_POINT -95.199893471 43.163127806 -95.199893471 43.163127806
POLYGON_POINT -95.199893471 43.163127806 -95.200096445 43.162937354
POLYGON_POINT -95.200367708 43.162975603 -95.200367708 43.162975603
POLYGON_POINT -95.202307335 43.163119158 -95.202307335 43.163119158
POLYGON_POINT -95.202307335 43.163119158 -95.202496015 43.163133338
POLYGON_POINT -95.202585144 43.163272731 -95.202585144 43.163272731
POLYGON_POINT -95.202635259 43.162898225 -95.202635259 43.162898225
POLYGON_POINT -95.202635259 43.162898225 -95.202552926 43.163015833
POLYGON_POINT -95.202323933 43.163011924 -95.202323933 43.163011924
POLYGON_POINT -95.202155580 43.162998088 -95.202155580 43.162998088
POLYGON_POINT -95.202155580 43.162998088 -95.201945174 43.162977236
POLYGON_POINT -95.201972998 43.162818211 -95.201972998 43.162818211
POLYGON_POINT -95.202525426 43.158649914 -95.202525426 43.158649914
POLYGON_POINT -95.202525426 43.158649914 -95.202575737 43.158515624
POLYGON_POINT -95.202755414 43.158516736 -95.202755414 43.158516736
POLYGON_POINT -95.202930870 43.158530573 -95.202930870 43.158530573
POLYGON_POINT -95.202930870 43.158530573 -95.203120680 43.158552260
POLYGON_POINT -95.203200754 43.158677851 -95.203200754 43.158677851
POLYGON_POINT -95.203232897 43.158441361 -95.203232897 43.158441361
POLYGON_POINT -95.202719849 43.158406043 -95.202719849 43.158406043
POLYGON_POINT -95.202719849 43.158406043 -95.202375675 43.158428564
POLYGON_POINT -95.202380794 43.158679317 -95.202380794 43.158679317
POLYGON_POINT -95.201830717 43.162813022 -95.201830717 43.162813022
POLYGON_POINT -95.201830717 43.162813022 -95.201775829 43.163001528
POLYGON_POINT -95.201515353 43.162960037 -95.201515353 43.162960037
POLYGON_POINT -95.200389052 43.162875287 -95.200389052 43.162875287
POLYGON_POINT -95.200389052 43.162875287 -95.199964045 43.162848179
POLYGON_POINT -95.199782031 43.163075919 -95.199782031 43.163075919
POLYGON_POINT -95.199388414 43.163473723 -95.199388414 43.163473723
POLYGON_POINT -95.199388414 43.163473723 -95.199243929 43.163600833
END_WINDING
END_POLYGON
BEGIN_POLYGON 0 0 4
BEGIN_WINDING
POLYGON_POINT -95.197957629 43.166556194 -95.197957629 43.166556194
POLYGON_POINT -95.198086076 43.166576613 -95.198086076 43.166576613
POLYGON_POINT -95.198766571 43.164339945 -95.198766571 43.164339945
POLYGON_POINT -95.198766571 43.164339945 -95.198800119 43.164230668
POLYGON_POINT -95.198885132 43.164140563 -95.198885132 43.164140563
POLYGON_POINT -95.198971496 43.164051894 -95.198971496 43.164051894
POLYGON_POINT -95.198971496 43.164051894 -95.199138262 43.163940681
POLYGON_POINT -95.199242640 43.163957995 -95.199242640 43.163957995
POLYGON_POINT -95.198917272 43.163784330 -95.198917272 43.163784330
POLYGON_POINT -95.198917272 43.163784330 -95.198946655 43.163888013
POLYGON_POINT -95.198850552 43.163998833 -95.198850552 43.163998833
POLYGON_POINT -95.198787978 43.164062491 -95.198787978 43.164062491
POLYGON_POINT -95.198787978 43.164062491 -95.198664889 43.164209616
POLYGON_POINT -95.198616720 43.164379581 -95.198616720 43.164379581
POLYGON_POINT -95.198575553 43.164481675 -95.198575553 43.164481675
POLYGON_POINT -95.198575553 43.164481675 -95.198445845 43.164675236
POLYGON_POINT -95.198213279 43.164538127 -95.198213279 43.164538127
POLYGON_POINT -95.193959959 43.162260841 -95.193959959 43.162260841
POLYGON_POINT -95.193959959 43.162260841 -95.193736818 43.162144994
POLYGON_POINT -95.193905620 43.161996599 -95.193905620 43.161996599
POLYGON_POINT -95.194373261 43.161532975 -95.194373261 43.161532975
POLYGON_POINT -95.194373261 43.161532975 -95.194494756 43.161438560
POLYGON_POINT -95.194656480 43.161496942 -95.194656480 43.161496942
POLYGON_POINT -95.194388081 43.161354011 -95.194388081 43.161354011
POLYGON_POINT -95.193668507 43.162073470 -95.193668507 43.162073470
POLYGON_POINT -95.193668507 43.162073470 -95.193630390 43.162043350
POLYGON_POINT -95.193614169 43.161972577 -95.193614169 43.161972577
POLYGON_POINT -95.193564770 43.161732357 -95.193564770 43.161732357
POLYGON_POINT -95.193564770 43.161732357 -95.193553653 43.161662849
POLYGON_POINT -95.193597703 43.161615851 -95.193597703 43.161615851
POLYGON_POINT -95.193913562 43.161296230 -95.193913562 43.161296230
POLYGON_POINT -95.193913562 43.161296230 -95.194012823 43.161194285
POLYGON_POINT -95.194183900 43.161244711 -95.194183900 43.161244711
POLYGON_POINT -95.193911628 43.161099135 -95.193911628 43.161099135
POLYGON_POINT -95.193512070 43.161516584 -95.193512070 43.161516584
POLYGON_POINT -95.193512070 43.161516584 -95.193392957 43.161635443
POLYGON_POINT -95.193433045 43.161759983 -95.193433045 43.161759983
POLYGON_POINT -95.193477503 43.161977382 -95.193477503 43.161977382
POLYGON_POINT -95.193477503 43.161977382 -95.193510061 43.162160999
POLYGON_POINT -95.193754137 43.162262042 -95.193754137 43.162262042
POLYGON_POINT -95.198331891 43.164731504 -95.198331891 43.164731504
POLYGON_POINT -95.198331891 43.164731504 -95.198473025 43.164819923
POLYGON_POINT -95.198437281 43.164970522 -95.198437281 43.164970522
END_WINDING
END_POLYGON
BEGIN_POLYGON 1 0 4
BEGIN_WINDING
POLYGON_POINT -95.198237624 43.169149883 -95.198237624 43.169149883
POLYGON_POINT -95.198323396 43.169151551 -95.198323396 43.169151551
POLYGON_POINT -95.198325683 43.169067307 -95.198325683 43.169067307
POLYGON_POINT -95.198822017 43.169068141 -95.198822017 43.169068141
POLYGON_POINT -95.198823157 43.168423384 -95.198823157 43.168423384
POLYGON_POINT -95.199015285 43.168505960 -95.199015285 43.168505960
POLYGON_POINT -95.199063317 43.168446739 -95.199063317 43.168446739
POLYGON_POINT -95.198996987 43.168416711 -95.198996987 43.168416711
POLYGON_POINT -95.199043874 43.168358324 -95.199043874 43.168358324
POLYGON_POINT -95.199104486 43.168387518 -95.199104486 43.168387518
POLYGON_POINT -95.199272597 43.168183164 -95.199272597 43.168183164
POLYGON_POINT -95.198707651 43.167947949 -95.198707651 43.167947949
POLYGON_POINT -95.198669654 43.167843047 -95.198669654 43.167843047
POLYGON_POINT -95.198511558 43.168031144 -95.198511558 43.168031144
POLYGON_POINT -95.198417082 43.167989106 -95.198417082 43.167989106
POLYGON_POINT -95.198355419 43.168073063 -95.198355419 43.168073063
POLYGON_POINT -95.198355419 43.168073063 -95.198208655 43.168273246
POLYGON_POINT -95.198217957 43.168396860 -95.198217957 43.168396860
END_WINDING
END_POLYGON
BEGIN_POLYGON 0 0 4
BEGIN_WINDING
POLYGON_POINT -95.198273812 43.167232413 -95.198273812 43.167232413
POLYGON_POINT -95.198194767 43.167306881 -95.198194767 43.167306881
POLYGON_POINT -95.198580357 43.167519099 -95.198580357 43.167519099
POLYGON_POINT -95.198580357 43.167519099 -95.198687069 43.167632963
POLYGON_POINT -95.198614919 43.167716042 -95.198614919 43.167716042
POLYGON_POINT -95.198731617 43.167769305 -95.198731617 43.167769305
POLYGON_POINT -95.198731617 43.167769305 -95.198865995 43.167700122
POLYGON_POINT -95.199004377 43.167763100 -95.199004377 43.167763100
POLYGON_POINT -95.200833654 43.168793806 -95.200833654 43.168793806
POLYGON_POINT -95.200833654 43.168793806 -95.201009534 43.168878844
POLYGON_POINT -95.200978513 43.169050514 -95.200978513 43.169050514
POLYGON_POINT -95.200591309 43.172051943 -95.200591309 43.172051943
POLYGON_POINT -95.200591309 43.172051943 -95.200577585 43.172333201
POLYGON_POINT -95.200919148 43.172335871 -95.200919148 43.172335871
POLYGON_POINT -95.201367162 43.172362421 -95.201367162 43.172362421
POLYGON_POINT -95.201397915 43.172134552 -95.201397915 43.172134552
POLYGON_POINT -95.201397915 43.172134552 -95.201348508 43.172223914
POLYGON_POINT -95.201154782 43.172243719 -95.201154782 43.172243719
POLYGON_POINT -95.200929393 43.172233757 -95.200929393 43.172233757
POLYGON_POINT -95.200929393 43.172233757 -95.200700145 43.172220785
POLYGON_POINT -95.200738154 43.172064396 -95.200738154 43.172064396
POLYGON_POINT -95.201110370 43.169190243 -95.201110370 43.169190243
POLYGON_POINT -95.201110370 43.169190243 -95.201131779 43.169082144
POLYGON_POINT -95.201291356 43.169068204 -95.201291356 43.169068204
POLYGON_POINT -95.201786057 43.169242522 -95.201855223 43.169443106
POLYGON_POINT -95.201786057 43.169242522 -95.201786057 43.169242522
POLYGON_POINT -95.201838045 43.168854012 -95.201838045 43.168854012
POLYGON_POINT -95.201838045 43.168854012 -95.201549851 43.169081020
POLYGON_POINT -95.201236718 43.168896352 -95.201236718 43.168896352
END_WINDING
END_POLYGON
BEGIN_POLYGON 2 0 2
BEGIN_WINDING
POLYGON_POINT -95.198002611 43.166852659
POLYGON_POINT -95.198301682 43.166899740
POLYGON_POINT -95.198296917 43.166917696
POLYGON_POINT -95.198331860 43.166924647
POLYGON_POINT -95.198346155 43.166884680
POLYGON_POINT -95.198011443 43.166823119
END_WINDING
END_POLYGON
BEGIN_POLYGON 2 0 4
BEGIN_WINDING
POLYGON_POINT -95.197524559 43.167627402 -95.197524559 43.167627402
POLYGON_POINT -95.197427200 43.167748812 -95.197427200 43.167748812
POLYGON_POINT -95.197437247 43.167835365 -95.197437247 43.167835365
POLYGON_POINT -95.197704345 43.167953110 -95.197704345 43.167953110
POLYGON_POINT -95.197911520 43.167682826 -95.197911520 43.167682826
POLYGON_POINT -95.198364385 43.167885811 -95.198364385 43.167885811
POLYGON_POINT -95.198417082 43.167989106 -95.198417082 43.167989106
POLYGON_POINT -95.198511558 43.168031144 -95.198511558 43.168031144
POLYGON_POINT -95.198731617 43.167769305 -95.198731617 43.167769305
POLYGON_POINT -95.197868704 43.167375344 -95.197868704 43.167375344
POLYGON_POINT -95.197868704 43.167375344 -95.197962098 43.167210610
POLYGON_POINT -95.198194767 43.167306881 -95.198194767 43.167306881
POLYGON_POINT -95.198273812 43.167232413 -95.198273812 43.167232413
POLYGON_POINT -95.198063022 43.167112303 -95.198063022 43.167112303
POLYGON_POINT -95.198063022 43.167112303 -95.197964864 43.167050441
POLYGON_POINT -95.197975744 43.166941747 -95.197975744 43.166941747
POLYGON_POINT -95.198086076 43.166576613 -95.198086076 43.166576613
POLYGON_POINT -95.197957629 43.166556194 -95.197957629 43.166556194
POLYGON_POINT -95.197924259 43.166650069 -95.197924259 43.166650069
POLYGON_POINT -95.197924259 43.166650069 -95.197830866 43.166773793
POLYGON_POINT -95.197587109 43.166726750 -95.197587109 43.166726750
POLYGON_POINT -95.197053560 43.166640271 -95.197053560 43.166640271
POLYGON_POINT -95.195283291 43.166899708 -95.195283291 43.166899708
POLYGON_POINT -95.195154843 43.166892502 -95.195154843 43.166892502
POLYGON_POINT -95.194810670 43.166837251 -95.194810670 43.166837251
POLYGON_POINT -95.194812317 43.167267245 -95.194812317 43.167267245
POLYGON_POINT -95.194876541 43.167267245 -95.194876541 43.167267245
POLYGON_POINT -95.194881476 43.168337425 -95.194881476 43.168337425
POLYGON_POINT -95.195250357 43.168336224 -95.195250357 43.168336224
POLYGON_POINT -95.195252004 43.168367452 -95.195252004 43.168367452
POLYGON_POINT -95.195487495 43.168368653 -95.195487495 43.168368653
POLYGON_POINT -95.195489142 43.168449127 -95.195489142 43.168449127
POLYGON_POINT -95.195571482 43.168449127 -95.195571482 43.168449127
POLYGON_POINT -95.195574775 43.168367452 -95.195574775 43.168367452
POLYGON_POINT -95.196065519 43.168368653 -95.196065519 43.168368653
POLYGON_POINT -95.196055578 43.167763916 -95.196055578 43.167763916
POLYGON_POINT -95.195614297 43.167764500 -95.195614297 43.167764500
POLYGON_POINT -95.195614297 43.167764500 -95.195503749 43.167760330
POLYGON_POINT -95.195513843 43.167668412 -95.195513843 43.167668412
POLYGON_POINT -95.195513843 43.167517074 -95.195513843 43.167517074
POLYGON_POINT -95.195513843 43.167517074 -95.195513843 43.167451041
POLYGON_POINT -95.195617327 43.167449933 -95.195617327 43.167449933
POLYGON_POINT -95.196520030 43.167454617 -95.196520030 43.167454617
POLYGON_POINT -95.196528265 43.167145934 -95.196528265 43.167145934
POLYGON_POINT -95.197521268 43.167139928 -95.197521268 43.167139928
END_WINDING
END_POLYGON
BEGIN_POLYGON 3 0 2
BEGIN_WINDING
POLYGON_POINT -95.195625847 43.167668510
POLYGON_POINT -95.195626372 43.167631742
POLYGON_POINT -95.195513841 43.167631867
POLYGON_POINT -95.195513843 43.167668412
END_WINDING
END_POLYGON
BEGIN_POLYGON 2 0 2
BEGIN_WINDING
POLYGON_POINT -95.195154843 43.166892502
POLYGON_POINT -95.195283291 43.166899708
POLYGON_POINT -95.195283023 43.166005206
POLYGON_POINT -95.194758423 43.166004543
POLYGON_POINT -95.194753877 43.166285051
POLYGON_POINT -95.195155737 43.166284388
END_WINDING
END_POLYGON
FILTER -1
FILTER 0
FILTER -1
FILTER 0
FILTER -1
FILTER 0
FILTER -1
FILTER 0
FILTER -1
FILTER 0
OBJECT 0 -95.196957074 43.167077556 49.864742
OBJECT 1 -95.196189424 43.167228469 49.810001
OBJECT 2 -95.194997559 43.166075352 0.000000
OBJECT 3 -95.195696566 43.166955660 359.968140
OBJECT 2 -95.195888560 43.166944260 0.572935
OBJECT 3 -95.196475284 43.166841523 0.000000
OBJECT 3 -95.197952292 43.167557677 30.613554
OBJECT 3 -95.198554628 43.168481218 268.531158
OBJECT 4 -95.197602675 43.167757091 242.049301
OBJECT 5 -95.198090776 43.167635174 31.159424
OBJECT 3 -95.197946021 43.167413717 210.188721
OBJECT 3 -95.198119093 43.167491250 211.180298
OBJECT 3 -95.198268701 43.167557211 211.046707
OBJECT 3 -95.198256992 43.167694356 32.195602
BEGIN_POLYGON 4 10 3
BEGIN_WINDING
POLYGON_POINT -95.193012116 43.169062209 0.000000000
POLYGON_POINT -95.194112208 43.169071292 0.000000000
POLYGON_POINT -95.194114293 43.168589881 0.000000000
POLYGON_POINT -95.194292315 43.168592450 2.000000000
POLYGON_POINT -95.194355149 43.168593276 0.000000000
POLYGON_POINT -95.194670561 43.168594423 0.000000000
POLYGON_POINT -95.195264189 43.168594423 0.000000000
POLYGON_POINT -95.195473640 43.168594948 2.000000000
POLYGON_POINT -95.195590385 43.168595241 0.000000000
POLYGON_POINT -95.195868197 43.168595937 0.000000000
POLYGON_POINT -95.196451448 43.168595937 0.000000000
POLYGON_POINT -95.196452429 43.168324198 0.000000000
END_WINDING
END_POLYGON
BEGIN_POLYGON 4 10 3
BEGIN_WINDING
POLYGON_POINT -95.196924687 43.167333007 0.000000000
POLYGON_POINT -95.196528248 43.167330343 0.000000000
POLYGON_POINT -95.196528248 43.167454480 0.000000000
END_WINDING
END_POLYGON
BEGIN_POLYGON 4 10 3
BEGIN_WINDING
POLYGON_POINT -95.197394921 43.167496406 0.000000000
POLYGON_POINT -95.197432398 43.167829667 0.000000000
POLYGON_POINT -95.197713470 43.167956874 0.000000000
POLYGON_POINT -95.197743740 43.167912719 0.000000000
END_WINDING
END_POLYGON
BEGIN_POLYGON 4 10 3
BEGIN_WINDING
POLYGON_POINT -95.198618683 43.169071250 0.000000000
POLYGON_POINT -95.199960646 43.169071250 0.000000000
END_WINDING
END_POLYGON
BEGIN_POLYGON 4 10 3
BEGIN_WINDING
POLYGON_POINT -95.198161749 43.168094594 0.000000000
POLYGON_POINT -95.198187695 43.168109312 0.000000000
POLYGON_POINT -95.198001754 43.168339546 0.000000000
POLYGON_POINT -95.197998872 43.169072301 0.000000000
POLYGON_POINT -95.198226616 43.169070198 0.000000000
POLYGON_POINT -95.198326074 43.169073352 0.000000000
POLYGON_POINT -95.198422649 43.169071250 0.000000000
END_WINDING
END_POLYGON
BEGIN_POLYGON 4 10 3
BEGIN_WINDING
POLYGON_POINT -95.199960939 43.169071598 0.000000000
POLYGON_POINT -95.199946273 43.170327633 0.000000000
POLYGON_POINT -95.199974265 43.171232367 0.000000000
POLYGON_POINT -95.199952721 43.172060136 0.000000000
POLYGON_POINT -95.200023943 43.173757855 0.000000000
POLYGON_POINT -95.202046347 43.173887528 0.000000000
POLYGON_POINT -95.202357486 43.171683086 0.000000000
POLYGON_POINT -95.202635329 43.169259821 0.000000000
POLYGON_POINT -95.205079882 43.169227402 0.000000000
POLYGON_POINT -95.205057119 43.169456557 0.000000000
POLYGON_POINT -95.207134925 43.170546761 0.000000000
POLYGON_POINT -95.209724476 43.171885768 0.000000000
POLYGON_POINT -95.209795799 43.172733957 0.000000000
POLYGON_POINT -95.212267580 43.172828954 0.000000000
POLYGON_POINT -95.212279986 43.172324564 0.000000000
POLYGON_POINT -95.214990594 43.173833209 0.000000000
POLYGON_POINT -95.216953810 43.174927937 0.000000000
POLYGON_POINT -95.218628612 43.175841719 0.000000000
POLYGON_POINT -95.219754462 43.176477295 0.000000000
POLYGON_POINT -95.222710212 43.176427534 0.000000000
POLYGON_POINT -95.222700896 43.174419024 0.000000000
POLYGON_POINT -95.222685389 43.172763360 0.000000000
POLYGON_POINT -95.221187427 43.172758837 0.000000000
POLYGON_POINT -95.219593337 43.172747528 0.000000000
POLYGON_POINT -95.219630560 43.170992343 0.000000000
POLYGON_POINT -95.219655376 43.169139900 0.000000000
POLYGON_POINT -95.217360507 43.169139900 0.000000000
POLYGON_POINT -95.214699710 43.169133114 0.000000000
POLYGON_POINT -95.213226834 43.168432777 0.000000000
POLYGON_POINT -95.211640675 43.167678446 0.000000000
POLYGON_POINT -95.209818778 43.166849854 0.000000000
POLYGON_POINT -95.208639897 43.165579607 0.000000000
POLYGON_POINT -95.208221981 43.165165311 0.000000000
POLYGON_POINT -95.205992915 43.164274184 0.000000000
POLYGON_POINT -95.204894505 43.163605839 0.000000000
POLYGON_POINT -95.203710338 43.162863233 0.000000000
POLYGON_POINT -95.204149811 43.160182035 0.000000000
POLYGON_POINT -95.203946210 43.159943619 0.000000000
POLYGON_POINT -95.204321321 43.156852034 0.000000000
POLYGON_POINT -95.201937156 43.156691787 0.000000000
POLYGON_POINT -95.201240659 43.160889465 0.000000000
POLYGON_POINT -95.199397475 43.162613092 0.000000000
POLYGON_POINT -95.197511435 43.161565627 0.000000000
POLYGON_POINT -95.195400382 43.160447810 0.000000000
POLYGON_POINT -95.193755527 43.159529323 0.000000000
POLYGON_POINT -95.191885654 43.158520943 0.000000000
POLYGON_POINT -95.191719562 43.160025697 0.000000000
POLYGON_POINT -95.191601644 43.161299852 0.000000000
POLYGON_POINT -95.193080456 43.161905662 0.000000000
POLYGON_POINT -95.193176900 43.162347317 0.000000000
POLYGON_POINT -95.198020700 43.164958163 0.000000000
POLYGON_POINT -95.198106432 43.165169220 0.000000000
POLYGON_POINT -95.197758148 43.166247953 0.000000000
POLYGON_POINT -95.195448658 43.166533270 0.000000000
POLYGON_POINT -95.195555827 43.165790664 0.000000000
POLYGON_POINT -95.193760750 43.165716403 0.000000000
POLYGON_POINT -95.193873229 43.166509819 0.000000000
POLYGON_POINT -95.193198053 43.166709150 0.000000000
POLYGON_POINT -95.190636669 43.166744326 0.000000000
POLYGON_POINT -95.190390176 43.168338975 0.000000000
POLYGON_POINT -95.190282936 43.169097214 0.000000000
POLYGON_POINT -95.193015863 43.169069855 0.000000000
END_WINDING
END_POLYGON
BEGIN_POLYGON 5 10 3
BEGIN_WINDING
POLYGON_POINT -95.196061841 43.168312679 4.000000000
POLYGON_POINT -95.196449687 43.168314670 4.000000000
POLYGON_POINT -95.196449850 43.167713702 4.000000000
POLYGON_POINT -95.196517657 43.167713702 4.000000000
POLYGON_POINT -95.196517657 43.167455428 0.000000000
POLYGON_POINT -95.196494103 43.167455284 0.000000000
POLYGON_POINT -95.196333061 43.167454301 4.000000000
POLYGON_POINT -95.196284074 43.167454002 2.000000000
POLYGON_POINT -95.195617327 43.167449933 4.000000000
POLYGON_POINT -95.195619885 43.167630925 1.000000000
POLYGON_POINT -95.195620509 43.167675084 4.000000000
POLYGON_POINT -95.195621094 43.167716450 4.000000000
POLYGON_POINT -95.196054307 43.167719198 0.000000000
POLYGON_POINT -95.196055578 43.167763916 0.000000000
END_WINDING
END_POLYGON
BEGIN_POLYGON 6 10 3
BEGIN_WINDING
POLYGON_POINT -95.198422539 43.169071933 0.000000000
POLYGON_POINT -95.198617175 43.169069643 3.000000000
POLYGON_POINT -95.198605962 43.168562614 0.000000000
POLYGON_POINT -95.198411326 43.168564903 3.000000000
END_WINDING
END_POLYGON
OBJECT 6 -95.197927763 43.167891554 120.919998
OBJECT 6 -95.198092138 43.167963948 120.919998
OBJECT 7 -95.198847076 43.168223845 300.059998
BEGIN_POLYGON 7 10 3
BEGIN_WINDING
POLYGON_POINT -95.197005715 43.167445365 0.000000000
POLYGON_POINT -95.197021404 43.167445365 4.000000000
POLYGON_POINT -95.197074905 43.167445365 0.000000000
POLYGON_POINT -95.197089129 43.167445365 0.000000000
POLYGON_POINT -95.197089129 43.167433739 2.000000000
POLYGON_POINT -95.197089129 43.167386209 0.000000000
POLYGON_POINT -95.197089129 43.167372662 0.000000000
POLYGON_POINT -95.197141263 43.167372662 0.000000000
POLYGON_POINT -95.197141263 43.167367491 0.000000000
POLYGON_POINT -95.197155761 43.167367491 2.000000000
POLYGON_POINT -95.197212078 43.167367491 0.000000000
POLYGON_POINT -95.197226762 43.167367491 0.000000000
POLYGON_POINT -95.197226762 43.167372712 4.000000000
POLYGON_POINT -95.197226762 43.167395891 0.000000000
POLYGON_POINT -95.197226762 43.167400952 0.000000000
POLYGON_POINT -95.197276811 43.167400952 0.000000000
POLYGON_POINT -95.197276811 43.167419656 3.000000000
POLYGON_POINT -95.197276811 43.167480390 0.000000000
POLYGON_POINT -95.197276811 43.167496774 0.000000000
POLYGON_POINT -95.197300175 43.167496774 3.000000000
POLYGON_POINT -95.197373388 43.167496774 0.000000000
POLYGON_POINT -95.197394424 43.167496774 0.000000000
POLYGON_POINT -95.197394424 43.167315778 0.000000000
POLYGON_POINT -95.197369767 43.167315778 4.000000000
POLYGON_POINT -95.197344022 43.167315778 0.000000000
POLYGON_POINT -95.197320288 43.167315778 2.000000000
POLYGON_POINT -95.197233399 43.167315778 0.000000000
POLYGON_POINT -95.197208828 43.167315778 0.000000000
POLYGON_POINT -95.197208828 43.167282316 0.000000000
POLYGON_POINT -95.197204033 43.167282316 4.000000000
POLYGON_POINT -95.197182713 43.167282316 0.000000000
POLYGON_POINT -95.197150021 43.167282316 0.000000000
POLYGON_POINT -95.197150021 43.167249463 0.000000000
POLYGON_POINT -95.197139268 43.167249463 1.000000000
POLYGON_POINT -95.197081342 43.167249463 0.000000000
POLYGON_POINT -95.197067665 43.167249463 4.000000000
POLYGON_POINT -95.197027036 43.167249463 0.000000000
POLYGON_POINT -95.197014163 43.167249463 1.000000000
POLYGON_POINT -95.196965086 43.167249463 0.000000000
POLYGON_POINT -95.196953164 43.167249463 0.000000000
POLYGON_POINT -95.196953164 43.167275011 4.000000000
POLYGON_POINT -95.196953164 43.167320488 0.000000000
POLYGON_POINT -95.196953164 43.167342851 0.000000000
POLYGON_POINT -95.196980691 43.167342851 0.000000000
POLYGON_POINT -95.196980691 43.167372054 0.000000000
POLYGON_POINT -95.197005715 43.167372054 0.000000000
POLYGON_POINT -95.197005715 43.167385329 2.000000000
POLYGON_POINT -95.197005715 43.167434033 0.000000000
END_WINDING
END_POLYGON
BEGIN_POLYGON 8 10 3
BEGIN_WINDING
POLYGON_POINT -95.195053498 43.167454295 3.000000000
POLYGON_POINT -95.195056525 43.168334341 0.000000000
POLYGON_POINT -95.195248778 43.168333989 3.000000000
POLYGON_POINT -95.195245752 43.167453943 0.000000000
END_WINDING
END_POLYGON
BEGIN_POLYGON 9 10 3
BEGIN_WINDING
POLYGON_POINT -95.196981834 43.167370373 0.000000000
POLYGON_POINT -95.196993286 43.167370418 1.000000000
POLYGON_POINT -95.197128214 43.167370940 0.000000000
POLYGON_POINT -95.197139668 43.167370984 0.000000000
POLYGON_POINT -95.197139710 43.167365253 0.000000000
POLYGON_POINT -95.197151681 43.167365300 1.000000000
POLYGON_POINT -95.197196657 43.167365474 0.000000000
POLYGON_POINT -95.197206555 43.167365512 0.000000000
POLYGON_POINT -95.197207147 43.167284299 0.000000000
POLYGON_POINT -95.197201964 43.167284278 1.000000000
POLYGON_POINT -95.197155313 43.167284098 0.000000000
POLYGON_POINT -95.197148903 43.167284073 0.000000000
POLYGON_POINT -95.197149146 43.167250743 0.000000000
POLYGON_POINT -95.197145256 43.167250728 1.000000000
POLYGON_POINT -95.196959488 43.167250008 0.000000000
POLYGON_POINT -95.196954793 43.167249990 0.000000000
POLYGON_POINT -95.196954685 43.167264829 1.000000000
POLYGON_POINT -95.196954216 43.167329214 0.000000000
POLYGON_POINT -95.196954124 43.167341895 0.000000000
POLYGON_POINT -95.196982040 43.167342004 0.000000000
END_WINDING
END_POLYGON
BEGIN_POLYGON 10 10 3
BEGIN_WINDING
POLYGON_POINT -95.197071226 43.167255663 0.000000000
POLYGON_POINT -95.197072344 43.167189241 0.000000000
POLYGON_POINT -95.197025848 43.167188664 0.000000000
POLYGON_POINT -95.197024171 43.167255697 0.000000000
END_WINDING
END_POLYGON
OBJECT 8 -95.197028268 43.167198968 0.000000
OBJECT 8 -95.197069779 43.167199227 0.000000
BEGIN_POLYGON 10 10 3
BEGIN_WINDING
POLYGON_POINT -95.197012107 43.167459607 0.000000000
POLYGON_POINT -95.197083464 43.167459686 0.000000000
POLYGON_POINT -95.197083503 43.167441017 0.000000000
POLYGON_POINT -95.197012145 43.167440938 0.000000000
END_WINDING
END_POLYGON
OBJECT 9 -95.197737221 43.168382709 90.000000
OBJECT 10 -95.194854010 43.167089260 90.220001
OBJECT 10 -95.194788334 43.166168835 90.730003
OBJECT 11 -95.195843018 43.167699717 0.848759
OBJECT 11 -95.196076322 43.167920927 90.421288
OBJECT 11 -95.196085295 43.168193185 91.531616
OBJECT 11 -95.194971615 43.168369175 179.740005
OBJECT 11 -95.195688338 43.168385016 179.259995
OBJECT 11 -95.195009630 43.166820718 329.450012
OBJECT 11 -95.196999600 43.166618745 11.310000
OBJECT 11 -95.196122710 43.166743493 347.109985
OBJECT 11 -95.197298232 43.167163279 179.419998
OBJECT 11 -95.196687395 43.167165259 180.000000
OBJECT 11 -95.197480124 43.167456338 288.549988
OBJECT 11 -95.198093682 43.167448417 32.549999
OBJECT 11 -95.198479191 43.167616728 34.349998
OBJECT 11 -95.199022169 43.168046415 32.549999
OBJECT 11 -95.198204988 43.168321652 288.230011
OBJECT 11 -95.198848417 43.168751340 89.330002
OBJECT 11 -95.195003647 43.165938823 1.400000
OBJECT 12 -95.197315585 43.168624119 90.000000
OBJECT 12 -95.196835249 43.168050620 90.000000
OBJECT 12 -95.197317252 43.168267184 90.000000
OBJECT 12 -95.196836189 43.168267224 90.000000
OBJECT 12 -95.196833116 43.168629634 90.000000
OBJECT 12 -95.196831603 43.168797850 90.000000
OBJECT 12 -95.197314283 43.168796707 90.000000
OBJECT 13 -95.197073679 43.168365520 0.000000
OBJECT 13 -95.197075325 43.168699422 359.422668
OBJECT 13 -95.196828203 43.167749136 0.000000
OBJECT 13 -95.197075240 43.167776225 0.000000
OBJECT 13 -95.197074433 43.167972375 180.000000
OBJECT 14 -95.197872899 43.169072283 0.000000
OBJECT 14 -95.197791613 43.169112598 0.000000
OBJECT 14 -95.197781859 43.169053311 0.000000
OBJECT 14 -95.197720082 43.169053311 201.800003
OBJECT 14 -95.197707076 43.169107855 270.000000
OBJECT 14 -95.197655053 43.169041454 0.000000
OBJECT 14 -95.197687567 43.168823279 0.000000
OBJECT 14 -95.197690819 43.168605104 0.000000
OBJECT 15 -95.197522117 43.167166588 269.510315
OBJECT 16 -95.197517497 43.167193385 271.169128
OBJECT 16 -95.197354405 43.167135654 179.562637
OBJECT 15 -95.197392181 43.167131052 180.000000
OBJECT 17 -95.197378741 43.167134717 179.543869
OBJECT 18 -95.197512470 43.167182469 269.215179
OBJECT 19 -95.197462852 43.167157995 179.565948
OBJECT 20 -95.196793939 43.167129456 269.131958
OBJECT 21 -95.196993056 43.167130475 179.756195
OBJECT 22 -95.197539117 43.167279027 180.000000
OBJECT 23 -95.196646795 43.167129954 268.122101
OBJECT 24 -95.196881092 43.167128136 267.207275
OBJECT 25 -95.197838519 43.167757290 121.711418
OBJECT 26 -95.196491866 43.168249442 45.490002
OBJECT 26 -95.196495367 43.168214014 45.959999
OBJECT 26 -95.196491429 43.168120497 50.040001
OBJECT 26 -95.196491429 43.168089537 42.709999
OBJECT 26 -95.196496242 43.168054109 47.919998
OBJECT 26 -95.196494492 43.167988679 45.000000
OBJECT 26 -95.196498430 43.167956762 46.610001
OBJECT 26 -95.196495804 43.167925164 44.230000
OBJECT 26 -95.196493178 43.167860692 50.830002
OBJECT 26 -95.196493178 43.167829094 47.150002
OBJECT 26 -95.196491866 43.167764621 42.349998
OBJECT 26 -95.196498430 43.167792389 45.680000
OBJECT 26 -95.196794355 43.167860129 266.820007
OBJECT 26 -95.196795867 43.167836965 270.000000
OBJECT 26 -95.196796623 43.167786776 271.250000
OBJECT 26 -95.196794355 43.167762508 266.880005
OBJECT 26 -95.196792842 43.167739344 265.600006
OBJECT 26 -95.196789818 43.167714525 271.910004
OBJECT 26 -95.196792842 43.167664336 268.010010
OBJECT 26 -95.196792842 43.167642275 268.779999
OBJECT 26 -95.196796623 43.167617457 264.290009
OBJECT 26 -95.196783012 43.167591535 272.769989
OBJECT 26 -95.196865436 43.167592086 90.709999
OBJECT 26 -95.196863923 43.167614147 90.000000
OBJECT 26 -95.196868461 43.167639518 87.900002
OBJECT 26 -95.196866949 43.167687501 88.239998
OBJECT 26 -95.196873754 43.167711768 90.000000
OBJECT 26 -95.196869973 43.167734932 87.320000
OBJECT 26 -95.196867705 43.167763060 88.059998
OBJECT 26 -95.196870730 43.167787879 93.300003
OBJECT 26 -95.196869217 43.167807182 87.059998
OBJECT 26 -95.196872242 43.167834758 87.739998
OBJECT 26 -95.196869973 43.167861783 90.949997
OBJECT 26 -95.196870730 43.167940652 89.080002
OBJECT 26 -95.196870730 43.167965470 86.570000
OBJECT 26 -95.196867705 43.167988635 87.459999
OBJECT 26 -95.196870730 43.168014005 93.989998
OBJECT 26 -95.196872999 43.168036066 89.260002
OBJECT 26 -95.196872243 43.168061436 88.589996
OBJECT 26 -95.196876023 43.168084600 96.580002
OBJECT 26 -95.196873755 43.168134238 89.120003
OBJECT 26 -95.196870730 43.168181118 93.050003
OBJECT 26 -95.196871486 43.168204833 90.000000
OBJECT 26 -95.196870730 43.168230204 90.000000
OBJECT 26 -95.196873755 43.168279290 90.000000
OBJECT 26 -95.196875267 43.168306315 92.529999
OBJECT 26 -95.196873755 43.168354849 90.000000
OBJECT 26 -95.197039356 43.167597602 270.000000
OBJECT 26 -95.197034820 43.167622420 270.000000
OBJECT 26 -95.197047675 43.167645033 273.179993
OBJECT 26 -95.197039357 43.167668749 271.220001
OBJECT 26 -95.197046162 43.167714525 265.820007
OBJECT 26 -95.197043894 43.167736035 272.959991
OBJECT 26 -95.197047675 43.167761957 270.000000
OBJECT 26 -95.197043138 43.167787879 271.549988
OBJECT 26 -95.196565639 43.167355570 180.000000
OBJECT 26 -95.196597146 43.167359706 180.520004
OBJECT 26 -95.196632435 43.167355570 177.509995
OBJECT 26 -95.196663312 43.167355570 179.259995
OBJECT 26 -95.196696710 43.167355110 179.220001
OBJECT 26 -95.196730738 43.167354651 179.179993
OBJECT 26 -95.196762876 43.167356489 180.000000
OBJECT 26 -95.196795013 43.167355110 180.600006
OBJECT 26 -95.196825891 43.167354651 178.990005
OBJECT 26 -95.196858658 43.167357408 179.119995
OBJECT 26 -95.196893947 43.167361545 180.000000
OBJECT 26 -95.197282853 43.168930644 269.359985
OBJECT 26 -95.197043138 43.167835861 271.790009
OBJECT 26 -95.197045406 43.167859026 273.529999
OBJECT 26 -95.197037088 43.167884947 271.470001
OBJECT 26 -95.197043894 43.167935688 270.000000
OBJECT 26 -95.197038601 43.167957198 274.089996
OBJECT 26 -95.197041625 43.167986429 264.510010
OBJECT 26 -95.197042382 43.168008490 269.269989
OBJECT 26 -95.197040870 43.168030551 271.880005
OBJECT 26 -95.197040113 43.168057024 268.450012
OBJECT 26 -95.197035576 43.168106110 269.269989
OBJECT 26 -95.197039357 43.168130929 270.000000
OBJECT 26 -95.197042382 43.168205937 268.239990
OBJECT 26 -95.197047675 43.168255022 267.880005
OBJECT 26 -95.197046163 43.168278187 270.000000
OBJECT 26 -95.197041626 43.168303557 270.000000
OBJECT 26 -95.197036332 43.168328376 270.709991
OBJECT 26 -95.197112707 43.167595947 90.000000
OBJECT 26 -95.197108169 43.167620214 88.599998
OBJECT 26 -95.197107413 43.167646136 91.320000
OBJECT 26 -95.197108926 43.167670403 90.669998
OBJECT 26 -95.197108926 43.167691361 88.669998
OBJECT 26 -95.197109682 43.167713422 90.949997
OBJECT 26 -95.197114219 43.167738793 89.220001
OBJECT 26 -95.197116487 43.167787327 92.120003
OBJECT 26 -95.197119512 43.167810491 88.599998
OBJECT 26 -95.197118757 43.167834758 88.029999
OBJECT 26 -95.197124050 43.167861232 90.550003
OBJECT 26 -95.197118000 43.167885499 90.000000
OBJECT 26 -95.197117244 43.167910869 90.690002
OBJECT 26 -95.197115732 43.167959404 91.209999
OBJECT 26 -95.197114219 43.167984222 90.570000
OBJECT 26 -95.197114219 43.168007938 89.389999
OBJECT 26 -95.197117244 43.168031654 86.629997
OBJECT 26 -95.197113463 43.168084049 90.000000
OBJECT 26 -95.197115732 43.168107213 89.559998
OBJECT 26 -95.197114976 43.168155747 88.360001
OBJECT 26 -95.197114976 43.168183324 87.709999
OBJECT 26 -95.197112707 43.168208143 88.230003
OBJECT 26 -95.197113464 43.168230204 92.489998
OBJECT 26 -95.197114220 43.168279290 89.160004
OBJECT 26 -95.197112707 43.168304108 90.000000
OBJECT 26 -95.197114976 43.168352643 87.800003
OBJECT 26 -95.196870727 43.168466258 89.449997
OBJECT 26 -95.196869970 43.168490525 87.080002
OBJECT 26 -95.196867702 43.168518101 89.339996
OBJECT 26 -95.196863921 43.168563878 90.000000
OBJECT 26 -95.196869970 43.168592006 88.089996
OBJECT 26 -95.196869214 43.168615722 87.220001
OBJECT 26 -95.196863921 43.168691281 90.000000
OBJECT 26 -95.196865433 43.168716100 91.529999
OBJECT 26 -95.196866189 43.168740367 89.139999
OBJECT 26 -95.196863921 43.168762979 88.730003
OBJECT 26 -95.196869214 43.168811514 90.510002
OBJECT 26 -95.196872995 43.168835781 89.540001
OBJECT 26 -95.196869970 43.168885419 87.300003
OBJECT 26 -95.196872995 43.168937262 88.529999
OBJECT 26 -95.197042383 43.168465706 272.910004
OBJECT 26 -95.197043139 43.168490525 267.369995
OBJECT 26 -95.197039358 43.168514240 271.940002
OBJECT 26 -95.197040870 43.168539059 269.230011
OBJECT 26 -95.197039358 43.168567187 268.390015
OBJECT 26 -95.197040114 43.168613515 269.380005
OBJECT 26 -95.197037090 43.168663704 270.820007
OBJECT 26 -95.197040114 43.168688523 270.000000
OBJECT 26 -95.197040871 43.168734852 270.000000
OBJECT 26 -95.197037090 43.168761325 270.700012
OBJECT 26 -95.197037846 43.168809308 270.619995
OBJECT 26 -95.197038602 43.168834678 270.000000
OBJECT 26 -95.197036334 43.168883212 271.019989
OBJECT 26 -95.197117246 43.168464603 90.739998
OBJECT 26 -95.197112709 43.168489973 89.470001
OBJECT 26 -95.197111953 43.168539611 89.120003
OBJECT 26 -95.197113465 43.168564429 89.720001
OBJECT 26 -95.197114221 43.168589248 92.730003
OBJECT 26 -95.197116490 43.168612964 91.680000
OBJECT 26 -95.197117246 43.168662601 90.000000
OBJECT 26 -95.197117246 43.168688523 94.510002
OBJECT 26 -95.197114222 43.168736506 88.570000
OBJECT 26 -95.197116490 43.168760773 88.989998
OBJECT 26 -95.197119515 43.168787247 86.389999
OBJECT 26 -95.197115734 43.168834126 90.000000
OBJECT 26 -95.197116490 43.168858945 90.000000
OBJECT 26 -95.197037090 43.168908583 271.660004
OBJECT 26 -95.197113465 43.168909686 90.669998
OBJECT 26 -95.197034065 43.168932850 270.940002
OBJECT 26 -95.197116490 43.168933953 92.169998
OBJECT 26 -95.197286633 43.168181118 268.649994
OBJECT 26 -95.197284364 43.168205937 271.549988
OBJECT 26 -95.197282852 43.168231307 269.260010
OBJECT 26 -95.197286633 43.168278738 269.190002
OBJECT 26 -95.197285877 43.168328927 270.000000
OBJECT 26 -95.197284364 43.168353194 271.850006
OBJECT 26 -95.197287390 43.168466258 268.290009
OBJECT 26 -95.197285877 43.168513689 270.000000
OBJECT 26 -95.197282852 43.168537956 269.269989
OBJECT 26 -95.197279828 43.168563878 270.000000
OBJECT 26 -95.197286634 43.168611309 274.510010
OBJECT 26 -95.197283609 43.168637231 268.410004
OBJECT 26 -95.197284365 43.168663704 270.000000
OBJECT 26 -95.197281341 43.168688523 270.000000
OBJECT 26 -95.197282097 43.168713342 270.000000
OBJECT 26 -95.197282853 43.168760773 270.000000
OBJECT 26 -95.197284365 43.168782834 270.820007
OBJECT 26 -95.197279828 43.168807653 269.279999
OBJECT 26 -95.197282097 43.168858394 270.000000
OBJECT 26 -95.197285122 43.168884315 273.329987
OBJECT 26 -95.197285122 43.168908583 269.179993
OBJECT 27 -95.197674163 43.167916267 311.009369
OBJECT 27 -95.198987739 43.168212595 120.256577
FILTER -1
OBJECT_DEF lib/airport/aircraft/airliners/jet_b_dal.obj
OBJECT_DEF lib/airport/aircraft/cargo/turboprop_c_fdx.obj
OBJECT_DEF lib/airport/aircraft/general_aviation/turboprop_b.obj
OBJECT_DEF lib/airport/aircraft/general_aviation/prop_a.obj
OBJECT_DEF lib/airport/aircraft/general_aviation/turboprop_a.obj
OBJECT_DEF lib/airport/aircraft/general_aviation/jet_a.obj
OBJECT_DEF lib/airport/European_Airports/hangars/25x20x5.obj
OBJECT_DEF lib/g10/US/industrial/light/TinShed10x50.obj
OBJECT_DEF lib/airport/Modern_Airports/Terminal_kit/columns/column_4m_40a.obj
OBJECT_DEF lib/g10/US/suburban/dT-RnchRHGry.obj
OBJECT_DEF lib/airport/Common_Elements/Hangars/Med_Gray_Hangar.agp
OBJECT_DEF lib/airport/Common_Elements/Lighting/Dir_Ramp_Lit_Med.obj
OBJECT_DEF lib/airport/Common_Elements/Lighting/Omni_Parking_Lit.obj
OBJECT_DEF lib/airport/Common_Elements/Lighting/Opposing_Flood_Sm.obj
OBJECT_DEF lib/g10/forests/autogen_tree2.obj
OBJECT_DEF lib/airport/Common_Elements/Fueling_Stations/fuel_station_control_pad.obj
OBJECT_DEF lib/airport/Common_Elements/Fueling_Stations/fuel_station_ground_cable.obj
OBJECT_DEF lib/airport/Common_Elements/Fueling_Stations/fuel_station_box_white_jetA1.obj
OBJECT_DEF lib/airport/Common_Elements/Fueling_Stations/fuel_station_box_white_avgas100LL.obj
OBJECT_DEF lib/airport/Common_Elements/Miscellaneous/Blue_Dumpster.obj
OBJECT_DEF lib/airport/Ramp_Equipment/Stair_Maint_1.obj
OBJECT_DEF lib/airport/Ramp_Equipment/GPU_1.obj
OBJECT_DEF lib/airport/Ramp_Equipment/Air_Start_2.obj
OBJECT_DEF lib/airport/Ramp_Equipment/Tow_Tractor_2.obj
OBJECT_DEF lib/airport/Ramp_Equipment/Tow_Tractor_1.obj
OBJECT_DEF lib/street/various/vending_machine_03.obj
OBJECT_DEF lib/cars/car_static.obj
OBJECT_DEF lib/cars/car.obj
POLYGON_DEF lib/airport/pavement/concrete_5L.pol
POLYGON_DEF lib/airport/pavement/concrete_2L.pol
POLYGON_DEF lib/airport/pavement/concrete_6L.pol
POLYGON_DEF lib/airport/pavement/asphalt_3L.pol
POLYGON_DEF lib/airport/Common_Elements/Fence_Facades/Fence.fac
POLYGON_DEF lib/airport/Common_Elements/Misc_Buildings/Cargo_Terminal.fac
POLYGON_DEF lib/airport/Common_Elements/Misc_Buildings/White_Warehouse.fac
POLYGON_DEF lib/airport/Modern_Airports/Terminal_kit/term_building_Ground_02.fac
POLYGON_DEF lib/airport/Common_Elements/Misc_Buildings/Blue_Warehouse.fac
POLYGON_DEF lib/airport/Modern_Airports/Terminal_kit/term_building_Levels_02.fac
POLYGON_DEF lib/airport/Modern_Airports/Terminal_kit/term_building_Slab_02.fac
PROPERTY sim/filter/aptid KSPW
PROPERTY sim/exclude_net -95.213431/43.170117/-95.210465/43.172301
PROPERTY sim/exclude_net -95.198512/43.167887/-95.197947/43.169157
PROPERTY sim/exclude_net -95.197639/43.167253/-95.196324/43.169112
PROPERTY sim/exclude_net -95.200768/43.172212/-95.200768/43.172212
PROPERTY sim/exclude_net -95.199114/43.168184/-95.198382/43.168705
PROPERTY sim/exclude_net -95.194603/43.165605/-95.193746/43.166151
PROPERTY sim/require_agpoint 1/0
PROPERTY sim/require_object 1/0
PROPERTY sim/require_facade 1/4
PROPERTY sim/require_facade 6/0
