PROPERTY sim/west -180
PROPERTY sim/east 180
PROPERTY sim/north 90
PROPERTY sim/south -90
PROPERTY sim/planet earth
PROPERTY sim/creation_agent WorldEditor1.3.1r1
PROPERTY laminar/internal_revision 0
PROPERTY sim/overlay 1
OBJECT 0 -118.434131429 35.131619704 0.000000
OBJECT 0 -118.434126397 35.131557149 0.000000
OBJECT 0 -118.434184769 35.131487187 0.000000
OBJECT 0 -118.433990531 35.131376070 0.000000
OBJECT 0 -118.433792267 35.131274008 0.000000
OBJECT 0 -118.433645330 35.131427925 0.000000
OBJECT 0 -118.433663446 35.131513526 0.000000
OBJECT 0 -118.433811389 35.131593365 0.000000
OBJECT 0 -118.433817427 35.131646866 0.000000
OBJECT 0 -118.433944236 35.131836176 0.000000
OBJECT 0 -118.433931153 35.131781029 0.000000
OBJECT 0 -118.433974429 35.131730821 0.000000
OBJECT 0 -118.434042865 35.131725059 0.000000
OBJECT 0 -118.438673550 35.134330228 0.000000
OBJECT 0 -118.438693680 35.134366145 0.000000
OBJECT 0 -118.438566500 35.134468657 0.000000
OBJECT 0 -118.438609503 35.134467160 0.000000
OBJECT 0 -118.438752237 35.134570420 0.000000
OBJECT 0 -118.438744917 35.134544231 0.000000
OBJECT 0 -118.438834583 35.134442467 0.000000
OBJECT 0 -118.438863862 35.134435733 0.000000
OBJECT 0 -118.444899434 35.138031353 0.000000
OBJECT 0 -118.445275659 35.138041560 0.000000
OBJECT 0 -118.445412955 35.138111552 0.000000
OBJECT 0 -118.445505674 35.138015314 0.000000
OBJECT 0 -118.445600176 35.137904494 0.000000
OBJECT 0 -118.445434352 35.137814089 0.000000
OBJECT 0 -118.445020682 35.137955530 0.000000
OBJECT 0 -118.445059909 35.137942406 0.000000
OBJECT 0 -118.445102703 35.137942406 0.000000
OBJECT 0 -118.444828112 35.137808257 0.000000
OBJECT 0 -118.444806716 35.137852001 90.000000
OBJECT 0 -118.444746092 35.137933657 0.000000
OBJECT 0 -118.445322018 35.137749931 0.000000
OBJECT 0 -118.445291706 35.137710561 0.000000
OBJECT 0 -118.445311320 35.137660984 0.000000
OBJECT 0 -118.445537767 35.137458301 0.000000
OBJECT 0 -118.445400473 35.137373728 0.000000
OBJECT 0 -118.445191856 35.137590993 0.000000
OBJECT 0 -118.445084873 35.137677023 0.000000
OBJECT 0 -118.445020683 35.137720768 0.000000
OBJECT 0 -118.444933314 35.137691605 0.000000
OBJECT 0 -118.444327076 35.137510794 0.000000
OBJECT 0 -118.444416228 35.137402891 0.000000
OBJECT 0 -118.443809993 35.137217706 0.000000
OBJECT 0 -118.443902711 35.137114178 0.000000
OBJECT 0 -118.443296478 35.136931909 0.000000
OBJECT 0 -118.443390979 35.136819632 0.000000
OBJECT 0 -118.442891730 35.136705896 0.000000
OBJECT 0 -118.443121741 35.136522170 0.000000
OBJECT 0 -118.442991580 35.136511963 0.000000
OBJECT 0 -118.442923825 35.136539667 0.000000
OBJECT 0 -118.442982665 35.136593619 0.000000
OBJECT 0 -118.442451322 35.136463844 0.000000
OBJECT 0 -118.442330076 35.136458011 0.000000
OBJECT 0 -118.442242708 35.136455095 0.000000
OBJECT 0 -118.442201698 35.136501756 0.000000
OBJECT 0 -118.443109259 35.136393853 0.000000
OBJECT 0 -118.442993363 35.136383646 0.000000
OBJECT 0 -118.442759786 35.136357399 0.000000
OBJECT 0 -118.442667069 35.136339901 0.000000
OBJECT 0 -118.442610012 35.136301989 0.000000
OBJECT 0 -118.442675984 35.136211584 0.000000
OBJECT 0 -118.442700946 35.136172214 0.000000
OBJECT 0 -118.442569002 35.136102223 0.000000
OBJECT 0 -118.442547606 35.136141593 0.000000
OBJECT 0 -118.442479851 35.136220333 0.000000
OBJECT 0 -118.441759509 35.136252412 0.000000
OBJECT 0 -118.441868274 35.136256787 0.000000
OBJECT 0 -118.441966340 35.136258245 0.000000
OBJECT 0 -118.441994868 35.136199919 0.000000
OBJECT 0 -118.441966340 35.136180963 0.000000
OBJECT 0 -118.442055491 35.136074518 0.000000
OBJECT 0 -118.441591906 35.135968073 0.000000
OBJECT 0 -118.441684623 35.135863086 0.000000
OBJECT 0 -118.441149719 35.135721646 0.000000
OBJECT 0 -118.441242436 35.135615201 0.000000
OBJECT 0 -118.440862655 35.135572915 0.000000
OBJECT 0 -118.440807381 35.135588955 0.000000
OBJECT 0 -118.440778853 35.135651655 0.000000
OBJECT 0 -118.440791334 35.135698316 0.000000
OBJECT 0 -118.440561327 35.135580206 0.000000
OBJECT 0 -118.440609468 35.135558333 0.000000
OBJECT 0 -118.440654043 35.135505840 0.000000
OBJECT 0 -118.440632647 35.135431475 0.000000
OBJECT 0 -118.439700139 35.134907999 0.000000
OBJECT 0 -118.439610989 35.134854048 0.000000
OBJECT 0 -118.439521840 35.134804471 0.000000
OBJECT 0 -118.439725100 35.134542004 0.000000
OBJECT 0 -118.439730449 35.134597414 0.000000
OBJECT 0 -118.439673394 35.134671779 0.000000
OBJECT 0 -118.439616338 35.134695109 0.000000
OBJECT 0 -118.439197336 35.134622202 0.000000
OBJECT 0 -118.439407728 35.134365568 0.000000
OBJECT 0 -118.439284702 35.134512841 0.000000
OBJECT 0 -118.439088574 35.134181841 0.000000
OBJECT 0 -118.439033302 35.134193506 0.000000
OBJECT 0 -118.438995859 35.134238709 0.000000
OBJECT 0 -118.438958417 35.134283912 0.000000
OBJECT 0 -118.438958417 35.134330572 0.000000
OBJECT 0 -118.438903144 35.134076855 0.000000
OBJECT 0 -118.438906710 35.134119141 0.000000
OBJECT 0 -118.438862135 35.134170176 0.000000
OBJECT 0 -118.438831825 35.134209546 0.000000
OBJECT 0 -118.438765855 35.134222669 0.000000
OBJECT 0 -118.438359336 35.134154136 0.000000
OBJECT 0 -118.438446702 35.134046233 0.000000
OBJECT 0 -118.438575076 35.133891670 0.000000
OBJECT 0 -118.438270187 35.133723983 0.000000
OBJECT 0 -118.438200651 35.133731273 0.000000
OBJECT 0 -118.438159643 35.133777934 0.000000
OBJECT 0 -118.438120418 35.133831886 0.000000
OBJECT 0 -118.438134681 35.133866881 0.000000
OBJECT 0 -118.438043750 35.133974784 0.000000
OBJECT 0 -118.437861887 35.133872714 0.000000
OBJECT 0 -118.437952818 35.133922291 0.000000
OBJECT 0 -118.437945687 35.133763353 0.000000
OBJECT 0 -118.437990261 35.133754604 0.000000
OBJECT 0 -118.438034835 35.133707943 0.000000
OBJECT 0 -118.438075843 35.133662740 0.000000
OBJECT 0 -118.438065146 35.133604414 0.000000
OBJECT 0 -118.437421494 35.133623370 0.000000
OBJECT 0 -118.437510643 35.133515467 0.000000
OBJECT 0 -118.437633667 35.133366736 0.000000
OBJECT 0 -118.436973971 35.133368194 0.000000
OBJECT 0 -118.437059553 35.133263208 0.000000
OBJECT 0 -118.437182577 35.133111560 0.000000
OBJECT 0 -118.436521102 35.133120309 0.000000
OBJECT 0 -118.436736839 35.132860759 0.000000
OBJECT 0 -118.436615598 35.133010948 0.000000
OBJECT 0 -118.436289318 35.132608499 0.000000
OBJECT 0 -118.436694047 35.132300830 0.000000
OBJECT 0 -118.436595985 35.132421856 0.000000
OBJECT 0 -118.436492574 35.132545799 0.000000
OBJECT 0 -118.436449784 35.132553089 0.000000
OBJECT 0 -118.436371334 35.132507887 0.000000
OBJECT 0 -118.436014745 35.132270208 0.000000
OBJECT 0 -118.436045055 35.132325618 0.000000
OBJECT 0 -118.436073582 35.132869508 0.000000
OBJECT 0 -118.436162729 35.132761605 0.000000
OBJECT 0 -118.435629630 35.132615790 0.000000
OBJECT 0 -118.435479862 35.132532675 0.000000
OBJECT 0 -118.435829319 35.132351865 0.000000
OBJECT 0 -118.435772265 35.132378111 0.000000
OBJECT 0 -118.435727691 35.132433521 0.000000
OBJECT 0 -118.435715211 35.132497680 0.000000
OBJECT 0 -118.435604668 35.132147724 0.000000
OBJECT 0 -118.435595754 35.132222090 0.000000
OBJECT 0 -118.435540482 35.132294997 0.000000
OBJECT 0 -118.435483428 35.132324160 0.000000
OBJECT 0 -118.435412111 35.132325618 0.000000
OBJECT 0 -118.435321181 35.132445186 0.000000
OBJECT 0 -118.434989555 35.132101063 0.000000
OBJECT 0 -118.434895059 35.132203134 0.000000
OBJECT 0 -118.434547388 35.131856094 0.000000
OBJECT 0 -118.434468939 35.131965455 0.000000
BEGIN_POLYGON 0 33 2
BEGIN_WINDING
POLYGON_POINT -118.448133985 35.139027300
POLYGON_POINT -118.447933838 35.138474191
POLYGON_POINT -118.447324196 35.138498648
POLYGON_POINT -118.447319595 35.138660442
POLYGON_POINT -118.447117148 35.138675493
END_WINDING
END_POLYGON
BEGIN_POLYGON 0 33 2
BEGIN_WINDING
POLYGON_POINT -118.445436642 35.139372383
POLYGON_POINT -118.445448864 35.138789129
POLYGON_POINT -118.444768254 35.138835789
POLYGON_POINT -118.442286261 35.138835789
POLYGON_POINT -118.432368276 35.133261391
END_WINDING
END_POLYGON
BEGIN_POLYGON 0 33 2
BEGIN_WINDING
POLYGON_POINT -118.443206611 35.136291536
POLYGON_POINT -118.443712334 35.135671165
POLYGON_POINT -118.443565941 35.135498581
POLYGON_POINT -118.443545027 35.135448827
POLYGON_POINT -118.443537423 35.135380415
POLYGON_POINT -118.441478412 35.135385080
POLYGON_POINT -118.441534648 35.135062189
POLYGON_POINT -118.440748072 35.134971473
POLYGON_POINT -118.440765464 35.134618556
POLYGON_POINT -118.440855956 35.134454719
POLYGON_POINT -118.440853345 35.134416268
POLYGON_POINT -118.440654422 35.134312777
POLYGON_POINT -118.440681817 35.133206784
POLYGON_POINT -118.438220090 35.132883064
POLYGON_POINT -118.438250462 35.132208421
POLYGON_POINT -118.436486766 35.132206352
POLYGON_POINT -118.436499985 35.131271107
POLYGON_POINT -118.432414178 35.130711872
POLYGON_POINT -118.432270162 35.130734553
POLYGON_POINT -118.432175625 35.134915713
POLYGON_POINT -118.432479403 35.135015699
POLYGON_POINT -118.432453461 35.135130835
END_WINDING
END_POLYGON
BEGIN_POLYGON 0 33 2
BEGIN_WINDING
POLYGON_POINT -118.443670804 35.135722110
POLYGON_POINT -118.443907947 35.135864133
POLYGON_POINT -118.444164427 35.135905214
POLYGON_POINT -118.445689910 35.135911486
END_WINDING
END_POLYGON
BEGIN_POLYGON 0 33 2
BEGIN_WINDING
POLYGON_POINT -118.447324196 35.138498648
POLYGON_POINT -118.447336851 35.136628416
POLYGON_POINT -118.446460015 35.136637521
POLYGON_POINT -118.446451664 35.136660285
POLYGON_POINT -118.446056393 35.136630692
POLYGON_POINT -118.445916930 35.136518001
END_WINDING
END_POLYGON
OBJECT 1 -118.438875859 35.133679752 304.720001
OBJECT 1 -118.438959937 35.133585624 302.080017
OBJECT 1 -118.439040527 35.133483381 301.049988
OBJECT 1 -118.439334889 35.133511478 300.549988
OBJECT 1 -118.439302143 35.133908818 303.089996
OBJECT 1 -118.439465863 35.133728408 304.399994
OBJECT 1 -118.439684011 35.133838299 302.080017
OBJECT 1 -118.439606429 35.133934899 302.010010
OBJECT 1 -118.439517825 35.134036748 303.230011
OBJECT 1 -118.439743025 35.134162084 302.440002
OBJECT 1 -118.439825599 35.134061857 303.510010
OBJECT 1 -118.439899453 35.133963574 301.640015
OBJECT 1 -118.439975051 35.133869962 304.239990
OBJECT 1 -118.440057310 35.133769342 301.200012
OBJECT 1 -118.445708659 35.137613848 219.039993
OBJECT 1 -118.445812364 35.137693516 220.710007
OBJECT 2 -118.446010346 35.137773184 274.419983
OBJECT 3 -118.440661741 35.134343635 0.000000
OBJECT 3 -118.440736017 35.134384521 0.000000
OBJECT 3 -118.440825926 35.134432492 0.000000
OBJECT 3 -118.437978182 35.132339242 0.000000
OBJECT 3 -118.438019589 35.132250820 0.000000
OBJECT 3 -118.437906870 35.132239532 0.000000
OBJECT 3 -118.437835558 35.132346767 0.000000
OBJECT 3 -118.437755045 35.132248938 0.000000
OBJECT 3 -118.437686034 35.132322310 0.000000
OBJECT 3 -118.437626224 35.132256464 0.000000
OBJECT 3 -118.437495102 35.132245176 0.000000
OBJECT 3 -118.437550311 35.132324191 0.000000
OBJECT 3 -118.437488201 35.132410732 0.000000
OBJECT 3 -118.437591718 35.132405088 0.000000
OBJECT 3 -118.437761946 35.132416376 0.000000
OBJECT 3 -118.437881566 35.132418258 0.000000
OBJECT 3 -118.438033391 35.132423902 0.000000
OBJECT 3 -118.438173714 35.132425783 0.000000
OBJECT 3 -118.438113904 35.132527375 0.000000
OBJECT 3 -118.438001186 35.132523612 0.000000
OBJECT 3 -118.437863163 35.132514205 0.000000
OBJECT 3 -118.437727441 35.132519849 0.000000
OBJECT 3 -118.437552612 35.132514205 0.000000
OBJECT 3 -118.437435292 35.132519849 0.000000
OBJECT 3 -118.437619323 35.132621441 0.000000
OBJECT 3 -118.437768847 35.132615797 0.000000
OBJECT 3 -118.437927574 35.132638373 0.000000
OBJECT 3 -118.437833258 35.132747490 0.000000
OBJECT 3 -118.438173714 35.132638373 0.000000
OBJECT 3 -118.437985083 35.132736202 0.000000
OBJECT 4 -118.440864685 35.135012033 4.970000
OBJECT 4 -118.440894073 35.135014941 8.190000
OBJECT 4 -118.440976198 35.135070280 7.940000
OBJECT 4 -118.441035966 35.135076071 8.240000
OBJECT 4 -118.441065789 35.135081093 7.630000
OBJECT 4 -118.441122818 35.135085584 8.190000
OBJECT 4 -118.441185685 35.135093465 8.550000
OBJECT 4 -118.441274470 35.135102810 6.950000
OBJECT 5 -118.440887778 35.135064667 7.430000
OBJECT 6 -118.440933010 35.135045582 276.959991
OBJECT 6 -118.441169837 35.135070008 277.330017
OBJECT 7 -118.440518949 35.133476405 0.460000
OBJECT 7 -118.440308092 35.133315270 100.510002
OBJECT 7 -118.439302202 35.133162615 99.940002
OBJECT 8 -118.443104163 35.135578868 125.019997
OBJECT 9 -118.443278998 35.135548767 213.139999
OBJECT 8 -118.443833335 35.135945832 124.839996
OBJECT 8 -118.443275988 35.136201284 123.690002
OBJECT 10 -118.442415351 35.135506790 303.529999
OBJECT 10 -118.442273694 35.135682867 304.190002
OBJECT 11 -118.445982880 35.137606636 223.000000
OBJECT 8 -118.445714643 35.137242411 313.619995
OBJECT 8 -118.445889250 35.137093410 313.309998
OBJECT 8 -118.446276422 35.137033396 9.260000
OBJECT 8 -118.446595269 35.137087202 8.790000
OBJECT 8 -118.447088724 35.136847145 192.089996
OBJECT 8 -118.446835670 35.136809894 187.669998
OBJECT 8 -118.446582617 35.136785061 185.910004
OBJECT 7 -118.445005384 35.136763727 285.029999
OBJECT 7 -118.444849502 35.136734134 105.180000
OBJECT 12 -118.435689105 35.131600234 118.589996
OBJECT 12 -118.435965242 35.131537685 270.750000
OBJECT 10 -118.441948568 35.135574155 212.500000
OBJECT 8 -118.445604852 35.137159690 132.259995
OBJECT 13 -118.440410298 35.134426693 211.590637
OBJECT 14 -118.440648267 35.134466157 211.460007
OBJECT 15 -118.445854699 35.136518408 90.521759
OBJECT 15 -118.444020342 35.136279258 359.315277
OBJECT 15 -118.444627291 35.136402900 14.870320
OBJECT 15 -118.444619042 35.135990295 0.861501
OBJECT 15 -118.445110256 35.135990295 0.861501
OBJECT 15 -118.445608078 35.135990295 0.861501
OBJECT 15 -118.445191758 35.136525311 14.870320
OBJECT 15 -118.445857006 35.136666405 14.870320
OBJECT 16 -118.441316171 35.135080931 97.594666
OBJECT 17 -118.438746295 35.133407503 304.854370
OBJECT 17 -118.438506326 35.133284465 304.854370
OBJECT_DEF lib/airport/lights/slow/taxi_edge.obj
OBJECT_DEF lib/airport/aircraft/GA/Cessna_172.obj
OBJECT_DEF lib/airport/aircraft/GA/KingAirC90B.obj
OBJECT_DEF lib/airport/Common_Elements/Miscellaneous/Tree.obj
OBJECT_DEF lib/cars/car.obj
OBJECT_DEF lib/cars/police_car.obj
OBJECT_DEF lib/airport/Common_Elements/Parking/10_Spaces_dual.obj
OBJECT_DEF lib/airport/Common_Elements/Hangars/Long_Row_Beige.agp
OBJECT_DEF lib/airport/Common_Elements/Hangars/Sm_Gray_Hangar.agp
OBJECT_DEF lib/airport/Common_Elements/Hangars/Sm_Orange_Hangar.agp
OBJECT_DEF lib/airport/Common_Elements/Hangars/Sm_Brown_Hangar.agp
OBJECT_DEF lib/airport/Common_Elements/Hangars/Med_Gray_Hangar.agp
OBJECT_DEF lib/airport/Common_Elements/Hangars/Med_Blue_Hangar.agp
OBJECT_DEF lib/airport/Common_Elements/Fueling_Stations/2_horiz_tanks.agp
OBJECT_DEF lib/airport/Vintage_Airports/Terminals/Admin_Bldg.obj
OBJECT_DEF lib/g10/US/industrial/light/StorSml1p1.obj
OBJECT_DEF lib/g10/US/suburban/dT-RnchRHGry.obj
OBJECT_DEF lib/g10/US/industrial/light/StorSml1p2.obj
POLYGON_DEF lib/airport/Common_Elements/Fence_Facades/Fence.fac
PROPERTY sim/require_agpoint 1/0
PROPERTY sim/require_object 1/0
PROPERTY sim/require_facade 1/0
