PROPERTY sim/west -180
PROPERTY sim/east 180
PROPERTY sim/north 90
PROPERTY sim/south -90
PROPERTY sim/planet earth
PROPERTY sim/creation_agent WorldEditor1.6.0r1
PROPERTY laminar/internal_revision 0
PROPERTY sim/overlay 1
FILTER 0
BEGIN_POLYGON 0 0 4
BEGIN_WINDING
POLYGON_POINT 27.515056753 42.563859949 27.515056753 42.563859949
POLYGON_POINT 27.518082366 42.565866246 27.518111707 42.565863845
POLYGON_POINT 27.518129363 42.565852063 27.518129363 42.565852063
POLYGON_POINT 27.518188045 42.565805242 27.518188045 42.565805242
POLYGON_POINT 27.518209236 42.565757220 27.518207606 42.565721203
POLYGON_POINT 27.518147294 42.565703195 27.518147294 42.565703195
POLYGON_POINT 27.518215756 42.565650371 27.518215756 42.565650371
POLYGON_POINT 27.518322639 42.565667908 27.518372073 42.565663420
POLYGON_POINT 27.518390173 42.565649170 27.518390173 42.565649170
POLYGON_POINT 27.518545028 42.565520711 27.518545028 42.565520711
POLYGON_POINT 27.518591200 42.565549358 27.518591200 42.565549358
POLYGON_POINT 27.518188583 42.565885879 27.518188583 42.565885879
POLYGON_POINT 27.518168959 42.565925826 27.518169566 42.565943494
POLYGON_POINT 27.518194017 42.565958912 27.518194017 42.565958912
POLYGON_POINT 27.518513239 42.566164006 27.518513239 42.566164006
POLYGON_POINT 27.518424944 42.566229036 27.518424944 42.566229036
POLYGON_POINT 27.518172772 42.566064350 27.518172772 42.566064350
POLYGON_POINT 27.518123666 42.566051882 27.518100554 42.566055568
POLYGON_POINT 27.518087872 42.566065044 27.518087872 42.566065044
POLYGON_POINT 27.517369864 42.566681260 27.517369864 42.566681260
POLYGON_POINT 27.517644426 42.566859540 27.517644426 42.566859540
POLYGON_POINT 27.518528234 42.567026038 27.518528234 42.567026038
POLYGON_POINT 27.518176416 42.567271620 27.518176416 42.567271620
POLYGON_POINT 27.517166513 42.566629941 27.517166513 42.566629941
POLYGON_POINT 27.517957928 42.565987747 27.517957928 42.565987747
POLYGON_POINT 27.517974229 42.565955250 27.517970154 42.565935241
POLYGON_POINT 27.517960645 42.565931721 27.517960645 42.565931721
POLYGON_POINT 27.514965557 42.563932915 27.514965557 42.563932915
END_WINDING
END_POLYGON
BEGIN_POLYGON 1 0 4
BEGIN_WINDING
POLYGON_POINT 27.517666212 42.566288078 27.517666212 42.566288078
POLYGON_POINT 27.518031097 42.565998593 27.518031097 42.565998593
POLYGON_POINT 27.518059921 42.565996663 27.518071713 42.566004383
POLYGON_POINT 27.518059921 42.566020787 27.518059921 42.566020787
POLYGON_POINT 27.517703552 42.566305447 27.517703552 42.566305447
POLYGON_POINT 27.517670797 42.566308342 27.517657695 42.566300140
END_WINDING
BEGIN_WINDING
POLYGON_POINT 27.517689307 42.566307231 27.517689307 42.566307231
POLYGON_POINT 27.517682436 42.566280527 27.517682436 42.566280527
POLYGON_POINT 27.517673311 42.566288235 27.517673311 42.566288235
POLYGON_POINT 27.517679268 42.566307915 27.517679268 42.566307915
END_WINDING
BEGIN_WINDING
POLYGON_POINT 27.517698311 42.566303517 27.517698311 42.566303517
POLYGON_POINT 27.517708396 42.566296067 27.517708396 42.566296067
POLYGON_POINT 27.517700839 42.566264729 27.517700839 42.566264729
POLYGON_POINT 27.517690358 42.566273795 27.517690358 42.566273795
END_WINDING
BEGIN_WINDING
POLYGON_POINT 27.517716684 42.566289537 27.517716684 42.566289537
POLYGON_POINT 27.517727927 42.566279057 27.517727927 42.566279057
POLYGON_POINT 27.517720736 42.566249379 27.517720736 42.566249379
POLYGON_POINT 27.517710437 42.566257671 27.517710437 42.566257671
END_WINDING
BEGIN_WINDING
POLYGON_POINT 27.517736077 42.566273256 27.517736077 42.566273256
POLYGON_POINT 27.517746010 42.566265537 27.517746010 42.566265537
POLYGON_POINT 27.517738819 42.566235836 27.517738819 42.566235836
POLYGON_POINT 27.517729069 42.566243993 27.517729069 42.566243993
END_WINDING
BEGIN_WINDING
POLYGON_POINT 27.517755501 42.566258513 27.517755501 42.566258513
POLYGON_POINT 27.517766318 42.566248403 27.517766318 42.566248403
POLYGON_POINT 27.517760148 42.566219791 27.517760148 42.566219791
POLYGON_POINT 27.517749164 42.566229800 27.517749164 42.566229800
END_WINDING
BEGIN_WINDING
POLYGON_POINT 27.517776617 42.566241907 27.517776617 42.566241907
POLYGON_POINT 27.517789429 42.566230911 27.517789429 42.566230911
POLYGON_POINT 27.517782086 42.566202523 27.517782086 42.566202523
POLYGON_POINT 27.517770705 42.566212521 27.517770705 42.566212521
END_WINDING
BEGIN_WINDING
POLYGON_POINT 27.517799438 42.566222967 27.517799438 42.566222967
POLYGON_POINT 27.517812037 42.566211814 27.517812037 42.566211814
POLYGON_POINT 27.517806416 42.566183347 27.517806416 42.566183347
POLYGON_POINT 27.517792034 42.566195196 27.517792034 42.566195196
END_WINDING
BEGIN_WINDING
POLYGON_POINT 27.517833290 42.566193659 27.517833290 42.566193659
POLYGON_POINT 27.517824682 42.566169266 27.517824682 42.566169266
POLYGON_POINT 27.517814551 42.566176862 27.517814551 42.566176862
POLYGON_POINT 27.517821666 42.566204790 27.517821666 42.566204790
END_WINDING
BEGIN_WINDING
POLYGON_POINT 27.517842019 42.566186343 27.517842019 42.566186343
POLYGON_POINT 27.517854527 42.566176066 27.517854527 42.566176066
POLYGON_POINT 27.517845782 42.566152660 27.517845782 42.566152660
POLYGON_POINT 27.517833655 42.566162253 27.517833655 42.566162253
END_WINDING
BEGIN_WINDING
POLYGON_POINT 27.517864765 42.566168974 27.517864765 42.566168974
POLYGON_POINT 27.517878948 42.566158326 27.517878948 42.566158326
POLYGON_POINT 27.517868436 42.566133686 27.517868436 42.566133686
POLYGON_POINT 27.517854847 42.566144649 27.517854847 42.566144649
END_WINDING
BEGIN_WINDING
POLYGON_POINT 27.517887556 42.566152391 27.517887556 42.566152391
POLYGON_POINT 27.517899622 42.566143616 27.517899622 42.566143616
POLYGON_POINT 27.517892035 42.566118303 27.517892035 42.566118303
POLYGON_POINT 27.517879496 42.566127515 27.517879496 42.566127515
END_WINDING
BEGIN_WINDING
POLYGON_POINT 27.518046822 42.566027180 27.518046822 42.566027180
POLYGON_POINT 27.518055585 42.566020327 27.518055585 42.566020327
POLYGON_POINT 27.518052678 42.565996241 27.518052678 42.565996241
POLYGON_POINT 27.518043401 42.565996903 27.518043401 42.565996903
END_WINDING
BEGIN_WINDING
POLYGON_POINT 27.518032349 42.566038027 27.518032349 42.566038027
POLYGON_POINT 27.518041112 42.566031174 27.518041112 42.566031174
POLYGON_POINT 27.518037062 42.565999607 27.518037062 42.565999607
POLYGON_POINT 27.518028038 42.566006534 27.518028038 42.566006534
END_WINDING
BEGIN_WINDING
POLYGON_POINT 27.518017748 42.566049061 27.518017748 42.566049061
POLYGON_POINT 27.518026511 42.566042208 27.518026511 42.566042208
POLYGON_POINT 27.518022715 42.566009986 27.518022715 42.566009986
POLYGON_POINT 27.518013438 42.566017568 27.518013438 42.566017568
END_WINDING
BEGIN_WINDING
POLYGON_POINT 27.518004036 42.566059814 27.518004036 42.566059814
POLYGON_POINT 27.518012799 42.566052961 27.518012799 42.566052961
POLYGON_POINT 27.518009003 42.566020740 27.518009003 42.566020740
POLYGON_POINT 27.517999726 42.566028322 27.517999726 42.566028322
END_WINDING
BEGIN_WINDING
POLYGON_POINT 27.517989436 42.566070942 27.517989436 42.566070942
POLYGON_POINT 27.517998199 42.566064089 27.517998199 42.566064089
POLYGON_POINT 27.517994403 42.566031867 27.517994403 42.566031867
POLYGON_POINT 27.517985125 42.566039449 27.517985125 42.566039449
END_WINDING
BEGIN_WINDING
POLYGON_POINT 27.517975216 42.566083939 27.517975216 42.566083939
POLYGON_POINT 27.517983979 42.566077086 27.517983979 42.566077086
POLYGON_POINT 27.517980183 42.566044864 27.517980183 42.566044864
POLYGON_POINT 27.517970906 42.566052446 27.517970906 42.566052446
END_WINDING
BEGIN_WINDING
POLYGON_POINT 27.517960489 42.566094599 27.517960489 42.566094599
POLYGON_POINT 27.517969252 42.566087746 27.517969252 42.566087746
POLYGON_POINT 27.517965455 42.566055524 27.517965455 42.566055524
POLYGON_POINT 27.517956178 42.566063106 27.517956178 42.566063106
END_WINDING
BEGIN_WINDING
POLYGON_POINT 27.517947412 42.566105259 27.517947412 42.566105259
POLYGON_POINT 27.517956174 42.566098406 27.517956174 42.566098406
POLYGON_POINT 27.517952378 42.566066184 27.517952378 42.566066184
POLYGON_POINT 27.517943101 42.566073766 27.517943101 42.566073766
END_WINDING
BEGIN_WINDING
POLYGON_POINT 27.517933065 42.566117227 27.517933065 42.566117227
POLYGON_POINT 27.517941828 42.566110374 27.517941828 42.566110374
POLYGON_POINT 27.517938032 42.566078153 27.517938032 42.566078153
POLYGON_POINT 27.517928755 42.566085735 27.517928755 42.566085735
END_WINDING
BEGIN_WINDING
POLYGON_POINT 27.517916433 42.566129439 27.517916433 42.566129439
POLYGON_POINT 27.517925196 42.566122586 27.517925196 42.566122586
POLYGON_POINT 27.517921400 42.566090365 27.517921400 42.566090365
POLYGON_POINT 27.517912123 42.566097947 27.517912123 42.566097947
END_WINDING
END_POLYGON
BEGIN_POLYGON 2 0 2
BEGIN_WINDING
POLYGON_POINT 27.512646495 42.562069821
POLYGON_POINT 27.513214252 42.561612552
POLYGON_POINT 27.513829765 42.562028784
POLYGON_POINT 27.513272620 42.562478236
END_WINDING
END_POLYGON
BEGIN_POLYGON 3 47 2
BEGIN_WINDING
POLYGON_POINT 27.513259401 42.561484211
POLYGON_POINT 27.513308631 42.561440717
POLYGON_POINT 27.513998907 42.561909467
POLYGON_POINT 27.513950705 42.561947780
END_WINDING
END_POLYGON
BEGIN_POLYGON 0 49 4
BEGIN_WINDING
POLYGON_POINT 27.512641863 42.563109487 27.512641863 42.563109487
POLYGON_POINT 27.513179054 42.562664157 27.513179054 42.562664157
POLYGON_POINT 27.513265389 42.562614236 27.513318642 42.562597002
POLYGON_POINT 27.513365687 42.562594344 27.513365687 42.562594344
POLYGON_POINT 27.513439739 42.562582012 27.513463945 42.562565966
POLYGON_POINT 27.513484856 42.562550647 27.513484856 42.562550647
POLYGON_POINT 27.514227975 42.561943282 27.514227975 42.561943282
POLYGON_POINT 27.514294944 42.561852949 27.514344386 42.561771746
POLYGON_POINT 27.514282661 42.561721000 27.514282661 42.561721000
POLYGON_POINT 27.514261862 42.561712697 27.514248952 42.561716857
POLYGON_POINT 27.514252986 42.561739440 27.514252986 42.561739440
POLYGON_POINT 27.514193279 42.561852949 27.514130232 42.561905016
POLYGON_POINT 27.514011917 42.561988827 27.514011917 42.561988827
POLYGON_POINT 27.513950705 42.561947780 27.513950705 42.561947780
POLYGON_POINT 27.513259401 42.561484211 27.513259401 42.561484211
POLYGON_POINT 27.513308631 42.561440717 27.513308631 42.561440717
POLYGON_POINT 27.513557208 42.561120676 27.513557208 42.561120676
POLYGON_POINT 27.513640909 42.560999444 27.513640909 42.560999444
POLYGON_POINT 27.513671553 42.561079150 27.513689957 42.561102581
POLYGON_POINT 27.514374919 42.561639019 27.514374919 42.561639019
POLYGON_POINT 27.514409897 42.561815565 27.514377312 42.561925828
POLYGON_POINT 27.514310095 42.561979605 27.514310095 42.561979605
POLYGON_POINT 27.513682076 42.562494626 27.513682076 42.562494626
POLYGON_POINT 27.513641631 42.562571350 27.513632666 42.562625827
POLYGON_POINT 27.513646648 42.562641399 27.513646648 42.562641399
POLYGON_POINT 27.513549272 42.562709559 27.513549272 42.562709559
POLYGON_POINT 27.513412371 42.562689825 27.513349476 42.562690279
POLYGON_POINT 27.513297873 42.562732553 27.513297873 42.562732553
POLYGON_POINT 27.513090408 42.562895220 27.513090408 42.562895220
POLYGON_POINT 27.512742036 42.563175721 27.512742036 42.563175721
END_WINDING
BEGIN_WINDING
POLYGON_POINT 27.513961129 42.561734965 27.513961129 42.561734965
POLYGON_POINT 27.513961129 42.561734965 27.513961562 42.561799279
POLYGON_POINT 27.514046278 42.561800893 27.514046278 42.561800893
POLYGON_POINT 27.514142530 42.561739613 27.514154945 42.561674655
POLYGON_POINT 27.514050013 42.561671191 27.514050013 42.561671191
POLYGON_POINT 27.513961129 42.561734965 27.513961562 42.561799279
END_WINDING
END_POLYGON
BEGIN_POLYGON 4 0 4
BEGIN_WINDING
POLYGON_POINT 27.510855434 42.562807462 27.510855434 42.562807462
POLYGON_POINT 27.511439284 42.562314348 27.511439284 42.562314348
POLYGON_POINT 27.512641863 42.563109487 27.512641863 42.563109487
POLYGON_POINT 27.512742036 42.563175721 27.512742036 42.563175721
POLYGON_POINT 27.513462381 42.563652010 27.513462381 42.563652010
POLYGON_POINT 27.513528632 42.563592987 27.513528632 42.563592987
POLYGON_POINT 27.514387016 42.564169169 27.514387016 42.564169169
POLYGON_POINT 27.514323681 42.564221498 27.514323681 42.564221498
POLYGON_POINT 27.514387510 42.564263701 27.514387510 42.564263701
POLYGON_POINT 27.515398433 42.563418669 27.515398433 42.563418669
POLYGON_POINT 27.515510500 42.563489482 27.515510500 42.563489482
POLYGON_POINT 27.514562282 42.564291849 27.514562282 42.564291849
POLYGON_POINT 27.514540653 42.564333306 27.514540824 42.564353597
POLYGON_POINT 27.514559715 42.564380932 27.514559715 42.564380932
POLYGON_POINT 27.514595324 42.564436957 27.514600321 42.564457342
POLYGON_POINT 27.514585349 42.564595997 27.514585349 42.564595997
POLYGON_POINT 27.514394747 42.564752372 27.514394747 42.564752372
POLYGON_POINT 27.514327192 42.564711501 27.514327192 42.564711501
POLYGON_POINT 27.514267824 42.564796368 27.514257481 42.564850548
POLYGON_POINT 27.514295827 42.564895419 27.514295827 42.564895419
POLYGON_POINT 27.514452651 42.565002927 27.514452651 42.565002927
POLYGON_POINT 27.514505730 42.565014477 27.514534143 42.565014351
POLYGON_POINT 27.514564841 42.564995819 27.514564841 42.564995819
POLYGON_POINT 27.514655317 42.564921186 27.514655317 42.564921186
POLYGON_POINT 27.514719253 42.564964722 27.514719253 42.564964722
POLYGON_POINT 27.514645666 42.565030470 27.514645666 42.565030470
POLYGON_POINT 27.514662102 42.565086111 27.514704495 42.565112211
POLYGON_POINT 27.514748206 42.565084668 27.514748206 42.565084668
POLYGON_POINT 27.514816968 42.565034024 27.514816968 42.565034024
POLYGON_POINT 27.516724220 42.566301903 27.516724220 42.566301903
POLYGON_POINT 27.516864975 42.566454093 27.516864975 42.566454093
POLYGON_POINT 27.516615099 42.566389432 27.516615099 42.566389432
POLYGON_POINT 27.514889260 42.565283849 27.514889260 42.565283849
POLYGON_POINT 27.514715632 42.565424961 27.514715632 42.565424961
POLYGON_POINT 27.514621007 42.565469661 27.514565815 42.565492505
POLYGON_POINT 27.514621007 42.565469661 27.514621007 42.565469661
POLYGON_POINT 27.514621007 42.565469661 27.514594389 42.565480678
POLYGON_POINT 27.514532812 42.565501061 27.514501518 42.565510197
POLYGON_POINT 27.514532812 42.565501061 27.514532812 42.565501061
POLYGON_POINT 27.514532812 42.565501061 27.514520944 42.565504526
POLYGON_POINT 27.514496918 42.565510416 27.514484905 42.565513146
POLYGON_POINT 27.514496918 42.565510416 27.514496918 42.565510416
POLYGON_POINT 27.514496918 42.565510416 27.514387545 42.565535268
POLYGON_POINT 27.514240330 42.565530692 27.514240330 42.565530692
POLYGON_POINT 27.514050933 42.565413411 27.514050933 42.565413411
POLYGON_POINT 27.514028012 42.565432069 27.514028012 42.565432069
POLYGON_POINT 27.513952013 42.565387644 27.513952013 42.565387644
POLYGON_POINT 27.513977346 42.565362766 27.513977346 42.565362766
POLYGON_POINT 27.513842235 42.565274806 27.513842235 42.565274806
POLYGON_POINT 27.513855505 42.565251705 27.513855505 42.565251705
POLYGON_POINT 27.513859124 42.564971830 27.513859124 42.564971830
POLYGON_POINT 27.514096331 42.564775894 27.514096331 42.564775894
POLYGON_POINT 27.514481071 42.564455017 27.514481071 42.564455017
POLYGON_POINT 27.514158450 42.564240691 27.514158450 42.564240691
POLYGON_POINT 27.511443487 42.562437067 27.511443487 42.562437067
POLYGON_POINT 27.510937088 42.562862890 27.510937088 42.562862890
END_WINDING
END_POLYGON
BEGIN_POLYGON 5 0 2
BEGIN_WINDING
POLYGON_POINT 27.514621007 42.565469661
POLYGON_POINT 27.515692997 42.566166087
POLYGON_POINT 27.515631643 42.566215667
POLYGON_POINT 27.514532812 42.565501061
END_WINDING
END_POLYGON
BEGIN_POLYGON 4 0 4
BEGIN_WINDING
POLYGON_POINT 27.519875830 42.570072301 27.519875830 42.570072301
POLYGON_POINT 27.519813192 42.570103668 27.519776329 42.570115291
POLYGON_POINT 27.519735382 42.570122363 27.519735382 42.570122363
POLYGON_POINT 27.518776276 42.570253226 27.518776276 42.570253226
POLYGON_POINT 27.518363825 42.570239244 27.518114918 42.570197283
POLYGON_POINT 27.518034858 42.570124106 27.518034858 42.570124106
POLYGON_POINT 27.515473293 42.568208095 27.515473293 42.568208095
POLYGON_POINT 27.515675692 42.568250251 27.515675692 42.568250251
POLYGON_POINT 27.518078823 42.570067864 27.518078823 42.570067864
POLYGON_POINT 27.518363574 42.570167840 27.518532438 42.570187348
POLYGON_POINT 27.518747657 42.570150284 27.518747657 42.570150284
POLYGON_POINT 27.518761191 42.570221254 27.518761191 42.570221254
END_WINDING
END_POLYGON
BEGIN_POLYGON 4 0 4
BEGIN_WINDING
POLYGON_POINT 27.520199352 42.569743407 27.520199352 42.569743407
POLYGON_POINT 27.520356128 42.569627006 27.520356128 42.569627006
POLYGON_POINT 27.520393433 42.569566192 27.520399150 42.569531615
POLYGON_POINT 27.520358512 42.569502353 27.520358512 42.569502353
POLYGON_POINT 27.519886494 42.569096207 27.519886494 42.569096207
POLYGON_POINT 27.519856717 42.569040773 27.519856717 42.569009561
POLYGON_POINT 27.519882521 42.568980917 27.519882521 42.568980917
POLYGON_POINT 27.520007534 42.568804527 27.520007534 42.568804527
POLYGON_POINT 27.520231742 42.568641414 27.520231742 42.568641414
POLYGON_POINT 27.519980261 42.569005497 27.519980261 42.569005497
POLYGON_POINT 27.519967547 42.569039927 27.519970041 42.569051014
POLYGON_POINT 27.519981056 42.569064019 27.519981056 42.569064019
POLYGON_POINT 27.520457047 42.569478359 27.520457047 42.569478359
POLYGON_POINT 27.520493600 42.569567313 27.520491547 42.569618910
POLYGON_POINT 27.520430029 42.569676750 27.520430029 42.569676750
POLYGON_POINT 27.520265623 42.569801307 27.520265623 42.569801307
END_WINDING
END_POLYGON
BEGIN_POLYGON 4 0 2
BEGIN_WINDING
POLYGON_POINT 27.520977859 42.567782147
POLYGON_POINT 27.520838274 42.567875633
POLYGON_POINT 27.520798087 42.567845672
POLYGON_POINT 27.520761851 42.567874194
POLYGON_POINT 27.520303085 42.567532710
POLYGON_POINT 27.519486743 42.568129842
POLYGON_POINT 27.518176416 42.567271620
POLYGON_POINT 27.518528234 42.567026038
POLYGON_POINT 27.519578208 42.566490006
POLYGON_POINT 27.520661842 42.567159415
POLYGON_POINT 27.520986442 42.567280768
POLYGON_POINT 27.521213827 42.567771031
POLYGON_POINT 27.521079164 42.567861731
END_WINDING
END_POLYGON
BEGIN_POLYGON 6 0 2
BEGIN_WINDING
POLYGON_POINT 27.513878917 42.566682058
POLYGON_POINT 27.513779865 42.566758163
POLYGON_POINT 27.513729226 42.566797071
POLYGON_POINT 27.513678863 42.566815852
POLYGON_POINT 27.513687151 42.566760449
POLYGON_POINT 27.513594713 42.566701760
POLYGON_POINT 27.513638474 42.566664318
POLYGON_POINT 27.513736238 42.566729461
POLYGON_POINT 27.513824862 42.566647277
END_WINDING
END_POLYGON
BEGIN_POLYGON 7 0 2
BEGIN_WINDING
POLYGON_POINT 27.513687151 42.566760449
POLYGON_POINT 27.513678863 42.566815852
POLYGON_POINT 27.513729226 42.566797071
POLYGON_POINT 27.513779865 42.566758163
POLYGON_POINT 27.514267913 42.567101316
POLYGON_POINT 27.514312538 42.567130426
POLYGON_POINT 27.514500939 42.567249442
POLYGON_POINT 27.514668394 42.567359512
POLYGON_POINT 27.514788046 42.567266004
POLYGON_POINT 27.514814669 42.567284259
POLYGON_POINT 27.514713688 42.567372828
POLYGON_POINT 27.514579660 42.567478299
POLYGON_POINT 27.514334878 42.567317244
POLYGON_POINT 27.514151870 42.567307922
POLYGON_POINT 27.513432631 42.566833535
POLYGON_POINT 27.513594713 42.566701760
END_WINDING
END_POLYGON
BEGIN_POLYGON 6 0 2
BEGIN_WINDING
POLYGON_POINT 27.514435060 42.567039900
POLYGON_POINT 27.514312538 42.567130426
POLYGON_POINT 27.514267913 42.567101316
POLYGON_POINT 27.514382817 42.567006285
END_WINDING
END_POLYGON
BEGIN_POLYGON 4 0 4
BEGIN_WINDING
POLYGON_POINT 27.513539040 42.566463216 27.513539040 42.566463216
POLYGON_POINT 27.513586172 42.566422577 27.513586172 42.566422577
POLYGON_POINT 27.515074045 42.567386115 27.515074045 42.567386115
POLYGON_POINT 27.515148192 42.567438297 27.515207509 42.567480770
POLYGON_POINT 27.515226936 42.567549420 27.515226936 42.567549420
POLYGON_POINT 27.514814601 42.567284109 27.514814601 42.567284109
POLYGON_POINT 27.514787300 42.567266543 27.514787300 42.567266543
POLYGON_POINT 27.514435060 42.567039900 27.514435060 42.567039900
POLYGON_POINT 27.514382817 42.567006285 27.514382817 42.567006285
POLYGON_POINT 27.513878917 42.566682058 27.513878917 42.566682058
POLYGON_POINT 27.513824862 42.566647277 27.513824862 42.566647277
POLYGON_POINT 27.513564743 42.566479908 27.513564743 42.566479908
END_WINDING
END_POLYGON
BEGIN_POLYGON 8 47 2
BEGIN_WINDING
POLYGON_POINT 27.510413007 42.563029854
POLYGON_POINT 27.510452410 42.562996315
POLYGON_POINT 27.510508902 42.563033666
POLYGON_POINT 27.510551888 42.563000619
POLYGON_POINT 27.510635134 42.563056863
POLYGON_POINT 27.510719548 42.562989714
POLYGON_POINT 27.510756690 42.563014584
POLYGON_POINT 27.511443487 42.562437067
POLYGON_POINT 27.514158450 42.564240691
POLYGON_POINT 27.514029502 42.564344707
POLYGON_POINT 27.512890893 42.563593542
POLYGON_POINT 27.512163625 42.564193225
END_WINDING
END_POLYGON
BEGIN_POLYGON 9 0 4
BEGIN_WINDING
POLYGON_POINT 27.525178426 42.576528524 27.525178426 42.576528524
POLYGON_POINT 27.525849050 42.576536217 27.525849050 42.576536217
POLYGON_POINT 27.526515458 42.576226961 27.526717317 42.575926475
POLYGON_POINT 27.526408552 42.575631771 27.526408552 42.575631771
POLYGON_POINT 27.526854284 42.576020982 27.526854284 42.576020982
POLYGON_POINT 27.526508679 42.576495738 27.526194256 42.576664129
POLYGON_POINT 27.525849049 42.576664129 27.525849049 42.576664129
POLYGON_POINT 27.525176226 42.576656034 27.525176226 42.576656034
END_WINDING
END_POLYGON
BEGIN_POLYGON 9 47 4
BEGIN_WINDING
POLYGON_POINT 27.516769688 42.567565423 27.516769688 42.567565423
POLYGON_POINT 27.516258687 42.567512536 27.516068741 42.567545567
POLYGON_POINT 27.515894598 42.567643577 27.515894598 42.567643577
POLYGON_POINT 27.514315432 42.568833107 27.514315432 42.568833107
POLYGON_POINT 27.514107015 42.568674377 27.514107015 42.568674377
POLYGON_POINT 27.515683034 42.567510699 27.515683034 42.567510699
POLYGON_POINT 27.515843180 42.567203843 27.515864803 42.566992205
POLYGON_POINT 27.515535042 42.566775634 27.515535042 42.566775634
END_WINDING
END_POLYGON
BEGIN_POLYGON 9 47 4
BEGIN_WINDING
POLYGON_POINT 27.518269594 42.568524894 27.518269594 42.568524894
POLYGON_POINT 27.516769688 42.567565423 27.516769688 42.567565423
POLYGON_POINT 27.515535042 42.566775634 27.515535042 42.566775634
POLYGON_POINT 27.511151852 42.563887493 27.511151852 42.563887493
POLYGON_POINT 27.508282902 42.561979138 27.508282902 42.561979138
POLYGON_POINT 27.507885411 42.561714372 27.507885411 42.561714372
POLYGON_POINT 27.503432082 42.558748287 27.503432082 42.558748287
POLYGON_POINT 27.502641857 42.558641004 27.502209349 42.558792799
POLYGON_POINT 27.502216979 42.559090766 27.502216979 42.559090766
POLYGON_POINT 27.502208075 42.559515228 27.502208075 42.559515228
POLYGON_POINT 27.502276768 42.559815070 27.502328221 42.559943956
POLYGON_POINT 27.502537709 42.560247614 27.502537709 42.560247614
POLYGON_POINT 27.501922568 42.559783125 27.501922568 42.559783125
POLYGON_POINT 27.501934134 42.559080927 27.501934134 42.559080927
POLYGON_POINT 27.502527973 42.558446497 27.503110209 42.558234642
POLYGON_POINT 27.503604606 42.558585222 27.503604606 42.558585222
POLYGON_POINT 27.511328186 42.563718126 27.511328186 42.563718126
POLYGON_POINT 27.515783781 42.566605398 27.515783781 42.566605398
POLYGON_POINT 27.518459256 42.568358068 27.518459256 42.568358068
END_WINDING
END_POLYGON
BEGIN_POLYGON 9 0 4
BEGIN_WINDING
POLYGON_POINT 27.519518100 42.572661795 27.519518100 42.572661795
POLYGON_POINT 27.521494662 42.572687701 27.521494662 42.572687701
POLYGON_POINT 27.522121623 42.572412349 27.522367970 42.572110409
POLYGON_POINT 27.522016745 42.571796878 27.522016745 42.571796878
POLYGON_POINT 27.522488347 42.572208678 27.522488347 42.572208678
POLYGON_POINT 27.522167445 42.572702273 27.521848846 42.572914774
POLYGON_POINT 27.521516648 42.572891713 27.521516648 42.572891713
POLYGON_POINT 27.519518087 42.572873902 27.519518087 42.572873902
END_WINDING
END_POLYGON
BEGIN_POLYGON 9 14 4
BEGIN_WINDING
POLYGON_POINT 27.508282902 42.561979138 27.508282902 42.561979138
POLYGON_POINT 27.507309855 42.562099840 27.506930911 42.562393767
POLYGON_POINT 27.507081226 42.562705399 27.507081226 42.562705399
POLYGON_POINT 27.507331825 42.563412964 27.507331825 42.563412964
POLYGON_POINT 27.507632995 42.563958615 27.507757176 42.564128779
POLYGON_POINT 27.508075604 42.564429142 27.508075604 42.564429142
POLYGON_POINT 27.507145698 42.563726970 27.507145698 42.563726970
POLYGON_POINT 27.506783771 42.562692738 27.506783771 42.562692738
POLYGON_POINT 27.507026464 42.562010755 27.507368282 42.561707049
POLYGON_POINT 27.507885411 42.561714372 27.507885411 42.561714372
END_WINDING
END_POLYGON
BEGIN_POLYGON 9 42 4
BEGIN_WINDING
POLYGON_POINT 27.528270469 42.579670538 27.528270469 42.579670538
POLYGON_POINT 27.528700601 42.579870167 27.528845759 42.579927064
POLYGON_POINT 27.529266882 42.579978677 27.529266882 42.579978677
POLYGON_POINT 27.529915400 42.579991276 27.529915400 42.579991276
POLYGON_POINT 27.530517946 42.579694379 27.530690199 42.579417493
POLYGON_POINT 27.530420968 42.579135383 27.530420968 42.579135383
POLYGON_POINT 27.526854284 42.576020982 27.526854284 42.576020982
POLYGON_POINT 27.526408552 42.575631771 27.526408552 42.575631771
POLYGON_POINT 27.522488347 42.572208678 27.522488347 42.572208678
POLYGON_POINT 27.522016745 42.571796878 27.522016745 42.571796878
POLYGON_POINT 27.518269594 42.568524894 27.518269594 42.568524894
POLYGON_POINT 27.518459256 42.568358068 27.518459256 42.568358068
POLYGON_POINT 27.530644961 42.579006195 27.530644961 42.579006195
POLYGON_POINT 27.530799396 42.579735829 27.530583191 42.580173727
POLYGON_POINT 27.529977535 42.580198846 27.529977535 42.580198846
POLYGON_POINT 27.528961011 42.580197676 27.528961011 42.580197676
END_WINDING
END_POLYGON
BEGIN_POLYGON 3 0 2
BEGIN_WINDING
POLYGON_POINT 27.512373327 42.561494197
POLYGON_POINT 27.512512138 42.561598156
POLYGON_POINT 27.512191089 42.561830910
POLYGON_POINT 27.512049291 42.561724847
END_WINDING
END_POLYGON
BEGIN_POLYGON 4 0 2
BEGIN_WINDING
POLYGON_POINT 27.513375074 42.563621406
POLYGON_POINT 27.512908206 42.563309552
POLYGON_POINT 27.513168979 42.563263084
POLYGON_POINT 27.513525088 42.563501621
END_WINDING
END_POLYGON
BEGIN_POLYGON 10 255 2
BEGIN_WINDING
POLYGON_POINT 27.532595563 42.574694281
POLYGON_POINT 27.533964673 42.575889229
POLYGON_POINT 27.532147644 42.577470044
POLYGON_POINT 27.530803888 42.578260452
POLYGON_POINT 27.529147434 42.576797886
END_WINDING
END_POLYGON
BEGIN_POLYGON 10 255 2
BEGIN_WINDING
POLYGON_POINT 27.530660209 42.572945426
POLYGON_POINT 27.532553218 42.574638268
POLYGON_POINT 27.529071434 42.576729426
POLYGON_POINT 27.527161523 42.575086373
END_WINDING
END_POLYGON
BEGIN_POLYGON 10 255 2
BEGIN_WINDING
POLYGON_POINT 27.528572829 42.571209018
POLYGON_POINT 27.530567249 42.572889413
POLYGON_POINT 27.527093916 42.575017913
POLYGON_POINT 27.525133299 42.573306400
END_WINDING
END_POLYGON
BEGIN_POLYGON 10 255 2
BEGIN_WINDING
POLYGON_POINT 27.525910850 42.569821137
POLYGON_POINT 27.526037611 42.569982953
POLYGON_POINT 27.527119301 42.569864703
POLYGON_POINT 27.528530569 42.571153005
POLYGON_POINT 27.525057329 42.573237939
POLYGON_POINT 27.523088314 42.571526426
END_WINDING
END_POLYGON
BEGIN_POLYGON 10 255 2
BEGIN_WINDING
POLYGON_POINT 27.524812291 42.567518374
POLYGON_POINT 27.525674230 42.568302558
POLYGON_POINT 27.525860138 42.569734005
POLYGON_POINT 27.523248972 42.571302374
POLYGON_POINT 27.522682797 42.570785808
POLYGON_POINT 27.522412384 42.570922729
POLYGON_POINT 27.521136378 42.569790019
END_WINDING
END_POLYGON
BEGIN_POLYGON 10 255 2
BEGIN_WINDING
POLYGON_POINT 27.521829309 42.568122071
POLYGON_POINT 27.521296935 42.567692637
POLYGON_POINT 27.521170179 42.567225861
POLYGON_POINT 27.522141972 42.566578598
POLYGON_POINT 27.522547591 42.566939571
POLYGON_POINT 27.523063063 42.566603492
POLYGON_POINT 27.524440475 42.567169848
POLYGON_POINT 27.524744688 42.567462361
POLYGON_POINT 27.521043423 42.569715334
POLYGON_POINT 27.520316691 42.569074295
END_WINDING
END_POLYGON
BEGIN_POLYGON 4 0 2
BEGIN_WINDING
POLYGON_POINT 27.515261801 42.563675744
POLYGON_POINT 27.515407363 42.563776357
POLYGON_POINT 27.515411842 42.563674095
POLYGON_POINT 27.515461109 42.563674095
POLYGON_POINT 27.516164283 42.564140873
POLYGON_POINT 27.516173240 42.564289318
POLYGON_POINT 27.516329999 42.564398178
POLYGON_POINT 27.516262817 42.564446010
POLYGON_POINT 27.516108298 42.564345397
POLYGON_POINT 27.515904511 42.564355294
POLYGON_POINT 27.515199098 42.563885217
POLYGON_POINT 27.515201337 42.563847281
POLYGON_POINT 27.515342420 42.563835735
POLYGON_POINT 27.515178943 42.563746668
END_WINDING
END_POLYGON
BEGIN_POLYGON 4 0 2
BEGIN_WINDING
POLYGON_POINT 27.515550685 42.563598223
POLYGON_POINT 27.515416320 42.563528948
POLYGON_POINT 27.515461109 42.563479466
POLYGON_POINT 27.515593234 42.563570183
POLYGON_POINT 27.515640261 42.563532247
POLYGON_POINT 27.516354632 42.564005623
POLYGON_POINT 27.516356872 42.564071598
POLYGON_POINT 27.516484518 42.564137574
POLYGON_POINT 27.516480039 42.564211797
POLYGON_POINT 27.516321041 42.564106236
POLYGON_POINT 27.516258338 42.564132626
POLYGON_POINT 27.515514854 42.563637808
END_WINDING
END_POLYGON
FILTER -1
FILTER 0
FILTER -1
FILTER 0
FILTER -1
FILTER 0
FILTER -1
FILTER 0
FILTER -1
FILTER 0
OBJECT 0 27.514128196 42.565127841 137.940002
OBJECT 1 27.514469426 42.565369524 262.489990
OBJECT 2 27.514866010 42.565486427 0.000000
OBJECT 2 27.514297667 42.565092147 0.000000
OBJECT 3 27.513956517 42.563914999 320.989990
OBJECT 3 27.514366659 42.564225380 320.989990
OBJECT 3 27.513456534 42.563616613 318.230011
OBJECT 3 27.512856546 42.563215291 320.109985
OBJECT 3 27.512276821 42.562827523 320.670013
OBJECT 3 27.511621944 42.562389487 320.779999
OBJECT 4 27.518306751 42.569178788 0.000000
OBJECT 4 27.516880254 42.568204598 0.000000
OBJECT 2 27.520357147 42.567540915 0.000000
OBJECT 2 27.519634891 42.568107825 0.000000
OBJECT 3 27.518601462 42.567298471 317.899994
OBJECT 3 27.516325133 42.566031367 314.820007
OBJECT 3 27.515920880 42.565764845 314.820007
OBJECT 3 27.515544337 42.565518732 314.820007
OBJECT 3 27.518135988 42.567162218 314.820007
OBJECT 3 27.517623340 42.566840663 314.820007
OBJECT 3 27.517155759 42.566577195 314.820007
OBJECT 3 27.516716346 42.566284683 314.820007
OBJECT 3 27.515010593 42.567427097 136.970001
OBJECT 3 27.514342934 42.566998679 135.539993
OBJECT 3 27.513692320 42.566579641 137.979996
OBJECT 3 27.513079141 42.566220915 136.970001
OBJECT 3 27.512348810 42.565739573 137.220001
OBJECT 3 27.511752873 42.565334869 138.130005
OBJECT 3 27.511030337 42.564852685 141.440002
OBJECT 5 27.530258502 42.579858493 308.570007
OBJECT 5 27.530494775 42.580109657 316.149994
OBJECT 5 27.525308789 42.576444862 269.579987
OBJECT 5 27.525312929 42.576761923 270.760010
OBJECT 5 27.520418399 42.572618790 269.299988
OBJECT 5 27.520421727 42.572932438 273.420013
OBJECT 5 27.502429949 42.558829411 314.890015
OBJECT 5 27.502070674 42.558633576 314.049988
OBJECT 5 27.507178565 42.562321885 330.579987
OBJECT 5 27.506800251 42.562207733 325.579987
OBJECT 5 27.514740695 42.568559828 318.660004
OBJECT 5 27.514456558 42.568364847 315.440002
OBJECT 6 27.513769682 42.562777756 228.039993
OBJECT 7 27.515199031 42.562324689 0.000000
OBJECT 7 27.515548747 42.563079798 0.000000
OBJECT 7 27.515503236 42.562908663 0.000000
OBJECT 7 27.515337959 42.562848678 0.000000
OBJECT 7 27.515409819 42.562737529 0.000000
OBJECT 7 27.515409819 42.562765757 0.000000
OBJECT 7 27.515213403 42.562785164 0.000000
OBJECT 7 27.515074475 42.562698715 0.000000
OBJECT 7 27.515599048 42.562074162 0.000000
OBJECT 7 27.515599048 42.562132383 0.000000
OBJECT 8 27.515606234 42.561934784 0.000000
OBJECT 8 27.515606234 42.561978891 0.000000
OBJECT 8 27.515599048 42.562040641 0.000000
OBJECT 8 27.515436167 42.562217068 0.000000
OBJECT 8 27.515445748 42.562282346 0.000000
OBJECT 8 27.514906803 42.562112976 0.000000
OBJECT 8 27.514806200 42.562054755 0.000000
OBJECT 8 27.514729550 42.562007119 0.000000
OBJECT 8 27.515124778 42.562748114 0.000000
OBJECT 8 27.515024175 42.562665194 0.000000
OBJECT 8 27.515531983 42.562991584 0.000000
OBJECT 8 27.515440961 42.562938656 0.000000
OBJECT 8 27.515505634 42.562943949 90.000000
OBJECT 8 27.515496053 42.563037455 0.000000
OBJECT 8 27.515371496 42.562606973 0.000000
OBJECT 7 27.515395449 42.562640494 0.000000
OBJECT 7 27.515383473 42.562569923 0.000000
OBJECT 7 27.513695079 42.562610300 0.000000
OBJECT 8 27.513972318 42.562808542 0.000000
OBJECT 7 27.513930732 42.562729415 0.000000
OBJECT 7 27.514100541 42.562763448 0.000000
OBJECT 8 27.513857957 42.562683471 0.000000
OBJECT 8 27.513959611 42.562664752 0.000000
OBJECT 9 27.513991955 42.562593283 48.950001
OBJECT 10 27.513772682 42.562787574 47.490002
OBJECT 11 27.514829172 42.563440930 49.000000
OBJECT 12 27.515305352 42.563036860 49.000000
OBJECT 13 27.514242490 42.563400326 48.070000
OBJECT 14 27.514969446 42.562566745 137.669998
OBJECT 14 27.514741624 42.562133651 317.559998
OBJECT 15 27.514600395 42.563353862 48.880001
OBJECT 16 27.514758486 42.563529584 140.039993
OBJECT 11 27.514214917 42.562978317 319.119995
OBJECT 11 27.514416805 42.563107320 319.119995
OBJECT 17 27.514785017 42.562765796 229.000000
OBJECT 17 27.514999387 42.562903728 229.000000
OBJECT 16 27.514577441 42.563687680 140.039993
OBJECT 7 27.512968502 42.561294744 0.000000
OBJECT 7 27.513252666 42.561143637 0.000000
OBJECT 8 27.512942165 42.561231442 0.000000
OBJECT 8 27.513287320 42.561084419 0.000000
OBJECT 7 27.513317815 42.561024181 0.000000
OBJECT 18 27.513066993 42.561237415 45.500000
OBJECT 19 27.513528178 42.561719968 139.119995
OBJECT 20 27.513180405 42.561150019 45.400002
OBJECT 21 27.513232824 42.561841187 0.000000
OBJECT 21 27.513545886 42.562048325 0.000000
OBJECT 21 27.512954251 42.562063958 0.000000
OBJECT 21 27.513272620 42.562280868 0.000000
OBJECT 22 27.512455695 42.561673431 130.360001
OBJECT 23 27.512229991 42.561795899 224.210007
OBJECT 23 27.512306741 42.561740694 224.210007
OBJECT 23 27.512382980 42.561685391 224.210007
OBJECT 23 27.512460042 42.561631366 224.210007
OBJECT 24 27.513490435 42.563454622 319.670013
OBJECT 25 27.513486420 42.563471428 0.000000
OBJECT 7 27.512504134 42.562746462 0.000000
OBJECT 7 27.513970341 42.562070390 0.000000
OBJECT 7 27.513874978 42.562145021 0.000000
OBJECT 7 27.513773655 42.562197702 0.000000
OBJECT 7 27.512557776 42.562259163 0.000000
OBJECT 7 27.513064392 42.562588419 0.000000
OBJECT 7 27.513052472 42.562526958 0.000000
OBJECT 7 27.512301488 42.562592809 0.000000
OBJECT 7 27.512390891 42.562671831 0.000000
OBJECT 7 27.512611418 42.562715731 0.000000
OBJECT 7 27.512808104 42.562764022 0.000000
OBJECT 8 27.512933268 42.562430376 0.000000
OBJECT 8 27.512772343 42.562351355 0.000000
OBJECT 8 27.512760423 42.562711341 0.000000
OBJECT 8 27.512527975 42.562654270 0.000000
OBJECT 1 27.520366604 42.567918858 293.989990
OBJECT 26 27.520438114 42.567862548 131.259995
OBJECT 26 27.520255628 42.567719603 142.779999
OBJECT 1 27.520208299 42.567851659 240.449997
OBJECT 27 27.520175269 42.567709760 88.930000
OBJECT 28 27.520218481 42.567711465 223.410004
OBJECT 29 27.520344859 42.567874716 139.720001
OBJECT 29 27.520220166 42.567780260 132.369995
OBJECT 30 27.522660709 42.570956436 308.049988
OBJECT 19 27.504269977 42.558554217 318.250000
OBJECT 31 27.513207989 42.562974827 228.119995
OBJECT 19 27.522733707 42.571120453 307.640015
OBJECT 32 27.528885685 42.576727173 36.630001
OBJECT 19 27.527543893 42.577414529 45.000000
OBJECT 18 27.531017435 42.578659887 311.279999
OBJECT_MSL 33 27.518154238 42.567173590 43.000000000 0.000000
OBJECT_MSL 33 27.518094121 42.567134462 43.000000000 0.000000
OBJECT_MSL 33 27.518025615 42.567090702 43.000000000 0.000000
OBJECT_MSL 33 27.517955712 42.567047456 43.000000000 0.000000
OBJECT_MSL 33 27.517887207 42.567003695 43.000000000 0.000000
OBJECT_MSL 33 27.517798429 42.566946034 43.000000000 0.000000
OBJECT_MSL 10 27.518255176 42.567108689 45.000000000 48.500000
OBJECT_MSL 10 27.518122876 42.567022258 45.000000000 48.500000
OBJECT_MSL 10 27.517990369 42.566935853 45.000000000 48.500000
OBJECT_MSL 10 27.517857773 42.566849195 45.000000000 48.500000
OBJECT_MSL 34 27.517912969 42.567003658 45.500000000 320.000000
OBJECT_MSL 34 27.517883653 42.566983986 45.500000000 320.000000
OBJECT_MSL 34 27.517852130 42.566962168 45.500000000 320.000000
BEGIN_POLYGON 11 3 3
BEGIN_WINDING
POLYGON_POINT 27.519060246 42.566667866 0.000000000
POLYGON_POINT 27.519284151 42.566808046 0.000000000
POLYGON_POINT 27.519453419 42.566668248 0.000000000
POLYGON_POINT 27.519499160 42.566630471 0.000000000
POLYGON_POINT 27.520280710 42.567144858 2.000000000
POLYGON_POINT 27.519828995 42.567513534 0.000000000
POLYGON_POINT 27.519445598 42.567281587 1.000000000
POLYGON_POINT 27.519163920 42.567494229 2.000000000
POLYGON_POINT 27.518529512 42.567090024 0.000000000
END_WINDING
END_POLYGON
BEGIN_POLYGON 12 3 3
BEGIN_WINDING
POLYGON_POINT 27.519453419 42.566668248 1.000000000
POLYGON_POINT 27.519850512 42.566944473 1.000000000
POLYGON_POINT 27.519445598 42.567281587 1.000000000
POLYGON_POINT 27.519043836 42.567014305 1.000000000
POLYGON_POINT 27.519284151 42.566808046 1.000000000
END_WINDING
END_POLYGON
BEGIN_POLYGON 13 3 2
BEGIN_WINDING
POLYGON_POINT 27.519952841 42.566710178
POLYGON_POINT 27.520371448 42.566975515
POLYGON_POINT 27.520063369 42.567227599
POLYGON_POINT 27.519626176 42.566961570
END_WINDING
END_POLYGON
BEGIN_POLYGON 14 9 3
BEGIN_WINDING
POLYGON_POINT 27.518135852 42.566571449 2.000000000
POLYGON_POINT 27.518712043 42.566941619 1.000000000
POLYGON_POINT 27.518464134 42.567140877 2.000000000
POLYGON_POINT 27.517899263 42.566774042 1.000000000
END_WINDING
END_POLYGON
BEGIN_POLYGON 13 3 2
BEGIN_WINDING
POLYGON_POINT 27.518645873 42.566898987
POLYGON_POINT 27.518632731 42.567048305
POLYGON_POINT 27.518467752 42.567179262
POLYGON_POINT 27.518375590 42.567119603
END_WINDING
END_POLYGON
BEGIN_POLYGON 13 3 2
BEGIN_WINDING
POLYGON_POINT 27.517898703 42.566405210
POLYGON_POINT 27.518100474 42.566548689
POLYGON_POINT 27.517933601 42.566684798
POLYGON_POINT 27.517723142 42.566541093
END_WINDING
END_POLYGON
BEGIN_POLYGON 13 3 2
BEGIN_WINDING
POLYGON_POINT 27.518100474 42.566548689
POLYGON_POINT 27.518645873 42.566898987
POLYGON_POINT 27.518375590 42.567119603
POLYGON_POINT 27.518238151 42.567231786
POLYGON_POINT 27.517693572 42.566880576
POLYGON_POINT 27.517933601 42.566684798
END_WINDING
END_POLYGON
OBJECT 35 27.518180417 42.566349583 317.080017
OBJECT_MSL 36 27.514524483 42.564637984 39.600000000 48.930000
BEGIN_POLYGON 13 3 2
BEGIN_WINDING
POLYGON_POINT 27.516254233 42.564888607
POLYGON_POINT 27.517323353 42.565610646
POLYGON_POINT 27.516598443 42.566215732
POLYGON_POINT 27.515508376 42.565504173
POLYGON_POINT 27.514925021 42.565114143
POLYGON_POINT 27.515537377 42.564610068
POLYGON_POINT 27.515802514 42.564784124
POLYGON_POINT 27.515940811 42.564673741
END_WINDING
END_POLYGON
BEGIN_POLYGON 15 6 3
BEGIN_WINDING
POLYGON_POINT 27.516254193 42.564888636 0.000000000
POLYGON_POINT 27.517323341 42.565610730 3.000000000
POLYGON_POINT 27.516598546 42.566215719 1.000000000
POLYGON_POINT 27.515508691 42.565504066 0.000000000
END_WINDING
END_POLYGON
BEGIN_POLYGON 16 9 3
BEGIN_WINDING
POLYGON_POINT 27.514922030 42.565116616 0.000000000
POLYGON_POINT 27.515537377 42.564610068 0.000000000
POLYGON_POINT 27.515802514 42.564784124 0.000000000
POLYGON_POINT 27.515940811 42.564673177 1.000000000
POLYGON_POINT 27.516254633 42.564888278 0.000000000
POLYGON_POINT 27.515505137 42.565507003 0.000000000
POLYGON_POINT 27.515413954 42.565446377 1.000000000
POLYGON_POINT 27.515012092 42.565177983 0.000000000
END_WINDING
END_POLYGON
BEGIN_POLYGON 17 6 3
BEGIN_WINDING
POLYGON_POINT 27.514524905 42.564843779 4.000000000
POLYGON_POINT 27.514394747 42.564752372 4.000000000
POLYGON_POINT 27.514861571 42.564367480 2.000000000
POLYGON_POINT 27.515120848 42.564153709 4.000000000
POLYGON_POINT 27.515233470 42.564228496 4.000000000
POLYGON_POINT 27.514990105 42.564441968 4.000000000
POLYGON_POINT 27.515228009 42.564603875 4.000000000
POLYGON_POINT 27.515366089 42.564493332 4.000000000
POLYGON_POINT 27.515537377 42.564610068 4.000000000
POLYGON_POINT 27.514925021 42.565114143 4.000000000
POLYGON_POINT 27.514706655 42.564966134 2.000000000
POLYGON_POINT 27.514655208 42.564932203 4.000000000
END_WINDING
END_POLYGON
BEGIN_POLYGON 18 6 3
BEGIN_WINDING
POLYGON_POINT 27.513782004 42.563564642 2.000000000
POLYGON_POINT 27.514503230 42.564045188 0.000000000
POLYGON_POINT 27.514340119 42.564179799 3.000000000
POLYGON_POINT 27.513620858 42.563692015 1.000000000
END_WINDING
END_POLYGON
OBJECT 37 27.514455244 42.565277029 229.220001
OBJECT 38 27.513571554 42.563707879 327.529999
OBJECT 39 27.513159701 42.563654347 317.489990
OBJECT 26 27.514205043 42.567112376 141.520004
OBJECT 26 27.514166502 42.567096939 141.339996
OBJECT 26 27.514142160 42.567083991 140.089996
OBJECT 26 27.514112409 42.567071541 138.160004
OBJECT 26 27.514065443 42.567014309 0.000000
OBJECT 40 27.517724257 42.566961028 50.650002
OBJECT 27 27.514900715 42.565464696 314.200012
OBJECT 41 27.514264346 42.564446250 183.580002
OBJECT 42 27.513238382 42.563711624 0.000000
OBJECT 43 27.513729473 42.563997624 19.090000
OBJECT 13 27.513869955 42.567053791 47.919998
OBJECT 44 27.514160050 42.567266865 0.000000
OBJECT 45 27.514099462 42.567230356 0.000000
OBJECT 45 27.514118740 42.567235088 0.000000
OBJECT 46 27.514031324 42.567200006 317.589996
OBJECT 47 27.513623814 42.566756398 49.599998
OBJECT 48 27.513690574 42.566806015 349.700012
OBJECT 49 27.513746817 42.566823439 38.419998
OBJECT 50 27.514462857 42.567337950 227.429993
BEGIN_POLYGON 19 3 2
BEGIN_WINDING
POLYGON_POINT 27.514709137 42.567380261
POLYGON_POINT 27.514726010 42.567390428
POLYGON_POINT 27.514741860 42.567401348
END_WINDING
END_POLYGON
BEGIN_POLYGON 19 3 2
BEGIN_WINDING
POLYGON_POINT 27.514670790 42.567356161
POLYGON_POINT 27.514482122 42.567232272
POLYGON_POINT 27.514323621 42.567125329
END_WINDING
END_POLYGON
BEGIN_POLYGON 19 3 2
BEGIN_WINDING
POLYGON_POINT 27.514273515 42.567090685
POLYGON_POINT 27.514046501 42.566939308
POLYGON_POINT 27.513783698 42.566758559
END_WINDING
END_POLYGON
BEGIN_POLYGON 19 3 2
BEGIN_WINDING
POLYGON_POINT 27.513638491 42.566663665
POLYGON_POINT 27.513686041 42.566694920
POLYGON_POINT 27.513731035 42.566725045
END_WINDING
END_POLYGON
BEGIN_POLYGON 20 3 2
BEGIN_WINDING
POLYGON_POINT 27.519075457 42.567734379
POLYGON_POINT 27.519249400 42.567826188
POLYGON_POINT 27.519390005 42.567928674
END_WINDING
END_POLYGON
BEGIN_POLYGON 20 3 2
BEGIN_WINDING
POLYGON_POINT 27.518566673 42.567414112
POLYGON_POINT 27.518753662 42.567515530
POLYGON_POINT 27.518959495 42.567669258
END_WINDING
END_POLYGON
OBJECT 51 27.513297943 42.563363398 317.529999
OBJECT 52 27.516305573 42.566509033 95.709999
OBJECT 53 27.517989188 42.566206955 319.089996
OBJECT 54 27.516949385 42.564164813 73.230003
OBJECT 55 27.519962556 42.565638636 228.220001
OBJECT 56 27.519399912 42.565097490 336.709991
OBJECT 57 27.519644959 42.565029810 160.630005
OBJECT 58 27.519334975 42.564847525 180.559998
OBJECT 59 27.518961278 42.565078540 246.029999
OBJECT 7 27.517644384 42.566766767 0.000000
OBJECT 8 27.517709928 42.566678615 0.000000
OBJECT 8 27.517524696 42.566714295 0.000000
OBJECT 8 27.517812518 42.565933519 0.000000
OBJECT 8 27.517878062 42.565981793 0.000000
OBJECT 8 27.517268220 42.565931420 0.000000
OBJECT 8 27.517273920 42.566061550 0.000000
OBJECT 8 27.517114335 42.565998584 0.000000
OBJECT 8 27.517556043 42.566172789 0.000000
OBJECT 8 27.517419256 42.566349094 0.000000
OBJECT 8 27.517350862 42.566370082 0.000000
OBJECT 8 27.517225474 42.566485520 0.000000
OBJECT 8 27.516835062 42.566391071 0.000000
OBJECT 8 27.516800865 42.566271436 0.000000
OBJECT 8 27.516920554 42.566164394 0.000000
OBJECT 7 27.517051641 42.566443542 0.000000
OBJECT 7 27.517074439 42.566294523 0.000000
OBJECT 7 27.516983248 42.566315512 0.000000
OBJECT 7 27.514754788 42.565060393 0.000000
OBJECT 7 27.514700644 42.565022613 0.000000
OBJECT 8 27.513549394 42.563458962 0.000000
OBJECT 8 27.513170399 42.563209197 0.000000
OBJECT 7 27.513922689 42.562096801 0.000000
OBJECT 7 27.513828653 42.562161866 0.000000
OBJECT 7 27.513737466 42.562241622 0.000000
OBJECT 7 27.512426657 42.562690779 0.000000
OBJECT 7 27.512668872 42.562682383 0.000000
OBJECT 7 27.512856944 42.562762140 0.000000
OBJECT 8 27.513135635 42.562574510 0.000000
OBJECT 8 27.513002900 42.562469221 0.000000
OBJECT 8 27.512819113 42.562386495 0.000000
OBJECT 8 27.512655747 42.562318809 0.000000
OBJECT 8 27.512492381 42.562183439 0.000000
OBJECT 8 27.512410698 42.562604592 0.000000
OBJECT 8 27.512390277 42.562732442 0.000000
OBJECT 8 27.512288173 42.562649716 0.000000
OBJECT 8 27.512196280 42.562559469 0.000000
OBJECT 60 27.515723627 42.563587431 137.449997
OBJECT 61 27.516064119 42.563814273 227.839996
OBJECT 62 27.516013871 42.563972254 48.130001
OBJECT 61 27.516352860 42.564005949 227.690002
OBJECT 60 27.515911874 42.563903206 318.019989
OBJECT 61 27.515548446 42.563660900 47.349998
OBJECT 40 27.515737129 42.563930020 181.169998
OBJECT 40 27.515593277 42.563832660 180.380005
OBJECT 40 27.515836917 42.564241326 272.779999
OBJECT 40 27.515629564 42.564102786 273.279999
OBJECT 63 27.514933720 42.565696222 137.750000
OBJECT 63 27.515330107 42.565945280 137.100006
OBJECT 63 27.515683944 42.566253716 168.470001
OBJECT 63 27.516190068 42.566515970 94.349998
OBJECT 63 27.516682757 42.566804613 95.919998
OBJECT 63 27.517027641 42.567089958 95.669998
OBJECT 63 27.517486740 42.567373654 94.779999
OBJECT 63 27.518158597 42.567762910 94.669998
OBJECT 63 27.518559475 42.568110932 94.610001
OBJECT 63 27.520420540 42.567870121 222.570007
OBJECT 63 27.520037577 42.568137322 223.320007
OBJECT 63 27.519204464 42.568457304 93.879997
OBJECT 63 27.518812530 42.569948355 100.180000
OBJECT 63 27.518319823 42.569483226 100.669998
OBJECT 63 27.517697225 42.568932329 99.459999
OBJECT 63 27.517052233 42.568485344 100.230003
OBJECT 63 27.516344538 42.567962487 100.620003
OBJECT 63 27.514714182 42.566624830 3.110000
OBJECT 63 27.514071450 42.566524217 181.820007
OBJECT 63 27.513395131 42.565752301 5.030000
OBJECT 63 27.512756886 42.565391084 3.040000
OBJECT 63 27.512091771 42.564972139 3.350000
OBJECT 63 27.511442338 42.564676897 2.850000
OBJECT 63 27.513865389 42.564490516 138.449997
OBJECT 63 27.513115189 42.564018790 138.339996
OBJECT 63 27.511536428 42.562989569 137.729996
OBJECT 63 27.512385685 42.563497666 137.270004
BEGIN_POLYGON 21 3 2
BEGIN_WINDING
POLYGON_POINT 27.497750485 42.559213675
POLYGON_POINT 27.498363869 42.558770146
POLYGON_POINT 27.498998292 42.558299066
END_WINDING
END_POLYGON
BEGIN_POLYGON 21 3 3
BEGIN_WINDING
POLYGON_POINT 27.498998292 42.558299066 0.000000000
POLYGON_POINT 27.497651149 42.557298224 0.000000000
POLYGON_POINT 27.498316048 42.556872333 0.000000000
POLYGON_POINT 27.499637179 42.557851881 0.000000000
POLYGON_POINT 27.504040020 42.558192594 0.000000000
POLYGON_POINT 27.510848339 42.562677220 0.000000000
POLYGON_POINT 27.513219005 42.560720254 0.000000000
POLYGON_POINT 27.513658444 42.560954493 0.000000000
POLYGON_POINT 27.513681572 42.561075872 0.000000000
POLYGON_POINT 27.513782759 42.561175956 0.000000000
POLYGON_POINT 27.515442230 42.562432333 0.000000000
POLYGON_POINT 27.515552094 42.563034968 0.000000000
POLYGON_POINT 27.514398511 42.564110342 0.000000000
POLYGON_POINT 27.514507726 42.564179841 3.000000000
POLYGON_POINT 27.514598617 42.564237031 0.000000000
POLYGON_POINT 27.514982532 42.564485125 0.000000000
POLYGON_POINT 27.517113577 42.565663987 0.000000000
POLYGON_POINT 27.517789438 42.566124804 2.000000000
POLYGON_POINT 27.517848519 42.566165386 1.000000000
POLYGON_POINT 27.517916437 42.566211739 0.000000000
POLYGON_POINT 27.518313240 42.566482552 0.000000000
POLYGON_POINT 27.518933405 42.566879888 0.000000000
POLYGON_POINT 27.520360274 42.566972326 0.000000000
POLYGON_POINT 27.520649408 42.567155458 0.000000000
POLYGON_POINT 27.520999258 42.567278967 0.000000000
POLYGON_POINT 27.521279720 42.567717634 0.000000000
POLYGON_POINT 27.521696079 42.568094547 0.000000000
POLYGON_POINT 27.520178104 42.569035765 0.000000000
POLYGON_POINT 27.522416094 42.571003379 0.000000000
POLYGON_POINT 27.522685004 42.570839411 0.000000000
POLYGON_POINT 27.523179455 42.571299373 0.000000000
POLYGON_POINT 27.522942349 42.571465470 0.000000000
POLYGON_POINT 27.529006288 42.576737335 0.000000000
POLYGON_POINT 27.530865591 42.578477756 0.000000000
POLYGON_POINT 27.531047778 42.578390449 0.000000000
POLYGON_POINT 27.531469992 42.578924941 0.000000000
POLYGON_POINT 27.531383236 42.578976048 0.000000000
POLYGON_POINT 27.533422046 42.580939403 0.000000000
POLYGON_POINT 27.531649251 42.582193651 0.000000000
POLYGON_POINT 27.532594945 42.582896370 0.000000000
POLYGON_POINT 27.532253680 42.583145516 0.000000000
POLYGON_POINT 27.531300032 42.582457073 0.000000000
POLYGON_POINT 27.529901450 42.583458768 0.000000000
POLYGON_POINT 27.497750485 42.559213675 0.000000000
END_WINDING
END_POLYGON
FILTER -1
OBJECT_DEF lib/airport/Ramp_Equipment/Lugg_Cart_Group.obj
OBJECT_DEF lib/airport/Ramp_Equipment/Lugg_Train_3.obj
OBJECT_DEF lib/g10/streetlights/AreaFloodHighMast.obj
OBJECT_DEF lib/g10/streetlights/AreaFloodLrg.obj
OBJECT_DEF lib/airport/landscape/apron_light.obj
OBJECT_DEF lib/airport/lights/slow/rway_guard.obj
OBJECT_DEF lib/cars/car_or_truck_static.obj
OBJECT_DEF lib/g10/forests/autogen_tree3.obj
OBJECT_DEF lib/g10/forests/autogen_tree2.obj
OBJECT_DEF lib/g10/US/industrial/light/WoodShed8x10.obj
OBJECT_DEF lib/g10/US/commercial/canopy_benzoil.obj
OBJECT_DEF lib/g10/US/industrial/light/StorSml1p1.obj
OBJECT_DEF lib/g10/US/industrial/light/StorSml1p0.obj
OBJECT_DEF lib/g10/US/industrial/light/TinShed10x50.obj
OBJECT_DEF lib/g10/US/industrial/light/StorSml2p1.obj
OBJECT_DEF lib/g10/US/industrial/light/FactB10x30D.obj
OBJECT_DEF lib/g10/US/industrial/light/FactA15x22.obj
OBJECT_DEF lib/g10/US/industrial/light/StorEnd1.obj
OBJECT_DEF lib/g10/EU/urban_mid/outBld1-2_6x12.obj
OBJECT_DEF lib/g10/EU/urban_mid/outBld1-2_6x15.obj
OBJECT_DEF lib/g10/EU/urban_mid/outBld1-2_9x15.obj
OBJECT_DEF lib/airport/Common_Elements/Fuel_Storage/Sing_Tank_Medium.obj
OBJECT_DEF lib/airport/Common_Elements/vehicles/Large_Fuel_Truck.obj
OBJECT_DEF lib/airport/Common_Elements/Fueling_Stations/2_horiz_tanks.agp
OBJECT_DEF lib/airport/Common_Elements/Miscellaneous/Picnic_Table.obj
OBJECT_DEF lib/airport/Common_Elements/Miscellaneous/BBQ_Grill.obj
OBJECT_DEF lib/airport/Ramp_Equipment/Stair_Maint_1.obj
OBJECT_DEF lib/airport/Ramp_Equipment/GPU_1.obj
OBJECT_DEF lib/airport/aircraft/airliners/jet_c_ber.obj
OBJECT_DEF lib/airport/Ramp_Equipment/Belt_Loader.obj
OBJECT_DEF lib/airport/landscape/radar.obj
OBJECT_DEF lib/g10/US/industrial/light/StorHut3x3.obj
OBJECT_DEF lib/g10/EU/urban_mid/outBld1-2_6x9.obj
OBJECT_DEF lib/g10/streetlights/ResShort.obj
OBJECT_DEF lib/g10/global_objects/LawnGrpMed.obj
OBJECT_DEF lib/airport/Modern_Airports/Control_Towers/Modern_Tower_3.agp
OBJECT_DEF lib/g10/US/industrial/light/FactCLobby.obj
OBJECT_DEF lib/airport/Ramp_Equipment/Cargo_Pod_Lot.agp
OBJECT_DEF lib/airport/Ramp_Equipment/Cargo_Container_1.obj
OBJECT_DEF lib/airport/Ramp_Equipment/Cargo_Container_6.obj
OBJECT_DEF lib/cars/car_or_truck.obj
OBJECT_DEF lib/airport/Ramp_Equipment/Lugg_Train_Group.obj
OBJECT_DEF lib/airport/Ramp_Equipment/Cargo_Palette_1.obj
OBJECT_DEF lib/airport/Ramp_Equipment/Cargo_Loader_1.obj
OBJECT_DEF lib/g10/US/industrial/light/MineralsPile.obj
OBJECT_DEF lib/g10/US/industrial/light/OilDrums.obj
OBJECT_DEF lib/g10/US/industrial/light/SandBunker.obj
OBJECT_DEF lib/g10/US/industrial/light/SiteOffice6x12.obj
OBJECT_DEF lib/airport/Ramp_Equipment/Luggage_Truck.obj
OBJECT_DEF lib/cars/car.obj
OBJECT_DEF lib/g10/US/industrial/light/TinShed10x30Dk.obj
OBJECT_DEF lib/airport/Common_Elements/Misc_Buildings/Fire_Station_Lg.agp
OBJECT_DEF lib/airport/aircraft/airliners/turboprop_b_lpv.obj
OBJECT_DEF lib/g10/US/industrial/light/GateHut3x3.obj
OBJECT_DEF lib/airport/aircraft/general_aviation/jet_a.obj
OBJECT_DEF lib/airport/Vintage_Airports/Terminals/Admin_Bldg.obj
OBJECT_DEF lib/airport/aircraft/general_aviation/turboprop_b.obj
OBJECT_DEF lib/airport/aircraft/general_aviation/turboprop_a.obj
OBJECT_DEF lib/airport/aircraft/cargo/turboprop_b.obj
OBJECT_DEF lib/airport/aircraft/cargo/jet_c_cjt.obj
OBJECT_DEF lib/airport/Common_Elements/Parking/6space_wStop.obj
OBJECT_DEF lib/airport/Common_Elements/Parking_Items/Row_of_Cars_10.agp
OBJECT_DEF lib/airport/Common_Elements/Parking_Items/Row_of_Cars_6.agp
OBJECT_DEF lib/airport/Common_Elements/Parking/Grunge1_Med.obj
POLYGON_DEF lib/airport/pavement/asphalt_1D.pol
POLYGON_DEF lib/airport/pavement/concrete_5L.pol
POLYGON_DEF lib/airport/pavement/concrete_6L.pol
POLYGON_DEF lib/airport/pavement/concrete_1D.pol
POLYGON_DEF lib/airport/pavement/asphalt_2D.pol
POLYGON_DEF lib/airport/pavement/asphalt_4D.pol
POLYGON_DEF lib/airport/pavement/asphalt_3L.pol
POLYGON_DEF lib/airport/pavement/asphalt_3D.pol
POLYGON_DEF lib/airport/pavement/concrete_2L.pol
POLYGON_DEF lib/airport/pavement/concrete_3D.pol
POLYGON_DEF lib/g8/fruit_wrm_wet.for
POLYGON_DEF lib/airport/Common_Elements/Misc_Buildings/Blue_Warehouse.fac
POLYGON_DEF lib/airport/Common_Elements/Hangars/Blue_Hangar.fac
POLYGON_DEF lib/g10/US/urban_high/60x30x12v0.fac
POLYGON_DEF lib/airport/Classic_Airports/Facades/classic3.fac
POLYGON_DEF lib/airport/Classic_Airports/Facades/classic2.fac
POLYGON_DEF lib/airport/Modern_Airports/Facades/modern1.fac
POLYGON_DEF lib/airport/Common_Elements/Misc_Buildings/Cargo_Terminal.fac
POLYGON_DEF lib/airport/Common_Elements/Misc_Buildings/White_Warehouse.fac
POLYGON_DEF lib/g10/global_objects/fencing_Wall_2m.fac
POLYGON_DEF lib/airport/Ramp_Equipment/Jet_Blast_Shield.fac
POLYGON_DEF lib/airport/Common_Elements/Fence_Facades/Fence.fac
PROPERTY sim/filter/aptid LBBG
PROPERTY sim/exclude_net 27.509855/42.567328/27.526864/42.573707
PROPERTY sim/exclude_net 27.510344/42.561034/27.514878/42.563657
PROPERTY sim/exclude_net 27.510344/42.561034/27.514878/42.563657
PROPERTY sim/exclude_net 27.518166/42.566292/27.518498/42.566447
PROPERTY sim/exclude_net 27.514441/42.566123/27.518217/42.567350
PROPERTY sim/exclude_net 27.516455/42.573467/27.534293/42.584524
PROPERTY sim/exclude_net 27.496253/42.556109/27.511395/42.564332
PROPERTY sim/exclude_net 27.504225/42.563210/27.514666/42.568535
PROPERTY sim/exclude_obj 27.508461/42.567558/27.512687/42.570515
PROPERTY sim/exclude_fac 27.508461/42.567558/27.512687/42.570515
PROPERTY sim/exclude_for 27.508461/42.567558/27.512687/42.570515
PROPERTY sim/exclude_bch 27.508461/42.567558/27.512687/42.570515
PROPERTY sim/exclude_lin 27.508461/42.567558/27.512687/42.570515
PROPERTY sim/exclude_pol 27.508461/42.567558/27.512687/42.570515
PROPERTY sim/exclude_str 27.508461/42.567558/27.512687/42.570515
PROPERTY sim/exclude_obj 27.518309/42.564700/27.520956/42.566592
PROPERTY sim/exclude_fac 27.518309/42.564700/27.520956/42.566592
PROPERTY sim/exclude_for 27.518309/42.564700/27.520956/42.566592
PROPERTY sim/exclude_bch 27.518309/42.564700/27.520956/42.566592
PROPERTY sim/exclude_lin 27.518309/42.564700/27.520956/42.566592
PROPERTY sim/exclude_pol 27.518309/42.564700/27.520956/42.566592
PROPERTY sim/exclude_str 27.518309/42.564700/27.520956/42.566592
PROPERTY sim/exclude_obj 27.515954/42.564795/27.518601/42.566533
PROPERTY sim/exclude_fac 27.515954/42.564795/27.518601/42.566533
PROPERTY sim/exclude_for 27.515954/42.564795/27.518601/42.566533
PROPERTY sim/exclude_bch 27.515954/42.564795/27.518601/42.566533
PROPERTY sim/exclude_lin 27.515954/42.564795/27.518601/42.566533
PROPERTY sim/exclude_pol 27.515954/42.564795/27.518601/42.566533
PROPERTY sim/exclude_str 27.515954/42.564795/27.518601/42.566533
PROPERTY sim/exclude_obj 27.514054/42.561802/27.516193/42.566572
PROPERTY sim/exclude_fac 27.514054/42.561802/27.516193/42.566572
PROPERTY sim/exclude_for 27.514054/42.561802/27.516193/42.566572
PROPERTY sim/exclude_bch 27.514054/42.561802/27.516193/42.566572
PROPERTY sim/exclude_lin 27.514054/42.561802/27.516193/42.566572
PROPERTY sim/exclude_pol 27.514054/42.561802/27.516193/42.566572
PROPERTY sim/exclude_str 27.514054/42.561802/27.516193/42.566572
PROPERTY sim/exclude_obj 27.521493/42.566474/27.527138/42.572979
PROPERTY sim/exclude_fac 27.521493/42.566474/27.527138/42.572979
PROPERTY sim/exclude_for 27.521493/42.566474/27.527138/42.572979
PROPERTY sim/exclude_bch 27.521493/42.566474/27.527138/42.572979
PROPERTY sim/exclude_lin 27.521493/42.566474/27.527138/42.572979
PROPERTY sim/exclude_pol 27.521493/42.566474/27.527138/42.572979
PROPERTY sim/exclude_str 27.521493/42.566474/27.527138/42.572979
PROPERTY sim/exclude_obj 27.517131/42.573629/27.520447/42.576271
PROPERTY sim/exclude_fac 27.517131/42.573629/27.520447/42.576271
PROPERTY sim/exclude_for 27.517131/42.573629/27.520447/42.576271
PROPERTY sim/exclude_bch 27.517131/42.573629/27.520447/42.576271
PROPERTY sim/exclude_lin 27.517131/42.573629/27.520447/42.576271
PROPERTY sim/exclude_pol 27.517131/42.573629/27.520447/42.576271
PROPERTY sim/exclude_str 27.517131/42.573629/27.520447/42.576271
PROPERTY sim/exclude_obj 27.525562/42.579917/27.528879/42.582559
PROPERTY sim/exclude_fac 27.525562/42.579917/27.528879/42.582559
PROPERTY sim/exclude_for 27.525562/42.579917/27.528879/42.582559
PROPERTY sim/exclude_bch 27.525562/42.579917/27.528879/42.582559
PROPERTY sim/exclude_lin 27.525562/42.579917/27.528879/42.582559
PROPERTY sim/exclude_pol 27.525562/42.579917/27.528879/42.582559
PROPERTY sim/exclude_str 27.525562/42.579917/27.528879/42.582559
PROPERTY sim/exclude_obj 27.528453/42.577414/27.534606/42.584767
PROPERTY sim/exclude_fac 27.528453/42.577414/27.534606/42.584767
PROPERTY sim/exclude_for 27.528453/42.577414/27.534606/42.584767
PROPERTY sim/exclude_bch 27.528453/42.577414/27.534606/42.584767
PROPERTY sim/exclude_lin 27.528453/42.577414/27.534606/42.584767
PROPERTY sim/exclude_pol 27.528453/42.577414/27.534606/42.584767
PROPERTY sim/exclude_str 27.528453/42.577414/27.534606/42.584767
PROPERTY sim/exclude_obj 27.520343/42.572782/27.529922/42.580351
PROPERTY sim/exclude_fac 27.520343/42.572782/27.529922/42.580351
PROPERTY sim/exclude_for 27.520343/42.572782/27.529922/42.580351
PROPERTY sim/exclude_bch 27.520343/42.572782/27.529922/42.580351
PROPERTY sim/exclude_lin 27.520343/42.572782/27.529922/42.580351
PROPERTY sim/exclude_pol 27.520343/42.572782/27.529922/42.580351
PROPERTY sim/exclude_str 27.520343/42.572782/27.529922/42.580351
PROPERTY sim/exclude_obj 27.512234/42.566542/27.521813/42.573886
PROPERTY sim/exclude_fac 27.512234/42.566542/27.521813/42.573886
PROPERTY sim/exclude_for 27.512234/42.566542/27.521813/42.573886
PROPERTY sim/exclude_bch 27.512234/42.566542/27.521813/42.573886
PROPERTY sim/exclude_lin 27.512234/42.566542/27.521813/42.573886
PROPERTY sim/exclude_pol 27.512234/42.566542/27.521813/42.573886
PROPERTY sim/exclude_str 27.512234/42.566542/27.521813/42.573886
PROPERTY sim/exclude_obj 27.503644/42.559456/27.514481/42.567873
PROPERTY sim/exclude_fac 27.503644/42.559456/27.514481/42.567873
PROPERTY sim/exclude_for 27.503644/42.559456/27.514481/42.567873
PROPERTY sim/exclude_bch 27.503644/42.559456/27.514481/42.567873
PROPERTY sim/exclude_lin 27.503644/42.559456/27.514481/42.567873
PROPERTY sim/exclude_pol 27.503644/42.559456/27.514481/42.567873
PROPERTY sim/exclude_str 27.503644/42.559456/27.514481/42.567873
PROPERTY sim/exclude_obj 27.497516/42.556736/27.506534/42.563813
PROPERTY sim/exclude_fac 27.497516/42.556736/27.506534/42.563813
PROPERTY sim/exclude_for 27.497516/42.556736/27.506534/42.563813
PROPERTY sim/exclude_bch 27.497516/42.556736/27.506534/42.563813
PROPERTY sim/exclude_lin 27.497516/42.556736/27.506534/42.563813
PROPERTY sim/exclude_pol 27.497516/42.556736/27.506534/42.563813
PROPERTY sim/exclude_str 27.497516/42.556736/27.506534/42.563813
PROPERTY sim/require_agpoint 1/0
PROPERTY sim/require_object 1/0
PROPERTY sim/require_facade 1/11
PROPERTY sim/require_facade 6/0
