PROPERTY sim/west -180
PROPERTY sim/east 180
PROPERTY sim/north 90
PROPERTY sim/south -90
PROPERTY sim/planet earth
PROPERTY sim/creation_agent WorldEditor2.2.0r2
PROPERTY laminar/internal_revision 0
PROPERTY sim/overlay 1
FILTER 0
BEGIN_POLYGON 0 111 2
BEGIN_WINDING
POLYGON_POINT 32.470152476 34.724284079
POLYGON_POINT 32.470230615 34.724474073
POLYGON_POINT 32.469742244 34.724904904
POLYGON_POINT 32.468778525 34.725191233
POLYGON_POINT 32.468586432 34.724757726
END_WINDING
END_POLYGON
BEGIN_POLYGON 0 0 2
BEGIN_WINDING
POLYGON_POINT 32.493576572 34.718566565
POLYGON_POINT 32.493859699 34.719174230
POLYGON_POINT 32.494169046 34.719092346
POLYGON_POINT 32.494756282 34.720419727
POLYGON_POINT 32.491993115 34.721251496
POLYGON_POINT 32.491405878 34.719924114
POLYGON_POINT 32.492082251 34.719712940
POLYGON_POINT 32.491820095 34.719100965
END_WINDING
END_POLYGON
BEGIN_POLYGON 0 119 4
BEGIN_WINDING
POLYGON_POINT 32.500988873 34.716871653 32.500988873 34.716871653
POLYGON_POINT 32.500615319 34.716036382 32.500615319 34.716036382
POLYGON_POINT 32.501771557 34.715689115 32.501771557 34.715689115
POLYGON_POINT 32.502129546 34.716482347 32.502129546 34.716482347
POLYGON_POINT 32.502582386 34.716321499 32.502582386 34.716321499
POLYGON_POINT 32.502839735 34.717020144 32.502839735 34.717020144
POLYGON_POINT 32.502422738 34.717145861 32.502422738 34.717145861
POLYGON_POINT 32.502034612 34.717340685 32.502034612 34.717340685
POLYGON_POINT 32.501547365 34.717585263 32.501547365 34.717585263
POLYGON_POINT 32.501030518 34.717844699 32.501030518 34.717844699
POLYGON_POINT 32.500991078 34.717781860 32.500991078 34.717781860
POLYGON_POINT 32.500991078 34.717781860 32.500957724 34.717710579
POLYGON_POINT 32.500847085 34.717705139 32.500847085 34.717705139
POLYGON_POINT 32.500847085 34.717705139 32.501238434 34.717299384
END_WINDING
END_POLYGON
BEGIN_POLYGON 0 110 4
BEGIN_WINDING
POLYGON_POINT 32.481952788 34.714558819 32.481952788 34.714558819
POLYGON_POINT 32.481837100 34.714297857 32.481837100 34.714297857
POLYGON_POINT 32.481280184 34.714465934 32.481280184 34.714465934
POLYGON_POINT 32.480825509 34.713439776 32.480825509 34.713439776
POLYGON_POINT 32.481377038 34.713269487 32.481377038 34.713269487
POLYGON_POINT 32.481338253 34.713185159 32.481338253 34.713185159
POLYGON_POINT 32.482888888 34.712726597 32.482888888 34.712726597
POLYGON_POINT 32.484768129 34.712133468 32.484768129 34.712133468
POLYGON_POINT 32.484809938 34.712225637 32.484809938 34.712225637
POLYGON_POINT 32.485103186 34.712141598 32.485103186 34.712141598
POLYGON_POINT 32.489407780 34.713784778 32.489407780 34.713784778
POLYGON_POINT 32.489407780 34.713784778 32.489578988 34.713845093
POLYGON_POINT 32.489811339 34.713795836 32.489811339 34.713795836
POLYGON_POINT 32.490621146 34.713543719 32.490621146 34.713543719
POLYGON_POINT 32.490916196 34.714213240 32.490916196 34.714213240
POLYGON_POINT 32.489563817 34.714623969 32.489563817 34.714623969
POLYGON_POINT 32.485977509 34.713245160 32.485977509 34.713245160
POLYGON_POINT 32.485611618 34.713908624 32.485611618 34.713908624
POLYGON_POINT 32.488132544 34.714864013 32.488132544 34.714864013
POLYGON_POINT 32.487150534 34.715166995 32.487150534 34.715166995
POLYGON_POINT 32.483878982 34.713928528 32.483878982 34.713928528
END_WINDING
END_POLYGON
BEGIN_POLYGON 0 291 2
BEGIN_WINDING
POLYGON_POINT 32.500123657 34.716355139
POLYGON_POINT 32.500442158 34.716245034
POLYGON_POINT 32.500707079 34.716822470
POLYGON_POINT 32.500379649 34.716922787
END_WINDING
END_POLYGON
BEGIN_POLYGON 1 0 2
BEGIN_WINDING
POLYGON_POINT 32.486785251 34.712015775
POLYGON_POINT 32.486830432 34.712055052
POLYGON_POINT 32.486904889 34.712231676
POLYGON_POINT 32.486829748 34.712259618
POLYGON_POINT 32.486926357 34.712478746
POLYGON_POINT 32.486892365 34.712508159
POLYGON_POINT 32.486908392 34.712540606
POLYGON_POINT 32.486821948 34.712567653
POLYGON_POINT 32.486615061 34.712108141
POLYGON_POINT 32.486591669 34.712080225
END_WINDING
END_POLYGON
BEGIN_POLYGON 2 20 4
BEGIN_WINDING
POLYGON_POINT 32.483169846 34.712637921 32.483169846 34.712637921
POLYGON_POINT 32.482777230 34.711706170 32.482777230 34.711706170
POLYGON_POINT 32.483611214 34.711468367 32.483611214 34.711468367
POLYGON_POINT 32.483478533 34.711151343 32.483478533 34.711151343
POLYGON_POINT 32.484475118 34.710891268 32.484475118 34.710891268
POLYGON_POINT 32.484960662 34.710860926 32.484960662 34.710860926
POLYGON_POINT 32.486589552 34.710756896 32.486589552 34.710756896
POLYGON_POINT 32.487046237 34.711762625 32.487046237 34.711762625
POLYGON_POINT 32.487377582 34.711665808 32.487377582 34.711665808
POLYGON_POINT 32.487416876 34.711576524 32.487416876 34.711576524
POLYGON_POINT 32.487503883 34.711550314 32.487503883 34.711550314
POLYGON_POINT 32.487822519 34.711689682 32.487822519 34.711689682
POLYGON_POINT 32.487901825 34.711550536 32.487901825 34.711550536
POLYGON_POINT 32.489955938 34.712333855 32.489955938 34.712333855
POLYGON_POINT 32.489516273 34.713123754 32.489516273 34.713123754
POLYGON_POINT 32.489516273 34.713123754 32.489487707 34.713205158
POLYGON_POINT 32.489592365 34.713288344 32.489592365 34.713288344
POLYGON_POINT 32.489794810 34.713715760 32.489794810 34.713715760
POLYGON_POINT 32.489794810 34.713715760 32.489695311 34.713747394
POLYGON_POINT 32.489628410 34.713740430 32.489628410 34.713740430
POLYGON_POINT 32.489420463 34.713309314 32.489420463 34.713309314
POLYGON_POINT 32.489242741 34.713625945 32.489242741 34.713625945
POLYGON_POINT 32.489124566 34.713580723 32.489124566 34.713580723
POLYGON_POINT 32.489300535 34.713264370 32.489300535 34.713264370
POLYGON_POINT 32.487434444 34.712560981 32.487434444 34.712560981
POLYGON_POINT 32.487272201 34.712871868 32.487272201 34.712871868
POLYGON_POINT 32.487166021 34.712831236 32.487166021 34.712831236
POLYGON_POINT 32.487331806 34.712526867 32.487331806 34.712526867
POLYGON_POINT 32.487298770 34.712510410 32.487298770 34.712510410
POLYGON_POINT 32.486842780 34.712648827 32.486842780 34.712648827
POLYGON_POINT 32.486810858 34.712695323 32.486810858 34.712695323
POLYGON_POINT 32.486606559 34.712617143 32.486606559 34.712617143
POLYGON_POINT 32.486667287 34.712616043 32.486667287 34.712616043
POLYGON_POINT 32.486821948 34.712567653 32.486821948 34.712567653
POLYGON_POINT 32.486908392 34.712540606 32.486908392 34.712540606
POLYGON_POINT 32.487282014 34.712423707 32.487282014 34.712423707
POLYGON_POINT 32.487071878 34.711925235 32.487071878 34.711925235
POLYGON_POINT 32.486785251 34.712015775 32.486785251 34.712015775
POLYGON_POINT 32.486591669 34.712080225 32.486591669 34.712080225
POLYGON_POINT 32.486411174 34.712138481 32.486411174 34.712138481
POLYGON_POINT 32.486496184 34.712315016 32.486496184 34.712315016
POLYGON_POINT 32.486201395 34.712395439 32.486201395 34.712395439
POLYGON_POINT 32.486232878 34.712474145 32.486232878 34.712474145
POLYGON_POINT 32.485422165 34.712163905 32.485422165 34.712163905
POLYGON_POINT 32.485210569 34.711993825 32.485160955 34.711869963
POLYGON_POINT 32.485210569 34.711993825 32.485210569 34.711993825
POLYGON_POINT 32.484768129 34.712133468 32.484768129 34.712133468
END_WINDING
END_POLYGON
BEGIN_POLYGON 3 65 2
BEGIN_WINDING
POLYGON_POINT 32.480178024 34.719892366
POLYGON_POINT 32.480681738 34.720975171
POLYGON_POINT 32.480625917 34.720992139
POLYGON_POINT 32.480118666 34.719910357
END_WINDING
END_POLYGON
BEGIN_POLYGON 3 65 4
BEGIN_WINDING
POLYGON_POINT 32.489702583 34.719514622 32.489702583 34.719514622
POLYGON_POINT 32.481573263 34.722005115 32.481573263 34.722005115
POLYGON_POINT 32.481932644 34.722813348 32.481932644 34.722813348
POLYGON_POINT 32.482420012 34.722693212 32.482420012 34.722693212
POLYGON_POINT 32.483206640 34.724459918 32.483206640 34.724459918
POLYGON_POINT 32.481964101 34.724839184 32.481964101 34.724839184
POLYGON_POINT 32.480816974 34.722200284 32.480816974 34.722200284
POLYGON_POINT 32.465546726 34.726848939 32.465546726 34.726848939
POLYGON_POINT 32.465546726 34.726848939 32.465446196 34.726877290
POLYGON_POINT 32.465278069 34.726768761 32.465240617 34.726688567
POLYGON_POINT 32.465278069 34.726768761 32.465278069 34.726768761
POLYGON_POINT 32.464895225 34.725917920 32.464895225 34.725917920
POLYGON_POINT 32.464886555 34.725747259 32.464919197 34.725672606
POLYGON_POINT 32.465053095 34.725636517 32.465081480 34.725610855
POLYGON_POINT 32.465053095 34.725636517 32.465053095 34.725636517
POLYGON_POINT 32.465329561 34.725438552 32.465329561 34.725438552
POLYGON_POINT 32.467514379 34.723124900 32.467514379 34.723124900
POLYGON_POINT 32.467902476 34.722711988 32.467902476 34.722711988
POLYGON_POINT 32.468142026 34.722143402 32.468142026 34.722143402
POLYGON_POINT 32.468605618 34.721542017 32.468605618 34.721542017
POLYGON_POINT 32.469361797 34.720393592 32.469361797 34.720393592
POLYGON_POINT 32.469361797 34.720393592 32.469386320 34.720353279
POLYGON_POINT 32.469716111 34.720167979 32.469896625 34.720138584
POLYGON_POINT 32.470326364 34.720282858 32.470448977 34.720284538
POLYGON_POINT 32.470326364 34.720282858 32.470326364 34.720282858
POLYGON_POINT 32.471212069 34.720303658 32.471212069 34.720303658
POLYGON_POINT 32.472833136 34.720121815 32.472833136 34.720121815
POLYGON_POINT 32.472833136 34.720121815 32.473043622 34.720096620
POLYGON_POINT 32.473195801 34.719965420 32.473271412 34.719899912
POLYGON_POINT 32.473195801 34.719965420 32.473195801 34.719965420
POLYGON_POINT 32.475301267 34.718190540 32.475301267 34.718190540
POLYGON_POINT 32.477147391 34.716712141 32.477147391 34.716712141
POLYGON_POINT 32.477147391 34.716712141 32.477366041 34.716532413
POLYGON_POINT 32.477464445 34.716070394 32.477413359 34.715882268
POLYGON_POINT 32.477464445 34.716070394 32.477464445 34.716070394
POLYGON_POINT 32.477402245 34.715770158 32.477402245 34.715770158
POLYGON_POINT 32.477472378 34.715749487 32.477472378 34.715749487
POLYGON_POINT 32.477519801 34.716068892 32.477519801 34.716068892
POLYGON_POINT 32.477519801 34.716068892 32.477591322 34.716327565
POLYGON_POINT 32.477179137 34.716736317 32.476958444 34.716911005
POLYGON_POINT 32.477179137 34.716736317 32.477179137 34.716736317
POLYGON_POINT 32.475332039 34.718210295 32.475332039 34.718210295
POLYGON_POINT 32.473228868 34.719988736 32.473228868 34.719988736
POLYGON_POINT 32.473228868 34.719988736 32.473112386 34.720082799
POLYGON_POINT 32.472840710 34.720152183 32.472664965 34.720179058
POLYGON_POINT 32.472840710 34.720152183 32.472840710 34.720152183
POLYGON_POINT 32.471206326 34.720336522 32.471206326 34.720336522
POLYGON_POINT 32.470305183 34.720312365 32.470305183 34.720312365
POLYGON_POINT 32.470305183 34.720312365 32.470188700 34.720307326
POLYGON_POINT 32.469721512 34.720196085 32.469590384 34.720222680
POLYGON_POINT 32.469400121 34.720404809 32.469365381 34.720451841
POLYGON_POINT 32.469400121 34.720404809 32.469400121 34.720404809
POLYGON_POINT 32.468638350 34.721569084 32.468638350 34.721569084
POLYGON_POINT 32.468191816 34.722171704 32.468191816 34.722171704
POLYGON_POINT 32.467938152 34.722737096 32.467938152 34.722737096
POLYGON_POINT 32.467556653 34.723149863 32.467556653 34.723149863
POLYGON_POINT 32.465356140 34.725473009 32.465356140 34.725473009
POLYGON_POINT 32.465089869 34.725657822 32.465089869 34.725657822
POLYGON_POINT 32.465089869 34.725657822 32.465040196 34.725702147
POLYGON_POINT 32.464925797 34.725764790 32.464903089 34.725820780
POLYGON_POINT 32.464930305 34.725912822 32.464930305 34.725912822
POLYGON_POINT 32.465311079 34.726763069 32.465311079 34.726763069
POLYGON_POINT 32.465311079 34.726763069 32.465340647 34.726827872
POLYGON_POINT 32.465538493 34.726829272 32.465598614 34.726810641
POLYGON_POINT 32.465538493 34.726829272 32.465538493 34.726829272
POLYGON_POINT 32.481085083 34.722067686 32.481085083 34.722067686
POLYGON_POINT 32.480765023 34.721356740 32.480765023 34.721356740
POLYGON_POINT 32.480834872 34.721335450 32.480834872 34.721335450
POLYGON_POINT 32.481145708 34.722049328 32.481145708 34.722049328
POLYGON_POINT 32.489681852 34.719469586 32.489681852 34.719469586
END_WINDING
BEGIN_WINDING
POLYGON_POINT 32.482088222 34.724749989 32.482088222 34.724749989
POLYGON_POINT 32.482941088 34.724503300 32.482941088 34.724503300
POLYGON_POINT 32.483064682 34.724368152 32.483025853 34.724282487
POLYGON_POINT 32.483064682 34.724368152 32.483064682 34.724368152
POLYGON_POINT 32.482841257 34.723854189 32.482841257 34.723854189
POLYGON_POINT 32.482739449 34.723833930 32.482659747 34.723860805
POLYGON_POINT 32.482739449 34.723833930 32.482739449 34.723833930
POLYGON_POINT 32.481792610 34.724127258 32.481792610 34.724127258
POLYGON_POINT 32.481792610 34.724127258 32.481716919 34.724150587
POLYGON_POINT 32.481736008 34.724191445 32.481736008 34.724191445
POLYGON_POINT 32.481947157 34.724670945 32.481947157 34.724670945
POLYGON_POINT 32.482088222 34.724749989 32.482178105 34.724725688
END_WINDING
BEGIN_WINDING
POLYGON_POINT 32.481390360 34.722336784 32.481390360 34.722336784
POLYGON_POINT 32.481390360 34.722336784 32.481349204 34.722319287
POLYGON_POINT 32.481320246 34.722399120 32.481355725 34.722472607
POLYGON_POINT 32.481320246 34.722399120 32.481320246 34.722399120
POLYGON_POINT 32.481986552 34.723862167 32.481986552 34.723862167
POLYGON_POINT 32.482137449 34.723936935 32.482240448 34.723908716
POLYGON_POINT 32.482137449 34.723936935 32.482137449 34.723936935
POLYGON_POINT 32.482687486 34.723762794 32.482687486 34.723762794
POLYGON_POINT 32.482761126 34.723649154 32.482731698 34.723576591
POLYGON_POINT 32.482761126 34.723649154 32.482761126 34.723649154
POLYGON_POINT 32.482434259 34.722863069 32.482434259 34.722863069
POLYGON_POINT 32.482434259 34.722863069 32.482385212 34.722760272
POLYGON_POINT 32.482265023 34.722807785 32.482265023 34.722807785
POLYGON_POINT 32.481998746 34.722905481 32.481998746 34.722905481
POLYGON_POINT 32.481998746 34.722905481 32.481888391 34.722939747
POLYGON_POINT 32.481836866 34.722857186 32.481836866 34.722857186
POLYGON_POINT 32.481675601 34.722504330 32.481675601 34.722504330
POLYGON_POINT 32.481675601 34.722504330 32.481652894 34.722458838
POLYGON_POINT 32.481616742 34.722431361 32.481616742 34.722431361
END_WINDING
BEGIN_WINDING
POLYGON_POINT 32.481083150 34.722679431 32.481083150 34.722679431
POLYGON_POINT 32.481641995 34.723995755 32.481641995 34.723995755
POLYGON_POINT 32.481721241 34.724074082 32.481774376 34.724062324
POLYGON_POINT 32.481721241 34.724074082 32.481721241 34.724074082
POLYGON_POINT 32.481870927 34.724034150 32.481870927 34.724034150
POLYGON_POINT 32.481870927 34.724034150 32.481934280 34.724012314
POLYGON_POINT 32.481883702 34.723907236 32.481883702 34.723907236
POLYGON_POINT 32.481241016 34.722445259 32.481241016 34.722445259
POLYGON_POINT 32.481195868 34.722436821 32.481175299 34.722465909
POLYGON_POINT 32.481195868 34.722436821 32.481195868 34.722436821
POLYGON_POINT 32.481083150 34.722679431 32.481110607 34.722742834
END_WINDING
BEGIN_WINDING
POLYGON_POINT 32.481038085 34.722551721 32.481038085 34.722551721
POLYGON_POINT 32.481120952 34.722372818 32.481120952 34.722372818
POLYGON_POINT 32.481120984 34.722297274 32.481102095 34.722262847
POLYGON_POINT 32.481120984 34.722297274 32.481120984 34.722297274
POLYGON_POINT 32.481068525 34.722203094 32.481068525 34.722203094
POLYGON_POINT 32.481068525 34.722203094 32.481052921 34.722180143
POLYGON_POINT 32.481023639 34.722184848 32.481023639 34.722184848
POLYGON_POINT 32.480917822 34.722214213 32.480917822 34.722214213
POLYGON_POINT 32.480917822 34.722214213 32.480877579 34.722227714
POLYGON_POINT 32.480900176 34.722266907 32.480900176 34.722266907
POLYGON_POINT 32.481024352 34.722542943 32.481024352 34.722542943
POLYGON_POINT 32.481038085 34.722551721 32.481044686 34.722540418
END_WINDING
BEGIN_WINDING
POLYGON_POINT 32.481332471 34.722259369 32.481332471 34.722259369
POLYGON_POINT 32.481601097 34.722353672 32.481601097 34.722353672
POLYGON_POINT 32.481601097 34.722353672 32.481648781 34.722377468
POLYGON_POINT 32.481644277 34.722337607 32.481644277 34.722337607
POLYGON_POINT 32.481541039 34.722114923 32.481541039 34.722114923
POLYGON_POINT 32.481541039 34.722114923 32.481512088 34.722043536
POLYGON_POINT 32.481436014 34.722054426 32.481436014 34.722054426
POLYGON_POINT 32.481283211 34.722102090 32.481283211 34.722102090
POLYGON_POINT 32.481283211 34.722102090 32.481233934 34.722117481
POLYGON_POINT 32.481233606 34.722150956 32.481233606 34.722150956
POLYGON_POINT 32.481253019 34.722207524 32.481253019 34.722207524
POLYGON_POINT 32.481253019 34.722207524 32.481265831 34.722241546
END_WINDING
END_POLYGON
BEGIN_POLYGON 4 65 4
BEGIN_WINDING
POLYGON_POINT 32.490692350 34.713429520 32.490692350 34.713429520
POLYGON_POINT 32.491553439 34.713083963 32.491553439 34.713083963
POLYGON_POINT 32.491553439 34.713083963 32.491707917 34.713019463
POLYGON_POINT 32.491699887 34.712927304 32.491699887 34.712927304
POLYGON_POINT 32.491520406 34.711815968 32.491520406 34.711815968
POLYGON_POINT 32.491866398 34.711554627 32.492213601 34.711668309
POLYGON_POINT 32.491866398 34.711554627 32.491866398 34.711554627
POLYGON_POINT 32.493892787 34.712255980 32.493892787 34.712255980
POLYGON_POINT 32.494127201 34.712269470 32.494239302 34.712236809
POLYGON_POINT 32.494127201 34.712269470 32.494127201 34.712269470
POLYGON_POINT 32.504587234 34.709087476 32.504587234 34.709087476
POLYGON_POINT 32.505344304 34.709031743 32.505689487 34.709092165
POLYGON_POINT 32.505344304 34.709031743 32.505344304 34.709031743
POLYGON_POINT 32.505344304 34.709031743 32.505580554 34.709073097
POLYGON_POINT 32.505836667 34.709390220 32.505903418 34.709528631
POLYGON_POINT 32.505836667 34.709390220 32.505836667 34.709390220
POLYGON_POINT 32.506528702 34.710931086 32.506528702 34.710931086
POLYGON_POINT 32.506528702 34.710931086 32.506554717 34.710992325
POLYGON_POINT 32.506653331 34.710969759 32.506653331 34.710969759
POLYGON_POINT 32.508271277 34.710484021 32.508271277 34.710484021
POLYGON_POINT 32.508661840 34.711362002 32.508661840 34.711362002
POLYGON_POINT 32.507052419 34.711826019 32.507052419 34.711826019
POLYGON_POINT 32.507052419 34.711826019 32.506962512 34.711856254
POLYGON_POINT 32.506987797 34.711919741 32.506987797 34.711919741
POLYGON_POINT 32.507428544 34.712961454 32.507428544 34.712961454
POLYGON_POINT 32.507502633 34.712984947 32.507551116 34.712971338
POLYGON_POINT 32.507502633 34.712984947 32.507502633 34.712984947
POLYGON_POINT 32.511025005 34.711918474 32.511025005 34.711918474
POLYGON_POINT 32.511203644 34.712006428 32.511262133 34.712120824
POLYGON_POINT 32.511203644 34.712006428 32.511203644 34.712006428
POLYGON_POINT 32.511792092 34.713122322 32.511792092 34.713122322
POLYGON_POINT 32.511792092 34.713122322 32.511824786 34.713181111
POLYGON_POINT 32.511735173 34.713205987 32.511735173 34.713205987
POLYGON_POINT 32.511603498 34.713248236 32.511603498 34.713248236
POLYGON_POINT 32.511575066 34.713172970 32.511575066 34.713172970
POLYGON_POINT 32.511678039 34.713140478 32.511678039 34.713140478
POLYGON_POINT 32.511719000 34.713103257 32.511707328 34.713080806
POLYGON_POINT 32.511719000 34.713103257 32.511719000 34.713103257
POLYGON_POINT 32.511144207 34.712033070 32.511144207 34.712033070
POLYGON_POINT 32.511144207 34.712033070 32.511090032 34.711942128
POLYGON_POINT 32.510985046 34.711978242 32.510985046 34.711978242
POLYGON_POINT 32.507502960 34.713043164 32.507502960 34.713043164
POLYGON_POINT 32.507502960 34.713043164 32.507403629 34.713071353
POLYGON_POINT 32.507242979 34.713030676 32.507143648 34.713056921
POLYGON_POINT 32.507242979 34.713030676 32.507242979 34.713030676
POLYGON_POINT 32.501092355 34.714885553 32.501092355 34.714885553
POLYGON_POINT 32.501068189 34.714834472 32.501068189 34.714834472
POLYGON_POINT 32.507223694 34.712989145 32.507223694 34.712989145
POLYGON_POINT 32.507223694 34.712989145 32.507265269 34.712977025
POLYGON_POINT 32.507232229 34.712903732 32.507223402 34.712862613
POLYGON_POINT 32.507276466 34.712806549 32.507255869 34.712748499
POLYGON_POINT 32.507276466 34.712806549 32.507276466 34.712806549
POLYGON_POINT 32.505782596 34.709417226 32.505782596 34.709417226
POLYGON_POINT 32.505782596 34.709417226 32.505736447 34.709316347
POLYGON_POINT 32.505319785 34.709094247 32.505083529 34.709052435
POLYGON_POINT 32.505319785 34.709094247 32.505319785 34.709094247
POLYGON_POINT 32.505319785 34.709094247 32.505003735 34.709038313
POLYGON_POINT 32.504618711 34.709139477 32.504618711 34.709139477
POLYGON_POINT 32.494141074 34.712326727 32.494141074 34.712326727
POLYGON_POINT 32.494141074 34.712326727 32.494017897 34.712366225
POLYGON_POINT 32.493864196 34.712315479 32.493864196 34.712315479
POLYGON_POINT 32.491836835 34.711622795 32.491836835 34.711622795
POLYGON_POINT 32.491836835 34.711622795 32.491630867 34.711557488
POLYGON_POINT 32.491597972 34.711820570 32.491597972 34.711820570
POLYGON_POINT 32.491768680 34.712927642 32.491768680 34.712927642
POLYGON_POINT 32.491588634 34.713132891 32.491394924 34.713209485
POLYGON_POINT 32.491588634 34.713132891 32.491588634 34.713132891
POLYGON_POINT 32.490712299 34.713475827 32.490712299 34.713475827
END_WINDING
BEGIN_WINDING
POLYGON_POINT 32.506908494 34.711753972 32.506908494 34.711753972
POLYGON_POINT 32.507029196 34.711797031 32.507110909 34.711777530
POLYGON_POINT 32.507029196 34.711797031 32.507029196 34.711797031
POLYGON_POINT 32.508491295 34.711364570 32.508491295 34.711364570
POLYGON_POINT 32.508491295 34.711364570 32.508574326 34.711339652
POLYGON_POINT 32.508523179 34.711224161 32.508523179 34.711224161
POLYGON_POINT 32.508261277 34.710640058 32.508261277 34.710640058
POLYGON_POINT 32.508261277 34.710640058 32.508218576 34.710555552
POLYGON_POINT 32.508040368 34.710608232 32.508040368 34.710608232
POLYGON_POINT 32.506673920 34.711010738 32.506673920 34.711010738
POLYGON_POINT 32.506673920 34.711010738 32.506588517 34.711036740
POLYGON_POINT 32.506623817 34.711136171 32.506623817 34.711136171
END_WINDING
END_POLYGON
BEGIN_POLYGON 3 65 4
BEGIN_WINDING
POLYGON_POINT 32.482377487 34.710980478 32.482377487 34.710980478
POLYGON_POINT 32.479496079 34.711840624 32.479496079 34.711840624
POLYGON_POINT 32.479717052 34.712352959 32.479717052 34.712352959
POLYGON_POINT 32.479393220 34.712460090 32.479393220 34.712460090
POLYGON_POINT 32.479586310 34.712953210 32.479586310 34.712953210
POLYGON_POINT 32.479911430 34.712866760 32.479911430 34.712866760
POLYGON_POINT 32.480236390 34.713612400 32.480236390 34.713612400
POLYGON_POINT 32.478924995 34.714050675 32.478924995 34.714050675
POLYGON_POINT 32.479364290 34.715025697 32.479364290 34.715025697
POLYGON_POINT 32.481177837 34.714492321 32.481177837 34.714492321
POLYGON_POINT 32.481211290 34.714570250 32.481211290 34.714570250
POLYGON_POINT 32.478374783 34.715403341 32.478374783 34.715403341
POLYGON_POINT 32.478374783 34.715403341 32.478198230 34.715456554
POLYGON_POINT 32.478284205 34.715622131 32.478284205 34.715622131
POLYGON_POINT 32.479925988 34.719319803 32.479925988 34.719319803
POLYGON_POINT 32.479845414 34.719344341 32.479845414 34.719344341
POLYGON_POINT 32.478210918 34.715647196 32.478210918 34.715647196
POLYGON_POINT 32.478210918 34.715647196 32.478143239 34.715516583
POLYGON_POINT 32.477978937 34.715564729 32.477978937 34.715564729
POLYGON_POINT 32.477472378 34.715749487 32.477472378 34.715749487
POLYGON_POINT 32.477402245 34.715770158 32.477402245 34.715770158
POLYGON_POINT 32.477369004 34.715619448 32.477369004 34.715619448
POLYGON_POINT 32.477310978 34.715197112 32.477310978 34.715197112
POLYGON_POINT 32.477803491 34.714227790 32.477803491 34.714227790
POLYGON_POINT 32.478327566 34.712938427 32.478201041 34.712626406
POLYGON_POINT 32.478353938 34.712295634 32.478418671 34.712206140
POLYGON_POINT 32.478784449 34.711992294 32.479069862 34.711907637
POLYGON_POINT 32.478784449 34.711992294 32.478784449 34.711992294
POLYGON_POINT 32.482353615 34.710926394 32.482353615 34.710926394
END_WINDING
BEGIN_WINDING
POLYGON_POINT 32.479746562 34.712951262 32.479746562 34.712951262
POLYGON_POINT 32.479253413 34.713088648 32.479253413 34.713088648
POLYGON_POINT 32.478817935 34.712155973 32.478817935 34.712155973
POLYGON_POINT 32.478817935 34.712155973 32.478793415 34.712099535
POLYGON_POINT 32.478478968 34.712333026 32.478355387 34.712542007
POLYGON_POINT 32.478422474 34.712910627 32.478503194 34.713130573
POLYGON_POINT 32.478422474 34.712910627 32.478422474 34.712910627
POLYGON_POINT 32.478863830 34.713923605 32.478863830 34.713923605
POLYGON_POINT 32.480030802 34.713549664 32.480030802 34.713549664
END_WINDING
BEGIN_WINDING
POLYGON_POINT 32.478421577 34.714339133 32.478421577 34.714339133
POLYGON_POINT 32.478768380 34.714239816 32.478768380 34.714239816
POLYGON_POINT 32.478768380 34.714239816 32.478875777 34.714204871
POLYGON_POINT 32.478696782 34.714068771 32.478591622 34.714101877
POLYGON_POINT 32.478696782 34.714068771 32.478696782 34.714068771
POLYGON_POINT 32.478325368 34.714179123 32.478325368 34.714179123
POLYGON_POINT 32.478325368 34.714179123 32.478240345 34.714204872
POLYGON_POINT 32.478421577 34.714339133 32.478520024 34.714309706
END_WINDING
END_POLYGON
BEGIN_POLYGON 3 65 4
BEGIN_WINDING
POLYGON_POINT 32.511575066 34.713172970 32.511575066 34.713172970
POLYGON_POINT 32.511603498 34.713248236 32.511603498 34.713248236
POLYGON_POINT 32.512038470 34.714399700 32.512038470 34.714399700
POLYGON_POINT 32.512038470 34.714399700 32.512156209 34.714706449
POLYGON_POINT 32.511832514 34.714814202 32.511832514 34.714814202
POLYGON_POINT 32.504376165 34.716958658 32.504376165 34.716958658
POLYGON_POINT 32.497161929 34.720604732 32.497161929 34.720604732
POLYGON_POINT 32.497161929 34.720604732 32.497003024 34.720680197
POLYGON_POINT 32.496787827 34.720647096 32.496676749 34.720696135
POLYGON_POINT 32.496410249 34.720942677 32.496212501 34.721006532
POLYGON_POINT 32.496410249 34.720942677 32.496410249 34.720942677
POLYGON_POINT 32.491454058 34.722438536 32.491454058 34.722438536
POLYGON_POINT 32.491454058 34.722438536 32.491081307 34.722496989
POLYGON_POINT 32.490956481 34.722238593 32.490956481 34.722238593
POLYGON_POINT 32.489702583 34.719514622 32.489702583 34.719514622
POLYGON_POINT 32.489681852 34.719469586 32.489681852 34.719469586
POLYGON_POINT 32.489858753 34.719410879 32.489858753 34.719410879
POLYGON_POINT 32.490964042 34.721932332 32.490964042 34.721932332
POLYGON_POINT 32.490992056 34.721995683 32.490992056 34.721995683
POLYGON_POINT 32.491051519 34.722130154 32.491051519 34.722130154
POLYGON_POINT 32.491458075 34.722314782 32.491769518 34.722260360
POLYGON_POINT 32.491458075 34.722314782 32.491458075 34.722314782
POLYGON_POINT 32.492308624 34.722053887 32.492308624 34.722053887
POLYGON_POINT 32.492424118 34.722018461 32.492424118 34.722018461
POLYGON_POINT 32.493782191 34.721601890 32.493782191 34.721601890
POLYGON_POINT 32.493970410 34.721544157 32.493970410 34.721544157
POLYGON_POINT 32.496377605 34.720805781 32.496377605 34.720805781
POLYGON_POINT 32.496377605 34.720805781 32.496536510 34.720747731
POLYGON_POINT 32.496638776 34.720528170 32.496638776 34.720528170
POLYGON_POINT 32.496340775 34.720120578 32.496340775 34.720120578
POLYGON_POINT 32.496340775 34.720120578 32.496287807 34.720056723
POLYGON_POINT 32.496206240 34.720084520 32.496206240 34.720084520
POLYGON_POINT 32.495376530 34.720327020 32.495376530 34.720327020
POLYGON_POINT 32.495333750 34.720229420 32.495333750 34.720229420
POLYGON_POINT 32.496167554 34.719980981 32.496167554 34.719980981
POLYGON_POINT 32.496206817 34.719916272 32.496178207 34.719875959
POLYGON_POINT 32.496206817 34.719916272 32.496206817 34.719916272
POLYGON_POINT 32.495389749 34.718739550 32.495389749 34.718739550
POLYGON_POINT 32.495389749 34.718739550 32.495357393 34.718694758
POLYGON_POINT 32.495281540 34.718716357 32.495281540 34.718716357
POLYGON_POINT 32.494746738 34.718890191 32.494746738 34.718890191
POLYGON_POINT 32.494709130 34.718804390 32.494709130 34.718804390
POLYGON_POINT 32.495226125 34.718639035 32.495226125 34.718639035
POLYGON_POINT 32.495236961 34.718532706 32.495192685 34.718462719
POLYGON_POINT 32.495236961 34.718532706 32.495236961 34.718532706
POLYGON_POINT 32.494861192 34.718004358 32.494861192 34.718004358
POLYGON_POINT 32.494985153 34.717953635 32.494985153 34.717953635
POLYGON_POINT 32.496742799 34.720447234 32.496742799 34.720447234
POLYGON_POINT 32.497075466 34.720513885 32.497241433 34.720441322
POLYGON_POINT 32.497075466 34.720513885 32.497075466 34.720513885
POLYGON_POINT 32.500960986 34.718537556 32.500960986 34.718537556
POLYGON_POINT 32.501021486 34.718409688 32.500975507 34.718339701
POLYGON_POINT 32.501021486 34.718409688 32.501021486 34.718409688
POLYGON_POINT 32.500690225 34.717932278 32.500690225 34.717932278
POLYGON_POINT 32.500690225 34.717932278 32.500664767 34.717897176
POLYGON_POINT 32.500543820 34.717910570 32.500543820 34.717910570
POLYGON_POINT 32.500543820 34.717910570 32.500628511 34.717875880
POLYGON_POINT 32.500763236 34.717782820 32.500823788 34.717734678
POLYGON_POINT 32.500763236 34.717782820 32.500763236 34.717782820
POLYGON_POINT 32.500785217 34.717882961 32.500813960 34.717922788
POLYGON_POINT 32.500785217 34.717882961 32.500785217 34.717882961
POLYGON_POINT 32.501143854 34.718356481 32.501143854 34.718356481
POLYGON_POINT 32.501143854 34.718356481 32.501196821 34.718419369
POLYGON_POINT 32.501310941 34.718357629 32.501310941 34.718357629
POLYGON_POINT 32.501899668 34.718059335 32.501899668 34.718059335
POLYGON_POINT 32.502385797 34.717813025 32.502385797 34.717813025
POLYGON_POINT 32.502910106 34.717547371 32.502910106 34.717547371
POLYGON_POINT 32.503003027 34.717382163 32.502958888 34.717285412
POLYGON_POINT 32.503003027 34.717382163 32.503003027 34.717382163
POLYGON_POINT 32.502839735 34.717020144 32.502839735 34.717020144
POLYGON_POINT 32.502582386 34.716321499 32.502582386 34.716321499
POLYGON_POINT 32.502455290 34.715976460 32.502455290 34.715976460
END_WINDING
BEGIN_WINDING
POLYGON_POINT 32.509966391 34.715225338 32.509966391 34.715225338
POLYGON_POINT 32.511760173 34.714721552 32.511760173 34.714721552
POLYGON_POINT 32.511760173 34.714721552 32.511922011 34.714670758
POLYGON_POINT 32.511909743 34.714430035 32.511877375 34.714359891
POLYGON_POINT 32.511909743 34.714430035 32.511909743 34.714430035
POLYGON_POINT 32.511740238 34.714040297 32.511740238 34.714040297
POLYGON_POINT 32.511740238 34.714040297 32.511701986 34.713967734
POLYGON_POINT 32.511551683 34.714016586 32.511551683 34.714016586
POLYGON_POINT 32.509679254 34.714587685 32.509679254 34.714587685
POLYGON_POINT 32.509679254 34.714587685 32.509570381 34.714619129
POLYGON_POINT 32.509619439 34.714712183 32.509619439 34.714712183
POLYGON_POINT 32.509815092 34.715168515 32.509815092 34.715168515
POLYGON_POINT 32.509966391 34.715225338 32.510086953 34.715193424
END_WINDING
BEGIN_WINDING
POLYGON_POINT 32.503251212 34.717372814 32.503251212 34.717372814
POLYGON_POINT 32.504125732 34.716939790 32.504125732 34.716939790
POLYGON_POINT 32.504165574 34.716797512 32.504116531 34.716698746
POLYGON_POINT 32.504165574 34.716797512 32.504165574 34.716797512
POLYGON_POINT 32.503995722 34.716425158 32.503995722 34.716425158
POLYGON_POINT 32.503995722 34.716425158 32.503958940 34.716340501
POLYGON_POINT 32.503798865 34.716398726 32.503798865 34.716398726
POLYGON_POINT 32.502946770 34.716658790 32.502946770 34.716658790
POLYGON_POINT 32.502862874 34.716762231 32.502897204 34.716838825
POLYGON_POINT 32.502862874 34.716762231 32.502862874 34.716762231
POLYGON_POINT 32.503102312 34.717293586 32.503102312 34.717293586
POLYGON_POINT 32.503251212 34.717372814 32.503346846 34.717326454
END_WINDING
BEGIN_WINDING
POLYGON_POINT 32.506299793 34.715478675 32.506299793 34.715478675
POLYGON_POINT 32.507719890 34.715067041 32.507719890 34.715067041
POLYGON_POINT 32.507817260 34.714945465 32.507780479 34.714856441
POLYGON_POINT 32.507817260 34.714945465 32.507817260 34.714945465
POLYGON_POINT 32.507672109 34.714599729 32.507672109 34.714599729
POLYGON_POINT 32.507506141 34.714528221 32.507379449 34.714568534
POLYGON_POINT 32.507506141 34.714528221 32.507506141 34.714528221
POLYGON_POINT 32.506061923 34.714966671 32.506061923 34.714966671
POLYGON_POINT 32.506061923 34.714966671 32.505957709 34.714998585
POLYGON_POINT 32.506007723 34.715129565 32.506007723 34.715129565
POLYGON_POINT 32.506139580 34.715397759 32.506139580 34.715397759
POLYGON_POINT 32.506299793 34.715478675 32.506414224 34.715448440
END_WINDING
BEGIN_WINDING
POLYGON_POINT 32.504147363 34.716160829 32.504147363 34.716160829
POLYGON_POINT 32.505888206 34.715654863 32.505888206 34.715654863
POLYGON_POINT 32.505985577 34.715533287 32.505948795 34.715444263
POLYGON_POINT 32.505985577 34.715533287 32.505985577 34.715533287
POLYGON_POINT 32.505834212 34.715155099 32.505834212 34.715155099
POLYGON_POINT 32.505668243 34.715083592 32.505541550 34.715123905
POLYGON_POINT 32.505668243 34.715083592 32.505668243 34.715083592
POLYGON_POINT 32.503903280 34.715616374 32.503903280 34.715616374
POLYGON_POINT 32.503903280 34.715616374 32.503799065 34.715648288
POLYGON_POINT 32.503849079 34.715779267 32.503849079 34.715779267
POLYGON_POINT 32.503987150 34.716079913 32.503987150 34.716079913
POLYGON_POINT 32.504147363 34.716160829 32.504261795 34.716130594
END_WINDING
BEGIN_WINDING
POLYGON_POINT 32.504458545 34.716797804 32.504458545 34.716797804
POLYGON_POINT 32.506199402 34.716291838 32.506199402 34.716291838
POLYGON_POINT 32.506296773 34.716170262 32.506259991 34.716081238
POLYGON_POINT 32.506296773 34.716170262 32.506296773 34.716170262
POLYGON_POINT 32.506145407 34.715792074 32.506145407 34.715792074
POLYGON_POINT 32.505979436 34.715720567 32.505852742 34.715760880
POLYGON_POINT 32.505979436 34.715720567 32.505979436 34.715720567
POLYGON_POINT 32.504214460 34.716253348 32.504214460 34.716253348
POLYGON_POINT 32.504214460 34.716253348 32.504110244 34.716285262
POLYGON_POINT 32.504160259 34.716416241 32.504160259 34.716416241
POLYGON_POINT 32.504298330 34.716716888 32.504298330 34.716716888
POLYGON_POINT 32.504458545 34.716797804 32.504572978 34.716767569
END_WINDING
BEGIN_WINDING
POLYGON_POINT 32.506617076 34.716185867 32.506617076 34.716185867
POLYGON_POINT 32.508037185 34.715774233 32.508037185 34.715774233
POLYGON_POINT 32.508134556 34.715652657 32.508097774 34.715563633
POLYGON_POINT 32.508134556 34.715652657 32.508134556 34.715652657
POLYGON_POINT 32.507956707 34.715221256 32.507956707 34.715221256
POLYGON_POINT 32.507790737 34.715149749 32.507664044 34.715190062
POLYGON_POINT 32.507790737 34.715149749 32.507790737 34.715149749
POLYGON_POINT 32.506346509 34.715588199 32.506346509 34.715588199
POLYGON_POINT 32.506346509 34.715588199 32.506242294 34.715620113
POLYGON_POINT 32.506292309 34.715751092 32.506292309 34.715751092
POLYGON_POINT 32.506456862 34.716104951 32.506456862 34.716104951
POLYGON_POINT 32.506617076 34.716185867 32.506731508 34.716155632
END_WINDING
BEGIN_WINDING
POLYGON_POINT 32.508097709 34.714931144 32.508097709 34.714931144
POLYGON_POINT 32.509255436 34.714594743 32.509255436 34.714594743
POLYGON_POINT 32.509352805 34.714473168 32.509316024 34.714384144
POLYGON_POINT 32.509352805 34.714473168 32.509352805 34.714473168
POLYGON_POINT 32.509210271 34.714133680 32.509210271 34.714133680
POLYGON_POINT 32.509044303 34.714062172 32.508917612 34.714102485
POLYGON_POINT 32.509044303 34.714062172 32.509044303 34.714062172
POLYGON_POINT 32.507862456 34.714425389 32.507862456 34.714425389
POLYGON_POINT 32.507862456 34.714425389 32.507758242 34.714457303
POLYGON_POINT 32.507808257 34.714588282 32.507808257 34.714588282
POLYGON_POINT 32.507937497 34.714850228 32.507937497 34.714850228
POLYGON_POINT 32.508097709 34.714931144 32.508212140 34.714900909
END_WINDING
BEGIN_WINDING
POLYGON_POINT 32.508423128 34.715654219 32.508423128 34.715654219
POLYGON_POINT 32.509580865 34.715317818 32.509580865 34.715317818
POLYGON_POINT 32.509678235 34.715196242 32.509641453 34.715107218
POLYGON_POINT 32.509678235 34.715196242 32.509678235 34.715196242
POLYGON_POINT 32.509500387 34.714764842 32.509500387 34.714764842
POLYGON_POINT 32.509334419 34.714693334 32.509207727 34.714733647
POLYGON_POINT 32.509334419 34.714693334 32.509334419 34.714693334
POLYGON_POINT 32.508152563 34.715056551 32.508152563 34.715056551
POLYGON_POINT 32.508152563 34.715056551 32.508048348 34.715088465
POLYGON_POINT 32.508098363 34.715219444 32.508098363 34.715219444
POLYGON_POINT 32.508262915 34.715573303 32.508262915 34.715573303
POLYGON_POINT 32.508423128 34.715654219 32.508537560 34.715623984
END_WINDING
BEGIN_WINDING
POLYGON_POINT 32.509666502 34.714484135 32.509666502 34.714484135
POLYGON_POINT 32.511544509 34.713914359 32.511544509 34.713914359
POLYGON_POINT 32.511544509 34.713914359 32.511654852 34.713878078
POLYGON_POINT 32.511609822 34.713783161 32.511609822 34.713783161
POLYGON_POINT 32.511449019 34.713407465 32.511449019 34.713407465
POLYGON_POINT 32.511295114 34.713364388 32.511162702 34.713404701
POLYGON_POINT 32.511295114 34.713364388 32.511295114 34.713364388
POLYGON_POINT 32.509405433 34.713943776 32.509405433 34.713943776
POLYGON_POINT 32.509405433 34.713943776 32.509297133 34.713980729
POLYGON_POINT 32.509335508 34.714054097 32.509335508 34.714054097
POLYGON_POINT 32.509493610 34.714397340 32.509493610 34.714397340
POLYGON_POINT 32.509666502 34.714484135 32.509793617 34.714445822
END_WINDING
BEGIN_WINDING
POLYGON_POINT 32.502534620 34.716049944 32.502534620 34.716049944
POLYGON_POINT 32.502742508 34.716557687 32.502742508 34.716557687
POLYGON_POINT 32.503779586 34.716253964 32.503779586 34.716253964
POLYGON_POINT 32.503871000 34.716152926 32.503847460 34.716077944
POLYGON_POINT 32.503871000 34.716152926 32.503871000 34.716152926
POLYGON_POINT 32.503712919 34.715789953 32.503712919 34.715789953
POLYGON_POINT 32.503712919 34.715789953 32.503677608 34.715710134
POLYGON_POINT 32.503559366 34.715750053 32.503559366 34.715750053
END_WINDING
END_POLYGON
BEGIN_POLYGON 3 65 2
BEGIN_WINDING
POLYGON_POINT 32.494325721 34.720644798
POLYGON_POINT 32.494644488 34.720548399
POLYGON_POINT 32.494839849 34.720984705
POLYGON_POINT 32.494521055 34.721081124
END_WINDING
END_POLYGON
BEGIN_POLYGON 3 65 4
BEGIN_WINDING
POLYGON_POINT 32.494049359 34.720728373 32.494049359 34.720728373
POLYGON_POINT 32.494221229 34.721137603 32.494221229 34.721137603
POLYGON_POINT 32.493793059 34.721262117 32.493793059 34.721262117
POLYGON_POINT 32.493863013 34.721451156 32.493863013 34.721451156
POLYGON_POINT 32.493863013 34.721451156 32.493889031 34.721514339
POLYGON_POINT 32.493970410 34.721544157 32.493970410 34.721544157
POLYGON_POINT 32.493782191 34.721601890 32.493782191 34.721601890
POLYGON_POINT 32.493789444 34.721506787 32.493769339 34.721462073
POLYGON_POINT 32.493789444 34.721506787 32.493789444 34.721506787
POLYGON_POINT 32.493690603 34.721291912 32.493690603 34.721291912
POLYGON_POINT 32.493335784 34.721395095 32.493335784 34.721395095
POLYGON_POINT 32.493168223 34.720994840 32.493168223 34.720994840
END_WINDING
END_POLYGON
BEGIN_POLYGON 3 65 4
BEGIN_WINDING
POLYGON_POINT 32.490964042 34.721932332 32.490964042 34.721932332
POLYGON_POINT 32.491362971 34.721824185 32.491362971 34.721824185
POLYGON_POINT 32.491249970 34.721577471 32.491249970 34.721577471
POLYGON_POINT 32.492089532 34.721336240 32.492089532 34.721336240
POLYGON_POINT 32.492327011 34.721899650 32.492327011 34.721899650
POLYGON_POINT 32.492327011 34.721899650 32.492345072 34.721944965
POLYGON_POINT 32.492424118 34.722018461 32.492424118 34.722018461
POLYGON_POINT 32.492308624 34.722053887 32.492308624 34.722053887
POLYGON_POINT 32.492237057 34.721923606 32.492237057 34.721923606
POLYGON_POINT 32.491487532 34.722123212 32.491487532 34.722123212
POLYGON_POINT 32.491391221 34.721882235 32.491391221 34.721882235
POLYGON_POINT 32.490992056 34.721995683 32.490992056 34.721995683
END_WINDING
END_POLYGON
BEGIN_POLYGON 3 65 2
BEGIN_WINDING
POLYGON_POINT 32.501899668 34.718059335
POLYGON_POINT 32.501547365 34.717585263
POLYGON_POINT 32.502034612 34.717340685
POLYGON_POINT 32.502385797 34.717813025
END_WINDING
END_POLYGON
FILTER -1
FILTER 0
FILTER -1
FILTER 0
FILTER -1
FILTER 0
FILTER -1
FILTER 0
FILTER -1
FILTER 0
OBJECT 0 32.478378218 34.714302647 0.000000
OBJECT 0 32.478771072 34.714179131 0.000000
OBJECT 0 32.478690793 34.714098241 0.000000
OBJECT 0 32.478421472 34.714203611 0.000000
OBJECT 0 32.478477149 34.714269601 0.000000
OBJECT 0 32.510411955 34.713279140 0.000000
OBJECT 0 32.510428903 34.713139820 0.000000
OBJECT 0 32.510428903 34.713021397 0.000000
OBJECT 0 32.510416192 34.712927355 0.000000
OBJECT 0 32.510390770 34.712805450 0.000000
OBJECT 0 32.510390770 34.712721857 0.000000
OBJECT 0 32.510373821 34.712613884 0.000000
OBJECT 0 32.510373821 34.712498944 0.000000
OBJECT 0 32.510369584 34.712384004 0.000000
OBJECT 0 32.509962824 34.712415351 0.000000
OBJECT 0 32.509992484 34.712519842 0.000000
OBJECT 0 32.510005195 34.712613884 0.000000
OBJECT 0 32.510009432 34.712704442 0.000000
OBJECT 0 32.510034855 34.712795001 180.000000
OBJECT 0 32.510047566 34.712864661 0.000000
OBJECT 0 32.510051803 34.712972635 0.000000
OBJECT 0 32.510085700 34.713073642 180.000000
OBJECT 0 32.510064514 34.713226895 0.000000
OBJECT 0 32.510115359 34.713373182 0.000000
OBJECT 0 32.510119596 34.713477672 0.000000
OBJECT 1 32.487949356 34.711733343 0.000000
OBJECT 1 32.487883232 34.711858362 0.000000
OBJECT 1 32.487817107 34.711979034 0.000000
OBJECT 1 32.487737757 34.712123622 0.000000
OBJECT 1 32.487680890 34.712227987 0.000000
OBJECT 2 32.488972965 34.711807267 0.000000
OBJECT 2 32.489155469 34.711875757 0.000000
OBJECT 2 32.489302266 34.711930113 0.000000
OBJECT 2 32.488840716 34.711756172 0.000000
OBJECT 3 32.481580066 34.714498961 0.000000
OBJECT 3 32.483576301 34.714255790 0.000000
OBJECT 3 32.484600420 34.714341765 0.000000
OBJECT 3 32.485341273 34.714624766 0.000000
OBJECT 3 32.486082129 34.714904186 0.000000
OBJECT 3 32.486827344 34.715187188 0.000000
OBJECT 3 32.490296310 34.713485595 0.000000
OBJECT 3 32.489433446 34.713636051 0.000000
OBJECT 3 32.488635951 34.713349467 0.000000
OBJECT 3 32.487925614 34.713070048 0.000000
OBJECT 3 32.487115050 34.712761970 0.000000
OBJECT 3 32.486417790 34.712489715 0.000000
OBJECT 3 32.485742324 34.712231790 0.000000
OBJECT 3 32.484674653 34.712131485 0.000000
OBJECT 3 32.483842305 34.712392993 0.000000
OBJECT 3 32.483005596 34.712661666 0.000000
OBJECT 3 32.482147095 34.712926756 0.000000
OBJECT 3 32.481297305 34.713177517 0.000000
OBJECT 4 32.484806822 34.711994021 200.320007
OBJECT 4 32.484759130 34.712013250 201.800003
OBJECT 4 32.484711075 34.712019214 201.800003
OBJECT 4 32.484374178 34.712125589 201.339996
OBJECT 4 32.484327717 34.712139631 201.960007
OBJECT 4 32.484283759 34.712151169 201.800003
OBJECT 4 32.484236756 34.712168074 201.500000
OBJECT 5 32.483669999 34.711334838 200.449997
OBJECT 6 32.483735292 34.711521493 0.000000
OBJECT 6 32.483708091 34.711528201 0.000000
OBJECT 6 32.483675450 34.711528201 0.000000
OBJECT 6 32.483788597 34.711543408 0.000000
OBJECT 6 32.483697210 34.711555034 0.000000
OBJECT 6 32.483743452 34.711543854 0.000000
OBJECT 6 32.483751613 34.711568450 0.000000
OBJECT 6 32.483724411 34.711577394 0.000000
OBJECT 6 32.483699930 34.711581866 0.000000
OBJECT 7 32.484116644 34.711828523 25.459999
OBJECT 8 32.483946686 34.711900156 294.779999
OBJECT 8 32.483951037 34.711870346 289.089996
OBJECT 8 32.483943785 34.711838151 111.370003
OBJECT 8 32.483897367 34.711758261 117.650002
OBJECT 9 32.483908309 34.711543839 21.250000
OBJECT 10 32.486671731 34.711859635 109.949997
OBJECT 11 32.484287143 34.711793200 199.919998
OBJECT 11 32.484339378 34.711802535 196.699997
OBJECT 11 32.484179597 34.711839601 203.699997
OBJECT 11 32.484216344 34.711832367 203.050003
OBJECT 11 32.484251075 34.711814890 200.770004
OBJECT 11 32.484394278 34.711792598 201.970001
OBJECT 12 32.484378957 34.711945549 202.139999
OBJECT 12 32.484324554 34.711965673 202.380005
OBJECT 12 32.484267432 34.711979089 199.979996
OBJECT 12 32.484221547 34.711994888 199.179993
OBJECT 13 32.487357470 34.712117134 22.280001
OBJECT 14 32.487281319 34.712244588 200.970001
OBJECT 14 32.484916012 34.711754360 289.600006
OBJECT 15 32.485909685 34.712124050 19.500000
OBJECT 15 32.486063723 34.712213637 19.500000
OBJECT 15 32.485951959 34.712116928 19.500000
OBJECT 15 32.486209552 34.712332425 198.429993
OBJECT 15 32.486016906 34.712182526 198.429993
OBJECT 15 32.486013578 34.712260692 245.949997
OBJECT 5 32.487514103 34.711857070 200.070007
OBJECT 9 32.487359055 34.711866927 289.029999
OBJECT 9 32.487381349 34.711926489 289.029999
OBJECT 9 32.487269876 34.711888308 289.029999
OBJECT 9 32.487295887 34.711947871 289.029999
OBJECT 9 32.487182556 34.711908163 289.029999
OBJECT 16 32.482266492 34.724475713 201.800003
OBJECT 17 32.498058093 34.717694990 88.059998
OBJECT 17 32.499826860 34.717398331 123.889999
OBJECT 17 32.499701309 34.718588456 86.379997
OBJECT 17 32.498297451 34.719069249 41.869999
OBJECT 17 32.497108083 34.719421069 356.070007
OBJECT 17 32.496294930 34.718191189 305.809998
OBJECT 0 32.502253007 34.717411328 0.000000
OBJECT 0 32.502213179 34.717378590 90.000000
OBJECT 0 32.502185300 34.717408054 0.000000
OBJECT 0 32.502237076 34.717460434 0.000000
OBJECT 0 32.502245042 34.717522636 180.000000
OBJECT 0 32.502296818 34.717548826 0.000000
OBJECT 0 32.502332663 34.717624123 0.000000
OBJECT 0 32.502332663 34.717679777 0.000000
OBJECT 0 32.502384439 34.717725609 0.000000
OBJECT 0 32.502420284 34.717771442 0.000000
OBJECT 0 32.492109491 34.721987623 0.000000
OBJECT 0 32.492210231 34.721976279 0.000000
OBJECT 0 32.491802023 34.721368967 0.000000
OBJECT 0 32.491692625 34.721381651 0.000000
OBJECT 0 32.491587894 34.721426501 0.000000
OBJECT 0 32.492428540 34.721519590 0.000000
OBJECT 0 32.492516822 34.721604247 0.000000
OBJECT 0 32.492462872 34.721684872 0.000000
OBJECT 0 32.492345162 34.721696966 0.000000
OBJECT 0 32.492283854 34.721559903 0.000000
OBJECT 0 32.491734540 34.722079937 0.000000
OBJECT 0 32.491390440 34.722034218 0.000000
OBJECT 0 32.491484673 34.722089845 0.000000
OBJECT 0 32.491489054 34.722212284 0.000000
OBJECT 18 32.491964695 34.720788169 110.639999
OBJECT 18 32.491674310 34.720140234 109.400002
OBJECT 19 32.484149956 34.712693027 344.309998
OBJECT 19 32.483041576 34.712963822 343.790009
OBJECT 19 32.481629858 34.713403654 55.029999
OBJECT 19 32.485128238 34.713976805 290.839996
OBJECT 19 32.485787477 34.714543431 211.369995
OBJECT 19 32.486130883 34.714658817 199.570007
OBJECT 19 32.486832738 34.714963765 199.229996
OBJECT 19 32.487236305 34.715070909 211.289993
OBJECT 19 32.487428435 34.715008853 209.940002
OBJECT 20 32.482163293 34.713084480 20.450001
OBJECT 20 32.482682154 34.712938187 20.450001
OBJECT 20 32.483203523 34.712777472 20.450001
OBJECT 20 32.483729902 34.712624998 20.450001
OBJECT 21 32.484876904 34.712282137 20.280001
OBJECT 21 32.485875392 34.712479422 335.630005
OBJECT 20 32.486385065 34.712730112 335.670013
OBJECT 20 32.486677499 34.712762736 335.670013
OBJECT 20 32.486892647 34.712927572 335.670013
OBJECT 20 32.487396052 34.713111297 335.670013
OBJECT 20 32.487688487 34.713131901 335.670013
OBJECT 20 32.487889013 34.713305323 335.670013
OBJECT 20 32.488396598 34.713485614 335.230011
OBJECT 20 32.488684857 34.713507935 335.940002
OBJECT 20 32.488891652 34.713676206 335.239990
OBJECT 20 32.489458146 34.713800864 336.100006
OBJECT 22 32.489976851 34.713741454 21.070000
OBJECT 22 32.490519192 34.713575244 20.809999
OBJECT 23 32.484435521 34.712151257 205.309998
OBJECT 23 32.484465741 34.712140492 205.309998
OBJECT 23 32.484500997 34.712133868 205.309998
OBJECT 23 32.484540283 34.712129727 205.309998
OBJECT 23 32.484573525 34.712118963 205.309998
OBJECT 23 32.484932134 34.711912778 205.309998
OBJECT 23 32.484965376 34.711903669 205.309998
OBJECT 23 32.485004662 34.711892904 205.309998
OBJECT 23 32.485038911 34.711881312 205.309998
OBJECT 23 32.485042940 34.711974881 205.309998
OBJECT 23 32.484969405 34.711990614 205.309998
OBJECT 23 32.484933142 34.712004691 205.309998
OBJECT 23 32.484610796 34.712109854 205.309998
OBJECT 24 32.486167730 34.712318975 22.250000
OBJECT 25 32.484077967 34.712154000 115.769997
OBJECT 25 32.484065614 34.712127888 116.080002
OBJECT 25 32.484040908 34.712109030 295.989990
OBJECT 4 32.483781498 34.712167055 109.709999
OBJECT 25 32.483905026 34.711849367 309.609985
OBJECT 25 32.483905026 34.711888534 321.070007
OBJECT 25 32.483935026 34.711927701 297.980011
OBJECT 25 32.483890909 34.711826157 108.800003
OBJECT 25 32.483873262 34.711792792 297.220001
OBJECT 25 32.483869732 34.711734767 116.570000
OBJECT 4 32.485708084 34.712188370 342.179993
OBJECT 25 32.486109553 34.712106168 204.080002
OBJECT 26 32.479744859 34.712699518 202.929993
OBJECT 26 32.479834674 34.712440524 198.429993
OBJECT 27 32.479542802 34.712613323 291.410004
OBJECT 27 32.479578096 34.712691899 291.410004
OBJECT 27 32.479614861 34.712769266 291.410004
OBJECT 28 32.487194012 34.712293003 0.000000
OBJECT 28 32.487229362 34.712378702 0.000000
OBJECT 28 32.487174605 34.712145413 0.000000
OBJECT 28 32.487149873 34.712069174 0.000000
OBJECT 28 32.487118958 34.712013266 0.000000
OBJECT 28 32.487088044 34.711949733 0.000000
OBJECT 0 32.486559404 34.711649861 0.000000
OBJECT 29 32.484105733 34.712497717 20.450001
OBJECT 29 32.481520714 34.713287690 20.299999
OBJECT 30 32.487621434 34.712412581 155.419998
OBJECT 31 32.487718124 34.712420098 61.099998
OBJECT 32 32.487699522 34.712492307 0.000000
OBJECT 32 32.487727572 34.712500499 0.000000
OBJECT 32 32.487764112 34.712490790 0.000000
OBJECT 32 32.487789801 34.712500256 0.000000
OBJECT 32 32.487812998 34.712508266 0.000000
OBJECT 32 32.487834977 34.712515547 0.000000
OBJECT 32 32.487857565 34.712525013 0.000000
OBJECT 32 32.487837191 34.712471130 0.000000
OBJECT 32 32.487877053 34.712486421 0.000000
OBJECT 33 32.487777104 34.712415213 61.900002
OBJECT 33 32.487846493 34.712445250 61.900002
OBJECT 34 32.487854590 34.712481507 332.920013
OBJECT 34 32.487747186 34.712496102 63.380001
OBJECT 34 32.487770438 34.712505810 63.380001
OBJECT 34 32.487668422 34.712462060 63.380001
OBJECT 34 32.487696399 34.712473347 63.380001
OBJECT 34 32.487816205 34.712525228 63.380001
OBJECT 34 32.487839089 34.712534633 63.380001
OBJECT 34 32.487794992 34.712514599 63.869999
OBJECT 34 32.487720805 34.712484260 66.300003
OBJECT 0 32.481228062 34.722793275 0.000000
OBJECT 0 32.481331060 34.722948076 0.000000
OBJECT 0 32.481266318 34.722877932 0.000000
OBJECT 0 32.481366373 34.723100458 0.000000
OBJECT 0 32.481304574 34.722708619 0.000000
OBJECT 0 32.481336945 34.722776344 225.000000
OBJECT 0 32.481375201 34.722870676 0.000000
OBJECT 0 32.481422286 34.722994033 0.000000
OBJECT 0 32.481463485 34.723066596 180.000000
OBJECT 0 32.481495856 34.723153671 180.000000
OBJECT 0 32.481501741 34.723231072 0.000000
OBJECT 0 32.481590025 34.723293959 270.000000
OBJECT 0 32.481525284 34.723342335 180.000000
OBJECT 0 32.481587082 34.723393129 0.000000
OBJECT 0 32.481236982 34.722618565 0.000000
OBJECT 0 32.481678400 34.723564785 0.000000
OBJECT 0 32.481688994 34.723648958 0.000000
OBJECT 0 32.481745495 34.723846329 0.000000
OBJECT 0 32.481731370 34.723770864 0.000000
OBJECT 0 32.481826716 34.723898574 0.000000
OBJECT 0 32.481710182 34.723936307 0.000000
OBJECT 0 32.481826716 34.724005967 0.000000
OBJECT 0 32.481367641 34.722371851 0.000000
OBJECT 0 32.481364109 34.722453121 90.000000
OBJECT 0 32.481455924 34.722566319 180.000000
OBJECT 0 32.481498301 34.722650492 270.000000
OBJECT 0 32.481508895 34.722754983 90.000000
OBJECT 0 32.481646617 34.723016209 0.000000
OBJECT 0 32.481703119 34.723123602 0.000000
OBJECT 0 32.481745495 34.723233898 0.000000
OBJECT 0 32.481801997 34.723376121 0.000000
OBJECT 0 32.482554175 34.723704106 0.000000
OBJECT 0 32.482677772 34.723712813 0.000000
OBJECT 0 32.482529456 34.723756351 0.000000
OBJECT 0 32.482225759 34.723881159 0.000000
OBJECT 0 32.482126881 34.723904379 0.000000
OBJECT 0 32.481607682 34.723463273 0.000000
OBJECT 0 32.492306360 34.712275479 0.000000
OBJECT 0 32.491748482 34.712551218 0.000000
OBJECT 0 32.491847346 34.712469948 0.000000
OBJECT 0 32.491766136 34.712374165 33.689999
OBJECT 0 32.491727297 34.712255162 0.000000
OBJECT 0 32.491759075 34.712020058 0.000000
OBJECT 0 32.492027421 34.711970715 0.000000
OBJECT 0 32.492285175 34.711976520 135.000000
OBJECT 0 32.492175718 34.712086816 0.000000
OBJECT 0 32.492352261 34.712197111 0.000000
OBJECT 0 32.492444064 34.712051985 0.000000
OBJECT 0 32.492444064 34.711953300 0.000000
OBJECT 0 32.493009004 34.712127451 0.000000
OBJECT 0 32.492871300 34.712081011 0.000000
OBJECT 0 32.492705349 34.712127451 0.000000
OBJECT 0 32.492606484 34.712176794 123.690002
OBJECT 0 32.492620608 34.712069401 0.000000
OBJECT 0 32.492839522 34.712168086 180.000000
OBJECT 0 32.492691225 34.712246454 90.000000
OBJECT 0 32.492468780 34.712223234 90.000000
OBJECT 0 32.492200434 34.712202916 0.000000
OBJECT 0 32.492302829 34.712075206 0.000000
OBJECT 0 32.492133347 34.711953300 0.000000
OBJECT 0 32.492246335 34.711872029 0.000000
OBJECT 0 32.492038014 34.711779149 0.000000
OBJECT 0 32.492023890 34.711872029 104.040001
OBJECT 0 32.491836754 34.711869127 90.000000
OBJECT 0 32.491900310 34.711721099 0.000000
OBJECT 0 32.491727297 34.711692073 90.000000
OBJECT 0 32.491737889 34.711787856 225.000000
OBJECT 0 32.491730828 34.711924275 0.000000
OBJECT 0 32.492052137 34.712086816 0.000000
OBJECT 0 32.491914433 34.712017155 0.000000
OBJECT 0 32.492041544 34.712179696 0.000000
OBJECT 0 32.491893248 34.712281284 0.000000
OBJECT 0 32.492013297 34.712260967 270.000000
OBJECT 0 32.491910902 34.712170989 0.000000
OBJECT 0 32.491826161 34.712118743 0.000000
OBJECT 0 32.491822630 34.712214526 88.410004
OBJECT 35 32.478505076 34.713936805 24.180000
OBJECT 36 32.478768039 34.714963773 20.730000
OBJECT 0 32.478506646 34.715418028 0.000000
OBJECT 0 32.478423135 34.715479048 0.000000
OBJECT 0 32.478492728 34.715524813 0.000000
OBJECT 0 32.478348902 34.715528627 0.000000
OBJECT 0 32.478474170 34.715597275 0.000000
OBJECT 0 32.477833915 34.715707874 0.000000
OBJECT 0 32.477852473 34.715837541 0.000000
OBJECT 37 32.477618177 34.715498329 21.629999
OBJECT 37 32.477592402 34.715328829 21.629999
OBJECT 37 32.477518298 34.715183165 21.629999
OBJECT 38 32.477976884 34.714804353 20.490000
OBJECT 39 32.478715344 34.714703264 293.200012
OBJECT 39 32.478726998 34.714728808 293.200012
OBJECT 39 32.478644129 34.714764996 293.200012
OBJECT 40 32.478046800 34.714442223 20.049999
OBJECT 41 32.479194908 34.714753317 19.059999
OBJECT 41 32.478858545 34.714260707 19.059999
OBJECT 41 32.478810377 34.714281143 19.059999
OBJECT 41 32.478926911 34.714419082 19.059999
OBJECT 41 32.478878744 34.714434409 19.059999
OBJECT 42 32.478531989 34.714357941 290.339996
OBJECT 43 32.478408971 34.713715451 291.799988
OBJECT 44 32.477941312 34.715165288 21.400000
OBJECT 45 32.509650528 34.714189155 19.400000
OBJECT 46 32.507609804 34.714842848 290.559998
OBJECT 46 32.506381380 34.715272544 21.570000
OBJECT 46 32.507666430 34.715330231 19.559999
OBJECT 44 32.503417811 34.716079661 19.900000
OBJECT 47 32.508323364 34.715334993 291.220001
OBJECT 47 32.509428522 34.714989940 290.720001
OBJECT 43 32.511423916 34.713627972 290.559998
OBJECT 48 32.504534030 34.715569580 290.619995
BEGIN_POLYGON 5 10 3
BEGIN_WINDING
POLYGON_POINT 32.488249291 34.712061382 3.000000000
POLYGON_POINT 32.488627761 34.712204215 1.000000000
POLYGON_POINT 32.488516240 34.712403192 2.000000000
POLYGON_POINT 32.488134616 34.712257741 0.000000000
END_WINDING
END_POLYGON
BEGIN_POLYGON 6 5 3
BEGIN_WINDING
POLYGON_POINT 32.487968429 34.712517696 5.000000000
POLYGON_POINT 32.489171782 34.712982756 5.000000000
POLYGON_POINT 32.489582996 34.712224172 5.000000000
POLYGON_POINT 32.488389098 34.711764239 5.000000000
POLYGON_POINT 32.487968429 34.712517696 5.000000000
END_WINDING
END_POLYGON
BEGIN_POLYGON 7 5 3
BEGIN_WINDING
POLYGON_POINT 32.489290323 34.712883981 0.000000000
POLYGON_POINT 32.489190065 34.713067291 5.000000000
POLYGON_POINT 32.487847420 34.712553317 0.000000000
POLYGON_POINT 32.487871111 34.712513376 4.000000000
POLYGON_POINT 32.487889962 34.712481595 0.000000000
POLYGON_POINT 32.487908626 34.712450129 0.000000000
POLYGON_POINT 32.487957424 34.712367860 0.000000000
END_WINDING
END_POLYGON
BEGIN_POLYGON 8 4 3
BEGIN_WINDING
POLYGON_POINT 32.488751127 34.711829877 0.000000000
POLYGON_POINT 32.488820020 34.711707870 0.000000000
POLYGON_POINT 32.489359343 34.711910755 0.000000000
POLYGON_POINT 32.489283834 34.712034013 0.000000000
END_WINDING
END_POLYGON
BEGIN_POLYGON 8 4 3
BEGIN_WINDING
POLYGON_POINT 32.487838957 34.712325011 0.000000000
POLYGON_POINT 32.487640053 34.712249577 0.000000000
POLYGON_POINT 32.487945000 34.711702000 0.000000000
POLYGON_POINT 32.488161188 34.711783553 0.000000000
END_WINDING
END_POLYGON
BEGIN_POLYGON 9 5 3
BEGIN_WINDING
POLYGON_POINT 32.489623580 34.712285175 0.000000000
POLYGON_POINT 32.489654330 34.712297924 6.000000000
POLYGON_POINT 32.489694365 34.712313879 0.000000000
POLYGON_POINT 32.489727236 34.712327209 8.000000000
POLYGON_POINT 32.489395870 34.712921589 0.000000000
POLYGON_POINT 32.489366500 34.712911124 6.000000000
POLYGON_POINT 32.489324741 34.712896245 0.000000000
POLYGON_POINT 32.489290323 34.712883981 0.000000000
END_WINDING
END_POLYGON
BEGIN_POLYGON 9 5 3
BEGIN_WINDING
POLYGON_POINT 32.488161188 34.711783553 0.000000000
POLYGON_POINT 32.487945000 34.711702000 7.000000000
POLYGON_POINT 32.488033243 34.711557621 0.000000000
POLYGON_POINT 32.488160423 34.711609640 0.000000000
POLYGON_POINT 32.488177994 34.711578477 6.000000000
POLYGON_POINT 32.488241746 34.711464132 8.000000000
POLYGON_POINT 32.488772480 34.711674482 0.000000000
POLYGON_POINT 32.488701399 34.711810821 5.000000000
POLYGON_POINT 32.488751127 34.711829877 5.000000000
POLYGON_POINT 32.489283834 34.712034013 5.000000000
POLYGON_POINT 32.489331645 34.712052334 0.000000000
POLYGON_POINT 32.489383771 34.711955365 8.000000000
POLYGON_POINT 32.489933459 34.712157510 0.000000000
POLYGON_POINT 32.489857640 34.712301639 0.000000000
POLYGON_POINT 32.489660703 34.712223194 0.000000000
POLYGON_POINT 32.489623580 34.712285175 0.000000000
POLYGON_POINT 32.489290323 34.712883981 0.000000000
POLYGON_POINT 32.487957424 34.712367860 0.000000000
POLYGON_POINT 32.487838957 34.712325011 8.000000000
POLYGON_POINT 32.487918452 34.712191432 9.000000000
POLYGON_POINT 32.488005798 34.712044661 0.000000000
POLYGON_POINT 32.488069130 34.711938242 9.000000000
END_WINDING
END_POLYGON
BEGIN_POLYGON 10 5 3
BEGIN_WINDING
POLYGON_POINT 32.489205332 34.712767162 0.000000000
POLYGON_POINT 32.489126669 34.712739295 2.000000000
POLYGON_POINT 32.489111292 34.712768070 2.000000000
END_WINDING
END_POLYGON
BEGIN_POLYGON 10 5 3
BEGIN_WINDING
POLYGON_POINT 32.489411643 34.712401886 0.000000000
POLYGON_POINT 32.489332980 34.712374020 2.000000000
POLYGON_POINT 32.489317603 34.712402794 2.000000000
END_WINDING
END_POLYGON
BEGIN_POLYGON 10 5 3
BEGIN_WINDING
POLYGON_POINT 32.488983409 34.712066309 0.000000000
POLYGON_POINT 32.488947917 34.712130391 2.000000000
POLYGON_POINT 32.488982602 34.712143614 2.000000000
END_WINDING
END_POLYGON
BEGIN_POLYGON 10 5 3
BEGIN_WINDING
POLYGON_POINT 32.488680336 34.711952311 0.000000000
POLYGON_POINT 32.488644844 34.712016394 2.000000000
POLYGON_POINT 32.488690550 34.712034146 2.000000000
END_WINDING
END_POLYGON
BEGIN_POLYGON 10 5 3
BEGIN_WINDING
POLYGON_POINT 32.488578394 34.711913053 0.000000000
POLYGON_POINT 32.488542901 34.711977136 2.000000000
POLYGON_POINT 32.488588607 34.711994888 2.000000000
END_WINDING
END_POLYGON
BEGIN_POLYGON 10 5 3
BEGIN_WINDING
POLYGON_POINT 32.489214816 34.712752865 0.000000000
POLYGON_POINT 32.489163320 34.712734513 0.000000000
POLYGON_POINT 32.489171966 34.712714924 0.000000000
POLYGON_POINT 32.489126742 34.712695997 2.000000000
POLYGON_POINT 32.489091198 34.712757687 2.000000000
END_WINDING
END_POLYGON
BEGIN_POLYGON 10 5 3
BEGIN_WINDING
POLYGON_POINT 32.489421126 34.712387589 0.000000000
POLYGON_POINT 32.489369631 34.712369237 0.000000000
POLYGON_POINT 32.489378277 34.712349648 0.000000000
POLYGON_POINT 32.489334957 34.712335417 2.000000000
POLYGON_POINT 32.489297509 34.712392412 2.000000000
END_WINDING
END_POLYGON
BEGIN_POLYGON 10 5 3
BEGIN_WINDING
POLYGON_POINT 32.488966213 34.712058224 0.000000000
POLYGON_POINT 32.488942845 34.712100172 0.000000000
POLYGON_POINT 32.488919195 34.712092668 0.000000000
POLYGON_POINT 32.488901007 34.712127981 2.000000000
POLYGON_POINT 32.488969565 34.712159917 2.000000000
END_WINDING
END_POLYGON
BEGIN_POLYGON 10 5 3
BEGIN_WINDING
POLYGON_POINT 32.488653038 34.711939697 0.000000000
POLYGON_POINT 32.488608955 34.712018513 2.000000000
POLYGON_POINT 32.488677513 34.712050449 2.000000000
END_WINDING
END_POLYGON
BEGIN_POLYGON 10 5 3
BEGIN_WINDING
POLYGON_POINT 32.488551095 34.711900439 0.000000000
POLYGON_POINT 32.488507012 34.711979256 2.000000000
POLYGON_POINT 32.488575570 34.712011192 2.000000000
END_WINDING
END_POLYGON
BEGIN_POLYGON 10 5 3
BEGIN_WINDING
POLYGON_POINT 32.488321987 34.712032895 1.000000000
POLYGON_POINT 32.488383689 34.712061073 0.000000000
POLYGON_POINT 32.488411112 34.712025381 0.000000000
POLYGON_POINT 32.488408827 34.711991567 2.000000000
POLYGON_POINT 32.488433965 34.711950238 2.000000000
END_WINDING
END_POLYGON
BEGIN_POLYGON 10 5 3
BEGIN_WINDING
POLYGON_POINT 32.488312845 34.712055438 1.000000000
POLYGON_POINT 32.488392830 34.712087373 0.000000000
POLYGON_POINT 32.488429394 34.712036652 0.000000000
POLYGON_POINT 32.488429394 34.712006595 2.000000000
POLYGON_POINT 32.488463673 34.711948360 2.000000000
END_WINDING
END_POLYGON
BEGIN_POLYGON 10 5 3
BEGIN_WINDING
POLYGON_POINT 32.488073653 34.712353816 1.000000000
POLYGON_POINT 32.488175729 34.712395457 0.000000000
POLYGON_POINT 32.488207722 34.712342857 2.000000000
POLYGON_POINT 32.488262569 34.712366026 2.000000000
END_WINDING
END_POLYGON
BEGIN_POLYGON 10 5 3
BEGIN_WINDING
POLYGON_POINT 32.488088126 34.712331586 1.000000000
POLYGON_POINT 32.488264854 34.712399214 2.000000000
POLYGON_POINT 32.488285422 34.712371036 2.000000000
END_WINDING
END_POLYGON
BEGIN_POLYGON 11 5 3
BEGIN_WINDING
POLYGON_POINT 32.489286556 34.712291906 4.000000000
POLYGON_POINT 32.489332627 34.712216162 4.000000000
END_WINDING
END_POLYGON
BEGIN_POLYGON 11 5 3
BEGIN_WINDING
POLYGON_POINT 32.488920182 34.712808735 4.000000000
POLYGON_POINT 32.488966252 34.712732992 4.000000000
END_WINDING
END_POLYGON
BEGIN_POLYGON 11 5 3
BEGIN_WINDING
POLYGON_POINT 32.488490827 34.712647480 4.000000000
POLYGON_POINT 32.488536898 34.712571736 4.000000000
END_WINDING
END_POLYGON
BEGIN_POLYGON 11 5 3
BEGIN_WINDING
POLYGON_POINT 32.488331683 34.712589019 4.000000000
POLYGON_POINT 32.488377754 34.712513276 4.000000000
END_WINDING
END_POLYGON
BEGIN_POLYGON 11 5 3
BEGIN_WINDING
POLYGON_POINT 32.488196670 34.712535593 4.000000000
POLYGON_POINT 32.488242741 34.712459849 4.000000000
END_WINDING
END_POLYGON
BEGIN_POLYGON 12 10 3
BEGIN_WINDING
POLYGON_POINT 32.483362923 34.711556068 4.000000000
POLYGON_POINT 32.483444537 34.711714645 4.000000000
POLYGON_POINT 32.483652283 34.711653654 2.000000000
POLYGON_POINT 32.483793253 34.711976907 4.000000000
POLYGON_POINT 32.483581798 34.712043997 4.000000000
POLYGON_POINT 32.483674541 34.712254416 4.000000000
POLYGON_POINT 32.483370342 34.712355051 4.000000000
POLYGON_POINT 32.483062434 34.711644505 4.000000000
END_WINDING
END_POLYGON
BEGIN_POLYGON 13 10 3
BEGIN_WINDING
POLYGON_POINT 32.483262694 34.712513609 0.000000000
POLYGON_POINT 32.483565045 34.712422428 0.000000000
POLYGON_POINT 32.483908544 34.712312129 0.000000000
END_WINDING
END_POLYGON
BEGIN_POLYGON 14 10 3
BEGIN_WINDING
POLYGON_POINT 32.487719745 34.712404142 0.000000000
POLYGON_POINT 32.487704171 34.712427385 0.000000000
POLYGON_POINT 32.487656720 34.712411028 0.000000000
END_WINDING
END_POLYGON
BEGIN_POLYGON 15 5 3
BEGIN_WINDING
POLYGON_POINT 32.487847209 34.712553109 0.000000000
POLYGON_POINT 32.487625017 34.712469345 0.000000000
POLYGON_POINT 32.487561904 34.712444492 0.000000000
END_WINDING
END_POLYGON
BEGIN_POLYGON 16 5 3
BEGIN_WINDING
POLYGON_POINT 32.486981351 34.712411196 2.000000000
POLYGON_POINT 32.486830432 34.712055052 2.000000000
POLYGON_POINT 32.487034985 34.711996480 2.000000000
POLYGON_POINT 32.487185904 34.712352624 2.000000000
END_WINDING
END_POLYGON
BEGIN_POLYGON 16 5 3
BEGIN_WINDING
POLYGON_POINT 32.485268676 34.711545337 2.000000000
POLYGON_POINT 32.485070154 34.711104218 2.000000000
POLYGON_POINT 32.485209487 34.711055850 2.000000000
POLYGON_POINT 32.485373390 34.711423646 2.000000000
POLYGON_POINT 32.485408002 34.711503419 2.000000000
END_WINDING
END_POLYGON
BEGIN_POLYGON 12 7 3
BEGIN_WINDING
POLYGON_POINT 32.485228347 34.711702160 4.000000000
POLYGON_POINT 32.485325564 34.711671742 4.000000000
POLYGON_POINT 32.485268676 34.711545337 4.000000000
POLYGON_POINT 32.485408002 34.711503419 4.000000000
POLYGON_POINT 32.485373390 34.711423646 4.000000000
POLYGON_POINT 32.485909037 34.711256880 4.000000000
POLYGON_POINT 32.485994106 34.711451353 4.000000000
POLYGON_POINT 32.486796028 34.711215964 4.000000000
POLYGON_POINT 32.486982804 34.711631230 4.000000000
POLYGON_POINT 32.486679149 34.711723314 4.000000000
POLYGON_POINT 32.486589728 34.711536657 4.000000000
POLYGON_POINT 32.486105615 34.711682475 4.000000000
POLYGON_POINT 32.485961767 34.711725803 4.000000000
POLYGON_POINT 32.486049509 34.711914254 4.000000000
POLYGON_POINT 32.485410503 34.712108034 4.000000000
END_WINDING
END_POLYGON
BEGIN_POLYGON 17 5 3
BEGIN_WINDING
POLYGON_POINT 32.483916476 34.711278678 1.000000000
POLYGON_POINT 32.484276627 34.711165585 0.000000000
POLYGON_POINT 32.484358896 34.711346476 0.000000000
POLYGON_POINT 32.484527294 34.711295851 0.000000000
POLYGON_POINT 32.484630246 34.711524253 1.000000000
POLYGON_POINT 32.484102315 34.711686647 1.000000000
END_WINDING
END_POLYGON
BEGIN_POLYGON 18 5 3
BEGIN_WINDING
POLYGON_POINT 32.480759321 34.712913226 1.000000000
POLYGON_POINT 32.481020795 34.712838324 1.000000000
POLYGON_POINT 32.481151532 34.713134678 0.000000000
POLYGON_POINT 32.480890058 34.713203067 1.000000000
END_WINDING
END_POLYGON
BEGIN_POLYGON 19 7 3
BEGIN_WINDING
POLYGON_POINT 32.480130281 34.712944078 1.000000000
POLYGON_POINT 32.480498723 34.712839865 1.000000000
POLYGON_POINT 32.480732465 34.713360927 0.000000000
POLYGON_POINT 32.480360062 34.713465140 1.000000000
END_WINDING
END_POLYGON
BEGIN_POLYGON 20 10 2
BEGIN_WINDING
POLYGON_POINT 32.488166379 34.712835426
POLYGON_POINT 32.488382031 34.713250364
END_WINDING
END_POLYGON
BEGIN_POLYGON 20 10 2
BEGIN_WINDING
POLYGON_POINT 32.488166379 34.712835426
POLYGON_POINT 32.488042560 34.713080506
END_WINDING
END_POLYGON
BEGIN_POLYGON 20 10 2
BEGIN_WINDING
POLYGON_POINT 32.488166379 34.712835426
POLYGON_POINT 32.487607154 34.712908626
END_WINDING
END_POLYGON
BEGIN_POLYGON 20 3 2
BEGIN_WINDING
POLYGON_POINT 32.488522247 34.713290806
POLYGON_POINT 32.488704282 34.713357536
POLYGON_POINT 32.488834659 34.713404044
END_WINDING
END_POLYGON
BEGIN_POLYGON 20 3 3
BEGIN_WINDING
POLYGON_POINT 32.487304581 34.712852007 0.000000000
POLYGON_POINT 32.487887584 34.713066351 0.000000000
POLYGON_POINT 32.488086839 34.713139147 0.000000000
POLYGON_POINT 32.488322992 34.713228120 0.000000000
END_WINDING
END_POLYGON
BEGIN_POLYGON 21 1 3
BEGIN_WINDING
POLYGON_POINT 32.481942451 34.711892729 4.000000000
POLYGON_POINT 32.481653830 34.711223131 4.000000000
POLYGON_POINT 32.482385003 34.710985872 4.000000000
POLYGON_POINT 32.483719072 34.710912058 4.000000000
POLYGON_POINT 32.483789624 34.711066347 4.000000000
POLYGON_POINT 32.483478533 34.711151343 4.000000000
POLYGON_POINT 32.483611214 34.711468367 4.000000000
POLYGON_POINT 32.482777230 34.711706170 4.000000000
POLYGON_POINT 32.482753967 34.711655189 4.000000000
END_WINDING
END_POLYGON
BEGIN_POLYGON 21 1 3
BEGIN_WINDING
POLYGON_POINT 32.488120723 34.710910571 4.000000000
POLYGON_POINT 32.488519118 34.710210193 4.000000000
POLYGON_POINT 32.490805699 34.711113478 4.000000000
POLYGON_POINT 32.490263177 34.712074072 4.000000000
POLYGON_POINT 32.488278743 34.711329820 4.000000000
POLYGON_POINT 32.488440395 34.711021338 4.000000000
END_WINDING
END_POLYGON
BEGIN_POLYGON 21 1 3
BEGIN_WINDING
POLYGON_POINT 32.487615535 34.710524869 4.000000000
POLYGON_POINT 32.487867321 34.711108621 4.000000000
POLYGON_POINT 32.487233887 34.711293244 4.000000000
POLYGON_POINT 32.486982101 34.710709492 4.000000000
END_WINDING
END_POLYGON
BEGIN_POLYGON 21 1 3
BEGIN_WINDING
POLYGON_POINT 32.485119043 34.710850861 4.000000000
POLYGON_POINT 32.486589552 34.710756896 4.000000000
POLYGON_POINT 32.486796028 34.711215964 4.000000000
POLYGON_POINT 32.485994106 34.711451353 4.000000000
POLYGON_POINT 32.485909037 34.711256880 4.000000000
POLYGON_POINT 32.485373390 34.711423646 4.000000000
POLYGON_POINT 32.485209487 34.711055850 4.000000000
END_WINDING
END_POLYGON
BEGIN_POLYGON 21 1 3
BEGIN_WINDING
POLYGON_POINT 32.484475118 34.710891268 4.000000000
POLYGON_POINT 32.484960662 34.710860926 4.000000000
POLYGON_POINT 32.485070154 34.711104218 4.000000000
POLYGON_POINT 32.485233532 34.711467247 4.000000000
POLYGON_POINT 32.484800724 34.711605136 4.000000000
END_WINDING
END_POLYGON
BEGIN_POLYGON 22 3 3
BEGIN_WINDING
POLYGON_POINT 32.489836445 34.712277258 0.000000000
POLYGON_POINT 32.490338451 34.712462670 0.000000000
POLYGON_POINT 32.491026230 34.711173463 0.000000000
POLYGON_POINT 32.493878089 34.712192585 0.000000000
POLYGON_POINT 32.494083985 34.712217793 0.000000000
POLYGON_POINT 32.504347943 34.709102809 0.000000000
POLYGON_POINT 32.504750959 34.709005578 0.000000000
POLYGON_POINT 32.505342340 34.708983972 0.000000000
POLYGON_POINT 32.505657744 34.709066798 0.000000000
POLYGON_POINT 32.505784781 34.709164028 0.000000000
POLYGON_POINT 32.506547023 34.710888973 0.000000000
POLYGON_POINT 32.506678443 34.710935788 0.000000000
POLYGON_POINT 32.508281762 34.710471241 0.000000000
POLYGON_POINT 32.508676036 34.711364323 0.000000000
POLYGON_POINT 32.507059552 34.711832471 0.000000000
POLYGON_POINT 32.507015744 34.711922500 0.000000000
POLYGON_POINT 32.507484489 34.712952425 0.000000000
POLYGON_POINT 32.511164345 34.711821668 0.000000000
POLYGON_POINT 32.511825846 34.713074864 0.000000000
POLYGON_POINT 32.511992318 34.713600630 0.000000000
POLYGON_POINT 32.511947166 34.713690658 3.000000000
POLYGON_POINT 32.512033088 34.713888081 0.000000000
POLYGON_POINT 32.512106221 34.713939137 0.000000000
POLYGON_POINT 32.512382216 34.714857427 0.000000000
POLYGON_POINT 32.504614760 34.717057722 0.000000000
POLYGON_POINT 32.496921463 34.720964956 0.000000000
POLYGON_POINT 32.490967285 34.722779929 0.000000000
POLYGON_POINT 32.489528448 34.719578769 0.000000000
POLYGON_POINT 32.481583824 34.722009867 0.000000000
POLYGON_POINT 32.481938311 34.722805391 0.000000000
POLYGON_POINT 32.482424237 34.722687535 0.000000000
POLYGON_POINT 32.483212888 34.724461914 0.000000000
POLYGON_POINT 32.481962190 34.724841670 0.000000000
POLYGON_POINT 32.480815073 34.722203019 0.000000000
POLYGON_POINT 32.465340710 34.726913397 0.000000000
POLYGON_POINT 32.464858750 34.725836329 0.000000000
POLYGON_POINT 32.464898582 34.725692284 0.000000000
POLYGON_POINT 32.465177411 34.725535143 0.000000000
POLYGON_POINT 32.465320805 34.725436930 0.000000000
POLYGON_POINT 32.467467715 34.723148571 0.000000000
POLYGON_POINT 32.467624209 34.722976079 0.000000000
POLYGON_POINT 32.467866024 34.722677149 0.000000000
POLYGON_POINT 32.468101022 34.722120610 0.000000000
POLYGON_POINT 32.468248394 34.721871804 0.000000000
POLYGON_POINT 32.468475429 34.721622998 0.000000000
POLYGON_POINT 32.468575002 34.721518238 0.000000000
POLYGON_POINT 32.469204310 34.720519741 0.000000000
POLYGON_POINT 32.469395490 34.720284030 0.000000000
POLYGON_POINT 32.469618532 34.720149806 0.000000000
POLYGON_POINT 32.469773866 34.720120342 0.000000000
POLYGON_POINT 32.470096482 34.720179270 0.000000000
POLYGON_POINT 32.470442996 34.720241471 0.000000000
POLYGON_POINT 32.470733749 34.720257840 0.000000000
POLYGON_POINT 32.471219665 34.720254566 0.000000000
POLYGON_POINT 32.472820795 34.720087604 0.000000000
POLYGON_POINT 32.473004008 34.720045045 0.000000000
POLYGON_POINT 32.473171289 34.719933738 0.000000000
POLYGON_POINT 32.475720319 34.717789424 0.000000000
POLYGON_POINT 32.475947337 34.717619188 0.000000000
POLYGON_POINT 32.476197428 34.717437514 0.000000000
POLYGON_POINT 32.476435255 34.717247410 0.000000000
POLYGON_POINT 32.477098355 34.716692958 0.000000000
POLYGON_POINT 32.477233039 34.716564780 0.000000000
POLYGON_POINT 32.477333391 34.716414832 0.000000000
POLYGON_POINT 32.477397750 34.716279799 0.000000000
POLYGON_POINT 32.477440557 34.716085738 0.000000000
POLYGON_POINT 32.477261649 34.715222795 0.000000000
POLYGON_POINT 32.478098005 34.713654663 0.000000000
POLYGON_POINT 32.478189605 34.713222527 0.000000000
POLYGON_POINT 32.478141816 34.712512121 0.000000000
POLYGON_POINT 32.478380768 34.712115996 0.000000000
POLYGON_POINT 32.478962218 34.711664217 0.000000000
POLYGON_POINT 32.479264887 34.711533266 0.000000000
POLYGON_POINT 32.479655170 34.711376126 0.000000000
POLYGON_POINT 32.480073330 34.711101130 0.000000000
POLYGON_POINT 32.480957437 34.710770480 0.000000000
POLYGON_POINT 32.481504460 34.710810841 0.000000000
END_WINDING
END_POLYGON
BEGIN_POLYGON 22 3 3
BEGIN_WINDING
POLYGON_POINT 32.487892149 34.711722172 0.000000000
POLYGON_POINT 32.487503883 34.711550314 0.000000000
POLYGON_POINT 32.487416876 34.711576524 0.000000000
POLYGON_POINT 32.487377582 34.711665808 0.000000000
POLYGON_POINT 32.486640125 34.711886902 0.000000000
POLYGON_POINT 32.486554551 34.711719156 0.000000000
POLYGON_POINT 32.486180974 34.711829837 0.000000000
POLYGON_POINT 32.486105615 34.711682475 0.000000000
END_WINDING
END_POLYGON
BEGIN_POLYGON 22 3 3
BEGIN_WINDING
POLYGON_POINT 32.485233532 34.711467247 0.000000000
POLYGON_POINT 32.484800724 34.711605136 0.000000000
POLYGON_POINT 32.484475118 34.710891268 0.000000000
POLYGON_POINT 32.484118775 34.710980696 0.000000000
POLYGON_POINT 32.484005622 34.710975248 3.000000000
POLYGON_POINT 32.483823034 34.711021982 0.000000000
POLYGON_POINT 32.483789624 34.711066347 0.000000000
POLYGON_POINT 32.483478533 34.711151343 0.000000000
POLYGON_POINT 32.483611214 34.711468367 0.000000000
POLYGON_POINT 32.482777230 34.711706170 0.000000000
POLYGON_POINT 32.482753967 34.711655189 0.000000000
POLYGON_POINT 32.481942451 34.711892729 0.000000000
POLYGON_POINT 32.481653830 34.711223131 0.000000000
POLYGON_POINT 32.481689432 34.711210283 3.000000000
POLYGON_POINT 32.481606809 34.711023588 0.000000000
POLYGON_POINT 32.481525653 34.710835222 0.000000000
END_WINDING
END_POLYGON
BEGIN_POLYGON 16 7 3
BEGIN_WINDING
POLYGON_POINT 32.481809380 34.724280566 2.000000000
POLYGON_POINT 32.481771763 34.724198885 2.000000000
POLYGON_POINT 32.482650150 34.723925616 2.000000000
POLYGON_POINT 32.482687766 34.724007297 2.000000000
END_WINDING
END_POLYGON
BEGIN_POLYGON 16 5 3
BEGIN_WINDING
POLYGON_POINT 32.491894179 34.721590767 2.000000000
POLYGON_POINT 32.491839866 34.721465769 2.000000000
POLYGON_POINT 32.491981081 34.721421127 2.000000000
POLYGON_POINT 32.492198334 34.721897311 2.000000000
POLYGON_POINT 32.492057119 34.721947905 2.000000000
POLYGON_POINT 32.492002806 34.721843740 2.000000000
POLYGON_POINT 32.491821762 34.721900287 2.000000000
POLYGON_POINT 32.491698652 34.721647314 2.000000000
END_WINDING
END_POLYGON
BEGIN_POLYGON 16 3 3
BEGIN_WINDING
POLYGON_POINT 32.494650189 34.720693865 2.000000000
POLYGON_POINT 32.494765694 34.720972134 2.000000000
POLYGON_POINT 32.494576062 34.721025311 2.000000000
POLYGON_POINT 32.494460557 34.720747042 2.000000000
POLYGON_POINT 32.494512040 34.720732605 1.000000000
POLYGON_POINT 32.494593757 34.720709690 2.000000000
END_WINDING
END_POLYGON
BEGIN_POLYGON 23 5 3
BEGIN_WINDING
POLYGON_POINT 32.493883756 34.720794751 1.000000000
POLYGON_POINT 32.493976796 34.721009857 1.000000000
POLYGON_POINT 32.493429366 34.721169821 1.000000000
POLYGON_POINT 32.493336327 34.720954716 3.000000000
END_WINDING
END_POLYGON
BEGIN_POLYGON 16 5 3
BEGIN_WINDING
POLYGON_POINT 32.501814900 34.717761621 2.000000000
POLYGON_POINT 32.502157420 34.717578290 2.000000000
POLYGON_POINT 32.502233093 34.717663408 2.000000000
POLYGON_POINT 32.501882608 34.717843465 2.000000000
END_WINDING
END_POLYGON
BEGIN_POLYGON 19 10 3
BEGIN_WINDING
POLYGON_POINT 32.502129546 34.716482347 1.000000000
POLYGON_POINT 32.502546473 34.716360425 1.000000000
POLYGON_POINT 32.502816553 34.716979241 1.000000000
POLYGON_POINT 32.502409352 34.717101802 0.000000000
END_WINDING
END_POLYGON
BEGIN_POLYGON 19 10 3
BEGIN_WINDING
POLYGON_POINT 32.494163530 34.719094023 1.000000000
POLYGON_POINT 32.494756220 34.718914233 1.000000000
POLYGON_POINT 32.495341855 34.720259756 1.000000000
POLYGON_POINT 32.494763276 34.720433746 0.000000000
END_WINDING
END_POLYGON
FILTER -1
OBJECT_DEF lib/g10/forests/autogen_tree2.obj
OBJECT_DEF lib/airport/Modern_Airports/Terminal_kit/columns/column_4m_40b.obj
OBJECT_DEF lib/airport/Modern_Airports/Terminal_kit/columns/column_4m_40a.obj
OBJECT_DEF lib/airport/landscape/apron_light.obj
OBJECT_DEF lib/cars/car_or_truck.obj
OBJECT_DEF lib/airport/Ramp_Equipment/Cargo_Pod_Lot.agp
OBJECT_DEF lib/airport/Ramp_Equipment/Cargo_Palette_1.obj
OBJECT_DEF lib/airport/Ramp_Equipment/Air_Start_2.obj
OBJECT_DEF lib/airport/Ramp_Equipment/Luggage_Truck.obj
OBJECT_DEF lib/airport/Ramp_Equipment/Cargo_Container_6.obj
OBJECT_DEF lib/airport/Common_Elements/Parking_Items/Row_of_Cars_10.agp
OBJECT_DEF lib/airport/Ramp_Equipment/Belt_Loader.obj
OBJECT_DEF lib/airport/Ramp_Equipment/Cargo_Loader_1.obj
OBJECT_DEF lib/airport/Ramp_Equipment/Lugg_Cart_Group.obj
OBJECT_DEF lib/airport/Ramp_Equipment/Lugg_Train_Group.obj
OBJECT_DEF lib/airport/Ramp_Equipment/Lugg_Train_Straight3.obj
OBJECT_DEF lib/airport/Modern_Airports/Control_Towers/Modern_Tower_3.agp
OBJECT_DEF lib/airport/Common_Elements/Hangars/Med_Brown_Hangar.agp
OBJECT_DEF lib/g10/global_objects/rooftop_helipad_5.obj
OBJECT_DEF lib/airport/Ramp_Equipment/Ramp_Parking_Stripe.obj
OBJECT_DEF lib/airport/Ramp_Equipment/Ramp_Group_Medium.agp
OBJECT_DEF lib/airport/Ramp_Equipment/Ramp_Group_Wide.agp
OBJECT_DEF lib/airport/Ramp_Equipment/Ramp_Group_Narrow.agp
OBJECT_DEF lib/airport/Ramp_Equipment/Stair_Maint_1.obj
OBJECT_DEF lib/airport/Ramp_Equipment/Lugg_Train_Straight1.obj
OBJECT_DEF lib/cars/car.obj
OBJECT_DEF lib/airport/Common_Elements/vehicles/Large_Fuel_Truck.obj
OBJECT_DEF lib/airport/Common_Elements/Fueling_Stations/2_horiz_tanks.agp
OBJECT_DEF lib/g10/forests/autogen_tree4.obj
OBJECT_DEF lib/airport/Ramp_Equipment/Ramp_Parking.obj
OBJECT_DEF lib/g10/US/industrial/light/SiteOffice6x12.obj
OBJECT_DEF lib/g10/global_objects/vending_machine_X2.obj
OBJECT_DEF lib/g10/global_objects/rubbish_bin.obj
OBJECT_DEF lib/g10/US/industrial/light/SiteOffice3x10.obj
OBJECT_DEF lib/g10/global_objects/CafeTbls4x2.obj
OBJECT_DEF lib/g10/US/commercial/store_76.obj
OBJECT_DEF lib/g10/US/commercial/store_bp.obj
OBJECT_DEF lib/g10/US/industrial/light/SiteOffice4x14.obj
OBJECT_DEF lib/airport/Common_Elements/Misc_Buildings/Small_Office_1.agp
OBJECT_DEF lib/street/waste_management/Dumpster_30Y_full_3.obj
OBJECT_DEF lib/airport/Common_Elements/Parking_Items/Row_of_Cars_6.agp
OBJECT_DEF lib/airport/Common_Elements/Vehicles/Cargo_Truck.obj
OBJECT_DEF lib/cars/car_or_truck_static.obj
OBJECT_DEF lib/g10/US/industrial/light/FactA15x22.obj
OBJECT_DEF lib/g10/US/industrial/light/Factory60x30.obj
OBJECT_DEF lib/g10/US/industrial/light/FactB30x45.obj
OBJECT_DEF lib/g10/US/industrial/light/Factory45x30.obj
OBJECT_DEF lib/g10/US/industrial/light/FactB10x30D.obj
OBJECT_DEF lib/g10/US/industrial/light/Fact30x108A.obj
POLYGON_DEF lib/airport/pavement/asphalt_4L.pol
POLYGON_DEF lib/airport/pavement/asphalt_2L.pol
POLYGON_DEF lib/airport/pavement/asphalt_5D.pol
POLYGON_DEF lib/airport/pavement/asphalt_3D.pol
POLYGON_DEF lib/airport/pavement/asphalt_1D.pol
POLYGON_DEF lib/airport/Modern_Airports/Terminal_kit/term_roof_level_01.fac
POLYGON_DEF lib/airport/Modern_Airports/Terminal_kit/term_roof_long_skylight_01.fac
POLYGON_DEF lib/airport/Modern_Airports/Terminal_kit/term_building_Ground_01.fac
POLYGON_DEF lib/airport/Modern_Airports/Terminal_kit/term_building_Slab_03.fac
POLYGON_DEF lib/airport/Modern_Airports/Terminal_kit/term_building_Ground_02.fac
POLYGON_DEF lib/airport/Modern_Airports/Terminal_kit/term_roof_pipes_01.fac
POLYGON_DEF lib/airport/Modern_Airports/Terminal_kit/term_roof_elements_01.fac
POLYGON_DEF lib/airport/Common_Elements/Misc_Buildings/Cargo_Terminal.fac
POLYGON_DEF lib/airport/Ramp_Equipment/Jet_Blast_Shield.fac
POLYGON_DEF lib/g10/global_objects/fencing_SmallHedge_1.fac
POLYGON_DEF lib/g10/global_objects/fencing_Industrial_1.fac
POLYGON_DEF lib/airport/Common_Elements/Misc_Buildings/White_Office.fac
POLYGON_DEF lib/airport/Common_Elements/Misc_Buildings/Blue_Warehouse.fac
POLYGON_DEF lib/airport/Common_Elements/Hangars/White_Hangar.fac
POLYGON_DEF lib/airport/Common_Elements/Hangars/Blue_Hangar.fac
POLYGON_DEF lib/airport/Ramp_Equipment/Covered_Walkway.fac
POLYGON_DEF lib/airport/Common_Elements/Fence_Facades/Fenced_Parking.fac
POLYGON_DEF lib/airport/Common_Elements/Fence_Facades/Fence.fac
POLYGON_DEF lib/airport/Common_Elements/Misc_Buildings/White_Warehouse.fac
PROPERTY sim/filter/aptid LCPH
PROPERTY sim/exclude_obj 32.480286/34.711090/32.491215/34.717396
PROPERTY sim/exclude_for 32.480286/34.711090/32.491215/34.717396
PROPERTY sim/exclude_net 32.480286/34.711090/32.491215/34.717396
PROPERTY sim/exclude_obj 32.464520/34.724406/32.466724/34.727460
PROPERTY sim/exclude_fac 32.464520/34.724406/32.466724/34.727460
PROPERTY sim/exclude_for 32.464520/34.724406/32.466724/34.727460
PROPERTY sim/exclude_bch 32.464520/34.724406/32.466724/34.727460
PROPERTY sim/exclude_net 32.464520/34.724406/32.466724/34.727460
PROPERTY sim/exclude_lin 32.464520/34.724406/32.466724/34.727460
PROPERTY sim/exclude_pol 32.464520/34.724406/32.466724/34.727460
PROPERTY sim/exclude_str 32.464520/34.724406/32.466724/34.727460
PROPERTY sim/exclude_obj 32.466377/34.722258/32.469022/34.726450
PROPERTY sim/exclude_fac 32.466377/34.722258/32.469022/34.726450
PROPERTY sim/exclude_for 32.466377/34.722258/32.469022/34.726450
PROPERTY sim/exclude_bch 32.466377/34.722258/32.469022/34.726450
PROPERTY sim/exclude_net 32.466377/34.722258/32.469022/34.726450
PROPERTY sim/exclude_lin 32.466377/34.722258/32.469022/34.726450
PROPERTY sim/exclude_pol 32.466377/34.722258/32.469022/34.726450
PROPERTY sim/exclude_str 32.466377/34.722258/32.469022/34.726450
PROPERTY sim/exclude_obj 32.468487/34.720239/32.474783/34.725519
PROPERTY sim/exclude_fac 32.468487/34.720239/32.474783/34.725519
PROPERTY sim/exclude_for 32.468487/34.720239/32.474783/34.725519
PROPERTY sim/exclude_bch 32.468487/34.720239/32.474783/34.725519
PROPERTY sim/exclude_net 32.468487/34.720239/32.474783/34.725519
PROPERTY sim/exclude_lin 32.468487/34.720239/32.474783/34.725519
PROPERTY sim/exclude_pol 32.468487/34.720239/32.474783/34.725519
PROPERTY sim/exclude_str 32.468487/34.720239/32.474783/34.725519
PROPERTY sim/exclude_obj 32.480512/34.716927/32.491215/34.721430
PROPERTY sim/exclude_fac 32.480512/34.716927/32.491215/34.721430
PROPERTY sim/exclude_for 32.480512/34.716927/32.491215/34.721430
PROPERTY sim/exclude_bch 32.480512/34.716927/32.491215/34.721430
PROPERTY sim/exclude_net 32.480512/34.716927/32.491215/34.721430
PROPERTY sim/exclude_lin 32.480512/34.716927/32.491215/34.721430
PROPERTY sim/exclude_pol 32.480512/34.716927/32.491215/34.721430
PROPERTY sim/exclude_str 32.480512/34.716927/32.491215/34.721430
PROPERTY sim/exclude_obj 32.474059/34.721508/32.478592/34.723733
PROPERTY sim/exclude_fac 32.474059/34.721508/32.478592/34.723733
PROPERTY sim/exclude_for 32.474059/34.721508/32.478592/34.723733
PROPERTY sim/exclude_bch 32.474059/34.721508/32.478592/34.723733
PROPERTY sim/exclude_net 32.474059/34.721508/32.478592/34.723733
PROPERTY sim/exclude_lin 32.474059/34.721508/32.478592/34.723733
PROPERTY sim/exclude_pol 32.474059/34.721508/32.478592/34.723733
PROPERTY sim/exclude_str 32.474059/34.721508/32.478592/34.723733
PROPERTY sim/exclude_obj 32.474342/34.717005/32.482684/34.722646
PROPERTY sim/exclude_fac 32.474342/34.717005/32.482684/34.722646
PROPERTY sim/exclude_for 32.474342/34.717005/32.482684/34.722646
PROPERTY sim/exclude_bch 32.474342/34.717005/32.482684/34.722646
PROPERTY sim/exclude_net 32.474342/34.717005/32.482684/34.722646
PROPERTY sim/exclude_lin 32.474342/34.717005/32.482684/34.722646
PROPERTY sim/exclude_pol 32.474342/34.717005/32.482684/34.722646
PROPERTY sim/exclude_str 32.474342/34.717005/32.482684/34.722646
PROPERTY sim/exclude_obj 32.480701/34.721352/32.483062/34.724975
PROPERTY sim/exclude_fac 32.480701/34.721352/32.483062/34.724975
PROPERTY sim/exclude_for 32.480701/34.721352/32.483062/34.724975
PROPERTY sim/exclude_bch 32.480701/34.721352/32.483062/34.724975
PROPERTY sim/exclude_net 32.480701/34.721352/32.483062/34.724975
PROPERTY sim/exclude_lin 32.480701/34.721352/32.483062/34.724975
PROPERTY sim/exclude_pol 32.480701/34.721352/32.483062/34.724975
PROPERTY sim/exclude_str 32.480701/34.721352/32.483062/34.724975
PROPERTY sim/exclude_obj 32.490428/34.720705/32.493954/34.722103
PROPERTY sim/exclude_fac 32.490428/34.720705/32.493954/34.722103
PROPERTY sim/exclude_for 32.490428/34.720705/32.493954/34.722103
PROPERTY sim/exclude_bch 32.490428/34.720705/32.493954/34.722103
PROPERTY sim/exclude_net 32.490428/34.720705/32.493954/34.722103
PROPERTY sim/exclude_lin 32.490428/34.720705/32.493954/34.722103
PROPERTY sim/exclude_pol 32.490428/34.720705/32.493954/34.722103
PROPERTY sim/exclude_str 32.490428/34.720705/32.493954/34.722103
PROPERTY sim/exclude_obj 32.489924/34.718635/32.497007/34.720912
PROPERTY sim/exclude_fac 32.489924/34.718635/32.497007/34.720912
PROPERTY sim/exclude_for 32.489924/34.718635/32.497007/34.720912
PROPERTY sim/exclude_bch 32.489924/34.718635/32.497007/34.720912
PROPERTY sim/exclude_net 32.489924/34.718635/32.497007/34.720912
PROPERTY sim/exclude_lin 32.489924/34.718635/32.497007/34.720912
PROPERTY sim/exclude_pol 32.489924/34.718635/32.497007/34.720912
PROPERTY sim/exclude_str 32.489924/34.718635/32.497007/34.720912
PROPERTY sim/exclude_obj 32.510026/34.713350/32.511768/34.715447
PROPERTY sim/exclude_fac 32.510026/34.713350/32.511768/34.715447
PROPERTY sim/exclude_for 32.510026/34.713350/32.511768/34.715447
PROPERTY sim/exclude_bch 32.510026/34.713350/32.511768/34.715447
PROPERTY sim/exclude_net 32.510026/34.713350/32.511768/34.715447
PROPERTY sim/exclude_lin 32.510026/34.713350/32.511768/34.715447
PROPERTY sim/exclude_pol 32.510026/34.713350/32.511768/34.715447
PROPERTY sim/exclude_str 32.510026/34.713350/32.511768/34.715447
PROPERTY sim/exclude_obj 32.508827/34.713450/32.510569/34.715547
PROPERTY sim/exclude_fac 32.508827/34.713450/32.510569/34.715547
PROPERTY sim/exclude_for 32.508827/34.713450/32.510569/34.715547
PROPERTY sim/exclude_bch 32.508827/34.713450/32.510569/34.715547
PROPERTY sim/exclude_net 32.508827/34.713450/32.510569/34.715547
PROPERTY sim/exclude_lin 32.508827/34.713450/32.510569/34.715547
PROPERTY sim/exclude_pol 32.508827/34.713450/32.510569/34.715547
PROPERTY sim/exclude_str 32.508827/34.713450/32.510569/34.715547
PROPERTY sim/exclude_obj 32.506281/34.712438/32.509262/34.715763
PROPERTY sim/exclude_fac 32.506281/34.712438/32.509262/34.715763
PROPERTY sim/exclude_for 32.506281/34.712438/32.509262/34.715763
PROPERTY sim/exclude_bch 32.506281/34.712438/32.509262/34.715763
PROPERTY sim/exclude_net 32.506281/34.712438/32.509262/34.715763
PROPERTY sim/exclude_lin 32.506281/34.712438/32.509262/34.715763
PROPERTY sim/exclude_pol 32.506281/34.712438/32.509262/34.715763
PROPERTY sim/exclude_str 32.506281/34.712438/32.509262/34.715763
PROPERTY sim/exclude_obj 32.499109/34.709862/32.506406/34.717837
PROPERTY sim/exclude_fac 32.499109/34.709862/32.506406/34.717837
PROPERTY sim/exclude_for 32.499109/34.709862/32.506406/34.717837
PROPERTY sim/exclude_bch 32.499109/34.709862/32.506406/34.717837
PROPERTY sim/exclude_net 32.499109/34.709862/32.506406/34.717837
PROPERTY sim/exclude_lin 32.499109/34.709862/32.506406/34.717837
PROPERTY sim/exclude_pol 32.499109/34.709862/32.506406/34.717837
PROPERTY sim/exclude_str 32.499109/34.709862/32.506406/34.717837
PROPERTY sim/exclude_obj 32.490814/34.712247/32.499970/34.719477
PROPERTY sim/exclude_fac 32.490814/34.712247/32.499970/34.719477
PROPERTY sim/exclude_for 32.490814/34.712247/32.499970/34.719477
PROPERTY sim/exclude_bch 32.490814/34.712247/32.499970/34.719477
PROPERTY sim/exclude_net 32.490814/34.712247/32.499970/34.719477
PROPERTY sim/exclude_lin 32.490814/34.712247/32.499970/34.719477
PROPERTY sim/exclude_pol 32.490814/34.712247/32.499970/34.719477
PROPERTY sim/exclude_str 32.490814/34.712247/32.499970/34.719477
PROPERTY sim/exclude_for 32.486870/34.710541/32.490353/34.711136
PROPERTY sim/exclude_for 32.488178/34.710144/32.489258/34.710587
PROPERTY sim/exclude_for 32.485680/34.710705/32.486904/34.711151
PROPERTY sim/exclude_for 32.481949/34.710876/32.484348/34.711136
PROPERTY sim/exclude_net 32.477825/34.711599/32.480338/34.717536
PROPERTY sim/exclude_for 32.484310/34.710804/32.485714/34.711140
PROPERTY sim/require_agpoint 1/0
PROPERTY sim/require_object 1/0
PROPERTY sim/require_facade 1/5
PROPERTY sim/require_facade 6/0
