PROPERTY sim/west -180
PROPERTY sim/east 180
PROPERTY sim/north 90
PROPERTY sim/south -90
PROPERTY sim/planet earth
PROPERTY sim/creation_agent WorldEditor2.1.0r1
PROPERTY laminar/internal_revision 0
PROPERTY sim/overlay 1
FILTER 0
BEGIN_POLYGON 0 1 2
BEGIN_WINDING
POLYGON_POINT 5.770843930 46.384858331
POLYGON_POINT 5.770826449 46.384846578
POLYGON_POINT 5.770816819 46.384831105
POLYGON_POINT 5.770816506 46.384814267
POLYGON_POINT 5.770825558 46.384798629
POLYGON_POINT 5.770842596 46.384786571
POLYGON_POINT 5.770865027 46.384779928
POLYGON_POINT 5.770889436 46.384779712
POLYGON_POINT 5.770912107 46.384785956
POLYGON_POINT 5.770929587 46.384797709
POLYGON_POINT 5.770939217 46.384813182
POLYGON_POINT 5.770939530 46.384830020
POLYGON_POINT 5.770930479 46.384845658
POLYGON_POINT 5.770913440 46.384857717
POLYGON_POINT 5.770891009 46.384864359
POLYGON_POINT 5.770866600 46.384864575
END_WINDING
END_POLYGON
BEGIN_POLYGON 1 255 2
BEGIN_WINDING
POLYGON_POINT 5.766061307 46.386887328
POLYGON_POINT 5.765854587 46.387718340
POLYGON_POINT 5.766055927 46.388087697
POLYGON_POINT 5.765407556 46.388199690
POLYGON_POINT 5.764511037 46.387135530
POLYGON_POINT 5.762310839 46.385315169
POLYGON_POINT 5.762296792 46.382321470
POLYGON_POINT 5.763049550 46.382370384
POLYGON_POINT 5.763221213 46.382975596
POLYGON_POINT 5.763935016 46.384069570
POLYGON_POINT 5.764267657 46.384401535
POLYGON_POINT 5.764858510 46.385301412
POLYGON_POINT 5.765462128 46.385575546
POLYGON_POINT 5.765653197 46.385459265
POLYGON_POINT 5.765063533 46.385153375
POLYGON_POINT 5.764513826 46.384325857
POLYGON_POINT 5.764158551 46.383951922
POLYGON_POINT 5.763485689 46.382900476
POLYGON_POINT 5.763779952 46.381996027
POLYGON_POINT 5.763893783 46.380985054
POLYGON_POINT 5.764323091 46.381353550
POLYGON_POINT 5.765037308 46.381365781
POLYGON_POINT 5.765086868 46.381679688
POLYGON_POINT 5.764133062 46.381711702
POLYGON_POINT 5.764228402 46.382405314
POLYGON_POINT 5.764979507 46.383575332
POLYGON_POINT 5.764160884 46.383619905
POLYGON_POINT 5.764930339 46.384291517
POLYGON_POINT 5.765511081 46.385258946
POLYGON_POINT 5.766094077 46.384945925
POLYGON_POINT 5.766291840 46.385276940
POLYGON_POINT 5.765851393 46.385868873
POLYGON_POINT 5.765653197 46.385459265
POLYGON_POINT 5.765462128 46.385575546
POLYGON_POINT 5.765877433 46.386280455
END_WINDING
END_POLYGON
BEGIN_POLYGON 2 25 4
BEGIN_WINDING
POLYGON_POINT 5.770517692 46.384238751 5.770517692 46.384238751
POLYGON_POINT 5.770531678 46.384340844 5.770531678 46.384340844
POLYGON_POINT 5.770645714 46.384493704 5.770645714 46.384493704
POLYGON_POINT 5.770745496 46.384592928 5.770745496 46.384592928
POLYGON_POINT 5.770873787 46.384685002 5.770873787 46.384685002
POLYGON_POINT 5.770826902 46.384718455 5.770826902 46.384718455
POLYGON_POINT 5.770699907 46.384621018 5.770699907 46.384621018
POLYGON_POINT 5.770593645 46.384510172 5.770593645 46.384510172
POLYGON_POINT 5.770474425 46.384347479 5.770474425 46.384347479
POLYGON_POINT 5.770446353 46.384244307 5.770446353 46.384244307
POLYGON_POINT 5.770273639 46.384140066 5.770273639 46.384140066
POLYGON_POINT 5.769616209 46.383587210 5.769616209 46.383587210
POLYGON_POINT 5.767853771 46.382384831 5.767853771 46.382384831
POLYGON_POINT 5.766867086 46.381688481 5.766867086 46.381688481
POLYGON_POINT 5.766708049 46.381525029 5.766708049 46.381525029
POLYGON_POINT 5.766451643 46.380774942 5.766451643 46.380774942
POLYGON_POINT 5.766429940 46.380682825 5.766429940 46.380682825
POLYGON_POINT 5.766490590 46.380591339 5.766490590 46.380591339
POLYGON_POINT 5.766678835 46.380289065 5.766594449 46.380195024
POLYGON_POINT 5.766678835 46.380289065 5.766678835 46.380289065
POLYGON_POINT 5.766978461 46.380570127 5.766978461 46.380570127
POLYGON_POINT 5.766978461 46.380570127 5.766832409 46.380480564
POLYGON_POINT 5.766563024 46.380630581 5.766563024 46.380630581
POLYGON_POINT 5.766549632 46.380680137 5.766549632 46.380680137
POLYGON_POINT 5.766621170 46.380711822 5.766621170 46.380711822
POLYGON_POINT 5.766929204 46.380749399 5.766929204 46.380749399
POLYGON_POINT 5.768252726 46.381531356 5.768252726 46.381531356
POLYGON_POINT 5.768398293 46.381808864 5.768398293 46.381808864
POLYGON_POINT 5.768468630 46.381841393 5.768468630 46.381841393
POLYGON_POINT 5.768620351 46.381826147 5.768620351 46.381826147
POLYGON_POINT 5.768847627 46.381866315 5.768847627 46.381866315
POLYGON_POINT 5.770036597 46.382566024 5.770036597 46.382566024
POLYGON_POINT 5.770115487 46.382796668 5.770115487 46.382796668
POLYGON_POINT 5.771415610 46.383560948 5.771415610 46.383560948
POLYGON_POINT 5.771395261 46.383792025 5.771395261 46.383792025
POLYGON_POINT 5.771331083 46.383830898 5.771331083 46.383830898
POLYGON_POINT 5.771271815 46.383800304 5.771271815 46.383800304
POLYGON_POINT 5.771335993 46.383761431 5.771335993 46.383761431
POLYGON_POINT 5.771346950 46.383581105 5.771346950 46.383581105
POLYGON_POINT 5.770057784 46.382823303 5.770057784 46.382823303
POLYGON_POINT 5.769971381 46.382583588 5.769971381 46.382583588
POLYGON_POINT 5.768801194 46.381902021 5.768801194 46.381902021
POLYGON_POINT 5.768611485 46.381873514 5.768611485 46.381873514
POLYGON_POINT 5.768320959 46.381916442 5.768320959 46.381916442
POLYGON_POINT 5.768001647 46.381965033 5.768001647 46.381965033
POLYGON_POINT 5.767741815 46.381979070 5.767741815 46.381979070
POLYGON_POINT 5.767472592 46.381965033 5.767472592 46.381965033
POLYGON_POINT 5.767473544 46.382042174 5.767473544 46.382042174
POLYGON_POINT 5.767211588 46.381857299 5.767211588 46.381857299
POLYGON_POINT 5.767471904 46.381920407 5.767471904 46.381920407
POLYGON_POINT 5.767741127 46.381934445 5.767741127 46.381934445
POLYGON_POINT 5.767986872 46.381921487 5.767986872 46.381921487
POLYGON_POINT 5.768304618 46.381870737 5.768304618 46.381870737
POLYGON_POINT 5.768338041 46.381818348 5.768338041 46.381818348
POLYGON_POINT 5.768194038 46.381549478 5.768194038 46.381549478
POLYGON_POINT 5.766889300 46.380783717 5.766889300 46.380783717
POLYGON_POINT 5.766618831 46.380755211 5.766618831 46.380755211
POLYGON_POINT 5.766527323 46.380762686 5.766527323 46.380762686
POLYGON_POINT 5.766783729 46.381512774 5.766783729 46.381512774
POLYGON_POINT 5.766923292 46.381653835 5.766923292 46.381653835
POLYGON_POINT 5.767211588 46.381857299 5.767211588 46.381857299
POLYGON_POINT 5.767473544 46.382042174 5.767473544 46.382042174
POLYGON_POINT 5.767909977 46.382350185 5.767909977 46.382350185
POLYGON_POINT 5.769672415 46.383552564 5.769672415 46.383552564
POLYGON_POINT 5.770329845 46.384105419 5.770329845 46.384105419
POLYGON_POINT 5.770444409 46.384173177 5.770444409 46.384173177
POLYGON_POINT 5.770589682 46.384171009 5.770589682 46.384171009
POLYGON_POINT 5.770769693 46.384127817 5.770769693 46.384127817
POLYGON_POINT 5.770985707 46.384000401 5.770985707 46.384000401
POLYGON_POINT 5.770964028 46.383933517 5.770964028 46.383933517
POLYGON_POINT 5.770979522 46.383862301 5.770979522 46.383862301
POLYGON_POINT 5.771076399 46.383799127 5.771076399 46.383799127
POLYGON_POINT 5.771174967 46.383799124 5.771174967 46.383799124
POLYGON_POINT 5.771169072 46.383860497 5.771169072 46.383860497
POLYGON_POINT 5.771100382 46.383883401 5.771100382 46.383883401
POLYGON_POINT 5.771067354 46.383934499 5.771067354 46.383934499
POLYGON_POINT 5.771107169 46.383986015 5.771107169 46.383986015
POLYGON_POINT 5.771191806 46.383994878 5.771191806 46.383994878
POLYGON_POINT 5.771261753 46.383946523 5.771261753 46.383946523
POLYGON_POINT 5.771245225 46.383884796 5.771245225 46.383884796
POLYGON_POINT 5.771169072 46.383860497 5.771169072 46.383860497
POLYGON_POINT 5.771174967 46.383799124 5.771174967 46.383799124
POLYGON_POINT 5.771271815 46.383800304 5.771271815 46.383800304
POLYGON_POINT 5.771331083 46.383830898 5.771331083 46.383830898
POLYGON_POINT 5.771365840 46.383874568 5.771365840 46.383874568
POLYGON_POINT 5.771383100 46.383922295 5.771383100 46.383922295
POLYGON_POINT 5.771421722 46.383942752 5.771421722 46.383942752
POLYGON_POINT 5.773378251 46.385231770 5.773378251 46.385231770
POLYGON_POINT 5.773148889 46.385387159 5.773148889 46.385387159
POLYGON_POINT 5.773090965 46.385346461 5.773090965 46.385346461
POLYGON_POINT 5.773133043 46.385316320 5.773133043 46.385316320
POLYGON_POINT 5.773261814 46.385226134 5.773261814 46.385226134
POLYGON_POINT 5.771366146 46.383974433 5.771366146 46.383974433
POLYGON_POINT 5.771315195 46.384030211 5.771315195 46.384030211
POLYGON_POINT 5.771241885 46.384059955 5.771241885 46.384059955
POLYGON_POINT 5.773133043 46.385316320 5.773133043 46.385316320
POLYGON_POINT 5.773090965 46.385346461 5.773090965 46.385346461
POLYGON_POINT 5.771202060 46.384086986 5.771202060 46.384086986
POLYGON_POINT 5.771147920 46.384056446 5.771147920 46.384056446
POLYGON_POINT 5.771040071 46.384044315 5.771040071 46.384044315
POLYGON_POINT 5.770800578 46.384176050 5.770800578 46.384176050
POLYGON_POINT 5.770620566 46.384219242 5.770620566 46.384219242
END_WINDING
END_POLYGON
BEGIN_POLYGON 3 0 2
BEGIN_WINDING
POLYGON_POINT 5.769505264 46.385078849
POLYGON_POINT 5.769972344 46.385457083
POLYGON_POINT 5.770030915 46.385546059
POLYGON_POINT 5.769920075 46.385506286
POLYGON_POINT 5.769024830 46.385130096
POLYGON_POINT 5.768427642 46.384904382
POLYGON_POINT 5.768443493 46.384882847
POLYGON_POINT 5.769040680 46.385108561
POLYGON_POINT 5.769935925 46.385484751
POLYGON_POINT 5.769951404 46.385469177
POLYGON_POINT 5.769483429 46.385091765
END_WINDING
END_POLYGON
FILTER -1
FILTER 0
FILTER -1
FILTER 0
FILTER -1
FILTER 0
FILTER -1
FILTER 0
FILTER -1
FILTER 0
OBJECT 0 5.773443750 46.386867993 136.000000
OBJECT 0 5.773262606 46.386997525 136.000000
OBJECT 0 5.768401296 46.383474933 136.000000
OBJECT 0 5.768221814 46.383603205 136.000000
OBJECT 1 5.768960588 46.383852368 46.000000
OBJECT 1 5.768780205 46.383980019 46.000000
OBJECT 1 5.772885338 46.386490880 46.000000
OBJECT 1 5.772701318 46.386620498 46.000000
OBJECT 1 5.772324172 46.386113620 46.000000
OBJECT 1 5.772140672 46.386242344 46.000000
OBJECT 1 5.769523508 46.384228886 46.000000
OBJECT 1 5.769341568 46.384357610 46.000000
OBJECT 1 5.770080214 46.384606476 46.000000
OBJECT 1 5.769901384 46.384735200 46.000000
OBJECT 1 5.771762787 46.385734957 46.000000
OBJECT 1 5.771579289 46.385865826 46.000000
OBJECT 1 5.771019467 46.385487163 46.000000
OBJECT 1 5.771202964 46.385359512 46.000000
OBJECT 1 5.770641588 46.384982994 46.000000
OBJECT 1 5.770461201 46.385111718 46.000000
OBJECT 2 5.769416638 46.385071906 40.779999
BEGIN_POLYGON 4 1 3
BEGIN_WINDING
POLYGON_POINT 5.769399682 46.385022031 0.000000000
POLYGON_POINT 5.769207741 46.385135339 0.000000000
POLYGON_POINT 5.769103821 46.385053817 0.000000000
POLYGON_POINT 5.769295761 46.384940509 7.000000000
END_WINDING
END_POLYGON
OBJECT 3 5.768686602 46.384650579 133.850006
OBJECT 4 5.768012232 46.382234530 141.710007
OBJECT 5 5.769946739 46.383294758 140.000000
OBJECT 5 5.770082805 46.383372427 140.000000
OBJECT 5 5.770333534 46.383538987 140.000000
OBJECT 6 5.768541281 46.382449845 142.000000
OBJECT 7 5.769221409 46.382584133 142.000000
OBJECT 7 5.768989490 46.382795945 142.000000
OBJECT 8 5.772608055 46.387328976 0.000000
OBJECT 8 5.774630734 46.386940765 180.000000
OBJECT 8 5.774630734 46.386867735 0.000000
OBJECT 8 5.774686455 46.386990733 0.000000
OBJECT 8 5.774558297 46.386990733 0.000000
OBJECT 8 5.774536008 46.386906172 0.000000
OBJECT 8 5.774725460 46.386883110 0.000000
OBJECT 8 5.774497003 46.386817767 33.689999
OBJECT 8 5.774948345 46.386421868 0.000000
OBJECT 8 5.774870335 46.386448774 0.000000
OBJECT 8 5.774809042 46.386479523 0.000000
OBJECT 8 5.774725460 46.386514117 135.000000
OBJECT 8 5.774630734 46.386552553 90.000000
OBJECT 8 5.774541580 46.386602521 0.000000
OBJECT 8 5.774391133 46.386648645 90.000000
OBJECT 8 5.774279691 46.386687082 0.000000
OBJECT 8 5.774853619 46.387082981 0.000000
OBJECT 8 5.774742176 46.387067606 90.000000
OBJECT 8 5.774591729 46.387071450 0.000000
OBJECT 8 5.774703172 46.387140636 0.000000
OBJECT 8 5.774770037 46.387198291 116.570000
OBJECT 8 5.774664167 46.387225197 90.000000
OBJECT 8 5.774758893 46.387279009 0.000000
OBJECT 8 5.774653023 46.387325133 135.000000
OBJECT 8 5.774859191 46.387244416 0.000000
OBJECT 8 5.774825758 46.387148324 0.000000
OBJECT 8 5.774875907 46.387021482 0.000000
OBJECT 8 5.774814614 46.386940765 45.000000
OBJECT 8 5.774965061 46.386994576 225.000000
OBJECT 8 5.774948345 46.387086825 180.000000
OBJECT 8 5.774920484 46.387182917 135.000000
OBJECT 8 5.774926056 46.387286696 161.570007
OBJECT 8 5.774803470 46.387371257 270.000000
OBJECT 8 5.774931628 46.387340507 180.000000
OBJECT 8 5.774926056 46.387440443 90.000000
OBJECT 8 5.774965061 46.387582659 180.000000
OBJECT 8 5.774792326 46.387432756 90.000000
OBJECT 8 5.774669739 46.387405850 90.000000
OBJECT 8 5.774563869 46.387344351 90.000000
OBJECT 8 5.774552724 46.387236728 135.000000
OBJECT 8 5.774457998 46.387286696 90.000000
OBJECT 8 5.774552724 46.387421225 0.000000
OBJECT 8 5.774424566 46.387355882 180.000000
OBJECT 8 5.774324268 46.387309758 90.000000
OBJECT 8 5.774352128 46.387386632 153.440002
OBJECT 8 5.774207253 46.387371257 0.000000
OBJECT 8 5.774597301 46.387148324 180.000000
OBJECT 8 5.774491431 46.387194448 135.000000
OBJECT 8 5.774396705 46.387236728 0.000000
OBJECT 8 5.774235114 46.387286696 135.000000
OBJECT 8 5.774123671 46.387328976 270.000000
OBJECT 8 5.773956508 46.387375101 90.000000
OBJECT 8 5.774095811 46.387417381 0.000000
OBJECT 8 5.774262974 46.387436599 135.000000
OBJECT 8 5.774430138 46.387432756 0.000000
OBJECT 8 5.774619590 46.387482724 135.000000
OBJECT 8 5.774803470 46.387525004 0.000000
OBJECT 8 5.774864763 46.387594190 0.000000
OBJECT 8 5.774680883 46.387551910 0.000000
OBJECT 8 5.774508147 46.387517317 90.000000
OBJECT 8 5.774335412 46.387490411 0.000000
OBJECT 8 5.774162676 46.387467349 0.000000
OBJECT 8 5.773950936 46.387440443 0.000000
OBJECT 8 5.773800489 46.387428912 0.000000
OBJECT 8 5.773928628 46.386621740 0.000000
OBJECT 8 5.774028924 46.386625583 0.000000
OBJECT 8 5.774162653 46.386625583 270.000000
OBJECT 8 5.774034496 46.386583303 90.000000
OBJECT 8 5.774118077 46.386521804 0.000000
OBJECT 8 5.773973204 46.386433399 90.000000
OBJECT 8 5.773861763 46.386344995 90.000000
OBJECT 8 5.773549730 46.386141280 180.000000
OBJECT 8 5.773733607 46.386245059 270.000000
OBJECT 8 5.773466149 46.386379588 0.000000
OBJECT 8 5.773271128 46.385976002 0.000000
OBJECT 8 5.773142971 46.385960627 270.000000
OBJECT 8 5.772986954 46.385964471 0.000000
OBJECT 8 5.772853226 46.385899128 0.000000
OBJECT 8 5.772624772 46.385883753 135.000000
OBJECT 8 5.772513332 46.385910659 90.000000
OBJECT 8 5.772591340 46.386018282 0.000000
OBJECT 8 5.773215408 46.386233528 0.000000
OBJECT 8 5.773148543 46.386268121 0.000000
OBJECT 8 5.773076107 46.386306558 0.000000
OBJECT 8 5.772998099 46.386356526 90.000000
OBJECT 8 5.772162230 46.385783818 0.000000
OBJECT 8 5.772156658 46.385591634 45.000000
OBJECT 8 5.772089796 46.385453261 0.000000
OBJECT 8 5.771972788 46.385341795 0.000000
OBJECT 8 5.771766630 46.385180360 49.400002
OBJECT 8 5.771816777 46.384799836 0.000000
OBJECT 8 5.771677481 46.385034300 0.000000
OBJECT 8 5.771515898 46.384965114 0.000000
OBJECT 8 5.771114727 46.384676838 36.869999
OBJECT 8 5.771365459 46.384934365 0.000000
OBJECT 8 5.771326457 46.384784461 56.310001
OBJECT 8 5.771209448 46.384845960 0.000000
OBJECT 8 5.771231736 46.384719119 0.000000
OBJECT 8 5.769415324 46.383604452 0.000000
OBJECT 8 5.769504472 46.383650576 0.000000
OBJECT 8 5.769571333 46.383700544 243.429993
OBJECT 8 5.769604764 46.383765886 0.000000
OBJECT 8 5.769660481 46.383819698 0.000000
OBJECT 8 5.769744057 46.383892728 180.000000
OBJECT 8 5.769822062 46.383942696 0.000000
OBJECT 8 5.769905638 46.383988820 0.000000
OBJECT 8 5.769989214 46.384050319 0.000000
OBJECT 8 5.770056075 46.384115661 0.000000
OBJECT 8 5.770128508 46.384173316 0.000000
OBJECT 8 5.770200941 46.384238659 0.000000
OBJECT 8 5.770295660 46.384288627 270.000000
OBJECT 8 5.770223228 46.384330907 116.570000
OBJECT 8 5.770334663 46.384361657 0.000000
OBJECT 8 5.768558877 46.383020428 0.000000
OBJECT 8 5.768479945 46.382972382 0.000000
OBJECT 8 5.768391726 46.382953164 0.000000
OBJECT 8 5.768452086 46.383020428 0.000000
OBJECT 8 5.768563520 46.383065271 116.570000
OBJECT 8 5.768665668 46.383110114 180.000000
OBJECT 8 5.768809603 46.383170972 0.000000
OBJECT 8 5.768730671 46.383161363 90.000000
OBJECT 8 5.768842105 46.383212612 180.000000
OBJECT 8 5.768930323 46.383257455 0.000000
OBJECT 8 5.769208908 46.383468857 90.000000
OBJECT 8 5.769125333 46.383427217 0.000000
OBJECT 8 5.768995327 46.383350344 0.000000
OBJECT 8 5.769051043 46.383372765 0.000000
OBJECT 8 5.768934967 46.383308704 53.130001
OBJECT 8 5.768842105 46.383273470 0.000000
OBJECT 8 5.768744600 46.383222221 0.000000
OBJECT 8 5.768647096 46.383164566 0.000000
OBJECT 8 5.768563520 46.383138942 0.000000
OBJECT 8 5.768475302 46.383097302 0.000000
OBJECT 8 5.768396370 46.383068474 90.000000
OBJECT 8 5.768972111 46.383203003 0.000000
OBJECT 8 5.769041757 46.383267064 180.000000
OBJECT 8 5.769111403 46.383321516 0.000000
OBJECT 8 5.769181050 46.383375968 201.800003
OBJECT 8 5.769250696 46.383420811 0.000000
OBJECT 8 5.769297127 46.383484873 0.000000
OBJECT 8 5.769241410 46.383520106 0.000000
OBJECT 8 5.768893179 46.383142145 0.000000
OBJECT 8 5.768809603 46.383100505 90.000000
OBJECT 8 5.768744600 46.383065271 90.000000
OBJECT 8 5.768656382 46.383017225 90.000000
OBJECT 8 5.768549591 46.382959570 60.250000
OBJECT 8 5.768452086 46.382911524 0.000000
OBJECT 8 5.768368511 46.382860275 315.000000
OBJECT 8 5.768322080 46.382924336 0.000000
OBJECT 8 5.768317437 46.382988397 0.000000
OBJECT 8 5.768326723 46.383052459 0.000000
OBJECT 8 5.768062068 46.382703325 135.000000
OBJECT 8 5.768001708 46.382658482 135.000000
OBJECT 8 5.768127071 46.382709731 0.000000
OBJECT 8 5.768178145 46.382773792 0.000000
OBJECT 8 5.768085283 46.382818635 0.000000
OBJECT 8 5.768048139 46.382767386 0.000000
OBJECT 8 5.767997065 46.382709731 0.000000
OBJECT 8 5.767927419 46.382616842 90.000000
OBJECT 8 5.767871702 46.382533562 0.000000
OBJECT 8 5.767644191 46.382517547 0.000000
OBJECT 8 5.767704551 46.382463095 0.000000
OBJECT 8 5.767630262 46.382395830 45.000000
OBJECT 8 5.767574545 46.382318957 0.000000
OBJECT 8 5.767486326 46.382238880 0.000000
OBJECT 8 5.767402751 46.382171616 0.000000
OBJECT 8 5.767309889 46.382104351 90.000000
OBJECT 8 5.767198455 46.382033884 90.000000
OBJECT 8 5.767128809 46.381963417 63.430000
OBJECT 8 5.767040591 46.381905761 0.000000
OBJECT 8 5.766961659 46.381844903 80.540001
OBJECT 8 5.767515986 46.382875087 0.000000
OBJECT 8 5.767428927 46.382832824 0.000000
OBJECT 8 5.767464395 46.382766093 45.000000
OBJECT 8 5.767361215 46.382730504 0.000000
OBJECT 8 5.767374112 46.382654876 0.000000
OBJECT 8 5.767287054 46.382623735 0.000000
OBJECT 8 5.767299951 46.382561453 0.000000
OBJECT 8 5.767212892 46.382523639 0.000000
OBJECT 8 5.767238688 46.382468030 90.000000
OBJECT 8 5.767154853 46.382439114 0.000000
OBJECT 8 5.767064570 46.382445787 0.000000
OBJECT 8 5.767122609 46.382496947 0.000000
OBJECT 8 5.766977512 46.382479152 0.000000
OBJECT 8 5.767032326 46.382539210 90.000000
OBJECT 8 5.767016204 46.382617062 45.000000
OBJECT 8 5.766948492 46.382565902 90.000000
OBJECT 8 5.766896902 46.382505844 0.000000
OBJECT 8 5.766848536 46.382434665 0.000000
OBJECT 8 5.766809843 46.382519190 0.000000
OBJECT 8 5.766871107 46.382574799 0.000000
OBJECT 8 5.766938819 46.382625959 0.000000
OBJECT 8 5.767006531 46.382686017 0.000000
OBJECT 8 5.767696553 46.382975182 0.000000
OBJECT 8 5.767799735 46.382990753 0.000000
OBJECT 8 5.767802959 46.383046362 0.000000
OBJECT 8 5.767890019 46.383030791 0.000000
OBJECT 8 5.767931937 46.383121989 0.000000
OBJECT 8 5.767783613 46.383451193 90.000000
OBJECT 8 5.767873898 46.383506802 0.000000
OBJECT 8 5.767938388 46.383564635 0.000000
OBJECT 8 5.768035121 46.383611347 0.000000
OBJECT 8 5.768089937 46.383678077 0.000000
OBJECT 8 5.768180222 46.384412113 0.000000
OBJECT 8 5.768044795 46.384276428 54.459999
OBJECT 8 5.767935163 46.384162986 0.000000
OBJECT 8 5.768360798 46.384605632 0.000000
OBJECT 8 5.768438186 46.384652343 0.000000
OBJECT 8 5.768367247 46.384705727 135.000000
OBJECT 8 5.768428513 46.384781355 0.000000
OBJECT 8 5.768965394 46.385065702 0.000000
OBJECT 8 5.768873495 46.385032707 90.000000
OBJECT 8 5.768786433 46.385079418 0.000000
OBJECT 8 5.768757413 46.384985996 0.000000
OBJECT 8 5.768625208 46.385019361 90.000000
OBJECT 8 5.768621983 46.384932611 26.559999
OBJECT 8 5.768500517 46.384964560 0.000000
OBJECT 8 5.768515575 46.384868105 270.000000
OBJECT 8 5.768402717 46.384859208 0.000000
OBJECT 8 5.768331778 46.384908143 0.000000
OBJECT 8 5.768276961 46.384836964 0.000000
OBJECT 8 5.768157654 46.384881451 90.000000
OBJECT 8 5.768122184 46.384825842 90.000000
OBJECT 8 5.768025449 46.384874778 90.000000
OBJECT 8 5.767935163 46.384832515 0.000000
OBJECT 8 5.767831978 46.384883675 0.000000
OBJECT 8 5.767780386 46.384819169 270.000000
OBJECT 8 5.767673977 46.384872554 90.000000
OBJECT 8 5.767622385 46.384803599 0.000000
OBJECT 8 5.767522425 46.384865881 111.800003
OBJECT 8 5.767464384 46.384788028 0.000000
OBJECT 8 5.767377322 46.384845861 135.000000
OBJECT 8 5.769125011 46.385261815 0.000000
OBJECT 8 5.769286237 46.385328546 0.000000
OBJECT 8 5.769405545 46.385395276 0.000000
OBJECT 8 5.769615140 46.385477577 0.000000
OBJECT 8 5.769750570 46.385526513 0.000000
OBJECT 8 5.769892450 46.385573224 0.000000
OBJECT 8 5.769982736 46.385611038 0.000000
OBJECT 8 5.770166535 46.385688891 180.000000
OBJECT 8 5.770389028 46.385768967 0.000000
OBJECT 8 5.766845228 46.386801239 135.000000
OBJECT 8 5.766788691 46.386979528 0.000000
OBJECT 8 5.767014839 46.386578379 0.000000
OBJECT 8 5.766950225 46.386115943 0.000000
OBJECT 8 5.767079453 46.385998941 135.000000
OBJECT 8 5.767378291 46.385948798 315.000000
OBJECT 8 5.767564055 46.385542077 243.429993
OBJECT 8 5.767765973 46.385692508 0.000000
OBJECT 8 5.768097118 46.385915369 0.000000
OBJECT 8 5.768194038 46.385971084 225.000000
OBJECT 8 5.768282882 46.386026799 180.000000
OBJECT 8 5.769203627 46.386767810 0.000000
OBJECT 8 5.769260164 46.386834668 0.000000
OBJECT 8 5.769340931 46.386918241 0.000000
OBJECT 8 5.769583232 46.387213531 0.000000
OBJECT 8 5.769655923 46.387285961 0.000000
OBJECT 8 5.769736690 46.387414106 0.000000
OBJECT 8 5.769987068 46.387525536 243.429993
OBJECT 8 5.769752843 46.387558965 90.000000
OBJECT 8 5.769833610 46.387709396 0.000000
OBJECT 8 5.769987074 46.387107673 116.570000
OBJECT 8 5.770455525 46.387035243 0.000000
OBJECT 8 5.771045127 46.387252532 0.000000
OBJECT 8 5.771327813 46.387486536 191.309998
OBJECT 8 5.771562039 46.387726111 209.050003
OBJECT 8 5.771772034 46.387826398 210.960007
OBJECT 8 5.771941646 46.387848684 0.000000
OBJECT 8 5.771206662 46.387882113 108.440002
OBJECT 8 5.770915899 46.387876542 101.309998
OBJECT 8 5.770560523 46.387859827 90.000000
OBJECT 8 5.770310144 46.387770683 90.000000
OBJECT 8 5.770092072 46.387609109 45.000000
OBJECT 8 5.770269760 46.387564537 333.440002
OBJECT 8 5.770649367 46.387542251 315.000000
OBJECT 8 5.770269760 46.387441964 14.040000
OBJECT 8 5.770027458 46.387402963 0.000000
OBJECT 8 5.770269760 46.386901527 0.000000
OBJECT 8 5.770269760 46.386751096 0.000000
OBJECT 8 5.770043611 46.386673095 0.000000
OBJECT 8 5.770019381 46.386790096 0.000000
OBJECT 8 5.769995151 46.387001814 225.000000
OBJECT 8 5.770124379 46.387107673 201.800003
OBJECT 8 5.770261683 46.387252532 153.440002
OBJECT 8 5.770051688 46.387258104 0.000000
OBJECT 8 5.770390911 46.387352819 315.000000
OBJECT 8 5.770463602 46.387202388 135.000000
OBJECT 8 5.770600906 46.387096530 296.570007
OBJECT 8 5.770867439 46.387129959 0.000000
OBJECT 8 5.771125895 46.387297104 270.000000
OBJECT 8 5.770907823 46.387024100 180.000000
OBJECT 8 5.770713981 46.387001814 90.000000
OBJECT 8 5.770625137 46.386851383 36.869999
OBJECT 8 5.770940130 46.386840240 270.000000
OBJECT 8 5.770730134 46.386773382 0.000000
OBJECT 8 5.769688235 46.385603364 90.000000
OBJECT 8 5.769809386 46.385686936 270.000000
OBJECT 8 5.769978997 46.385770509 180.000000
OBJECT 8 5.769874000 46.385764938 90.000000
OBJECT 8 5.770035534 46.385820653 0.000000
OBJECT 8 5.769987074 46.385859653 180.000000
OBJECT 8 5.770124379 46.385876368 0.000000
OBJECT 8 5.770092072 46.385948798 0.000000
OBJECT 8 5.770205146 46.385998941 180.000000
OBJECT 8 5.770164762 46.386071371 0.000000
OBJECT 8 5.770293990 46.386076942 0.000000
OBJECT 8 5.770269760 46.386182801 135.000000
OBJECT 8 5.770415141 46.386199516 0.000000
OBJECT 8 5.770407065 46.386288660 270.000000
OBJECT 8 5.770528216 46.386322089 0.000000
OBJECT 8 5.770520139 46.386416805 90.000000
OBJECT 8 5.770463602 46.386528235 0.000000
OBJECT 8 5.770431295 46.386628522 0.000000
OBJECT 8 5.770237453 46.386634094 135.000000
OBJECT 8 5.770665520 46.386622951 0.000000
OBJECT 8 5.770560523 46.386650808 0.000000
OBJECT 8 5.770455525 46.386739953 90.000000
OBJECT 8 5.770956283 46.387040814 0.000000
OBJECT 8 5.771028974 46.386890384 0.000000
OBJECT 8 5.771158202 46.386973956 0.000000
OBJECT 8 5.771093588 46.387024100 0.000000
OBJECT 8 5.771319737 46.386884812 0.000000
OBJECT 8 5.771537809 46.386862526 0.000000
OBJECT 8 5.771650883 46.386834668 315.000000
OBJECT 8 5.771747804 46.386834668 0.000000
OBJECT 8 5.771505502 46.387219103 0.000000
OBJECT 8 5.771618576 46.387285961 180.000000
OBJECT 8 5.771683190 46.387380677 0.000000
OBJECT 8 5.771796264 46.387492107 0.000000
OBJECT 8 5.771812418 46.387648110 90.000000
OBJECT 8 5.774061089 46.387682475 90.000000
OBJECT 8 5.774036859 46.387749333 0.000000
OBJECT 8 5.774190317 46.387754904 270.000000
OBJECT 8 5.774351852 46.387743761 270.000000
OBJECT 8 5.774529541 46.387754904 180.000000
OBJECT 8 5.774707230 46.387754904 270.000000
OBJECT 8 5.774941456 46.387749333 0.000000
OBJECT 8 5.775022224 46.387832906 0.000000
OBJECT 8 5.774828382 46.387827334 135.000000
OBJECT 8 5.774658769 46.387838477 116.570000
OBJECT 8 5.774456850 46.387832906 0.000000
OBJECT 8 5.774254931 46.387844049 90.000000
OBJECT 8 5.774117626 46.387849620 180.000000
OBJECT 8 5.773956091 46.387849620 90.000000
OBJECT 8 5.773834940 46.387805048 90.000000
OBJECT 8 5.773915707 46.387715904 0.000000
OBJECT 8 5.773818786 46.387671332 0.000000
OBJECT 8 5.773713788 46.387732618 180.000000
OBJECT 8 5.773665327 46.387660189 180.000000
OBJECT 8 5.773463408 46.387660189 180.000000
OBJECT 8 5.773326103 46.387637903 0.000000
OBJECT 8 5.773116108 46.387721475 0.000000
OBJECT 8 5.773164568 46.387654617 0.000000
OBJECT 8 5.772962649 46.387632331 90.000000
OBJECT 8 5.772849574 46.387682475 0.000000
OBJECT 8 5.772268047 46.387732618 0.000000
OBJECT 8 5.772421506 46.387654617 0.000000
OBJECT 8 5.772429583 46.387754904 0.000000
OBJECT 8 5.772300354 46.387654617 0.000000
OBJECT 8 5.772122666 46.387732618 90.000000
OBJECT 8 5.772421506 46.387565473 270.000000
OBJECT 8 5.772550734 46.387615617 0.000000
OBJECT 8 5.772776883 46.387626760 0.000000
OBJECT 8 5.772898035 46.387571044 270.000000
OBJECT 8 5.773099954 46.387559901 0.000000
OBJECT 8 5.773261489 46.387565473 0.000000
OBJECT 8 5.773471485 46.387559901 0.000000
OBJECT 8 5.773697635 46.387593330 0.000000
OBJECT 8 5.773931861 46.387610045 270.000000
OBJECT 8 5.774174164 46.387643474 0.000000
OBJECT 8 5.774343776 46.387654617 270.000000
OBJECT 8 5.774456850 46.387671332 0.000000
OBJECT 8 5.774634539 46.387693618 315.000000
OBJECT 8 5.774787998 46.387715904 0.000000
OBJECT 8 5.764910592 46.383738902 0.000000
OBJECT 8 5.764882549 46.383622828 0.000000
OBJECT 8 5.765000330 46.383684734 180.000000
OBJECT 8 5.765168589 46.383824022 225.000000
OBJECT 8 5.765269544 46.383924619 206.559998
OBJECT 8 5.765420978 46.384040692 236.309998
OBJECT 8 5.765505107 46.384156765 199.979996
OBJECT 8 5.765600454 46.384241886 0.000000
OBJECT 8 5.765645323 46.384350221 180.000000
OBJECT 8 5.765757495 46.384470163 243.429993
OBJECT 8 5.765886494 46.384613320 228.369995
OBJECT 8 5.765970623 46.384756477 0.000000
OBJECT 8 5.766060362 46.384876419 0.000000
OBJECT 8 5.765875280 46.383452588 0.000000
OBJECT 8 5.765802368 46.383379075 0.000000
OBJECT 8 5.765533157 46.382992164 0.000000
OBJECT 8 5.765650937 46.382945735 0.000000
OBJECT 8 5.765561199 46.382876091 0.000000
OBJECT 8 5.766295920 46.383990394 0.000000
OBJECT 8 5.766105222 46.384098729 90.000000
OBJECT 8 5.766054743 46.384176111 90.000000
OBJECT 8 5.765981829 46.384114205 0.000000
OBJECT 8 5.765858436 46.384152896 116.570000
OBJECT 8 5.765925742 46.384199325 270.000000
OBJECT 8 5.766015482 46.383990394 0.000000
OBJECT 8 5.765897698 46.384040692 153.440002
OBJECT 8 5.765824784 46.384075514 0.000000
OBJECT 8 5.765779914 46.384141289 0.000000
OBJECT 8 5.765858436 46.384257362 197.100006
OBJECT 8 5.766037917 46.384238016 275.709991
OBJECT 8 5.766155701 46.384226409 0.000000
OBJECT 8 5.766122049 46.384307660 195.949997
OBJECT 8 5.765981829 46.384311529 0.000000
OBJECT 8 5.766211789 46.384327006 243.429993
OBJECT 8 5.766105222 46.384373435 90.000000
OBJECT 8 5.766295920 46.384365697 270.000000
OBJECT 8 5.766251050 46.384454686 165.960007
OBJECT 8 5.766441748 46.384474032 270.000000
OBJECT 8 5.766581968 46.384543676 206.559998
OBJECT 8 5.766778274 46.384597843 243.429993
OBJECT 8 5.766929711 46.384679095 213.690002
OBJECT 8 5.767092365 46.384756477 225.000000
OBJECT 8 5.767249411 46.384768084 0.000000
OBJECT 8 5.767092365 46.384845466 135.000000
OBJECT 8 5.767193323 46.384918979 0.000000
OBJECT 8 5.767008234 46.384942194 131.190002
OBJECT 8 5.767120409 46.385004100 0.000000
OBJECT 8 5.766980190 46.385027314 0.000000
OBJECT 8 5.766750231 46.385154995 0.000000
OBJECT 8 5.766598794 46.385178209 45.000000
OBJECT 8 5.766458575 46.385124042 270.000000
OBJECT 8 5.766424922 46.385209162 153.440002
OBJECT 8 5.766464183 46.385286544 0.000000
OBJECT 8 5.766542706 46.385344581 180.000000
OBJECT 8 5.766677317 46.385418094 232.119995
OBJECT 8 5.766750231 46.385514822 218.660004
OBJECT 8 5.766856797 46.385642502 0.000000
OBJECT 8 5.766929711 46.385750837 0.000000
OBJECT 8 5.766868015 46.385812743 123.690002
OBJECT 8 5.767013843 46.385866911 0.000000
BEGIN_POLYGON 5 1 3
BEGIN_WINDING
POLYGON_POINT 5.769604908 46.385140970 0.000000000
POLYGON_POINT 5.769888550 46.385386833 0.000000000
END_WINDING
END_POLYGON
FILTER -1
OBJECT_DEF lib/airport/Common_Elements/Runway_Markers/Rectangular/White_Red.obj
OBJECT_DEF lib/airport/Common_Elements/Markers/Cones/Square_Black_White.obj
OBJECT_DEF lib/g10/US/suburban/TrailerDblShrt.obj
OBJECT_DEF lib/g10/EU/suburban/gar1_6x4.obj
OBJECT_DEF lib/g10/US/industrial/light/WoodShed8x20.obj
OBJECT_DEF lib/g10/US/industrial/light/Shed13x24.obj
OBJECT_DEF lib/g10/US/industrial/light/Factory60x30.obj
OBJECT_DEF lib/g10/US/industrial/light/FactB30x45.obj
OBJECT_DEF lib/g10/forests/autogen_tree3.obj
POLYGON_DEF lib/airport/lines/10_single_taxi_wide.lin
POLYGON_DEF lib/g8/broad_tmp_wet.for
POLYGON_DEF lib/airport/pavement/asphalt_5D.pol
POLYGON_DEF lib/airport/pavement/asphalt_3L.pol
POLYGON_DEF lib/airport/Modern_Airports/Terminal_kit/term_building_Ground_02.fac
POLYGON_DEF lib/constructions/fencing/fence_Hedge_04.fac
PROPERTY sim/filter/aptid LFKZ
PROPERTY sim/exclude_for 5.762323/46.381967/5.770018/46.385329
PROPERTY sim/exclude_obj 5.765108/46.384071/5.775011/46.387782
PROPERTY sim/exclude_fac 5.765108/46.384071/5.775011/46.387782
PROPERTY sim/exclude_for 5.765108/46.384071/5.775011/46.387782
PROPERTY sim/require_agpoint 1/0
PROPERTY sim/require_object 1/0
PROPERTY sim/require_facade 1/4
PROPERTY sim/require_facade 6/0
