PROPERTY sim/west -180
PROPERTY sim/east 180
PROPERTY sim/north 90
PROPERTY sim/south -90
PROPERTY sim/planet earth
PROPERTY sim/creation_agent WorldEditor1.7.21r1
PROPERTY laminar/internal_revision 0
PROPERTY sim/overlay 1
FILTER 0
BEGIN_POLYGON 0 64 4
BEGIN_WINDING
POLYGON_POINT 0.650335204 49.834389431 0.650335204 49.834389431
POLYGON_POINT 0.650318992 49.834383620 0.650318992 49.834383620
POLYGON_POINT 0.650351372 49.834339217 0.650351372 49.834339217
POLYGON_POINT 0.650352457 49.834315876 0.650352457 49.834315876
POLYGON_POINT 0.650325336 49.834305818 0.650325336 49.834305818
POLYGON_POINT 0.650337520 49.834284038 0.650337520 49.834284038
POLYGON_POINT 0.650293808 49.834267321 0.650293808 49.834267321
POLYGON_POINT 0.650295844 49.834245764 0.650295844 49.834245764
POLYGON_POINT 0.650328582 49.834238454 0.650328582 49.834238454
POLYGON_POINT 0.650336613 49.834222438 0.650336613 49.834222438
POLYGON_POINT 0.650316386 49.834205864 0.650316386 49.834205864
POLYGON_POINT 0.650288828 49.834200538 0.650288828 49.834200538
POLYGON_POINT 0.650275701 49.834211103 0.650275701 49.834211103
POLYGON_POINT 0.650241992 49.834202385 0.650241992 49.834202385
POLYGON_POINT 0.650215510 49.834229108 0.650215510 49.834229108
POLYGON_POINT 0.650185777 49.834243996 0.650185777 49.834243996
POLYGON_POINT 0.650123613 49.834257560 0.650123613 49.834257560
POLYGON_POINT 0.650101266 49.834257318 0.650101266 49.834257318
POLYGON_POINT 0.650101594 49.834296239 0.650101594 49.834296239
POLYGON_POINT 0.650065097 49.834304421 0.650065097 49.834304421
POLYGON_POINT 0.642831082 49.832027686 0.642831082 49.832027686
POLYGON_POINT 0.642829774 49.832011958 0.642829774 49.832011958
POLYGON_POINT 0.642945590 49.832032554 0.642945590 49.832032554
POLYGON_POINT 0.642993002 49.831973866 0.642993002 49.831973866
POLYGON_POINT 0.642717515 49.831869153 0.642717515 49.831869153
POLYGON_POINT 0.642166863 49.831694918 0.642166863 49.831694918
POLYGON_POINT 0.642166304 49.831662685 0.642166304 49.831662685
POLYGON_POINT 0.642135028 49.831633051 0.642135028 49.831633051
POLYGON_POINT 0.642078967 49.831638644 0.642078967 49.831638644
POLYGON_POINT 0.642047006 49.831657668 0.642047006 49.831657668
POLYGON_POINT 0.641336782 49.831434797 0.641336782 49.831434797
POLYGON_POINT 0.641296866 49.831440065 0.641296866 49.831440065
POLYGON_POINT 0.641284445 49.831465778 0.641284445 49.831465778
POLYGON_POINT 0.641259464 49.831480565 0.641259464 49.831480565
POLYGON_POINT 0.641146605 49.831489240 0.641146605 49.831489240
POLYGON_POINT 0.641077509 49.831475791 0.641077509 49.831475791
POLYGON_POINT 0.640976222 49.831479140 0.640976222 49.831479140
POLYGON_POINT 0.640887386 49.831506286 0.640887386 49.831506286
POLYGON_POINT 0.640847816 49.831541480 0.640847816 49.831541480
POLYGON_POINT 0.640764211 49.831515675 0.640764211 49.831515675
POLYGON_POINT 0.640600679 49.831721953 0.640600679 49.831721953
POLYGON_POINT 0.640543873 49.831680425 0.640543873 49.831680425
POLYGON_POINT 0.640737784 49.831426372 0.640737784 49.831426372
POLYGON_POINT 0.640765596 49.831430766 0.640765596 49.831430766
POLYGON_POINT 0.640804153 49.831378184 0.640804153 49.831378184
POLYGON_POINT 0.640791152 49.831356452 0.640791152 49.831356452
POLYGON_POINT 0.641366673 49.830602429 0.641366673 49.830602429
POLYGON_POINT 0.641509840 49.830647617 0.641509840 49.830647617
POLYGON_POINT 0.641353135 49.830852249 0.641353135 49.830852249
POLYGON_POINT 0.641338330 49.830972877 0.641360948 49.831043978
POLYGON_POINT 0.641416798 49.831062909 0.641416798 49.831062909
POLYGON_POINT 0.642285179 49.831335618 0.642285179 49.831335618
POLYGON_POINT 0.642182996 49.831398951 0.642182996 49.831398951
POLYGON_POINT 0.642165172 49.831446400 0.642165172 49.831446400
POLYGON_POINT 0.642201021 49.831485032 0.642201021 49.831485032
POLYGON_POINT 0.642258579 49.831509050 0.642258579 49.831509050
POLYGON_POINT 0.642313312 49.831505943 0.642313312 49.831505943
POLYGON_POINT 0.642350778 49.831511509 0.642350778 49.831511509
POLYGON_POINT 0.642414469 49.831441701 0.642414469 49.831441701
POLYGON_POINT 0.642390357 49.831400391 0.642390357 49.831400391
POLYGON_POINT 0.642423943 49.831379094 0.642423943 49.831379094
POLYGON_POINT 0.646647159 49.832709974 0.646647159 49.832709974
POLYGON_POINT 0.646626869 49.832727374 0.646626869 49.832727374
POLYGON_POINT 0.646627937 49.832753994 0.646627937 49.832753994
POLYGON_POINT 0.646707332 49.832768658 0.646707332 49.832768658
POLYGON_POINT 0.646741442 49.832740157 0.646741442 49.832740157
POLYGON_POINT 0.650044927 49.833781958 0.650044927 49.833781958
POLYGON_POINT 0.650024214 49.833796121 0.650024214 49.833796121
POLYGON_POINT 0.650015765 49.833827189 0.650015765 49.833827189
POLYGON_POINT 0.650019444 49.833853633 0.650019444 49.833853633
POLYGON_POINT 0.650034091 49.833868824 0.650034091 49.833868824
POLYGON_POINT 0.650064906 49.833880444 0.650064906 49.833880444
POLYGON_POINT 0.650106791 49.833882839 0.650106791 49.833882839
POLYGON_POINT 0.650121139 49.833874294 0.650121139 49.833874294
POLYGON_POINT 0.650170983 49.833869173 0.650170983 49.833869173
POLYGON_POINT 0.650202737 49.833850498 0.650202737 49.833850498
POLYGON_POINT 0.650197659 49.833830114 0.650197659 49.833830114
POLYGON_POINT 0.650651005 49.833973023 0.650651005 49.833973023
END_WINDING
BEGIN_WINDING
POLYGON_POINT 0.641831740 49.831507084 0.641831740 49.831507084
POLYGON_POINT 0.641798489 49.831437628 0.641798489 49.831437628
POLYGON_POINT 0.641904376 49.831412760 0.641904376 49.831412760
POLYGON_POINT 0.641887568 49.831382988 0.641887568 49.831382988
POLYGON_POINT 0.641783973 49.831407307 0.641783973 49.831407307
POLYGON_POINT 0.641751451 49.831339376 0.641751451 49.831339376
POLYGON_POINT 0.641704518 49.831348724 0.641704518 49.831348724
POLYGON_POINT 0.641737769 49.831418179 0.641737769 49.831418179
POLYGON_POINT 0.641631882 49.831443049 0.641631882 49.831443049
POLYGON_POINT 0.641648690 49.831472821 0.641648690 49.831472821
POLYGON_POINT 0.641752284 49.831448498 0.641752284 49.831448498
POLYGON_POINT 0.641784807 49.831516433 0.641784807 49.831516433
END_WINDING
BEGIN_WINDING
POLYGON_POINT 0.646470330 49.832975253 0.646470330 49.832975253
POLYGON_POINT 0.646437078 49.832905797 0.646437078 49.832905797
POLYGON_POINT 0.646542969 49.832880928 0.646542969 49.832880928
POLYGON_POINT 0.646526160 49.832851156 0.646526160 49.832851156
POLYGON_POINT 0.646422561 49.832875476 0.646422561 49.832875476
POLYGON_POINT 0.646390039 49.832807544 0.646390039 49.832807544
POLYGON_POINT 0.646343104 49.832816893 0.646343104 49.832816893
POLYGON_POINT 0.646376356 49.832886347 0.646376356 49.832886347
POLYGON_POINT 0.646270466 49.832911217 0.646270466 49.832911217
POLYGON_POINT 0.646287274 49.832940989 0.646287274 49.832940989
POLYGON_POINT 0.646390871 49.832916666 0.646390871 49.832916666
POLYGON_POINT 0.646423396 49.832984601 0.646423396 49.832984601
END_WINDING
BEGIN_WINDING
POLYGON_POINT 0.643409211 49.832060530 0.643409211 49.832060530
POLYGON_POINT 0.643409211 49.832060530 0.643396744 49.832032958
POLYGON_POINT 0.643293444 49.832029511 0.643247137 49.832046744
POLYGON_POINT 0.643304130 49.832114362 0.643352698 49.832133461
POLYGON_POINT 0.643409211 49.832060530 0.643396744 49.832032958
END_WINDING
BEGIN_WINDING
POLYGON_POINT 0.643486288 49.831875602 0.643486288 49.831875602
POLYGON_POINT 0.643548130 49.831887236 0.643548130 49.831887236
POLYGON_POINT 0.643594512 49.831855657 0.643594512 49.831855657
POLYGON_POINT 0.643583346 49.831820199 0.643583346 49.831820199
POLYGON_POINT 0.643560155 49.831791389 0.643560155 49.831791389
POLYGON_POINT 0.643566167 49.831779200 0.643566167 49.831779200
POLYGON_POINT 0.643540400 49.831768674 0.643540400 49.831768674
POLYGON_POINT 0.643530093 49.831778646 0.643530093 49.831778646
POLYGON_POINT 0.643494019 49.831789173 0.643494019 49.831789173
POLYGON_POINT 0.643448496 49.831807456 0.643448496 49.831807456
POLYGON_POINT 0.643443343 49.831851224 0.643443343 49.831851224
END_WINDING
BEGIN_WINDING
POLYGON_POINT 0.643661507 49.831922140 0.643661507 49.831922140
POLYGON_POINT 0.643661507 49.831922140 0.643668378 49.831903857
POLYGON_POINT 0.643631445 49.831908844 0.643609972 49.831921587
POLYGON_POINT 0.643626291 49.831938761 0.643626291 49.831938761
POLYGON_POINT 0.643661507 49.831922140 0.643668378 49.831903857
END_WINDING
BEGIN_WINDING
POLYGON_POINT 0.643662366 49.831997488 0.643662366 49.831997488
POLYGON_POINT 0.643662366 49.831997488 0.643661507 49.831955382
POLYGON_POINT 0.643548130 49.831958706 0.643495736 49.831976435
POLYGON_POINT 0.643548130 49.832039041 0.643592794 49.832056216
POLYGON_POINT 0.643662366 49.831997488 0.643661507 49.831955382
END_WINDING
BEGIN_WINDING
POLYGON_POINT 0.643974991 49.832084864 0.643974991 49.832084864
POLYGON_POINT 0.643906718 49.832064759 0.643906718 49.832064759
POLYGON_POINT 0.643853286 49.832135604 0.643853286 49.832135604
POLYGON_POINT 0.643934917 49.832161453 0.643934917 49.832161453
END_WINDING
BEGIN_WINDING
POLYGON_POINT 0.644221084 49.832002131 0.644221084 49.832002131
POLYGON_POINT 0.644195316 49.831978123 0.644195316 49.831978123
POLYGON_POINT 0.644148791 49.831980431 0.644148791 49.831980431
POLYGON_POINT 0.644119445 49.832027985 0.644119445 49.832027985
POLYGON_POINT 0.644134476 49.832041374 0.644134476 49.832041374
POLYGON_POINT 0.644186011 49.832040451 0.644186011 49.832040451
END_WINDING
BEGIN_WINDING
POLYGON_POINT 0.645009804 49.832302632 0.645009804 49.832302632
POLYGON_POINT 0.645010835 49.832252104 0.645010835 49.832252104
POLYGON_POINT 0.644905703 49.832220857 0.644905703 49.832220857
POLYGON_POINT 0.644844891 49.832254099 0.644844891 49.832254099
POLYGON_POINT 0.644842830 49.832298643 0.644842830 49.832298643
POLYGON_POINT 0.644957238 49.832333214 0.644957238 49.832333214
END_WINDING
BEGIN_WINDING
POLYGON_POINT 0.645003620 49.832500088 0.645003620 49.832500088
POLYGON_POINT 0.645069585 49.832467511 0.645069585 49.832467511
POLYGON_POINT 0.645064431 49.832417648 0.645064431 49.832417648
POLYGON_POINT 0.645026295 49.832389060 0.645026295 49.832389060
POLYGON_POINT 0.644986098 49.832393714 0.644986098 49.832393714
POLYGON_POINT 0.644926317 49.832428286 0.644926317 49.832428286
POLYGON_POINT 0.644923225 49.832475489 0.644923225 49.832475489
END_WINDING
BEGIN_WINDING
POLYGON_POINT 0.644837676 49.832497429 0.644837676 49.832497429
POLYGON_POINT 0.644730483 49.832466846 0.644730483 49.832466846
POLYGON_POINT 0.644664518 49.832491445 0.644664518 49.832491445
POLYGON_POINT 0.644671733 49.832545297 0.644671733 49.832545297
POLYGON_POINT 0.644761404 49.832569896 0.644761404 49.832569896
POLYGON_POINT 0.644793356 49.832548621 0.644793356 49.832548621
POLYGON_POINT 0.644826338 49.832541973 0.644826338 49.832541973
END_WINDING
BEGIN_WINDING
POLYGON_POINT 0.646261942 49.833093736 0.646261942 49.833093736
POLYGON_POINT 0.646261942 49.833093736 0.646287916 49.833092938
POLYGON_POINT 0.646289152 49.833070599 0.646282968 49.833059430
POLYGON_POINT 0.646226073 49.833064217 0.646214941 49.833076184
POLYGON_POINT 0.646261942 49.833093736 0.646287916 49.833092938
END_WINDING
BEGIN_WINDING
POLYGON_POINT 0.646361715 49.833037623 0.646361715 49.833037623
POLYGON_POINT 0.646361715 49.833037623 0.646396759 49.833012359
POLYGON_POINT 0.646392636 49.832988426 0.646392636 49.832988426
POLYGON_POINT 0.646354500 49.832973134 0.646354500 49.832973134
POLYGON_POINT 0.646370991 49.832948535 0.646370991 49.832948535
POLYGON_POINT 0.646332855 49.832950530 0.646332855 49.832950530
POLYGON_POINT 0.646231844 49.832994409 0.646222568 49.833053579
POLYGON_POINT 0.646361715 49.833037623 0.646396759 49.833012359
END_WINDING
BEGIN_WINDING
POLYGON_POINT 0.646613210 49.832951860 0.646613210 49.832951860
POLYGON_POINT 0.646626609 49.832907316 0.646626609 49.832907316
POLYGON_POINT 0.646541059 49.832888035 0.646541059 49.832888035
POLYGON_POINT 0.646486431 49.832925266 0.646473032 49.832946541
POLYGON_POINT 0.646495708 49.832973799 0.646495708 49.832973799
POLYGON_POINT 0.646550336 49.832984437 0.646550336 49.832984437
END_WINDING
BEGIN_WINDING
POLYGON_POINT 0.646481048 49.832832023 0.646481048 49.832832023
POLYGON_POINT 0.646574099 49.832797396 0.646574099 49.832797396
POLYGON_POINT 0.646584836 49.832745686 0.646584836 49.832745686
POLYGON_POINT 0.646513258 49.832723064 0.646513258 49.832723064
POLYGON_POINT 0.646413766 49.832747995 0.646374398 49.832785392
POLYGON_POINT 0.646440965 49.832819557 0.646440965 49.832819557
END_WINDING
BEGIN_WINDING
POLYGON_POINT 0.647952263 49.833525524 0.647952263 49.833525524
POLYGON_POINT 0.647952263 49.833525524 0.647973290 49.833486432
POLYGON_POINT 0.647880524 49.833457710 0.647813733 49.833449732
POLYGON_POINT 0.647817444 49.833536693 0.647840945 49.833567010
POLYGON_POINT 0.647952263 49.833525524 0.647973290 49.833486432
END_WINDING
BEGIN_WINDING
POLYGON_POINT 0.648147688 49.833479251 0.648147688 49.833479251
POLYGON_POINT 0.648147688 49.833479251 0.648192215 49.833462497
POLYGON_POINT 0.648177373 49.833401066 0.648134082 49.833372345
POLYGON_POINT 0.648054923 49.833432978 0.648042554 49.833472070
POLYGON_POINT 0.648147688 49.833479251 0.648192215 49.833462497
END_WINDING
BEGIN_WINDING
POLYGON_POINT 0.648057397 49.833334051 0.648057397 49.833334051
POLYGON_POINT 0.648049975 49.833320488 0.648049975 49.833320488
POLYGON_POINT 0.648135320 49.833292565 0.648157584 49.833255068
POLYGON_POINT 0.648011632 49.833220763 0.647913919 49.833256664
POLYGON_POINT 0.648007922 49.833304532 0.648007922 49.833304532
POLYGON_POINT 0.647972053 49.833310117 0.647972053 49.833310117
POLYGON_POINT 0.647939894 49.833351602 0.647939894 49.833351602
POLYGON_POINT 0.648028949 49.833377930 0.648028949 49.833377930
END_WINDING
BEGIN_WINDING
POLYGON_POINT 0.649582975 49.834018860 0.649582975 49.834018860
POLYGON_POINT 0.649582975 49.834018860 0.649590099 49.833978651
POLYGON_POINT 0.649383490 49.833964865 0.649324713 49.833997032
POLYGON_POINT 0.649417331 49.834070558 0.649479670 49.834092386
POLYGON_POINT 0.649582975 49.834018860 0.649590099 49.833978651
END_WINDING
BEGIN_WINDING
POLYGON_POINT 0.649757523 49.833931548 0.649757523 49.833931548
POLYGON_POINT 0.649757523 49.833931548 0.649768210 49.833899381
POLYGON_POINT 0.649698747 49.833867213 0.649698747 49.833867213
POLYGON_POINT 0.649688060 49.833810920 0.649688060 49.833810920
POLYGON_POINT 0.649609691 49.833705227 0.649468983 49.833722460
POLYGON_POINT 0.649542009 49.833825855 0.649542009 49.833825855
POLYGON_POINT 0.649506387 49.833868362 0.649506387 49.833868362
POLYGON_POINT 0.649543790 49.833882148 0.649543790 49.833882148
POLYGON_POINT 0.649568726 49.833869511 0.649568726 49.833869511
POLYGON_POINT 0.649652438 49.833876404 0.649652438 49.833876404
POLYGON_POINT 0.649654219 49.833971758 0.649691622 49.833993586
POLYGON_POINT 0.649757523 49.833931548 0.649768210 49.833899381
END_WINDING
BEGIN_WINDING
POLYGON_POINT 0.650270483 49.834137190 0.650270483 49.834137190
POLYGON_POINT 0.650270483 49.834137190 0.650315011 49.834139488
POLYGON_POINT 0.650315011 49.834091237 0.650307887 49.834063665
POLYGON_POINT 0.650217050 49.834086641 0.650193896 49.834107320
POLYGON_POINT 0.650270483 49.834137190 0.650315011 49.834139488
END_WINDING
BEGIN_WINDING
POLYGON_POINT 0.650258015 49.833974055 0.650258015 49.833974055
POLYGON_POINT 0.650258015 49.833974055 0.650265139 49.833963715
POLYGON_POINT 0.650204582 49.833949930 0.650181428 49.833949930
POLYGON_POINT 0.650192114 49.833987841 0.650204582 49.833999329
POLYGON_POINT 0.650258015 49.833974055 0.650265139 49.833963715
END_WINDING
BEGIN_WINDING
POLYGON_POINT 0.649989068 49.833836195 0.649989068 49.833836195
POLYGON_POINT 0.649989068 49.833836195 0.649992630 49.833820111
POLYGON_POINT 0.649940978 49.833817813 0.649923167 49.833821260
POLYGON_POINT 0.649935634 49.833848832 0.649946321 49.833858023
POLYGON_POINT 0.649989068 49.833836195 0.649992630 49.833820111
END_WINDING
BEGIN_WINDING
POLYGON_POINT 0.649876858 49.834144083 0.649876858 49.834144083
POLYGON_POINT 0.649855484 49.834102725 0.649855484 49.834102725
POLYGON_POINT 0.649873296 49.834099278 0.649873296 49.834099278
POLYGON_POINT 0.649876858 49.834079748 0.649876858 49.834078599
POLYGON_POINT 0.649844798 49.834059069 0.649844798 49.834059069
POLYGON_POINT 0.649860828 49.834029199 0.649860828 49.834029199
POLYGON_POINT 0.649835892 49.834009669 0.649835892 49.834008520
POLYGON_POINT 0.649787802 49.834017711 0.649787802 49.834017711
POLYGON_POINT 0.649762867 49.834046432 0.649762867 49.834046432
POLYGON_POINT 0.649819862 49.834067111 0.649819862 49.834067111
POLYGON_POINT 0.649810957 49.834090088 0.649810957 49.834090088
POLYGON_POINT 0.649821643 49.834111916 0.649821643 49.834111916
POLYGON_POINT 0.649802051 49.834140637 0.649802051 49.834140637
POLYGON_POINT 0.649826987 49.834152125 0.649826987 49.834152125
END_WINDING
END_POLYGON
BEGIN_POLYGON 1 64 2
BEGIN_WINDING
POLYGON_POINT 0.654515365 49.835300328
POLYGON_POINT 0.653996241 49.835138689
POLYGON_POINT 0.654010253 49.835116401
POLYGON_POINT 0.654005396 49.835103004
POLYGON_POINT 0.654066499 49.835053316
POLYGON_POINT 0.654587650 49.835214346
POLYGON_POINT 0.654573036 49.835260140
POLYGON_POINT 0.654545443 49.835307398
END_WINDING
END_POLYGON
BEGIN_POLYGON 0 64 4
BEGIN_WINDING
POLYGON_POINT 0.660322291 49.837536230 0.660322291 49.837536230
POLYGON_POINT 0.654712061 49.835767545 0.654712061 49.835767545
POLYGON_POINT 0.654715024 49.835675589 0.654590866 49.835637837
POLYGON_POINT 0.654614896 49.835737184 0.654614896 49.835737184
POLYGON_POINT 0.652513627 49.835074737 0.652513627 49.835074737
POLYGON_POINT 0.652541469 49.835044490 0.652541469 49.835044490
POLYGON_POINT 0.652601613 49.835042643 0.652601613 49.835042643
POLYGON_POINT 0.652639434 49.835016076 0.652639434 49.835016076
POLYGON_POINT 0.652639689 49.834988364 0.652639689 49.834988364
POLYGON_POINT 0.652619260 49.834949941 0.652619260 49.834949941
POLYGON_POINT 0.652624669 49.834908233 0.652624669 49.834908233
POLYGON_POINT 0.652483065 49.834964902 0.652483065 49.834964902
POLYGON_POINT 0.652484000 49.835006418 0.652484000 49.835006418
POLYGON_POINT 0.652507671 49.835043532 0.652507671 49.835043532
POLYGON_POINT 0.652491407 49.835067731 0.652491407 49.835067731
POLYGON_POINT 0.650972777 49.834588967 0.650972777 49.834588967
POLYGON_POINT 0.651008410 49.834567134 0.651008410 49.834567134
POLYGON_POINT 0.651049072 49.834556207 0.651049072 49.834556207
POLYGON_POINT 0.651084601 49.834521749 0.651084601 49.834521749
POLYGON_POINT 0.651081241 49.834474916 0.651081241 49.834474916
POLYGON_POINT 0.651077773 49.834450865 0.651077773 49.834450865
POLYGON_POINT 0.651124709 49.834441516 0.651124709 49.834441516
POLYGON_POINT 0.651091456 49.834372060 0.651091456 49.834372060
POLYGON_POINT 0.651150752 49.834358135 0.651150752 49.834358135
POLYGON_POINT 0.651164020 49.834375331 0.651180850 49.834383313
POLYGON_POINT 0.651193052 49.834378974 0.651193052 49.834378974
POLYGON_POINT 0.651179686 49.834398122 0.651179686 49.834398122
POLYGON_POINT 0.651167470 49.834398041 0.651167470 49.834398041
POLYGON_POINT 0.651153993 49.834410495 0.651153993 49.834410495
POLYGON_POINT 0.651163404 49.834413518 0.651163404 49.834413518
POLYGON_POINT 0.651162939 49.834443393 0.651162939 49.834443393
POLYGON_POINT 0.651215843 49.834467331 0.651215843 49.834467331
POLYGON_POINT 0.651327293 49.834449685 0.651345113 49.834413288
POLYGON_POINT 0.651305608 49.834386384 0.651305608 49.834386384
POLYGON_POINT 0.651240783 49.834363016 0.651240783 49.834363016
POLYGON_POINT 0.651227872 49.834368862 0.651227872 49.834368862
POLYGON_POINT 0.651202699 49.834363591 0.651202699 49.834363591
POLYGON_POINT 0.651196354 49.834355241 0.651196354 49.834355241
POLYGON_POINT 0.651182903 49.834350584 0.651182903 49.834350584
POLYGON_POINT 0.651197350 49.834347191 0.651197350 49.834347191
POLYGON_POINT 0.651180541 49.834317420 0.651180541 49.834317420
POLYGON_POINT 0.651178501 49.834304910 0.651178501 49.834304910
POLYGON_POINT 0.651206725 49.834305758 0.651206725 49.834305758
POLYGON_POINT 0.651248816 49.834290168 0.651248816 49.834290168
POLYGON_POINT 0.651262022 49.834252042 0.651262022 49.834252042
POLYGON_POINT 0.651254566 49.834217263 0.651254566 49.834217263
POLYGON_POINT 0.651257448 49.834204509 0.651257448 49.834204509
POLYGON_POINT 0.651238055 49.834194854 0.651238055 49.834194854
POLYGON_POINT 0.651249789 49.834169847 0.651249789 49.834169847
POLYGON_POINT 0.651220940 49.834178951 0.651220940 49.834178951
POLYGON_POINT 0.651202506 49.834176457 0.651202506 49.834176457
POLYGON_POINT 0.651194262 49.834199065 0.651194262 49.834199065
POLYGON_POINT 0.651181861 49.834196228 0.651181861 49.834196228
POLYGON_POINT 0.651140773 49.834205025 0.651140773 49.834205025
POLYGON_POINT 0.651106078 49.834226992 0.651106078 49.834226992
POLYGON_POINT 0.651105424 49.834252146 0.651105424 49.834252146
POLYGON_POINT 0.651098605 49.834258469 0.651098605 49.834258469
POLYGON_POINT 0.651099891 49.834268443 0.651099891 49.834268443
POLYGON_POINT 0.651090686 49.834270601 0.651090686 49.834270601
POLYGON_POINT 0.651097275 49.834278006 0.651097275 49.834278006
POLYGON_POINT 0.651083929 49.834286127 0.651083929 49.834286127
POLYGON_POINT 0.651102255 49.834300226 0.651102255 49.834300226
POLYGON_POINT 0.651088028 49.834322580 0.651088028 49.834322580
POLYGON_POINT 0.651119649 49.834320774 0.651119649 49.834320774
POLYGON_POINT 0.651123934 49.834330707 0.651123934 49.834330707
POLYGON_POINT 0.651076939 49.834341739 0.651076939 49.834341739
POLYGON_POINT 0.651044415 49.834273807 0.651044415 49.834273807
POLYGON_POINT 0.650997479 49.834283156 0.650997479 49.834283156
POLYGON_POINT 0.651018458 49.834326973 0.651018458 49.834326973
POLYGON_POINT 0.650975452 49.834329134 0.650975452 49.834329134
POLYGON_POINT 0.650969584 49.834340439 0.650969584 49.834340439
POLYGON_POINT 0.650958614 49.834342462 0.650958614 49.834342462
POLYGON_POINT 0.650958626 49.834369545 0.650958626 49.834369545
POLYGON_POINT 0.650924839 49.834377481 0.650924839 49.834377481
POLYGON_POINT 0.650941648 49.834407252 0.650941648 49.834407252
POLYGON_POINT 0.651045248 49.834382929 0.651045248 49.834382929
POLYGON_POINT 0.651056871 49.834407206 0.651056871 49.834407206
POLYGON_POINT 0.651024550 49.834440211 0.651024550 49.834440211
POLYGON_POINT 0.650934377 49.834446849 0.650892797 49.834463707
POLYGON_POINT 0.650886475 49.834492755 0.650886475 49.834492755
POLYGON_POINT 0.650861944 49.834493567 0.650861944 49.834493567
POLYGON_POINT 0.650873361 49.834522065 0.650873361 49.834522065
POLYGON_POINT 0.650914932 49.834540707 0.650914932 49.834540707
POLYGON_POINT 0.650934606 49.834551998 0.650934606 49.834551998
POLYGON_POINT 0.650914619 49.834570361 0.650914619 49.834570361
POLYGON_POINT 0.650443938 49.834421974 0.650443938 49.834421974
POLYGON_POINT 0.650757097 49.834006147 0.650757097 49.834006147
POLYGON_POINT 0.650917925 49.834056874 0.650917925 49.834056874
POLYGON_POINT 0.650904707 49.834077413 0.650904707 49.834077413
POLYGON_POINT 0.650908122 49.834117370 0.650908122 49.834117370
POLYGON_POINT 0.650951816 49.834129592 0.650951816 49.834129592
POLYGON_POINT 0.650932214 49.834153524 0.650932214 49.834153524
POLYGON_POINT 0.650938875 49.834173330 0.650938875 49.834173330
POLYGON_POINT 0.650957106 49.834179461 0.650957106 49.834179461
POLYGON_POINT 0.650963826 49.834164533 0.650963826 49.834164533
POLYGON_POINT 0.651082653 49.834189463 0.651082653 49.834189463
POLYGON_POINT 0.651153849 49.834131287 0.651153849 49.834131287
POLYGON_POINT 0.654066499 49.835053316 0.654066499 49.835053316
POLYGON_POINT 0.654005396 49.835103004 0.654005396 49.835103004
POLYGON_POINT 0.654010253 49.835116401 0.654010253 49.835116401
POLYGON_POINT 0.653996241 49.835138689 0.653996241 49.835138689
POLYGON_POINT 0.653930810 49.835163563 0.653930810 49.835163563
POLYGON_POINT 0.653332872 49.834978150 0.653332872 49.834978150
POLYGON_POINT 0.653273484 49.835075237 0.653273484 49.835075237
POLYGON_POINT 0.653222629 49.835089951 0.653222629 49.835089951
POLYGON_POINT 0.652935680 49.835001034 0.652935680 49.835001034
POLYGON_POINT 0.652870549 49.835086291 0.652870549 49.835086291
POLYGON_POINT 0.653964535 49.835431802 0.653964535 49.835431802
POLYGON_POINT 0.654023008 49.835377301 0.654023008 49.835377301
POLYGON_POINT 0.654087122 49.835335073 0.654087122 49.835335073
POLYGON_POINT 0.654198679 49.835337757 0.654198679 49.835337757
POLYGON_POINT 0.654239427 49.835301214 0.654239427 49.835301214
POLYGON_POINT 0.654262657 49.835303257 0.654262657 49.835303257
POLYGON_POINT 0.654276870 49.835289138 0.654276870 49.835289138
POLYGON_POINT 0.654318066 49.835291070 0.654318066 49.835291070
POLYGON_POINT 0.654383829 49.835312522 0.654383829 49.835312522
POLYGON_POINT 0.654426682 49.835308549 0.654426682 49.835308549
POLYGON_POINT 0.654477314 49.835314741 0.654477314 49.835314741
POLYGON_POINT 0.654515365 49.835300328 0.654515365 49.835300328
POLYGON_POINT 0.654545443 49.835307398 0.654545443 49.835307398
POLYGON_POINT 0.654573036 49.835260140 0.654573036 49.835260140
POLYGON_POINT 0.654587650 49.835214346 0.654587650 49.835214346
POLYGON_POINT 0.656997213 49.835974350 0.656997213 49.835974350
POLYGON_POINT 0.657026144 49.836008599 0.657026144 49.836008599
POLYGON_POINT 0.657170233 49.836052502 0.657170233 49.836052502
POLYGON_POINT 0.657158718 49.836083590 0.657158718 49.836083590
POLYGON_POINT 0.657187043 49.836091942 0.657187043 49.836091942
POLYGON_POINT 0.657192548 49.836077236 0.657192548 49.836077236
POLYGON_POINT 0.657209173 49.836069441 0.657209173 49.836069441
POLYGON_POINT 0.657262813 49.836071873 0.657262813 49.836071873
POLYGON_POINT 0.657250448 49.836108565 0.657250448 49.836108565
POLYGON_POINT 0.657258481 49.836129997 0.657258481 49.836129997
POLYGON_POINT 0.657307627 49.836162944 0.657307627 49.836162944
POLYGON_POINT 0.657299507 49.836184242 0.657299507 49.836184242
POLYGON_POINT 0.657311650 49.836190055 0.657311650 49.836190055
POLYGON_POINT 0.657291093 49.836253433 0.657291093 49.836253433
POLYGON_POINT 0.657327381 49.836273629 0.657327381 49.836273629
POLYGON_POINT 0.657350949 49.836273866 0.657350949 49.836273866
POLYGON_POINT 0.657386899 49.836289133 0.657386899 49.836289133
POLYGON_POINT 0.657437608 49.836295312 0.657437608 49.836295312
POLYGON_POINT 0.657445789 49.836275182 0.657445789 49.836275182
POLYGON_POINT 0.657532428 49.836253306 0.657532428 49.836253306
POLYGON_POINT 0.657544165 49.836208052 0.657544165 49.836208052
POLYGON_POINT 0.657418249 49.836166457 0.657418249 49.836166457
POLYGON_POINT 0.657358635 49.836132076 0.657358635 49.836132076
POLYGON_POINT 0.657371215 49.836092314 0.657371215 49.836092314
POLYGON_POINT 0.658966786 49.836595575 0.658966786 49.836595575
POLYGON_POINT 0.658950522 49.836626015 0.658950522 49.836626015
POLYGON_POINT 0.659119383 49.836681822 0.659119383 49.836681822
POLYGON_POINT 0.659146532 49.836652269 0.659146532 49.836652269
POLYGON_POINT 0.660631517 49.837120650 0.660631517 49.837120650
POLYGON_POINT 0.660599974 49.837163042 0.660599974 49.837163042
POLYGON_POINT 0.660568111 49.837152801 0.660568111 49.837152801
POLYGON_POINT 0.660594453 49.837117092 0.660594453 49.837117092
POLYGON_POINT 0.660563783 49.837108018 0.660563783 49.837108018
POLYGON_POINT 0.660542305 49.837124800 0.660542305 49.837124800
POLYGON_POINT 0.660457794 49.837122351 0.660457794 49.837122351
POLYGON_POINT 0.660319558 49.837079536 0.660319558 49.837079536
POLYGON_POINT 0.660311047 49.837094827 0.660311047 49.837094827
POLYGON_POINT 0.660314524 49.837105697 0.660314524 49.837105697
POLYGON_POINT 0.660381488 49.837125766 0.660381488 49.837125766
POLYGON_POINT 0.660384841 49.837131260 0.660384841 49.837131260
POLYGON_POINT 0.660426666 49.837145634 0.660426666 49.837145634
POLYGON_POINT 0.660420549 49.837160339 0.660420549 49.837160339
POLYGON_POINT 0.660351457 49.837140629 0.660351457 49.837140629
POLYGON_POINT 0.660324572 49.837180356 0.660324572 49.837180356
POLYGON_POINT 0.660427084 49.837215332 0.660427084 49.837215332
POLYGON_POINT 0.660426407 49.837309153 0.660426407 49.837309153
POLYGON_POINT 0.660460168 49.837325145 0.660460168 49.837325145
POLYGON_POINT 0.660504660 49.837265973 0.660504660 49.837265973
POLYGON_POINT 0.660522916 49.837266603 0.660522916 49.837266603
POLYGON_POINT 0.660413057 49.837414247 0.660413057 49.837414247
POLYGON_POINT 0.660284400 49.837419031 0.660236361 49.837490532
POLYGON_POINT 0.660360114 49.837485399 0.660360114 49.837485399
END_WINDING
BEGIN_WINDING
POLYGON_POINT 0.655617627 49.835800628 0.655617627 49.835800628
POLYGON_POINT 0.655723524 49.835775759 0.655723524 49.835775759
POLYGON_POINT 0.655706715 49.835745987 0.655706715 49.835745987
POLYGON_POINT 0.655603110 49.835770306 0.655603110 49.835770306
POLYGON_POINT 0.655570585 49.835702375 0.655570585 49.835702375
POLYGON_POINT 0.655523648 49.835711723 0.655523648 49.835711723
POLYGON_POINT 0.655556902 49.835781178 0.655556902 49.835781178
POLYGON_POINT 0.655451005 49.835806048 0.655451005 49.835806048
POLYGON_POINT 0.655467815 49.835835820 0.655467815 49.835835820
POLYGON_POINT 0.655571418 49.835811497 0.655571418 49.835811497
POLYGON_POINT 0.655603944 49.835879432 0.655603944 49.835879432
POLYGON_POINT 0.655650881 49.835870083 0.655650881 49.835870083
END_WINDING
BEGIN_WINDING
POLYGON_POINT 0.660168588 49.837229459 0.660168588 49.837229459
POLYGON_POINT 0.660274488 49.837204591 0.660274488 49.837204591
POLYGON_POINT 0.660257678 49.837174819 0.660257678 49.837174819
POLYGON_POINT 0.660154070 49.837199138 0.660154070 49.837199138
POLYGON_POINT 0.660121544 49.837131206 0.660121544 49.837131206
POLYGON_POINT 0.660074606 49.837140555 0.660074606 49.837140555
POLYGON_POINT 0.660107861 49.837210010 0.660107861 49.837210010
POLYGON_POINT 0.660001961 49.837234880 0.660001961 49.837234880
POLYGON_POINT 0.660018771 49.837264651 0.660018771 49.837264651
POLYGON_POINT 0.660122377 49.837240328 0.660122377 49.837240328
POLYGON_POINT 0.660154905 49.837308264 0.660154905 49.837308264
POLYGON_POINT 0.660201843 49.837298915 0.660201843 49.837298915
END_WINDING
BEGIN_WINDING
POLYGON_POINT 0.660034506 49.837090142 0.660034506 49.837090142
POLYGON_POINT 0.659881766 49.837041680 0.659881766 49.837041680
POLYGON_POINT 0.659821409 49.837122714 0.659821409 49.837122714
POLYGON_POINT 0.659976612 49.837169587 0.659976612 49.837169587
END_WINDING
BEGIN_WINDING
POLYGON_POINT 0.652886741 49.834936545 0.652886741 49.834936545
POLYGON_POINT 0.652880583 49.834883582 0.652880583 49.834883582
POLYGON_POINT 0.652752279 49.834845845 0.652752279 49.834845845
POLYGON_POINT 0.652763570 49.834866368 0.652763570 49.834866368
POLYGON_POINT 0.652723539 49.834936545 0.652723539 49.834936545
POLYGON_POINT 0.652842605 49.834974944 0.652842605 49.834974944
END_WINDING
BEGIN_WINDING
POLYGON_POINT 0.650921429 49.834294421 0.650921429 49.834294421
POLYGON_POINT 0.650921429 49.834294421 0.650927155 49.834281032
POLYGON_POINT 0.650901387 49.834278724 0.650901387 49.834278724
POLYGON_POINT 0.650883492 49.834269952 0.650883492 49.834269952
POLYGON_POINT 0.650849134 49.834271337 0.650849134 49.834271337
POLYGON_POINT 0.650834818 49.834262565 0.650834818 49.834262565
POLYGON_POINT 0.650794733 49.834288881 0.650794733 49.834288881
POLYGON_POINT 0.650804038 49.834297653 0.650804038 49.834297653
POLYGON_POINT 0.650802607 49.834323508 0.650802607 49.834323508
POLYGON_POINT 0.650822649 49.834324893 0.650822649 49.834324893
POLYGON_POINT 0.650829807 49.834330433 0.650829807 49.834330433
POLYGON_POINT 0.650887787 49.834324431 0.650887787 49.834324431
POLYGON_POINT 0.650921429 49.834294421 0.650927155 49.834281032
END_WINDING
BEGIN_WINDING
POLYGON_POINT 0.650721006 49.834167456 0.650721006 49.834167456
POLYGON_POINT 0.650721006 49.834167456 0.650718859 49.834181768
POLYGON_POINT 0.650733891 49.834181307 0.650733891 49.834181307
POLYGON_POINT 0.650761807 49.834180845 0.650761807 49.834180845
POLYGON_POINT 0.650770396 49.834171611 0.650770396 49.834171611
POLYGON_POINT 0.650770396 49.834154990 0.650770396 49.834154990
POLYGON_POINT 0.650741764 49.834146218 0.650741764 49.834146218
POLYGON_POINT 0.650721006 49.834167456 0.650718859 49.834181768
END_WINDING
BEGIN_WINDING
POLYGON_POINT 0.652672922 49.834725029 0.652672922 49.834725029
POLYGON_POINT 0.652672922 49.834725029 0.652645435 49.834754947
POLYGON_POINT 0.652695255 49.834779323 0.652695255 49.834779323
POLYGON_POINT 0.652664332 49.834785418 0.652664332 49.834785418
POLYGON_POINT 0.652702986 49.834806471 0.652702986 49.834806471
POLYGON_POINT 0.652763972 49.834819768 0.652763972 49.834819768
POLYGON_POINT 0.652775139 49.834829740 0.652775139 49.834829740
POLYGON_POINT 0.652799190 49.834828632 0.652799190 49.834828632
POLYGON_POINT 0.652820664 49.834813119 0.652820664 49.834813119
POLYGON_POINT 0.652787164 49.834799823 0.652787164 49.834799823
POLYGON_POINT 0.652836125 49.834765473 0.652849868 49.834745528
POLYGON_POINT 0.652839561 49.834722812 0.652839561 49.834722812
POLYGON_POINT 0.652788023 49.834707300 0.652788023 49.834707300
POLYGON_POINT 0.652733908 49.834687908 0.652733908 49.834687908
POLYGON_POINT 0.652672922 49.834725029 0.652645435 49.834754947
END_WINDING
BEGIN_WINDING
POLYGON_POINT 0.654076113 49.835537640 0.654076113 49.835537640
POLYGON_POINT 0.654076113 49.835537640 0.654104975 49.835550937
POLYGON_POINT 0.654189498 49.835517695 0.654222483 49.835495091
POLYGON_POINT 0.654229698 49.835461183 0.654229698 49.835461183
POLYGON_POINT 0.654163729 49.835434590 0.654163729 49.835434590
POLYGON_POINT 0.654166821 49.835424617 0.654166821 49.835424617
POLYGON_POINT 0.654053436 49.835464508 0.654029728 49.835497750
POLYGON_POINT 0.654076113 49.835537640 0.654104975 49.835550937
END_WINDING
BEGIN_WINDING
POLYGON_POINT 0.654334837 49.835465837 0.654334837 49.835465837
POLYGON_POINT 0.654371944 49.835466502 0.654371944 49.835466502
POLYGON_POINT 0.654400806 49.835465837 0.654400806 49.835465837
POLYGON_POINT 0.654408021 49.835454535 0.654408021 49.835454535
POLYGON_POINT 0.654443068 49.835441238 0.654443068 49.835441238
POLYGON_POINT 0.654450283 49.835396694 0.654450283 49.835396694
POLYGON_POINT 0.654462652 49.835384727 0.654462652 49.835384727
POLYGON_POINT 0.654363698 49.835351485 0.654363698 49.835351485
POLYGON_POINT 0.654316283 49.835354810 0.654298760 49.835361458
POLYGON_POINT 0.654309067 49.835378744 0.654309067 49.835378744
POLYGON_POINT 0.654286390 49.835394700 0.654274021 49.835407997
POLYGON_POINT 0.654282267 49.835425282 0.654282267 49.835425282
POLYGON_POINT 0.654339991 49.835443233 0.654339991 49.835443233
END_WINDING
BEGIN_WINDING
POLYGON_POINT 0.655612529 49.835930549 0.655612529 49.835930549
POLYGON_POINT 0.655612529 49.835930549 0.655566762 49.835968844
POLYGON_POINT 0.655642215 49.836015914 0.655642215 49.836015914
POLYGON_POINT 0.655679323 49.836018307 0.655679323 49.836018307
POLYGON_POINT 0.655678086 49.836027083 0.655678086 49.836027083
POLYGON_POINT 0.655734985 49.836018307 0.655768382 49.836003149
POLYGON_POINT 0.655772093 49.835978417 0.655772093 49.835978417
POLYGON_POINT 0.655805491 49.835945707 0.655805491 49.835945707
POLYGON_POINT 0.655753539 49.835916986 0.655753539 49.835916986
POLYGON_POINT 0.655612529 49.835930549 0.655566762 49.835968844
END_WINDING
BEGIN_WINDING
POLYGON_POINT 0.655946501 49.835770190 0.655946501 49.835770190
POLYGON_POINT 0.656000926 49.835743863 0.656000926 49.835743863
POLYGON_POINT 0.656012059 49.835725513 0.656012059 49.835725513
POLYGON_POINT 0.655915578 49.835690410 0.655915578 49.835690410
POLYGON_POINT 0.655916815 49.835676050 0.655916815 49.835676050
POLYGON_POINT 0.655873522 49.835677645 0.655873522 49.835677645
POLYGON_POINT 0.655819097 49.835664082 0.655819097 49.835664082
POLYGON_POINT 0.655780752 49.835699186 0.655780752 49.835699186
POLYGON_POINT 0.655769619 49.835721524 0.655769619 49.835721524
POLYGON_POINT 0.655746118 49.835739874 0.655746118 49.835739874
POLYGON_POINT 0.655780752 49.835748650 0.655780752 49.835748650
POLYGON_POINT 0.655795595 49.835782157 0.655795595 49.835782157
POLYGON_POINT 0.655779515 49.835798911 0.655779515 49.835798911
POLYGON_POINT 0.655903208 49.835842790 0.655903208 49.835842790
POLYGON_POINT 0.655857442 49.835900232 0.655848783 49.835957674
POLYGON_POINT 0.655960107 49.835952090 0.655960107 49.835952090
POLYGON_POINT 0.655965055 49.835939325 0.655965055 49.835939325
POLYGON_POINT 0.655997216 49.835936931 0.655997216 49.835936931
POLYGON_POINT 0.656007111 49.835920177 0.656007111 49.835920177
POLYGON_POINT 0.656025665 49.835913795 0.656025665 49.835913795
POLYGON_POINT 0.656026902 49.835880287 0.656026902 49.835880287
POLYGON_POINT 0.655981135 49.835830026 0.655981135 49.835830026
END_WINDING
BEGIN_WINDING
POLYGON_POINT 0.657303389 49.836489360 0.657303389 49.836489360
POLYGON_POINT 0.657303389 49.836489360 0.657346682 49.836443486
POLYGON_POINT 0.657270404 49.836414899 0.657270404 49.836414899
POLYGON_POINT 0.657198249 49.836401602 0.657198249 49.836401602
POLYGON_POINT 0.657184848 49.836420882 0.657184848 49.836420882
POLYGON_POINT 0.657141555 49.836427531 0.657141555 49.836427531
POLYGON_POINT 0.657138463 49.836442157 0.657138463 49.836442157
POLYGON_POINT 0.657113724 49.836468086 0.657113724 49.836468086
POLYGON_POINT 0.657146709 49.836484707 0.657146709 49.836484707
POLYGON_POINT 0.657192064 49.836495344 0.657192064 49.836495344
POLYGON_POINT 0.657303389 49.836489360 0.657346682 49.836443486
END_WINDING
BEGIN_WINDING
POLYGON_POINT 0.657428115 49.836339772 0.657428115 49.836339772
POLYGON_POINT 0.657389522 49.836392906 0.657410468 49.836426494
POLYGON_POINT 0.657516763 49.836418888 0.657571395 49.836398943
POLYGON_POINT 0.657556964 49.836339107 0.657556964 49.836339107
POLYGON_POINT 0.657559026 49.836315838 0.657559026 49.836315838
POLYGON_POINT 0.657514702 49.836342432 0.657514702 49.836342432
POLYGON_POINT 0.657421931 49.836317833 0.657421931 49.836317833
END_WINDING
BEGIN_WINDING
POLYGON_POINT 0.658866648 49.836967732 0.658866648 49.836967732
POLYGON_POINT 0.658866648 49.836967732 0.658885202 49.836945393
POLYGON_POINT 0.658880255 49.836923853 0.658880255 49.836923853
POLYGON_POINT 0.658797379 49.836898323 0.658797379 49.836898323
POLYGON_POINT 0.658745427 49.836916672 0.658725636 49.836927043
POLYGON_POINT 0.658721924 49.836946989 0.658721924 49.836946989
POLYGON_POINT 0.658726872 49.836981294 0.658726872 49.836981294
POLYGON_POINT 0.658810985 49.837002835 0.658810985 49.837002835
POLYGON_POINT 0.658866648 49.836967732 0.658885202 49.836945393
END_WINDING
BEGIN_WINDING
POLYGON_POINT 0.659010135 49.836919066 0.659010135 49.836919066
POLYGON_POINT 0.659010135 49.836919066 0.659128883 49.836957361
POLYGON_POINT 0.659123935 49.836830509 0.659123935 49.836830509
POLYGON_POINT 0.659093011 49.836817745 0.659093011 49.836817745
POLYGON_POINT 0.659130120 49.836754718 0.659130120 49.836754718
POLYGON_POINT 0.659058377 49.836727593 0.659058377 49.836727593
POLYGON_POINT 0.659104144 49.836697276 0.659104144 49.836697276
POLYGON_POINT 0.658930970 49.836640632 0.658930970 49.836640632
POLYGON_POINT 0.658876544 49.836662971 0.658853042 49.836687703
POLYGON_POINT 0.658865411 49.836725199 0.658865411 49.836725199
POLYGON_POINT 0.658843146 49.836761898 0.658843146 49.836761898
POLYGON_POINT 0.659018794 49.836820936 0.659018794 49.836820936
POLYGON_POINT 0.659010135 49.836919066 0.659128883 49.836957361
END_WINDING
END_POLYGON
BEGIN_POLYGON 0 64 4
BEGIN_WINDING
POLYGON_POINT 0.661701550 49.836904191 0.661701550 49.836904191
POLYGON_POINT 0.661404446 49.837308410 0.661404446 49.837308410
POLYGON_POINT 0.661219681 49.837246442 0.661219681 49.837246442
POLYGON_POINT 0.661280322 49.837214833 0.661303846 49.837200121
POLYGON_POINT 0.661327584 49.837173988 0.661327584 49.837173988
POLYGON_POINT 0.661485353 49.836970925 0.661485353 49.836970925
POLYGON_POINT 0.661584778 49.836971879 0.661584778 49.836971879
POLYGON_POINT 0.661644991 49.836889489 0.661644991 49.836889489
END_WINDING
END_POLYGON
BEGIN_POLYGON 0 59 4
BEGIN_WINDING
POLYGON_POINT 0.662425224 49.838050909 0.662425224 49.838050909
POLYGON_POINT 0.662131374 49.837923182 0.661965082 49.837859626
POLYGON_POINT 0.661837876 49.837822303 0.661837876 49.837822303
POLYGON_POINT 0.661915603 49.837731275 0.661915603 49.837731275
POLYGON_POINT 0.662218163 49.837837512 0.662394309 49.837904246
POLYGON_POINT 0.662507755 49.837960341 0.662507755 49.837960341
END_WINDING
END_POLYGON
BEGIN_POLYGON 0 64 4
BEGIN_WINDING
POLYGON_POINT 0.660829292 49.838079398 0.660829292 49.838079398
POLYGON_POINT 0.660677495 49.838049775 0.660677495 49.838049775
POLYGON_POINT 0.660818928 49.837851739 0.660818928 49.837851739
POLYGON_POINT 0.660812737 49.837750599 0.660794260 49.837702270
POLYGON_POINT 0.660759179 49.837671106 0.660759179 49.837671106
POLYGON_POINT 0.660605182 49.837624149 0.660605182 49.837624149
POLYGON_POINT 0.660424004 49.837568381 0.660424004 49.837568381
POLYGON_POINT 0.660550233 49.837401673 0.660550233 49.837401673
POLYGON_POINT 0.660682019 49.837400706 0.660730777 49.837351053
POLYGON_POINT 0.660634415 49.837290495 0.660634415 49.837290495
POLYGON_POINT 0.660737361 49.837154536 0.660737361 49.837154536
POLYGON_POINT 0.661370011 49.837355840 0.661370011 49.837355840
POLYGON_POINT 0.661253338 49.837511964 0.661253338 49.837511964
POLYGON_POINT 0.661915603 49.837731275 0.661915603 49.837731275
POLYGON_POINT 0.661837876 49.837822303 0.661837876 49.837822303
POLYGON_POINT 0.661180298 49.837609702 0.661180298 49.837609702
END_WINDING
END_POLYGON
BEGIN_POLYGON 2 64 2
BEGIN_WINDING
POLYGON_POINT 0.660213979 49.836632656
POLYGON_POINT 0.660104982 49.836586829
POLYGON_POINT 0.660112908 49.836575271
POLYGON_POINT 0.660239830 49.836600849
POLYGON_POINT 0.660232251 49.836610175
POLYGON_POINT 0.660174870 49.836599393
POLYGON_POINT 0.660173072 49.836601942
POLYGON_POINT 0.660222129 49.836622629
END_WINDING
END_POLYGON
BEGIN_POLYGON 2 64 2
BEGIN_WINDING
POLYGON_POINT 0.660065101 49.836836483
POLYGON_POINT 0.659956104 49.836790656
POLYGON_POINT 0.659964029 49.836779097
POLYGON_POINT 0.660090952 49.836804675
POLYGON_POINT 0.660083373 49.836814001
POLYGON_POINT 0.660025991 49.836803219
POLYGON_POINT 0.660024194 49.836805768
POLYGON_POINT 0.660073250 49.836826456
END_WINDING
END_POLYGON
BEGIN_POLYGON 2 110 2
BEGIN_WINDING
POLYGON_POINT 0.641784807 49.831516433
POLYGON_POINT 0.641752284 49.831448498
POLYGON_POINT 0.641648690 49.831472821
POLYGON_POINT 0.641631882 49.831443049
POLYGON_POINT 0.641737769 49.831418179
POLYGON_POINT 0.641704518 49.831348724
POLYGON_POINT 0.641751451 49.831339376
POLYGON_POINT 0.641783973 49.831407307
POLYGON_POINT 0.641887568 49.831382988
POLYGON_POINT 0.641904376 49.831412760
POLYGON_POINT 0.641798489 49.831437628
POLYGON_POINT 0.641831740 49.831507084
END_WINDING
END_POLYGON
BEGIN_POLYGON 2 110 2
BEGIN_WINDING
POLYGON_POINT 0.646423396 49.832984601
POLYGON_POINT 0.646390871 49.832916666
POLYGON_POINT 0.646287274 49.832940989
POLYGON_POINT 0.646270466 49.832911217
POLYGON_POINT 0.646376356 49.832886347
POLYGON_POINT 0.646343104 49.832816893
POLYGON_POINT 0.646390039 49.832807544
POLYGON_POINT 0.646422561 49.832875476
POLYGON_POINT 0.646526160 49.832851156
POLYGON_POINT 0.646542969 49.832880928
POLYGON_POINT 0.646437078 49.832905797
POLYGON_POINT 0.646470330 49.832975253
END_WINDING
END_POLYGON
BEGIN_POLYGON 2 110 2
BEGIN_WINDING
POLYGON_POINT 0.651077773 49.834450865
POLYGON_POINT 0.651056871 49.834407206
POLYGON_POINT 0.651045248 49.834382929
POLYGON_POINT 0.650941648 49.834407252
POLYGON_POINT 0.650924839 49.834377481
POLYGON_POINT 0.650958626 49.834369545
POLYGON_POINT 0.651030732 49.834352611
POLYGON_POINT 0.651018458 49.834326973
POLYGON_POINT 0.650997479 49.834283156
POLYGON_POINT 0.651044415 49.834273807
POLYGON_POINT 0.651076939 49.834341739
POLYGON_POINT 0.651123934 49.834330707
POLYGON_POINT 0.651180541 49.834317420
POLYGON_POINT 0.651197350 49.834347191
POLYGON_POINT 0.651182903 49.834350584
POLYGON_POINT 0.651150752 49.834358135
POLYGON_POINT 0.651091456 49.834372060
POLYGON_POINT 0.651124709 49.834441516
END_WINDING
END_POLYGON
BEGIN_POLYGON 2 110 2
BEGIN_WINDING
POLYGON_POINT 0.655603944 49.835879432
POLYGON_POINT 0.655571418 49.835811497
POLYGON_POINT 0.655467815 49.835835820
POLYGON_POINT 0.655451005 49.835806048
POLYGON_POINT 0.655556902 49.835781178
POLYGON_POINT 0.655523648 49.835711723
POLYGON_POINT 0.655570585 49.835702375
POLYGON_POINT 0.655603110 49.835770306
POLYGON_POINT 0.655706715 49.835745987
POLYGON_POINT 0.655723524 49.835775759
POLYGON_POINT 0.655617627 49.835800628
POLYGON_POINT 0.655650881 49.835870083
END_WINDING
END_POLYGON
BEGIN_POLYGON 2 110 2
BEGIN_WINDING
POLYGON_POINT 0.660154905 49.837308264
POLYGON_POINT 0.660122377 49.837240328
POLYGON_POINT 0.660018771 49.837264651
POLYGON_POINT 0.660001961 49.837234880
POLYGON_POINT 0.660107861 49.837210010
POLYGON_POINT 0.660074606 49.837140555
POLYGON_POINT 0.660121544 49.837131206
POLYGON_POINT 0.660154070 49.837199138
POLYGON_POINT 0.660257678 49.837174819
POLYGON_POINT 0.660274488 49.837204591
POLYGON_POINT 0.660168588 49.837229459
POLYGON_POINT 0.660201843 49.837298915
END_WINDING
END_POLYGON
BEGIN_POLYGON 2 64 2
BEGIN_WINDING
POLYGON_POINT 0.661444835 49.836873014
POLYGON_POINT 0.661406658 49.836923959
POLYGON_POINT 0.661387739 49.836919765
POLYGON_POINT 0.661417164 49.836880610
POLYGON_POINT 0.661358602 49.836862150
POLYGON_POINT 0.661366686 49.836848396
END_WINDING
END_POLYGON
BEGIN_POLYGON 2 64 2
BEGIN_WINDING
POLYGON_POINT 0.661310038 49.837052892
POLYGON_POINT 0.661271890 49.837103800
POLYGON_POINT 0.661253267 49.837098699
POLYGON_POINT 0.661291582 49.837047716
END_WINDING
END_POLYGON
BEGIN_POLYGON 2 64 2
BEGIN_WINDING
POLYGON_POINT 0.661140971 49.837278503
POLYGON_POINT 0.661061498 49.837253476
POLYGON_POINT 0.661070322 49.837243476
POLYGON_POINT 0.661130266 49.837262369
POLYGON_POINT 0.661157502 49.837226128
POLYGON_POINT 0.661176545 49.837231031
END_WINDING
END_POLYGON
BEGIN_POLYGON 2 64 2
BEGIN_WINDING
POLYGON_POINT 0.659245496 49.836196084
POLYGON_POINT 0.659166309 49.836171123
POLYGON_POINT 0.659176002 49.836158315
POLYGON_POINT 0.659256928 49.836183808
END_WINDING
END_POLYGON
BEGIN_POLYGON 2 64 2
BEGIN_WINDING
POLYGON_POINT 0.658949772 49.836588480
POLYGON_POINT 0.658872665 49.836564198
POLYGON_POINT 0.658879750 49.836553050
POLYGON_POINT 0.658957895 49.836577680
END_WINDING
END_POLYGON
BEGIN_POLYGON 2 64 2
BEGIN_WINDING
POLYGON_POINT 0.656981583 49.835482482
POLYGON_POINT 0.656901706 49.835457304
POLYGON_POINT 0.656910578 49.835444691
POLYGON_POINT 0.656990636 49.835469910
END_WINDING
END_POLYGON
BEGIN_POLYGON 2 64 2
BEGIN_WINDING
POLYGON_POINT 0.656685153 49.835875337
POLYGON_POINT 0.656608223 49.835851111
POLYGON_POINT 0.656616001 49.835839561
POLYGON_POINT 0.656693630 49.835864028
END_WINDING
END_POLYGON
BEGIN_POLYGON 2 64 2
BEGIN_WINDING
POLYGON_POINT 0.654717185 49.834768727
POLYGON_POINT 0.654642511 49.834745189
POLYGON_POINT 0.654650562 49.834732770
POLYGON_POINT 0.654726798 49.834756785
END_WINDING
END_POLYGON
BEGIN_POLYGON 2 64 2
BEGIN_WINDING
POLYGON_POINT 0.654417786 49.835161328
POLYGON_POINT 0.654345884 49.835138686
POLYGON_POINT 0.654356454 49.835127396
POLYGON_POINT 0.654427823 49.835149890
END_WINDING
END_POLYGON
BEGIN_POLYGON 2 64 2
BEGIN_WINDING
POLYGON_POINT 0.652449512 49.834053940
POLYGON_POINT 0.652375368 49.834030569
POLYGON_POINT 0.652383113 49.834018508
POLYGON_POINT 0.652458996 49.834042412
END_WINDING
END_POLYGON
BEGIN_POLYGON 2 64 2
BEGIN_WINDING
POLYGON_POINT 0.652155667 49.834448972
POLYGON_POINT 0.652076639 49.834424086
POLYGON_POINT 0.652085815 49.834411734
POLYGON_POINT 0.652165352 49.834436803
END_WINDING
END_POLYGON
BEGIN_POLYGON 2 64 2
BEGIN_WINDING
POLYGON_POINT 0.650155111 49.833379065
POLYGON_POINT 0.650192940 49.833328588
POLYGON_POINT 0.650271292 49.833353270
POLYGON_POINT 0.650261582 49.833364288
POLYGON_POINT 0.650199824 49.833344821
POLYGON_POINT 0.650171055 49.833383274
END_WINDING
END_POLYGON
BEGIN_POLYGON 2 64 2
BEGIN_WINDING
POLYGON_POINT 0.650074290 49.833512610
POLYGON_POINT 0.650036724 49.833562821
POLYGON_POINT 0.650021520 49.833557323
POLYGON_POINT 0.650058490 49.833507992
END_WINDING
END_POLYGON
BEGIN_POLYGON 2 64 2
BEGIN_WINDING
POLYGON_POINT 0.649966156 49.833759481
POLYGON_POINT 0.649888374 49.833734987
POLYGON_POINT 0.649924899 49.833686250
POLYGON_POINT 0.649940891 49.833690911
POLYGON_POINT 0.649913778 49.833727151
POLYGON_POINT 0.649977057 49.833747095
END_WINDING
END_POLYGON
BEGIN_POLYGON 3 255 2
BEGIN_WINDING
POLYGON_POINT 0.658943995 49.832813829
POLYGON_POINT 0.658204796 49.832590839
POLYGON_POINT 0.658693918 49.831639575
POLYGON_POINT 0.658822634 49.831278996
POLYGON_POINT 0.659484604 49.831480636
END_WINDING
END_POLYGON
FILTER -1
FILTER 0
FILTER -1
FILTER 0
FILTER -1
FILTER 0
FILTER -1
FILTER 0
FILTER -1
FILTER 0
BEGIN_POLYGON 4 10 3
BEGIN_WINDING
POLYGON_POINT 0.659298531 49.838506973 0.000000000
POLYGON_POINT 0.659386367 49.838397136 0.000000000
END_WINDING
END_POLYGON
BEGIN_POLYGON 5 10 3
BEGIN_WINDING
POLYGON_POINT 0.658960164 49.838311935 0.000000000
POLYGON_POINT 0.659049470 49.838205345 0.000000000
POLYGON_POINT 0.659092874 49.838187322 0.000000000
POLYGON_POINT 0.659126748 49.838139655 0.000000000
END_WINDING
END_POLYGON
BEGIN_POLYGON 5 10 3
BEGIN_WINDING
POLYGON_POINT 0.657604451 49.838566131 0.000000000
POLYGON_POINT 0.657718222 49.838548476 0.000000000
POLYGON_POINT 0.657760138 49.838617439 0.000000000
POLYGON_POINT 0.657699498 49.838636903 0.000000000
END_WINDING
END_POLYGON
BEGIN_POLYGON 5 10 3
BEGIN_WINDING
POLYGON_POINT 0.658697230 49.838146897 0.000000000
POLYGON_POINT 0.658632560 49.838225681 0.000000000
POLYGON_POINT 0.658359511 49.838135643 0.000000000
POLYGON_POINT 0.658469347 49.837988669 0.000000000
END_WINDING
END_POLYGON
BEGIN_POLYGON 5 10 3
BEGIN_WINDING
POLYGON_POINT 0.658383734 49.837716378 0.000000000
POLYGON_POINT 0.658376684 49.837713244 0.000000000
POLYGON_POINT 0.658373256 49.837708527 0.000000000
POLYGON_POINT 0.658373773 49.837703328 0.000000000
POLYGON_POINT 0.658378559 49.837698749 0.000000000
POLYGON_POINT 0.658386293 49.837696378 0.000000000
POLYGON_POINT 0.658394341 49.837696822 0.000000000
POLYGON_POINT 0.658401064 49.837699711 0.000000000
POLYGON_POINT 0.658404819 49.837704674 0.000000000
POLYGON_POINT 0.658404136 49.837710178 0.000000000
POLYGON_POINT 0.658399516 49.837714452 0.000000000
POLYGON_POINT 0.658392276 49.837716762 0.000000000
POLYGON_POINT 0.658383734 49.837716378 0.000000000
END_WINDING
END_POLYGON
BEGIN_POLYGON 5 10 3
BEGIN_WINDING
POLYGON_POINT 0.659149251 49.838028316 0.000000000
POLYGON_POINT 0.659143358 49.838025696 0.000000000
POLYGON_POINT 0.659140492 49.838021753 0.000000000
POLYGON_POINT 0.659140924 49.838017407 0.000000000
POLYGON_POINT 0.659144925 49.838013579 0.000000000
POLYGON_POINT 0.659151390 49.838011597 0.000000000
POLYGON_POINT 0.659158118 49.838011968 0.000000000
POLYGON_POINT 0.659163738 49.838014383 0.000000000
POLYGON_POINT 0.659166877 49.838018532 0.000000000
POLYGON_POINT 0.659166306 49.838023134 0.000000000
POLYGON_POINT 0.659162443 49.838026706 0.000000000
POLYGON_POINT 0.659156391 49.838028637 0.000000000
POLYGON_POINT 0.659149251 49.838028316 0.000000000
END_WINDING
END_POLYGON
BEGIN_POLYGON 5 10 2
BEGIN_WINDING
POLYGON_POINT 0.659452776 49.837993668
POLYGON_POINT 0.659451004 49.838007046
POLYGON_POINT 0.659441859 49.838019108
POLYGON_POINT 0.659426576 49.838028224
POLYGON_POINT 0.659407218 49.838033164
POLYGON_POINT 0.659386401 49.838033261
POLYGON_POINT 0.659366935 49.838028501
POLYGON_POINT 0.659351450 49.838019527
POLYGON_POINT 0.659342037 49.838007552
POLYGON_POINT 0.659339967 49.837994192
POLYGON_POINT 0.659345519 49.837981251
POLYGON_POINT 0.659357945 49.837970479
END_WINDING
END_POLYGON
BEGIN_POLYGON 5 10 2
BEGIN_WINDING
POLYGON_POINT 0.659370192 49.838155724
POLYGON_POINT 0.659407683 49.838107394
END_WINDING
END_POLYGON
BEGIN_POLYGON 6 10 2
BEGIN_WINDING
POLYGON_POINT 0.659340252 49.838195005
POLYGON_POINT 0.659370192 49.838155724
END_WINDING
END_POLYGON
BEGIN_POLYGON 6 10 2
BEGIN_WINDING
POLYGON_POINT 0.659407683 49.838107394
POLYGON_POINT 0.659561658 49.837908119
END_WINDING
END_POLYGON
BEGIN_POLYGON 7 10 3
BEGIN_WINDING
POLYGON_POINT 0.659200810 49.838336434 2.000000000
POLYGON_POINT 0.659063891 49.838293858 2.000000000
POLYGON_POINT 0.659126571 49.838211088 2.000000000
POLYGON_POINT 0.659095231 49.838201203 2.000000000
POLYGON_POINT 0.659169122 49.838101986 2.000000000
POLYGON_POINT 0.659238490 49.838126679 2.000000000
POLYGON_POINT 0.659207529 49.838165505 2.000000000
POLYGON_POINT 0.659328436 49.838204436 2.000000000
POLYGON_POINT 0.659288562 49.838260085 2.000000000
POLYGON_POINT 0.659265372 49.838252548 2.000000000
END_WINDING
END_POLYGON
OBJECT 0 0.659644097 49.838273695 153.639999
OBJECT 1 0.659397293 49.838492257 334.579987
OBJECT 1 0.659483480 49.838510265 244.500000
OBJECT 1 0.659458906 49.838543380 244.500000
OBJECT 2 0.659954874 49.837877763 161.690002
OBJECT 3 0.661293270 49.838535256 322.200012
OBJECT 3 0.661351321 49.838483911 322.200012
OBJECT 4 0.661033222 49.838765029 146.270004
OBJECT 4 0.660840624 49.838939152 146.270004
OBJECT 4 0.660544543 49.839224866 326.220001
OBJECT 4 0.660474038 49.839281428 146.830002
OBJECT 4 0.660299685 49.839442396 146.830002
OBJECT 4 0.659791559 49.839440480 45.000000
OBJECT 4 0.660058994 49.839614878 45.000000
OBJECT 5 0.657317259 49.837451751 0.000000
OBJECT 5 0.657186649 49.837427683 0.000000
OBJECT 5 0.657043600 49.837398712 0.000000
OBJECT 5 0.656913680 49.837368849 0.000000
OBJECT 5 0.656792745 49.837331410 0.000000
OBJECT 5 0.656664899 49.837287285 0.000000
OBJECT 5 0.656543273 49.837236920 0.000000
OBJECT 5 0.656428557 49.837185218 0.000000
OBJECT 5 0.656317988 49.837133515 0.000000
OBJECT 5 0.656209493 49.837082705 0.000000
OBJECT 5 0.656093395 49.837030111 0.000000
OBJECT 5 0.655984209 49.836977963 0.000000
OBJECT 5 0.661744414 49.838401432 0.000000
OBJECT 5 0.661644208 49.838353295 0.000000
OBJECT 5 0.661545384 49.838306942 0.000000
OBJECT 5 0.661445179 49.838265045 0.000000
OBJECT 5 0.661332534 49.838219137 0.000000
OBJECT 5 0.661243386 49.838185709 0.000000
OBJECT 5 0.661093424 49.838142030 0.000000
OBJECT 5 0.660982852 49.838114396 0.000000
OBJECT 5 0.660843256 49.838082305 0.000000
OBJECT 5 0.660665651 49.838047540 0.000000
OBJECT 2 0.659888531 49.837972431 343.579987
OBJECT 6 0.661031598 49.838101662 72.209999
OBJECT 6 0.660819787 49.838154332 72.209999
OBJECT 6 0.659584755 49.837904730 253.690002
OBJECT 6 0.659622748 49.837833799 253.690002
OBJECT 7 0.659186275 49.837898525 176.130005
OBJECT 7 0.659202139 49.837990607 314.600006
OBJECT 7 0.659142650 49.837986131 314.420013
OBJECT 7 0.659097042 49.837978458 314.619995
OBJECT 7 0.659018714 49.837954797 316.269989
OBJECT 8 0.657380471 49.838706379 107.400002
OBJECT 9 0.658943540 49.838224699 85.790001
OBJECT 10 0.659344927 49.838494660 80.809998
OBJECT 10 0.658939167 49.839725500 3.470000
OBJECT 10 0.659069380 49.839652571 105.949997
OBJECT 10 0.659134487 49.839598426 20.959999
OBJECT 10 0.659206447 49.839534336 129.470001
OBJECT 10 0.659274980 49.839466932 48.810001
OBJECT 10 0.659348653 49.839411682 121.830002
OBJECT 10 0.659420613 49.839363062 44.270000
OBJECT 10 0.659310607 49.839772497 154.800003
OBJECT 10 0.659438505 49.839630436 0.000000
OBJECT 10 0.659537981 49.839557114 8.130000
OBJECT 10 0.659541534 49.839442548 131.630005
OBJECT 10 0.659459821 49.839506705 45.000000
OBJECT 10 0.659349687 49.839563988 140.389999
OBJECT 10 0.659314160 49.839612105 51.950001
OBJECT 10 0.659228894 49.839667097 92.599998
OBJECT 10 0.659363898 49.839708340 45.000000
OBJECT 10 0.659356792 49.839790828 152.179993
OBJECT 10 0.659172051 49.839806867 61.820000
OBJECT 10 0.659182709 49.839738128 13.500000
OBJECT 10 0.659054811 49.839724380 108.440002
OBJECT 10 0.658994415 49.839765623 59.040001
OBJECT 10 0.659026389 49.839825198 128.000000
OBJECT 10 0.659154287 49.839868733 276.519989
OBJECT 10 0.659250211 49.839852693 5.040000
OBJECT 10 0.659367450 49.839868733 79.879997
OBJECT 10 0.659452716 49.839793119 133.779999
OBJECT 10 0.659527323 49.839726671 59.619999
OBJECT 10 0.659839964 49.839188212 69.230003
OBJECT 10 0.661218405 49.838482487 200.139999
OBJECT 10 0.661062087 49.838581013 0.000000
OBJECT 10 0.661154457 49.838546644 27.410000
OBJECT 10 0.661023007 49.838514565 32.470001
OBJECT 10 0.660358656 49.838803271 39.470001
OBJECT 10 0.660429709 49.838739114 78.370003
OBJECT 10 0.660323129 49.839091977 29.900000
OBJECT 10 0.660280497 49.838975120 142.520004
OBJECT 10 0.660454578 49.838949915 33.020000
OBJECT 10 0.660642870 49.838823893 90.000000
OBJECT 10 0.660593133 49.838610800 358.670013
OBJECT 10 0.660827610 49.838425204 149.740005
OBJECT 10 0.661001691 49.838416039 32.730000
OBJECT 10 0.660710370 49.838663501 0.000000
OBJECT 10 0.660767214 49.838599344 130.600006
OBJECT 10 0.660511417 49.838814727 6.840000
OBJECT 10 0.660266279 49.838862845 155.380005
OBJECT 10 0.660113512 49.838972828 70.349998
OBJECT 10 0.659825741 49.839286738 146.309998
OBJECT 10 0.660049563 49.839417343 50.439999
OBJECT 10 0.660209436 49.839311943 35.220001
OBJECT 10 0.660198777 49.839188212 143.130005
OBJECT 10 0.660138381 49.839085103 57.259998
OBJECT 10 0.660031799 49.839142386 64.720001
OBJECT 10 0.660088643 49.839234038 163.300003
OBJECT 10 0.660703265 49.839341730 115.709999
OBJECT 10 0.660667737 49.839291321 30.959999
OBJECT 10 0.660582472 49.839309652 202.380005
OBJECT 10 0.660539839 49.839403596 24.230000
OBJECT 10 0.660845374 49.839854985 332.850006
OBJECT 10 0.660973272 49.839816032 118.070000
OBJECT 10 0.661051432 49.839774789 47.119999
OBJECT 10 0.661140251 49.839706049 119.750000
OBJECT 10 0.661211305 49.839635018 36.029999
OBJECT 10 0.661349861 49.839600649 120.699997
OBJECT 10 0.661367625 49.839497539 19.750000
OBJECT 10 0.661499076 49.839552531 34.439999
OBJECT 10 0.662529367 49.839887063 83.089996
OBJECT 10 0.662465418 49.839845819 195.940002
OBJECT 10 0.662351730 49.839864150 88.529999
OBJECT 10 0.662238043 49.839868733 136.399994
OBJECT 10 0.662145672 49.839765623 358.209991
OBJECT 10 0.662294887 49.839756458 174.289993
OBJECT 10 0.662124356 49.839694593 45.970001
OBJECT 10 0.662312650 49.839641892 337.890015
OBJECT 10 0.662238043 49.839593775 143.529999
OBJECT 10 0.662106592 49.839593775 68.680000
OBJECT 10 0.661911192 49.839618979 138.240005
OBJECT 10 0.661982247 49.839669388 64.129997
OBJECT 10 0.661989352 49.839761041 133.149994
OBJECT 10 0.661893429 49.839731254 358.089996
OBJECT 10 0.661822374 49.839662514 128.449997
OBJECT 10 0.661854349 49.839520453 36.470001
OBJECT 10 0.661751319 49.839593775 135.000000
OBJECT 10 0.661605658 49.839522744 51.580002
OBJECT 10 0.661701581 49.839470044 0.000000
OBJECT 10 0.661506181 49.839456296 24.440001
OBJECT 10 0.661591447 49.839401304 117.980003
OBJECT 10 0.661683818 49.839307360 20.920000
OBJECT 10 0.661793952 49.839240912 105.750000
OBJECT 10 0.661904087 49.839181338 8.370000
OBJECT 10 0.661989352 49.839101142 110.919998
OBJECT 10 0.662099487 49.839018655 45.000000
OBJECT 10 0.662209622 49.838943041 17.700001
OBJECT 10 0.662316203 49.838931585 215.539993
OBJECT 10 0.662387258 49.838970537 9.210000
OBJECT 10 0.662490286 49.839018655 94.400002
OBJECT 10 0.662607526 49.839101142 207.979996
OBJECT 10 0.662721212 49.839174464 30.260000
OBJECT 10 0.662827794 49.839224873 120.379997
OBJECT 10 0.662945033 49.839298195 25.459999
OBJECT 10 0.663087142 49.839378391 316.850006
OBJECT 10 0.663229250 49.839449422 199.539993
OBJECT 10 0.663328726 49.839520453 19.180000
OBJECT 10 0.663456623 49.839593775 168.020004
OBJECT 10 0.663584521 49.839676262 294.230011
OBJECT 10 0.663723077 49.839751875 165.960007
OBJECT 10 0.663854527 49.839818324 340.910004
OBJECT 10 0.664021504 49.839818324 60.070000
OBJECT 10 0.663936239 49.839772497 341.570007
OBJECT 10 0.663814364 49.839703433 192.089996
OBJECT 10 0.663693446 49.839633507 84.809998
OBJECT 10 0.663599110 49.839571641 108.440002
OBJECT 10 0.663496207 49.839515138 24.900000
OBJECT 10 0.663391213 49.839450202 111.449997
OBJECT 10 0.663292116 49.839392349 23.200001
OBJECT 10 0.663179512 49.839330273 93.949997
OBJECT 10 0.663089863 49.839276468 6.790000
OBJECT 10 0.662980554 49.839224873 143.130005
OBJECT 10 0.662856211 49.839158425 45.000000
OBJECT 10 0.662756736 49.839130929 164.220001
OBJECT 10 0.662682887 49.839050082 14.040000
OBJECT 10 0.662579103 49.838991159 172.649994
OBJECT 10 0.662457482 49.838925816 16.309999
OBJECT 10 0.662327747 49.838862682 8.750000
OBJECT 10 0.662061697 49.838714101 313.880005
OBJECT 10 0.661950282 49.838654335 46.790001
OBJECT 10 0.661815281 49.838576431 343.070007
OBJECT 10 0.661126065 49.838842223 61.700001
OBJECT 10 0.661069222 49.838899506 332.450012
OBJECT 10 0.661150934 49.838927002 324.459991
OBJECT 10 0.661271724 49.838883467 143.130005
OBJECT 10 0.661218434 49.838800980 58.740002
OBJECT 10 0.661133170 49.838778066 177.270004
OBJECT 10 0.661186460 49.838684122 5.360000
OBJECT 10 0.661282382 49.838642879 136.399994
OBJECT 10 0.661293040 49.838750571 21.540001
OBJECT 10 0.661399620 49.838679540 49.970001
OBJECT 10 0.661388962 49.838581013 346.760010
OBJECT 10 0.661474226 49.838610800 138.240005
OBJECT 10 0.661499094 49.838521439 358.489990
OBJECT 10 0.661563042 49.838578722 46.220001
OBJECT 10 0.661598569 49.838482487 55.169998
OBJECT 10 0.661494456 49.838429468 131.190002
OBJECT 10 0.661381857 49.838390834 356.309998
OBJECT 10 0.658253430 49.838882369 210.960007
OBJECT 10 0.658243655 49.839050446 58.500000
OBJECT 10 0.658059747 49.839131102 136.169998
OBJECT 10 0.657897908 49.839209386 305.359985
OBJECT 10 0.658030322 49.839211758 299.540009
OBJECT 10 0.658129632 49.839195152 68.199997
OBJECT 10 0.658155379 49.839304275 173.089996
OBJECT 10 0.658217908 49.839356464 267.709991
OBJECT 10 0.658298828 49.839275808 351.119995
OBJECT 10 0.658405494 49.839330369 152.820007
OBJECT 10 0.658405494 49.839408653 333.440002
OBJECT 10 0.658504804 49.839373070 356.049988
OBJECT 10 0.658578368 49.839240225 165.960007
OBJECT 10 0.658629862 49.839301903 46.270000
OBJECT 10 0.658618827 49.839373070 20.770000
OBJECT 10 0.658530552 49.839448981 135.000000
OBJECT 10 0.658707103 49.839517776 18.430000
OBJECT 10 0.658784344 49.839577081 145.380005
OBJECT 10 0.658931471 49.839579453 320.709991
OBJECT 10 0.658920436 49.839484564 178.149994
OBJECT 10 0.658990321 49.839441864 19.180000
OBJECT 10 0.659052850 49.839370697 0.000000
OBJECT 10 0.659163195 49.839356464 143.750000
OBJECT 10 0.659152160 49.839271064 2.490000
OBJECT 10 0.659229402 49.839304275 205.770004
OBJECT 10 0.659277218 49.839249714 333.440002
OBJECT 10 0.659225724 49.839218875 173.990005
OBJECT 10 0.659108022 49.839154825 58.279999
OBJECT 10 0.659019747 49.839100263 181.330002
OBJECT 10 0.658913080 49.839045702 115.910004
OBJECT 10 0.658828482 49.838986396 0.000000
OBJECT 10 0.658762276 49.838938952 131.009995
OBJECT 10 0.658651931 49.838893879 22.070000
OBJECT 10 0.658585724 49.838836946 113.199997
OBJECT 10 0.658493770 49.838787129 9.660000
OBJECT 10 0.658394460 49.838772896 326.890015
OBJECT 10 0.658276759 49.838775268 34.689999
OBJECT 10 0.658214230 49.838822712 186.520004
OBJECT 10 0.658133310 49.838870157 5.190000
OBJECT 10 0.658045035 49.838927091 186.949997
OBJECT 10 0.657964115 49.838995885 29.740000
OBJECT 10 0.657897908 49.839064680 4.640000
OBJECT 10 0.657846414 49.839119241 156.160004
OBJECT 10 0.657776529 49.839107380 135.000000
OBJECT 10 0.657673540 49.839059935 4.860000
OBJECT 10 0.657570552 49.839005374 123.690002
OBJECT 10 0.657474920 49.838950813 356.820007
OBJECT 10 0.661299204 49.838351986 304.160004
OBJECT 10 0.661202452 49.838308534 320.829987
OBJECT 10 0.661087128 49.838280877 94.089996
OBJECT 10 0.660987728 49.838248447 358.209991
OBJECT 10 0.660894610 49.838247607 130.820007
OBJECT 10 0.660813691 49.838254724 342.470001
OBJECT 10 0.660725416 49.838259469 37.349998
OBJECT 10 0.660677600 49.838299797 201.800003
OBJECT 10 0.660633463 49.838359102 81.870003
OBJECT 10 0.660596681 49.838411291 180.000000
OBJECT 10 0.660548866 49.838470597 53.470001
OBJECT 10 0.660478981 49.838525158 189.460007
OBJECT 10 0.660416453 49.838579720 47.490002
OBJECT 10 0.660361281 49.838631909 172.649994
OBJECT 10 0.660313465 49.838669864 59.619999
OBJECT 10 0.660247259 49.838717309 173.089996
OBJECT 10 0.660184731 49.838764753 56.820000
OBJECT 10 0.660107490 49.838800337 152.589996
OBJECT 10 0.660063353 49.838857270 47.119999
OBJECT 10 0.659989790 49.838911832 160.020004
OBJECT 10 0.659938296 49.838954532 45.000000
OBJECT 10 0.659886802 49.838987743 168.369995
OBJECT 10 0.659820596 49.839051793 109.440002
OBJECT 10 0.659739677 49.839120588 20.410000
OBJECT 10 0.659633011 49.839191755 97.940002
OBJECT 10 0.659570483 49.839272410 46.970001
OBJECT 10 0.658848374 49.838330987 40.990002
OBJECT 10 0.658663190 49.838244499 121.330002
OBJECT 10 0.658597205 49.838289802 308.290009
OBJECT 10 0.658995243 49.838318632 32.900002
OBJECT 10 0.658973958 49.838369426 84.400002
OBJECT 10 0.658922873 49.838425711 38.520000
OBJECT 10 0.658876045 49.838480624 193.740005
OBJECT 10 0.658839860 49.838539655 41.189999
OBJECT 10 0.658782389 49.838604178 150.259995
OBJECT 10 0.658744075 49.838674191 36.869999
OBJECT 10 0.658697247 49.838749696 124.830002
OBJECT 10 0.658637648 49.838698902 0.000000
OBJECT 10 0.658507806 49.838678310 113.629997
OBJECT 10 0.658397122 49.838627516 15.820000
OBJECT 10 0.658305594 49.838582213 143.619995
OBJECT 11 0.657531194 49.838892008 355.029999
OBJECT 11 0.657530006 49.838876299 355.029999
OBJECT 11 0.657528224 49.838857526 359.010010
OBJECT 11 0.657530006 49.838840668 354.290009
OBJECT 11 0.657526442 49.838824577 0.880000
OBJECT 11 0.657522878 49.838807719 359.010010
OBJECT 11 0.657511591 49.838792011 10.150000
OBJECT 11 0.657504462 49.838778602 14.420000
OBJECT 11 0.657493175 49.838765958 13.670000
OBJECT 11 0.657489611 49.838751783 9.570000
OBJECT 11 0.657393375 49.838631480 6.170000
OBJECT 11 0.657395157 49.838616538 354.290009
OBJECT 11 0.657395157 49.838600447 355.489990
OBJECT 11 0.657396345 49.838585122 347.959991
OBJECT 11 0.657404068 49.838571329 328.820007
OBJECT 11 0.657423672 49.838556770 317.649994
OBJECT 11 0.657446839 49.838535698 328.570007
OBJECT 11 0.657460502 49.838513860 335.140015
OBJECT 11 0.657475354 49.838495087 335.609985
OBJECT 11 0.657491987 49.838475547 336.970001
OBJECT 11 0.657499710 49.838452560 341.570007
OBJECT 11 0.657515155 49.838431488 333.160004
OBJECT 11 0.657534758 49.838408883 337.929993
OBJECT 11 0.657545451 49.838394707 331.929993
OBJECT 11 0.657556738 49.838375551 336.410004
OBJECT 11 0.657570401 49.838355628 335.190002
OBJECT 11 0.657585252 49.838342219 332.450012
OBJECT 11 0.657597133 49.838324595 341.420013
OBJECT 11 0.657610796 49.838303523 343.119995
OBJECT 11 0.657622083 49.838288581 334.510010
OBJECT 11 0.657636340 49.838272872 329.040009
OBJECT 11 0.657641687 49.838262528 333.440002
OBJECT 11 0.657650597 49.838251800 335.489990
OBJECT 11 0.657657726 49.838241073 328.339996
OBJECT 11 0.657668418 49.838223066 330.950012
OBJECT 11 0.657680893 49.838208124 330.260010
OBJECT 11 0.657690992 49.838193182 333.730011
OBJECT 11 0.657705843 49.838179389 329.859985
OBJECT 11 0.657710595 49.838162915 333.850006
OBJECT 11 0.657724258 49.838145674 329.670013
OBJECT 11 0.657736139 49.838130732 330.079987
OBJECT 11 0.657748020 49.838116556 323.549988
OBJECT 11 0.657758119 49.838104296 327.019989
OBJECT 11 0.657768217 49.838092802 324.730011
OBJECT 11 0.657829404 49.838016560 341.920013
OBJECT 11 0.657812771 49.838029203 332.450012
OBJECT 11 0.657782475 49.838072496 332.559998
OBJECT 11 0.657793167 49.838061003 335.700012
OBJECT 11 0.657805642 49.838044911 338.750000
OBJECT 11 0.657835344 49.838003916 338.200012
OBJECT 11 0.657846037 49.837992423 334.750000
OBJECT 11 0.657857918 49.837976714 335.380005
OBJECT 11 0.657870392 49.837961772 328.670013
OBJECT 11 0.657884649 49.837946830 338.339996
OBJECT 11 0.657891184 49.837936486 336.570007
OBJECT 11 0.657904847 49.837920011 337.250000
OBJECT 11 0.657917916 49.837904303 333.970001
OBJECT 11 0.657927611 49.837888882 333.029999
OBJECT 11 0.657938593 49.837873946 332.690002
OBJECT 11 0.657952244 49.837857422 331.809998
OBJECT 11 0.657966615 49.837838223 332.679993
OBJECT 11 0.657979959 49.837821010 329.739990
OBJECT 11 0.657995357 49.837791880 336.799988
OBJECT 11 0.657989198 49.837803797 334.309998
OBJECT 11 0.659212293 49.839000467 160.820007
OBJECT 11 0.659204350 49.839013787 152.100006
OBJECT 11 0.659195612 49.839027619 167.740005
OBJECT 11 0.659189258 49.839037865 151.929993
OBJECT 11 0.659179726 49.839056819 166.869995
OBJECT 11 0.659173371 49.839071676 169.880005
OBJECT 11 0.659169400 49.839084995 170.910004
OBJECT 11 0.659160662 49.839095753 157.830002
OBJECT 11 0.658002949 49.837777473 339.079987
OBJECT 11 0.658018200 49.837759031 245.559998
OBJECT 11 0.658042029 49.837764563 240.020004
OBJECT 11 0.658067765 49.837769481 250.350006
OBJECT 11 0.658089687 49.837776858 243.429993
OBJECT 11 0.658109704 49.837786080 237.990005
OBJECT 11 0.658140205 49.837791612 243.429993
OBJECT 11 0.658160222 49.837802063 242.240005
OBJECT 11 0.658191676 49.837811284 243.429993
OBJECT 11 0.658212646 49.837818661 236.309998
OBJECT 11 0.658244100 49.837827268 238.669998
OBJECT 11 0.658271742 49.837834645 251.559998
OBJECT 11 0.658306056 49.837841407 248.199997
OBJECT 11 0.658326073 49.837845710 255.470001
OBJECT 11 0.658350855 49.837851243 248.630005
OBJECT 11 0.658370871 49.837858005 243.429993
OBJECT 11 0.658403279 49.837862923 249.149994
OBJECT 11 0.658427108 49.837869071 250.910004
OBJECT 11 0.658455703 49.837873374 253.740005
OBJECT 11 0.658478579 49.837879522 249.080002
OBJECT 11 0.658505268 49.837884440 255.580002
OBJECT 11 0.658518612 49.837889358 248.199997
OBJECT 11 0.658539582 49.837891817 250.639999
OBJECT 11 0.658557692 49.837897964 256.679993
OBJECT 11 0.658592006 49.837899808 252.470001
OBJECT 11 0.658618695 49.837907185 246.500000
OBJECT 11 0.658645384 49.837912718 257.010010
OBJECT 11 0.658672072 49.837918251 253.300003
OBJECT 11 0.658697808 49.837923784 252.070007
OBJECT 11 0.658726403 49.837930546 249.679993
OBJECT 11 0.658755951 49.837934849 256.429993
OBJECT 11 0.658777874 49.837941611 250.820007
OBJECT 11 0.658802657 49.837947144 253.610001
OBJECT 11 0.658831252 49.837953292 249.860001
OBJECT 11 0.658860800 49.837959439 254.880005
OBJECT 11 0.658890349 49.837966816 246.369995
OBJECT 11 0.658913225 49.837969890 257.470001
OBJECT 11 0.658938007 49.837976652 250.820007
OBJECT 11 0.658961836 49.837979111 250.970001
OBJECT 11 0.658991385 49.837986488 253.929993
OBJECT 11 0.659018073 49.837991406 252.899994
OBJECT 11 0.659049528 49.837997554 252.580002
OBJECT 11 0.659074310 49.838002472 253.860001
OBJECT 11 0.659102906 49.838011078 243.429993
OBJECT 11 0.659130547 49.838022758 216.029999
OBJECT 11 0.659141032 49.838041816 203.960007
OBJECT 11 0.659120063 49.838058414 131.419998
OBJECT 11 0.659088608 49.838070709 126.379997
OBJECT 11 0.659061919 49.838079315 109.089996
OBJECT 11 0.659038090 49.838082389 100.300003
OBJECT 11 0.659017120 49.838085463 100.949997
OBJECT 11 0.658979947 49.838093454 106.260002
OBJECT 11 0.658954211 49.838100217 115.019997
OBJECT 11 0.658935148 49.838103290 121.760002
OBJECT 11 0.658906552 49.838110053 117.349998
OBJECT 11 0.658876051 49.838122348 122.739998
OBJECT 11 0.658850315 49.838138331 136.979996
OBJECT 11 0.658837924 49.838147552 150.259995
OBJECT 11 0.658825533 49.838161077 144.460007
OBJECT 11 0.658814095 49.838172142 139.399994
OBJECT 11 0.658798844 49.838186896 157.750000
OBJECT 11 0.658782640 49.838213331 164.580002
OBJECT 11 0.658764530 49.838234847 158.880005
OBJECT 11 0.658746420 49.838256363 157.559998
OBJECT 12 0.652055735 49.833922462 153.979996
OBJECT 12 0.651764461 49.834313593 153.979996
OBJECT 12 0.643556030 49.831723886 153.979996
OBJECT 12 0.643840311 49.831348710 153.979996
OBJECT 12 0.643855264 49.831345374 63.980000
OBJECT 12 0.643561306 49.831733638 63.980000
OBJECT 12 0.652050246 49.833911980 63.980000
OBJECT 12 0.651749042 49.834316973 63.980000
OBJECT 11 0.660794498 49.837165995 63.980000
OBJECT 11 0.660583054 49.837099884 63.980000
OBJECT 11 0.651743154 49.833813687 63.980000
OBJECT 11 0.651423375 49.834215586 63.980000
OBJECT 11 0.650971842 49.833573787 63.980000
OBJECT 11 0.650816757 49.834017292 63.980000
OBJECT 11 0.650604029 49.833952669 63.980000
OBJECT 11 0.650081132 49.833304674 63.980000
OBJECT 11 0.649786060 49.833699491 63.980000
OBJECT 11 0.649311201 49.833059462 63.980000
OBJECT 11 0.649028481 49.833460476 63.980000
OBJECT 11 0.648561861 49.832823989 63.980000
OBJECT 11 0.648257185 49.833217035 63.980000
OBJECT 11 0.647757629 49.832571695 63.980000
OBJECT 11 0.647474913 49.832970053 63.980000
OBJECT 11 0.646975357 49.832328254 63.980000
OBJECT 11 0.646702249 49.832724842 63.980000
OBJECT 11 0.646223283 49.832088354 63.980000
OBJECT 11 0.645933707 49.832483171 63.980000
OBJECT 11 0.645449253 49.831846684 63.980000
OBJECT 11 0.645174774 49.832241501 63.980000
OBJECT 11 0.644673854 49.831601472 63.980000
OBJECT 11 0.644406239 49.832001601 63.980000
OBJECT 11 0.643913556 49.831365113 63.980000
OBJECT 11 0.643604771 49.831746652 63.980000
OBJECT 13 0.650293254 49.834406074 63.980000
OBJECT 13 0.650231493 49.834484270 63.980000
OBJECT 13 0.650172020 49.834566893 63.980000
OBJECT 13 0.650336715 49.834618532 63.980000
OBJECT 13 0.650481967 49.834465090 63.980000
OBJECT 13 0.651137318 49.834672384 63.980000
OBJECT 13 0.651020659 49.834838366 63.980000
OBJECT 13 0.651876165 49.834906972 63.980000
OBJECT 13 0.651766367 49.835069266 63.980000
OBJECT 13 0.652499071 49.835294306 63.980000
OBJECT 13 0.652607726 49.835134963 63.980000
OBJECT 13 0.653199036 49.835303896 63.980000
OBJECT 13 0.653374280 49.835376285 63.980000
OBJECT 13 0.653265625 49.835534890 63.980000
OBJECT 13 0.654132006 49.835617567 63.980000
OBJECT 13 0.654008482 49.835770536 63.980000
OBJECT 13 0.654879738 49.835852332 63.980000
OBJECT 13 0.654759508 49.836010613 63.980000
OBJECT 13 0.655631682 49.836090547 63.980000
OBJECT 13 0.655507775 49.836248538 63.980000
OBJECT 13 0.656385609 49.836327840 63.980000
OBJECT 13 0.656254077 49.836487675 63.980000
OBJECT 13 0.657139540 49.836565134 63.980000
OBJECT 13 0.657018492 49.836730502 63.980000
OBJECT 13 0.657888709 49.836800583 63.980000
OBJECT 13 0.657754316 49.836965336 63.980000
OBJECT 13 0.658638891 49.837036864 63.980000
OBJECT 13 0.658532164 49.837212779 63.980000
OBJECT 13 0.659291427 49.837451958 63.980000
OBJECT 13 0.659403899 49.837278599 63.980000
OBJECT 13 0.660186988 49.837526561 63.980000
OBJECT 13 0.660068839 49.837688333 63.980000
OBJECT 14 0.659739369 49.838076481 43.150002
OBJECT 15 0.659563399 49.838496964 62.849998
OBJECT 15 0.659554461 49.838499403 185.860001
OBJECT 15 0.659558242 49.838506276 41.310001
OBJECT 16 0.659536240 49.838532217 333.559998
OBJECT 17 0.659607346 49.838316990 63.639999
OBJECT 18 0.659411203 49.838996239 244.480011
OBJECT 8 0.658679606 49.838392954 334.589996
OBJECT 19 0.659267281 49.838598463 64.500000
OBJECT 19 0.659145802 49.838762372 64.500000
OBJECT 18 0.659422243 49.838353798 63.639999
FILTER -1
OBJECT_DEF lib/airport/European_Airports/towers/Germany_5m.obj
OBJECT_DEF lib/g10/EU/suburban/gshed1_3x2.obj
OBJECT_DEF lib/airport/Common_Elements/Traffic_Signs/German/with_base/stop.obj
OBJECT_DEF lib/g10/US/suburban/Greenhse.obj
OBJECT_DEF lib/g10/US/suburban/B-RnchLHGry.obj
OBJECT_DEF lib/airport/Common_Elements/Parking/Bollard.obj
OBJECT_DEF lib/airport/Common_Elements/Traffic_Signs/German/with_base/caution.obj
OBJECT_DEF lib/cars/car.obj
OBJECT_DEF lib/g10/US/industrial/light/Shed13x24.obj
OBJECT_DEF lib/g10/US/industrial/light/SiteOffice3x10.obj
OBJECT_DEF lib/g10/forests/autogen_tree2.obj
OBJECT_DEF lib/airport/Common_Elements/Markers/Cones/Square_Black_White_2.obj
OBJECT_DEF lib/airport/Common_Elements/Runway_Markers/Sheet_Metal/White_Black_Bent.obj
OBJECT_DEF lib/airport/Common_Elements/Markers/Cones/Square_Yellow_Black.obj
OBJECT_DEF lib/airport/aircraft/general_aviation/jet_a.obj
OBJECT_DEF lib/airport/Common_Elements/Markers/Cones/Red_White_Large_2.obj
OBJECT_DEF lib/g10/US/commercial/fuel_pump_bp.obj
OBJECT_DEF lib/g10/US/industrial/light/WoodShed8x10.obj
OBJECT_DEF lib/g10/US/industrial/light/TinShed10x30Lt.obj
OBJECT_DEF lib/airport/European_Airports/hangars/25x20x5.obj
POLYGON_DEF lib/airport/pavement/concrete_1D.pol
POLYGON_DEF lib/airport/pavement/asphalt_1L.pol
POLYGON_DEF lib/airport/pavement/concrete_6L.pol
POLYGON_DEF lib/g8/broad_tmp_wet.for
POLYGON_DEF lib/constructions/fencing/fence_Wood_08.fac
POLYGON_DEF lib/constructions/fencing/fence_HedgeSmall_01.fac
POLYGON_DEF lib/constructions/fencing/fence_Wood_07.fac
POLYGON_DEF lib/airport/Common_Elements/Misc_Buildings/White_Office.fac
PROPERTY sim/filter/aptid LFOS
PROPERTY sim/exclude_net 0.657953/49.837634/0.658086/49.837673
PROPERTY sim/exclude_net 0.659204/49.837883/0.659336/49.837922
PROPERTY sim/exclude_net 0.659709/49.838018/0.659906/49.838079
PROPERTY sim/exclude_net 0.660296/49.838122/0.660582/49.838191
PROPERTY sim/exclude_net 0.659198/49.837910/0.659474/49.837971
PROPERTY sim/exclude_net 0.658701/49.837821/0.658984/49.837878
PROPERTY sim/exclude_net 0.658199/49.837710/0.658478/49.837781
PROPERTY sim/exclude_net 0.657672/49.837617/0.657979/49.837686
PROPERTY sim/exclude_net 0.656648/49.837457/0.657176/49.837581
PROPERTY sim/exclude_net 0.657647/49.837661/0.658218/49.837805
PROPERTY sim/exclude_net 0.658686/49.837864/0.659229/49.837994
PROPERTY sim/exclude_net 0.659647/49.838076/0.660310/49.838221
PROPERTY sim/exclude_net 0.658691/49.837958/0.659718/49.838240
PROPERTY sim/exclude_net 0.656656/49.837567/0.657702/49.837822
PROPERTY sim/exclude_net 0.656652/49.837770/0.658739/49.838257
PROPERTY sim/exclude_net 0.653549/49.837380/0.656726/49.838252
PROPERTY sim/exclude_net 0.653549/49.838178/0.660789/49.839689
PROPERTY sim/exclude_net 0.660701/49.837828/0.661293/49.838002
PROPERTY sim/exclude_net 0.661241/49.837275/0.662575/49.838142
PROPERTY sim/exclude_net 0.658724/49.837180/0.660088/49.837605
PROPERTY sim/exclude_net 0.655309/49.835919/0.657002/49.836507
PROPERTY sim/exclude_net 0.652212/49.834793/0.654366/49.835366
PROPERTY sim/exclude_net 0.647391/49.833469/0.649841/49.834113
PROPERTY sim/exclude_net 0.643734/49.832789/0.645657/49.833291
PROPERTY sim/exclude_net 0.639141/49.830591/0.641910/49.832338
PROPERTY sim/exclude_net 0.641799/49.830258/0.645676/49.832912
PROPERTY sim/exclude_net 0.645467/49.826101/0.649894/49.833542
PROPERTY sim/exclude_net 0.649702/49.824127/0.654403/49.834864
PROPERTY sim/exclude_net 0.654259/49.825262/0.657071/49.835999
PROPERTY sim/exclude_net 0.656840/49.826609/0.660089/49.837223
PROPERTY sim/exclude_net 0.660003/49.827476/0.661663/49.837860
PROPERTY sim/exclude_obj 0.641314/49.832752/0.642138/49.832974
PROPERTY sim/exclude_fac 0.641314/49.832752/0.642138/49.832974
PROPERTY sim/exclude_for 0.641314/49.832752/0.642138/49.832974
PROPERTY sim/exclude_bch 0.641314/49.832752/0.642138/49.832974
PROPERTY sim/exclude_lin 0.641314/49.832752/0.642138/49.832974
PROPERTY sim/exclude_pol 0.641314/49.832752/0.642138/49.832974
PROPERTY sim/exclude_str 0.641314/49.832752/0.642138/49.832974
PROPERTY sim/exclude_obj 0.642039/49.832752/0.643454/49.833204
PROPERTY sim/exclude_fac 0.642039/49.832752/0.643454/49.833204
PROPERTY sim/exclude_for 0.642039/49.832752/0.643454/49.833204
PROPERTY sim/exclude_bch 0.642039/49.832752/0.643454/49.833204
PROPERTY sim/exclude_lin 0.642039/49.832752/0.643454/49.833204
PROPERTY sim/exclude_pol 0.642039/49.832752/0.643454/49.833204
PROPERTY sim/exclude_str 0.642039/49.832752/0.643454/49.833204
PROPERTY sim/exclude_obj 0.639465/49.832207/0.640461/49.832692
PROPERTY sim/exclude_fac 0.639465/49.832207/0.640461/49.832692
PROPERTY sim/exclude_for 0.639465/49.832207/0.640461/49.832692
PROPERTY sim/exclude_bch 0.639465/49.832207/0.640461/49.832692
PROPERTY sim/exclude_lin 0.639465/49.832207/0.640461/49.832692
PROPERTY sim/exclude_pol 0.639465/49.832207/0.640461/49.832692
PROPERTY sim/exclude_str 0.639465/49.832207/0.640461/49.832692
PROPERTY sim/exclude_obj 0.640316/49.832203/0.643460/49.832819
PROPERTY sim/exclude_fac 0.640316/49.832203/0.643460/49.832819
PROPERTY sim/exclude_for 0.640316/49.832203/0.643460/49.832819
PROPERTY sim/exclude_bch 0.640316/49.832203/0.643460/49.832819
PROPERTY sim/exclude_lin 0.640316/49.832203/0.643460/49.832819
PROPERTY sim/exclude_pol 0.640316/49.832203/0.643460/49.832819
PROPERTY sim/exclude_str 0.640316/49.832203/0.643460/49.832819
PROPERTY sim/exclude_obj 0.638824/49.828922/0.644093/49.832302
PROPERTY sim/exclude_fac 0.638824/49.828922/0.644093/49.832302
PROPERTY sim/exclude_for 0.638824/49.828922/0.644093/49.832302
PROPERTY sim/exclude_bch 0.638824/49.828922/0.644093/49.832302
PROPERTY sim/exclude_lin 0.638824/49.828922/0.644093/49.832302
PROPERTY sim/exclude_pol 0.638824/49.828922/0.644093/49.832302
PROPERTY sim/exclude_str 0.638824/49.828922/0.644093/49.832302
PROPERTY sim/exclude_obj 0.643310/49.829734/0.664159/49.839908
PROPERTY sim/exclude_fac 0.643310/49.829734/0.664159/49.839908
PROPERTY sim/exclude_for 0.643310/49.829734/0.664159/49.839908
PROPERTY sim/exclude_bch 0.643310/49.829734/0.664159/49.839908
PROPERTY sim/exclude_lin 0.643310/49.829734/0.664159/49.839908
PROPERTY sim/exclude_pol 0.643310/49.829734/0.664159/49.839908
PROPERTY sim/exclude_str 0.643310/49.829734/0.664159/49.839908
PROPERTY sim/require_agpoint 1/0
PROPERTY sim/require_object 1/0
PROPERTY sim/require_facade 1/4
PROPERTY sim/require_facade 6/0
