PROPERTY sim/west -180
PROPERTY sim/east 180
PROPERTY sim/north 90
PROPERTY sim/south -90
PROPERTY sim/planet earth
PROPERTY sim/creation_agent WorldEditor2.0.0r4
PROPERTY laminar/internal_revision 0
PROPERTY sim/overlay 1
FILTER 0
BEGIN_POLYGON 0 70 2
BEGIN_WINDING
POLYGON_POINT 3.205625764 49.817849043
POLYGON_POINT 3.205749108 49.817930668
POLYGON_POINT 3.205625073 49.818008696
POLYGON_POINT 3.205501729 49.817927071
END_WINDING
END_POLYGON
BEGIN_POLYGON 1 162 4
BEGIN_WINDING
POLYGON_POINT 3.208293970 49.819828080 3.208293970 49.819828080
POLYGON_POINT 3.208320537 49.819766861 3.208320537 49.819766861
POLYGON_POINT 3.208221861 49.819634628 3.208221861 49.819634628
POLYGON_POINT 3.207543377 49.819520805 3.207543377 49.819520805
POLYGON_POINT 3.207292622 49.819531121 3.207110450 49.819521326
POLYGON_POINT 3.206643044 49.819411792 3.206392557 49.819338329
POLYGON_POINT 3.206180383 49.819233880 3.206180383 49.819233880
POLYGON_POINT 3.206180383 49.819233880 3.206104121 49.819203537
POLYGON_POINT 3.206054510 49.819246044 3.206054510 49.819246044
POLYGON_POINT 3.205969087 49.819402292 3.205969087 49.819402292
POLYGON_POINT 3.206001452 49.819436218 3.206001452 49.819436218
POLYGON_POINT 3.205857541 49.819407889 3.205857541 49.819407889
POLYGON_POINT 3.205902281 49.819389315 3.205902281 49.819389315
POLYGON_POINT 3.205944357 49.819299297 3.205944357 49.819299297
POLYGON_POINT 3.205761789 49.819255736 3.205761789 49.819255736
POLYGON_POINT 3.205792866 49.819195327 3.205792866 49.819195327
POLYGON_POINT 3.205215816 49.819072314 3.205215816 49.819072314
POLYGON_POINT 3.205325268 49.818868520 3.205325268 49.818868520
POLYGON_POINT 3.205377144 49.818879250 3.205377144 49.818879250
POLYGON_POINT 3.205321136 49.818982215 3.205321136 49.818982215
POLYGON_POINT 3.205560090 49.819034700 3.205560090 49.819034700
POLYGON_POINT 3.205545774 49.819061018 3.205545774 49.819061018
POLYGON_POINT 3.205336054 49.819015914 3.205336054 49.819015914
POLYGON_POINT 3.205318210 49.819049973 3.205318210 49.819049973
POLYGON_POINT 3.205803849 49.819157178 3.205803849 49.819157178
POLYGON_POINT 3.205837424 49.819093109 3.205837424 49.819093109
POLYGON_POINT 3.206212868 49.819181656 3.206212868 49.819181656
POLYGON_POINT 3.206280029 49.819058379 3.206280029 49.819058379
POLYGON_POINT 3.206346156 49.819072984 3.206346156 49.819072984
POLYGON_POINT 3.206371577 49.819031296 3.206371577 49.819031296
POLYGON_POINT 3.206434329 49.819045156 3.206434329 49.819045156
POLYGON_POINT 3.206408908 49.819086843 3.206408908 49.819086843
POLYGON_POINT 3.206478655 49.819102248 3.206478655 49.819102248
POLYGON_POINT 3.206405436 49.819233591 3.206405436 49.819233591
POLYGON_POINT 3.206240126 49.819197052 3.206240126 49.819197052
POLYGON_POINT 3.206484924 49.819306916 3.206518913 49.819301756
POLYGON_POINT 3.206484924 49.819306916 3.206484924 49.819306916
POLYGON_POINT 3.206484924 49.819306916 3.206528139 49.819300355
POLYGON_POINT 3.206514544 49.819233354 3.206516207 49.819200991
POLYGON_POINT 3.206575899 49.819121197 3.206575899 49.819121197
POLYGON_POINT 3.206626994 49.819134397 3.206626994 49.819134397
POLYGON_POINT 3.206576702 49.819197982 3.206565263 49.819230785
POLYGON_POINT 3.206583881 49.819311554 3.206614386 49.819357479
POLYGON_POINT 3.206669884 49.819382468 3.206669884 49.819382468
POLYGON_POINT 3.206669884 49.819382468 3.206890009 49.819448584
POLYGON_POINT 3.207296218 49.819503670 3.207395359 49.819505310
POLYGON_POINT 3.207422792 49.819495269 3.207422792 49.819495269
POLYGON_POINT 3.207493953 49.819357527 3.207493953 49.819357527
POLYGON_POINT 3.208080648 49.819479179 3.208080648 49.819479179
POLYGON_POINT 3.208166734 49.819443465 3.208166734 49.819443465
POLYGON_POINT 3.208327816 49.819540270 3.208327816 49.819540270
POLYGON_POINT 3.208289263 49.819611053 3.208289263 49.819611053
POLYGON_POINT 3.208299575 49.819653134 3.208299575 49.819653134
POLYGON_POINT 3.208358877 49.819723989 3.208358877 49.819723989
POLYGON_POINT 3.208424768 49.819715487 3.208424768 49.819715487
END_WINDING
END_POLYGON
BEGIN_POLYGON 2 0 2
BEGIN_WINDING
POLYGON_POINT 3.208627760 49.819444735
POLYGON_POINT 3.208527797 49.819577880
POLYGON_POINT 3.208293970 49.819828080
POLYGON_POINT 3.204675301 49.819093109
POLYGON_POINT 3.204511349 49.818164542
POLYGON_POINT 3.204096915 49.818185112
POLYGON_POINT 3.204024063 49.817888323
POLYGON_POINT 3.203149668 49.817944155
POLYGON_POINT 3.202990285 49.816971511
POLYGON_POINT 3.203126907 49.816959757
POLYGON_POINT 3.202903769 49.815364150
POLYGON_POINT 3.202329984 49.814176996
POLYGON_POINT 3.202366415 49.814129980
POLYGON_POINT 3.205101050 49.813915142
POLYGON_POINT 3.206540086 49.814792574
POLYGON_POINT 3.208754758 49.813262864
POLYGON_POINT 3.210009073 49.814017541
POLYGON_POINT 3.208394058 49.815137516
POLYGON_POINT 3.209794613 49.816479940
POLYGON_POINT 3.208887453 49.817403805
POLYGON_POINT 3.209964043 49.818606240
POLYGON_POINT 3.209335565 49.818909493
POLYGON_POINT 3.208815694 49.819291924
END_WINDING
END_POLYGON
FILTER -1
FILTER 0
FILTER -1
FILTER 0
FILTER -1
FILTER 0
FILTER -1
FILTER 0
FILTER -1
FILTER 0
OBJECT 0 3.204482926 49.817631423 140.000000
OBJECT 0 3.204791272 49.817417157 140.000000
OBJECT 0 3.205152327 49.817160379 140.000000
OBJECT 0 3.205476485 49.816935910 140.000000
OBJECT 0 3.206939122 49.815905393 140.000000
OBJECT 0 3.207229012 49.815703031 140.000000
OBJECT 0 3.207550522 49.815476862 140.000000
OBJECT 0 3.207985352 49.815170768 140.000000
OBJECT 0 3.208628367 49.814721830 140.000000
OBJECT 0 3.208976082 49.814475806 140.000000
OBJECT 0 3.209268893 49.814269145 140.000000
OBJECT 0 3.209473249 49.814125467 140.000000
OBJECT 0 3.203461051 49.817026203 140.000000
OBJECT 0 3.203769402 49.816811937 140.000000
OBJECT 0 3.204130463 49.816555158 140.000000
OBJECT 0 3.204454625 49.816330689 140.000000
OBJECT 0 3.205917284 49.815300173 140.000000
OBJECT 0 3.206207178 49.815097811 140.000000
OBJECT 0 3.206528693 49.814871642 140.000000
OBJECT 0 3.206963529 49.814565548 140.000000
OBJECT 0 3.207606554 49.814116610 140.000000
OBJECT 0 3.207954274 49.813870585 140.000000
OBJECT 0 3.208247089 49.813663925 140.000000
OBJECT 0 3.208451448 49.813520246 140.000000
OBJECT 0 3.204177730 49.814307641 40.000000
OBJECT 0 3.204451813 49.814513404 40.000000
OBJECT 0 3.205271426 49.815128993 40.000000
OBJECT 0 3.207771254 49.817000724 40.000000
OBJECT 0 3.206969722 49.816407146 40.000000
OBJECT 0 3.207233040 49.816600856 40.000000
OBJECT 0 3.207528219 49.816820223 40.000000
OBJECT 0 3.208076413 49.817233450 40.000000
OBJECT 0 3.208609882 49.817636281 40.000000
OBJECT 0 3.209578463 49.818364671 40.000000
OBJECT 0 3.209259993 49.818126598 40.000000
OBJECT 0 3.208893202 49.817850263 40.000000
OBJECT 0 3.203124931 49.814891113 40.000000
OBJECT 0 3.203399009 49.815096876 40.000000
OBJECT 0 3.204218609 49.815712465 40.000000
OBJECT 0 3.206718396 49.817584196 40.000000
OBJECT 0 3.205916877 49.816990618 40.000000
OBJECT 0 3.206180191 49.817184328 40.000000
OBJECT 0 3.206475365 49.817403695 40.000000
OBJECT 0 3.207023550 49.817816922 40.000000
OBJECT 0 3.207557011 49.818219753 40.000000
OBJECT 0 3.208525576 49.818948143 40.000000
OBJECT 0 3.208207110 49.818710070 40.000000
OBJECT 0 3.207840326 49.818433735 40.000000
OBJECT 1 3.209791513 49.813897686 50.000000
OBJECT 1 3.204140038 49.817872418 50.000000
OBJECT 1 3.208774820 49.813295268 50.000000
OBJECT 1 3.203123262 49.817270000 50.000000
OBJECT 1 3.203848061 49.814066521 130.000000
OBJECT 1 3.209828344 49.818556569 130.000000
OBJECT 1 3.202800734 49.814647353 130.000000
OBJECT 1 3.208780920 49.819137401 130.000000
OBJECT 2 3.208565011 49.819078766 0.000000
OBJECT 2 3.208504393 49.818978435 0.000000
OBJECT 2 3.209800403 49.814006413 90.000000
OBJECT 2 3.209629637 49.814261491 90.000000
OBJECT 2 3.209360831 49.814449229 0.000000
OBJECT 2 3.209092025 49.814636966 0.000000
OBJECT 2 3.208842193 49.814812460 0.000000
OBJECT 2 3.208630310 49.814963466 0.000000
OBJECT 2 3.208418423 49.815110391 0.000000
OBJECT 2 3.208216025 49.815104270 0.000000
OBJECT 2 3.208333037 49.815345063 0.000000
OBJECT 2 3.208108500 49.815447095 0.000000
OBJECT 2 3.208269787 49.815626670 0.000000
OBJECT 2 3.208057900 49.815738904 0.000000
OBJECT 2 3.208193887 49.815930723 90.000000
OBJECT 2 3.207966189 49.816100095 180.000000
OBJECT 2 3.208127478 49.816295995 270.000000
OBJECT 2 3.207893451 49.816453123 0.000000
OBJECT 2 3.208051577 49.816620455 0.000000
OBJECT 2 3.207823875 49.816736770 90.000000
OBJECT 2 3.208013627 49.816867370 0.000000
OBJECT 2 3.205731685 49.817125306 0.000000
OBJECT 2 3.206000507 49.817335490 0.000000
OBJECT 2 3.206281979 49.817537512 0.000000
OBJECT 2 3.206528663 49.817735453 0.000000
OBJECT 2 3.206867070 49.818004815 0.000000
OBJECT 2 3.206740564 49.818163984 0.000000
OBJECT 2 3.206582431 49.818333356 0.000000
OBJECT 2 3.206436950 49.818517013 0.000000
OBJECT 2 3.206244028 49.818719035 0.000000
OBJECT 2 3.202803248 49.814752057 270.000000
OBJECT 2 3.202872822 49.814958161 315.000000
OBJECT 2 3.203163767 49.815176508 0.000000
OBJECT 2 3.203388300 49.815337717 0.000000
OBJECT 2 3.204533119 49.816217227 0.000000
OBJECT 2 3.204346532 49.816088668 90.000000
OBJECT 2 3.204106183 49.815911133 0.000000
OBJECT 2 3.203853183 49.815719314 0.000000
OBJECT 2 3.203593859 49.815519333 0.000000
OBJECT 2 3.203410435 49.815539739 0.000000
OBJECT 2 3.203619159 49.815688705 0.000000
OBJECT 2 3.203438897 49.815807061 0.000000
OBJECT 2 3.203634968 49.815927458 0.000000
OBJECT 2 3.203464192 49.816064180 0.000000
OBJECT 2 3.203672919 49.816192740 0.000000
OBJECT 2 3.203492655 49.816409046 0.000000
OBJECT 2 3.203717194 49.816506996 0.000000
OBJECT 2 3.203514792 49.816662084 0.000000
OBJECT 2 3.203543255 49.816872268 0.000000
OBJECT 2 3.203736169 49.816774318 0.000000
OBJECT 2 3.204406629 49.817780347 0.000000
OBJECT 2 3.204239010 49.817904825 0.000000
OBJECT 2 3.204735540 49.817959922 0.000000
OBJECT 2 3.204628011 49.818086441 225.000000
OBJECT 2 3.205010689 49.818106847 0.000000
OBJECT 2 3.205032827 49.818290503 0.000000
OBJECT 2 3.205393367 49.818286422 0.000000
OBJECT 2 3.205472433 49.818500688 0.000000
OBJECT 2 3.205788696 49.818492525 0.000000
OBJECT 2 3.205858274 49.818688425 0.000000
BEGIN_POLYGON 3 1 3
BEGIN_WINDING
POLYGON_POINT 3.206684542 49.819201036 0.000000000
POLYGON_POINT 3.206774360 49.819220862 0.000000000
POLYGON_POINT 3.206719791 49.819323777 0.000000000
POLYGON_POINT 3.206629973 49.819303951 9.000000000
END_WINDING
END_POLYGON
BEGIN_POLYGON 4 1 3
BEGIN_WINDING
POLYGON_POINT 3.205432955 49.818881093 7.000000000
POLYGON_POINT 3.205619561 49.818920567 0.000000000
POLYGON_POINT 3.205564172 49.819029570 0.000000000
POLYGON_POINT 3.205377566 49.818990096 0.000000000
END_WINDING
END_POLYGON
BEGIN_POLYGON 5 1 3
BEGIN_WINDING
POLYGON_POINT 3.205183770 49.818822183 8.000000000
POLYGON_POINT 3.205320006 49.818850778 0.000000000
POLYGON_POINT 3.205244371 49.819000792 0.000000000
POLYGON_POINT 3.205108134 49.818972197 0.000000000
END_WINDING
END_POLYGON
BEGIN_POLYGON 4 1 3
BEGIN_WINDING
POLYGON_POINT 3.204841219 49.818752962 7.000000000
POLYGON_POINT 3.205113691 49.818809092 0.000000000
POLYGON_POINT 3.205046286 49.818945305 0.000000000
POLYGON_POINT 3.204773813 49.818889175 0.000000000
END_WINDING
END_POLYGON
BEGIN_POLYGON 3 1 3
BEGIN_WINDING
POLYGON_POINT 3.206805087 49.819169010 7.000000000
POLYGON_POINT 3.207492902 49.819321514 0.000000000
POLYGON_POINT 3.207400119 49.819495713 0.000000000
POLYGON_POINT 3.206712305 49.819343209 0.000000000
END_WINDING
END_POLYGON
BEGIN_POLYGON 4 1 3
BEGIN_WINDING
POLYGON_POINT 3.206284716 49.819064413 7.000000000
POLYGON_POINT 3.206475094 49.819103649 0.000000000
POLYGON_POINT 3.206412896 49.819229279 0.000000000
POLYGON_POINT 3.206222517 49.819190043 0.000000000
END_WINDING
END_POLYGON
BEGIN_POLYGON 5 1 3
BEGIN_WINDING
POLYGON_POINT 3.205676692 49.818934061 8.000000000
POLYGON_POINT 3.205896641 49.818982777 0.000000000
POLYGON_POINT 3.205803849 49.819157178 0.000000000
POLYGON_POINT 3.205583900 49.819108461 0.000000000
END_WINDING
END_POLYGON
OBJECT 3 3.207817184 49.819222100 70.820000
OBJECT 4 3.207834837 49.819192486 159.800003
OBJECT 5 3.207503830 49.819356304 340.489990
OBJECT 6 3.208161112 49.819498267 252.070007
BEGIN_POLYGON 6 1 2
BEGIN_WINDING
POLYGON_POINT 3.208314338 49.819514029
POLYGON_POINT 3.208354058 49.819492388
POLYGON_POINT 3.208433499 49.819544782
POLYGON_POINT 3.208403488 49.819579522
POLYGON_POINT 3.208481163 49.819618248
POLYGON_POINT 3.208627760 49.819444735
POLYGON_POINT 3.208815694 49.819291924
END_WINDING
END_POLYGON
BEGIN_POLYGON 7 1 2
BEGIN_WINDING
POLYGON_POINT 3.208815344 49.819292343
POLYGON_POINT 3.208535311 49.819085682
POLYGON_POINT 3.207984394 49.819256915
POLYGON_POINT 3.207911183 49.819408073
POLYGON_POINT 3.207504859 49.819321866
END_WINDING
END_POLYGON
BEGIN_POLYGON 8 10 3
BEGIN_WINDING
POLYGON_POINT 3.206128929 49.818465423 0.000000000
POLYGON_POINT 3.205951394 49.818335522 0.000000000
POLYGON_POINT 3.206160900 49.818216323 0.000000000
POLYGON_POINT 3.206342545 49.818349230 0.000000000
POLYGON_POINT 3.206133039 49.818468430 0.000000000
END_WINDING
END_POLYGON
OBJECT 7 3.206938592 49.819501097 251.564713
OBJECT 8 3.206717688 49.819470454 73.810509
OBJECT 9 3.206544338 49.819433895 263.649261
OBJECT 10 3.206431874 49.819398359 266.434540
BEGIN_POLYGON 9 1 3
BEGIN_WINDING
POLYGON_POINT 3.208298621 49.819486196 2.000000000
POLYGON_POINT 3.208190965 49.819415715 2.000000000
POLYGON_POINT 3.208528972 49.819212954 2.000000000
POLYGON_POINT 3.208631329 49.819278910 2.000000000
POLYGON_POINT 3.208600215 49.819298757 2.000000000
END_WINDING
END_POLYGON
BEGIN_POLYGON 3 1 2
BEGIN_WINDING
POLYGON_POINT 3.208234176 49.819413229
POLYGON_POINT 3.208323434 49.819355845
POLYGON_POINT 3.208352253 49.819374700
POLYGON_POINT 3.208536031 49.819256548
POLYGON_POINT 3.208627444 49.819316356
POLYGON_POINT 3.208354408 49.819491892
END_WINDING
END_POLYGON
OBJECT 11 3.208185782 49.819688021 69.360504
OBJECT 12 3.206203385 49.818373980 39.805988
OBJECT 13 3.206130537 49.818401501 0.000000
OBJECT 14 3.205824280 49.819327106 90.000000
OBJECT 14 3.205768518 49.819318530 172.875168
OBJECT 14 3.205866542 49.819343828 0.000000
OBJECT 14 3.206087279 49.819384953 108.435425
OBJECT 14 3.206150948 49.819396558 21.370413
OBJECT 14 3.206222825 49.819414473 117.740593
OBJECT 14 3.206307647 49.819429211 25.345922
BEGIN_POLYGON 6 1 3
BEGIN_WINDING
POLYGON_POINT 3.204771116 49.818889142 2.000000000
POLYGON_POINT 3.204719822 49.818880317 0.000000000
POLYGON_POINT 3.204734641 49.818744257 0.000000000
END_WINDING
END_POLYGON
OBJECT 14 3.205674302 49.819300423 304.287354
OBJECT 15 3.205549030 49.819283647 0.000000
OBJECT 15 3.205449758 49.819266872 0.000000
OBJECT 15 3.205364667 49.819251621 0.000000
OBJECT 15 3.205281940 49.819233321 0.000000
OBJECT 15 3.205182668 49.819210445 90.000000
OBJECT 14 3.205076305 49.819187570 247.619553
OBJECT 14 3.205123577 49.819190620 164.054840
OBJECT 14 3.206021303 49.819371634 0.000000
BEGIN_POLYGON 6 1 2
BEGIN_WINDING
POLYGON_POINT 3.205856871 49.819096057
POLYGON_POINT 3.206163196 49.819163769
END_WINDING
END_POLYGON
BEGIN_POLYGON 6 1 2
BEGIN_WINDING
POLYGON_POINT 3.206344722 49.819324813
POLYGON_POINT 3.206285159 49.819427296
POLYGON_POINT 3.206018542 49.819366904
END_WINDING
END_POLYGON
BEGIN_POLYGON 6 1 2
BEGIN_WINDING
POLYGON_POINT 3.208154324 49.819804286
POLYGON_POINT 3.206475195 49.819460237
END_WINDING
END_POLYGON
OBJECT 15 3.208211984 49.819806201 0.000000
OBJECT 15 3.208111856 49.819786079 0.000000
OBJECT 15 3.207717912 49.819703472 90.000000
OBJECT 15 3.207809832 49.819722535 0.000000
OBJECT 15 3.207900111 49.819737362 206.564819
OBJECT 14 3.207972334 49.819768075 194.036102
OBJECT 14 3.208037992 49.819782901 106.699417
FILTER -1
OBJECT_DEF lib/airport/Common_Elements/Markers/Cones/Square_Red_White.obj
OBJECT_DEF lib/airport/Common_Elements/Runway_Markers/Rectangular/White_Red.obj
OBJECT_DEF lib/airport/Common_Elements/Markers/Cones/Square_Yellow.obj
OBJECT_DEF lib/airport/Common_Elements/Fueling_Stations/fuel_station_box_white_avgas100LL.obj
OBJECT_DEF lib/airport/Common_Elements/Fueling_Stations/fuel_station_white_avgas100LL.obj
OBJECT_DEF lib/airport/Common_Elements/Parking_Items/Row_of_Cars_4.agp
OBJECT_DEF lib/airport/Common_Elements/Parking_Items/Row_of_Cars_10.agp
OBJECT_DEF lib/airport/Common_Elements/Vehicles/sailplane_trailer/sailplane_trailer_var14.obj
OBJECT_DEF lib/airport/Common_Elements/Vehicles/sailplane_trailer/sailplane_trailer_var12.obj
OBJECT_DEF lib/airport/Common_Elements/Vehicles/sailplane_trailer/sailplane_trailer_var11.obj
OBJECT_DEF lib/airport/Common_Elements/Vehicles/sailplane_trailer/sailplane_trailer_var10.obj
OBJECT_DEF lib/g10/US/suburban/dT-RnchRHRd.obj
OBJECT_DEF lib/g10/US/industrial/light/GateHut3x3.obj
OBJECT_DEF lib/airport/beacons/beacon_airport_big.obj
OBJECT_DEF lib/g10/forests/autogen_tree1.obj
OBJECT_DEF lib/g10/forests/autogen_tree3.obj
POLYGON_DEF lib/airport/pavement/asphalt_1D.pol
POLYGON_DEF lib/airport/pavement/asphalt_6D.pol
POLYGON_DEF lib/g10/terrain10/apt_tmp_wet.pol
POLYGON_DEF lib/airport/Modern_Airports/Terminal_kit/term_building_Ground_03.fac
POLYGON_DEF lib/airport/Modern_Airports/Terminal_kit/term_building_Ground_02.fac
POLYGON_DEF lib/airport/Modern_Airports/Terminal_kit/term_building_Ground_01.fac
POLYGON_DEF lib/constructions/fencing/fence_Hedge_04.fac
POLYGON_DEF lib/constructions/fencing/fence_Mesh_02.fac
POLYGON_DEF lib/constructions/fencing/fence_Mesh_01.fac
POLYGON_DEF lib/constructions/fencing/fence_HedgeSmall_01.fac
PROPERTY sim/filter/aptid LFOW
PROPERTY sim/exclude_obj 3.200575/49.811470/3.212512/49.821954
PROPERTY sim/exclude_fac 3.200575/49.811470/3.212512/49.821954
PROPERTY sim/exclude_for 3.200575/49.811470/3.212512/49.821954
PROPERTY sim/require_agpoint 1/0
PROPERTY sim/require_object 1/0
PROPERTY sim/require_facade 1/3
PROPERTY sim/require_facade 6/0
