PROPERTY sim/west -180
PROPERTY sim/east 180
PROPERTY sim/north 90
PROPERTY sim/south -90
PROPERTY sim/planet earth
PROPERTY sim/creation_agent WorldEditor1.7.21r1
PROPERTY laminar/internal_revision 0
PROPERTY sim/overlay 1
FILTER 0
BEGIN_POLYGON 0 65535 4
BEGIN_WINDING
POLYGON_POINT 5.094253390 47.269279917 0.876000000 0.001000000
POLYGON_POINT 5.094226280 47.269329837 1.000000000 0.001000000
POLYGON_POINT 5.094150851 47.269311289 1.000000000 0.247000000
POLYGON_POINT 5.094177961 47.269261368 0.876000000 0.247000000
END_WINDING
END_POLYGON
BEGIN_POLYGON 1 134 4
BEGIN_WINDING
POLYGON_POINT 5.075176362 47.277442898 5.075176362 47.277442898
POLYGON_POINT 5.075176362 47.277442898 5.075170097 47.277311130
POLYGON_POINT 5.075281597 47.277149607 5.075281597 47.277149607
POLYGON_POINT 5.083188785 47.271256262 5.083188785 47.271256262
POLYGON_POINT 5.083522794 47.271482685 5.083522794 47.271482685
POLYGON_POINT 5.082357663 47.272396563 5.082357663 47.272396563
POLYGON_POINT 5.082368182 47.272475941 5.082368182 47.272475941
POLYGON_POINT 5.082476625 47.272525444 5.082476625 47.272525444
POLYGON_POINT 5.082963262 47.272609113 5.082963262 47.272609113
POLYGON_POINT 5.083121997 47.272725282 5.083121997 47.272725282
POLYGON_POINT 5.082758549 47.273000148 5.082758549 47.273000148
POLYGON_POINT 5.082718865 47.272998784 5.082718865 47.272998784
POLYGON_POINT 5.082576884 47.272830124 5.082576884 47.272830124
POLYGON_POINT 5.082334614 47.272919446 5.082334614 47.272919446
POLYGON_POINT 5.082177918 47.272719628 5.082177918 47.272719628
POLYGON_POINT 5.082115452 47.272687127 5.082115452 47.272687127
POLYGON_POINT 5.082023586 47.272694165 5.082023586 47.272694165
POLYGON_POINT 5.080575635 47.273718559 5.080575635 47.273718559
POLYGON_POINT 5.080537299 47.273808127 5.080537299 47.273808127
POLYGON_POINT 5.080579096 47.273879187 5.080579096 47.273879187
POLYGON_POINT 5.081033789 47.273983111 5.081033789 47.273983111
POLYGON_POINT 5.081085602 47.274030334 5.081085602 47.274030334
POLYGON_POINT 5.081092887 47.274210033 5.081092887 47.274210033
POLYGON_POINT 5.080892072 47.274406359 5.080892072 47.274406359
POLYGON_POINT 5.080640893 47.274408973 5.080640893 47.274408973
POLYGON_POINT 5.080330378 47.274089352 5.080330378 47.274089352
POLYGON_POINT 5.080219819 47.274031418 5.080219819 47.274031418
POLYGON_POINT 5.080067935 47.274079815 5.080067935 47.274079815
POLYGON_POINT 5.079162387 47.274750333 5.079162387 47.274750333
POLYGON_POINT 5.079203677 47.274842146 5.079203677 47.274842146
POLYGON_POINT 5.079391439 47.274892423 5.079391439 47.274892423
POLYGON_POINT 5.079633053 47.274869974 5.079633053 47.274869974
POLYGON_POINT 5.079670604 47.275040646 5.079670604 47.275040646
POLYGON_POINT 5.079655080 47.275390390 5.079655080 47.275390390
POLYGON_POINT 5.079482635 47.275512239 5.079482635 47.275512239
POLYGON_POINT 5.079313126 47.275387970 5.079313126 47.275387970
POLYGON_POINT 5.079060545 47.275068405 5.079060545 47.275068405
POLYGON_POINT 5.078976422 47.274991822 5.078976422 47.274991822
POLYGON_POINT 5.078850132 47.275010185 5.078850132 47.275010185
POLYGON_POINT 5.077936784 47.275702729 5.077936784 47.275702729
POLYGON_POINT 5.077847147 47.275792225 5.077847147 47.275792225
POLYGON_POINT 5.077844209 47.275897764 5.077844209 47.275897764
POLYGON_POINT 5.077883993 47.275940065 5.077883993 47.275940065
POLYGON_POINT 5.077949813 47.275966338 5.077949813 47.275966338
POLYGON_POINT 5.078473935 47.276063044 5.078473935 47.276063044
POLYGON_POINT 5.078571348 47.276213543 5.078571348 47.276213543
POLYGON_POINT 5.077988338 47.276455752 5.077988338 47.276455752
POLYGON_POINT 5.077761727 47.276532295 5.077761727 47.276532295
POLYGON_POINT 5.077631813 47.276181085 5.077631813 47.276181085
POLYGON_POINT 5.077560234 47.276098812 5.077560234 47.276098812
POLYGON_POINT 5.077412240 47.276126890 5.077412240 47.276126890
POLYGON_POINT 5.076698111 47.276622985 5.076698111 47.276622985
POLYGON_POINT 5.076638508 47.276715869 5.076638508 47.276715869
POLYGON_POINT 5.076671855 47.276757817 5.076671855 47.276757817
POLYGON_POINT 5.077157525 47.276885830 5.077157525 47.276885830
POLYGON_POINT 5.077155486 47.277051543 5.077155486 47.277051543
POLYGON_POINT 5.076785936 47.277315400 5.076785936 47.277315400
POLYGON_POINT 5.076535690 47.277305074 5.076535690 47.277305074
POLYGON_POINT 5.076416293 47.276939006 5.076416293 47.276939006
POLYGON_POINT 5.076390080 47.276950903 5.076390080 47.276950903
POLYGON_POINT 5.076347278 47.276928696 5.076347278 47.276928696
POLYGON_POINT 5.076312029 47.276952611 5.076312029 47.276952611
POLYGON_POINT 5.076291533 47.276944740 5.076291533 47.276944740
POLYGON_POINT 5.075758002 47.277495999 5.075758002 47.277495999
POLYGON_POINT 5.075699993 47.277626371 5.075699993 47.277626371
POLYGON_POINT 5.075714495 47.277746903 5.075714495 47.277746903
POLYGON_POINT 5.075290304 47.277776421 5.075290304 47.277776421
POLYGON_POINT 5.075176362 47.277442898 5.075170097 47.277311130
END_WINDING
BEGIN_WINDING
POLYGON_POINT 5.080363629 47.273428841 5.080363629 47.273428841
POLYGON_POINT 5.080646962 47.273615957 5.080646962 47.273615957
POLYGON_POINT 5.080923783 47.273425661 5.080923783 47.273425661
POLYGON_POINT 5.080639677 47.273236188 5.080639677 47.273236188
END_WINDING
BEGIN_WINDING
POLYGON_POINT 5.080885617 47.273059866 5.080885617 47.273059866
POLYGON_POINT 5.081167901 47.273246593 5.081167901 47.273246593
POLYGON_POINT 5.081446138 47.273055747 5.081446138 47.273055747
POLYGON_POINT 5.081162842 47.272869021 5.081162842 47.272869021
END_WINDING
BEGIN_WINDING
POLYGON_POINT 5.081371412 47.272722892 5.081371412 47.272722892
POLYGON_POINT 5.081653357 47.272910648 5.081653357 47.272910648
POLYGON_POINT 5.081932127 47.272719813 5.081932127 47.272719813
POLYGON_POINT 5.081647822 47.272531027 5.081647822 47.272531027
END_WINDING
END_POLYGON
BEGIN_POLYGON 1 0 2
BEGIN_WINDING
POLYGON_POINT 5.074386380 47.277589058
POLYGON_POINT 5.074525214 47.277305446
POLYGON_POINT 5.074481459 47.277114791
POLYGON_POINT 5.074399508 47.277045825
POLYGON_POINT 5.074394736 47.276855496
POLYGON_POINT 5.074653763 47.276849159
POLYGON_POINT 5.074982443 47.277045797
POLYGON_POINT 5.074776992 47.277208077
POLYGON_POINT 5.074777428 47.277709508
POLYGON_POINT 5.074474503 47.277751532
END_WINDING
END_POLYGON
BEGIN_POLYGON 1 131 2
BEGIN_WINDING
POLYGON_POINT 5.090022359 47.278941959
POLYGON_POINT 5.090055092 47.278969290
POLYGON_POINT 5.090067681 47.279338266
POLYGON_POINT 5.090279182 47.279505671
POLYGON_POINT 5.089728474 47.279834491
POLYGON_POINT 5.089548374 47.279694512
POLYGON_POINT 5.088995837 47.279670787
POLYGON_POINT 5.088959118 47.279645875
END_WINDING
END_POLYGON
BEGIN_POLYGON 1 131 2
BEGIN_WINDING
POLYGON_POINT 5.092946720 47.277186621
POLYGON_POINT 5.092970890 47.277200970
POLYGON_POINT 5.092732204 47.277528948
POLYGON_POINT 5.091529706 47.278240250
POLYGON_POINT 5.091312168 47.278244350
POLYGON_POINT 5.091275912 47.278211552
END_WINDING
END_POLYGON
BEGIN_POLYGON 1 0 2
BEGIN_WINDING
POLYGON_POINT 5.089996850 47.277732269
POLYGON_POINT 5.090187388 47.277614174
POLYGON_POINT 5.090413947 47.277823723
POLYGON_POINT 5.090893239 47.277882342
POLYGON_POINT 5.091043887 47.277873421
POLYGON_POINT 5.091051440 47.277962533
POLYGON_POINT 5.090525019 47.278231925
POLYGON_POINT 5.090000703 47.278220134
POLYGON_POINT 5.090001236 47.278041924
END_WINDING
END_POLYGON
BEGIN_POLYGON 1 139 2
BEGIN_WINDING
POLYGON_POINT 5.071895382 47.277373026
POLYGON_POINT 5.072633247 47.277800835
POLYGON_POINT 5.071559237 47.278646680
POLYGON_POINT 5.070821371 47.278218871
END_WINDING
END_POLYGON
BEGIN_POLYGON 2 50 2
BEGIN_WINDING
POLYGON_POINT 5.072606446 47.277824345
POLYGON_POINT 5.073815491 47.278472888
POLYGON_POINT 5.072943576 47.278888686
POLYGON_POINT 5.071952807 47.278333889
END_WINDING
END_POLYGON
BEGIN_POLYGON 3 223 2
BEGIN_WINDING
POLYGON_POINT 5.081676447 47.271571155
POLYGON_POINT 5.081988621 47.271629235
POLYGON_POINT 5.082026384 47.271646317
POLYGON_POINT 5.081706658 47.271864969
POLYGON_POINT 5.081492668 47.271689023
END_WINDING
END_POLYGON
BEGIN_POLYGON 4 261 2
BEGIN_WINDING
POLYGON_POINT 5.080809255 47.272054945
POLYGON_POINT 5.081261315 47.272108718
POLYGON_POINT 5.081298707 47.272189199
POLYGON_POINT 5.081062944 47.272369025
POLYGON_POINT 5.080847820 47.272345630
POLYGON_POINT 5.080775828 47.272229151
END_WINDING
END_POLYGON
BEGIN_POLYGON 4 20 2
BEGIN_WINDING
POLYGON_POINT 5.078723021 47.273803651
POLYGON_POINT 5.078952722 47.273945337
POLYGON_POINT 5.078561186 47.274193289
POLYGON_POINT 5.078482879 47.273863868
END_WINDING
END_POLYGON
BEGIN_POLYGON 4 265 2
BEGIN_WINDING
POLYGON_POINT 5.076552677 47.275300081
POLYGON_POINT 5.076919378 47.275318448
POLYGON_POINT 5.076988684 47.275355196
POLYGON_POINT 5.076750942 47.275553234
POLYGON_POINT 5.076531404 47.275478945
END_WINDING
END_POLYGON
BEGIN_POLYGON 4 0 2
BEGIN_WINDING
POLYGON_POINT 5.075041055 47.276271439
POLYGON_POINT 5.075275061 47.276039536
POLYGON_POINT 5.075541351 47.276058673
POLYGON_POINT 5.075844219 47.276237992
POLYGON_POINT 5.075543563 47.276491607
POLYGON_POINT 5.075464926 47.276451010
POLYGON_POINT 5.075047432 47.276452112
END_WINDING
END_POLYGON
BEGIN_POLYGON 3 65532 2
BEGIN_WINDING
POLYGON_POINT 5.093455328 47.255670515
POLYGON_POINT 5.093537730 47.255572772
POLYGON_POINT 5.094378414 47.254901932
POLYGON_POINT 5.095869362 47.254971328
POLYGON_POINT 5.096095415 47.255221621
POLYGON_POINT 5.096037038 47.255654557
POLYGON_POINT 5.095992701 47.255653513
POLYGON_POINT 5.095927250 47.255479316
POLYGON_POINT 5.095814934 47.255405822
POLYGON_POINT 5.094351796 47.255351191
POLYGON_POINT 5.094199614 47.255370788
POLYGON_POINT 5.093690682 47.255781848
POLYGON_POINT 5.093682086 47.255814668
POLYGON_POINT 5.093406336 47.255801022
END_WINDING
END_POLYGON
BEGIN_POLYGON 5 65535 4
BEGIN_WINDING
POLYGON_POINT 5.091849941 47.277686124 0.731000000 0.751000000
POLYGON_POINT 5.091833422 47.277672803 0.812500000 0.751000000
POLYGON_POINT 5.091876861 47.277647356 0.812500000 0.999000000
POLYGON_POINT 5.091893945 47.277660673 0.731000000 0.999000000
END_WINDING
END_POLYGON
BEGIN_POLYGON 5 65535 4
BEGIN_WINDING
POLYGON_POINT 5.091870206 47.277702235 0.191900000 0.751000000
POLYGON_POINT 5.091849941 47.277686124 0.273400000 0.751000000
POLYGON_POINT 5.091893945 47.277660673 0.273400000 0.999000000
POLYGON_POINT 5.091914210 47.277676785 0.191900000 0.999000000
END_WINDING
END_POLYGON
BEGIN_POLYGON 5 65535 4
BEGIN_WINDING
POLYGON_POINT 5.094879441 47.255332815 0.543000000 0.751000000
POLYGON_POINT 5.094880815 47.255314730 0.632800000 0.751000000
POLYGON_POINT 5.094934701 47.255316852 0.632800000 0.999000000
POLYGON_POINT 5.094933392 47.255334246 0.543000000 0.999000000
END_WINDING
END_POLYGON
BEGIN_POLYGON 5 65535 4
BEGIN_WINDING
POLYGON_POINT 5.094878364 47.255349942 0.363300000 0.751000000
POLYGON_POINT 5.094879441 47.255332815 0.453100000 0.751000000
POLYGON_POINT 5.094933392 47.255334246 0.453100000 0.999000000
POLYGON_POINT 5.094932314 47.255351373 0.363300000 0.999000000
END_WINDING
END_POLYGON
BEGIN_POLYGON 2 0 2
BEGIN_WINDING
POLYGON_POINT 5.070308500 47.278246963
POLYGON_POINT 5.069967037 47.278464855
POLYGON_POINT 5.069817692 47.278463596
POLYGON_POINT 5.069537425 47.278638992
POLYGON_POINT 5.069439373 47.278584709
POLYGON_POINT 5.069257558 47.278496121
POLYGON_POINT 5.069143109 47.278404141
POLYGON_POINT 5.069088779 47.278198061
POLYGON_POINT 5.069644658 47.277774512
POLYGON_POINT 5.070129162 47.277825305
END_WINDING
END_POLYGON
BEGIN_POLYGON 6 0 2
BEGIN_WINDING
POLYGON_POINT 5.098042255 47.253462959
POLYGON_POINT 5.095278379 47.278537451
POLYGON_POINT 5.094771641 47.279145548
POLYGON_POINT 5.094316213 47.282500185
POLYGON_POINT 5.089623038 47.282513541
POLYGON_POINT 5.086435850 47.283052227
POLYGON_POINT 5.081338496 47.282899899
POLYGON_POINT 5.081527921 47.280373571
POLYGON_POINT 5.084114765 47.280017030
POLYGON_POINT 5.086041923 47.280319861
POLYGON_POINT 5.086918605 47.279867785
POLYGON_POINT 5.084517525 47.274523335
POLYGON_POINT 5.083764965 47.274389206
POLYGON_POINT 5.082499699 47.275041905
POLYGON_POINT 5.081872206 47.274574716
POLYGON_POINT 5.076887930 47.278030546
POLYGON_POINT 5.084114765 47.280017030
POLYGON_POINT 5.081527921 47.280373571
POLYGON_POINT 5.075680983 47.278933333
POLYGON_POINT 5.073340860 47.280584138
POLYGON_POINT 5.068868519 47.278298195
POLYGON_POINT 5.081160660 47.269272138
POLYGON_POINT 5.079136954 47.264992376
POLYGON_POINT 5.080319991 47.261993399
POLYGON_POINT 5.082488013 47.261560326
POLYGON_POINT 5.083421761 47.263828824
POLYGON_POINT 5.088620660 47.262936768
POLYGON_POINT 5.092188099 47.260395886
POLYGON_POINT 5.092828488 47.255633495
POLYGON_POINT 5.094582227 47.254531228
POLYGON_POINT 5.095609236 47.250970421
POLYGON_POINT 5.097704451 47.251029760
POLYGON_POINT 5.097590190 47.252852657
END_WINDING
BEGIN_WINDING
POLYGON_POINT 5.085988325 47.270767540
POLYGON_POINT 5.088982088 47.277843851
POLYGON_POINT 5.089952459 47.277293797
POLYGON_POINT 5.090478970 47.277734985
POLYGON_POINT 5.091548172 47.277045498
POLYGON_POINT 5.092082772 47.275376214
POLYGON_POINT 5.090853191 47.273162599
POLYGON_POINT 5.090211670 47.271348160
POLYGON_POINT 5.089142468 47.270041764
END_WINDING
BEGIN_WINDING
POLYGON_POINT 5.084947542 47.266616800
POLYGON_POINT 5.087298996 47.267204813
POLYGON_POINT 5.091692501 47.263949743
POLYGON_POINT 5.091940023 47.262143705
POLYGON_POINT 5.091069610 47.262059865
POLYGON_POINT 5.088629423 47.263550735
END_WINDING
BEGIN_WINDING
POLYGON_POINT 5.088907885 47.267855827
POLYGON_POINT 5.092466006 47.268653844
POLYGON_POINT 5.093270450 47.268464840
POLYGON_POINT 5.093450930 47.266385796
POLYGON_POINT 5.090671475 47.266322794
END_WINDING
END_POLYGON
FILTER -1
FILTER 0
FILTER -1
FILTER 0
FILTER -1
FILTER 0
FILTER -1
FILTER 0
FILTER -1
FILTER 0
OBJECT 0 5.069357033 47.278275403 0.000000
OBJECT 1 5.079481685 47.271661009 251.559998
OBJECT 1 5.079312101 47.271789125 202.619995
OBJECT 1 5.078978177 47.271577970 200.559998
OBJECT 1 5.079153006 47.271449854 270.000000
OBJECT 1 5.078262116 47.272289169 322.130005
OBJECT 1 5.077960010 47.272526953 135.000000
OBJECT 0 5.069093724 47.278211892 47.489262
OBJECT 0 5.069646583 47.277779706 55.007862
OBJECT 0 5.070135086 47.278347860 224.999573
OBJECT 0 5.070272869 47.278253168 224.999619
OBJECT 0 5.069963305 47.278452265 224.999512
OBJECT 2 5.071835533 47.276809514 135.000000
OBJECT 2 5.071550188 47.277024465 140.199997
OBJECT 2 5.074118868 47.275282445 48.810001
OBJECT 2 5.073842259 47.275494831 48.009998
OBJECT 2 5.076866770 47.273231202 49.400002
OBJECT 2 5.076577357 47.273447638 51.340000
OBJECT 3 5.088313163 47.268667986 86.190002
OBJECT 3 5.089330187 47.268907137 169.380005
OBJECT 3 5.088869505 47.268948134 167.470001
OBJECT 3 5.073365030 47.278751722 204.770004
OBJECT 3 5.080336880 47.272441104 222.880005
OBJECT 3 5.079253158 47.272645132 135.000000
OBJECT 4 5.071515788 47.277560162 0.000000
OBJECT 4 5.072473295 47.278704464 0.000000
OBJECT 4 5.072871456 47.277581216 0.000000
OBJECT 4 5.073718181 47.276681736 0.000000
OBJECT 4 5.073072367 47.276923563 0.000000
BEGIN_POLYGON 7 10 3
BEGIN_WINDING
POLYGON_POINT 5.069257558 47.278496121 0.000000000
POLYGON_POINT 5.069428223 47.278578617 0.000000000
END_WINDING
END_POLYGON
BEGIN_POLYGON 8 10 3
BEGIN_WINDING
POLYGON_POINT 5.069274750 47.278479748 0.000000000
POLYGON_POINT 5.069447602 47.278563276 0.000000000
END_WINDING
END_POLYGON
BEGIN_POLYGON 8 10 3
BEGIN_WINDING
POLYGON_POINT 5.069129234 47.278398771 0.000000000
POLYGON_POINT 5.069075375 47.278189800 0.000000000
POLYGON_POINT 5.069632750 47.277768967 0.000000000
POLYGON_POINT 5.081160660 47.269271295 0.000000000
POLYGON_POINT 5.079136954 47.264992376 0.000000000
POLYGON_POINT 5.080319991 47.261993399 0.000000000
POLYGON_POINT 5.082488013 47.261560326 0.000000000
POLYGON_POINT 5.083421761 47.263828824 0.000000000
POLYGON_POINT 5.088620660 47.262936768 0.000000000
POLYGON_POINT 5.092188099 47.260395886 0.000000000
POLYGON_POINT 5.092828488 47.255633495 0.000000000
POLYGON_POINT 5.094582227 47.254531228 0.000000000
POLYGON_POINT 5.095609236 47.250970421 0.000000000
POLYGON_POINT 5.097704451 47.251029760 0.000000000
POLYGON_POINT 5.097590190 47.252852657 0.000000000
POLYGON_POINT 5.098042255 47.253462959 0.000000000
POLYGON_POINT 5.094316213 47.282500185 0.000000000
POLYGON_POINT 5.089623038 47.282513541 0.000000000
POLYGON_POINT 5.086435850 47.283052227 0.000000000
POLYGON_POINT 5.081338496 47.282899899 0.000000000
POLYGON_POINT 5.081527921 47.280373571 0.000000000
POLYGON_POINT 5.075680983 47.278933333 0.000000000
POLYGON_POINT 5.073340860 47.280584138 0.000000000
POLYGON_POINT 5.069604895 47.278637316 0.000000000
END_WINDING
END_POLYGON
BEGIN_POLYGON 7 10 3
BEGIN_WINDING
POLYGON_POINT 5.069110525 47.278413906 0.000000000
POLYGON_POINT 5.069047006 47.278186946 0.000000000
POLYGON_POINT 5.069613587 47.277758129 0.000000000
POLYGON_POINT 5.081073329 47.269257730 0.000000000
POLYGON_POINT 5.079031554 47.264998351 0.000000000
POLYGON_POINT 5.080253790 47.261954807 0.000000000
POLYGON_POINT 5.082550168 47.261498351 0.000000000
POLYGON_POINT 5.083493805 47.263754947 0.000000000
POLYGON_POINT 5.088569058 47.262885626 0.000000000
POLYGON_POINT 5.092098371 47.260370673 0.000000000
POLYGON_POINT 5.092754581 47.255612107 0.000000000
POLYGON_POINT 5.094505741 47.254500959 0.000000000
POLYGON_POINT 5.095552572 47.250916399 0.000000000
POLYGON_POINT 5.097783620 47.250979862 0.000000000
POLYGON_POINT 5.097667305 47.252843036 0.000000000
POLYGON_POINT 5.098116855 47.253448946 0.000000000
POLYGON_POINT 5.094375397 47.282544874 0.000000000
POLYGON_POINT 5.089634493 47.282558120 0.000000000
POLYGON_POINT 5.086447342 47.283100839 0.000000000
POLYGON_POINT 5.081266433 47.282932584 0.000000000
POLYGON_POINT 5.081439340 47.280420122 0.000000000
POLYGON_POINT 5.075692378 47.278974065 0.000000000
POLYGON_POINT 5.073345143 47.280637942 0.000000000
POLYGON_POINT 5.069578208 47.278655819 0.000000000
END_WINDING
END_POLYGON
OBJECT 5 5.071173015 47.278849201 0.000000
OBJECT 6 5.088360416 47.268877671 0.000000
OBJECT 6 5.088291188 47.268877671 0.000000
OBJECT 6 5.088437337 47.268919431 0.000000
OBJECT 6 5.087829662 47.268637551 0.000000
OBJECT 6 5.087929659 47.268705411 0.000000
OBJECT 6 5.089721918 47.269081251 44.997368
OBJECT 6 5.089883452 47.269049931 0.000000
OBJECT 6 5.089952681 47.269112571 90.000000
OBJECT 6 5.091060343 47.268851571 0.000000
OBJECT 6 5.091168033 47.268851571 0.000000
OBJECT 6 5.091375719 47.268799371 0.000000
OBJECT 6 5.091375719 47.268903771 0.000000
OBJECT 6 5.091260338 47.268914211 0.000000
OBJECT 6 5.091344951 47.268971631 0.000000
OBJECT 6 5.091139686 47.268935383 0.000000
OBJECT 6 5.090980198 47.268902911 0.000000
OBJECT 6 5.087945625 47.268803288 90.000000
OBJECT 6 5.087797940 47.268696800 38.656921
OBJECT 6 5.088600980 47.268264584 180.000000
OBJECT 6 5.088517907 47.268264584 90.000000
OBJECT 6 5.088517907 47.268189416 0.000000
OBJECT 6 5.088167153 47.268095456 90.000000
OBJECT 6 5.088185614 47.268145568 0.000000
OBJECT 6 5.088093311 47.268120512 0.000000
OBJECT 6 5.088019468 47.268383600 180.000000
OBJECT 6 5.087936395 47.268333488 0.000000
OBJECT 6 5.088056389 47.268289640 44.997261
OBJECT 6 5.088130232 47.268352280 180.000000
OBJECT 6 5.088130232 47.268408656 0.000000
OBJECT 6 5.088037929 47.268465032 0.000000
OBJECT 6 5.087927164 47.268427448 0.000000
OBJECT 5 5.071095463 47.278879268 90.000000
OBJECT 5 5.071017912 47.278804100 0.000000
OBJECT 5 5.070862809 47.278766516 0.000000
OBJECT 5 5.070729864 47.278668797 26.563215
OBJECT 5 5.070763100 47.278623697 270.000000
OBJECT 5 5.070541525 47.278510945 0.000000
OBJECT 5 5.070364265 47.278405709 44.997849
OBJECT 7 5.071250566 47.278894302 0.000000
OBJECT 7 5.071106542 47.278796583 44.997635
OBJECT 7 5.070940361 47.278706381 71.563660
OBJECT 7 5.070818494 47.278638730 0.000000
OBJECT 7 5.070663392 47.278556045 0.000000
OBJECT 7 5.070441816 47.278450810 0.000000
OBJECT 7 5.070275635 47.278330541 51.338131
OBJECT 7 5.082537024 47.282751370 0.000000
OBJECT 7 5.082326451 47.282647458 0.000000
OBJECT 7 5.082135021 47.282491589 0.000000
OBJECT 7 5.081847876 47.282465611 44.993996
OBJECT 7 5.081981877 47.282348710 0.000000
OBJECT 7 5.081771304 47.282140885 26.560389
OBJECT 7 5.081962734 47.281959039 0.000000
OBJECT 7 5.081733018 47.281855127 53.124653
OBJECT 7 5.081962734 47.281608335 0.000000
OBJECT 5 5.082728454 47.282738381 71.561356
OBJECT 5 5.082364737 47.282686425 90.000000
OBJECT 5 5.082288165 47.282452622 63.430149
OBJECT 5 5.082039306 47.282387677 0.000000
OBJECT 5 5.081886162 47.282205831 0.000000
OBJECT 5 5.081886162 47.281998006 0.000000
OBJECT 5 5.081924448 47.281751214 0.000000
OBJECT 5 5.081847876 47.281465456 0.000000
OBJECT 5 5.089882098 47.277429234 116.566414
OBJECT 5 5.089815626 47.277481852 0.000000
OBJECT 5 5.089726996 47.277534469 90.000000
OBJECT 5 5.089693760 47.277609637 0.000000
OBJECT 5 5.089594051 47.278038095 0.000000
OBJECT 5 5.089549736 47.278090713 0.000000
OBJECT 5 5.089527579 47.278173397 165.964752
OBJECT 5 5.089527579 47.278248565 0.000000
OBJECT 5 5.076781216 47.277603424 0.000000
OBJECT 5 5.076661002 47.277606445 90.000000
OBJECT 5 5.076598668 47.277606445 0.000000
OBJECT 5 5.076527430 47.277588320 0.000000
OBJECT 5 5.077590609 47.276906548 180.000000
OBJECT 5 5.077590609 47.276958748 0.000000
OBJECT 5 5.077590609 47.277023998 0.000000
OBJECT 5 5.077564964 47.277076198 0.000000
OBJECT 5 5.078167624 47.276697748 0.000000
OBJECT 5 5.078045810 47.276758648 0.000000
OBJECT 5 5.077943229 47.276789098 0.000000
OBJECT 5 5.079154961 47.275714648 0.000000
OBJECT 5 5.079084437 47.275653748 33.689297
OBJECT 5 5.079026736 47.275588498 0.000000
OBJECT 5 5.078853631 47.275958248 0.000000
OBJECT 5 5.078904921 47.276023498 0.000000
OBJECT 5 5.078930567 47.276093098 0.000000
OBJECT 5 5.083193594 47.273094548 90.000000
OBJECT 5 5.083139741 47.273141528 0.000000
OBJECT 5 5.083101275 47.273214608 0.000000
OBJECT 5 5.083262834 47.272442048 0.000000
OBJECT 5 5.083332073 47.272478588 0.000000
OBJECT 5 5.083362846 47.272520348 0.000000
OBJECT 5 5.083409006 47.272572548 0.000000
OBJECT 5 5.082731997 47.273094548 146.310318
OBJECT 5 5.082662758 47.273136308 180.000000
OBJECT 5 5.082601212 47.273178068 180.000000
OBJECT 5 5.082501199 47.273188508 0.000000
OBJECT 5 5.081547232 47.274049809 0.000000
OBJECT 5 5.081539539 47.274138549 180.000000
OBJECT 5 5.081531846 47.274190749 0.000000
OBJECT 5 5.080870224 47.274707529 0.000000
OBJECT 5 5.080785598 47.274744069 0.000000
OBJECT 5 5.080677892 47.274728409 0.000000
OBJECT 5 5.073284240 47.275415227 0.000000
OBJECT 5 5.073124713 47.275545117 0.000000
OBJECT 5 5.072933282 47.275653359 90.000000
OBJECT 5 5.072869471 47.275707480 0.000000
OBJECT 5 5.074509102 47.274497064 0.000000
OBJECT 5 5.074442633 47.274572232 180.000000
OBJECT 5 5.074342928 47.274624849 90.000000
OBJECT 5 5.074254302 47.274707534 0.000000
OBJECT 5 5.074198911 47.274775185 0.000000
OBJECT 5 5.079539371 47.270781765 0.000000
OBJECT 5 5.079367089 47.270937634 180.000000
OBJECT 5 5.079481944 47.270833721 0.000000
OBJECT 5 5.079309662 47.270976601 0.000000
OBJECT 5 5.078494732 47.271542887 0.000000
OBJECT 5 5.078450420 47.271580471 0.000000
OBJECT 5 5.078383952 47.271618055 0.000000
OBJECT 5 5.078295328 47.271700739 0.000000
OBJECT 5 5.078239938 47.271753357 0.000000
OBJECT 5 5.077276152 47.272474970 0.000000
OBJECT 5 5.077198606 47.272527588 0.000000
OBJECT 5 5.077143216 47.272602756 180.000000
OBJECT 5 5.077054592 47.272655373 0.000000
OBJECT 5 5.083443788 47.272021256 0.000000
OBJECT 5 5.083395931 47.272205267 180.000000
OBJECT 5 5.081942512 47.274264119 0.000000
OBJECT 5 5.081822496 47.274214007 0.000000
OBJECT 5 5.081314740 47.274658751 153.435974
OBJECT 5 5.081157798 47.274752711 0.000000
OBJECT 5 5.080973159 47.274840407 180.000000
OBJECT 5 5.080705433 47.275084703 150.256424
OBJECT 5 5.080289997 47.274752711 90.000000
OBJECT 5 5.080336156 47.274903047 198.434097
OBJECT 5 5.079052918 47.276312447 146.311935
OBJECT 5 5.078997527 47.276450255 168.690933
OBJECT 5 5.078665177 47.276700815 0.000000
OBJECT 5 5.078572858 47.276782247 0.000000
OBJECT 5 5.077335780 47.277352272 0.000000
OBJECT 5 5.077234229 47.277433704 0.000000
OBJECT 5 5.076227949 47.277465024 0.000000
OBJECT 8 5.077517847 47.273430350 143.747330
OBJECT 8 5.080542802 47.272240144 262.146484
OBJECT 8 5.079570532 47.271848309 140.195694
OBJECT 8 5.080271407 47.271590692 135.000671
OBJECT 9 5.075796673 47.274221032 49.084820
OBJECT 9 5.077151599 47.272819621 50.582333
OBJECT 10 5.076868488 47.273233707 318.649994
OBJECT 10 5.074130014 47.275282750 318.649994
OBJECT 10 5.075366992 47.274242240 318.649994
OBJECT 10 5.076578964 47.273444387 138.339996
OBJECT 10 5.073840479 47.275493431 138.339996
OBJECT 10 5.075077462 47.274452920 138.339996
OBJECT 11 5.079293231 47.271786815 138.710007
OBJECT 11 5.078963857 47.271573288 138.710007
OBJECT 11 5.081010844 47.270344127 47.290001
OBJECT 11 5.088429336 47.268698663 73.239998
OBJECT 10 5.077990466 47.272521978 139.399994
OBJECT 10 5.071858579 47.276813797 136.470001
OBJECT 10 5.071570772 47.277027811 137.589996
OBJECT 10 5.071286130 47.277247304 138.619995
OBJECT 12 5.071675202 47.278654201 143.427368
OBJECT 13 5.070788885 47.278166506 39.804821
OBJECT 14 5.071474568 47.277654746 22.380041
OBJECT 14 5.070871546 47.278148846 56.309563
OBJECT 10 5.069376833 47.277994919 318.764496
OBJECT 10 5.069652453 47.277779661 318.731750
OBJECT 10 5.069961661 47.278453463 134.281479
OBJECT 10 5.069909534 47.278064202 319.375824
OBJECT 10 5.069629196 47.278269571 139.751282
OBJECT 10 5.069635161 47.278279688 320.247498
OBJECT 10 5.069351841 47.278491127 139.885666
OBJECT 15 5.077867309 47.273185239 231.841797
OBJECT 15 5.078492014 47.271992192 228.989960
OBJECT 15 5.079004879 47.272292342 228.365341
OBJECT 15 5.079620154 47.271276850 228.918121
OBJECT 8 5.073739484 47.276280803 59.742718
OBJECT 8 5.074713359 47.275102740 26.564516
OBJECT 8 5.074906290 47.275198400 23.961954
OBJECT 8 5.074546399 47.275784945 144.463303
OBJECT 8 5.076970794 47.273761927 48.813385
OBJECT 8 5.075943092 47.274499514 339.775848
OBJECT 16 5.072422394 47.278487084 141.970001
OBJECT 17 5.072853842 47.278676491 139.639999
OBJECT 18 5.072644851 47.278583471 140.679993
OBJECT 19 5.091279110 47.268684155 162.470001
OBJECT 20 5.071506610 47.277907488 229.240005
OBJECT 21 5.073110402 47.278561163 294.149994
OBJECT 16 5.080076245 47.271683994 44.999733
OBJECT 22 5.081625069 47.272702810 225.707092
OBJECT 19 5.074526111 47.277063665 3.433542
OBJECT 19 5.076674760 47.277137311 175.914490
OBJECT 19 5.075386408 47.276221480 354.644257
OBJECT 19 5.082832892 47.272807632 308.928131
OBJECT 19 5.080754860 47.274272730 181.684631
OBJECT 19 5.078720789 47.274024452 21.037315
OBJECT 19 5.090280874 47.278135906 89.105202
OBJECT 19 5.081172060 47.272188574 85.515335
OBJECT 19 5.079366974 47.274984994 277.386200
OBJECT 19 5.078272297 47.276216545 292.340973
OBJECT 23 5.078496317 47.273874781 6.146594
OBJECT 24 5.076556875 47.275308702 0.000000
OBJECT 24 5.078728560 47.273820274 0.000000
OBJECT 24 5.080827740 47.272078764 0.000000
OBJECT 24 5.081517165 47.271694134 0.000000
OBJECT 24 5.082337171 47.272910063 0.000000
OBJECT 24 5.082966974 47.272617487 0.000000
OBJECT 24 5.081062024 47.274207707 0.000000
OBJECT 24 5.080657489 47.274398649 0.000000
OBJECT 24 5.079624608 47.274886152 0.000000
OBJECT 24 5.079485773 47.275496092 0.000000
OBJECT 24 5.078476967 47.276079189 0.000000
OBJECT 24 5.077781444 47.276508414 0.000000
OBJECT 24 5.077122500 47.276901123 0.000000
OBJECT 24 5.076788576 47.277299873 0.000000
OBJECT 24 5.074655218 47.276876110 0.000000
OBJECT 24 5.075529511 47.276081014 0.000000
OBJECT 24 5.075058919 47.276272827 0.000000
OBJECT 24 5.072270184 47.278481098 0.000000
OBJECT 24 5.072685032 47.278701367 0.000000
OBJECT 24 5.072478897 47.278587736 0.000000
OBJECT 24 5.071069445 47.278129716 0.000000
OBJECT 24 5.071634175 47.277664571 0.000000
OBJECT 24 5.071343009 47.277900574 0.000000
OBJECT 24 5.072854785 47.278804529 0.000000
OBJECT 24 5.073261397 47.278719000 0.000000
OBJECT 24 5.089994311 47.279438908 90.000000
OBJECT 24 5.090181385 47.277627870 0.000000
OBJECT 24 5.090015867 47.278211604 0.000000
OBJECT 23 5.090016044 47.277752296 0.000000
OBJECT 23 5.090284880 47.278142429 357.598083
OBJECT 23 5.080544953 47.271278669 231.841888
OBJECT 23 5.081338449 47.270663017 139.236420
OBJECT 23 5.080799046 47.272237398 19.093195
OBJECT 23 5.081683251 47.271583894 76.908058
OBJECT 23 5.082589178 47.272835639 29.744671
OBJECT 23 5.082829230 47.272800231 221.760071
OBJECT 23 5.081051579 47.274023810 224.999893
OBJECT 23 5.080761860 47.274275980 92.489555
OBJECT 23 5.079654133 47.275040158 357.797424
OBJECT 23 5.079310254 47.275372866 212.275467
OBJECT 23 5.078515744 47.276225938 295.974487
OBJECT 23 5.077972047 47.276449834 117.349922
OBJECT 23 5.077088643 47.277085246 135.000214
OBJECT 23 5.076684248 47.277137448 76.865868
OBJECT 23 5.074528018 47.277736337 288.886261
OBJECT 23 5.074510711 47.277061710 271.636597
OBJECT 23 5.076620712 47.275506715 242.700241
OBJECT 23 5.075138647 47.276443684 273.652283
OBJECT 23 5.075364397 47.276215149 267.436218
OBJECT 25 5.072756070 47.277334922 320.559998
OBJECT 25 5.072693126 47.277300758 320.559998
OBJECT 25 5.072625985 47.277263746 320.559998
OBJECT 25 5.072560943 47.277228158 320.559998
OBJECT 25 5.072493803 47.277186876 320.559998
OBJECT 25 5.072432957 47.277148442 320.559998
OBJECT 25 5.072370013 47.277117124 320.559998
OBJECT 25 5.072307069 47.277082960 320.559998
OBJECT 26 5.072581279 47.277360045 229.449997
OBJECT 27 5.072387407 47.277260968 51.070000
OBJECT 27 5.072314391 47.277216554 49.180000
OBJECT 27 5.072213679 47.277167016 51.150002
OBJECT 28 5.071865202 47.278532690 50.709999
OBJECT 29 5.071976623 47.278438523 51.110001
OBJECT 23 5.070854347 47.278207302 49.759998
OBJECT 30 5.072118624 47.277128927 323.390015
OBJECT 31 5.072407625 47.277375345 52.119999
OBJECT 32 5.089680760 47.279740597 218.660004
OBJECT 33 5.082283973 47.282277677 353.660004
OBJECT 34 5.082675565 47.281378986 0.000000
OBJECT 34 5.082563766 47.281368737 0.000000
OBJECT 34 5.082651393 47.281682366 90.000000
OBJECT 34 5.082539593 47.281674167 0.000000
OBJECT 34 5.082626514 47.281985237 174.529999
OBJECT 34 5.082494380 47.281967048 0.000000
OBJECT 34 5.083606746 47.282448148 0.000000
OBJECT 33 5.082382057 47.282284408 357.140015
OBJECT 33 5.082334735 47.282280137 353.660004
OBJECT 35 5.073232267 47.278735438 127.690002
OBJECT 35 5.073199887 47.278748482 116.570000
OBJECT 36 5.085237382 47.264586790 13.891525
OBJECT 37 5.074355020 47.274871391 141.580139
OBJECT 38 5.073604492 47.276173526 311.633850
OBJECT 38 5.073632320 47.276192407 306.027679
OBJECT 39 5.076767574 47.273630824 311.186279
OBJECT 38 5.076724289 47.273620335 323.972961
OBJECT 39 5.073498140 47.276111395 220.600815
OBJECT 39 5.073541942 47.276139365 224.999496
OBJECT 27 5.073640128 47.276248087 52.593723
OBJECT 27 5.076796501 47.273760075 46.467831
OBJECT 27 5.076711170 47.273719797 44.999050
OBJECT 27 5.076633258 47.273671967 40.600384
OBJECT 27 5.075976573 47.274130127 53.529648
OBJECT 27 5.075946893 47.274193061 43.601616
OBJECT 27 5.075920922 47.274079780 47.601425
OBJECT 27 5.075854141 47.274135162 48.011620
OBJECT 24 5.076883977 47.273672621 270.000000
OBJECT 24 5.076815270 47.273640571 0.000000
OBJECT 24 5.076641564 47.275186176 0.000000
OBJECT 24 5.076878095 47.274988668 0.000000
OBJECT 24 5.076901910 47.274964078 0.000000
OBJECT 24 5.076916407 47.274947217 0.000000
OBJECT 23 5.076919513 47.274913495 232.650421
OBJECT 40 5.071284970 47.277510272 47.488670
OBJECT 41 5.069373670 47.278002937 141.340347
OBJECT 41 5.069353787 47.278498656 56.309544
OBJECT 41 5.069896818 47.278065323 48.366276
OBJECT 41 5.069624682 47.278276088 42.273392
OBJECT 42 5.070594172 47.277536848 48.619999
OBJECT 43 5.071894658 47.277012711 317.730011
OBJECT 44 5.075765999 47.274594723 228.529999
OBJECT 44 5.077314022 47.273549281 228.529999
OBJECT 45 5.088531994 47.268796081 73.980003
OBJECT 45 5.089642151 47.268920781 40.430000
OBJECT 46 5.089774213 47.268595298 41.849998
OBJECT 46 5.089852250 47.268787473 311.880005
OBJECT 47 5.089855911 47.279522283 221.139999
OBJECT 48 5.072851929 47.276319404 47.119999
OBJECT 49 5.074309461 47.275485308 48.139999
OBJECT 45 5.079148528 47.271575724 317.730011
OBJECT 45 5.079479279 47.271774652 317.730011
OBJECT 46 5.078179284 47.272462190 138.660004
OBJECT 50 5.069457315 47.278579020 320.193665
OBJECT 50 5.069572550 47.278637384 320.193665
OBJECT 50 5.069247711 47.278478453 321.362427
OBJECT 50 5.069134881 47.278419077 320.193665
OBJECT 51 5.079261581 47.275544937 132.559998
OBJECT 51 5.081281981 47.274115023 272.100006
OBJECT 51 5.083191547 47.272582637 311.709991
OBJECT 51 5.082536719 47.272989640 209.350006
OBJECT 51 5.080764162 47.274542910 180.990005
OBJECT 51 5.089966651 47.277579002 42.930000
OBJECT 51 5.089811219 47.278132807 89.889999
OBJECT 51 5.089811219 47.278132807 89.889999
OBJECT 51 5.079844216 47.274929526 278.669983
OBJECT 51 5.078699474 47.276089484 292.619995
OBJECT 51 5.077955986 47.276615510 208.309998
OBJECT 51 5.077352187 47.276969282 269.250000
OBJECT 51 5.076652085 47.277444276 177.440002
OBJECT 51 5.074519852 47.276723752 1.090000
OBJECT 51 5.081451599 47.271538559 43.689999
OBJECT 51 5.080615777 47.272127895 83.040001
OBJECT 51 5.078550682 47.273712485 19.959999
OBJECT 51 5.076357710 47.275378984 85.500000
OBJECT 51 5.075426229 47.275924306 353.730011
OBJECT 51 5.074857745 47.276366092 91.139999
OBJECT 51 5.074251555 47.277719002 111.089996
OBJECT 52 5.079674059 47.270946775 49.020000
OBJECT 52 5.078652970 47.271703381 49.020000
OBJECT 52 5.077465228 47.272585805 49.020000
OBJECT 52 5.074643858 47.274680020 49.020000
OBJECT 52 5.073335782 47.275653237 49.020000
OBJECT 52 5.079503277 47.271076789 49.020000
OBJECT 52 5.078482186 47.271833395 49.020000
OBJECT 52 5.077294441 47.272715819 49.020000
OBJECT 52 5.074473064 47.274810034 49.020000
OBJECT 52 5.073164985 47.275783251 49.020000
OBJECT 53 5.080407633 47.271031199 137.619995
OBJECT 54 5.082720933 47.281438187 84.139999
OBJECT 54 5.082683340 47.281735729 84.139999
OBJECT 54 5.082652013 47.282041772 84.139999
OBJECT 55 5.083635681 47.282509338 356.190002
OBJECT 56 5.071077978 47.278344500 320.309998
OBJECT 55 5.081258956 47.269145758 198.433685
OBJECT 55 5.073328937 47.280385360 233.968277
OBJECT 55 5.081451789 47.282848278 85.600540
OBJECT 55 5.082271175 47.261746841 110.557823
OBJECT 55 5.091254341 47.261998934 90.000000
OBJECT 55 5.095753907 47.251175259 80.537003
OBJECT 55 5.094022393 47.282386175 90.000000
OBJECT 57 5.082406699 47.272592648 63.430000
OBJECT 57 5.082460819 47.272636718 180.000000
OBJECT 57 5.082807190 47.272724859 243.429993
OBJECT 57 5.082634005 47.272680789 90.000000
OBJECT 57 5.082395875 47.272658754 90.000000
OBJECT 57 5.082298458 47.272629373 90.000000
OBJECT 57 5.081984559 47.272519198 77.470001
OBJECT 57 5.082017032 47.272453093 261.869995
OBJECT 57 5.082060328 47.272342917 315.000000
OBJECT 57 5.082233513 47.272166636 308.660004
OBJECT 57 5.082352578 47.272034426 315.000000
OBJECT 57 5.082569060 47.271938940 284.040009
OBJECT 57 5.082828838 47.271858145 291.250000
OBJECT 57 5.083023672 47.271733280 311.640015
OBJECT 57 5.083489108 47.271336648 270.000000
OBJECT 57 5.083402515 47.271410098 140.199997
OBJECT 57 5.083272626 47.271446823 135.000000
OBJECT 57 5.083186033 47.271505584 135.000000
OBJECT 57 5.083153561 47.271542309 90.000000
OBJECT 57 5.082893783 47.271696554 0.000000
OBJECT 57 5.082958728 47.271615759 333.440002
OBJECT 57 5.083045320 47.271520274 0.000000
OBJECT 57 5.083142737 47.271623104 0.000000
OBJECT 57 5.090837285 47.278000153 135.000000
OBJECT 57 5.090787166 47.278004404 135.000000
OBJECT 57 5.090273450 47.278038409 116.570000
OBJECT 57 5.090267185 47.277995903 0.000000
OBJECT 57 5.090217067 47.277779122 18.430000
OBJECT 57 5.090273450 47.277808876 213.690002
OBJECT 57 5.090348628 47.277859884 213.690002
OBJECT 57 5.090436336 47.277932144 208.610001
OBJECT 57 5.090699459 47.277983151 251.559998
OBJECT 57 5.090592957 47.277978900 63.430000
OBJECT 57 5.090480190 47.278004404 111.800003
OBJECT 57 5.090430071 47.278000153 90.000000
OBJECT 57 5.090430071 47.278000153 0.000000
OBJECT 57 5.090379952 47.277970399 45.000000
OBJECT 57 5.090336098 47.277944895 90.000000
OBJECT 57 5.090273450 47.277957647 0.000000
OBJECT 57 5.090235861 47.277974650 104.040001
OBJECT 57 5.090229596 47.277974650 0.000000
OBJECT 57 5.089655672 47.279077614 99.459999
OBJECT 57 5.089634020 47.279224515 111.040001
OBJECT 57 5.089428325 47.279334690 107.529999
OBJECT 57 5.089330891 47.279430176 123.690002
OBJECT 57 5.089309239 47.279540351 90.000000
OBJECT 57 5.089439151 47.279540351 63.430000
OBJECT 57 5.089623194 47.279488936 0.000000
OBJECT 57 5.083497502 47.282493997 116.570000
OBJECT 57 5.083151055 47.282325062 86.190002
OBJECT 57 5.083248493 47.282538067 94.760002
OBJECT 57 5.082956179 47.282354442 59.029999
OBJECT 57 5.082912873 47.282185506 51.840000
OBJECT 57 5.083010311 47.282038605 56.310001
OBJECT 57 5.083205187 47.281480383 15.250000
OBJECT 57 5.083129402 47.281274722 69.440002
OBJECT 57 5.083010311 47.281260032 95.709999
OBJECT 57 5.082750476 47.281311447 113.199997
OBJECT 57 5.082598905 47.281326137 104.040001
OBJECT 57 5.082620558 47.281399588 81.870003
OBJECT 57 5.082642211 47.281517108 97.129997
OBJECT 57 5.082880393 47.281612594 105.949997
OBJECT 57 5.082912873 47.281664009 71.559998
OBJECT 57 5.083140229 47.281781529 123.690002
OBJECT 57 5.083107749 47.281869670 96.339996
OBJECT 57 5.082912873 47.281818254 90.000000
OBJECT 57 5.082728823 47.281825599 96.339996
OBJECT 57 5.082577252 47.281781529 104.040001
OBJECT 57 5.082566426 47.281862325 116.570000
OBJECT 57 5.083248493 47.282442582 153.440002
OBJECT 57 5.083107749 47.282464617 82.400002
OBJECT 57 5.082869567 47.282376477 81.870003
OBJECT 57 5.082945352 47.282317717 67.379997
OBJECT 57 5.082999485 47.282383822 67.379997
OBJECT 57 5.081797022 47.270766246 95.709999
OBJECT 57 5.081591270 47.270943937 75.959999
OBJECT 57 5.081217176 47.271045474 72.650002
OBJECT 57 5.081142357 47.271147012 63.430000
OBJECT 57 5.080768262 47.271235858 57.259998
OBJECT 57 5.082718684 47.272815835 68.199997
OBJECT 57 5.082812210 47.272784105 0.000000
OBJECT 57 5.082671921 47.272646606 52.430000
OBJECT 57 5.082328993 47.272604298 66.800003
OBJECT 57 5.082328993 47.272710067 61.389999
OBJECT 57 5.080411714 47.273492753 90.000000
OBJECT 57 5.080536415 47.273450446 56.310001
OBJECT 57 5.081081982 47.273122564 45.000000
OBJECT 57 5.081206683 47.273016795 68.199997
OBJECT 57 5.081502849 47.272762951 53.130001
OBJECT 57 5.081596374 47.272699490 63.430000
OBJECT 57 5.082064004 47.272371608 0.000000
OBJECT 57 5.076321740 47.276582406 52.430000
OBJECT 57 5.079026111 47.274571352 52.430000
OBJECT 57 5.076668361 47.276356109 21.799999
OBJECT 57 5.079389834 47.274333373 21.799999
OBJECT 57 5.076891188 47.276029235 30.260000
OBJECT 57 5.079623656 47.273989625 30.260000
OBJECT 57 5.077448256 47.275693980 84.809998
OBJECT 57 5.080208210 47.273637064 84.809998
OBJECT 57 5.077448256 47.275987328 90.000000
OBJECT 57 5.080208210 47.273945555 90.000000
OBJECT 57 5.080688843 47.274333373 63.430000
OBJECT 57 5.077609187 47.276138193 60.250000
OBJECT 57 5.080377081 47.274104208 60.250000
OBJECT 57 5.080909675 47.274077765 0.000000
OBJECT 57 5.080727814 47.274139464 70.709999
OBJECT 57 5.080701833 47.274236418 55.490002
OBJECT 57 5.077584428 47.276154956 61.389999
OBJECT 57 5.080351101 47.274121836 61.389999
OBJECT 57 5.080558942 47.274016067 51.340000
OBJECT 57 5.078275138 47.276160367 97.129997
OBJECT 57 5.078290173 47.276216475 95.190002
OBJECT 57 5.077756422 47.276124662 79.820000
OBJECT 57 5.077824080 47.276206274 90.000000
OBJECT 57 5.077711316 47.275640094 41.180000
OBJECT 57 5.077944362 47.275466670 53.130001
OBJECT 57 5.078162373 47.275211634 26.559999
OBJECT 57 5.078485632 47.275028008 28.299999
OBJECT 57 5.076150553 47.276939041 20.559999
OBJECT 57 5.078846478 47.274946397 20.559999
OBJECT 57 5.076394134 47.276866286 14.040000
OBJECT 57 5.079102077 47.274869886 14.040000
OBJECT 57 5.076530253 47.276987545 68.199997
OBJECT 57 5.079244912 47.274997404 68.199997
OBJECT 57 5.078507221 47.273264291 83.419998
OBJECT 57 5.078148696 47.273348906 81.029999
OBJECT 57 5.077946051 47.273518135 77.470001
OBJECT 57 5.077821347 47.273676788 74.480003
OBJECT 57 5.077587526 47.273782557 59.040001
OBJECT 57 5.077805759 47.273951786 63.430000
OBJECT 57 5.077727819 47.273761403 65.220001
OBJECT 57 5.075716107 47.275462386 20.559999
OBJECT 57 5.076279935 47.274960815 91.970001
OBJECT 57 5.075929108 47.275024574 98.129997
OBJECT 57 5.075709842 47.275194598 85.599998
OBJECT 57 5.075446722 47.275373123 76.260002
OBJECT 57 5.075283838 47.275483639 69.680000
OBJECT 57 5.075089630 47.275538896 68.959999
OBJECT 57 5.074958070 47.275776930 68.750000
OBJECT 57 5.074124857 47.276474028 105.949997
OBJECT 57 5.074231358 47.276367763 42.880001
OBJECT 57 5.074444360 47.276189238 30.260000
OBJECT 57 5.074588449 47.276087223 11.310000
OBJECT 57 5.074757598 47.275925701 45.000000
OBJECT 57 5.076254876 47.276176486 92.489998
OBJECT 57 5.076436554 47.275985209 48.180000
OBJECT 57 5.076593173 47.275806684 68.199997
OBJECT 57 5.076944000 47.275530395 45.000000
OBJECT 57 5.077106884 47.275407128 56.310001
OBJECT 57 5.076881352 47.275428381 93.269997
OBJECT 57 5.076699674 47.275445383 78.690002
OBJECT 57 5.076781116 47.275398627 60.250000
OBJECT 57 5.076831234 47.275394376 78.690002
OBJECT 57 5.075240924 47.276404365 90.000000
OBJECT 57 5.075541636 47.276242843 71.559998
OBJECT 57 5.075366220 47.276191836 79.690002
OBJECT 57 5.075303572 47.276251344 90.000000
OBJECT 57 5.075322366 47.276327855 94.089996
OBJECT 57 5.075372485 47.276293850 65.220001
OBJECT 57 5.074669833 47.277406262 115.349998
OBJECT 57 5.074619714 47.277487023 117.900002
OBJECT 57 5.074550800 47.277576285 115.639999
OBJECT 57 5.074651038 47.277227737 48.580002
OBJECT 57 5.074619714 47.277044961 47.860001
OBJECT 57 5.074644773 47.276993954 50.709999
OBJECT 57 5.074625979 47.277040710 51.009998
OBJECT 57 5.074713687 47.277393510 98.430000
OBJECT 57 5.074638508 47.277516777 118.070000
OBJECT 57 5.074557065 47.277601789 123.690002
OBJECT 57 5.074582124 47.277614541 117.410004
OBJECT 57 5.073423116 47.278481662 122.470001
OBJECT 57 5.073322877 47.278430655 109.440002
OBJECT 57 5.073066016 47.278298887 101.839996
OBJECT 57 5.072990837 47.278230877 111.570000
OBJECT 57 5.072646267 47.278031099 110.559998
OBJECT 57 5.072489644 47.277958839 118.070000
OBJECT 57 5.072464585 47.278026849 123.690002
OBJECT 57 5.072558558 47.278175620 124.589996
OBJECT 57 5.073022162 47.278294636 121.830002
OBJECT 57 5.073134930 47.278405152 118.010002
OBJECT 57 5.073040956 47.278553923 117.980003
OBJECT 57 5.072940718 47.278536920 121.830002
OBJECT 57 5.072765300 47.278464660 110.410004
OBJECT 57 5.072671327 47.278371147 105.070000
OBJECT 57 5.072589883 47.278328641 115.199997
OBJECT 57 5.072358081 47.278290386 120.120003
OBJECT 57 5.072057366 47.277699553 218.449997
OBJECT 57 5.072107485 47.277848324 217.690002
OBJECT 57 5.071869418 47.278090608 210.649994
OBJECT 57 5.071919538 47.278226627 221.490005
OBJECT 57 5.071593762 47.278383899 215.539993
OBJECT 57 5.071098834 47.278243629 229.399994
OBJECT 57 5.071267987 47.278213875 252.179993
OBJECT 57 5.072138809 47.278022598 262.179993
OBJECT 57 5.072138809 47.277614541 243.429993
OBJECT 57 5.072063630 47.277669799 226.729996
OBJECT 57 5.071944597 47.277818569 222.139999
OBJECT 57 5.071731590 47.277924834 210.259995
OBJECT 57 5.071499789 47.277997094 221.490005
OBJECT 57 5.071531113 47.278150116 221.009995
OBJECT 57 5.071524848 47.278286135 217.690002
OBJECT 57 5.071562438 47.278324390 235.619995
OBJECT 57 5.071649033 47.278485403 231.039993
OBJECT 57 5.075608348 47.277051968 323.130005
OBJECT 57 5.076224790 47.276664314 315.549988
OBJECT 57 5.076999101 47.276164444 321.839996
OBJECT 57 5.075420408 47.277444723 327.529999
OBJECT 57 5.075931604 47.276975457 328.670013
OBJECT 57 5.076585634 47.276485789 319.399994
OBJECT 57 5.077367462 47.275843099 322.170013
OBJECT 57 5.078051563 47.275358531 319.399994
OBJECT 57 5.079494939 47.275026984 249.139999
OBJECT 57 5.076718375 47.276981720 276.339996
OBJECT 57 5.079442316 47.274991279 276.339996
OBJECT 57 5.076517780 47.277001122 217.869995
OBJECT 57 5.079231824 47.275011682 217.869995
OBJECT 57 5.079374658 47.275215710 205.020004
OBJECT 57 5.079442316 47.275241214 218.050003
OBJECT 57 5.076585634 47.277148882 188.839996
OBJECT 57 5.076743503 47.277153983 226.119995
OBJECT 57 5.076886337 47.276929551 246.800003
OBJECT 57 5.077970071 47.276263624 226.169998
OBJECT 57 5.077874358 47.276363986 193.669998
OBJECT 57 5.077900461 47.276142600 233.369995
OBJECT 57 5.078117991 47.276210492 253.460007
OBJECT 57 5.078091887 47.276266576 226.470001
OBJECT 57 5.077817800 47.276378745 167.399994
OBJECT 57 5.076561189 47.276848573 230.830002
OBJECT 57 5.076775095 47.276991244 225.000000
OBJECT 57 5.076804099 47.277033061 174.169998
OBJECT 57 5.076691708 47.277077338 161.220001
OBJECT 57 5.076655453 47.277151133 157.380005
OBJECT 58 5.081330983 47.270834755 39.698822
OBJECT 59 5.089426237 47.268673774 103.890015
OBJECT 15 5.080099364 47.271549564 228.691116
FILTER -1
OBJECT_DEF lib/airport/Common_Elements/Lighting/Ovrhd_Flood_Small.obj
OBJECT_DEF lib/airport/Common_Elements/Lighting/Ovrhd_Flood_Med.obj
OBJECT_DEF lib/airport/Common_Elements/Lighting/Opposing_Flood_Sm.obj
OBJECT_DEF lib/airport/Common_Elements/Lighting/Dir_Ramp_Lit_Short.obj
OBJECT_DEF lib/airport/landscape/apron_light.obj
OBJECT_DEF lib/g10/forests/autogen_tree3.obj
OBJECT_DEF lib/g10/forests/autogen_tree2.obj
OBJECT_DEF lib/g10/forests/autogen_tree4.obj
OBJECT_DEF lib/cars/car.obj
OBJECT_DEF lib/cars/car_or_truck_static.obj
OBJECT_DEF lib/airport/Common_Elements/Parking_Items/Row_of_Cars_10.agp
OBJECT_DEF lib/airport/Common_Elements/Parking_Items/Row_of_Cars_6.agp
OBJECT_DEF lib/airport/Common_Elements/vehicles/Fuel_Truck_Large.obj
OBJECT_DEF lib/airport/Ramp_Equipment/Tow_Tractor_2.obj
OBJECT_DEF lib/airport/Ramp_Equipment/Tow_Tractor_1.obj
OBJECT_DEF lib/airport/Common_Elements/Parking_Items/Row_of_Cars_4.agp
OBJECT_DEF lib/airport/aircraft/airliners/prop_a.obj
OBJECT_DEF lib/airport/aircraft/airliners/turboprop_a.obj
OBJECT_DEF lib/airport/aircraft/cargo/turboprop_b.obj
OBJECT_DEF lib/airport/aircraft/military/fighter_a.obj
OBJECT_DEF lib/airport/aircraft/cargo/turboprop_c.obj
OBJECT_DEF lib/airport/aircraft/airliners/turboprop_b_lpv.obj
OBJECT_DEF lib/airport/aircraft/military/helo_a.obj
OBJECT_DEF lib/airport/Ramp_Equipment/Stair_Maint_1.obj
OBJECT_DEF lib/airport/Common_Elements/Miscellaneous/Stack_of_Cones.obj
OBJECT_DEF lib/airport/Common_Elements/Barriers/concrete/red_white_stripe_6m.obj
OBJECT_DEF lib/airport/Ramp_Equipment/Cargo_Pod_Lot.agp
OBJECT_DEF lib/airport/Ramp_Equipment/Cargo_Container_6.obj
OBJECT_DEF lib/airport/Common_Elements/Fueling_Stations/2_horiz_tanks.agp
OBJECT_DEF lib/airport/Common_Elements/Fueling_Stations/Covered_Station.agp
OBJECT_DEF lib/airport/Ramp_Equipment/Belt_Loader.obj
OBJECT_DEF lib/airport/Ramp_Equipment/Cargo_Loader_1.obj
OBJECT_DEF lib/airport/Common_Elements/vehicles/Fuel_Truck_Small.obj
OBJECT_DEF lib/industrial_area/storage_tanks/oiltank_m13_1.obj
OBJECT_DEF lib/g10/US/industrial/light/OilDrums.obj
OBJECT_DEF lib/airport/Ramp_Equipment/Cargo_Container_1.obj
OBJECT_DEF lib/airport/landscape/radar.obj
OBJECT_DEF lib/g10/US/industrial/light/SandBunker.obj
OBJECT_DEF lib/airport/Ramp_Equipment/Cargo_Palette_2.obj
OBJECT_DEF lib/airport/Ramp_Equipment/Cargo_Palette_1.obj
OBJECT_DEF lib/airport/Ramp_Equipment/Lugg_Cart_Group.obj
OBJECT_DEF lib/airport/Common_Elements/Lighting/Omni_Parking_Lit.obj
OBJECT_DEF lib/airport/Common_Elements/Misc_Buildings/Med_Office_1.agp
OBJECT_DEF lib/g10/US/industrial/light/Fact30x108B.obj
OBJECT_DEF lib/g10/US/industrial/light/Factory60x30.obj
OBJECT_DEF lib/g10/US/industrial/light/FactA15x22.obj
OBJECT_DEF lib/g10/US/industrial/light/FactB10x30D.obj
OBJECT_DEF lib/airport/Common_Elements/Misc_Buildings/Fire_Station_Lg.agp
OBJECT_DEF lib/airport/Common_Elements/Misc_Buildings/Small_Office_1.agp
OBJECT_DEF lib/airport/Common_Elements/Misc_Buildings/Small_Office_2.agp
OBJECT_DEF lib/g10/US/industrial/light/GateHut3x3.obj
OBJECT_DEF lib/airport/European_Airports/hangars/25x20x5.obj
OBJECT_DEF lib/airport/Common_Elements/Hangars/Long_Row_Green.agp
OBJECT_DEF lib/airport/Vintage_Airports/Hangars/Lg_Open_Ends.obj
OBJECT_DEF lib/g10/US/industrial/light/TinShed10x30Dk.obj
OBJECT_DEF lib/g10/US/industrial/light/WoodShed8x10.obj
OBJECT_DEF lib/airport/Common_Elements/Hangars/Med_Blue_Hangar.agp
OBJECT_DEF lib/airport/Common_Elements/Parking/Grunge1_Lg.obj
OBJECT_DEF lib/airport/aircraft/military/jet_b.obj
OBJECT_DEF lib/airport/Classic_Airports/Control_Towers/Classic_Tower_3.agp
POLYGON_DEF lib/airport/markings/DrapedDirSigns.pol
POLYGON_DEF lib/airport/pavement/concrete_5D.pol
POLYGON_DEF lib/airport/pavement/asphalt_1D.pol
POLYGON_DEF lib/airport/pavement/concrete_3D.pol
POLYGON_DEF lib/airport/pavement/concrete_2D.pol
POLYGON_DEF lib/airport/markings/DrapedRwySigns.pol
POLYGON_DEF lib/g10/terrain10/apt_hot_wet.pol
POLYGON_DEF lib/constructions/fencing/fence_MeshHigh_01.fac
POLYGON_DEF lib/constructions/fencing/fence_Wall-2m_02.fac
PROPERTY sim/filter/aptid LFSD
PROPERTY sim/exclude_obj 5.071756/47.276684/5.073407/47.278037
PROPERTY sim/exclude_net 5.071756/47.276684/5.073407/47.278037
PROPERTY sim/exclude_obj 5.078726/47.262201/5.084031/47.269667
PROPERTY sim/exclude_net 5.078726/47.262201/5.084031/47.269667
PROPERTY sim/exclude_obj 5.070311/47.277719/5.081247/47.282109
PROPERTY sim/exclude_net 5.070311/47.277719/5.081247/47.282109
PROPERTY sim/exclude_obj 5.080456/47.277656/5.096744/47.283783
PROPERTY sim/exclude_net 5.080456/47.277656/5.096744/47.283783
PROPERTY sim/exclude_obj 5.071718/47.275354/5.072429/47.276672
PROPERTY sim/exclude_net 5.071718/47.275354/5.072429/47.276672
PROPERTY sim/exclude_obj 5.071063/47.276538/5.071781/47.277214
PROPERTY sim/exclude_net 5.071063/47.276538/5.071781/47.277214
PROPERTY sim/exclude_obj 5.070546/47.277012/5.071422/47.277680
PROPERTY sim/exclude_net 5.070546/47.277012/5.071422/47.277680
PROPERTY sim/exclude_obj 5.070150/47.277315/5.071173/47.278386
PROPERTY sim/exclude_net 5.070150/47.277315/5.071173/47.278386
PROPERTY sim/exclude_obj 5.074513/47.273680/5.075224/47.274560
PROPERTY sim/exclude_net 5.074513/47.273680/5.075224/47.274560
PROPERTY sim/exclude_obj 5.073654/47.273976/5.074510/47.275162
PROPERTY sim/exclude_net 5.073654/47.273976/5.074510/47.275162
PROPERTY sim/exclude_obj 5.072997/47.274493/5.073799/47.275630
PROPERTY sim/exclude_net 5.072997/47.274493/5.073799/47.275630
PROPERTY sim/exclude_obj 5.072377/47.274861/5.073088/47.276176
PROPERTY sim/exclude_net 5.072377/47.274861/5.073088/47.276176
PROPERTY sim/exclude_obj 5.094527/47.250869/5.097914/47.254856
PROPERTY sim/exclude_net 5.094527/47.250869/5.097914/47.254856
PROPERTY sim/require_agpoint 1/0
PROPERTY sim/require_object 1/0
PROPERTY sim/require_facade 1/7
PROPERTY sim/require_facade 6/0
