PROPERTY sim/west -180
PROPERTY sim/east 180
PROPERTY sim/north 90
PROPERTY sim/south -90
PROPERTY sim/planet earth
PROPERTY sim/creation_agent WorldEditor1.6.0r1
PROPERTY laminar/internal_revision 0
PROPERTY sim/overlay 1
FILTER 0
FILTER -1
FILTER 0
FILTER -1
FILTER 0
FILTER -1
FILTER 0
FILTER -1
FILTER 0
FILTER -1
FILTER 0
OBJECT 0 25.213012797 47.360606121 190.783737
OBJECT 0 25.213099167 47.360776170 175.601547
OBJECT 0 25.213064312 47.360578203 44.998501
OBJECT 0 25.212909767 47.360571224 102.529442
OBJECT 0 25.212878858 47.360647997 198.434021
OBJECT 0 25.213043706 47.360682895 247.379028
OBJECT 0 25.213212500 47.360727314 212.003937
OBJECT 0 25.212975531 47.360727314 101.310555
OBJECT 0 25.212851895 47.360741273 270.000000
OBJECT 0 25.213047652 47.360734293 270.000000
OBJECT 0 25.221274652 47.363017424 343.301361
OBJECT 0 25.221220987 47.362968956 167.471649
OBJECT 0 25.221179248 47.363053775 180.000000
OBJECT 0 25.220284879 47.364334146 187.124756
OBJECT 0 25.220320657 47.364423004 180.000000
OBJECT 0 25.220344508 47.364528019 68.197807
OBJECT 0 25.220159658 47.364491668 74.054016
OBJECT 0 25.218823968 47.364584565 0.000000
OBJECT 0 25.220207361 47.364015063 146.310730
OBJECT 0 25.220088103 47.364015063 90.000000
OBJECT 0 25.220004623 47.363978712 44.999161
OBJECT 0 25.219819773 47.363918126 74.054176
OBJECT 0 25.219772069 47.363970634 156.038132
OBJECT 0 25.219748218 47.364023141 156.802032
OBJECT 0 25.219581256 47.364099882 138.367355
OBJECT 0 25.219384481 47.364233170 141.341141
OBJECT 0 25.219974808 47.364414926 135.001083
OBJECT 0 25.219939031 47.364447238 90.000000
OBJECT 0 25.219873439 47.364435121 78.689651
OBJECT 0 25.219664737 47.364390692 71.564415
OBJECT 0 25.219515665 47.364386653 63.434101
OBJECT 0 25.219402369 47.364330107 55.007011
OBJECT 0 25.219289074 47.364293756 0.000000
OBJECT 0 25.219318889 47.364253365 326.310852
OBJECT 0 25.219271185 47.364200858 116.565819
OBJECT 0 25.219157890 47.364180663 90.000000
OBJECT 0 25.219002855 47.364188741 187.124786
OBJECT 0 25.218961114 47.364257404 270.000000
OBJECT 0 25.219056521 47.364212975 315.000977
OBJECT 0 25.219062484 47.364152390 44.999065
OBJECT 0 25.218955152 47.364156429 164.055099
OBJECT 0 25.218937263 47.364196819 180.000000
OBJECT 0 25.218871671 47.364249326 108.435539
OBJECT 0 25.216265872 47.365372175 270.000000
OBJECT 0 25.216325501 47.365364097 270.000000
OBJECT 0 25.216474574 47.365234848 0.000000
OBJECT 0 25.216456686 47.365255043 180.000000
OBJECT 0 25.216498426 47.365303511 270.000000
OBJECT 0 25.217553869 47.364463395 248.197723
OBJECT 0 25.217571758 47.364435121 315.001221
OBJECT 0 25.217637350 47.364269521 194.035706
OBJECT 0 25.217619461 47.364305873 149.037262
OBJECT 0 25.218680852 47.363914087 164.055099
OBJECT 0 25.218603335 47.363934282 104.036697
OBJECT 0 25.218454263 47.363986790 129.806549
OBJECT 0 25.218221711 47.364099882 270.000000
OBJECT 0 25.218430412 47.364035258 299.055481
OBJECT 0 25.218555632 47.363934282 333.435730
OBJECT 0 25.218639112 47.363853502 270.000000
OBJECT 0 25.218704704 47.363906009 170.537979
OBJECT 0 25.218657001 47.363982751 146.310837
OBJECT 0 25.218549669 47.363970634 77.904839
OBJECT 0 25.218394635 47.363974673 94.398857
OBJECT 0 25.218382709 47.364011024 191.309540
OBJECT 0 25.218376746 47.364079687 161.565674
OBJECT 0 25.217458469 47.363845424 296.566010
OBJECT 0 25.217547912 47.363768683 329.037292
OBJECT 0 25.217667168 47.363643473 324.463379
OBJECT 0 25.217822201 47.363542497 315.001038
OBJECT 0 25.217941457 47.363441522 326.310852
OBJECT 0 25.218048788 47.363356702 315.000946
OBJECT 0 25.218197858 47.363304195 270.000000
OBJECT 0 25.217714874 47.362237893 198.434464
OBJECT 0 25.217762576 47.362278283 213.689301
OBJECT 0 25.217279596 47.362355024 228.813202
OBJECT 0 25.217380962 47.362371180 257.470825
OBJECT 0 25.217655247 47.362395415 252.896774
OBJECT 0 25.217768538 47.362480234 211.606659
OBJECT 0 25.217744688 47.362480234 90.000000
OBJECT 0 25.217613508 47.362447922 68.197952
OBJECT 0 25.217506179 47.362367141 33.689255
OBJECT 0 25.217351149 47.362326751 75.963348
OBJECT 0 25.217237857 47.362322712 90.000000
OBJECT 0 25.218461201 47.361595015 180.000000
OBJECT 0 25.218272383 47.361611844 83.659676
OBJECT 0 25.218182943 47.361497405 26.564608
OBJECT 0 25.218361823 47.361473844 258.231506
OBJECT 0 25.218346917 47.361581551 169.695358
OBJECT 0 25.213712201 47.364419509 180.000000
OBJECT 0 25.213712201 47.364453168 0.000000
OBJECT 0 25.213294795 47.365183558 0.000000
OBJECT 0 25.213274919 47.365159997 270.000000
OBJECT 0 25.213458776 47.365227314 206.563980
OBJECT 0 25.213488591 47.365244143 270.000000
OBJECT 0 25.213925873 47.365190290 0.000000
OBJECT 0 25.214129607 47.364853704 206.564148
OBJECT 0 25.214159422 47.364887363 270.000000
OBJECT 0 25.213379270 47.364533948 33.689182
OBJECT 0 25.213294795 47.364375753 40.600433
OBJECT 0 25.213125845 47.364335363 126.870712
OBJECT 0 25.213185475 47.364432973 219.092972
OBJECT 0 25.213443869 47.364530582 224.999039
OBJECT 0 25.213433931 47.364682046 145.305817
OBJECT 0 25.213334548 47.364776290 153.435822
OBJECT 0 25.213334548 47.364931119 175.601471
OBJECT 0 25.213160629 47.365005168 104.036812
OBJECT 0 25.213170567 47.364974875 336.802277
OBJECT 0 25.213115907 47.364772924 21.036781
OBJECT 0 25.212986710 47.364638290 21.800711
OBJECT 0 25.212937019 47.364466631 4.398564
OBJECT 0 25.212912173 47.364362290 352.875183
OBJECT 0 25.213066216 47.364335363 264.289246
OBJECT 0 25.213140753 47.364348826 257.005005
OBJECT 0 25.213404116 47.364399314 248.961899
OBJECT 0 25.213374301 47.364449802 161.565598
OBJECT 0 25.213433931 47.364618095 203.197861
OBJECT 0 25.213374301 47.364796485 138.367554
OBJECT 0 25.213299764 47.364708973 21.036806
OBJECT 0 25.213294795 47.364530582 0.000000
OBJECT 0 25.213160629 47.364409412 67.619240
OBJECT 0 25.213026463 47.364446436 139.399612
OBJECT 0 25.213021494 47.364523851 234.461426
OBJECT 0 25.213200382 47.364540680 257.904846
OBJECT 0 25.213463745 47.364584436 240.944565
OBJECT 0 25.213528344 47.364678680 168.690460
OBJECT 0 25.213274919 47.364587802 59.348465
OBJECT 0 25.213061247 47.364624826 131.186920
OBJECT 0 25.213115907 47.364655119 264.805389
OBJECT 0 25.213235166 47.364648387 264.289215
OBJECT 0 25.213493560 47.364739265 234.781403
OBJECT 0 25.213438900 47.364759460 96.340431
OBJECT 0 25.213175536 47.364772924 191.309509
OBJECT 0 25.213314672 47.364799851 262.405060
OBJECT 0 25.213409085 47.364850338 218.658707
OBJECT 0 25.213543251 47.364910924 251.564346
OBJECT 0 25.213756923 47.364971509 263.156952
OBJECT 0 25.213737047 47.364944582 116.565994
OBJECT 0 25.213662510 47.365025363 143.973785
OBJECT 0 25.213583004 47.365035460 90.000000
OBJECT 0 25.213513437 47.365015265 54.461170
OBJECT 0 25.213448838 47.364941216 21.800596
OBJECT 0 25.213324610 47.364944582 100.305260
OBJECT 0 25.213195413 47.364917655 61.698269
OBJECT 0 25.213205351 47.364809948 342.897888
OBJECT 0 25.213264981 47.364719070 329.037170
OBJECT 0 25.213423992 47.364655119 288.435577
OBJECT 0 25.213583004 47.364591168 321.341156
OBJECT 0 25.213617788 47.364510387 0.000000
OBJECT 0 25.213602881 47.364463265 18.434397
OBJECT 0 25.213518406 47.364412778 69.443367
OBJECT 0 25.213364363 47.364362290 68.961906
OBJECT 0 25.213304734 47.364308436 0.000000
OBJECT 0 25.213578031 47.364217558 254.475418
OBJECT 0 25.212827698 47.364210826 0.000000
OBJECT 0 25.212728316 47.364153607 55.490654
OBJECT 0 25.212330788 47.364059363 100.008263
OBJECT 0 25.212102210 47.364059363 118.073174
OBJECT 0 25.212072395 47.364136778 188.129852
OBJECT 0 25.212216499 47.364193997 239.035446
OBJECT 0 25.212390417 47.364288241 226.846664
OBJECT 0 25.212618996 47.364385851 238.239624
OBJECT 0 25.212792914 47.364416143 315.001038
OBJECT 0 25.212832667 47.364338729 0.000000
OBJECT 0 25.212827698 47.364227656 20.555439
OBJECT 0 25.212698501 47.364153607 70.345619
OBJECT 0 25.212489799 47.364103119 71.564537
OBJECT 0 25.212375510 47.364079558 97.125221
OBJECT 0 25.212156870 47.364059363 92.726387
OBJECT 0 25.212196622 47.364130046 211.428787
OBJECT 0 25.212281097 47.364163704 254.054138
OBJECT 0 25.212380479 47.364156973 258.689728
OBJECT 0 25.212529552 47.364237753 232.124115
OBJECT 0 25.212658748 47.364325265 224.999023
OBJECT 0 25.212768068 47.364426241 249.443283
OBJECT 0 25.212797883 47.364352192 0.000000
OBJECT 0 25.212807821 47.364244485 344.055084
OBJECT 0 25.212743223 47.364180534 59.035454
OBJECT 0 25.212748192 47.364247851 193.240097
OBJECT 0 25.212683594 47.364362290 110.556702
OBJECT 0 25.212584212 47.364342095 59.035378
OBJECT 0 25.212559366 47.364237753 0.000000
OBJECT 0 25.212474892 47.364156973 99.462608
OBJECT 0 25.212390417 47.364143509 108.435471
OBJECT 0 25.212365572 47.364214192 156.802078
OBJECT 0 25.212206561 47.364156973 57.528008
OBJECT 0 25.212251282 47.364082924 326.310699
OBJECT 0 25.210566759 47.365059021 167.905807
OBJECT 0 25.212132024 47.365096046 206.563934
OBJECT 0 25.211749404 47.364591168 180.000000
OBJECT 0 25.211848786 47.364682046 224.998825
OBJECT 0 25.211684806 47.364873899 0.000000
OBJECT 0 25.208633766 47.365254241 341.565857
OBJECT 0 25.208673519 47.365186924 0.000000
OBJECT 0 25.208762963 47.365032094 0.000000
OBJECT 0 25.209428830 47.364665216 90.000000
OBJECT 0 25.209329448 47.364665216 90.000000
OBJECT 0 25.207828793 47.364153607 0.000000
OBJECT 0 25.208126935 47.364271412 270.000000
OBJECT 0 25.207287167 47.364022339 44.998882
OBJECT 0 25.207242446 47.363968485 29.053679
OBJECT 0 25.207197724 47.363971851 180.000000
OBJECT 0 25.207108281 47.364002143 116.565941
OBJECT 0 25.206228761 47.363783363 7.124773
OBJECT 0 25.206263544 47.363699217 326.310791
OBJECT 0 25.206333111 47.363699217 254.744400
OBJECT 0 25.206511996 47.363679022 238.391663
OBJECT 0 25.206531873 47.363742973 0.000000
OBJECT 0 25.206671006 47.363783363 206.564255
OBJECT 0 25.206725665 47.363759802 279.462646
OBJECT 0 25.206844922 47.363769900 270.000000
OBJECT 0 25.207138096 47.364140143 90.000000
OBJECT 0 25.207098343 47.364062729 30.962749
OBJECT 0 25.206944303 47.364039168 77.734756
OBJECT 0 25.206979086 47.364096387 208.299789
OBJECT 0 25.207023808 47.364136778 216.868759
OBJECT 0 25.206924427 47.364160339 103.241051
OBJECT 0 25.206750510 47.364163704 138.815262
OBJECT 0 25.206795232 47.364210826 245.555130
OBJECT 0 25.206854860 47.364210826 270.000000
OBJECT 0 25.207113250 47.364220924 277.594971
OBJECT 0 25.207153003 47.364163704 341.565765
OBJECT 0 25.207222569 47.364123314 270.000000
OBJECT 0 25.207381579 47.364113217 255.963211
OBJECT 0 25.207436238 47.364167070 213.688965
OBJECT 0 25.207386548 47.364244485 180.000000
OBJECT 0 25.207684690 47.364163704 243.433990
OBJECT 0 25.207699597 47.364143509 296.566010
OBJECT 0 25.207823823 47.364173802 228.812881
OBJECT 0 25.208097121 47.363981948 53.129051
OBJECT 0 25.208057368 47.363951656 63.434086
OBJECT 0 25.207719474 47.363843948 315.001007
OBJECT 0 25.207555495 47.363739607 40.600342
OBJECT 0 25.207620093 47.363716046 243.434189
OBJECT 0 25.207585309 47.363796826 162.646545
OBJECT 0 25.207620093 47.363864144 224.998962
OBJECT 0 25.206422575 47.363328973 71.564423
OBJECT 0 25.206348040 47.363312144 90.000000
OBJECT 0 25.206318226 47.363261656 0.000000
OBJECT 0 25.206462327 47.363204436 291.038177
OBJECT 0 25.206656117 47.363419851 224.998901
OBJECT 0 25.206690900 47.363345802 348.690460
OBJECT 0 25.206671024 47.363204436 0.000000
OBJECT 0 25.206740590 47.363204436 221.184952
OBJECT 0 25.206725683 47.363298680 157.620590
OBJECT 0 25.207123202 47.362938534 180.000000
OBJECT 0 25.207138109 47.362995753 192.528442
OBJECT 0 25.207232520 47.363086632 219.288513
OBJECT 0 25.207316993 47.363147217 208.609665
OBJECT 0 25.207361714 47.363254924 180.000000
OBJECT 0 25.207108295 47.363221266 201.800735
OBJECT 0 25.207157985 47.363271753 213.689133
OBJECT 0 25.207247427 47.363379461 203.197815
OBJECT 0 25.207366683 47.363261656 216.026413
OBJECT 0 25.207341838 47.363295314 0.000000
OBJECT 0 25.207252396 47.363261656 90.000000
OBJECT 0 25.207227551 47.363201071 14.035784
OBJECT 0 25.207182830 47.363106827 33.689213
OBJECT 0 25.207157985 47.363069802 0.000000
OBJECT 0 25.207182830 47.362968827 348.690399
OBJECT 0 25.207167923 47.362891412 14.035863
OBJECT 0 25.207043699 47.362854388 64.982506
OBJECT 0 25.207013885 47.362820729 333.435577
OBJECT 0 25.207083450 47.362773607 306.870605
OBJECT 0 25.207133140 47.362733217 0.000000
OBJECT 0 25.207938126 47.362810632 0.000000
OBJECT 0 25.207749308 47.362820729 146.311111
OBJECT 0 25.207694650 47.362898144 203.197632
OBJECT 0 25.207784090 47.362901510 265.914185
OBJECT 0 25.207863593 47.362857754 0.000000
OBJECT 0 25.208504581 47.362450485 270.000000
OBJECT 0 25.208549301 47.362453851 255.963257
OBJECT 0 25.207644961 47.362480778 153.435822
OBJECT 0 25.207600241 47.362507705 143.131165
OBJECT 0 25.207222604 47.362527900 315.001068
OBJECT 0 25.207212667 47.362406729 0.000000
OBJECT 0 25.206894681 47.362235071 281.310455
OBJECT 0 25.206904619 47.362181217 341.565857
OBJECT 0 25.207053683 47.362123998 307.876282
OBJECT 0 25.207018902 47.362060046 56.308743
OBJECT 0 25.207113309 47.361555169 311.634552
OBJECT 0 25.207162998 47.361508047 341.565643
OBJECT 0 25.207068590 47.361050291 6.340029
OBJECT 0 25.206959276 47.360912291 21.800949
OBJECT 0 25.207003995 47.360939217 180.000000
OBJECT 0 25.206949338 47.360999803 173.659958
OBJECT 0 25.206974182 47.361083949 208.300125
OBJECT 0 25.207058652 47.361094047 278.130310
OBJECT 0 25.207108340 47.361083949 236.309235
OBJECT 0 25.208181607 47.361403705 161.565613
OBJECT 0 25.208087200 47.361467656 159.444595
OBJECT 0 25.207967948 47.361487851 82.874741
OBJECT 0 25.207987823 47.361457559 284.036682
OBJECT 0 25.208047449 47.361423900 0.000000
OBJECT 0 25.208628802 47.361380144 270.000000
OBJECT 0 25.208683459 47.361353217 296.565765
OBJECT 0 25.208951778 47.360838242 227.488724
OBJECT 0 25.208946809 47.360915656 173.290359
OBJECT 0 25.208748057 47.360942583 90.000000
OBJECT 0 25.208310804 47.360885364 84.472298
OBJECT 0 25.208698369 47.360821413 274.927246
OBJECT 0 25.208797745 47.360868535 230.526703
OBJECT 0 25.208842464 47.360861803 303.690857
OBJECT 0 25.208976622 47.360861803 267.273621
OBJECT 0 25.209269780 47.360885364 266.185822
OBJECT 0 25.209577846 47.360831510 292.834259
OBJECT 0 25.209975349 47.360733900 296.565674
OBJECT 0 25.209791504 47.360683413 78.231415
OBJECT 0 25.209592752 47.360760827 151.189880
OBJECT 0 25.209712003 47.360760827 272.602631
OBJECT 0 25.209950505 47.360767559 251.564575
OBJECT 0 25.209965411 47.360838242 163.301208
OBJECT 0 25.209712003 47.360848339 94.398834
OBJECT 0 25.209463563 47.360834876 99.462593
OBJECT 0 25.209279718 47.360929120 240.254364
OBJECT 0 25.209513251 47.360885364 289.440582
OBJECT 0 25.209796472 47.360811315 285.945831
OBJECT 0 25.209866035 47.360777657 0.000000
OBJECT 0 25.210437446 47.361174827 0.000000
OBJECT 0 25.209875973 47.361295998 135.001114
OBJECT 0 25.209433750 47.361477754 0.000000
OBJECT 0 25.209448657 47.361238778 101.310341
OBJECT 0 25.209090904 47.361258973 90.000000
OBJECT 0 25.208907059 47.361312827 150.946320
OBJECT 0 25.208971653 47.361343120 261.253510
OBJECT 0 25.209175373 47.361299364 291.448486
OBJECT 0 25.209394000 47.361228681 292.380859
OBJECT 0 25.209592752 47.361168095 299.055450
OBJECT 0 25.210124413 47.361019998 300.257263
OBJECT 0 25.210223788 47.360935852 0.000000
OBJECT 0 25.210422540 47.360908925 270.000000
OBJECT 0 25.213151044 47.360681749 203.197372
OBJECT 0 25.211014016 47.360627059 116.566277
OBJECT 0 25.210993410 47.360710812 180.000000
OBJECT 0 25.210828562 47.360745710 111.802505
OBJECT 0 25.210488563 47.360836442 135.001648
OBJECT 0 25.210550381 47.360934154 206.563690
OBJECT 0 25.210354624 47.361003949 105.946312
OBJECT 0 25.210179473 47.361010928 126.871567
OBJECT 0 25.210169170 47.361115619 194.035400
OBJECT 0 25.210014625 47.361157496 90.000000
OBJECT 0 25.211560074 47.361708871 270.000000
OBJECT 0 25.211745528 47.361750748 240.943588
OBJECT 0 25.211735225 47.361890336 180.000000
OBJECT 0 25.211632195 47.361974090 90.000000
OBJECT 0 25.211580680 47.361946172 0.000000
OBJECT 0 25.211457044 47.361736789 82.874458
OBJECT 0 25.211343711 47.361736789 0.000000
OBJECT 0 25.211405529 47.361764707 243.433228
OBJECT 0 25.211632195 47.361862419 180.000000
OBJECT 0 25.211580680 47.361890336 90.000000
OBJECT 0 25.211508559 47.361911275 90.000000
OBJECT 0 25.211415832 47.361890336 71.563721
OBJECT 0 25.211292196 47.361820542 90.000000
OBJECT 0 25.211106742 47.361841480 135.002182
OBJECT 0 25.211003713 47.361841480 90.000000
OBJECT 0 25.210952198 47.361841480 0.000000
OBJECT 0 25.209833409 47.361613039 293.963989
OBJECT 0 25.210101287 47.361515327 302.007172
OBJECT 0 25.210379468 47.361431573 291.802734
OBJECT 0 25.210621771 47.361334852 289.984314
OBJECT 0 25.210848437 47.361310230 284.037140
OBJECT 0 25.211116315 47.361261374 277.125458
OBJECT 0 25.211476920 47.361212518 281.310638
OBJECT 0 25.211807346 47.361167771 279.462921
OBJECT 0 25.212125643 47.361146833 275.710938
OBJECT 0 25.212383217 47.361118915 282.529572
OBJECT 0 25.212630489 47.361111936 270.000000
OBJECT 0 25.212805640 47.361090998 281.310608
OBJECT 0 25.213174926 47.361041043 279.462891
OBJECT 0 25.213494319 47.361013125 276.340576
OBJECT 0 25.213751894 47.360999166 270.000000
OBJECT 0 25.213937348 47.360985207 279.462891
OBJECT 0 25.214187338 47.361061561 284.037048
OBJECT 0 25.214553694 47.360927608 279.462860
OBJECT 0 25.214923880 47.360885626 278.130554
OBJECT 0 25.215525997 47.360875098 276.009338
OBJECT 0 25.215824784 47.360854160 280.305420
OBJECT 0 25.216133873 47.360819263 285.946228
OBJECT 0 25.216360539 47.360791345 284.036987
OBJECT 0 25.216772659 47.360721551 270.000000
OBJECT 0 25.217102355 47.360721551 270.000000
OBJECT 0 25.216092100 47.361108230 44.999401
OBJECT 0 25.216038271 47.361080181 52.124451
OBJECT 0 25.215943035 47.361057742 81.869736
OBJECT 0 25.215781547 47.361049327 90.000000
OBJECT 0 25.215752562 47.361113840 191.309708
OBJECT 0 25.215822954 47.361153108 244.982635
OBJECT 0 25.215905768 47.361147498 261.869720
OBJECT 0 25.216021708 47.361164327 241.698715
OBJECT 0 25.216083819 47.361197986 156.801880
OBJECT 0 25.215967879 47.361226035 101.310188
OBJECT 0 25.215930612 47.361273718 185.194305
OBJECT 0 25.216005145 47.361301766 251.564636
OBJECT 0 25.216129367 47.361338230 203.198059
OBJECT 0 25.216021708 47.361338230 90.000000
OBJECT 0 25.215798110 47.361346644 102.994934
OBJECT 0 25.215847798 47.361380303 246.800873
OBJECT 0 25.215897487 47.361397132 243.434341
OBJECT 0 25.216067256 47.361385913 258.689789
OBJECT 0 25.216025849 47.361470059 168.690369
OBJECT 0 25.215972020 47.361599083 159.146118
OBJECT 0 25.215620059 47.361456035 59.035549
OBJECT 0 25.215512400 47.361402742 97.125206
OBJECT 0 25.215483415 47.361444815 189.462067
OBJECT 0 25.215574511 47.361495303 238.391769
OBJECT 0 25.215574511 47.361537376 153.435608
OBJECT 0 25.215483415 47.361557010 101.310257
OBJECT 0 25.212793964 47.361404440 0.000000
OBJECT 0 25.212723572 47.361353953 80.537437
OBJECT 0 25.212582788 47.361320294 90.000000
OBJECT 0 25.212450285 47.361367977 140.195175
OBJECT 0 25.212437863 47.361443709 201.249969
OBJECT 0 25.212504114 47.361494197 235.007202
OBJECT 0 25.212528958 47.361505416 0.000000
OBJECT 0 25.212446144 47.361564318 168.111694
OBJECT 0 25.212479270 47.361631636 231.339325
OBJECT 0 25.212483411 47.361595172 0.000000
OBJECT 0 25.212615913 47.361569928 264.289246
OBJECT 0 25.212586928 47.361620416 153.435654
OBJECT 0 25.212549662 47.361668099 270.000000
OBJECT 1 25.213433608 47.362005086 275.792725
OBJECT 2 25.213540123 47.362073169 266.108307
OBJECT 3 25.212930886 47.362035999 191.768356
OBJECT 4 25.211849234 47.363347002 9.494136
OBJECT 5 25.213646510 47.362232325 271.548187
OBJECT 6 25.213342430 47.361460684 2.955248
OBJECT 6 25.213734971 47.361918440 275.440430
OBJECT 7 25.213426122 47.362089376 9.863324
OBJECT 8 25.215412563 47.362287807 0.000000
OBJECT 8 25.215501088 47.362615406 0.000000
OBJECT 8 25.215085129 47.362325642 0.000000
OBJECT 8 25.215173655 47.362653241 0.000000
OBJECT 8 25.214757695 47.362362824 0.000000
OBJECT 8 25.214846221 47.362690424 0.000000
OBJECT 8 25.214431224 47.362401311 0.000000
OBJECT 8 25.214519750 47.362728911 0.000000
OBJECT 8 25.214103790 47.362439146 0.000000
OBJECT 8 25.214192316 47.362766746 0.000000
OBJECT 8 25.213777319 47.362478938 0.000000
OBJECT 8 25.213865844 47.362806538 0.000000
OBJECT 8 25.213449883 47.362518077 0.000000
OBJECT 8 25.213538409 47.362845677 0.000000
OBJECT 8 25.213123411 47.362555260 0.000000
OBJECT 8 25.213211937 47.362882860 0.000000
OBJECT 8 25.212795976 47.362595052 0.000000
OBJECT 8 25.212884502 47.362922651 0.000000
OBJECT 8 25.212468541 47.362632234 0.000000
OBJECT 8 25.212557066 47.362959834 0.000000
OBJECT 8 25.212141105 47.362672026 0.000000
OBJECT 8 25.212229631 47.362999626 0.000000
OBJECT 8 25.211814632 47.362709861 0.000000
OBJECT 8 25.211903158 47.363037461 0.000000
OBJECT 8 25.211487196 47.362748348 0.000000
OBJECT 8 25.211575722 47.363075948 0.000000
OBJECT 8 25.211158797 47.362786183 0.000000
OBJECT 8 25.211247322 47.363113783 0.000000
OBJECT 8 25.210831360 47.362825322 0.000000
OBJECT 8 25.210919885 47.363152922 0.000000
OBJECT 8 25.210504886 47.362863157 0.000000
OBJECT 8 25.210593412 47.363190757 0.000000
OBJECT 8 25.210176486 47.362902297 0.000000
OBJECT 8 25.210265012 47.363229896 0.000000
OBJECT 8 25.209850012 47.362940784 0.000000
OBJECT 8 25.209938538 47.363268384 0.000000
OBJECT 8 25.209522575 47.362979271 0.000000
OBJECT 8 25.209611100 47.363306871 0.000000
OBJECT 8 25.209195137 47.363017106 0.000000
OBJECT 8 25.209283662 47.363344706 0.000000
OBJECT 8 25.208868662 47.363055593 0.000000
OBJECT 8 25.208957188 47.363383193 0.000000
OBJECT 8 25.208540261 47.363093428 0.000000
OBJECT 8 25.208628787 47.363421028 0.000000
OBJECT 9 25.213128987 47.362546764 0.000000
OBJECT 9 25.213414889 47.362517319 0.000000
OBJECT 9 25.213350241 47.362492403 0.000000
OBJECT 9 25.213176359 47.362505993 0.000000
OBJECT 9 25.213200881 47.362459938 0.000000
OBJECT 9 25.213293952 47.362449746 0.000000
OBJECT 9 25.213276118 47.362392743 0.000000
OBJECT 9 25.213183047 47.362400293 0.000000
OBJECT 9 25.213173572 47.362358012 0.000000
OBJECT 9 25.213263300 47.362344422 0.000000
OBJECT 9 25.213110039 47.362267412 0.000000
OBJECT 9 25.213155738 47.362307427 0.000000
OBJECT 9 25.213249367 47.362296479 0.000000
OBJECT 9 25.213268873 47.362259484 0.000000
OBJECT 9 25.213021983 47.362238948 0.000000
OBJECT 9 25.212935712 47.362240760 0.000000
OBJECT 9 25.213302200 47.362231247 0.000000
OBJECT 9 25.213540952 47.362077679 0.000000
OBJECT 9 25.213508182 47.361937701 0.000000
OBJECT 9 25.212966532 47.361974720 0.000000
OBJECT 9 25.212984645 47.362038581 0.000000
OBJECT 9 25.212747260 47.362070114 0.000000
OBJECT 9 25.212813462 47.362244329 0.000000
OBJECT 10 25.212241782 47.363290320 11.017076
FILTER -1
OBJECT_DEF lib/g10/forests/autogen_tree_any.obj
OBJECT_DEF lib/airport/aircraft/general_aviation/prop_a.obj
OBJECT_DEF lib/g10/streetlights/HwyLt2BarMnt.obj
OBJECT_DEF lib/airport/Common_Elements/Fueling_Stations/Small_Fuel_Station.obj
OBJECT_DEF lib/g10/global_objects/rooftop_helipad_5.obj
OBJECT_DEF lib/g10/US/commercial/store_services.obj
OBJECT_DEF lib/airport/Vintage_Airports/Terminals/Admin_Bldg.obj
OBJECT_DEF lib/airport/Common_Elements/Hangars/Sm_Gray_Hangar.agp
OBJECT_DEF lib/airport/lights/slow/MIRL_ww.obj
OBJECT_DEF lib/airport/lights/slow/taxi_edge.obj
OBJECT_DEF lib/airport/landscape/windsock_lit.obj
PROPERTY sim/filter/aptid LRFL
PROPERTY sim/exclude_obj 25.207119/47.362403/25.210394/47.364311
PROPERTY sim/exclude_fac 25.207119/47.362403/25.210394/47.364311
PROPERTY sim/exclude_for 25.207119/47.362403/25.210394/47.364311
PROPERTY sim/exclude_bch 25.207119/47.362403/25.210394/47.364311
PROPERTY sim/exclude_net 25.207119/47.362403/25.210394/47.364311
PROPERTY sim/exclude_lin 25.207119/47.362403/25.210394/47.364311
PROPERTY sim/exclude_pol 25.207119/47.362403/25.210394/47.364311
PROPERTY sim/exclude_str 25.207119/47.362403/25.210394/47.364311
PROPERTY sim/exclude_obj 25.208449/47.362011/25.211383/47.364271
PROPERTY sim/exclude_fac 25.208449/47.362011/25.211383/47.364271
PROPERTY sim/exclude_for 25.208449/47.362011/25.211383/47.364271
PROPERTY sim/exclude_bch 25.208449/47.362011/25.211383/47.364271
PROPERTY sim/exclude_net 25.208449/47.362011/25.211383/47.364271
PROPERTY sim/exclude_lin 25.208449/47.362011/25.211383/47.364271
PROPERTY sim/exclude_pol 25.208449/47.362011/25.211383/47.364271
PROPERTY sim/exclude_str 25.208449/47.362011/25.211383/47.364271
PROPERTY sim/exclude_obj 25.209573/47.361788/25.212506/47.364280
PROPERTY sim/exclude_fac 25.209573/47.361788/25.212506/47.364280
PROPERTY sim/exclude_for 25.209573/47.361788/25.212506/47.364280
PROPERTY sim/exclude_bch 25.209573/47.361788/25.212506/47.364280
PROPERTY sim/exclude_net 25.209573/47.361788/25.212506/47.364280
PROPERTY sim/exclude_lin 25.209573/47.361788/25.212506/47.364280
PROPERTY sim/exclude_pol 25.209573/47.361788/25.212506/47.364280
PROPERTY sim/exclude_str 25.209573/47.361788/25.212506/47.364280
PROPERTY sim/exclude_obj 25.210747/47.361566/25.213680/47.364108
PROPERTY sim/exclude_fac 25.210747/47.361566/25.213680/47.364108
PROPERTY sim/exclude_for 25.210747/47.361566/25.213680/47.364108
PROPERTY sim/exclude_bch 25.210747/47.361566/25.213680/47.364108
PROPERTY sim/exclude_net 25.210747/47.361566/25.213680/47.364108
PROPERTY sim/exclude_lin 25.210747/47.361566/25.213680/47.364108
PROPERTY sim/exclude_pol 25.210747/47.361566/25.213680/47.364108
PROPERTY sim/exclude_str 25.210747/47.361566/25.213680/47.364108
PROPERTY sim/exclude_obj 25.211891/47.361861/25.214824/47.363187
PROPERTY sim/exclude_fac 25.211891/47.361861/25.214824/47.363187
PROPERTY sim/exclude_for 25.211891/47.361861/25.214824/47.363187
PROPERTY sim/exclude_bch 25.211891/47.361861/25.214824/47.363187
PROPERTY sim/exclude_net 25.211891/47.361861/25.214824/47.363187
PROPERTY sim/exclude_lin 25.211891/47.361861/25.214824/47.363187
PROPERTY sim/exclude_pol 25.211891/47.361861/25.214824/47.363187
PROPERTY sim/exclude_str 25.211891/47.361861/25.214824/47.363187
PROPERTY sim/exclude_obj 25.213070/47.361146/25.216003/47.364089
PROPERTY sim/exclude_fac 25.213070/47.361146/25.216003/47.364089
PROPERTY sim/exclude_for 25.213070/47.361146/25.216003/47.364089
PROPERTY sim/exclude_bch 25.213070/47.361146/25.216003/47.364089
PROPERTY sim/exclude_net 25.213070/47.361146/25.216003/47.364089
PROPERTY sim/exclude_lin 25.213070/47.361146/25.216003/47.364089
PROPERTY sim/exclude_pol 25.213070/47.361146/25.216003/47.364089
PROPERTY sim/exclude_str 25.213070/47.361146/25.216003/47.364089
PROPERTY sim/exclude_obj 25.214322/47.361159/25.219095/47.364374
PROPERTY sim/exclude_fac 25.214322/47.361159/25.219095/47.364374
PROPERTY sim/exclude_for 25.214322/47.361159/25.219095/47.364374
PROPERTY sim/exclude_bch 25.214322/47.361159/25.219095/47.364374
PROPERTY sim/exclude_net 25.214322/47.361159/25.219095/47.364374
PROPERTY sim/exclude_lin 25.214322/47.361159/25.219095/47.364374
PROPERTY sim/exclude_pol 25.214322/47.361159/25.219095/47.364374
PROPERTY sim/exclude_str 25.214322/47.361159/25.219095/47.364374
PROPERTY sim/require_agpoint 1/0
PROPERTY sim/require_object 1/0
