PROPERTY sim/west -180
PROPERTY sim/east 180
PROPERTY sim/north 90
PROPERTY sim/south -90
PROPERTY sim/planet earth
PROPERTY sim/creation_agent WorldEditor1.6.0r1
PROPERTY laminar/internal_revision 0
PROPERTY sim/overlay 1
FILTER 0
FILTER -1
FILTER 0
FILTER -1
FILTER 0
FILTER -1
FILTER 0
FILTER -1
FILTER 0
FILTER -1
FILTER 0
OBJECT 0 32.686534867 39.956213760 0.000000
OBJECT 0 32.686435206 39.956305791 0.000000
OBJECT 0 32.686440452 39.956164168 0.000000
OBJECT 0 32.686305505 39.956251907 180.000000
OBJECT 0 32.686305505 39.956366827 0.000000
OBJECT 0 32.685798619 39.956901369 0.000000
OBJECT 0 32.685727569 39.957005798 116.570000
OBJECT 0 32.685733768 39.956780251 0.000000
OBJECT 0 32.685569734 39.956628138 90.000000
OBJECT 0 32.685826753 39.956393053 0.000000
OBJECT 0 32.685653182 39.956435969 90.000000
OBJECT 0 32.685361830 39.956521324 270.000000
OBJECT 0 32.685234989 39.956583314 0.000000
OBJECT 0 32.685108148 39.956640059 135.000000
OBJECT 0 32.684959373 39.956694896 0.000000
OBJECT 0 32.684361887 39.956927596 0.000000
OBJECT 0 32.684154459 39.957003414 0.000000
OBJECT 0 32.683977550 39.957081617 0.000000
OBJECT 0 32.681946193 39.958325704 0.000000
OBJECT 0 32.682011521 39.958420596 0.000000
OBJECT 0 32.682107366 39.958503567 180.000000
OBJECT 0 32.682413977 39.958463035 0.000000
OBJECT 0 32.682323854 39.958394369 270.000000
OBJECT 0 32.683823053 39.958467803 0.000000
OBJECT 0 32.683847848 39.958335241 0.000000
OBJECT 0 32.683739128 39.958218891 0.000000
OBJECT 0 32.683683814 39.958112078 0.000000
OBJECT 0 32.683621824 39.957988575 326.309998
OBJECT 0 32.683544099 39.957891299 315.000000
OBJECT 0 32.683110647 39.957190814 0.000000
OBJECT 0 32.682952811 39.957255188 135.000000
OBJECT 0 32.682804036 39.957321469 0.000000
OBJECT 0 32.682642863 39.957392519 180.000000
OBJECT 0 32.681912337 39.957680056 0.000000
OBJECT 0 32.681850347 39.957606146 0.000000
OBJECT 0 32.681726368 39.957601377 0.000000
OBJECT 0 32.677130541 39.959372377 0.000000
OBJECT 0 32.677047093 39.959277485 0.000000
OBJECT 0 32.676935512 39.959044785 0.000000
OBJECT 0 32.678747044 39.958240349 0.000000
OBJECT 0 32.677880140 39.958498798 0.000000
OBJECT 0 32.677314603 39.958354791 0.000000
OBJECT 0 32.677180133 39.958321412 0.000000
OBJECT 0 32.677210651 39.958451591 0.000000
OBJECT 0 32.677038510 39.958409628 116.570000
OBJECT 0 32.677062352 39.958535515 116.570000
OBJECT 0 32.676912623 39.958471141 0.000000
OBJECT 0 32.676930743 39.958594644 0.000000
OBJECT 0 32.677989338 39.958211738 0.000000
OBJECT 1 32.684841592 39.956739719 0.000000
OBJECT 1 32.684714752 39.956792172 0.000000
OBJECT 1 32.684516384 39.956860838 0.000000
OBJECT 1 32.682250420 39.958192187 0.000000
OBJECT 1 32.681633383 39.958118276 0.000000
OBJECT 1 32.681205653 39.958318551 0.000000
OBJECT 1 32.680635348 39.958223182 0.000000
OBJECT 1 32.682270447 39.958240826 0.000000
OBJECT 1 32.681656748 39.958164054 0.000000
OBJECT 1 32.681229496 39.958364328 0.000000
OBJECT 1 32.680659190 39.958268482 0.000000
OBJECT 1 32.682297627 39.958281834 206.559998
OBJECT 1 32.681689651 39.958202678 206.559998
OBJECT 1 32.681261921 39.958402953 206.559998
OBJECT 1 32.680692092 39.958307584 206.559998
OBJECT 1 32.682285229 39.958325704 108.440002
OBJECT 1 32.681674868 39.958243687 108.440002
OBJECT 1 32.681247139 39.958443961 108.440002
OBJECT 1 32.680677310 39.958348116 108.440002
OBJECT 1 32.682203212 39.958323320 68.199997
OBJECT 1 32.681576638 39.958241302 68.199997
OBJECT 1 32.681149386 39.958441577 68.199997
OBJECT 1 32.680579080 39.958346208 68.199997
OBJECT 1 32.682188430 39.958230812 0.000000
OBJECT 1 32.681558995 39.958154994 0.000000
OBJECT 1 32.681131266 39.958355268 0.000000
OBJECT 1 32.680561437 39.958259422 0.000000
OBJECT 1 32.680436503 39.958279927 90.000000
OBJECT 1 32.680489910 39.958350500 206.559998
OBJECT 1 32.680504692 39.958423457 225.000000
OBJECT 1 32.683714809 39.956751164 0.000000
OBJECT 1 32.679988270 39.958414397 0.000000
OBJECT 1 32.683817330 39.956764992 0.000000
OBJECT 1 32.680005913 39.958507858 0.000000
OBJECT 1 32.683663787 39.956822213 123.690002
OBJECT 1 32.679893378 39.958555543 123.690002
OBJECT 1 32.683566510 39.956860361 122.010002
OBJECT 1 32.679821851 39.958587491 122.010002
OBJECT 1 32.682389658 39.958116846 108.440002
OBJECT 1 32.681799325 39.958047704 108.440002
OBJECT 1 32.681372072 39.958247978 108.440002
OBJECT 1 32.680801766 39.958152609 108.440002
OBJECT 1 32.683441577 39.956887541 108.440002
OBJECT 1 32.679729820 39.958609903 108.440002
OBJECT 1 32.682340066 39.958153086 180.000000
OBJECT 1 32.681740196 39.958082036 180.000000
OBJECT 1 32.681312467 39.958282311 180.000000
OBJECT 1 32.680742638 39.958186942 180.000000
OBJECT 1 32.683328088 39.956926165 180.000000
OBJECT 1 32.679646849 39.958641852 180.000000
OBJECT 1 32.682466907 39.958070592 225.000000
OBJECT 1 32.681891356 39.958004788 225.000000
OBJECT 1 32.681464103 39.958205062 225.000000
OBJECT 1 32.680893797 39.958109216 225.000000
OBJECT 1 32.687000744 39.955502785 225.000000
OBJECT 1 32.686523423 39.955874247 225.000000
OBJECT 1 32.685593576 39.956213283 225.000000
OBJECT 1 32.684196899 39.956707294 225.000000
OBJECT 1 32.683412966 39.956975280 225.000000
OBJECT 1 32.679709316 39.958682860 225.000000
OBJECT 1 32.682419699 39.958170253 0.000000
OBJECT 1 32.681835088 39.958097772 0.000000
OBJECT 1 32.681407359 39.958298047 0.000000
OBJECT 1 32.680837530 39.958202678 0.000000
OBJECT 1 32.687190051 39.955609598 0.000000
OBJECT 1 32.686260204 39.955948157 0.000000
OBJECT 1 32.686972610 39.955571450 0.000000
OBJECT 1 32.686495289 39.955942435 0.000000
OBJECT 1 32.685565442 39.956281472 0.000000
OBJECT 1 32.684168765 39.956775483 0.000000
OBJECT 1 32.683384833 39.957043469 0.000000
OBJECT 1 32.679688334 39.958739605 0.000000
OBJECT 1 32.682484073 39.958189803 296.570007
OBJECT 1 32.681912337 39.958116369 296.570007
OBJECT 1 32.681484607 39.958316644 296.570007
OBJECT 1 32.680914778 39.958220798 296.570007
OBJECT 1 32.687109941 39.955508507 296.570007
OBJECT 1 32.686632620 39.955879969 296.570007
OBJECT 1 32.685702773 39.956218528 296.570007
OBJECT 1 32.684306096 39.956713016 296.570007
OBJECT 1 32.683522164 39.956980526 296.570007
OBJECT 1 32.679789425 39.958687629 296.570007
OBJECT 1 32.687243458 39.955462253 270.000000
OBJECT 1 32.686766136 39.955833715 270.000000
OBJECT 1 32.685836290 39.956172274 270.000000
OBJECT 1 32.684877832 39.956499866 270.000000
OBJECT 1 32.684439612 39.956666285 270.000000
OBJECT 1 32.683655680 39.956934272 270.000000
OBJECT 1 32.679887179 39.958649004 270.000000
OBJECT 1 32.687365053 39.955394064 284.040009
OBJECT 1 32.686887255 39.955765049 284.040009
OBJECT 1 32.685957408 39.956104086 284.040009
OBJECT 1 32.684998951 39.956431678 284.040009
OBJECT 1 32.684560731 39.956598096 284.040009
OBJECT 1 32.683776799 39.956866083 284.040009
OBJECT 1 32.679976349 39.958591783 284.040009
OBJECT 1 32.687478065 39.955347333 0.000000
OBJECT 1 32.687000744 39.955718795 0.000000
OBJECT 1 32.686070897 39.956057355 0.000000
OBJECT 1 32.685112440 39.956385424 0.000000
OBJECT 1 32.684674220 39.956551843 0.000000
OBJECT 1 32.683890288 39.956819352 0.000000
OBJECT 1 32.680059319 39.958553159 0.000000
OBJECT 1 32.682441157 39.958121614 310.739990
OBJECT 1 32.681860361 39.958052472 310.739990
OBJECT 1 32.681433108 39.958252747 310.739990
OBJECT 1 32.680862802 39.958156901 310.739990
OBJECT 1 32.683934634 39.956732090 0.000000
OBJECT 1 32.680092222 39.958480201 0.000000
OBJECT 1 32.683876936 39.956680591 0.000000
OBJECT 1 32.680065518 39.958418688 0.000000
OBJECT 1 32.682526036 39.958069162 220.740005
OBJECT 1 32.681962406 39.958003357 220.740005
OBJECT 1 32.681534676 39.958203632 220.740005
OBJECT 1 32.680964370 39.958108263 220.740005
OBJECT 1 32.680109865 39.958389124 270.000000
OBJECT 1 32.682541295 39.958149748 164.429993
OBJECT 1 32.681980049 39.958078698 164.429993
OBJECT 1 32.681552796 39.958278973 164.429993
OBJECT 1 32.680982490 39.958183127 164.429993
OBJECT 1 32.680196174 39.958428225 213.690002
OBJECT 1 32.682368200 39.958279927 149.169998
OBJECT 1 32.681774052 39.958200771 149.169998
OBJECT 1 32.681346323 39.958401045 149.169998
OBJECT 1 32.680776017 39.958305200 149.169998
OBJECT 1 32.680222877 39.958462081 198.429993
OBJECT 1 32.680228599 39.958500706 0.000000
OBJECT 1 32.682402056 39.958218414 85.739998
OBJECT 1 32.681813630 39.958143549 85.739998
OBJECT 1 32.681386378 39.958343824 85.739998
OBJECT 1 32.680816072 39.958247978 85.739998
OBJECT 1 32.687126154 39.955735485 135.000000
OBJECT 1 32.686195830 39.956074044 135.000000
OBJECT 1 32.685237373 39.956401637 135.000000
OBJECT 1 32.684799153 39.956568055 135.000000
OBJECT 1 32.684015698 39.956836042 135.000000
OBJECT 1 32.680151350 39.958566987 135.000000
OBJECT 1 32.682326238 39.958218414 310.739990
OBJECT 1 32.681723507 39.958143072 310.739990
OBJECT 1 32.681295777 39.958343347 310.739990
OBJECT 1 32.680725948 39.958247501 310.739990
OBJECT 1 32.687045090 39.955797951 0.000000
OBJECT 1 32.686115244 39.956136511 0.000000
OBJECT 1 32.685156786 39.956464580 0.000000
OBJECT 1 32.684718566 39.956630999 0.000000
OBJECT 1 32.683934634 39.956898508 0.000000
OBJECT 1 32.680092222 39.958618963 0.000000
OBJECT 1 32.687433719 39.955459392 135.000000
OBJECT 1 32.686955921 39.955830854 135.000000
OBJECT 1 32.686026074 39.956169413 135.000000
OBJECT 1 32.685067617 39.956497005 135.000000
OBJECT 1 32.684629397 39.956663901 135.000000
OBJECT 1 32.683845941 39.956931411 135.000000
OBJECT 1 32.680026894 39.958646620 135.000000
OBJECT 1 32.687397002 39.955470359 135.000000
OBJECT 1 32.686919680 39.955841821 135.000000
OBJECT 1 32.685989834 39.956180381 135.000000
OBJECT 1 32.685031376 39.956507973 135.000000
OBJECT 1 32.684593156 39.956674868 135.000000
OBJECT 1 32.683809224 39.956942378 135.000000
OBJECT 1 32.680000191 39.958655680 135.000000
OBJECT 1 32.687295911 39.955524720 135.000000
OBJECT 1 32.686818589 39.955896181 135.000000
OBJECT 1 32.685888743 39.956234741 135.000000
OBJECT 1 32.684930285 39.956562810 135.000000
OBJECT 1 32.684492065 39.956729229 135.000000
OBJECT 1 32.683708133 39.956996738 135.000000
OBJECT 1 32.679925803 39.958700980 135.000000
OBJECT 1 32.682586118 39.958080606 116.570000
OBJECT 1 32.682033932 39.958013848 116.570000
OBJECT 1 32.681606203 39.958214122 116.570000
OBJECT 1 32.681036374 39.958118276 116.570000
OBJECT 1 32.687178607 39.955557622 116.570000
OBJECT 1 32.686701286 39.955929084 116.570000
OBJECT 1 32.685771439 39.956267643 116.570000
OBJECT 1 32.684374762 39.956762131 116.570000
OBJECT 1 32.683590829 39.957029641 116.570000
OBJECT 1 32.679839971 39.958728637 116.570000
OBJECT 1 32.682491703 39.958255131 0.000000
OBJECT 1 32.681921397 39.958177882 0.000000
OBJECT 1 32.681493668 39.958378157 0.000000
OBJECT 1 32.680923362 39.958282311 0.000000
OBJECT 1 32.687339780 39.955620565 0.000000
OBJECT 1 32.686409457 39.955959125 0.000000
OBJECT 1 32.687122339 39.955581941 0.000000
OBJECT 1 32.686645018 39.955953403 0.000000
OBJECT 1 32.685714694 39.956292439 0.000000
OBJECT 1 32.684318017 39.956786450 0.000000
OBJECT 1 32.683534562 39.957054437 0.000000
OBJECT 1 32.679798009 39.958749142 0.000000
OBJECT 1 32.687238689 39.955669680 135.000000
OBJECT 1 32.686308366 39.956008240 135.000000
OBJECT 1 32.687021248 39.955631056 135.000000
OBJECT 1 32.686543927 39.956002518 135.000000
OBJECT 1 32.685613603 39.956341554 135.000000
OBJECT 1 32.684216926 39.956835565 135.000000
OBJECT 1 32.683433471 39.957103552 135.000000
OBJECT 1 32.679724098 39.958789673 135.000000
OBJECT 1 32.687125200 39.955696860 111.800003
OBJECT 1 32.686195354 39.956035420 111.800003
OBJECT 1 32.685265507 39.956341554 111.800003
OBJECT 1 32.684103914 39.956863222 111.800003
OBJECT 1 32.683319982 39.957130732 111.800003
OBJECT 1 32.679640650 39.958812562 111.800003
OBJECT 1 32.679578660 39.958842126 0.000000
OBJECT 1 32.679337854 39.958935588 0.000000
OBJECT 1 32.679284447 39.958956092 0.000000
OBJECT 1 32.679221981 39.958969444 0.000000
OBJECT 1 32.678993572 39.958939879 0.000000
OBJECT 1 32.678898680 39.958988041 0.000000
OBJECT 1 32.678794728 39.959019989 0.000000
OBJECT 1 32.678664073 39.959088178 0.000000
OBJECT 1 32.678562982 39.959120127 135.000000
OBJECT 1 32.678480011 39.959156367 0.000000
OBJECT 1 32.678328374 39.959229324 135.000000
OBJECT 1 32.678188659 39.959277008 135.000000
OBJECT 1 32.678046559 39.959327077 0.000000
OBJECT 1 32.677998875 39.959388590 0.000000
OBJECT 1 32.677859159 39.959445335 0.000000
OBJECT 1 32.677725643 39.959513523 135.000000
OBJECT 1 32.677594987 39.959565976 135.000000
OBJECT 1 32.677467193 39.959618429 135.000000
OBJECT 1 32.677336538 39.959663729 90.000000
OBJECT 1 32.677193961 39.959720951 90.000000
OBJECT 1 32.677057584 39.959795815 135.000000
OBJECT 1 32.679597257 39.957685779 0.000000
OBJECT 1 32.679336423 39.957774472 0.000000
OBJECT 1 32.679066052 39.957865072 0.000000
OBJECT 1 32.679544804 39.957704852 90.000000
OBJECT 1 32.679283494 39.957793545 90.000000
OBJECT 1 32.679013600 39.957884146 90.000000
OBJECT 1 32.679470417 39.957726310 0.000000
OBJECT 1 32.679209106 39.957814527 0.000000
OBJECT 1 32.678939212 39.957905604 0.000000
OBJECT 1 32.679393168 39.957754921 0.000000
OBJECT 1 32.679131857 39.957843137 0.000000
OBJECT 1 32.678861963 39.957933738 0.000000
OBJECT 1 32.687784199 39.955396448 241.110001
OBJECT 1 32.688129911 39.955751221 241.110001
OBJECT 1 32.688983463 39.954483768 241.110001
OBJECT 1 32.691682403 39.953909648 225.000000
OBJECT 1 32.689455539 39.954664492 225.000000
OBJECT 1 32.688158999 39.955966754 241.110001
OBJECT 1 32.692760548 39.954128519 241.110001
OBJECT 1 32.689127947 39.954620146 241.110001
OBJECT 1 32.691632334 39.954122320 225.000000
OBJECT 1 32.689405947 39.954877642 225.000000
OBJECT 1 32.688383116 39.955003052 225.000000
OBJECT 1 32.690706302 39.954452773 225.000000
OBJECT 1 32.688479438 39.955208095 225.000000
OBJECT 1 32.690224689 39.954202907 0.000000
OBJECT 1 32.690122168 39.954399367 0.000000
OBJECT 1 32.693448157 39.953794728 0.000000
OBJECT 1 32.690072576 39.954612516 0.000000
OBJECT 1 32.687766556 39.955908579 16.110001
OBJECT 1 32.688705463 39.954545758 16.110001
OBJECT 1 32.691240368 39.954255837 0.000000
OBJECT 1 32.689049744 39.954738403 0.000000
OBJECT 1 32.691372454 39.954188125 0.000000
OBJECT 1 32.689146067 39.954942969 0.000000
OBJECT 1 32.687667372 39.955238136 0.000000
OBJECT 1 32.687849527 39.955634394 16.110001
OBJECT 1 32.688127527 39.955823224 16.110001
OBJECT 1 32.689096475 39.954476616 16.110001
OBJECT 1 32.691577020 39.953953994 0.000000
OBJECT 1 32.689427405 39.954732681 0.000000
OBJECT 1 32.691604200 39.954190509 0.000000
OBJECT 1 32.689377813 39.954945830 0.000000
OBJECT 1 32.688354982 39.955071241 0.000000
OBJECT 1 32.690677691 39.954520962 0.000000
OBJECT 1 32.688451305 39.955276284 0.000000
OBJECT 1 32.687912470 39.955351148 312.679993
OBJECT 1 32.688236725 39.955733577 312.679993
OBJECT 1 32.689205673 39.954386969 312.679993
OBJECT 1 32.691822118 39.953875792 296.570007
OBJECT 1 32.689564736 39.954670214 296.570007
OBJECT 1 32.688265812 39.955948634 312.679993
OBJECT 1 32.692867361 39.954110876 312.679993
OBJECT 1 32.689235237 39.954602502 312.679993
OBJECT 1 32.691741531 39.954128042 296.570007
OBJECT 1 32.689515145 39.954882887 296.570007
OBJECT 1 32.692673762 39.953840505 296.570007
OBJECT 1 32.688492313 39.955008774 296.570007
OBJECT 1 32.690815499 39.954458495 296.570007
OBJECT 1 32.688588636 39.955213340 296.570007
OBJECT 1 32.693330854 39.954131857 270.000000
OBJECT 1 32.689698253 39.954623484 270.000000
OBJECT 1 32.688099393 39.955687324 286.100006
OBJECT 1 32.688377394 39.955875677 286.100006
OBJECT 1 32.692978943 39.954037919 286.100006
OBJECT 1 32.689346342 39.954529545 286.100006
OBJECT 1 32.691875048 39.954081312 270.000000
OBJECT 1 32.689648661 39.954836633 270.000000
OBJECT 1 32.692807279 39.953794251 270.000000
OBJECT 1 32.688625830 39.954962043 270.000000
OBJECT 1 32.690948539 39.954411765 270.000000
OBJECT 1 32.688722152 39.955167086 270.000000
OBJECT 1 32.693451972 39.954063668 284.040009
OBJECT 1 32.690163176 39.954315442 284.040009
OBJECT 1 32.689819848 39.954555295 284.040009
OBJECT 1 32.688191424 39.955595769 300.149994
OBJECT 1 32.688468948 39.955784600 300.149994
OBJECT 1 32.689438373 39.954437991 300.149994
OBJECT 1 32.691996166 39.954013123 284.040009
OBJECT 1 32.689769780 39.954768444 284.040009
OBJECT 1 32.687532425 39.956122683 300.149994
OBJECT 1 32.688501373 39.954776074 300.149994
OBJECT 1 32.692928397 39.953726062 284.040009
OBJECT 1 32.688747425 39.954893854 284.040009
OBJECT 1 32.693024720 39.953930629 284.040009
OBJECT 1 32.688843271 39.955098898 284.040009
OBJECT 1 32.690276665 39.954269188 0.000000
OBJECT 1 32.689932860 39.954509041 0.000000
OBJECT 1 32.688282979 39.955527104 16.110001
OBJECT 1 32.688560979 39.955715934 16.110001
OBJECT 1 32.689530404 39.954369326 16.110001
OBJECT 1 32.692109655 39.953966869 0.000000
OBJECT 1 32.689882792 39.954722190 0.000000
OBJECT 1 32.687623980 39.956054017 16.110001
OBJECT 1 32.688593404 39.954707408 16.110001
OBJECT 1 32.693041886 39.953679808 0.000000
OBJECT 1 32.688860437 39.954847601 0.000000
OBJECT 1 32.693137732 39.953884375 0.000000
OBJECT 1 32.688956760 39.955052644 0.000000
OBJECT 1 32.692284657 39.953770409 135.000000
OBJECT 1 32.690437839 39.954313058 135.000000
OBJECT 1 32.690058270 39.954525254 135.000000
OBJECT 1 32.690510796 39.954726959 135.000000
OBJECT 1 32.687750343 39.956043050 151.110001
OBJECT 1 32.688813706 39.954699779 151.110001
OBJECT 1 32.693361849 39.953621157 135.000000
OBJECT 1 32.688985847 39.954863813 135.000000
OBJECT 1 32.691689555 39.954341192 135.000000
OBJECT 1 32.689463169 39.955096036 135.000000
OBJECT 1 32.687603475 39.955364023 135.000000
OBJECT 1 32.693353265 39.953769932 0.000000
OBJECT 1 32.690321012 39.954348344 0.000000
OBJECT 1 32.689977207 39.954588197 0.000000
OBJECT 1 32.692601759 39.954017414 0.000000
OBJECT 1 32.690375372 39.954772736 0.000000
OBJECT 1 32.687695506 39.956120775 16.110001
OBJECT 1 32.688664454 39.954774166 16.110001
OBJECT 1 32.693086233 39.953758965 0.000000
OBJECT 1 32.688904784 39.954926757 0.000000
OBJECT 1 32.691548409 39.954368372 0.000000
OBJECT 1 32.689321546 39.955123217 0.000000
OBJECT 1 32.687522412 39.955426490 0.000000
OBJECT 1 32.693520638 39.954129473 135.000000
OBJECT 1 32.689888514 39.954621099 135.000000
OBJECT 1 32.688281071 39.955644408 151.110001
OBJECT 1 32.688559071 39.955832761 151.110001
OBJECT 1 32.689617666 39.954486152 151.110001
OBJECT 1 32.692464904 39.954071775 135.000000
OBJECT 1 32.690238041 39.954826619 135.000000
OBJECT 1 32.693310349 39.953693160 135.000000
OBJECT 1 32.688816091 39.954959659 135.000000
OBJECT 1 32.691373884 39.954562448 135.000000
OBJECT 1 32.689147498 39.955317292 135.000000
OBJECT 1 32.693227855 39.953813802 135.000000
OBJECT 1 32.689851797 39.954631590 135.000000
OBJECT 1 32.688250076 39.955662528 151.110001
OBJECT 1 32.688528077 39.955850881 151.110001
OBJECT 1 32.689497024 39.954504273 151.110001
OBJECT 1 32.692342355 39.954122320 135.000000
OBJECT 1 32.690115492 39.954877642 135.000000
OBJECT 1 32.692960822 39.953802358 135.000000
OBJECT 1 32.688779374 39.954970626 135.000000
OBJECT 1 32.691258965 39.954471847 135.000000
OBJECT 1 32.689032578 39.955227169 135.000000
OBJECT 1 32.688143263 39.955521382 151.110001
OBJECT 1 32.688421263 39.955709735 151.110001
OBJECT 1 32.689390211 39.954363127 151.110001
OBJECT 1 32.692013333 39.953773747 135.000000
OBJECT 1 32.689750706 39.954686427 135.000000
OBJECT 1 32.688450351 39.955924792 151.110001
OBJECT 1 32.693051900 39.954087034 151.110001
OBJECT 1 32.689419776 39.954578660 151.110001
OBJECT 1 32.692223144 39.954158083 135.000000
OBJECT 1 32.689996757 39.954912928 135.000000
OBJECT 1 32.692859731 39.953857195 135.000000
OBJECT 1 32.688678283 39.955024987 135.000000
OBJECT 1 32.691150721 39.954501888 135.000000
OBJECT 1 32.688924334 39.955257210 135.000000
OBJECT 1 32.688042649 39.955577649 132.679993
OBJECT 1 32.688320649 39.955766003 132.679993
OBJECT 1 32.689289597 39.954419394 132.679993
OBJECT 1 32.692019532 39.954074159 116.570000
OBJECT 1 32.689633879 39.954719329 116.570000
OBJECT 1 32.688349737 39.955981537 132.679993
OBJECT 1 32.691052491 39.953634508 132.679993
OBJECT 1 32.689318685 39.954634928 132.679993
OBJECT 1 32.692092012 39.954196231 116.570000
OBJECT 1 32.689865148 39.954951076 116.570000
OBJECT 1 32.692742428 39.953889620 116.570000
OBJECT 1 32.688561456 39.955057889 116.570000
OBJECT 1 32.691005283 39.954561971 116.570000
OBJECT 1 32.688778420 39.955317292 116.570000
OBJECT 1 32.690835050 39.954377909 0.000000
OBJECT 1 32.690271897 39.954410334 0.000000
OBJECT 1 32.692448692 39.953868639 0.000000
OBJECT 1 32.690221828 39.954623484 0.000000
OBJECT 1 32.687914378 39.955887121 16.110001
OBJECT 1 32.688883326 39.954540990 16.110001
OBJECT 1 32.691202697 39.953580148 0.000000
OBJECT 1 32.689199474 39.954749371 0.000000
OBJECT 1 32.691522183 39.954199092 0.000000
OBJECT 1 32.689295796 39.954953937 0.000000
OBJECT 1 32.687817102 39.955249104 0.000000
OBJECT 1 32.687997349 39.955613413 16.110001
OBJECT 1 32.688274872 39.955801766 16.110001
OBJECT 1 32.689244297 39.954455158 16.110001
OBJECT 1 32.691890784 39.953756580 0.000000
OBJECT 1 32.689577134 39.954743648 0.000000
OBJECT 1 32.691967556 39.954245346 0.000000
OBJECT 1 32.689741169 39.955000191 0.000000
OBJECT 1 32.692685683 39.953914416 0.000000
OBJECT 1 32.688504711 39.955082208 0.000000
OBJECT 1 32.690856031 39.954624914 0.000000
OBJECT 1 32.688629168 39.955380236 0.000000
OBJECT 1 32.690565156 39.954472324 135.000000
OBJECT 1 32.690170806 39.954459449 135.000000
OBJECT 1 32.692347601 39.953917754 135.000000
OBJECT 1 32.690120737 39.954672599 135.000000
OBJECT 1 32.687834745 39.955955787 151.110001
OBJECT 1 32.688804170 39.954609655 151.110001
OBJECT 1 32.691529812 39.954125181 135.000000
OBJECT 1 32.689098383 39.954798486 135.000000
OBJECT 1 32.691421092 39.954248207 135.000000
OBJECT 1 32.689194705 39.955003052 135.000000
OBJECT 1 32.687716011 39.955298219 135.000000
OBJECT 1 32.687917716 39.955682078 151.110001
OBJECT 1 32.688195716 39.955870432 151.110001
OBJECT 1 32.692797265 39.954032197 151.110001
OBJECT 1 32.689164664 39.954523823 151.110001
OBJECT 1 32.691789693 39.953805695 135.000000
OBJECT 1 32.689476043 39.954792763 135.000000
OBJECT 1 32.691788262 39.954305428 135.000000
OBJECT 1 32.689561398 39.955060273 135.000000
OBJECT 1 32.688403620 39.955131323 135.000000
OBJECT 1 32.690715839 39.954660201 135.000000
OBJECT 1 32.688488975 39.955415522 135.000000
OBJECT 1 32.690110246 39.954242485 111.800003
OBJECT 1 32.690057317 39.954487106 111.800003
OBJECT 1 32.692234112 39.953944934 111.800003
OBJECT 1 32.690007725 39.954699779 111.800003
OBJECT 1 32.687736038 39.956006332 127.919998
OBJECT 1 32.688704986 39.954659724 127.919998
OBJECT 1 32.693166342 39.953657397 111.800003
OBJECT 1 32.688984894 39.954825666 111.800003
OBJECT 1 32.691308080 39.954275387 111.800003
OBJECT 1 32.689081216 39.955030232 111.800003
OBJECT 1 32.687602522 39.955325399 111.800003
OBJECT 2 32.686176757 39.955540455 117.339996
OBJECT 2 32.686705555 39.956451613 24.480000
OBJECT 2 32.691377222 39.953965438 204.289993
OBJECT 2 32.690651942 39.954217689 204.410004
OBJECT 2 32.693991760 39.943962673 0.000000
OBJECT 2 32.691499294 39.945044156 88.629997
OBJECT 2 32.691704337 39.944208248 88.610001
OBJECT 3 32.686741341 39.946568151 235.690002
OBJECT 3 32.681727321 39.956852731 25.879999
OBJECT 3 32.675372416 39.959342813 25.200001
OBJECT 3 32.684449149 39.955990120 26.420000
OBJECT 3 32.683834974 39.956227111 26.559999
OBJECT 3 32.683216030 39.956462673 26.270000
OBJECT 3 32.695231079 39.945257305 178.630005
OBJECT 4 32.686151484 39.945214389 233.789993
OBJECT 4 32.687096590 39.944569219 231.339996
OBJECT 4 32.681452659 39.957392996 115.089996
OBJECT 4 32.679322595 39.958303292 25.910000
OBJECT 4 32.679856661 39.957975700 115.410004
OBJECT 4 32.678763733 39.958792535 27.559999
OBJECT 4 32.678047513 39.958856432 206.000000
OBJECT 4 32.688254845 39.943887331 161.570007
OBJECT 5 32.676249809 39.959370470 0.000000
OBJECT 5 32.676223106 39.959183547 0.000000
OBJECT 5 32.676145857 39.959117742 90.000000
OBJECT 5 32.676805333 39.959006161 90.000000
OBJECT 5 32.676980335 39.958810178 0.000000
OBJECT 5 32.677093347 39.958983272 0.000000
OBJECT 5 32.676989395 39.959110590 0.000000
OBJECT 5 32.677161536 39.959165427 270.000000
OBJECT 5 32.677283131 39.959301804 0.000000
OBJECT 5 32.677401865 39.959208820 0.000000
OBJECT 5 32.677280270 39.959070058 45.000000
OBJECT 5 32.677212081 39.958926528 270.000000
OBJECT 5 32.676974613 39.958919375 0.000000
OBJECT 5 32.677164397 39.958853571 315.000000
OBJECT 5 32.677149615 39.958741989 0.000000
OBJECT 5 32.678761826 39.958147841 0.000000
OBJECT 5 32.678741321 39.958318551 135.000000
OBJECT 5 32.678583963 39.958387217 135.000000
OBJECT 5 32.678384642 39.958314260 0.000000
OBJECT 5 32.678366999 39.958437285 180.000000
OBJECT 5 32.678099966 39.958573663 0.000000
OBJECT 5 32.678224422 39.958466850 341.559998
OBJECT 5 32.678272107 39.958364328 0.000000
OBJECT 5 32.678149557 39.958378634 90.000000
OBJECT 5 32.678037499 39.958462081 0.000000
OBJECT 5 32.677904936 39.958604658 135.000000
OBJECT 5 32.677752823 39.958565080 0.000000
OBJECT 5 32.677752346 39.958703365 0.000000
OBJECT 6 32.681669623 39.960095274 120.110001
OBJECT 6 32.681586175 39.959501602 299.070007
OBJECT 6 32.688541428 39.945549134 88.419998
OBJECT 7 32.681876574 39.960372797 118.180000
OBJECT 7 32.684056229 39.958322843 204.889999
OBJECT 7 32.682320039 39.957943275 117.949997
OBJECT 7 32.685453384 39.957485504 140.479996
OBJECT 7 32.685684176 39.957763981 141.580002
OBJECT 7 32.676997501 39.959644179 117.970001
OBJECT 7 32.697437438 39.951865415 114.169998
OBJECT 7 32.689387827 39.944585431 358.170013
OBJECT 7 32.688566701 39.944582094 87.769997
OBJECT 7 32.688562409 39.945188640 178.500000
OBJECT 7 32.687827115 39.944709888 320.570007
OBJECT 7 32.688186656 39.945729381 229.990005
OBJECT 8 32.693733310 39.954491875 33.680000
OBJECT 9 32.693351835 39.954724575 36.869999
OBJECT 9 32.693343252 39.954728389 216.869995
OBJECT 10 32.683813516 39.959456302 292.929993
OBJECT 10 32.680508984 39.958609426 29.450001
OBJECT 10 32.692380026 39.945424201 179.050003
OBJECT 11 32.685853514 39.956063307 205.539993
OBJECT 12 32.688767929 39.946102750 143.809998
OBJECT 13 32.687536717 39.945742256 230.850006
BEGIN_POLYGON 0 10 2
BEGIN_WINDING
POLYGON_POINT 32.691029603 39.956017777
POLYGON_POINT 32.690923266 39.955922408
POLYGON_POINT 32.691535058 39.955609598
POLYGON_POINT 32.691934176 39.955773156
POLYGON_POINT 32.692102502 39.956010624
POLYGON_POINT 32.690754940 39.956792172
POLYGON_POINT 32.690630961 39.956670100
POLYGON_POINT 32.690781643 39.956540875
POLYGON_POINT 32.690542267 39.956289578
END_WINDING
END_POLYGON
BEGIN_POLYGON 1 10 2
BEGIN_WINDING
POLYGON_POINT 32.689699683 39.944618334
POLYGON_POINT 32.690289540 39.944618334
POLYGON_POINT 32.690263790 39.945519570
POLYGON_POINT 32.690400645 39.945525769
POLYGON_POINT 32.690387770 39.945726043
POLYGON_POINT 32.689669642 39.945709354
END_WINDING
END_POLYGON
FILTER -1
OBJECT_DEF lib/g10/forests/autogen_tree2.obj
OBJECT_DEF lib/g10/forests/autogen_tree1.obj
OBJECT_DEF lib/airport/Common_Elements/Misc_Buildings/Small_Office_3.agp
OBJECT_DEF lib/airport/Common_Elements/Hangars/Med_Gray_Hangar.agp
OBJECT_DEF lib/airport/Common_Elements/Misc_Buildings/Small_Office_1.agp
OBJECT_DEF lib/airport/Common_Elements/Miscellaneous/Tree.obj
OBJECT_DEF lib/airport/Common_Elements/Hangars/Long_Row_Green.agp
OBJECT_DEF lib/airport/Common_Elements/Hangars/Long_Row_Beige.agp
OBJECT_DEF lib/airport/Common_Elements/Fueling_Stations/Covered_Station.agp
OBJECT_DEF lib/airport/Common_Elements/Fuel_Storage/3_Tank_Array.agp
OBJECT_DEF lib/airport/Common_Elements/Misc_Buildings/Med_Office_1.agp
OBJECT_DEF lib/airport/Classic_Airports/Control_Towers/Classic_Tower_1.agp
OBJECT_DEF lib/airport/Common_Elements/Misc_Buildings/Small_Office_2.agp
OBJECT_DEF lib/airport/Common_Elements/Hangars/Med_Brown_Hangar.agp
POLYGON_DEF lib/airport/Common_Elements/Hangars/White_Hangar.fac
POLYGON_DEF lib/airport/Common_Elements/Misc_Buildings/Blue_Warehouse.fac
PROPERTY sim/filter/aptid LTAD
PROPERTY sim/exclude_obj 32.699501/39.946472/32.701469/39.947861
PROPERTY sim/exclude_fac 32.699501/39.946472/32.701469/39.947861
PROPERTY sim/exclude_for 32.699501/39.946472/32.701469/39.947861
PROPERTY sim/exclude_net 32.699501/39.946472/32.701469/39.947861
PROPERTY sim/exclude_obj 32.697720/39.945110/32.699692/39.951004
PROPERTY sim/exclude_fac 32.697720/39.945110/32.699692/39.951004
PROPERTY sim/exclude_for 32.697720/39.945110/32.699692/39.951004
PROPERTY sim/exclude_net 32.697720/39.945110/32.699692/39.951004
PROPERTY sim/exclude_obj 32.695816/39.944599/32.697784/39.952320
PROPERTY sim/exclude_fac 32.695816/39.944599/32.697784/39.952320
PROPERTY sim/exclude_for 32.695816/39.944599/32.697784/39.952320
PROPERTY sim/exclude_net 32.695816/39.944599/32.697784/39.952320
PROPERTY sim/exclude_obj 32.690830/39.944550/32.695881/39.953854
PROPERTY sim/exclude_fac 32.690830/39.944550/32.695881/39.953854
PROPERTY sim/exclude_for 32.690830/39.944550/32.695881/39.953854
PROPERTY sim/exclude_net 32.690830/39.944550/32.695881/39.953854
PROPERTY sim/exclude_obj 32.685970/39.943260/32.691021/39.955948
PROPERTY sim/exclude_fac 32.685970/39.943260/32.691021/39.955948
PROPERTY sim/exclude_for 32.685970/39.943260/32.691021/39.955948
PROPERTY sim/exclude_obj 32.683979/39.945679/32.686291/39.949421
PROPERTY sim/exclude_fac 32.683979/39.945679/32.686291/39.949421
PROPERTY sim/exclude_for 32.683979/39.945679/32.686291/39.949421
PROPERTY sim/exclude_obj 32.690937/39.943272/32.694324/39.944630
PROPERTY sim/exclude_fac 32.690937/39.943272/32.694324/39.944630
PROPERTY sim/exclude_for 32.690937/39.943272/32.694324/39.944630
PROPERTY sim/exclude_obj 32.691002/39.954109/32.694019/39.955433
PROPERTY sim/exclude_fac 32.691002/39.954109/32.694019/39.955433
PROPERTY sim/exclude_for 32.691002/39.954109/32.694019/39.955433
PROPERTY sim/exclude_obj 32.681400/39.957352/32.686199/39.959110
PROPERTY sim/exclude_fac 32.681400/39.957352/32.686199/39.959110
PROPERTY sim/exclude_for 32.681400/39.957352/32.686199/39.959110
PROPERTY sim/exclude_obj 32.680462/39.958992/32.683926/39.960484
PROPERTY sim/exclude_fac 32.680462/39.958992/32.683926/39.960484
PROPERTY sim/exclude_for 32.680462/39.958992/32.683926/39.960484
PROPERTY sim/exclude_obj 32.686131/39.955940/32.687130/39.957031
PROPERTY sim/exclude_fac 32.686131/39.955940/32.687130/39.957031
PROPERTY sim/exclude_for 32.686131/39.955940/32.687130/39.957031
PROPERTY sim/exclude_obj 32.690254/39.955391/32.692341/39.956924
PROPERTY sim/exclude_fac 32.690254/39.955391/32.692341/39.956924
PROPERTY sim/exclude_for 32.690254/39.955391/32.692341/39.956924
PROPERTY sim/exclude_net 32.685970/39.943260/32.691021/39.955948
PROPERTY sim/exclude_obj 32.681145/39.949421/32.686192/39.957531
PROPERTY sim/exclude_fac 32.681145/39.949421/32.686192/39.957531
PROPERTY sim/exclude_for 32.681145/39.949421/32.686192/39.957531
PROPERTY sim/exclude_net 32.681145/39.949421/32.686192/39.957531
PROPERTY sim/exclude_obj 32.676411/39.953171/32.681461/39.959648
PROPERTY sim/exclude_fac 32.676411/39.953171/32.681461/39.959648
PROPERTY sim/exclude_for 32.676411/39.953171/32.681461/39.959648
PROPERTY sim/exclude_net 32.676411/39.953171/32.681461/39.959648
PROPERTY sim/exclude_obj 32.674377/39.957893/32.676601/39.959965
PROPERTY sim/exclude_fac 32.674377/39.957893/32.676601/39.959965
PROPERTY sim/exclude_for 32.674377/39.957893/32.676601/39.959965
PROPERTY sim/exclude_net 32.674377/39.957893/32.676601/39.959965
PROPERTY sim/exclude_obj 32.670918/39.954609/32.676476/39.957893
PROPERTY sim/exclude_fac 32.670918/39.954609/32.676476/39.957893
PROPERTY sim/exclude_for 32.670918/39.954609/32.676476/39.957893
PROPERTY sim/exclude_net 32.670918/39.954609/32.676476/39.957893
PROPERTY sim/exclude_obj 32.697723/39.950947/32.698643/39.952038
PROPERTY sim/exclude_fac 32.697723/39.950947/32.698643/39.952038
PROPERTY sim/exclude_for 32.697723/39.950947/32.698643/39.952038
PROPERTY sim/require_agpoint 1/0
PROPERTY sim/require_object 1/0
PROPERTY sim/require_facade 1/0
