PROPERTY sim/west -180
PROPERTY sim/east 180
PROPERTY sim/north 90
PROPERTY sim/south -90
PROPERTY sim/planet earth
PROPERTY sim/creation_agent WorldEditor2.2.0r2
PROPERTY laminar/internal_revision 0
PROPERTY sim/overlay 1
FILTER 0
BEGIN_POLYGON 0 1 4
BEGIN_WINDING
POLYGON_POINT 28.548795968 41.103508621 28.548795968 41.103508621
POLYGON_POINT 28.548795968 41.103508621 28.548843176 41.103512436
POLYGON_POINT 28.548890860 41.103451400 28.548896105 41.103415637
POLYGON_POINT 28.548815042 41.103379397 28.548767358 41.103375582
POLYGON_POINT 28.548719673 41.103436618 28.548714428 41.103472381
POLYGON_POINT 28.548795968 41.103508621 28.548843176 41.103512436
END_WINDING
END_POLYGON
BEGIN_POLYGON 0 0 2
BEGIN_WINDING
POLYGON_POINT 28.552057443 41.101272825
POLYGON_POINT 28.552194559 41.101165103
END_WINDING
END_POLYGON
BEGIN_POLYGON 0 0 2
BEGIN_WINDING
POLYGON_POINT 28.551869426 41.101137441
POLYGON_POINT 28.552253469 41.101206002
END_WINDING
END_POLYGON
BEGIN_POLYGON 0 0 2
BEGIN_WINDING
POLYGON_POINT 28.551869426 41.101137441
POLYGON_POINT 28.552005429 41.101030593
END_WINDING
END_POLYGON
BEGIN_POLYGON 0 0 2
BEGIN_WINDING
POLYGON_POINT 28.551802420 41.101089192
POLYGON_POINT 28.551689987 41.100807247
END_WINDING
END_POLYGON
BEGIN_POLYGON 0 0 2
BEGIN_WINDING
POLYGON_POINT 28.551802420 41.101089192
POLYGON_POINT 28.551938027 41.100982656
END_WINDING
END_POLYGON
BEGIN_POLYGON 0 0 2
BEGIN_WINDING
POLYGON_POINT 28.551620845 41.100958447
POLYGON_POINT 28.551755360 41.100852742
END_WINDING
END_POLYGON
BEGIN_POLYGON 0 0 2
BEGIN_WINDING
POLYGON_POINT 28.551401682 41.100800635
POLYGON_POINT 28.551534922 41.100695965
END_WINDING
END_POLYGON
BEGIN_POLYGON 1 0 4
BEGIN_WINDING
POLYGON_POINT 28.552515184 41.101962478 28.552515184 41.101962478
POLYGON_POINT 28.552481583 41.101928731 28.552481583 41.101928731
POLYGON_POINT 28.552394627 41.101840726 28.552384653 41.101830204
POLYGON_POINT 28.552394627 41.101840726 28.552394627 41.101840726
POLYGON_POINT 28.552394627 41.101840726 28.552378727 41.101823952
POLYGON_POINT 28.552367067 41.101775227 28.552372367 41.101760050
POLYGON_POINT 28.552415192 41.101731020 28.552428612 41.101718210
POLYGON_POINT 28.552414057 41.101687080 28.552398157 41.101673501
POLYGON_POINT 28.552343747 41.101703338 28.552335267 41.101728100
POLYGON_POINT 28.552292392 41.101760002 28.552260592 41.101770386
POLYGON_POINT 28.552230926 41.101728504 28.552224566 41.101694956
POLYGON_POINT 28.552272396 41.101635458 28.552297811 41.101614939
POLYGON_POINT 28.552419037 41.101598714 28.552479428 41.101600297
POLYGON_POINT 28.552530663 41.101688240 28.552534903 41.101702618
POLYGON_POINT 28.552598149 41.101720911 28.552627829 41.101720911
POLYGON_POINT 28.552663830 41.101730213 28.552675850 41.101735563
POLYGON_POINT 28.552679770 41.101768038 28.552665990 41.101789605
POLYGON_POINT 28.552552072 41.101935639 28.552552072 41.101935639
POLYGON_POINT 28.552511210 41.101894732 28.552511210 41.101894732
POLYGON_POINT 28.552604584 41.101771701 28.552608474 41.101767157
POLYGON_POINT 28.552592154 41.101752858 28.552568134 41.101753642
POLYGON_POINT 28.552535608 41.101749666 28.552525333 41.101747006
POLYGON_POINT 28.552481208 41.101701970 28.552470608 41.101675611
POLYGON_POINT 28.552411587 41.101634644 28.552384027 41.101634644
POLYGON_POINT 28.552286106 41.101691123 28.552258546 41.101736653
POLYGON_POINT 28.552297766 41.101698311 28.552310486 41.101667159
POLYGON_POINT 28.552357887 41.101646640 28.552369547 41.101643445
POLYGON_POINT 28.552430663 41.101651429 28.552454008 41.101663659
POLYGON_POINT 28.552469143 41.101738416 28.552446883 41.101762379
POLYGON_POINT 28.552426033 41.101807219 28.552444823 41.101837398
POLYGON_POINT 28.552511210 41.101894732 28.552511210 41.101894732
POLYGON_POINT 28.552552072 41.101935639 28.552552072 41.101935639
END_WINDING
END_POLYGON
BEGIN_POLYGON 2 0 4
BEGIN_WINDING
POLYGON_POINT 28.552446495 41.101978773 28.552446495 41.101978773
POLYGON_POINT 28.552637297 41.102080376 28.552656377 41.102091878
POLYGON_POINT 28.552683089 41.102065040 28.552680545 41.102048745
POLYGON_POINT 28.552689449 41.101916469 28.552689449 41.101916469
POLYGON_POINT 28.552745418 41.101877169 28.552779762 41.101879086
POLYGON_POINT 28.552787394 41.101912635 28.552787394 41.101912635
POLYGON_POINT 28.552784850 41.101971105 28.552787394 41.101986441
POLYGON_POINT 28.552796298 41.101986441 28.552797570 41.101985482
POLYGON_POINT 28.552844635 41.101943307 28.552857355 41.101929888
POLYGON_POINT 28.552830643 41.101909759 28.552824283 41.101904008
POLYGON_POINT 28.552727610 41.101839787 28.552699626 41.101822534
POLYGON_POINT 28.552681817 41.101848414 28.552683089 41.101868543
POLYGON_POINT 28.552676729 41.102004653 28.552674185 41.102073667
POLYGON_POINT 28.552571152 41.102026699 28.552548256 41.102010404
POLYGON_POINT 28.552515184 41.101962478 28.552515184 41.101962478
POLYGON_POINT 28.552552072 41.101935639 28.552552072 41.101935639
POLYGON_POINT 28.552604225 41.101995068 28.552622033 41.102012321
POLYGON_POINT 28.552632209 41.101983565 28.552630937 41.101963436
POLYGON_POINT 28.552639841 41.101830202 28.552644929 41.101780359
POLYGON_POINT 28.552744146 41.101800488 28.552763226 41.101811032
POLYGON_POINT 28.552884067 41.101902091 28.552894243 41.101911676
POLYGON_POINT 28.552885339 41.101943307 28.552876435 41.101950017
POLYGON_POINT 28.552816651 41.102015196 28.552796299 41.102036283
POLYGON_POINT 28.552751778 41.101999860 28.552750506 41.101977814
POLYGON_POINT 28.552753050 41.101925095 28.552756866 41.101911676
POLYGON_POINT 28.552730154 41.101919344 28.552730154 41.101927012
POLYGON_POINT 28.552728882 41.102065040 28.552731426 41.102134054
POLYGON_POINT 28.552592776 41.102101463 28.552564792 41.102088044
POLYGON_POINT 28.552334558 41.101970146 28.552334558 41.101970146
END_WINDING
END_POLYGON
BEGIN_POLYGON 3 0 2
BEGIN_WINDING
POLYGON_POINT 28.545089312 41.102126552
POLYGON_POINT 28.544906871 41.102030191
POLYGON_POINT 28.544933655 41.102001397
POLYGON_POINT 28.544965870 41.102018412
POLYGON_POINT 28.544948563 41.102036274
POLYGON_POINT 28.545100474 41.102114972
END_WINDING
END_POLYGON
BEGIN_POLYGON 3 0 2
BEGIN_WINDING
POLYGON_POINT 28.549701124 41.104738744
POLYGON_POINT 28.549882880 41.104836537
POLYGON_POINT 28.549855893 41.104865224
POLYGON_POINT 28.549823796 41.104848080
POLYGON_POINT 28.549841230 41.104830287
POLYGON_POINT 28.549689409 41.104751050
END_WINDING
END_POLYGON
BEGIN_POLYGON 3 0 2
BEGIN_WINDING
POLYGON_POINT 28.545008265 41.102216164
POLYGON_POINT 28.544973718 41.102197916
POLYGON_POINT 28.544983743 41.102187079
POLYGON_POINT 28.544835695 41.102109190
POLYGON_POINT 28.544843217 41.102101104
POLYGON_POINT 28.544991252 41.102178961
POLYGON_POINT 28.545000405 41.102169068
POLYGON_POINT 28.545035049 41.102187370
END_WINDING
END_POLYGON
BEGIN_POLYGON 3 0 2
BEGIN_WINDING
POLYGON_POINT 28.549782793 41.104650161
POLYGON_POINT 28.549817212 41.104668547
POLYGON_POINT 28.549807111 41.104679344
POLYGON_POINT 28.549954613 41.104757823
POLYGON_POINT 28.549947034 41.104765880
POLYGON_POINT 28.549799544 41.104687432
POLYGON_POINT 28.549790321 41.104697289
POLYGON_POINT 28.549755805 41.104678848
END_WINDING
END_POLYGON
BEGIN_POLYGON 3 0 2
BEGIN_WINDING
POLYGON_POINT 28.545047066 41.102171799
POLYGON_POINT 28.544956002 41.102124041
POLYGON_POINT 28.544864625 41.102075437
POLYGON_POINT 28.544892204 41.102046383
POLYGON_POINT 28.544978825 41.102093252
POLYGON_POINT 28.545073850 41.102143004
END_WINDING
BEGIN_WINDING
POLYGON_POINT 28.544917573 41.102073444
POLYGON_POINT 28.544908845 41.102081907
POLYGON_POINT 28.544964590 41.102110174
POLYGON_POINT 28.545025373 41.102142077
POLYGON_POINT 28.545032486 41.102134389
POLYGON_POINT 28.544971338 41.102102316
END_WINDING
END_POLYGON
BEGIN_POLYGON 3 0 2
BEGIN_WINDING
POLYGON_POINT 28.549743678 41.104694371
POLYGON_POINT 28.549925446 41.104791460
POLYGON_POINT 28.549898459 41.104820147
POLYGON_POINT 28.549716691 41.104723058
END_WINDING
BEGIN_WINDING
POLYGON_POINT 28.549872482 41.104793242
POLYGON_POINT 28.549881270 41.104784814
POLYGON_POINT 28.549765162 41.104724179
POLYGON_POINT 28.549757995 41.104731839
END_WINDING
END_POLYGON
BEGIN_POLYGON 3 0 2
BEGIN_WINDING
POLYGON_POINT 28.544966018 41.102261411
POLYGON_POINT 28.544858514 41.102204835
POLYGON_POINT 28.544868644 41.102184391
POLYGON_POINT 28.544831577 41.102164308
POLYGON_POINT 28.544815416 41.102181953
POLYGON_POINT 28.544783577 41.102165050
POLYGON_POINT 28.544810361 41.102136255
POLYGON_POINT 28.544910196 41.102190555
POLYGON_POINT 28.544901849 41.102212083
POLYGON_POINT 28.544942236 41.102231946
POLYGON_POINT 28.544958395 41.102214479
POLYGON_POINT 28.544992802 41.102232616
END_WINDING
END_POLYGON
BEGIN_POLYGON 3 0 2
BEGIN_WINDING
POLYGON_POINT 28.549825358 41.104605084
POLYGON_POINT 28.549932467 41.104662089
POLYGON_POINT 28.549922194 41.104682492
POLYGON_POINT 28.549959119 41.104702723
POLYGON_POINT 28.549975406 41.104685143
POLYGON_POINT 28.550007126 41.104702173
POLYGON_POINT 28.549980139 41.104730860
POLYGON_POINT 28.549880684 41.104676162
POLYGON_POINT 28.549889182 41.104654668
POLYGON_POINT 28.549848934 41.104634643
POLYGON_POINT 28.549832651 41.104652046
POLYGON_POINT 28.549798371 41.104633771
END_WINDING
END_POLYGON
BEGIN_POLYGON 4 0 4
BEGIN_WINDING
POLYGON_POINT 28.550478897 41.101082629 28.550478897 41.101082629
POLYGON_POINT 28.550478897 41.101082629 28.550434033 41.101056623
POLYGON_POINT 28.550213366 41.100782327 28.550197261 41.100758055
POLYGON_POINT 28.550259086 41.100640022 28.550328660 41.100601076
POLYGON_POINT 28.550471783 41.100628039 28.550521479 41.100656500
POLYGON_POINT 28.551068130 41.100956088 28.551091984 41.100971067
POLYGON_POINT 28.551088008 41.101065438 28.551050239 41.101116368
POLYGON_POINT 28.550919043 41.101251183 28.550885250 41.101282640
POLYGON_POINT 28.550785546 41.101255129 28.550746636 41.101232272
POLYGON_POINT 28.550478897 41.101082629 28.550434033 41.101056623
END_WINDING
BEGIN_WINDING
POLYGON_POINT 28.550471783 41.100993537 28.550471783 41.100993537
POLYGON_POINT 28.550511540 41.100855726 28.550511540 41.100855726
POLYGON_POINT 28.550428051 41.100872203 28.550416124 41.100872203
POLYGON_POINT 28.550348538 41.100875199 28.550348538 41.100875199
END_WINDING
BEGIN_WINDING
POLYGON_POINT 28.550531418 41.100806294 28.550531418 41.100806294
POLYGON_POINT 28.550593040 41.100758360 28.550593040 41.100758360
POLYGON_POINT 28.550407970 41.100663913 28.550366226 41.100654925
POLYGON_POINT 28.550275614 41.100726750 28.550259711 41.100788485
POLYGON_POINT 28.550388295 41.100834755 28.550437761 41.100828687
END_WINDING
BEGIN_WINDING
POLYGON_POINT 28.550598378 41.100939368 28.550598378 41.100939368
POLYGON_POINT 28.550598378 41.100939368 28.550606329 41.100930380
POLYGON_POINT 28.550652675 41.100897668 28.550677569 41.100897668
POLYGON_POINT 28.550734176 41.100911150 28.550781884 41.100908154
POLYGON_POINT 28.550773932 41.100846738 28.550758029 41.100830261
POLYGON_POINT 28.550674541 41.100804796 28.550632797 41.100794310
POLYGON_POINT 28.550581113 41.100848236 28.550573162 41.100870705
POLYGON_POINT 28.550543345 41.100941109 28.550543345 41.100941109
POLYGON_POINT 28.550598378 41.100939368 28.550606329 41.100930380
END_WINDING
BEGIN_WINDING
POLYGON_POINT 28.550862335 41.101203560 28.550862335 41.101203560
POLYGON_POINT 28.550779896 41.101144829 28.550760018 41.101132845
POLYGON_POINT 28.550756042 41.101082380 28.550762005 41.101053919
POLYGON_POINT 28.550736164 41.101027989 28.550717547 41.101023495
POLYGON_POINT 28.550670565 41.101017504 28.550641272 41.101013482
POLYGON_POINT 28.550591053 41.100996532 28.550565211 41.100984548
POLYGON_POINT 28.550535393 41.101016006 28.550529430 41.101032483
POLYGON_POINT 28.550581113 41.101065438 28.550610930 41.101081915
POLYGON_POINT 28.550851770 41.101217673 28.550851770 41.101217673
END_WINDING
BEGIN_WINDING
POLYGON_POINT 28.550974702 41.101122360 28.550974702 41.101122360
POLYGON_POINT 28.550930970 41.101110376 28.550911092 41.101104384
POLYGON_POINT 28.550861396 41.101065438 28.550857420 41.101054952
POLYGON_POINT 28.550813689 41.100981553 28.550779896 41.100956088
POLYGON_POINT 28.550676529 41.100939611 28.550658639 41.100938113
POLYGON_POINT 28.550652675 41.100959084 28.550646712 41.100969570
POLYGON_POINT 28.550736164 41.100978557 28.550748091 41.100978557
POLYGON_POINT 28.550812750 41.101014979 28.550836604 41.101034452
POLYGON_POINT 28.550814738 41.101089876 28.550812750 41.101100362
POLYGON_POINT 28.550841518 41.101131347 28.550861396 41.101143331
POLYGON_POINT 28.550921031 41.101173290 28.550921031 41.101173290
END_WINDING
BEGIN_WINDING
POLYGON_POINT 28.550928982 41.101054952 28.550928982 41.101054952
POLYGON_POINT 28.550928982 41.101054952 28.550940909 41.101068433
POLYGON_POINT 28.551030361 41.101060944 28.551060178 41.101038475
POLYGON_POINT 28.551018435 41.100990541 28.551008496 41.100983051
POLYGON_POINT 28.550879287 41.100914146 28.550837543 41.100894673
POLYGON_POINT 28.550839530 41.100939611 28.550845493 41.100945603
POLYGON_POINT 28.550889226 41.100981553 28.550907116 41.100999528
POLYGON_POINT 28.550928982 41.101054952 28.550940909 41.101068433
END_WINDING
END_POLYGON
BEGIN_POLYGON 5 55 2
BEGIN_WINDING
POLYGON_POINT 28.549354980 41.103020170
POLYGON_POINT 28.549261450 41.103121410
POLYGON_POINT 28.548915920 41.102937100
POLYGON_POINT 28.549282730 41.102557850
POLYGON_POINT 28.549573170 41.102713330
POLYGON_POINT 28.549612620 41.102665630
POLYGON_POINT 28.549413320 41.102555260
POLYGON_POINT 28.549935980 41.102010410
POLYGON_POINT 28.550182490 41.102140120
POLYGON_POINT 28.549897960 41.102444530
END_WINDING
END_POLYGON
BEGIN_POLYGON 5 55 2
BEGIN_WINDING
POLYGON_POINT 28.549660147 41.104023004
POLYGON_POINT 28.549744373 41.104016372
POLYGON_POINT 28.549779294 41.104148809
POLYGON_POINT 28.549698560 41.104149260
END_WINDING
END_POLYGON
BEGIN_POLYGON 5 55 2
BEGIN_WINDING
POLYGON_POINT 28.549797958 41.104014476
POLYGON_POINT 28.549846233 41.103963698
POLYGON_POINT 28.549953536 41.104021621
POLYGON_POINT 28.549905260 41.104072399
END_WINDING
END_POLYGON
BEGIN_POLYGON 5 55 2
BEGIN_WINDING
POLYGON_POINT 28.549931774 41.103869998
POLYGON_POINT 28.549980049 41.103819221
POLYGON_POINT 28.550087351 41.103877144
POLYGON_POINT 28.550039076 41.103927922
END_WINDING
END_POLYGON
BEGIN_POLYGON 5 55 2
BEGIN_WINDING
POLYGON_POINT 28.550070916 41.103718999
POLYGON_POINT 28.550119191 41.103668222
POLYGON_POINT 28.550226493 41.103726145
POLYGON_POINT 28.550178217 41.103776923
END_WINDING
END_POLYGON
BEGIN_POLYGON 5 55 2
BEGIN_WINDING
POLYGON_POINT 28.550208725 41.103572515
POLYGON_POINT 28.550257001 41.103521738
POLYGON_POINT 28.550364302 41.103579661
POLYGON_POINT 28.550316027 41.103630439
END_WINDING
END_POLYGON
BEGIN_POLYGON 3 55 2
BEGIN_WINDING
POLYGON_POINT 28.551822730 41.102044430
POLYGON_POINT 28.551920340 41.102094940
POLYGON_POINT 28.550903958 41.103128086
POLYGON_POINT 28.550806989 41.103107043
POLYGON_POINT 28.550898139 41.103008463
POLYGON_POINT 28.551012075 41.102889667
POLYGON_POINT 28.550941695 41.102848234
POLYGON_POINT 28.550861636 41.102919159
POLYGON_POINT 28.550799338 41.102884337
POLYGON_POINT 28.550964986 41.102719598
POLYGON_POINT 28.551032477 41.102754276
POLYGON_POINT 28.550978448 41.102806918
POLYGON_POINT 28.551054643 41.102847401
POLYGON_POINT 28.551221180 41.102671642
POLYGON_POINT 28.551146615 41.102630752
POLYGON_POINT 28.551085447 41.102691503
POLYGON_POINT 28.550779834 41.102535320
POLYGON_POINT 28.551003295 41.102296150
POLYGON_POINT 28.551309003 41.102460363
POLYGON_POINT 28.551186067 41.102599676
POLYGON_POINT 28.551254444 41.102636959
END_WINDING
END_POLYGON
BEGIN_POLYGON 5 55 2
BEGIN_WINDING
POLYGON_POINT 28.550335300 41.102868180
POLYGON_POINT 28.550437380 41.102760120
POLYGON_POINT 28.550898139 41.103008463
POLYGON_POINT 28.550806989 41.103107043
END_WINDING
END_POLYGON
BEGIN_POLYGON 5 0 2
BEGIN_WINDING
POLYGON_POINT 28.550155320 41.103073510
POLYGON_POINT 28.550588500 41.103312730
POLYGON_POINT 28.550378560 41.103557670
POLYGON_POINT 28.549920710 41.103330590
END_WINDING
END_POLYGON
BEGIN_POLYGON 5 55 2
BEGIN_WINDING
POLYGON_POINT 28.550367120 41.103692090
POLYGON_POINT 28.550675170 41.103375340
POLYGON_POINT 28.551035560 41.103569040
POLYGON_POINT 28.550986631 41.103619506
POLYGON_POINT 28.551031058 41.103646992
POLYGON_POINT 28.550866550 41.103815652
POLYGON_POINT 28.550821425 41.103789899
POLYGON_POINT 28.550717110 41.103897490
END_WINDING
END_POLYGON
BEGIN_POLYGON 5 55 2
BEGIN_WINDING
POLYGON_POINT 28.550212270 41.104424710
POLYGON_POINT 28.549953160 41.104288280
POLYGON_POINT 28.549941120 41.104154090
POLYGON_POINT 28.550367120 41.103692090
POLYGON_POINT 28.550717110 41.103897490
POLYGON_POINT 28.550592130 41.104028010
POLYGON_POINT 28.550660970 41.104069080
POLYGON_POINT 28.550582420 41.104147820
POLYGON_POINT 28.550513770 41.104109840
END_WINDING
END_POLYGON
BEGIN_POLYGON 3 0 4
BEGIN_WINDING
POLYGON_POINT 28.551632830 41.105280110 28.551632830 41.105280110
POLYGON_POINT 28.551696880 41.105127270 28.551642560 41.105053080
POLYGON_POINT 28.551696880 41.105127270 28.551696880 41.105127270
POLYGON_POINT 28.551696880 41.105127270 28.551663500 41.105081690
POLYGON_POINT 28.551115360 41.104388210 28.550867550 41.104091730
POLYGON_POINT 28.551115360 41.104388210 28.551115360 41.104388210
POLYGON_POINT 28.551115360 41.104388210 28.550959880 41.104202200
POLYGON_POINT 28.550823318 41.104073122 28.550805488 41.104056582
POLYGON_POINT 28.550823318 41.104073122 28.550823318 41.104073122
POLYGON_POINT 28.550823318 41.104073122 28.550777068 41.104030222
POLYGON_POINT 28.550805090 41.103947360 28.550851275 41.103903400
POLYGON_POINT 28.551121880 41.103668490 28.551257100 41.103542470
POLYGON_POINT 28.551701900 41.103129540 28.551758830 41.103075910
POLYGON_POINT 28.552349487 41.102455128 28.552432047 41.102368968
POLYGON_POINT 28.552354600 41.102267540 28.552293280 41.102232980
POLYGON_POINT 28.552028340 41.102124690 28.551939380 41.102097880
POLYGON_POINT 28.551920340 41.102094940 28.551920340 41.102094940
POLYGON_POINT 28.551822730 41.102044430 28.551822730 41.102044430
POLYGON_POINT 28.551670840 41.101966320 28.551574830 41.101919510
POLYGON_POINT 28.550934170 41.101594640 28.550823860 41.101581230
POLYGON_POINT 28.550738920 41.101663160 28.550738920 41.101663160
POLYGON_POINT 28.549997970 41.102516520 28.549997970 41.102516520
POLYGON_POINT 28.549897960 41.102444530 28.549897960 41.102444530
POLYGON_POINT 28.550182490 41.102140120 28.550182490 41.102140120
POLYGON_POINT 28.550665520 41.101588410 28.550715340 41.101507970
POLYGON_POINT 28.550484080 41.101443110 28.550484080 41.101443110
POLYGON_POINT 28.550072975 41.101746956 28.550072975 41.101746956
POLYGON_POINT 28.549734613 41.101573309 28.549734613 41.101573309
POLYGON_POINT 28.547970488 41.103230392 28.547970488 41.103230392
POLYGON_POINT 28.547923419 41.103205361 28.547923419 41.103205361
POLYGON_POINT 28.549893300 41.101347640 28.549893300 41.101347640
POLYGON_POINT 28.550211065 41.101071772 28.550211065 41.101071772
POLYGON_POINT 28.550376644 41.101223093 28.550488826 41.101276233
POLYGON_POINT 28.550376644 41.101223093 28.550376644 41.101223093
POLYGON_POINT 28.550376644 41.101223093 28.550490065 41.101276820
POLYGON_POINT 28.550814575 41.101431317 28.550814575 41.101431317
POLYGON_POINT 28.550866462 41.101418315 28.550866462 41.101418315
POLYGON_POINT 28.551008406 41.101256392 28.551008406 41.101256392
POLYGON_POINT 28.551068418 41.101223143 28.551104973 41.101218424
POLYGON_POINT 28.551143405 41.101235146 28.551143405 41.101235146
POLYGON_POINT 28.551283007 41.101319857 28.551283007 41.101319857
POLYGON_POINT 28.551308997 41.101318266 28.551308997 41.101318266
POLYGON_POINT 28.551469286 41.101417795 28.551469286 41.101417795
POLYGON_POINT 28.551552974 41.101340815 28.551552974 41.101340815
POLYGON_POINT 28.551451130 41.101268050 28.551451130 41.101268050
POLYGON_POINT 28.551739985 41.101045844 28.551739985 41.101045844
POLYGON_POINT 28.551220301 41.100670029 28.551220301 41.100670029
POLYGON_POINT 28.551345326 41.100561123 28.551345326 41.100561123
POLYGON_POINT 28.552573409 41.101434544 28.552573409 41.101434544
POLYGON_POINT 28.552437698 41.101546633 28.552437698 41.101546633
POLYGON_POINT 28.551912176 41.101168223 28.551912176 41.101168223
POLYGON_POINT 28.551669305 41.101357141 28.551669305 41.101357141
POLYGON_POINT 28.551622628 41.101325298 28.551622628 41.101325298
POLYGON_POINT 28.551580044 41.101359444 28.551580044 41.101359444
POLYGON_POINT 28.551750285 41.101479086 28.551750285 41.101479086
POLYGON_POINT 28.551653832 41.101547064 28.551653832 41.101547064
POLYGON_POINT 28.551565586 41.101549300 28.551565586 41.101549300
POLYGON_POINT 28.551135483 41.101268193 28.551135483 41.101268193
POLYGON_POINT 28.551083785 41.101255479 28.551058860 41.101255479
POLYGON_POINT 28.551046041 41.101270827 28.551046041 41.101270827
POLYGON_POINT 28.550903620 41.101432210 28.550903620 41.101432210
POLYGON_POINT 28.550894088 41.101469179 28.550894088 41.101469179
POLYGON_POINT 28.551843542 41.101953784 28.551926623 41.101989835
POLYGON_POINT 28.551843542 41.101953784 28.551843542 41.101953784
POLYGON_POINT 28.551843542 41.101953784 28.552000112 41.102021724
POLYGON_POINT 28.552371892 41.102169528 28.552460852 41.102209748
POLYGON_POINT 28.552526600 41.102309540 28.552551510 41.102355120
POLYGON_POINT 28.552457654 41.102459302 28.552391674 41.102525602
POLYGON_POINT 28.552457654 41.102459302 28.552457654 41.102459302
POLYGON_POINT 28.552457654 41.102459302 28.552425642 41.102491469
POLYGON_POINT 28.551800344 41.103147285 28.551477390 41.103470138
POLYGON_POINT 28.551800344 41.103147285 28.551800344 41.103147285
POLYGON_POINT 28.551800344 41.103147285 28.551457648 41.103489874
POLYGON_POINT 28.551041005 41.103869072 28.551003407 41.103901949
POLYGON_POINT 28.551041005 41.103869072 28.551041005 41.103869072
POLYGON_POINT 28.551041005 41.103869072 28.550967975 41.103932932
POLYGON_POINT 28.550937828 41.104064332 28.551001878 41.104134042
POLYGON_POINT 28.551876180 41.105115760 28.551954460 41.105198880
POLYGON_POINT 28.552032840 41.105193987 28.552032840 41.105193987
END_WINDING
END_POLYGON
BEGIN_POLYGON 3 0 2
BEGIN_WINDING
POLYGON_POINT 28.549897955 41.102444305
POLYGON_POINT 28.549997616 41.102516308
POLYGON_POINT 28.550437266 41.102759976
POLYGON_POINT 28.550154974 41.103073262
POLYGON_POINT 28.549920367 41.103330282
POLYGON_POINT 28.549354829 41.103019856
END_WINDING
BEGIN_WINDING
POLYGON_POINT 28.549528401 41.103027485
POLYGON_POINT 28.549899386 41.103231098
POLYGON_POINT 28.549955653 41.103191997
POLYGON_POINT 28.549989033 41.103132868
POLYGON_POINT 28.549615187 41.102933070
END_WINDING
END_POLYGON
BEGIN_POLYGON 3 55 2
BEGIN_WINDING
POLYGON_POINT 28.551143520 41.103468330
POLYGON_POINT 28.550764840 41.103268070
POLYGON_POINT 28.550903958 41.103128086
POLYGON_POINT 28.551275690 41.103327480
END_WINDING
END_POLYGON
BEGIN_POLYGON 6 0 4
BEGIN_WINDING
POLYGON_POINT 28.552334558 41.101970146 28.552334558 41.101970146
POLYGON_POINT 28.552231289 41.101907166 28.552208322 41.101885866
POLYGON_POINT 28.552218923 41.101815308 28.552245118 41.101790244
POLYGON_POINT 28.552322274 41.101798001 28.552359374 41.101810648
POLYGON_POINT 28.552394152 41.101863656 28.552407402 41.101878300
POLYGON_POINT 28.552443292 41.101924473 28.552451242 41.101931795
POLYGON_POINT 28.552481583 41.101928731 28.552481583 41.101928731
POLYGON_POINT 28.552515184 41.101962478 28.552515184 41.101962478
POLYGON_POINT 28.552433575 41.101965077 28.552399125 41.101937786
POLYGON_POINT 28.552336407 41.101863234 28.552318372 41.101840846
POLYGON_POINT 28.552274573 41.101835277 28.552263973 41.101839271
POLYGON_POINT 28.552277223 41.101881872 28.552308140 41.101907832
POLYGON_POINT 28.552383909 41.101948175 28.552397159 41.101954166
POLYGON_POINT 28.552446495 41.101978773 28.552446495 41.101978773
END_WINDING
END_POLYGON
FILTER -1
FILTER 0
FILTER -1
FILTER 0
FILTER -1
FILTER 0
FILTER -1
FILTER 0
FILTER -1
FILTER 0
OBJECT 0 28.554379706 41.103911876 72.349998
OBJECT 1 28.551993210 41.106084058 0.000000
OBJECT 1 28.551912146 41.106084058 0.000000
OBJECT 1 28.551031415 41.106068799 90.000000
OBJECT 1 28.550940337 41.106045911 68.199997
OBJECT 1 28.550778210 41.106053540 63.430000
OBJECT 1 28.550553225 41.106046083 0.000000
OBJECT 1 28.550373369 41.106091688 0.000000
OBJECT 1 28.549968528 41.106106947 0.000000
OBJECT 1 28.555130846 41.104345006 0.000000
OBJECT 1 28.555070287 41.104482338 135.000000
OBJECT 1 28.555241951 41.104619669 0.000000
OBJECT 2 28.554517180 41.104130694 173.050003
OBJECT 3 28.554592732 41.103947805 180.589996
OBJECT 1 28.555346201 41.104561966 0.000000
OBJECT 1 28.554981127 41.103974853 44.689999
OBJECT 1 28.554799900 41.103761278 202.500000
OBJECT 1 28.555316041 41.104438758 292.500000
OBJECT 1 28.555099102 41.104223782 40.939999
OBJECT 1 28.555032781 41.104118778 22.500000
OBJECT 1 28.554874650 41.103861071 292.500000
OBJECT 1 28.554666068 41.103685015 49.070000
OBJECT 1 28.553720114 41.101240277 180.000000
OBJECT 1 28.553830252 41.101784850 135.000000
OBJECT 1 28.553803311 41.101385233 180.000000
OBJECT 1 28.553620424 41.101116108 135.000000
OBJECT 1 28.553775654 41.101609350 180.000000
OBJECT 1 28.554045071 41.102797169 180.000000
OBJECT 1 28.554017414 41.102947852 153.440002
OBJECT 1 28.553983082 41.103088521 180.000000
OBJECT 1 28.553920615 41.103208686 116.570000
OBJECT 1 28.554093709 41.103344110 180.000000
OBJECT 1 28.553897055 41.103962549 243.429993
OBJECT 1 28.554266327 41.103396086 243.429993
OBJECT 1 28.553841543 41.104178911 0.000000
OBJECT 1 28.554287308 41.103521019 0.000000
OBJECT 1 28.553543989 41.104137426 90.000000
OBJECT 1 28.553989757 41.103479534 90.000000
OBJECT 1 28.553606048 41.104156450 0.000000
OBJECT 1 28.553872454 41.103417067 0.000000
OBJECT 1 28.553699836 41.103359369 0.000000
OBJECT 4 28.552817710 41.100014454 0.000000
OBJECT 4 28.553201312 41.100492430 0.000000
OBJECT 4 28.552384725 41.099582273 0.000000
OBJECT 4 28.552053080 41.099316638 0.000000
OBJECT 4 28.552220188 41.099436847 0.000000
OBJECT 4 28.552912363 41.100116759 0.000000
OBJECT 4 28.552502174 41.099690302 0.000000
OBJECT 4 28.551674201 41.099014839 0.000000
OBJECT 4 28.553076023 41.100361401 0.000000
OBJECT 4 28.552745593 41.099903461 0.000000
OBJECT 4 28.551860647 41.099202239 0.000000
OBJECT 4 28.552976636 41.100214985 270.000000
OBJECT 4 28.552600630 41.099825736 270.000000
OBJECT 4 28.551715686 41.099124514 270.000000
OBJECT 4 28.551541562 41.098880362 63.430000
OBJECT 4 28.551348993 41.098764973 54.450001
OBJECT 4 28.551093404 41.098624304 45.000000
OBJECT 4 28.553520066 41.102573053 0.000000
OBJECT 4 28.553575380 41.102369917 0.000000
OBJECT 4 28.553253916 41.100618670 341.559998
OBJECT 4 28.553658350 41.102177272 341.559998
OBJECT 4 28.553337527 41.100741277 333.429993
OBJECT 4 28.553755150 41.101963645 333.429993
OBJECT 4 28.553589208 41.103307393 0.000000
OBJECT 4 28.554501411 41.103588731 0.000000
OBJECT 4 28.553966001 41.104142671 0.000000
OBJECT 4 28.554411765 41.103484779 0.000000
OBJECT 4 28.553689429 41.104178911 0.000000
OBJECT 4 28.554135195 41.103521019 0.000000
OBJECT 4 28.553927768 41.103344110 0.000000
OBJECT 4 28.554086557 41.103198196 315.000000
OBJECT 4 28.554072728 41.103068017 56.310001
OBJECT 4 28.554149023 41.102932593 0.000000
OBJECT 4 28.553545948 41.101045491 0.000000
OBJECT 4 28.553851472 41.101484417 0.000000
OBJECT 4 28.553420026 41.100929704 160.350006
OBJECT 4 28.553875016 41.101650205 160.350006
OBJECT 5 28.549089473 41.102723977 143.130005
OBJECT 5 28.550394890 41.103064237 322.049988
OBJECT 6 28.550419051 41.103123987 320.079987
OBJECT 6 28.550489543 41.103162453 321.519989
OBJECT 4 28.550319240 41.103016208 0.000000
OBJECT 4 28.549949454 41.103143359 0.000000
OBJECT 4 28.549568456 41.102684157 0.000000
OBJECT 4 28.549333371 41.102551118 0.000000
OBJECT 4 28.549758240 41.102044709 0.000000
OBJECT 4 28.549536507 41.102106699 0.000000
OBJECT 4 28.549694820 41.102162490 0.000000
OBJECT 4 28.549602312 41.102259766 90.000000
OBJECT 4 28.549392500 41.102177272 0.000000
OBJECT 4 28.549418250 41.102470054 0.000000
OBJECT 4 28.549192226 41.102275978 0.000000
OBJECT 4 28.549525063 41.102367533 225.000000
OBJECT 4 28.549358167 41.102317941 225.000000
OBJECT 4 28.551091010 41.103621397 0.000000
OBJECT 4 28.549447337 41.102621691 0.000000
OBJECT 4 28.549294747 41.102445735 0.000000
OBJECT 4 28.549081598 41.102390421 0.000000
OBJECT 4 28.551226921 41.103474765 270.000000
OBJECT 4 28.549702926 41.103016041 270.000000
OBJECT 4 28.548901827 41.102484360 270.000000
OBJECT 4 28.551580200 41.103433292 225.000000
OBJECT 4 28.549833581 41.103080892 225.000000
OBJECT 4 28.549123083 41.102541581 225.000000
OBJECT 4 28.550700008 41.103983082 135.000000
OBJECT 4 28.549856470 41.103161955 135.000000
OBJECT 4 28.549115930 41.102651255 135.000000
OBJECT 4 28.548970970 41.102739471 0.000000
OBJECT 4 28.551039546 41.103934826 270.000000
OBJECT 4 28.549723907 41.103091859 270.000000
OBJECT 4 28.548998627 41.102594034 270.000000
OBJECT 4 28.550861181 41.103852903 0.000000
OBJECT 4 28.549594682 41.103023671 0.000000
OBJECT 4 28.548839361 41.102661746 0.000000
OBJECT 7 28.545105669 41.105918593 90.000000
OBJECT 7 28.544646944 41.105817979 90.000000
OBJECT 7 28.544405184 41.105805104 80.540001
OBJECT 7 28.543879702 41.105786507 116.570000
OBJECT 7 28.543596456 41.105748836 90.000000
OBJECT 7 28.543362802 41.105798905 109.970001
OBJECT 7 28.545144293 41.106005856 100.739998
OBJECT 7 28.544113355 41.105729763 131.190002
OBJECT 7 28.542962253 41.105937190 131.190002
OBJECT 7 28.545023175 41.106024929 149.559998
OBJECT 7 28.544021801 41.105792706 180.000000
OBJECT 7 28.542870699 41.106000134 180.000000
OBJECT 7 28.545272564 41.106077382 81.360001
OBJECT 7 28.544271668 41.105742638 111.800003
OBJECT 7 28.543121042 41.105950065 111.800003
OBJECT 7 28.542904078 41.105874247 0.000000
OBJECT 7 28.544842451 41.105872339 115.870003
OBJECT 7 28.543762875 41.105729763 146.309998
OBJECT 7 28.542612249 41.105937190 146.309998
OBJECT 7 28.544834821 41.105956264 149.559998
OBJECT 7 28.543812943 41.105805104 180.000000
OBJECT 7 28.542662318 41.106012531 180.000000
OBJECT 7 28.544702735 41.106014439 104.559998
OBJECT 7 28.543738079 41.105905718 135.000000
OBJECT 7 28.542586976 41.106113146 135.000000
OBJECT 7 28.544568742 41.105962463 6.420000
OBJECT 7 28.543587873 41.105911917 36.869999
OBJECT 7 28.542437247 41.106119345 36.869999
OBJECT 7 28.544376097 41.105862325 81.360001
OBJECT 7 28.543354219 41.105899519 111.800003
OBJECT 7 28.542203593 41.106106947 111.800003
OBJECT 7 28.544201095 41.105938144 149.559998
OBJECT 7 28.543254559 41.106031605 180.000000
OBJECT 7 28.542103456 41.106239033 180.000000
OBJECT 7 28.544237335 41.105990597 329.559998
OBJECT 7 28.543321317 41.106063077 0.000000
OBJECT 7 28.542170214 41.106270504 0.000000
OBJECT 7 28.547257191 41.105025940 90.000000
OBJECT 7 28.547165637 41.105101282 116.570000
OBJECT 7 28.547007324 41.105177100 129.809998
OBJECT 7 28.546915293 41.105214771 120.970001
OBJECT 7 28.546840429 41.105271038 135.000000
OBJECT 7 28.546756981 41.105371653 135.000000
OBJECT 7 28.546665427 41.105466068 135.000000
OBJECT 7 28.546606775 41.105572881 150.259995
OBJECT 7 28.546590085 41.105685893 180.000000
OBJECT 7 28.546606775 41.105849451 270.000000
OBJECT 7 28.543229286 41.104504273 0.000000
OBJECT 7 28.543195907 41.104416533 45.000000
OBJECT 7 28.542937457 41.103825723 90.000000
OBJECT 7 28.542795834 41.103813325 90.000000
OBJECT 7 28.542604143 41.103838121 270.000000
OBJECT 7 28.542645628 41.103775654 0.000000
OBJECT 7 28.542704280 41.103844797 0.000000
OBJECT 7 28.542495422 41.103970207 104.040001
OBJECT 7 28.542478733 41.103831922 0.000000
OBJECT 7 28.542453937 41.103605898 270.000000
OBJECT 7 28.542528801 41.103655966 198.429993
OBJECT 7 28.542345693 41.103631170 0.000000
OBJECT 7 28.542412451 41.103523880 45.000000
OBJECT 7 28.542520695 41.103040360 0.000000
OBJECT 7 28.542462043 41.103115702 225.000000
OBJECT 7 28.542620832 41.103147173 281.309998
OBJECT 7 28.542679007 41.103065156 315.000000
OBJECT 7 28.542870699 41.103027485 0.000000
OBJECT 7 28.543212596 41.102719921 225.000000
OBJECT 7 28.543062867 41.102769989 45.000000
OBJECT 7 28.543079557 41.102688449 180.000000
OBJECT 7 28.543229286 41.102600233 270.000000
OBJECT 7 28.543245975 41.102481022 0.000000
OBJECT 7 28.543329423 41.102405680 0.000000
OBJECT 7 28.543421454 41.102348936 270.000000
OBJECT 7 28.543488212 41.102223049 45.000000
OBJECT 7 28.543554494 41.102210651 225.000000
OBJECT 7 28.543780041 41.102135309 270.000000
OBJECT 7 28.543654631 41.102085241 315.000000
OBJECT 7 28.546748875 41.100583181 0.000000
OBJECT 7 28.546632048 41.100545510 45.000000
OBJECT 7 28.546516449 41.100423910 90.000000
OBJECT 7 28.546356909 41.100401026 56.310001
OBJECT 7 28.546443954 41.100275630 0.000000
OBJECT 7 28.546666965 41.100361292 0.000000
OBJECT 7 28.546419722 41.100155384 180.000000
OBJECT 7 28.546253657 41.100114747 290.910004
OBJECT 7 28.546255926 41.100277183 180.000000
OBJECT 7 28.546081292 41.100275139 243.429993
OBJECT 7 28.546899889 41.100446429 180.000000
OBJECT 7 28.546141086 41.100384574 90.000000
OBJECT 7 28.545872911 41.100331884 90.000000
OBJECT 7 28.545739395 41.100444896 180.000000
OBJECT 7 28.545572976 41.100482567 90.000000
OBJECT 7 28.545339322 41.100595579 270.000000
OBJECT 7 28.545155737 41.100740063 180.000000
OBJECT 7 28.545205806 41.100822080 296.570007
OBJECT 7 28.545030804 41.100928893 135.000000
OBJECT 7 28.544972152 41.101073377 180.000000
OBJECT 7 28.544889181 41.101180190 45.000000
OBJECT 7 28.544697013 41.101224060 0.000000
OBJECT 8 28.535080014 41.110523957 3.000000
OBJECT 8 28.550956549 41.102806536 145.000000
OBJECT 8 28.550166788 41.102654256 145.000000
OBJECT 8 28.550082165 41.102612540 145.000000
OBJECT 8 28.543251221 41.112694553 64.000000
OBJECT 8 28.550204776 41.102678588 144.949997
OBJECT 8 28.549196517 41.102684157 53.610001
OBJECT 8 28.550097753 41.103000305 321.000000
OBJECT 8 28.549789712 41.102972648 329.000000
OBJECT 8 28.549936103 41.103058003 329.000000
OBJECT 8 28.549692912 41.102911612 329.000000
OBJECT 8 28.549616140 41.102902552 149.000000
OBJECT 8 28.549755856 41.102936408 323.510010
OBJECT 8 28.550132290 41.102602510 322.320007
OBJECT 8 28.550162109 41.102622131 324.220001
OBJECT 8 28.549297608 41.102636950 232.490005
OBJECT 8 28.549251354 41.102671759 237.130005
OBJECT 8 28.549927417 41.101655531 140.000000
OBJECT 9 28.549920182 41.103322039 0.000000
OBJECT 9 28.549374857 41.103016995 273.000000
OBJECT 9 28.549633307 41.103173400 325.000000
OBJECT 9 28.550036240 41.103189136 235.679993
OBJECT 9 28.549538415 41.102853437 54.450001
OBJECT 9 28.549678013 41.102678980 51.709999
OBJECT 10 28.551158838 41.103453113 236.660004
OBJECT 11 28.550535973 41.104071298 54.000000
OBJECT 12 28.550493057 41.104119936 144.000000
OBJECT 13 28.550411994 41.104205291 142.990005
OBJECT 14 28.550446326 41.104167144 232.000000
OBJECT 15 28.551032491 41.102494101 54.220001
OBJECT 16 28.550351640 41.102714385 324.250000
OBJECT 17 28.550489242 41.102866789 56.430000
OBJECT 18 28.550284676 41.104337854 320.000000
OBJECT 18 28.550593671 41.104016461 320.000000
OBJECT 19 28.550329161 41.102698853 321.339996
OBJECT 19 28.550027425 41.102528311 330.640015
OBJECT 20 28.550052930 41.101522564 55.900002
OBJECT 21 28.550395304 41.103482872 56.310001
OBJECT 21 28.549877416 41.104041604 14.530000
OBJECT 22 28.551738053 41.101184482 0.000000
OBJECT 22 28.551706253 41.101165312 0.000000
OBJECT 22 28.551708373 41.101212439 0.000000
OBJECT 22 28.551677633 41.101190872 0.000000
OBJECT 22 28.551680813 41.101241993 0.000000
OBJECT 22 28.551645833 41.101214835 0.000000
OBJECT 22 28.551647953 41.101266755 0.000000
OBJECT 22 28.551617212 41.101243591 0.000000
OBJECT 21 28.550082494 41.101284297 56.400002
OBJECT 21 28.550920079 41.103493550 211.300003
OBJECT 21 28.550892176 41.103263046 230.910004
OBJECT 21 28.550179463 41.103735270 65.769997
OBJECT 23 28.550514515 41.103377489 57.090000
OBJECT 24 28.550902667 41.102823396 233.229996
OBJECT 25 28.550581273 41.104005016 0.000000
OBJECT 25 28.550651846 41.103894388 0.000000
OBJECT 26 28.549889372 41.103327897 0.000000
OBJECT 26 28.549821183 41.103285935 0.000000
OBJECT 26 28.549749180 41.103250172 0.000000
OBJECT 26 28.549685283 41.103211070 0.000000
OBJECT 26 28.549603742 41.103152895 0.000000
OBJECT 22 28.549542706 41.103172923 324.089996
OBJECT 22 28.549610895 41.103206779 53.130001
OBJECT 22 28.549700542 41.103247787 55.009998
OBJECT 22 28.549763008 41.103285935 52.700001
OBJECT 22 28.549843118 41.103322652 52.430000
OBJECT 27 28.553169585 41.103130007 57.259998
OBJECT 28 28.548816837 41.103458216 0.000000
OBJECT 29 28.549364366 41.102891585 325.170013
OBJECT 30 28.554121774 41.104112237 174.289993
OBJECT 6 28.549909707 41.103364298 322.750000
OBJECT 6 28.549479805 41.103138535 322.750000
OBJECT 4 28.550576279 41.103078081 0.000000
OBJECT 4 28.550454164 41.103003316 0.000000
OBJECT 4 28.550657176 41.101825485 270.000000
OBJECT 4 28.550243518 41.101909452 0.000000
OBJECT 4 28.550347314 41.101835837 0.000000
OBJECT 4 28.550542695 41.101937057 0.000000
OBJECT 4 28.550445005 41.102046329 0.000000
OBJECT 4 28.550361052 41.102130295 0.000000
OBJECT 4 28.550295416 41.102223463 0.000000
OBJECT 4 28.550196199 41.102310880 0.000000
OBJECT 4 28.550124457 41.102186656 0.000000
OBJECT 4 28.550048136 41.102272923 0.000000
OBJECT 4 28.549979448 41.102361490 0.000000
OBJECT 4 28.549903127 41.102440856 0.000000
OBJECT 4 28.549660432 41.102006071 0.000000
OBJECT 4 28.549526109 41.101989967 0.000000
OBJECT 4 28.549599376 41.101859992 0.000000
OBJECT 4 28.549715383 41.101794429 0.000000
OBJECT 4 28.549959608 41.101793279 0.000000
OBJECT 4 28.549770334 41.101696660 0.000000
OBJECT 4 28.550635806 41.101299832 0.000000
OBJECT 4 28.550475534 41.101225067 0.000000
OBJECT 4 28.550362581 41.101150303 0.000000
OBJECT 4 28.550286261 41.101049083 0.000000
OBJECT 4 28.551612702 41.101786378 0.000000
OBJECT 4 28.551489063 41.101704711 0.000000
OBJECT 4 28.551362372 41.101650651 0.000000
OBJECT 4 28.551258576 41.101594290 0.000000
OBJECT 4 28.552288908 41.102332735 0.000000
OBJECT 4 28.551678338 41.102016423 0.000000
OBJECT 4 28.552186638 41.102268322 165.960007
OBJECT 4 28.551576069 41.101952010 165.960007
OBJECT 4 28.552056893 41.102205060 0.000000
OBJECT 4 28.551446324 41.101888748 0.000000
OBJECT 4 28.551935034 41.102142181 0.000000
OBJECT 4 28.551295210 41.101799030 0.000000
OBJECT 4 28.551282730 41.103736777 143.130005
OBJECT 4 28.551824620 41.103202880 143.130005
OBJECT 4 28.552169340 41.102820430 143.130005
OBJECT 4 28.551364142 41.103638049 143.130005
OBJECT 4 28.551906031 41.103104153 143.130005
OBJECT 4 28.552250751 41.102721703 143.130005
OBJECT 4 28.551174623 41.101744969 143.130005
OBJECT 4 28.551204627 41.103827645 0.000000
OBJECT 4 28.551712172 41.103309085 0.000000
OBJECT 4 28.552091238 41.102911298 0.000000
OBJECT 4 28.551452676 41.103548715 0.000000
OBJECT 4 28.551994565 41.103014819 0.000000
OBJECT 4 28.552339284 41.102632368 0.000000
OBJECT 4 28.551034194 41.101686308 0.000000
OBJECT 31 28.551726299 41.101441888 46.490002
OBJECT 32 28.551745397 41.101403151 317.640015
OBJECT 31 28.551671090 41.101402211 46.490002
OBJECT 31 28.551487449 41.101191472 46.049999
OBJECT 31 28.551440338 41.101227527 46.049999
OBJECT 5 28.551618477 41.101357327 48.700001
OBJECT 33 28.551345443 41.101170350 142.910004
OBJECT 34 28.551237498 41.101278253 323.089996
OBJECT 6 28.551382248 41.101188070 49.580002
OBJECT 35 28.551423751 41.101149773 318.970001
OBJECT 36 28.551546302 41.101539757 229.050003
OBJECT 30 28.551386029 41.101349993 317.519989
OBJECT 4 28.551230627 41.101261395 0.000000
OBJECT 4 28.551136568 41.101212088 0.000000
OBJECT 37 28.549215157 41.103045169 325.429993
OBJECT 38 28.549208741 41.102824991 143.649994
OBJECT 39 28.550808408 41.103649650 233.850006
BEGIN_POLYGON 7 5 3
BEGIN_WINDING
POLYGON_POINT 28.549108301 41.102799554 5.000000000
POLYGON_POINT 28.549275196 41.102887770 0.000000000
POLYGON_POINT 28.549174477 41.102995435 2.000000000
POLYGON_POINT 28.549007687 41.102907321 2.000000000
END_WINDING
END_POLYGON
BEGIN_POLYGON 7 10 3
BEGIN_WINDING
POLYGON_POINT 28.549275196 41.102887770 5.000000000
POLYGON_POINT 28.549344339 41.102813859 1.000000000
POLYGON_POINT 28.549408291 41.102847829 1.000000000
POLYGON_POINT 28.549472244 41.102881799 3.000000000
POLYGON_POINT 28.549302381 41.103063375 4.000000000
POLYGON_POINT 28.549174477 41.102995435 3.000000000
END_WINDING
END_POLYGON
BEGIN_POLYGON 8 10 5
BEGIN_WINDING
POLYGON_POINT 28.548871998 41.100550358 1.000000000 28.548871998 41.100550358
POLYGON_POINT 28.548657526 41.100496340 0.000000000 28.548657526 41.100496340
POLYGON_POINT 28.547389277 41.100176909 0.000000000 28.547389277 41.100176909
POLYGON_POINT 28.546920850 41.100821676 0.000000000 28.546920850 41.100821676
POLYGON_POINT 28.546135485 41.100474879 0.000000000 28.546135485 41.100474879
POLYGON_POINT 28.545448415 41.101005451 0.000000000 28.545448415 41.101005451
POLYGON_POINT 28.548579101 41.102496212 0.000000000 28.548579101 41.102496212
POLYGON_POINT 28.549937943 41.101163396 0.000000000 28.550046920 41.101038109
POLYGON_POINT 28.549875404 41.100796858 0.000000000 28.549776112 41.100726883
POLYGON_POINT 28.549285322 41.100455693 0.000000000 28.549128328 41.100445364
POLYGON_POINT 28.549285322 41.100455693 0.000000000 28.549285322 41.100455693
END_WINDING
END_POLYGON
BEGIN_POLYGON 8 10 2
BEGIN_WINDING
POLYGON_POINT 28.550534944 41.105341295
POLYGON_POINT 28.548112716 41.104051339
END_WINDING
END_POLYGON
BEGIN_POLYGON 8 10 2
BEGIN_WINDING
POLYGON_POINT 28.548112716 41.104051339
POLYGON_POINT 28.546296560 41.103112777
END_WINDING
END_POLYGON
BEGIN_POLYGON 8 10 4
BEGIN_WINDING
POLYGON_POINT 28.546296560 41.103112777 28.546296560 41.103112777
POLYGON_POINT 28.544454078 41.102137020 28.544454078 41.102137020
POLYGON_POINT 28.543964542 41.102072411 28.543839012 41.101984897
POLYGON_POINT 28.543909209 41.101580027 28.544059415 41.101467015
POLYGON_POINT 28.544720339 41.101372936 28.544994292 41.101259225
POLYGON_POINT 28.545313450 41.100968233 28.545370527 41.100962161
POLYGON_POINT 28.545448415 41.101005451 28.545448415 41.101005451
END_WINDING
END_POLYGON
FILTER -1
OBJECT_DEF lib/g10/US/suburban/Z-RnchRHGry.obj
OBJECT_DEF lib/g10/forests/autogen_tree_any.obj
OBJECT_DEF lib/g10/US/suburban/L-RnchLHGry.obj
OBJECT_DEF lib/g10/US/suburban/TrailerSnglShrtPtch.obj
OBJECT_DEF lib/g10/forests/autogen_tree2.obj
OBJECT_DEF lib/g10/EU/suburban/gshed1_3x2.obj
OBJECT_DEF lib/g10/EU/suburban/gaze1_4x4.obj
OBJECT_DEF lib/airport/Common_Elements/Miscellaneous/Tree.obj
OBJECT_DEF lib/cars/car.obj
OBJECT_DEF lib/airport/Common_Elements/Lighting/Omni_Parking_Lit.obj
OBJECT_DEF lib/airport/Common_Elements/Lighting/Ovrhd_Flood_Med.obj
OBJECT_DEF lib/airport/Common_Elements/Fueling_Stations/Small_Fuel_Station.obj
OBJECT_DEF lib/g10/US/commercial/fuel_pump_benzoil.obj
OBJECT_DEF lib/g10/US/commercial/fuel_pump_ozgas.obj
OBJECT_DEF lib/airport/Common_Elements/Lighting/Dir_Ramp_Lit_Short.obj
OBJECT_DEF lib/airport/European_Airports/hangars/28x26x6.obj
OBJECT_DEF lib/airport/Common_Elements/Miscellaneous/Blue_Dumpster.obj
OBJECT_DEF lib/airport/Common_Elements/Misc_Buildings/Fire_Station_Sm.agp
OBJECT_DEF lib/airport/Common_Elements/Lighting/Opposing_Flood_Sm.obj
OBJECT_DEF lib/airport/Common_Elements/Lighting/Dir_Flood_Sm.obj
OBJECT_DEF lib/airport/Common_Elements/Hangars/Med_Gray_Hangar.agp
OBJECT_DEF lib/airport/aircraft/general_aviation/prop_a.obj
OBJECT_DEF lib/airport/Common_Elements/Miscellaneous/Picnic_Table.obj
OBJECT_DEF lib/airport/aircraft/general_aviation/turboprop_b.obj
OBJECT_DEF lib/airport/Common_Elements/Hangars/Sm_Orange_Hangar.agp
OBJECT_DEF lib/airport/Common_Elements/Miscellaneous/Stack_of_Cones.obj
OBJECT_DEF lib/airport/Common_Elements/Miscellaneous/Round_Trash_Can.obj
OBJECT_DEF lib/airport/Common_Elements/Miscellaneous/Const_Trailer.agp
OBJECT_DEF lib/airport/landscape/windsock.obj
OBJECT_DEF lib/airport/European_Airports/towers/Germany_16m.obj
OBJECT_DEF lib/g10/EU/urban_mid/outBld1-2_9x15.obj
OBJECT_DEF lib/g10/EU/suburban/carport1_6x3.obj
OBJECT_DEF lib/g10/EU/urban_mid/outBld1-2_6x15.obj
OBJECT_DEF lib/g10/EU/suburban/hRow1_terR6.obj
OBJECT_DEF lib/g10/EU/suburban/hRow1_terL6.obj
OBJECT_DEF lib/g10/EU/suburban/gaze2_4x4.obj
OBJECT_DEF lib/airport/Common_Elements/Parking_Items/Row_of_Cars_10.agp
OBJECT_DEF lib/airport/Modern_Airports/Terminal_kit/entrances/entrance_4_4m.obj
OBJECT_DEF lib/airport/Modern_Airports/Terminal_kit/entrances/entrance_2_4m.obj
OBJECT_DEF lib/airport/European_Airports/hangars/25x20x5_solar.obj
POLYGON_DEF lib/airport/lines/24_road_edge_wide.lin
POLYGON_DEF lib/g10/terrain10/urban_tmp_wet4.pol
POLYGON_DEF lib/g10/terrain10/urban_tmp_sdry5.pol
POLYGON_DEF lib/airport/pavement/asphalt_1D.pol
POLYGON_DEF lib/airport/pavement/asphalt_2D.pol
POLYGON_DEF lib/airport/pavement/concrete_1D.pol
POLYGON_DEF lib/airport/pavement/asphalt_5D.pol
POLYGON_DEF lib/airport/Modern_Airports/Terminal_kit/term_building_Tall_02.fac
POLYGON_DEF lib/airport/Common_Elements/Fence_Facades/Fence.fac
PROPERTY sim/filter/aptid LTBW
PROPERTY sim/exclude_obj 28.549045/41.101937/28.550184/41.103376
PROPERTY sim/exclude_for 28.549045/41.101937/28.550184/41.103376
PROPERTY sim/exclude_net 28.549045/41.101937/28.550184/41.103376
PROPERTY sim/exclude_obj 28.550192/41.100100/28.552672/41.101831
PROPERTY sim/exclude_for 28.550192/41.100100/28.552672/41.101831
PROPERTY sim/exclude_net 28.550192/41.100100/28.552672/41.101831
PROPERTY sim/exclude_obj 28.550121/41.102694/28.551218/41.104425
PROPERTY sim/exclude_for 28.550121/41.102694/28.551218/41.104425
PROPERTY sim/exclude_net 28.550121/41.102694/28.551218/41.104425
PROPERTY sim/exclude_obj 28.549206/41.103917/28.550232/41.105073
PROPERTY sim/exclude_for 28.549206/41.103917/28.550232/41.105073
PROPERTY sim/exclude_net 28.549206/41.103917/28.550232/41.105073
PROPERTY sim/exclude_obj 28.548410/41.103410/28.549282/41.104566
PROPERTY sim/exclude_for 28.548410/41.103410/28.549282/41.104566
PROPERTY sim/exclude_net 28.548410/41.103410/28.549282/41.104566
PROPERTY sim/exclude_obj 28.547447/41.103009/28.548471/41.104161
PROPERTY sim/exclude_for 28.547447/41.103009/28.548471/41.104161
PROPERTY sim/exclude_net 28.547447/41.103009/28.548471/41.104161
PROPERTY sim/exclude_obj 28.546568/41.102456/28.547592/41.103608
PROPERTY sim/exclude_for 28.546568/41.102456/28.547592/41.103608
PROPERTY sim/exclude_net 28.546568/41.102456/28.547592/41.103608
PROPERTY sim/exclude_obj 28.545595/41.101941/28.546619/41.103093
PROPERTY sim/exclude_for 28.545595/41.101941/28.546619/41.103093
PROPERTY sim/exclude_net 28.545595/41.101941/28.546619/41.103093
PROPERTY sim/exclude_obj 28.544103/41.101453/28.545626/41.102605
PROPERTY sim/exclude_for 28.544103/41.101453/28.545626/41.102605
PROPERTY sim/exclude_net 28.544103/41.101453/28.545626/41.102605
PROPERTY sim/exclude_for 28.550178/41.104362/28.551366/41.105289
PROPERTY sim/exclude_net 28.550178/41.104362/28.551366/41.105289
PROPERTY sim/exclude_obj 28.549507/41.105081/28.552738/41.105924
PROPERTY sim/exclude_for 28.549507/41.105081/28.552738/41.105924
PROPERTY sim/require_agpoint 1/0
PROPERTY sim/require_object 1/0
PROPERTY sim/require_facade 1/7
PROPERTY sim/require_facade 6/0
