PROPERTY sim/west -180
PROPERTY sim/east 180
PROPERTY sim/north 90
PROPERTY sim/south -90
PROPERTY sim/planet earth
PROPERTY sim/creation_agent WorldEditor1.5.1r1
PROPERTY laminar/internal_revision 0
PROPERTY sim/overlay 1
FILTER 0
FILTER -1
FILTER 0
FILTER -1
FILTER 0
FILTER -1
FILTER 0
FILTER -1
FILTER 0
FILTER -1
FILTER 0
OBJECT 0 27.682511254 37.250519284 155.376511
OBJECT 0 27.675175956 37.251627947 162.896774
OBJECT 0 27.676131075 37.252278840 162.896774
OBJECT 0 27.677652686 37.252431907 162.896774
OBJECT 1 27.670698863 37.247292000 0.000000
OBJECT 1 27.671125639 37.247194247 0.000000
OBJECT 1 27.671571012 37.247079805 0.000000
OBJECT 1 27.672059300 37.246967746 0.000000
OBJECT 1 27.672506104 37.246850443 0.000000
OBJECT 1 27.672818914 37.246773671 0.000000
OBJECT 1 27.673450256 37.246626326 0.000000
OBJECT 1 27.673739223 37.246561952 0.000000
OBJECT 1 27.674373426 37.246390764 0.000000
OBJECT 1 27.673562791 37.244922084 0.000000
OBJECT 1 27.673997673 37.244796674 0.000000
OBJECT 1 27.672940986 37.245096132 254.046234
OBJECT 2 27.678877204 37.243093161 198.958939
OBJECT 3 27.678941645 37.243227717 200.879425
OBJECT 4 27.678941645 37.243227717 17.324543
OBJECT 2 27.675237095 37.243950779 198.958939
OBJECT 3 27.675301536 37.244085335 200.879425
OBJECT 4 27.675301536 37.244085335 17.324543
OBJECT 2 27.675830207 37.243821545 198.958939
OBJECT 3 27.675894648 37.243956102 200.879425
OBJECT 4 27.675894648 37.243956102 17.324543
OBJECT 2 27.676444848 37.243670725 198.958939
OBJECT 3 27.676509288 37.243805282 200.879425
OBJECT 4 27.676509288 37.243805282 17.324543
OBJECT 2 27.677043771 37.243533111 198.958939
OBJECT 3 27.677108212 37.243667667 200.879425
OBJECT 4 27.677108212 37.243667667 17.324543
OBJECT 2 27.677652298 37.243387156 198.958939
OBJECT 3 27.677716738 37.243521712 200.879425
OBJECT 4 27.677716738 37.243521712 17.324543
OBJECT 2 27.678259949 37.243240506 198.958939
OBJECT 3 27.678324390 37.243375062 200.879425
OBJECT 4 27.678324390 37.243375062 17.324543
OBJECT 2 27.679476122 37.242951376 198.958939
OBJECT 3 27.679540563 37.243085932 200.879425
OBJECT 4 27.679540563 37.243085932 17.324543
OBJECT 1 27.679569375 37.243237733 174.149841
OBJECT 1 27.678969062 37.243372576 174.149841
OBJECT 1 27.678377402 37.243511773 232.589615
OBJECT 1 27.677459564 37.243779088 232.589615
OBJECT 1 27.676874475 37.243843938 0.000000
OBJECT 1 27.676300832 37.243976978 0.000000
OBJECT 1 27.675057221 37.244278344 0.000000
OBJECT 1 27.675670443 37.244137198 0.000000
OBJECT 1 27.675329023 37.246166648 0.000000
OBJECT 1 27.675804437 37.246067941 0.000000
OBJECT 5 27.666066692 37.245041810 14.996567
OBJECT 5 27.666023776 37.245050870 14.996567
OBJECT 5 27.666141080 37.245023690 14.996567
OBJECT 5 27.666106270 37.245031796 14.996567
OBJECT 6 27.671242466 37.247092203 17.918974
OBJECT 6 27.672150378 37.246791791 17.918974
OBJECT 6 27.672665370 37.246832322 196.696732
OBJECT 7 27.672926680 37.245133803 126.866562
OBJECT 7 27.672404059 37.245147154 251.266647
OBJECT 8 27.673399233 37.244813363 284.813904
OBJECT 8 27.674145972 37.244701781 112.177612
OBJECT 8 27.675411517 37.246209564 105.349510
OBJECT 8 27.674734398 37.246372168 106.816208
OBJECT 9 27.675507133 37.244227364 0.000000
OBJECT 10 27.676048581 37.246076524 91.797668
OBJECT 11 27.673946174 37.242040036 0.000000
OBJECT 12 27.671757935 37.244743744 18.775921
OBJECT 13 27.665051595 37.247910945 180.436707
OBJECT 13 27.665407321 37.247837034 180.436707
OBJECT 13 27.665752556 37.247757401 180.436707
OBJECT 13 27.666100175 37.247677768 180.436707
OBJECT 13 27.666446841 37.247597658 180.436707
OBJECT 13 27.666800660 37.247518978 180.436707
OBJECT 13 27.667146372 37.247439345 180.436707
OBJECT 13 27.667495422 37.247364004 180.436707
OBJECT 13 27.667840181 37.247288186 180.436707
OBJECT 13 27.675961795 37.246147574 176.108032
OBJECT 13 27.677203021 37.245852884 176.108032
OBJECT 13 27.677677481 37.245740349 176.108032
OBJECT 13 27.678142882 37.245628290 176.108032
OBJECT 13 27.678615435 37.245517662 176.108032
OBJECT 13 27.679079881 37.245406081 176.108032
OBJECT 13 27.679551957 37.245289731 176.108032
OBJECT 13 27.680007820 37.245183871 176.108032
OBJECT 13 27.680562390 37.244011311 265.807281
OBJECT 13 27.680241951 37.243189231 265.807281
OBJECT 13 27.679392691 37.243107214 354.116730
OBJECT 13 27.677565900 37.243533989 354.116730
OBJECT 13 27.675145438 37.244103819 354.116730
OBJECT 13 27.675735771 37.243966964 354.116730
OBJECT 13 27.676356622 37.243822957 354.116730
OBJECT 13 27.676956493 37.243678473 354.116730
OBJECT 13 27.678174830 37.243392844 354.116730
OBJECT 13 27.678789483 37.243248360 354.116730
OBJECT 13 27.664398795 37.247870413 88.545662
OBJECT 13 27.664039254 37.246858549 88.545662
OBJECT 13 27.670649748 37.247428855 176.108032
OBJECT 13 27.671087015 37.247325380 176.108032
OBJECT 13 27.671521420 37.247220951 176.108032
OBJECT 13 27.672000172 37.247104124 176.108032
OBJECT 13 27.672475586 37.246990158 176.108032
OBJECT 13 27.672950523 37.246872854 176.108032
OBJECT 13 27.673406863 37.246769379 176.108032
OBJECT 13 27.673876078 37.246655890 176.108032
OBJECT 13 27.674307622 37.246552415 176.108032
OBJECT 13 27.674790665 37.246433680 176.108032
OBJECT 13 27.675481613 37.246264878 176.108032
OBJECT 13 27.664489872 37.246406023 0.516365
OBJECT 13 27.664833200 37.246328298 0.516365
OBJECT 13 27.665182727 37.246248665 0.516365
OBJECT 13 27.665527962 37.246169986 0.516365
OBJECT 13 27.665879873 37.246089399 0.516365
OBJECT 13 27.666227493 37.246010243 0.516365
OBJECT 13 27.666577020 37.245931086 0.516365
OBJECT 13 27.666922255 37.245852884 0.516365
OBJECT 13 27.667275120 37.245775635 0.516365
OBJECT 13 27.667614157 37.245694572 0.516365
OBJECT 13 27.668320363 37.245535306 0.516365
OBJECT 13 27.668871595 37.245411803 0.516365
OBJECT 13 27.669482910 37.245263504 0.516365
OBJECT 13 27.670197223 37.245094701 0.516365
OBJECT 13 27.670900568 37.244928283 0.516365
OBJECT 13 27.671674964 37.245167659 0.516365
OBJECT 13 27.672145132 37.245044633 0.516365
OBJECT 13 27.672623407 37.244926375 0.516365
OBJECT 13 27.673092145 37.244810979 0.516365
OBJECT 13 27.673572328 37.244686999 0.598764
OBJECT 13 27.674049649 37.244566358 0.000000
OBJECT 14 27.665023938 37.247821298 195.856262
OBJECT 14 27.667805371 37.247180896 196.455017
OBJECT 14 27.667463474 37.247261006 196.455017
OBJECT 14 27.667114424 37.247340639 196.455017
OBJECT 14 27.666768235 37.247419795 196.455017
OBJECT 14 27.666416800 37.247500858 196.455017
OBJECT 14 27.666069181 37.247579538 196.455017
OBJECT 14 27.665722038 37.247661555 196.455017
OBJECT 14 27.665376802 37.247741188 196.455017
OBJECT 14 27.667321851 37.245899615 16.545662
OBJECT 14 27.664549954 37.246566243 17.149920
OBJECT 14 27.664891375 37.246482319 17.149920
OBJECT 14 27.665238518 37.246399825 17.149920
OBJECT 14 27.665584230 37.246317330 17.149920
OBJECT 14 27.665934234 37.246232929 17.149920
OBJECT 14 27.666280423 37.246150912 17.149920
OBJECT 14 27.666626612 37.246065557 17.149920
OBJECT 14 27.666970417 37.245982586 17.149920
OBJECT 14 27.673156043 37.244980259 17.276264
OBJECT 14 27.667660887 37.245817121 16.397345
OBJECT 14 27.668365663 37.245651656 16.397345
OBJECT 14 27.668914034 37.245524815 16.397345
OBJECT 14 27.669528687 37.245380808 16.397345
OBJECT 14 27.670241093 37.245213436 16.397345
OBJECT 14 27.670947776 37.245044633 16.397345
OBJECT 14 27.671728370 37.245301652 16.397345
OBJECT 14 27.672200446 37.245191978 16.397345
OBJECT 14 27.672686351 37.245090887 16.397345
OBJECT 14 27.673643378 37.244875353 16.699474
OBJECT 14 27.674124514 37.244759003 16.298466
OBJECT 14 27.675194553 37.244235428 16.298466
OBJECT 14 27.675789178 37.244098096 17.995880
OBJECT 14 27.676405261 37.243949798 17.995880
OBJECT 14 27.677005608 37.243811990 17.995880
OBJECT 14 27.677615969 37.243665599 17.995880
OBJECT 14 27.678225853 37.243521592 16.496223
OBJECT 14 27.678841936 37.243377108 16.496223
OBJECT 14 27.679442760 37.243234054 16.496223
OBJECT 14 27.674265183 37.246447509 196.647293
OBJECT 14 27.670608740 37.247322519 196.526443
OBJECT 14 27.671046483 37.247218090 196.526443
OBJECT 14 27.671479458 37.247113661 196.526443
OBJECT 14 27.671960594 37.246999695 196.526443
OBJECT 14 27.672436007 37.246884298 196.526443
OBJECT 14 27.672908560 37.246771286 196.526443
OBJECT 14 27.673364424 37.246663043 196.526443
OBJECT 14 27.673836023 37.246549077 196.526443
OBJECT 14 27.679966812 37.245080396 197.196609
OBJECT 14 27.678575380 37.245414664 197.328445
OBJECT 14 27.679041257 37.245302129 197.328445
OBJECT 14 27.679510472 37.245189593 197.328445
OBJECT 14 27.678103304 37.245526246 196.185852
OBJECT 14 27.677636473 37.245638304 196.746170
OBJECT 14 27.677161536 37.245751793 195.779358
OBJECT 14 27.674747272 37.246329252 196.559402
OBJECT 14 27.675921263 37.246047436 196.669266
OBJECT 14 27.675442512 37.246165694 196.389099
OBJECT 15 27.684254831 37.252435121 289.230011
OBJECT 16 27.682620793 37.250667620 10.740000
OBJECT 17 27.664571272 37.245668840 108.080002
OBJECT 18 27.662058664 37.245409738 17.230000
OBJECT 19 27.657958428 37.246674687 111.040001
OBJECT 19 27.668951997 37.244830027 16.860001
OBJECT 20 27.663520742 37.245361141 197.429993
OBJECT 19 27.664670725 37.245921876 17.820000
OBJECT 21 27.664875097 37.244986297 198.149994
OBJECT 21 27.664786182 37.244781486 18.230000
OBJECT 17 27.664398316 37.244976764 197.179993
OBJECT 15 27.668812217 37.244528016 286.260010
OBJECT 22 27.667192702 37.245583051 196.580002
OBJECT 12 27.669469103 37.243602686 198.649994
OBJECT 23 27.669921418 37.243753387 18.440001
OBJECT 23 27.672138221 37.241336262 287.739990
OBJECT 24 27.672602575 37.242068779 197.229996
OBJECT 25 27.663298061 37.246320118 17.520000
OBJECT 26 27.661524118 37.245830698 110.139999
OBJECT 26 27.662215454 37.246252462 288.440002
OBJECT 27 27.661789022 37.245352355 286.250000
OBJECT 28 27.668005761 37.244274662 200.399994
OBJECT 27 27.662013603 37.245288651 107.169998
OBJECT 26 27.662506203 37.246519922 17.240000
OBJECT 29 27.683979121 37.249793748 40.799999
OBJECT 30 27.668552229 37.253031736 286.859985
OBJECT 28 27.681030777 37.242880762 287.839996
OBJECT 28 27.681233822 37.243382700 287.839996
OBJECT 21 27.681303997 37.243887364 195.979996
OBJECT 21 27.681089919 37.243992357 195.979996
OBJECT 21 27.681226266 37.243680143 15.940000
OBJECT 21 27.681012187 37.243785136 15.940000
BEGIN_POLYGON 0 10 3
BEGIN_WINDING
POLYGON_POINT 27.674940428 37.243774790 2.000000000
POLYGON_POINT 27.675625879 37.243352769 2.000000000
POLYGON_POINT 27.675559096 37.242863676 0.000000000
POLYGON_POINT 27.677922577 37.242278647 2.000000000
POLYGON_POINT 27.678378996 37.242691612 2.000000000
POLYGON_POINT 27.679482037 37.242659056 1.000000000
POLYGON_POINT 27.679560552 37.242875867 0.000000000
POLYGON_POINT 27.675024409 37.243954386 1.000000000
END_WINDING
END_POLYGON
BEGIN_POLYGON 1 10 5
BEGIN_WINDING
POLYGON_POINT 27.671791216 37.244009798 0.000000000 27.671791216 37.244009798
POLYGON_POINT 27.671791216 37.244009798 0.000000000 27.671713686 37.243814346
POLYGON_POINT 27.671946277 37.243732051 0.000000000 27.671946277 37.243732051
POLYGON_POINT 27.673787620 37.243269139 0.000000000 27.673787620 37.243269139
POLYGON_POINT 27.674078358 37.243423443 0.000000000 27.674155888 37.243613751
POLYGON_POINT 27.673949141 37.243711477 0.000000000 27.673949141 37.243711477
POLYGON_POINT 27.672114259 37.244164102 0.000000000 27.672114259 37.244164102
POLYGON_POINT 27.671791216 37.244009798 0.000000000 27.671713686 37.243814346
END_WINDING
END_POLYGON
BEGIN_POLYGON 1 10 5
BEGIN_WINDING
POLYGON_POINT 27.671431989 37.243191988 0.000000000 27.671431989 37.243191988
POLYGON_POINT 27.671431989 37.243191988 0.000000000 27.671328615 37.242965675
POLYGON_POINT 27.671561206 37.242873093 0.000000000 27.671561206 37.242873093
POLYGON_POINT 27.673402549 37.242410181 0.000000000 27.673402549 37.242410181
POLYGON_POINT 27.673738513 37.242610776 0.000000000 27.673848347 37.242847376
POLYGON_POINT 27.673589913 37.242960532 0.000000000 27.673589913 37.242960532
POLYGON_POINT 27.671787335 37.243408014 0.000000000 27.671787335 37.243408014
POLYGON_POINT 27.671431989 37.243191988 0.000000000 27.671328615 37.242965675
END_WINDING
END_POLYGON
BEGIN_POLYGON 2 6 3
BEGIN_WINDING
POLYGON_POINT 27.673965678 37.244527325 0.000000000
POLYGON_POINT 27.674169304 37.244474750 1.000000000
POLYGON_POINT 27.674215370 37.244579050 1.000000000
POLYGON_POINT 27.674015363 37.244633546 1.000000000
END_WINDING
END_POLYGON
BEGIN_POLYGON 2 6 3
BEGIN_WINDING
POLYGON_POINT 27.673257831 37.244701909 0.000000000
POLYGON_POINT 27.673568835 37.244625323 1.000000000
POLYGON_POINT 27.673615548 37.244733841 1.000000000
POLYGON_POINT 27.673304543 37.244812348 1.000000000
END_WINDING
END_POLYGON
BEGIN_POLYGON 2 6 3
BEGIN_WINDING
POLYGON_POINT 27.672154269 37.244975821 0.000000000
POLYGON_POINT 27.672461654 37.244899234 1.000000000
POLYGON_POINT 27.672502421 37.245011287 1.000000000
POLYGON_POINT 27.672199862 37.245088834 1.000000000
END_WINDING
END_POLYGON
BEGIN_POLYGON 3 8 3
BEGIN_WINDING
POLYGON_POINT 27.672015920 37.244676549 1.000000000
POLYGON_POINT 27.671862173 37.244714210 0.000000000
POLYGON_POINT 27.671751054 37.244401891 1.000000000
POLYGON_POINT 27.674145002 37.243832831 0.000000000
POLYGON_POINT 27.674255767 37.244112969 1.000000000
POLYGON_POINT 27.674051624 37.244166369 1.000000000
POLYGON_POINT 27.674169450 37.244476088 1.000000000
POLYGON_POINT 27.672139924 37.244978328 1.000000000
END_WINDING
END_POLYGON
BEGIN_POLYGON 4 16 3
BEGIN_WINDING
POLYGON_POINT 27.664910401 37.245221035 1.000000000
POLYGON_POINT 27.665659641 37.245039466 1.000000000
POLYGON_POINT 27.665959331 37.245857504 0.000000000
POLYGON_POINT 27.665204522 37.246037119 1.000000000
END_WINDING
END_POLYGON
BEGIN_POLYGON 1 10 4
BEGIN_WINDING
POLYGON_POINT 27.678150634 37.241364605 27.678150634 37.241364605
POLYGON_POINT 27.678150634 37.241364605 27.678399236 37.241319228
POLYGON_POINT 27.678777765 37.241542153 27.678777765 37.241542153
POLYGON_POINT 27.678514231 37.241593195 27.678403362 37.241628501
POLYGON_POINT 27.678399752 37.241832304 27.678399752 37.241832304
POLYGON_POINT 27.676222399 37.242372395 27.676222399 37.242372395
POLYGON_POINT 27.676116711 37.242266608 27.676116711 37.242266608
POLYGON_POINT 27.675642572 37.242374102 27.675642572 37.242374102
POLYGON_POINT 27.675136218 37.242116575 27.674923215 37.242058416
POLYGON_POINT 27.675136218 37.242116575 27.675136218 37.242116575
POLYGON_POINT 27.675136218 37.242116575 27.675812755 37.241928173
POLYGON_POINT 27.678150634 37.241364605 27.678399236 37.241319228
END_WINDING
END_POLYGON
FILTER -1
OBJECT_DEF lib/airport/Common_Elements/Lighting/Dir_Ramp_Lit_Short.obj
OBJECT_DEF lib/airport/Ramp_Equipment/GPU_1.obj
OBJECT_DEF lib/airport/Ramp_Equipment/JetWayEx_8m.obj
OBJECT_DEF lib/airport/Ramp_Equipment/JetWayEx_16m.obj
OBJECT_DEF lib/airport/Ramp_Equipment/Jetway_400cm.obj
OBJECT_DEF lib/cars/car.obj
OBJECT_DEF lib/airport/Ramp_Equipment/Lugg_Cart_Group.obj
OBJECT_DEF lib/airport/Ramp_Equipment/Lugg_Train_3.obj
OBJECT_DEF lib/airport/Ramp_Equipment/Lugg_Train_Straight.obj
OBJECT_DEF lib/airport/Ramp_Equipment/Cargo_Container_6.obj
OBJECT_DEF lib/airport/Common_Elements/vehicles/Small_Fuel_Truck.obj
OBJECT_DEF lib/g10/streetlights/AreaFloodHighMast.obj
OBJECT_DEF lib/airport/Common_Elements/Misc_Buildings/Small_Office_2.agp
OBJECT_DEF lib/airport/landscape/apron_light.obj
OBJECT_DEF lib/airport/Ramp_Equipment/Ramp_Parking.obj
OBJECT_DEF lib/airport/Common_Elements/Hangars/Long_Row_Beige.agp
OBJECT_DEF lib/airport/Common_Elements/Hangars/Med_Brown_Hangar.agp
OBJECT_DEF lib/airport/Common_Elements/Hangars/Med_Blue_Hangar.agp
OBJECT_DEF lib/airport/Common_Elements/Fuel_Storage/3_Tank_Array.agp
OBJECT_DEF lib/airport/Common_Elements/Hangars/Sm_Gray_Hangar.agp
OBJECT_DEF lib/airport/Common_Elements/Hangars/FBO_Modern1.agp
OBJECT_DEF lib/airport/Common_Elements/Misc_Buildings/com_Office1.obj
OBJECT_DEF lib/airport/Common_Elements/Hangars/Lg_Maint_Gray.agp
OBJECT_DEF lib/airport/Common_Elements/Misc_Buildings/Small_Office_1.agp
OBJECT_DEF lib/airport/Common_Elements/Misc_Buildings/Large_Office_1.agp
OBJECT_DEF lib/airport/Common_Elements/Misc_Buildings/Fire_Station_Lg.agp
OBJECT_DEF lib/airport/Common_Elements/Fueling_Stations/Covered_Station.agp
OBJECT_DEF lib/airport/Common_Elements/Fueling_Stations/Small_Fuel_Station.obj
OBJECT_DEF lib/airport/Common_Elements/Misc_Buildings/Small_Office_3.agp
OBJECT_DEF lib/airport/Common_Elements/Hangars/Lg_Maint_Brown.agp
OBJECT_DEF lib/airport/Common_Elements/Hangars/Long_Row_Green.agp
POLYGON_DEF lib/airport/Modern_Airports/Facades/modern2.fac
POLYGON_DEF lib/airport/Common_Elements/Fence_Facades/Fenced_Parking.fac
POLYGON_DEF lib/airport/Modern_Airports/Facades/modern3.fac
POLYGON_DEF lib/airport/Modern_Airports/Facades/modern1.fac
POLYGON_DEF lib/airport/Common_Elements/Hangars/Blue_Hangar.fac
PROPERTY sim/filter/aptid LTFE
PROPERTY sim/exclude_obj 27.647419/37.251187/27.658257/37.255925
PROPERTY sim/exclude_for 27.647419/37.251187/27.658257/37.255925
PROPERTY sim/exclude_obj 27.673032/37.239848/27.681127/37.242852
PROPERTY sim/exclude_for 27.673032/37.239848/27.681127/37.242852
PROPERTY sim/exclude_net 27.673032/37.239848/27.681127/37.242852
PROPERTY sim/exclude_obj 27.670557/37.240985/27.673058/37.242872
PROPERTY sim/exclude_for 27.670557/37.240985/27.673058/37.242872
PROPERTY sim/exclude_obj 27.658188/37.253273/27.663048/37.255457
PROPERTY sim/exclude_for 27.658188/37.253273/27.663048/37.255457
PROPERTY sim/exclude_obj 27.664210/37.242861/27.681800/37.244193
PROPERTY sim/exclude_for 27.664210/37.242861/27.681800/37.244193
PROPERTY sim/exclude_obj 27.662884/37.253280/27.666625/37.254438
PROPERTY sim/exclude_for 27.662884/37.253280/27.666625/37.254438
PROPERTY sim/exclude_obj 27.658513/37.244188/27.685203/37.249752
PROPERTY sim/exclude_for 27.658513/37.244188/27.685203/37.249752
PROPERTY sim/exclude_obj 27.655043/37.249700/27.687333/37.253347
PROPERTY sim/exclude_for 27.655043/37.249700/27.687333/37.253347
PROPERTY sim/exclude_for 27.684961/37.245331/27.693853/37.247532
PROPERTY sim/require_agpoint 1/0
PROPERTY sim/require_object 1/0
PROPERTY sim/require_facade 1/0
