PROPERTY sim/west -180
PROPERTY sim/east 180
PROPERTY sim/north 90
PROPERTY sim/south -90
PROPERTY sim/planet earth
PROPERTY sim/creation_agent WorldEditor2.1.0r1
PROPERTY laminar/internal_revision 0
PROPERTY sim/overlay 1
FILTER 0
BEGIN_POLYGON 0 255 2
BEGIN_WINDING
POLYGON_POINT 19.241030272 42.364296324
POLYGON_POINT 19.239517834 42.356388830
POLYGON_POINT 19.245020515 42.356094392
POLYGON_POINT 19.245939865 42.364397164
END_WINDING
END_POLYGON
BEGIN_POLYGON 1 0 2
BEGIN_WINDING
POLYGON_POINT 19.246956451 42.365556359
POLYGON_POINT 19.247073516 42.365553923
POLYGON_POINT 19.247073673 42.365468185
POLYGON_POINT 19.247160780 42.365464309
POLYGON_POINT 19.247158077 42.365426294
POLYGON_POINT 19.247197216 42.365424452
POLYGON_POINT 19.247191602 42.365343606
POLYGON_POINT 19.247156342 42.365342283
POLYGON_POINT 19.247152130 42.365282376
POLYGON_POINT 19.247339561 42.365277319
POLYGON_POINT 19.247374310 42.365664769
POLYGON_POINT 19.247142652 42.365678773
POLYGON_POINT 19.247146864 42.365573742
POLYGON_POINT 19.246958199 42.365573262
END_WINDING
END_POLYGON
BEGIN_POLYGON 2 0 4
BEGIN_WINDING
POLYGON_POINT 19.246451832 42.363236984 19.246451832 42.363236984
POLYGON_POINT 19.246380239 42.362504420 19.246380239 42.362504420
POLYGON_POINT 19.246921264 42.362462904 19.246960232 42.362430762
POLYGON_POINT 19.246921264 42.362462904 19.246921264 42.362462904
POLYGON_POINT 19.246921264 42.362462904 19.246948947 42.362440071
POLYGON_POINT 19.246912842 42.362143599 19.246895311 42.362083036
POLYGON_POINT 19.246797257 42.362079793 19.246797257 42.362079793
POLYGON_POINT 19.247049387 42.361918223 19.247049387 42.361918223
POLYGON_POINT 19.247392505 42.362124077 19.247641719 42.362111354
POLYGON_POINT 19.249350871 42.362011581 19.249524867 42.361999528
POLYGON_POINT 19.249584679 42.361847524 19.249584679 42.361847524
POLYGON_POINT 19.249639959 42.362374514 19.249639959 42.362374514
POLYGON_POINT 19.249339090 42.362217154 19.249147694 42.362229207
POLYGON_POINT 19.247504871 42.362324962 19.247504871 42.362324962
POLYGON_POINT 19.247240141 42.362553303 19.247241446 42.362718190
POLYGON_POINT 19.247305498 42.363186762 19.247305498 42.363186762
END_WINDING
END_POLYGON
BEGIN_POLYGON 2 0 2
BEGIN_WINDING
POLYGON_POINT 19.246284937 42.360941015
POLYGON_POINT 19.245592058 42.360976821
POLYGON_POINT 19.245540920 42.360436511
POLYGON_POINT 19.246239916 42.360400382
END_WINDING
END_POLYGON
BEGIN_POLYGON 3 0 4
BEGIN_WINDING
POLYGON_POINT 19.246925153 42.365765323 19.246925153 42.365765323
POLYGON_POINT 19.246902111 42.365717629 19.246902111 42.365717629
POLYGON_POINT 19.246397293 42.365750068 19.246397293 42.365750068
POLYGON_POINT 19.246387604 42.365627151 19.246387604 42.365627151
POLYGON_POINT 19.246381066 42.365557628 19.246381066 42.365557628
POLYGON_POINT 19.246370233 42.365467411 19.246370233 42.365467411
POLYGON_POINT 19.246340219 42.365343992 19.246326678 42.365307410
POLYGON_POINT 19.246340219 42.365343992 19.246340219 42.365343992
POLYGON_POINT 19.246340219 42.365343992 19.246335227 42.365330505
POLYGON_POINT 19.246309767 42.365271409 19.246293167 42.365242369
POLYGON_POINT 19.246309767 42.365271409 19.246309767 42.365271409
POLYGON_POINT 19.246309767 42.365271409 19.246292453 42.365240119
POLYGON_POINT 19.246257554 42.365195273 19.246248227 42.365180597
POLYGON_POINT 19.246257554 42.365195273 19.246257554 42.365195273
POLYGON_POINT 19.246257554 42.365195273 19.246246108 42.365179636
POLYGON_POINT 19.246235894 42.365162265 19.246235894 42.365162265
POLYGON_POINT 19.246839307 42.365122912 19.246839307 42.365122912
POLYGON_POINT 19.246821859 42.364708280 19.246718544 42.364708280
POLYGON_POINT 19.246382424 42.364723864 19.246382424 42.364723864
POLYGON_POINT 19.246378644 42.364648826 19.246378644 42.364648826
POLYGON_POINT 19.246911854 42.364626684 19.246911854 42.364626684
POLYGON_POINT 19.246894839 42.364534317 19.246894839 42.364534317
POLYGON_POINT 19.246534349 42.364536901 19.246534349 42.364536901
POLYGON_POINT 19.246512389 42.364064353 19.246512389 42.364064353
POLYGON_POINT 19.246765673 42.364064547 19.246765673 42.364064547
POLYGON_POINT 19.246813795 42.364413229 19.246813795 42.364413229
POLYGON_POINT 19.246898765 42.364450830 19.246951573 42.364447054
POLYGON_POINT 19.246990776 42.364442786 19.246990776 42.364442786
POLYGON_POINT 19.246937603 42.365123338 19.246937603 42.365123338
POLYGON_POINT 19.246923392 42.365280735 19.246923392 42.365280735
POLYGON_POINT 19.246981658 42.365763481 19.246981658 42.365763481
END_WINDING
BEGIN_WINDING
POLYGON_POINT 19.246430578 42.365370465 19.246430578 42.365370465
POLYGON_POINT 19.246430578 42.365370465 19.246441495 42.365422090
POLYGON_POINT 19.246514641 42.365418057 19.246514641 42.365418057
POLYGON_POINT 19.246764647 42.365395471 19.246764647 42.365395471
POLYGON_POINT 19.246836702 42.365343846 19.246835610 42.365295447
POLYGON_POINT 19.246776656 42.365280928 19.246776656 42.365280928
POLYGON_POINT 19.246481889 42.365293028 19.246481889 42.365293028
POLYGON_POINT 19.246430578 42.365370465 19.246441495 42.365422090
END_WINDING
BEGIN_WINDING
POLYGON_POINT 19.246870545 42.365625365 19.246870545 42.365625365
POLYGON_POINT 19.246870545 42.365625365 19.246886921 42.365587453
POLYGON_POINT 19.246871637 42.365550347 19.246855261 42.365521308
POLYGON_POINT 19.246784299 42.365491462 19.246737355 42.365490655
POLYGON_POINT 19.246657658 42.365495495 19.246657658 42.365495495
POLYGON_POINT 19.246662025 42.365531794 19.246662025 42.365531794
POLYGON_POINT 19.246462238 42.365541474 19.246462238 42.365541474
POLYGON_POINT 19.246456779 42.365505981 19.246449137 42.365506788
POLYGON_POINT 19.246419660 42.365591486 19.246418568 42.365614879
POLYGON_POINT 19.246484072 42.365691509 19.246522283 42.365695542
POLYGON_POINT 19.246813775 42.365673763 19.246813775 42.365673763
POLYGON_POINT 19.246870545 42.365625365 19.246886921 42.365587453
END_WINDING
END_POLYGON
BEGIN_POLYGON 4 0 4
BEGIN_WINDING
POLYGON_POINT 19.246245412 42.368596476 19.246245412 42.368596476
POLYGON_POINT 19.246240529 42.368584234 19.246240529 42.368584234
POLYGON_POINT 19.246236869 42.368567572 19.246236869 42.368567572
POLYGON_POINT 19.246234294 42.368545033 19.246234294 42.368545033
POLYGON_POINT 19.246227196 42.368478497 19.246227196 42.368478497
POLYGON_POINT 19.246214944 42.368371389 19.246214944 42.368371389
POLYGON_POINT 19.246204456 42.368279757 19.246204456 42.368279757
POLYGON_POINT 19.246227831 42.368205626 19.246227831 42.368205626
POLYGON_POINT 19.246211956 42.368022603 19.246211956 42.368022603
POLYGON_POINT 19.245353696 42.368058242 19.245353696 42.368058242
POLYGON_POINT 19.245351622 42.368036037 19.245351622 42.368036037
POLYGON_POINT 19.246209368 42.367994523 19.246209368 42.367994523
POLYGON_POINT 19.246200001 42.367890713 19.246200001 42.367890713
POLYGON_POINT 19.246183389 42.367710768 19.246183389 42.367710768
POLYGON_POINT 19.245325016 42.367756585 19.245325016 42.367756585
POLYGON_POINT 19.245322997 42.367730962 19.245322997 42.367730962
POLYGON_POINT 19.246181270 42.367685557 19.246181270 42.367685557
POLYGON_POINT 19.246171721 42.367573487 19.246171721 42.367573487
POLYGON_POINT 19.246128452 42.367510526 19.246128452 42.367510526
POLYGON_POINT 19.246122823 42.367477581 19.246122823 42.367477581
POLYGON_POINT 19.246107193 42.367375064 19.246107193 42.367375064
POLYGON_POINT 19.246118810 42.367308520 19.246137393 42.367278293
POLYGON_POINT 19.246162825 42.367267808 19.246162825 42.367267808
POLYGON_POINT 19.246262652 42.367241090 19.246330744 42.367235762
POLYGON_POINT 19.246262652 42.367241090 19.246262652 42.367241090
POLYGON_POINT 19.246262652 42.367241090 19.246334073 42.367229614
POLYGON_POINT 19.246410251 42.367186239 19.246440899 42.367166156
POLYGON_POINT 19.246410251 42.367186239 19.246410251 42.367186239
POLYGON_POINT 19.246410251 42.367186239 19.246479314 42.367141053
POLYGON_POINT 19.246489902 42.367051149 19.246491844 42.367041210
POLYGON_POINT 19.246489902 42.367051149 19.246489902 42.367051149
POLYGON_POINT 19.246489902 42.367051149 19.246497165 42.367011489
POLYGON_POINT 19.246496245 42.366945430 19.246495435 42.366916479
POLYGON_POINT 19.246496245 42.366945430 19.246496245 42.366945430
POLYGON_POINT 19.246496245 42.366945430 19.246494507 42.366908871
POLYGON_POINT 19.246491353 42.366885461 19.246491353 42.366885461
POLYGON_POINT 19.246489839 42.366875169 19.246489839 42.366875169
POLYGON_POINT 19.246462959 42.366519088 19.246462959 42.366519088
POLYGON_POINT 19.246449727 42.366355551 19.246449727 42.366355551
POLYGON_POINT 19.246432884 42.366156997 19.246432884 42.366156997
POLYGON_POINT 19.246805718 42.366144582 19.246805718 42.366144582
POLYGON_POINT 19.246799005 42.366073422 19.246799005 42.366073422
POLYGON_POINT 19.246868643 42.366069710 19.246868643 42.366069710
POLYGON_POINT 19.246862800 42.365989197 19.246862800 42.365989197
POLYGON_POINT 19.246944721 42.365984230 19.246944721 42.365984230
POLYGON_POINT 19.247183387 42.368726955 19.247183387 42.368726955
POLYGON_POINT 19.246790506 42.368748300 19.246790506 42.368748300
POLYGON_POINT 19.246781279 42.368660635 19.246781279 42.368660635
POLYGON_POINT 19.246669538 42.368668886 19.246669538 42.368668886
POLYGON_POINT 19.246678647 42.368758334 19.246678647 42.368758334
POLYGON_POINT 19.246525631 42.368765467 19.246497778 42.368764205
POLYGON_POINT 19.246525631 42.368765467 19.246525631 42.368765467
POLYGON_POINT 19.246525631 42.368765467 19.246510160 42.368765868
POLYGON_POINT 19.246383261 42.368691659 19.246316884 42.368651106
POLYGON_POINT 19.246383261 42.368691659 19.246383261 42.368691659
POLYGON_POINT 19.246383261 42.368691659 19.246347534 42.368669831
POLYGON_POINT 19.246283054 42.368624827 19.246256314 42.368605557
POLYGON_POINT 19.246283054 42.368624827 19.246283054 42.368624827
POLYGON_POINT 19.246283054 42.368624827 19.246260114 42.368608295
END_WINDING
BEGIN_WINDING
POLYGON_POINT 19.246603534 42.368493796 19.246603534 42.368493796
POLYGON_POINT 19.246584174 42.368331686 19.246584174 42.368331686
POLYGON_POINT 19.246283285 42.368350162 19.246283285 42.368350162
POLYGON_POINT 19.246299418 42.368514060 19.246299418 42.368514060
END_WINDING
BEGIN_WINDING
POLYGON_POINT 19.247022197 42.368515252 19.247022197 42.368515252
POLYGON_POINT 19.247018163 42.368416317 19.247018163 42.368416317
POLYGON_POINT 19.246806009 42.368435985 19.246806009 42.368435985
POLYGON_POINT 19.246819722 42.368523000 19.246819722 42.368523000
END_WINDING
BEGIN_WINDING
POLYGON_POINT 19.246660313 42.367432121 19.246660313 42.367432121
POLYGON_POINT 19.246667089 42.367355595 19.246667089 42.367355595
POLYGON_POINT 19.246882950 42.367308392 19.246882950 42.367308392
POLYGON_POINT 19.246895534 42.367244740 19.246895534 42.367244740
POLYGON_POINT 19.246624498 42.367254038 19.246624498 42.367254038
POLYGON_POINT 19.246570291 42.367023031 19.246570291 42.367023031
POLYGON_POINT 19.246529635 42.367055214 19.246518987 42.367119581
POLYGON_POINT 19.246445421 42.367216133 19.246426061 42.367230437
POLYGON_POINT 19.246291511 42.367284791 19.246175353 42.367300525
POLYGON_POINT 19.246169544 42.367349158 19.246169544 42.367349158
POLYGON_POINT 19.246186968 42.367456437 19.246186968 42.367456437
END_WINDING
BEGIN_WINDING
POLYGON_POINT 19.246998437 42.366924296 19.246998437 42.366924296
POLYGON_POINT 19.246974854 42.366689079 19.246974854 42.366689079
POLYGON_POINT 19.246999746 42.366670688 19.246999746 42.366670688
POLYGON_POINT 19.246995723 42.366619385 19.246995723 42.366619385
POLYGON_POINT 19.246959133 42.366606801 19.246959133 42.366606801
POLYGON_POINT 19.246938171 42.366440310 19.246938171 42.366440310
POLYGON_POINT 19.246931621 42.366335769 19.246931621 42.366335769
POLYGON_POINT 19.246753447 42.366348353 19.246753447 42.366348353
POLYGON_POINT 19.246757377 42.366365776 19.246757377 42.366365776
POLYGON_POINT 19.246479635 42.366392880 19.246479635 42.366392880
POLYGON_POINT 19.246486186 42.366485805 19.246486186 42.366485805
POLYGON_POINT 19.246622436 42.366459670 19.246622436 42.366459670
POLYGON_POINT 19.246652569 42.366556467 19.246652569 42.366556467
POLYGON_POINT 19.246494046 42.366562275 19.246494046 42.366562275
POLYGON_POINT 19.246528109 42.366945592 19.246528109 42.366945592
END_WINDING
BEGIN_WINDING
POLYGON_POINT 19.246534591 42.366337339 19.246534591 42.366337339
POLYGON_POINT 19.246549754 42.366286364 19.246549754 42.366286364
POLYGON_POINT 19.246542173 42.366223065 19.246542173 42.366223065
POLYGON_POINT 19.246468631 42.366226426 19.246468631 42.366226426
POLYGON_POINT 19.246474697 42.366340140 19.246474697 42.366340140
END_WINDING
BEGIN_WINDING
POLYGON_POINT 19.246960379 42.366215492 19.246960379 42.366215492
POLYGON_POINT 19.246953429 42.366114662 19.246953429 42.366114662
POLYGON_POINT 19.246896567 42.366116529 19.246896567 42.366116529
POLYGON_POINT 19.246899095 42.366147805 19.246899095 42.366147805
POLYGON_POINT 19.246878245 42.366148739 19.246878245 42.366148739
POLYGON_POINT 19.246881404 42.366195419 19.246881404 42.366195419
POLYGON_POINT 19.246815697 42.366197831 19.246815697 42.366197831
POLYGON_POINT 19.246817593 42.366219771 19.246817593 42.366219771
END_WINDING
END_POLYGON
FILTER -1
FILTER 0
FILTER -1
FILTER 0
FILTER -1
FILTER 0
FILTER -1
FILTER 0
FILTER -1
FILTER 0
OBJECT 0 19.246233513 42.367135651 0.000000
OBJECT 0 19.245820817 42.367278318 0.000000
OBJECT 0 19.246341687 42.367320339 0.000000
OBJECT 0 19.246245526 42.367370856 0.000000
OBJECT 0 19.245731656 42.367205720 0.000000
OBJECT 0 19.245769078 42.366273820 0.000000
OBJECT 0 19.245750518 42.366397236 0.000000
OBJECT 0 19.245751610 42.366501293 0.000000
OBJECT 0 19.245778904 42.366636809 0.000000
OBJECT 0 19.245783271 42.366759419 0.000000
OBJECT 0 19.245786546 42.366898968 0.000000
OBJECT 0 19.246064188 42.367208473 0.000000
OBJECT 1 19.245741932 42.368319383 0.000000
OBJECT 1 19.245884130 42.368239902 0.000000
OBJECT 1 19.245915042 42.368088250 0.000000
OBJECT 1 19.245898968 42.367958523 0.000000
OBJECT 1 19.245890312 42.367864425 0.000000
OBJECT 2 19.246798809 42.365611734 0.000000
OBJECT 2 19.246545039 42.365637408 0.000000
OBJECT 1 19.245882893 42.367767587 0.000000
OBJECT 1 19.245868055 42.367660699 0.000000
OBJECT 1 19.245855690 42.367551984 0.000000
OBJECT 2 19.246662803 42.365955947 0.000000
OBJECT 2 19.246866241 42.365949879 0.000000
OBJECT 1 19.245845799 42.367432307 0.000000
OBJECT 0 19.246357353 42.366595143 0.000000
OBJECT 0 19.246368926 42.366716209 0.000000
OBJECT 0 19.246379843 42.366861405 0.000000
OBJECT 0 19.246265367 42.366024359 0.000000
OBJECT 0 19.246218204 42.366170716 0.000000
OBJECT 0 19.246088033 42.366360284 0.000000
OBJECT 0 19.246297438 42.366413251 0.000000
OBJECT 3 19.246202552 42.366918721 0.000000
OBJECT 3 19.246169698 42.366585887 0.000000
OBJECT 3 19.245324868 42.366281522 0.000000
OBJECT 3 19.245529243 42.366271842 0.000000
OBJECT 3 19.245586678 42.366969632 0.000000
OBJECT 3 19.245379464 42.366974224 0.000000
OBJECT 3 19.245432922 42.367428410 0.000000
OBJECT 3 19.245644579 42.367415183 0.000000
OBJECT 3 19.245716185 42.368152739 0.000000
OBJECT 3 19.245515440 42.368333866 0.000000
OBJECT 4 19.246220500 42.367646127 274.839996
OBJECT 4 19.246235664 42.367807456 274.839996
OBJECT 4 19.246248553 42.367968784 274.839996
OBJECT 4 19.246264474 42.368129553 274.839996
OBJECT 4 19.246281913 42.368291442 274.839996
OBJECT 5 19.244760958 42.367316736 229.589996
OBJECT 6 19.246398117 42.365891938 4.650000
OBJECT 5 19.245779891 42.366158821 92.970001
OBJECT 5 19.245750747 42.368396027 274.679993
OBJECT 6 19.246025968 42.367447948 70.040001
OBJECT 7 19.245785882 42.367395480 0.000000
OBJECT 7 19.245857151 42.368043226 0.000000
OBJECT 7 19.245827098 42.367736165 0.000000
OBJECT 7 19.246264164 42.367497622 0.000000
OBJECT 7 19.246286490 42.367708885 0.000000
OBJECT 7 19.246303821 42.367985560 0.000000
OBJECT 7 19.246320837 42.368212617 0.000000
OBJECT 8 19.246195105 42.368380375 143.970001
OBJECT 8 19.246183759 42.368393748 149.619995
OBJECT 8 19.246172142 42.368406921 143.130005
OBJECT 8 19.246160255 42.368419296 133.919998
OBJECT 8 19.246149719 42.368431471 149.199997
OBJECT 8 19.246137292 42.368442649 144.779999
OBJECT 8 19.246120543 42.368457619 150.259995
OBJECT 8 19.246107305 42.368468996 142.429993
OBJECT 8 19.246092760 42.368481371 133.830002
OBJECT 9 19.245802953 42.368409736 275.600006
OBJECT 9 19.246026401 42.367748184 2.200000
OBJECT 9 19.246179667 42.367867382 1.190000
OBJECT 9 19.246201447 42.368064656 3.630000
OBJECT 9 19.246065120 42.368079556 359.089996
OBJECT 10 19.245555528 42.366667046 183.479996
OBJECT 10 19.245347845 42.366676414 183.479996
OBJECT 10 19.245540637 42.366375864 3.330000
OBJECT 10 19.245337191 42.366384113 3.330000
OBJECT 10 19.246180092 42.366598803 3.300000
OBJECT 10 19.245569009 42.366676904 3.330000
OBJECT 10 19.245362829 42.366686202 3.330000
OBJECT 10 19.246192447 42.366890510 183.449997
OBJECT 10 19.245982296 42.366794386 3.500000
OBJECT 10 19.245959064 42.366512886 3.500000
OBJECT 10 19.245581552 42.366968606 183.479996
OBJECT 10 19.245375372 42.366977904 183.479996
OBJECT 11 19.245710359 42.368033915 3.050000
OBJECT 11 19.245712383 42.368154551 182.919998
OBJECT 10 19.245694285 42.368026013 183.479996
OBJECT 10 19.245668292 42.367720412 183.479996
OBJECT 10 19.245453020 42.367727345 183.479996
OBJECT 10 19.245486597 42.368035381 183.479996
OBJECT 10 19.245679393 42.367734831 3.330000
OBJECT 10 19.245654781 42.367428808 3.330000
OBJECT 10 19.245442883 42.367435509 3.330000
OBJECT 10 19.245475943 42.367743080 3.330000
OBJECT 10 19.245501582 42.368045169 3.330000
OBJECT 10 19.245514125 42.368336871 183.479996
OBJECT 11 19.245534387 42.366267545 3.170000
OBJECT 11 19.245328020 42.366273505 3.170000
OBJECT 11 19.245532371 42.366388730 183.630005
OBJECT 11 19.245326004 42.366394690 183.630005
OBJECT 12 19.245773169 42.368376711 0.000000
BEGIN_POLYGON 5 7 5
BEGIN_WINDING
POLYGON_POINT 19.246590147 42.365997945 0.000000000 19.246590147 42.365997945
POLYGON_POINT 19.246586963 42.365949211 0.000000000 19.246586963 42.365949211
POLYGON_POINT 19.246414696 42.365957162 0.000000000 19.246414696 42.365957162
POLYGON_POINT 19.246387115 42.365611540 0.000000000 19.246383459 42.365581284
POLYGON_POINT 19.246387115 42.365611540 0.000000000 19.246387115 42.365611540
POLYGON_POINT 19.246387115 42.365611540 0.000000000 19.246387846 42.365581284
POLYGON_POINT 19.246370284 42.365469146 0.000000000 19.246370284 42.365469146
POLYGON_POINT 19.246354003 42.365386014 0.000000000 19.246341443 42.365333176
POLYGON_POINT 19.246310513 42.365272436 0.000000000 19.246306287 42.365261964
POLYGON_POINT 19.246310513 42.365272436 0.000000000 19.246310513 42.365272436
POLYGON_POINT 19.246310513 42.365272436 0.000000000 19.246302554 42.365252713
POLYGON_POINT 19.246251599 42.365184900 0.000000000 19.246251599 42.365184900
POLYGON_POINT 19.246200048 42.364739824 0.000000000 19.246200048 42.364739824
POLYGON_POINT 19.246392001 42.364731657 3.000000000 19.246392001 42.364731657
POLYGON_POINT 19.246386273 42.364640336 0.000000000 19.246386273 42.364640336
POLYGON_POINT 19.246371807 42.364494743 0.000000000 19.246371807 42.364494743
POLYGON_POINT 19.246439505 42.364492107 0.000000000 19.246439505 42.364492107
END_WINDING
END_POLYGON
OBJECT 13 19.245978692 42.364740627 4.360000
OBJECT 13 19.246188221 42.364921245 182.570007
OBJECT 14 19.247175014 42.367804287 92.440002
OBJECT 15 19.246622052 42.365205165 275.070007
OBJECT 15 19.246604767 42.365162816 274.929993
OBJECT 16 19.246537443 42.365269697 271.850006
OBJECT 17 19.246669772 42.365348165 275.250000
OBJECT 14 19.247187894 42.367950204 92.440002
OBJECT 14 19.247199323 42.368095960 92.440002
OBJECT 14 19.247210256 42.368241716 92.440002
OBJECT 14 19.247178508 42.367852689 93.470001
OBJECT 14 19.247191388 42.367998606 93.470001
OBJECT 14 19.247202818 42.368144362 93.470001
OBJECT 14 19.247213750 42.368290118 93.470001
OBJECT 14 19.247182579 42.367901233 93.720001
OBJECT 14 19.247195459 42.368047150 93.720001
OBJECT 14 19.247206889 42.368192906 93.720001
OBJECT 14 19.247217324 42.368339396 93.720001
OBJECT 18 19.247407198 42.365844488 184.679993
OBJECT 18 19.247453176 42.365839720 179.720001
OBJECT 19 19.247297368 42.368766853 0.000000
OBJECT 20 19.247187988 42.365794513 0.000000
OBJECT 21 19.247128433 42.365850782 180.600006
OBJECT 22 19.247161387 42.366640025 0.000000
OBJECT 22 19.247178247 42.366638245 0.000000
OBJECT 23 19.247417095 42.368953837 0.000000
OBJECT 23 19.247388993 42.368928626 0.000000
OBJECT 23 19.247324764 42.368455541 0.000000
OBJECT 23 19.247322757 42.368409568 0.000000
OBJECT 24 19.247268563 42.367773351 0.000000
OBJECT 24 19.247254516 42.367794113 136.330002
OBJECT 25 19.247244480 42.367673988 114.440002
OBJECT 25 19.247382971 42.368857441 96.709999
OBJECT 25 19.247324764 42.368360628 132.139999
OBJECT 26 19.247445198 42.368388805 180.000000
OBJECT 26 19.247288639 42.367814875 156.800003
OBJECT 26 19.247160181 42.366755997 130.100006
OBJECT 27 19.247242472 42.367473780 351.440002
OBJECT 28 19.247196313 42.366668499 271.970001
OBJECT 28 19.247272578 42.367194972 281.690002
OBJECT 28 19.247304690 42.367716996 284.929993
OBJECT 28 19.247441179 42.368895999 270.000000
OBJECT 28 19.247344831 42.368298341 287.450012
OBJECT 29 19.247594503 42.365786220 174.809998
OBJECT 30 19.247536631 42.365806508 177.949997
OBJECT 30 19.247511464 42.365812945 178.339996
OBJECT 31 19.247044534 42.365788713 0.000000
OBJECT 31 19.247001955 42.366403375 0.000000
OBJECT 31 19.247053266 42.366887361 0.000000
OBJECT 31 19.247124229 42.367353601 0.000000
OBJECT 31 19.247175542 42.368342546 0.000000
OBJECT 31 19.247226856 42.368813626 0.000000
OBJECT 31 19.247278660 42.369304236 0.000000
OBJECT 32 19.246425095 42.358586008 270.000000
OBJECT 32 19.246435918 42.358709975 272.859985
OBJECT 32 19.246446528 42.358841468 272.660004
OBJECT 33 19.246837968 42.361546335 272.049988
OBJECT 33 19.246883067 42.361756280 276.010010
OBJECT 34 19.246368937 42.361089789 3.580000
OBJECT 34 19.246398251 42.361429699 188.839996
OBJECT 34 19.246912382 42.361356385 276.339996
OBJECT 35 19.247799819 42.365404246 3.340000
OBJECT 36 19.246757228 42.366155384 0.000000
BEGIN_POLYGON 6 7 3
BEGIN_WINDING
POLYGON_POINT 19.247023400 42.368482418 7.000000000
POLYGON_POINT 19.247048228 42.368681146 8.000000000
POLYGON_POINT 19.246780392 42.368699412 7.000000000
POLYGON_POINT 19.246679509 42.368706292 8.000000000
POLYGON_POINT 19.246486954 42.368719423 8.000000000
POLYGON_POINT 19.246477186 42.368641239 9.000000000
POLYGON_POINT 19.246462719 42.368525438 0.000000000
POLYGON_POINT 19.246516669 42.368521759 9.000000000
POLYGON_POINT 19.246661028 42.368511914 0.000000000
POLYGON_POINT 19.246637434 42.368323064 0.000000000
POLYGON_POINT 19.246741596 42.368315960 0.000000000
POLYGON_POINT 19.246764598 42.368500068 9.000000000
POLYGON_POINT 19.246817491 42.368496460 8.000000000
END_WINDING
END_POLYGON
BEGIN_POLYGON 6 5 3
BEGIN_WINDING
POLYGON_POINT 19.246755964 42.366460826 0.000000000
POLYGON_POINT 19.246842770 42.366477092 8.000000000
POLYGON_POINT 19.246857175 42.366607051 0.000000000
POLYGON_POINT 19.246804103 42.366652424 8.000000000
POLYGON_POINT 19.246816234 42.366722446 0.000000000
POLYGON_POINT 19.246876129 42.366749334 8.000000000
POLYGON_POINT 19.246882114 42.366887215 0.000000000
POLYGON_POINT 19.246926926 42.366886575 0.000000000
POLYGON_POINT 19.246996677 42.366990767 0.000000000
POLYGON_POINT 19.246998545 42.367033041 9.000000000
POLYGON_POINT 19.247000154 42.367069481 7.000000000
POLYGON_POINT 19.247005026 42.367179787 0.000000000
POLYGON_POINT 19.247007292 42.367231079 2.000000000
POLYGON_POINT 19.246635692 42.367243785 0.000000000
POLYGON_POINT 19.246630952 42.367208368 1.000000000
POLYGON_POINT 19.246514182 42.367257321 1.000000000
POLYGON_POINT 19.246467380 42.367455681 0.000000000
POLYGON_POINT 19.246415286 42.367454038 1.000000000
POLYGON_POINT 19.246467753 42.367231532 1.000000000
POLYGON_POINT 19.246624387 42.367159314 0.000000000
POLYGON_POINT 19.246619807 42.367125096 2.000000000
POLYGON_POINT 19.246604420 42.367010129 2.000000000
POLYGON_POINT 19.246634746 42.367004870 4.000000000
POLYGON_POINT 19.246627974 42.366954268 2.000000000
POLYGON_POINT 19.246596976 42.366954506 2.000000000
POLYGON_POINT 19.246578397 42.366815686 0.000000000
POLYGON_POINT 19.246563741 42.366706183 2.000000000
POLYGON_POINT 19.246544057 42.366559109 2.000000000
POLYGON_POINT 19.246575844 42.366555488 4.000000000
POLYGON_POINT 19.246568044 42.366491564 0.000000000
POLYGON_POINT 19.246535169 42.366492699 0.000000000
POLYGON_POINT 19.246533351 42.366479114 0.000000000
POLYGON_POINT 19.246558945 42.366472811 0.000000000
END_WINDING
END_POLYGON
BEGIN_POLYGON 7 7 3
BEGIN_WINDING
POLYGON_POINT 19.246637879 42.367005896 0.000000000
POLYGON_POINT 19.246600498 42.367012801 0.000000000
POLYGON_POINT 19.246592740 42.366952222 0.000000000
POLYGON_POINT 19.246632061 42.366949877 0.000000000
END_WINDING
END_POLYGON
BEGIN_POLYGON 7 7 3
BEGIN_WINDING
POLYGON_POINT 19.246579399 42.366557362 0.000000000
POLYGON_POINT 19.246539579 42.366560945 0.000000000
POLYGON_POINT 19.246530469 42.366492441 0.000000000
POLYGON_POINT 19.246571318 42.366489618 0.000000000
END_WINDING
END_POLYGON
BEGIN_POLYGON 8 5 3
BEGIN_WINDING
POLYGON_POINT 19.246771563 42.366233218 0.000000000
POLYGON_POINT 19.246774309 42.366262601 1.000000000
POLYGON_POINT 19.246781593 42.366338131 3.000000000
POLYGON_POINT 19.246793451 42.366461098 0.000000000
POLYGON_POINT 19.246557664 42.366476223 0.000000000
POLYGON_POINT 19.246576317 42.366381332 6.000000000
POLYGON_POINT 19.246584885 42.366337740 0.000000000
POLYGON_POINT 19.246606889 42.366240214 0.000000000
END_WINDING
END_POLYGON
BEGIN_POLYGON 6 7 3
BEGIN_WINDING
POLYGON_POINT 19.246606920 42.366240247 8.000000000
POLYGON_POINT 19.246604449 42.366207753 4.000000000
POLYGON_POINT 19.246600660 42.366157928 8.000000000
POLYGON_POINT 19.246588724 42.366000943 1.000000000
POLYGON_POINT 19.246706700 42.365996046 8.000000000
POLYGON_POINT 19.246716362 42.366123110 0.000000000
POLYGON_POINT 19.246736441 42.366122277 8.000000000
POLYGON_POINT 19.246744976 42.366234517 0.000000000
END_WINDING
END_POLYGON
BEGIN_POLYGON 9 9 3
BEGIN_WINDING
POLYGON_POINT 19.246289606 42.367446466 2.000000000
POLYGON_POINT 19.246394922 42.367440781 0.000000000
POLYGON_POINT 19.246862443 42.367415545 2.000000000
POLYGON_POINT 19.247014985 42.367407311 3.000000000
POLYGON_POINT 19.247103230 42.368299708 2.000000000
POLYGON_POINT 19.246947190 42.368308131 0.000000000
POLYGON_POINT 19.246501392 42.368332195 2.000000000
POLYGON_POINT 19.246377850 42.368338863 3.000000000
END_WINDING
END_POLYGON
BEGIN_POLYGON 6 7 3
BEGIN_WINDING
POLYGON_POINT 19.246487611 42.365584109 0.000000000
POLYGON_POINT 19.246480664 42.365519004 8.000000000
POLYGON_POINT 19.246578679 42.365513295 9.000000000
POLYGON_POINT 19.246655277 42.365508833 0.000000000
POLYGON_POINT 19.246662224 42.365573938 8.000000000
END_WINDING
END_POLYGON
BEGIN_POLYGON 10 7 3
BEGIN_WINDING
POLYGON_POINT 19.246937932 42.367536070 3.000000000
POLYGON_POINT 19.246397942 42.367563173 3.000000000
END_WINDING
END_POLYGON
BEGIN_POLYGON 10 7 3
BEGIN_WINDING
POLYGON_POINT 19.246950510 42.367676619 3.000000000
POLYGON_POINT 19.246410519 42.367703722 3.000000000
END_WINDING
END_POLYGON
BEGIN_POLYGON 10 7 3
BEGIN_WINDING
POLYGON_POINT 19.246961778 42.367812716 3.000000000
POLYGON_POINT 19.246421786 42.367839819 3.000000000
END_WINDING
END_POLYGON
BEGIN_POLYGON 10 7 3
BEGIN_WINDING
POLYGON_POINT 19.246975143 42.367955589 3.000000000
POLYGON_POINT 19.246435150 42.367982692 3.000000000
END_WINDING
END_POLYGON
BEGIN_POLYGON 10 7 3
BEGIN_WINDING
POLYGON_POINT 19.246989556 42.368096913 3.000000000
POLYGON_POINT 19.246449561 42.368124016 3.000000000
END_WINDING
END_POLYGON
BEGIN_POLYGON 10 7 3
BEGIN_WINDING
POLYGON_POINT 19.247003968 42.368237269 3.000000000
POLYGON_POINT 19.246463973 42.368264372 3.000000000
END_WINDING
END_POLYGON
OBJECT 37 19.246014084 42.358606886 273.200012
BEGIN_POLYGON 11 7 3
BEGIN_WINDING
POLYGON_POINT 19.245942090 42.363114754 1.000000000
POLYGON_POINT 19.245883314 42.362547393 1.000000000
POLYGON_POINT 19.246442142 42.362515786 0.000000000
POLYGON_POINT 19.246500918 42.363083147 1.000000000
END_WINDING
END_POLYGON
BEGIN_POLYGON 11 7 3
BEGIN_WINDING
POLYGON_POINT 19.245677398 42.360891404 1.000000000
POLYGON_POINT 19.245648374 42.360522433 1.000000000
POLYGON_POINT 19.246197799 42.360498836 0.000000000
POLYGON_POINT 19.246226822 42.360867808 1.000000000
END_WINDING
END_POLYGON
OBJECT 38 19.246371677 42.361817773 274.170013
OBJECT 38 19.245726198 42.356644516 272.830017
OBJECT 38 19.246750577 42.364274691 274.380005
OBJECT 39 19.247294651 42.366351615 126.519997
OBJECT 39 19.247410899 42.366919980 128.000000
OBJECT 39 19.247440487 42.367476535 130.899994
OBJECT 39 19.247601410 42.369246033 133.630005
OBJECT 39 19.247586294 42.368635795 133.160004
OBJECT 39 19.247515546 42.368039789 134.139999
BEGIN_POLYGON 6 7 3
BEGIN_WINDING
POLYGON_POINT 19.247238030 42.365636930 8.000000000
POLYGON_POINT 19.247221045 42.365434389 9.000000000
POLYGON_POINT 19.247219054 42.365410650 8.000000000
POLYGON_POINT 19.247210863 42.365312965 8.000000000
POLYGON_POINT 19.247265697 42.365310455 9.000000000
POLYGON_POINT 19.247312528 42.365308311 8.000000000
POLYGON_POINT 19.247363283 42.365305988 0.000000000
POLYGON_POINT 19.247390450 42.365629952 8.000000000
END_WINDING
END_POLYGON
OBJECT 40 19.247225166 42.365480811 3.840000
FILTER -1
OBJECT_DEF lib/g10/forests/autogen_tree_any.obj
OBJECT_DEF lib/g10/forests/autogen_tree2.obj
OBJECT_DEF lib/g10/forests/autogen_tree4.obj
OBJECT_DEF lib/airport/Common_Elements/Lighting/Omni_Parking_Lit.obj
OBJECT_DEF lib/airport/Common_Elements/Lighting/Ovrhd_Flood_Small.obj
OBJECT_DEF lib/constructions/fencing/barriers/barrier2w_8m_01.obj
OBJECT_DEF lib/g10/US/industrial/light/SecBarrier.obj
OBJECT_DEF lib/street/furniture/Rubbish_bin_02.obj
OBJECT_DEF lib/airport/Common_Elements/Barriers/movable_plastic/no_light_pole.obj
OBJECT_DEF lib/cars/car.obj
OBJECT_DEF lib/airport/Common_Elements/Parking_Items/Row_of_Cars_10.agp
OBJECT_DEF lib/airport/Common_Elements/Parking_Items/Row_of_Cars_4.agp
OBJECT_DEF lib/airport/Common_Elements/Miscellaneous/One_Traffic_Cone.obj
OBJECT_DEF lib/airport/Common_Elements/Parking_Items/Row_of_Cars_6.agp
OBJECT_DEF lib/airport/Common_Elements/Barriers/concrete/red_white_stripe_6m.obj
OBJECT_DEF lib/airport/Common_Elements/vehicles/Fuel_Truck_Large.obj
OBJECT_DEF lib/airport/Common_Elements/vehicles/Fuel_Truck_Small.obj
OBJECT_DEF lib/airport/Common_Elements/Fueling_Stations/2_horiz_tanks.agp
OBJECT_DEF lib/airport/Ramp_Equipment/Tug660_Dn_1.obj
OBJECT_DEF lib/airport/Ramp_Equipment/Cargo_Container_6.obj
OBJECT_DEF lib/airport/Ramp_Equipment/Air_Start_1.obj
OBJECT_DEF lib/airport/Ramp_Equipment/Cargo_Loader_1.obj
OBJECT_DEF lib/airport/Ramp_Equipment/Chocks_1.obj
OBJECT_DEF lib/airport/Ramp_Equipment/Chocks_2.obj
OBJECT_DEF lib/airport/Ramp_Equipment/Chocks_3.obj
OBJECT_DEF lib/airport/Ramp_Equipment/GPU_1.obj
OBJECT_DEF lib/airport/Ramp_Equipment/Luggage_Cart.obj
OBJECT_DEF lib/airport/Ramp_Equipment/Lugg_Train_3.obj
OBJECT_DEF lib/airport/Ramp_Equipment/Stair_Maint_1.obj
OBJECT_DEF lib/airport/Ramp_Equipment/Tow_Tractor_1.obj
OBJECT_DEF lib/airport/Ramp_Equipment/Towbar_1.obj
OBJECT_DEF lib/airport/landscape/apron_light.obj
OBJECT_DEF lib/airport/aircraft/military/fighter_a.obj
OBJECT_DEF lib/airport/aircraft/military/turboprop_b.obj
OBJECT_DEF lib/airport/aircraft/military/prop_a.obj
OBJECT_DEF lib/airport/aircraft/general_aviation/jet_a.obj
OBJECT_DEF lib/airport/European_Airports/towers/Germany_8m.obj
OBJECT_DEF lib/airport/Common_Elements/Hangars/Sm_Gray_Hangar.agp
OBJECT_DEF lib/airport/Common_Elements/Hangars/Med_Gray_Hangar.agp
OBJECT_DEF lib/airport/Ramp_Equipment/Ramp_Parking_Stripe.obj
OBJECT_DEF lib/airport/European_Airports/towers/Germany_16m.obj
POLYGON_DEF lib/g8/broad_wrm_rain.for
POLYGON_DEF lib/airport/pavement/concrete_3L.pol
POLYGON_DEF lib/airport/pavement/concrete_6L.pol
POLYGON_DEF lib/airport/pavement/asphalt_3L.pol
POLYGON_DEF lib/airport/pavement/asphalt_5L.pol
POLYGON_DEF lib/airport/Common_Elements/Fence_Facades/Fence.fac
POLYGON_DEF lib/airport/Modern_Airports/Terminal_kit/term_building_Ground_02.fac
POLYGON_DEF lib/airport/Modern_Airports/Terminal_kit/term_building_Slab_01.fac
POLYGON_DEF lib/airport/Modern_Airports/Terminal_kit/term_building_Tall_01.fac
POLYGON_DEF lib/airport/Modern_Airports/Terminal_kit/term_building_BigHall_01.fac
POLYGON_DEF lib/airport/Modern_Airports/Terminal_kit/term_roof_long_skylight_01.fac
POLYGON_DEF lib/airport/Common_Elements/Hangars/Blue_Hangar.fac
PROPERTY sim/filter/aptid LYPG
PROPERTY sim/exclude_net 19.244063/42.364301/19.247641/42.369692
PROPERTY sim/exclude_obj 19.241935/42.357803/19.245950/42.364319
PROPERTY sim/exclude_fac 19.241935/42.357803/19.245950/42.364319
PROPERTY sim/exclude_for 19.241935/42.357803/19.245950/42.364319
PROPERTY sim/exclude_net 19.241935/42.357803/19.245950/42.364319
PROPERTY sim/exclude_net 19.248037/42.364614/19.250328/42.365790
PROPERTY sim/require_agpoint 1/0
PROPERTY sim/require_object 1/0
PROPERTY sim/require_facade 1/5
PROPERTY sim/require_facade 6/0
