PROPERTY sim/west -180
PROPERTY sim/east 180
PROPERTY sim/north 90
PROPERTY sim/south -90
PROPERTY sim/planet earth
PROPERTY sim/creation_agent WorldEditor2.1.0r1
PROPERTY laminar/internal_revision 0
PROPERTY sim/overlay 1
FILTER 0
BEGIN_POLYGON 0 255 2
BEGIN_WINDING
POLYGON_POINT 20.246363606 49.066918443
POLYGON_POINT 20.246406517 49.067227717
POLYGON_POINT 20.245273681 49.067154616
POLYGON_POINT 20.243960622 49.067030906
POLYGON_POINT 20.242424428 49.066890327
POLYGON_POINT 20.241051294 49.066642909
POLYGON_POINT 20.239944210 49.066755372
POLYGON_POINT 20.238983020 49.067143369
POLYGON_POINT 20.238674066 49.066862212
POLYGON_POINT 20.238150561 49.066850965
POLYGON_POINT 20.237172207 49.066575431
POLYGON_POINT 20.235944976 49.066558561
POLYGON_POINT 20.234554686 49.066665401
POLYGON_POINT 20.233902451 49.066845342
POLYGON_POINT 20.232400591 49.066862212
POLYGON_POINT 20.231140159 49.066721170
POLYGON_POINT 20.228649762 49.068171882
POLYGON_POINT 20.226682041 49.069259916
POLYGON_POINT 20.224130154 49.069904677
POLYGON_POINT 20.222531380 49.069179321
POLYGON_POINT 20.223146293 49.068353221
POLYGON_POINT 20.224991031 49.068030841
POLYGON_POINT 20.225114014 49.067285336
POLYGON_POINT 20.226989498 49.066237600
POLYGON_POINT 20.228065595 49.065572690
POLYGON_POINT 20.229418403 49.065371202
POLYGON_POINT 20.230463755 49.064968227
POLYGON_POINT 20.234153231 49.065351053
POLYGON_POINT 20.236243935 49.065492095
POLYGON_POINT 20.237473760 49.065391351
POLYGON_POINT 20.238519112 49.065733880
POLYGON_POINT 20.239564464 49.065693583
POLYGON_POINT 20.240394596 49.066116707
POLYGON_POINT 20.241347711 49.065935368
POLYGON_POINT 20.242393062 49.066519682
POLYGON_POINT 20.243340469 49.066600275
POLYGON_POINT 20.243845088 49.066762222
POLYGON_POINT 20.244998502 49.066917421
END_WINDING
END_POLYGON
BEGIN_POLYGON 0 255 2
BEGIN_WINDING
POLYGON_POINT 20.242785227 49.067484662
POLYGON_POINT 20.242704164 49.068278131
POLYGON_POINT 20.243819980 49.068662467
POLYGON_POINT 20.243291159 49.068980046
POLYGON_POINT 20.242968336 49.068893260
POLYGON_POINT 20.242645512 49.068518460
POLYGON_POINT 20.242043734 49.068378745
POLYGON_POINT 20.240796309 49.067335409
END_WINDING
END_POLYGON
BEGIN_POLYGON 1 0 4
BEGIN_WINDING
POLYGON_POINT 20.247578195 49.068034067 20.247578195 49.068034067
POLYGON_POINT 20.247677854 49.067937220 20.247733212 49.067904738
POLYGON_POINT 20.247789182 49.067882241 20.247789182 49.067882241
END_WINDING
END_POLYGON
BEGIN_POLYGON 2 0 4
BEGIN_WINDING
POLYGON_POINT 20.244423044 49.067474555 20.244423044 49.067474555
POLYGON_POINT 20.244307509 49.067466704 20.244307509 49.067466704
POLYGON_POINT 20.244000168 49.067447853 20.244000168 49.067447853
POLYGON_POINT 20.243113455 49.067370735 20.243113455 49.067370735
POLYGON_POINT 20.242122115 49.067294475 20.242122115 49.067294475
POLYGON_POINT 20.241308643 49.067237922 20.241308643 49.067237922
POLYGON_POINT 20.239964190 49.067136812 20.239964190 49.067136812
POLYGON_POINT 20.239560070 49.067153949 20.239560070 49.067153949
POLYGON_POINT 20.239305042 49.067207932 20.239305042 49.067207932
POLYGON_POINT 20.238075678 49.067745183 20.238075678 49.067745183
POLYGON_POINT 20.237640166 49.067961112 20.237640166 49.067961112
POLYGON_POINT 20.237207268 49.068302999 20.237207268 49.068302999
POLYGON_POINT 20.235991914 49.069335949 20.235991914 49.069335949
POLYGON_POINT 20.234714149 49.070373892 20.234714149 49.070373892
POLYGON_POINT 20.234326516 49.070677762 20.234326516 49.070677762
POLYGON_POINT 20.234336802 49.070715330 20.234346793 49.070736156
POLYGON_POINT 20.234418547 49.070771859 20.234418547 49.070771859
POLYGON_POINT 20.234740078 49.070950371 20.234740078 49.070950371
POLYGON_POINT 20.234859063 49.070995000 20.234859063 49.070995000
POLYGON_POINT 20.235156980 49.071069380 20.235156980 49.071069380
POLYGON_POINT 20.238289737 49.071634933 20.238289737 49.071634933
POLYGON_POINT 20.238496726 49.071657960 20.238496726 49.071657960
POLYGON_POINT 20.238789635 49.071640050 20.238789635 49.071640050
POLYGON_POINT 20.239715226 49.071578645 20.239715226 49.071578645
POLYGON_POINT 20.239726943 49.071619582 20.239726943 49.071619582
POLYGON_POINT 20.241164160 49.071727042 20.241164160 49.071727042
POLYGON_POINT 20.241179781 49.071829385 20.241179781 49.071829385
POLYGON_POINT 20.241066522 49.071829385 20.241066522 49.071829385
POLYGON_POINT 20.241039999 49.071758749 20.241039999 49.071758749
POLYGON_POINT 20.239715308 49.071657982 20.239715308 49.071657982
POLYGON_POINT 20.239685487 49.071681631 20.239685487 49.071681631
POLYGON_POINT 20.239690195 49.071720704 20.239690195 49.071720704
POLYGON_POINT 20.239355883 49.071746410 20.239355883 49.071746410
POLYGON_POINT 20.239340188 49.071647700 20.239340188 49.071647700
POLYGON_POINT 20.238506762 49.071685744 20.238506762 49.071685744
POLYGON_POINT 20.238287026 49.071668264 20.238287026 49.071668264
POLYGON_POINT 20.238023343 49.071624050 20.238023343 49.071624050
POLYGON_POINT 20.236024350 49.071259069 20.236024350 49.071259069
POLYGON_POINT 20.235144939 49.071099882 20.235144939 49.071099882
POLYGON_POINT 20.234798466 49.071010319 20.234798466 49.071010319
POLYGON_POINT 20.234666714 49.070957205 20.234666714 49.070957205
POLYGON_POINT 20.234578783 49.071031640 20.234578783 49.071031640
POLYGON_POINT 20.234505556 49.070992551 20.234505556 49.070992551
POLYGON_POINT 20.234586920 49.070905489 20.234586920 49.070905489
POLYGON_POINT 20.234323844 49.070765123 20.234323844 49.070765123
POLYGON_POINT 20.234253330 49.070747355 20.234207008 49.070755686
POLYGON_POINT 20.234022801 49.070921480 20.234022801 49.070921480
POLYGON_POINT 20.233374608 49.071429640 20.233374608 49.071429640
POLYGON_POINT 20.233239003 49.071535409 20.233239003 49.071535409
POLYGON_POINT 20.233108682 49.071610873 20.233108682 49.071610873
POLYGON_POINT 20.232805061 49.071745908 20.232805061 49.071745908
POLYGON_POINT 20.230349706 49.072681208 20.230349706 49.072681208
POLYGON_POINT 20.230127093 49.072737497 20.230127093 49.072737497
POLYGON_POINT 20.229888858 49.072778434 20.229888858 49.072778434
POLYGON_POINT 20.229638906 49.072786110 20.229638906 49.072786110
POLYGON_POINT 20.225616210 49.072975444 20.225616210 49.072975444
POLYGON_POINT 20.221952794 49.073136634 20.221952794 49.073136634
POLYGON_POINT 20.221589574 49.073169895 20.221589574 49.073169895
POLYGON_POINT 20.221534896 49.073231301 20.221534896 49.073231301
POLYGON_POINT 20.221663780 49.073305500 20.221663780 49.073305500
POLYGON_POINT 20.221529337 49.073246296 20.221529337 49.073246296
POLYGON_POINT 20.221462942 49.073138836 20.221462942 49.073138836
POLYGON_POINT 20.221623071 49.073120926 20.221623071 49.073120926
POLYGON_POINT 20.222185478 49.073090223 20.222185478 49.073090223
POLYGON_POINT 20.226583066 49.072899384 20.226583066 49.072899384
POLYGON_POINT 20.229684035 49.072740954 20.229684035 49.072740954
POLYGON_POINT 20.229891971 49.072730589 20.229891971 49.072730589
POLYGON_POINT 20.230145111 49.072686170 20.230145111 49.072686170
POLYGON_POINT 20.230350787 49.072628424 20.230350787 49.072628424
POLYGON_POINT 20.232931082 49.071649759 20.232931082 49.071649759
POLYGON_POINT 20.233153074 49.071537684 20.233153074 49.071537684
POLYGON_POINT 20.234219877 49.070705646 20.234219877 49.070705646
POLYGON_POINT 20.237535486 49.067988443 20.237535486 49.067988443
POLYGON_POINT 20.237613590 49.067914244 20.237613590 49.067914244
POLYGON_POINT 20.237886953 49.067778640 20.237886953 49.067778640
POLYGON_POINT 20.239160025 49.067223430 20.239160025 49.067223430
POLYGON_POINT 20.239507579 49.067118529 20.239507579 49.067118529
POLYGON_POINT 20.239839513 49.067098060 20.239839513 49.067098060
POLYGON_POINT 20.239956666 49.067069916 20.239956666 49.067069916
POLYGON_POINT 20.240151921 49.067113411 20.240151921 49.067113411
POLYGON_POINT 20.243123714 49.067330890 20.243123714 49.067330890
POLYGON_POINT 20.244423044 49.067447468 20.244423044 49.067447468
END_WINDING
END_POLYGON
BEGIN_POLYGON 3 0 2
BEGIN_WINDING
POLYGON_POINT 20.259655381 49.072666277
POLYGON_POINT 20.260911827 49.072622818
POLYGON_POINT 20.260993193 49.072592613
POLYGON_POINT 20.261210169 49.072560631
POLYGON_POINT 20.261324080 49.072592613
POLYGON_POINT 20.261831259 49.072567738
POLYGON_POINT 20.263412462 49.072491336
POLYGON_POINT 20.267144419 49.072318988
POLYGON_POINT 20.272425177 49.072022260
POLYGON_POINT 20.272364252 49.072052963
POLYGON_POINT 20.270573984 49.072145072
POLYGON_POINT 20.268347861 49.072270953
POLYGON_POINT 20.267255888 49.072335429
POLYGON_POINT 20.265365511 49.072420939
POLYGON_POINT 20.263672279 49.072503609
POLYGON_POINT 20.262628839 49.072564069
POLYGON_POINT 20.261852851 49.072591214
POLYGON_POINT 20.261474274 49.072614658
POLYGON_POINT 20.261280277 49.072636868
POLYGON_POINT 20.261024126 49.072652908
POLYGON_POINT 20.259821933 49.072688837
POLYGON_POINT 20.259785310 49.072693121
END_WINDING
END_POLYGON
BEGIN_POLYGON 2 0 2
BEGIN_WINDING
POLYGON_POINT 20.223329181 49.074035753
POLYGON_POINT 20.221520972 49.073294850
POLYGON_POINT 20.221395862 49.073210787
POLYGON_POINT 20.221235463 49.073263326
POLYGON_POINT 20.219678224 49.074093958
POLYGON_POINT 20.219285574 49.074254351
POLYGON_POINT 20.218989924 49.074302772
POLYGON_POINT 20.218167650 49.074369350
POLYGON_POINT 20.217793469 49.074405665
POLYGON_POINT 20.217590211 49.074481323
POLYGON_POINT 20.217590211 49.074218036
POLYGON_POINT 20.217599450 49.074218036
POLYGON_POINT 20.217761133 49.074224088
POLYGON_POINT 20.217941294 49.074257377
POLYGON_POINT 20.218158411 49.074333035
POLYGON_POINT 20.218962207 49.074272509
POLYGON_POINT 20.219276337 49.074224088
POLYGON_POINT 20.219659755 49.074054616
POLYGON_POINT 20.221216981 49.073222781
POLYGON_POINT 20.221464515 49.073138661
POLYGON_POINT 20.221476892 49.073169066
POLYGON_POINT 20.221475345 49.073212646
POLYGON_POINT 20.221569717 49.073278523
POLYGON_POINT 20.223348988 49.074027118
POLYGON_POINT 20.223327999 49.074028069
END_WINDING
END_POLYGON
BEGIN_POLYGON 4 0 4
BEGIN_WINDING
POLYGON_POINT 20.249141030 49.069618962 20.249141030 49.069618962
POLYGON_POINT 20.249183175 49.069645759 20.249183175 49.069645759
POLYGON_POINT 20.249239438 49.069658449 20.249274487 49.069660564
POLYGON_POINT 20.249315071 49.069643040 20.249315071 49.069643040
POLYGON_POINT 20.249355193 49.069614035 20.249355193 49.069614035
POLYGON_POINT 20.249396238 49.069635184 20.249396238 49.069635184
POLYGON_POINT 20.249351965 49.069666304 20.249351965 49.069666304
POLYGON_POINT 20.249238516 49.069688058 20.249184097 49.069686245
POLYGON_POINT 20.249161038 49.069673555 20.249161038 49.069673555
POLYGON_POINT 20.249104318 49.069647687 20.249104318 49.069647687
END_WINDING
END_POLYGON
BEGIN_POLYGON 5 0 4
BEGIN_WINDING
POLYGON_POINT 20.247329016 49.070736743 20.247329016 49.070736743
POLYGON_POINT 20.247329016 49.070736743 20.247390114 49.070737613
POLYGON_POINT 20.247451876 49.070821583 20.247451212 49.070873357
POLYGON_POINT 20.247329016 49.070899462 20.247283193 49.070898592
POLYGON_POINT 20.247205492 49.070822888 20.247205492 49.070771549
POLYGON_POINT 20.247329016 49.070736743 20.247390114 49.070737613
END_WINDING
BEGIN_WINDING
POLYGON_POINT 20.247221431 49.070822453 20.247221431 49.070822453
POLYGON_POINT 20.247221431 49.070822453 20.247220767 49.070862045
POLYGON_POINT 20.247329016 49.070888585 20.247362885 49.070887715
POLYGON_POINT 20.247435273 49.070820713 20.247434609 49.070770679
POLYGON_POINT 20.247328352 49.070747620 20.247275223 49.070746315
POLYGON_POINT 20.247221431 49.070822453 20.247220767 49.070862045
END_WINDING
END_POLYGON
BEGIN_POLYGON 5 0 2
BEGIN_WINDING
POLYGON_POINT 20.245406017 49.072056602
POLYGON_POINT 20.245488968 49.072072548
POLYGON_POINT 20.245478079 49.072114301
POLYGON_POINT 20.245456300 49.072112623
POLYGON_POINT 20.245468150 49.072084298
POLYGON_POINT 20.245402494 49.072071289
END_WINDING
END_POLYGON
BEGIN_POLYGON 5 0 2
BEGIN_WINDING
POLYGON_POINT 20.245601011 49.071726983
POLYGON_POINT 20.245644732 49.071733147
POLYGON_POINT 20.245642518 49.071751275
POLYGON_POINT 20.245595476 49.071744749
END_WINDING
END_POLYGON
BEGIN_POLYGON 5 0 2
BEGIN_WINDING
POLYGON_POINT 20.245752047 49.071355241
POLYGON_POINT 20.245773262 49.071358564
POLYGON_POINT 20.245754353 49.071402676
POLYGON_POINT 20.245673645 49.071389684
POLYGON_POINT 20.245677334 49.071377901
POLYGON_POINT 20.245740979 49.071385757
END_WINDING
END_POLYGON
BEGIN_POLYGON 5 0 2
BEGIN_WINDING
POLYGON_POINT 20.243496713 49.071700865
POLYGON_POINT 20.243530583 49.071707391
POLYGON_POINT 20.243525934 49.071718268
POLYGON_POINT 20.243493392 49.071710437
END_WINDING
END_POLYGON
BEGIN_POLYGON 5 0 2
BEGIN_WINDING
POLYGON_POINT 20.243679376 49.071346852
POLYGON_POINT 20.243716672 49.071354370
POLYGON_POINT 20.243711891 49.071365021
POLYGON_POINT 20.243673638 49.071358756
END_WINDING
END_POLYGON
BEGIN_POLYGON 5 0 2
BEGIN_WINDING
POLYGON_POINT 20.243829518 49.071011043
POLYGON_POINT 20.243867771 49.071016682
POLYGON_POINT 20.243863946 49.071029839
POLYGON_POINT 20.243826649 49.071023574
END_WINDING
END_POLYGON
BEGIN_POLYGON 5 0 2
BEGIN_WINDING
POLYGON_POINT 20.241635812 49.071329007
POLYGON_POINT 20.241669571 49.071335170
POLYGON_POINT 20.241665697 49.071348585
POLYGON_POINT 20.241629171 49.071341696
END_WINDING
END_POLYGON
BEGIN_POLYGON 5 0 2
BEGIN_WINDING
POLYGON_POINT 20.241822353 49.070962224
POLYGON_POINT 20.241859986 49.070970563
POLYGON_POINT 20.241856666 49.070977452
POLYGON_POINT 20.241817926 49.070970926
END_WINDING
END_POLYGON
BEGIN_POLYGON 5 0 2
BEGIN_WINDING
POLYGON_POINT 20.241977695 49.070659971
POLYGON_POINT 20.242007320 49.070663817
POLYGON_POINT 20.242004918 49.070672210
POLYGON_POINT 20.241973425 49.070667314
END_WINDING
END_POLYGON
BEGIN_POLYGON 4 0 2
BEGIN_WINDING
POLYGON_POINT 20.247399202 49.068412919
POLYGON_POINT 20.247366182 49.068407466
POLYGON_POINT 20.247338619 49.068403362
POLYGON_POINT 20.247379963 49.068331951
POLYGON_POINT 20.247128140 49.068267516
POLYGON_POINT 20.247138163 49.068221140
POLYGON_POINT 20.247470933 49.068239273
END_WINDING
END_POLYGON
BEGIN_POLYGON 6 0 4
BEGIN_WINDING
POLYGON_POINT 20.246371674 49.067589340 20.246371674 49.067589340
POLYGON_POINT 20.247309504 49.067662528 20.247309504 49.067662528
POLYGON_POINT 20.247507532 49.067717901 20.247575937 49.067756808
POLYGON_POINT 20.247615271 49.067828194 20.247615271 49.067828194
POLYGON_POINT 20.247821720 49.067869856 20.247919442 49.067817159
POLYGON_POINT 20.247866664 49.067764960 20.247866664 49.067764960
POLYGON_POINT 20.247785859 49.067684078 20.247785859 49.067684078
POLYGON_POINT 20.248439032 49.067997310 20.248439032 49.067997310
POLYGON_POINT 20.248362717 49.067987016 20.248362717 49.067987016
POLYGON_POINT 20.248003583 49.067909076 20.247873538 49.067921881
POLYGON_POINT 20.247723011 49.068020840 20.247723011 49.068020840
POLYGON_POINT 20.247653408 49.068121427 20.247644315 49.068188658
POLYGON_POINT 20.247655673 49.068247308 20.247655673 49.068247308
POLYGON_POINT 20.247731989 49.068287013 20.247731989 49.068287013
POLYGON_POINT 20.247776881 49.068214955 20.247776881 49.068214955
POLYGON_POINT 20.248734869 49.068570458 20.248734869 49.068570458
POLYGON_POINT 20.248672811 49.068674645 20.248672811 49.068674645
POLYGON_POINT 20.248863528 49.068622331 20.249006414 49.068556376
POLYGON_POINT 20.249049037 49.068484059 20.249049037 49.068484059
POLYGON_POINT 20.249078804 49.068326921 20.249066897 49.068287206
POLYGON_POINT 20.248952072 49.068181662 20.248952072 49.068181662
POLYGON_POINT 20.249130488 49.068247731 20.249130488 49.068247731
POLYGON_POINT 20.249175589 49.068375498 20.249177754 49.068431524
POLYGON_POINT 20.249147533 49.068526609 20.249147533 49.068526609
POLYGON_POINT 20.249421833 49.068464321 20.249475956 49.068457938
POLYGON_POINT 20.249712282 49.068448482 20.249712282 49.068448482
POLYGON_POINT 20.249758825 49.068428153 20.249758825 49.068428153
POLYGON_POINT 20.250294076 49.068585705 20.250294076 49.068585705
POLYGON_POINT 20.249960514 49.068537423 20.249960514 49.068537423
POLYGON_POINT 20.249514472 49.068529799 20.249374834 49.068544692
POLYGON_POINT 20.249146002 49.068606034 20.249146002 49.068606034
POLYGON_POINT 20.248879328 49.068720769 20.248879328 49.068720769
POLYGON_POINT 20.248859752 49.068727181 20.248859752 49.068727181
POLYGON_POINT 20.248806167 49.068732223 20.248806167 49.068732223
POLYGON_POINT 20.248793537 49.068736015 20.248793537 49.068736015
POLYGON_POINT 20.248796543 49.068769997 20.248796543 49.068769997
POLYGON_POINT 20.248748434 49.068797576 20.248748434 49.068797576
POLYGON_POINT 20.248604134 49.068742470 20.248604134 49.068742470
POLYGON_POINT 20.248595474 49.068759490 20.248595474 49.068759490
POLYGON_POINT 20.247611826 49.068383054 20.247611826 49.068383054
POLYGON_POINT 20.247562364 49.068369720 20.247562364 49.068369720
POLYGON_POINT 20.247534400 49.068382561 20.247534400 49.068382561
POLYGON_POINT 20.247503707 49.068441136 20.247503707 49.068441136
POLYGON_POINT 20.247366182 49.068407466 20.247366182 49.068407466
POLYGON_POINT 20.247399202 49.068412919 20.247399202 49.068412919
POLYGON_POINT 20.247470933 49.068239273 20.247470933 49.068239273
POLYGON_POINT 20.247578904 49.068026817 20.247590127 49.067976572
POLYGON_POINT 20.247529569 49.067855289 20.247529569 49.067855289
POLYGON_POINT 20.247464926 49.067779055 20.247407797 49.067735223
POLYGON_POINT 20.247313016 49.067734584 20.247313016 49.067734584
POLYGON_POINT 20.246376869 49.067665081 20.246376869 49.067665081
END_WINDING
END_POLYGON
BEGIN_POLYGON 2 0 4
BEGIN_WINDING
POLYGON_POINT 20.244530160 49.067529960 20.244530160 49.067529960
POLYGON_POINT 20.244493202 49.067490971 20.244493202 49.067490971
POLYGON_POINT 20.244423044 49.067474555 20.244423044 49.067474555
POLYGON_POINT 20.244423044 49.067447468 20.244423044 49.067447468
POLYGON_POINT 20.244750032 49.067470861 20.244750032 49.067470861
POLYGON_POINT 20.245136449 49.067489108 20.245136449 49.067489108
POLYGON_POINT 20.245615754 49.067529106 20.245615754 49.067529106
POLYGON_POINT 20.245639135 49.067401452 20.245639135 49.067401452
POLYGON_POINT 20.245705380 49.067412516 20.245705380 49.067412516
POLYGON_POINT 20.245741750 49.067484002 20.245741750 49.067484002
POLYGON_POINT 20.245727462 49.067537616 20.245727462 49.067537616
POLYGON_POINT 20.246283404 49.067578466 20.246283404 49.067578466
POLYGON_POINT 20.246303564 49.067535356 20.246303564 49.067535356
POLYGON_POINT 20.245897302 49.067514768 20.245897302 49.067514768
POLYGON_POINT 20.245946682 49.067301535 20.245946682 49.067301535
POLYGON_POINT 20.246058909 49.067307417 20.246058909 49.067307417
POLYGON_POINT 20.246054420 49.067364770 20.246054420 49.067364770
POLYGON_POINT 20.246146446 49.067372122 20.246146446 49.067372122
POLYGON_POINT 20.246182358 49.067326535 20.246182358 49.067326535
POLYGON_POINT 20.247349521 49.067464769 20.247349521 49.067464769
POLYGON_POINT 20.247309504 49.067662528 20.247309504 49.067662528
POLYGON_POINT 20.246371674 49.067589340 20.246371674 49.067589340
POLYGON_POINT 20.246376869 49.067665081 20.246376869 49.067665081
POLYGON_POINT 20.246177396 49.067646826 20.246177396 49.067646826
POLYGON_POINT 20.246109759 49.067688611 20.246092620 49.067708114
POLYGON_POINT 20.246079073 49.067751030 20.246079073 49.067751030
POLYGON_POINT 20.246021386 49.067844585 20.246021386 49.067844585
POLYGON_POINT 20.245982305 49.067857658 20.245982305 49.067857658
POLYGON_POINT 20.245984566 49.067747099 20.245984566 49.067747099
POLYGON_POINT 20.245867105 49.067735016 20.245867105 49.067735016
POLYGON_POINT 20.245857053 49.067658257 20.245841718 49.067642891
POLYGON_POINT 20.245788705 49.067617493 20.245788705 49.067617493
POLYGON_POINT 20.244821268 49.067522715 20.244821268 49.067522715
POLYGON_POINT 20.244650682 49.067522715 20.244650682 49.067522715
END_WINDING
BEGIN_WINDING
POLYGON_POINT 20.246773571 49.067612977 20.246773571 49.067612977
POLYGON_POINT 20.246904547 49.067625743 20.246904547 49.067625743
POLYGON_POINT 20.246901299 49.067614396 20.246901299 49.067614396
POLYGON_POINT 20.246767076 49.067601630 20.246767076 49.067601630
END_WINDING
BEGIN_WINDING
POLYGON_POINT 20.246916454 49.067582482 20.246916454 49.067582482
POLYGON_POINT 20.246774653 49.067572554 20.246774653 49.067572554
POLYGON_POINT 20.246772489 49.067588865 20.246772489 49.067588865
POLYGON_POINT 20.246905629 49.067601630 20.246905629 49.067601630
POLYGON_POINT 20.246914289 49.067586028 20.246914289 49.067586028
END_WINDING
BEGIN_WINDING
POLYGON_POINT 20.247001967 49.067636381 20.247001967 49.067636381
POLYGON_POINT 20.247143767 49.067644182 20.247143767 49.067644182
POLYGON_POINT 20.247144850 49.067634962 20.247144850 49.067634962
POLYGON_POINT 20.247008462 49.067624324 20.247008462 49.067624324
END_WINDING
BEGIN_WINDING
POLYGON_POINT 20.247008462 49.067611559 20.247008462 49.067611559
POLYGON_POINT 20.247147015 49.067620779 20.247147015 49.067620779
POLYGON_POINT 20.247156757 49.067602340 20.247156757 49.067602340
POLYGON_POINT 20.247014956 49.067592411 20.247014956 49.067592411
END_WINDING
BEGIN_WINDING
POLYGON_POINT 20.246569413 49.067598920 20.246569413 49.067598920
POLYGON_POINT 20.246572119 49.067585327 20.246572119 49.067585327
POLYGON_POINT 20.246376376 49.067568188 20.246376376 49.067568188
POLYGON_POINT 20.246379082 49.067582963 20.246379082 49.067582963
END_WINDING
END_POLYGON
BEGIN_POLYGON 7 0 2
BEGIN_WINDING
POLYGON_POINT 20.248859752 49.068727181
POLYGON_POINT 20.248879328 49.068720769
POLYGON_POINT 20.248883316 49.068754019
POLYGON_POINT 20.248971408 49.068805558
POLYGON_POINT 20.249020566 49.068772022
POLYGON_POINT 20.249817240 49.069236948
POLYGON_POINT 20.249883002 49.069249507
POLYGON_POINT 20.249817313 49.069280858
POLYGON_POINT 20.249763805 49.069284848
POLYGON_POINT 20.249740303 49.069285317
POLYGON_POINT 20.249728484 49.069275431
POLYGON_POINT 20.249778098 49.069239381
POLYGON_POINT 20.249360441 49.068997665
POLYGON_POINT 20.249319220 49.069027363
POLYGON_POINT 20.249275282 49.069000857
POLYGON_POINT 20.249318947 49.068973186
POLYGON_POINT 20.249023070 49.068798844
POLYGON_POINT 20.248976915 49.068830612
POLYGON_POINT 20.248867230 49.068762021
END_WINDING
END_POLYGON
BEGIN_POLYGON 7 0 2
BEGIN_WINDING
POLYGON_POINT 20.250038997 49.069538816
POLYGON_POINT 20.250014708 49.069555441
POLYGON_POINT 20.249754981 49.069403005
POLYGON_POINT 20.249614408 49.069387246
POLYGON_POINT 20.249531718 49.069335041
POLYGON_POINT 20.249338735 49.069482748
POLYGON_POINT 20.248836758 49.069106100
POLYGON_POINT 20.248545559 49.068894615
POLYGON_POINT 20.248478556 49.068819402
POLYGON_POINT 20.248414659 49.068774093
POLYGON_POINT 20.248383087 49.068799210
POLYGON_POINT 20.248195158 49.068690369
POLYGON_POINT 20.247840348 49.068562814
POLYGON_POINT 20.247635129 49.068499282
POLYGON_POINT 20.247536655 49.068468255
POLYGON_POINT 20.247535903 49.068448063
POLYGON_POINT 20.247503707 49.068441136
POLYGON_POINT 20.247534400 49.068382561
POLYGON_POINT 20.247562364 49.068369720
POLYGON_POINT 20.247611826 49.068383054
POLYGON_POINT 20.248595474 49.068759490
POLYGON_POINT 20.248604134 49.068742470
POLYGON_POINT 20.248748434 49.068797576
POLYGON_POINT 20.248796814 49.068814098
POLYGON_POINT 20.248882330 49.068863032
POLYGON_POINT 20.248899650 49.068916930
POLYGON_POINT 20.249112937 49.069037535
POLYGON_POINT 20.249141019 49.069036995
POLYGON_POINT 20.249288259 49.069118340
POLYGON_POINT 20.249288259 49.069143871
POLYGON_POINT 20.249682282 49.069371520
POLYGON_POINT 20.249772348 49.069380795
END_WINDING
END_POLYGON
BEGIN_POLYGON 5 0 2
BEGIN_WINDING
POLYGON_POINT 20.248890887 49.068794906
POLYGON_POINT 20.248922815 49.068812963
POLYGON_POINT 20.248918632 49.068816127
POLYGON_POINT 20.248886369 49.068798294
END_WINDING
END_POLYGON
BEGIN_POLYGON 5 0 2
BEGIN_WINDING
POLYGON_POINT 20.249250380 49.069028062
POLYGON_POINT 20.249282308 49.069046119
POLYGON_POINT 20.249278125 49.069049282
POLYGON_POINT 20.249245863 49.069031450
END_WINDING
END_POLYGON
BEGIN_POLYGON 5 0 2
BEGIN_WINDING
POLYGON_POINT 20.248899454 49.068787957
POLYGON_POINT 20.248931383 49.068806014
POLYGON_POINT 20.248927200 49.068809177
POLYGON_POINT 20.248894937 49.068791345
END_WINDING
END_POLYGON
BEGIN_POLYGON 5 0 2
BEGIN_WINDING
POLYGON_POINT 20.249258948 49.069021112
POLYGON_POINT 20.249290876 49.069039170
POLYGON_POINT 20.249286693 49.069042333
POLYGON_POINT 20.249254430 49.069024500
END_WINDING
END_POLYGON
BEGIN_POLYGON 5 0 2
BEGIN_WINDING
POLYGON_POINT 20.249267980 49.069014526
POLYGON_POINT 20.249299909 49.069032584
POLYGON_POINT 20.249295726 49.069035747
POLYGON_POINT 20.249263463 49.069017914
END_WINDING
END_POLYGON
BEGIN_POLYGON 5 0 2
BEGIN_WINDING
POLYGON_POINT 20.249276430 49.069007941
POLYGON_POINT 20.249308359 49.069025998
POLYGON_POINT 20.249304176 49.069029161
POLYGON_POINT 20.249271913 49.069011328
END_WINDING
END_POLYGON
BEGIN_POLYGON 5 0 2
BEGIN_WINDING
POLYGON_POINT 20.248881476 49.068801739
POLYGON_POINT 20.248913405 49.068819797
POLYGON_POINT 20.248909222 49.068822960
POLYGON_POINT 20.248876959 49.068805127
END_WINDING
END_POLYGON
BEGIN_POLYGON 5 0 2
BEGIN_WINDING
POLYGON_POINT 20.249240970 49.069034895
POLYGON_POINT 20.249272898 49.069052952
POLYGON_POINT 20.249268715 49.069056116
POLYGON_POINT 20.249236452 49.069038283
END_WINDING
END_POLYGON
BEGIN_POLYGON 5 0 2
BEGIN_WINDING
POLYGON_POINT 20.248872470 49.068808316
POLYGON_POINT 20.248904399 49.068826373
POLYGON_POINT 20.248900215 49.068829537
POLYGON_POINT 20.248867953 49.068811704
END_WINDING
END_POLYGON
BEGIN_POLYGON 5 0 2
BEGIN_WINDING
POLYGON_POINT 20.249231964 49.069041472
POLYGON_POINT 20.249263892 49.069059529
POLYGON_POINT 20.249259709 49.069062693
POLYGON_POINT 20.249227446 49.069044860
END_WINDING
END_POLYGON
BEGIN_POLYGON 5 0 2
BEGIN_WINDING
POLYGON_POINT 20.248863111 49.068815462
POLYGON_POINT 20.248895039 49.068833519
POLYGON_POINT 20.248890856 49.068836683
POLYGON_POINT 20.248858593 49.068818850
END_WINDING
END_POLYGON
BEGIN_POLYGON 5 0 2
BEGIN_WINDING
POLYGON_POINT 20.249222604 49.069048618
POLYGON_POINT 20.249254532 49.069066675
POLYGON_POINT 20.249250349 49.069069838
POLYGON_POINT 20.249218087 49.069052006
END_WINDING
END_POLYGON
BEGIN_POLYGON 5 0 2
BEGIN_WINDING
POLYGON_POINT 20.248854268 49.068822388
POLYGON_POINT 20.248886197 49.068840445
POLYGON_POINT 20.248882013 49.068843609
POLYGON_POINT 20.248849751 49.068825776
END_WINDING
END_POLYGON
BEGIN_POLYGON 5 0 2
BEGIN_WINDING
POLYGON_POINT 20.249213762 49.069055544
POLYGON_POINT 20.249245690 49.069073601
POLYGON_POINT 20.249241507 49.069076765
POLYGON_POINT 20.249209244 49.069058932
END_WINDING
END_POLYGON
BEGIN_POLYGON 5 0 2
BEGIN_WINDING
POLYGON_POINT 20.248844607 49.068829701
POLYGON_POINT 20.248876535 49.068847759
POLYGON_POINT 20.248872352 49.068850922
POLYGON_POINT 20.248840090 49.068833089
END_WINDING
END_POLYGON
BEGIN_POLYGON 5 0 2
BEGIN_WINDING
POLYGON_POINT 20.249204100 49.069062857
POLYGON_POINT 20.249236029 49.069080914
POLYGON_POINT 20.249231846 49.069084078
POLYGON_POINT 20.249199583 49.069066245
END_WINDING
END_POLYGON
BEGIN_POLYGON 5 0 4
BEGIN_WINDING
POLYGON_POINT 20.249879405 49.069326779 20.249879405 49.069326779
POLYGON_POINT 20.249879405 49.069326779 20.249890084 49.069325030
POLYGON_POINT 20.249952260 49.069302464 20.249964614 49.069302080
POLYGON_POINT 20.249995888 49.069307867 20.250007440 49.069312013
POLYGON_POINT 20.250024530 49.069328489 20.250029022 49.069336045
POLYGON_POINT 20.250025790 49.069356678 20.250022566 49.069358882
POLYGON_POINT 20.249986647 49.069378328 20.249979292 49.069381207
POLYGON_POINT 20.249925584 49.069379265 20.249925584 49.069379265
POLYGON_POINT 20.249853650 49.069368383 20.249830223 49.069363229
POLYGON_POINT 20.249751516 49.069329029 20.249751516 49.069329029
POLYGON_POINT 20.249879405 49.069326779 20.249890084 49.069325030
END_WINDING
END_POLYGON
BEGIN_POLYGON 8 0 4
BEGIN_WINDING
POLYGON_POINT 20.248806167 49.068732223 20.248806167 49.068732223
POLYGON_POINT 20.248859752 49.068727181 20.248859752 49.068727181
POLYGON_POINT 20.248867230 49.068762021 20.248867230 49.068762021
POLYGON_POINT 20.248976915 49.068830612 20.248976915 49.068830612
POLYGON_POINT 20.249023070 49.068798502 20.249023070 49.068798502
POLYGON_POINT 20.249318947 49.068972844 20.249318947 49.068972844
POLYGON_POINT 20.249275282 49.069000857 20.249275282 49.069000857
POLYGON_POINT 20.249319220 49.069027363 20.249319220 49.069027363
POLYGON_POINT 20.249360441 49.068997665 20.249360441 49.068997665
POLYGON_POINT 20.249778098 49.069239381 20.249778098 49.069239381
POLYGON_POINT 20.249728484 49.069275431 20.249728484 49.069275431
POLYGON_POINT 20.249740303 49.069285317 20.249740303 49.069285317
POLYGON_POINT 20.249763805 49.069284848 20.249763805 49.069284848
POLYGON_POINT 20.249817313 49.069280858 20.249817313 49.069280858
POLYGON_POINT 20.249883002 49.069249507 20.249883002 49.069249507
POLYGON_POINT 20.249974749 49.069232880 20.249974749 49.069232880
POLYGON_POINT 20.250055935 49.069234062 20.250055935 49.069234062
POLYGON_POINT 20.250107353 49.069251200 20.250107353 49.069251200
POLYGON_POINT 20.250284158 49.069354033 20.250284158 49.069354033
POLYGON_POINT 20.250038997 49.069538816 20.250038997 49.069538816
POLYGON_POINT 20.249772348 49.069380795 20.249772348 49.069380795
POLYGON_POINT 20.249682282 49.069371520 20.249682282 49.069371520
POLYGON_POINT 20.249288259 49.069143871 20.249288259 49.069143871
POLYGON_POINT 20.249288259 49.069118340 20.249288259 49.069118340
POLYGON_POINT 20.249141019 49.069036995 20.249141019 49.069036995
POLYGON_POINT 20.249112937 49.069037535 20.249112937 49.069037535
POLYGON_POINT 20.248899650 49.068916930 20.248899650 49.068916930
POLYGON_POINT 20.248882330 49.068863032 20.248882330 49.068863032
POLYGON_POINT 20.248796814 49.068814098 20.248796814 49.068814098
POLYGON_POINT 20.248748434 49.068797576 20.248748434 49.068797576
POLYGON_POINT 20.248796543 49.068769997 20.248796543 49.068769997
POLYGON_POINT 20.248793537 49.068736015 20.248793537 49.068736015
END_WINDING
BEGIN_WINDING
POLYGON_POINT 20.249751516 49.069329029 20.249751516 49.069329029
POLYGON_POINT 20.249853650 49.069368383 20.249877077 49.069373537
POLYGON_POINT 20.249925584 49.069379265 20.249925584 49.069379265
POLYGON_POINT 20.249986647 49.069378328 20.249994738 49.069374892
POLYGON_POINT 20.250025790 49.069356678 20.250029178 49.069354289
POLYGON_POINT 20.250024530 49.069328489 20.250020337 49.069321500
POLYGON_POINT 20.249995888 49.069307867 20.249982837 49.069303161
POLYGON_POINT 20.249952260 49.069302464 20.249941160 49.069302677
POLYGON_POINT 20.249879405 49.069326779 20.249869217 49.069328528
END_WINDING
BEGIN_WINDING
POLYGON_POINT 20.248886369 49.068798294 20.248886369 49.068798294
POLYGON_POINT 20.248918632 49.068816127 20.248918632 49.068816127
POLYGON_POINT 20.248922815 49.068812963 20.248922815 49.068812963
POLYGON_POINT 20.248890887 49.068794906 20.248890887 49.068794906
END_WINDING
BEGIN_WINDING
POLYGON_POINT 20.249245863 49.069031450 20.249245863 49.069031450
POLYGON_POINT 20.249278125 49.069049282 20.249278125 49.069049282
POLYGON_POINT 20.249282308 49.069046119 20.249282308 49.069046119
POLYGON_POINT 20.249250380 49.069028062 20.249250380 49.069028062
END_WINDING
BEGIN_WINDING
POLYGON_POINT 20.248894937 49.068791345 20.248894937 49.068791345
POLYGON_POINT 20.248927200 49.068809177 20.248927200 49.068809177
POLYGON_POINT 20.248931383 49.068806014 20.248931383 49.068806014
POLYGON_POINT 20.248899454 49.068787957 20.248899454 49.068787957
END_WINDING
BEGIN_WINDING
POLYGON_POINT 20.249254430 49.069024500 20.249254430 49.069024500
POLYGON_POINT 20.249286693 49.069042333 20.249286693 49.069042333
POLYGON_POINT 20.249290876 49.069039170 20.249290876 49.069039170
POLYGON_POINT 20.249258948 49.069021112 20.249258948 49.069021112
END_WINDING
BEGIN_WINDING
POLYGON_POINT 20.249263463 49.069017914 20.249263463 49.069017914
POLYGON_POINT 20.249295726 49.069035747 20.249295726 49.069035747
POLYGON_POINT 20.249299909 49.069032584 20.249299909 49.069032584
POLYGON_POINT 20.249267980 49.069014526 20.249267980 49.069014526
END_WINDING
BEGIN_WINDING
POLYGON_POINT 20.249271913 49.069011328 20.249271913 49.069011328
POLYGON_POINT 20.249304176 49.069029161 20.249304176 49.069029161
POLYGON_POINT 20.249308359 49.069025998 20.249308359 49.069025998
POLYGON_POINT 20.249276430 49.069007941 20.249276430 49.069007941
END_WINDING
BEGIN_WINDING
POLYGON_POINT 20.248876959 49.068805127 20.248876959 49.068805127
POLYGON_POINT 20.248909222 49.068822960 20.248909222 49.068822960
POLYGON_POINT 20.248913405 49.068819797 20.248913405 49.068819797
POLYGON_POINT 20.248881476 49.068801739 20.248881476 49.068801739
END_WINDING
BEGIN_WINDING
POLYGON_POINT 20.249236452 49.069038283 20.249236452 49.069038283
POLYGON_POINT 20.249268715 49.069056116 20.249268715 49.069056116
POLYGON_POINT 20.249272898 49.069052952 20.249272898 49.069052952
POLYGON_POINT 20.249240970 49.069034895 20.249240970 49.069034895
END_WINDING
BEGIN_WINDING
POLYGON_POINT 20.248867953 49.068811704 20.248867953 49.068811704
POLYGON_POINT 20.248900215 49.068829537 20.248900215 49.068829537
POLYGON_POINT 20.248904399 49.068826373 20.248904399 49.068826373
POLYGON_POINT 20.248872470 49.068808316 20.248872470 49.068808316
END_WINDING
BEGIN_WINDING
POLYGON_POINT 20.249227446 49.069044860 20.249227446 49.069044860
POLYGON_POINT 20.249259709 49.069062693 20.249259709 49.069062693
POLYGON_POINT 20.249263892 49.069059529 20.249263892 49.069059529
POLYGON_POINT 20.249231964 49.069041472 20.249231964 49.069041472
END_WINDING
BEGIN_WINDING
POLYGON_POINT 20.248858593 49.068818850 20.248858593 49.068818850
POLYGON_POINT 20.248890856 49.068836683 20.248890856 49.068836683
POLYGON_POINT 20.248895039 49.068833519 20.248895039 49.068833519
POLYGON_POINT 20.248863111 49.068815462 20.248863111 49.068815462
END_WINDING
BEGIN_WINDING
POLYGON_POINT 20.249218087 49.069052006 20.249218087 49.069052006
POLYGON_POINT 20.249250349 49.069069838 20.249250349 49.069069838
POLYGON_POINT 20.249254532 49.069066675 20.249254532 49.069066675
POLYGON_POINT 20.249222604 49.069048618 20.249222604 49.069048618
END_WINDING
BEGIN_WINDING
POLYGON_POINT 20.248849751 49.068825776 20.248849751 49.068825776
POLYGON_POINT 20.248882013 49.068843609 20.248882013 49.068843609
POLYGON_POINT 20.248886197 49.068840445 20.248886197 49.068840445
POLYGON_POINT 20.248854268 49.068822388 20.248854268 49.068822388
END_WINDING
BEGIN_WINDING
POLYGON_POINT 20.249209244 49.069058932 20.249209244 49.069058932
POLYGON_POINT 20.249241507 49.069076765 20.249241507 49.069076765
POLYGON_POINT 20.249245690 49.069073601 20.249245690 49.069073601
POLYGON_POINT 20.249213762 49.069055544 20.249213762 49.069055544
END_WINDING
BEGIN_WINDING
POLYGON_POINT 20.248840090 49.068833089 20.248840090 49.068833089
POLYGON_POINT 20.248872352 49.068850922 20.248872352 49.068850922
POLYGON_POINT 20.248876535 49.068847759 20.248876535 49.068847759
POLYGON_POINT 20.248844607 49.068829701 20.248844607 49.068829701
END_WINDING
BEGIN_WINDING
POLYGON_POINT 20.249199583 49.069066245 20.249199583 49.069066245
POLYGON_POINT 20.249231846 49.069084078 20.249231846 49.069084078
POLYGON_POINT 20.249236029 49.069080914 20.249236029 49.069080914
POLYGON_POINT 20.249204100 49.069062857 20.249204100 49.069062857
END_WINDING
END_POLYGON
BEGIN_POLYGON 5 0 2
BEGIN_WINDING
POLYGON_POINT 20.239995360 49.070273781
POLYGON_POINT 20.240032439 49.070282120
POLYGON_POINT 20.240028011 49.070292997
POLYGON_POINT 20.239990886 49.070285182
END_WINDING
END_POLYGON
BEGIN_POLYGON 5 0 2
BEGIN_WINDING
POLYGON_POINT 20.239859009 49.070577387
POLYGON_POINT 20.239887602 49.070582221
POLYGON_POINT 20.239886680 49.070590076
POLYGON_POINT 20.239857625 49.070584336
END_WINDING
END_POLYGON
BEGIN_POLYGON 5 0 2
BEGIN_WINDING
POLYGON_POINT 20.239683209 49.070937504
POLYGON_POINT 20.239714289 49.070942203
POLYGON_POINT 20.239712696 49.070952123
POLYGON_POINT 20.239680021 49.070945336
END_WINDING
END_POLYGON
BEGIN_POLYGON 5 0 2
BEGIN_WINDING
POLYGON_POINT 20.237645250 49.070562726
POLYGON_POINT 20.237687089 49.070567511
POLYGON_POINT 20.237683104 49.070580564
POLYGON_POINT 20.237644586 49.070574038
END_WINDING
END_POLYGON
BEGIN_POLYGON 5 0 2
BEGIN_WINDING
POLYGON_POINT 20.237837047 49.070182987
POLYGON_POINT 20.237874901 49.070188643
POLYGON_POINT 20.237870917 49.070197345
POLYGON_POINT 20.237835719 49.070190819
END_WINDING
END_POLYGON
BEGIN_POLYGON 5 0 2
BEGIN_WINDING
POLYGON_POINT 20.237973395 49.069881414
POLYGON_POINT 20.238008969 49.069888180
POLYGON_POINT 20.238007821 49.069897953
POLYGON_POINT 20.237969952 49.069891187
END_WINDING
END_POLYGON
BEGIN_POLYGON 5 0 2
BEGIN_WINDING
POLYGON_POINT 20.235877277 49.069435796
POLYGON_POINT 20.235894802 49.069438515
POLYGON_POINT 20.235881428 49.069470239
POLYGON_POINT 20.235943225 49.069481418
POLYGON_POINT 20.235939997 49.069495921
POLYGON_POINT 20.235851913 49.069479303
END_WINDING
END_POLYGON
BEGIN_POLYGON 5 0 2
BEGIN_WINDING
POLYGON_POINT 20.235725885 49.069762209
POLYGON_POINT 20.235768667 49.069770000
POLYGON_POINT 20.235762335 49.069780726
POLYGON_POINT 20.235721098 49.069772834
END_WINDING
END_POLYGON
BEGIN_POLYGON 5 0 2
BEGIN_WINDING
POLYGON_POINT 20.235498593 49.070146135
POLYGON_POINT 20.235583143 49.070164515
POLYGON_POINT 20.235579300 49.070177860
POLYGON_POINT 20.235515119 49.070165271
POLYGON_POINT 20.235503589 49.070193973
POLYGON_POINT 20.235478993 49.070189441
END_WINDING
END_POLYGON
FILTER -1
FILTER 0
FILTER -1
FILTER 0
FILTER -1
FILTER 0
FILTER -1
FILTER 0
FILTER -1
FILTER 0
OBJECT 0 20.239517718 49.071703604 273.119995
OBJECT 1 20.234605781 49.070959219 146.690002
OBJECT 2 20.268561137 49.072327127 181.910004
OBJECT 3 20.217567279 49.074174046 0.000000
OBJECT 2 20.217741030 49.074280220 1.390000
OBJECT 4 20.244628247 49.067806967 84.330002
OBJECT 5 20.244652686 49.067766363 351.470001
OBJECT 6 20.247460708 49.068664039 0.000000
OBJECT 6 20.246745500 49.068519551 0.000000
OBJECT 7 20.246808819 49.068280892 178.029999
OBJECT 8 20.249138424 49.069625786 144.460007
OBJECT 8 20.249132820 49.069630332 153.429993
OBJECT 8 20.249127749 49.069634353 56.310001
OBJECT 8 20.249122411 49.069638200 43.730000
OBJECT 8 20.249116540 49.069643096 143.130005
OBJECT 8 20.249112270 49.069647642 0.000000
OBJECT 9 20.248102039 49.068638522 0.000000
OBJECT 9 20.247978078 49.068593565 0.000000
OBJECT 10 20.247736976 49.068707292 340.140015
OBJECT 10 20.245923426 49.068133057 261.869995
OBJECT 11 20.246177154 49.067371296 262.709991
OBJECT 12 20.245949006 49.067505716 82.870003
OBJECT 11 20.246866291 49.067457602 353.179993
OBJECT 11 20.247317946 49.067573983 172.500000
OBJECT 13 20.247111396 49.067455798 351.470001
OBJECT 14 20.248542004 49.068629852 240.589996
OBJECT 14 20.248119717 49.068471972 240.589996
OBJECT 14 20.248617027 49.068531212 240.589996
OBJECT 14 20.248192905 49.068376038 240.589996
OBJECT 2 20.254810470 49.071904144 0.000000
OBJECT 2 20.251441465 49.071744728 0.000000
OBJECT 15 20.245706175 49.067755006 175.429993
OBJECT 15 20.245641455 49.067771245 200.559998
OBJECT 15 20.247563002 49.068093264 160.940002
OBJECT 15 20.247500284 49.068212608 159.330002
OBJECT 15 20.247537638 49.068145836 158.199997
OBJECT 16 20.243394073 49.067313962 268.529999
OBJECT 16 20.244188987 49.067408247 65.220001
OBJECT 16 20.243911903 49.067577960 69.440002
OBJECT 16 20.243905018 49.067520070 261.630005
OBJECT 16 20.243594046 49.067550895 220.360001
OBJECT 17 20.249212356 49.069621633 320.709991
OBJECT 18 20.249131373 49.069072187 140.789993
OBJECT 18 20.248754175 49.068892748 139.899994
OBJECT 18 20.248004747 49.068607076 152.699997
OBJECT 18 20.248067838 49.068630156 152.699997
OBJECT 19 20.249931818 49.069235830 7.120000
OBJECT 19 20.250164539 49.069450547 230.059998
OBJECT 19 20.250174178 49.069284548 320.309998
OBJECT 19 20.249951097 49.069527232 133.320007
OBJECT 19 20.249752803 49.069412656 163.440002
OBJECT 19 20.249531099 49.069339580 137.639999
OBJECT 19 20.249376871 49.069244852 137.559998
OBJECT 19 20.249806507 49.069228613 317.059998
OBJECT 19 20.249609591 49.069113135 316.019989
OBJECT 19 20.249324665 49.068948062 319.109985
OBJECT 19 20.249397980 49.068989307 318.260010
OBJECT 19 20.248971640 49.068801876 322.619995
OBJECT 19 20.248888763 49.068752278 323.529999
OBJECT 19 20.247656879 49.068519492 157.169998
OBJECT 19 20.247784043 49.068554545 151.529999
OBJECT 19 20.247988820 49.068611526 152.820007
OBJECT 19 20.248071830 49.068639474 150.259995
OBJECT 19 20.248238590 49.068720909 146.630005
OBJECT 19 20.248329473 49.068775040 147.990005
OBJECT 19 20.248448099 49.068780908 143.809998
OBJECT 19 20.248662464 49.068834684 137.160004
OBJECT 19 20.248822640 49.068926572 136.639999
OBJECT 19 20.249228694 49.069127117 138.149994
OBJECT 19 20.249137848 49.069074385 139.500000
OBJECT 20 20.247227631 49.068390568 0.000000
OBJECT 20 20.247089022 49.068639857 0.000000
OBJECT 16 20.246812090 49.068636311 0.000000
OBJECT 20 20.246516690 49.067747988 268.359985
OBJECT 20 20.246430959 49.067936915 56.310001
OBJECT 20 20.246120772 49.067911385 116.570000
OBJECT 20 20.248234689 49.068029213 41.009998
OBJECT 20 20.248003499 49.068117448 75.959999
OBJECT 20 20.248243668 49.068311563 51.169998
OBJECT 20 20.248349162 49.068339504 237.619995
OBJECT 20 20.248948462 49.068526267 279.459991
OBJECT 20 20.248802565 49.068392445 131.630005
OBJECT 20 20.248683602 49.068479209 90.000000
OBJECT 20 20.249085381 49.068746853 315.000000
OBJECT 20 20.249145985 49.068820382 74.360001
OBJECT 20 20.249240257 49.068855676 240.520004
OBJECT 20 20.249186387 49.068679207 259.690002
OBJECT 20 20.249401867 49.068770382 246.800003
OBJECT 20 20.249356975 49.068804205 129.289993
OBJECT 20 20.249195366 49.068496856 318.989990
OBJECT 20 20.249318817 49.068348328 34.160000
OBJECT 20 20.249188632 49.068320387 96.339996
OBJECT 20 20.249280660 49.068411562 205.639999
OBJECT 20 20.249453492 49.068407151 58.570000
OBJECT 20 20.249208833 49.068435091 171.470001
OBJECT 20 20.248827255 49.068273328 6.580000
OBJECT 20 20.248721760 49.068264505 40.810001
OBJECT 20 20.248562395 49.068230682 168.690002
OBJECT 20 20.248627488 49.068361563 0.000000
OBJECT 20 20.248371607 49.068264505 345.959991
OBJECT 20 20.248218975 49.068101271 45.000000
OBJECT 20 20.247956361 49.067983625 59.529999
OBJECT 20 20.247898003 49.068035095 131.190002
OBJECT 20 20.247673547 49.068260093 143.130005
OBJECT 20 20.247729661 49.068158624 166.759995
OBJECT 20 20.247783530 49.068121859 349.700012
OBJECT 20 20.248100013 49.068164506 225.000000
OBJECT 20 20.248135926 49.068263034 169.509995
OBJECT 20 20.248005742 49.068268917 72.029999
OBJECT 20 20.247990030 49.068198329 181.270004
OBJECT 20 20.248138171 49.068123330 340.559998
OBJECT 20 20.247440112 49.068096859 180.000000
OBJECT 20 20.247386242 49.068165976 158.839996
OBJECT 20 20.247294216 49.068193917 51.340000
OBJECT 20 20.246396395 49.067732157 180.000000
OBJECT 20 20.246629828 49.067730687 303.690002
OBJECT 20 20.247134852 49.068001272 193.240005
OBJECT 20 20.247410932 49.067940979 325.309998
OBJECT 20 20.247350330 49.067786568 257.470001
OBJECT 20 20.247229124 49.067838039 98.750000
OBJECT 20 20.247233613 49.067896861 214.990005
OBJECT 20 20.246919375 49.068064507 84.290001
OBJECT 20 20.246921620 49.067999802 170.539993
OBJECT 20 20.246728588 49.067933626 60.639999
OBJECT 20 20.246263968 49.067913038 0.000000
OBJECT 20 20.246158474 49.067732157 84.809998
OBJECT 20 20.246263968 49.067832156 180.000000
OBJECT 16 20.249398949 49.068745147 206.559998
OBJECT 16 20.249479753 49.068802323 137.490005
OBJECT 16 20.249222752 49.068339510 195.070007
OBJECT 16 20.249359142 49.068393124 56.310001
OBJECT 16 20.249187681 49.068506311 60.419998
OBJECT 16 20.248968158 49.068342063 12.990000
OBJECT 16 20.248740842 49.068550564 108.949997
OBJECT 16 20.248627833 49.068350573 252.429993
OBJECT 16 20.248760326 49.068431420 149.039993
OBJECT 16 20.248799294 49.068205898 355.359985
OBJECT 16 20.248661606 49.068178666 318.010010
OBJECT 16 20.248284910 49.068045054 328.739990
OBJECT 16 20.248331672 49.068276534 150.949997
OBJECT 16 20.248342064 49.068411847 262.869995
OBJECT 16 20.248214767 49.068353977 5.390000
OBJECT 16 20.248038110 49.068197388 56.310001
OBJECT 16 20.247931597 49.067997397 306.869995
OBJECT 16 20.247870547 49.068091010 147.889999
OBJECT 16 20.247250952 49.068211005 98.529999
OBJECT 16 20.247391237 49.067902933 206.559998
OBJECT 16 20.247345775 49.067979525 137.550003
OBJECT 16 20.246833993 49.067754003 142.699997
OBJECT 16 20.247054812 49.067747195 307.239990
OBJECT 16 20.247165222 49.067828894 205.020004
OBJECT 16 20.247189902 49.067965058 301.609985
OBJECT 16 20.247283426 49.067851871 329.929993
OBJECT 16 20.246682775 49.067760463 137.729996
OBJECT 16 20.246570547 49.067728601 65.559998
OBJECT 16 20.246450837 49.067706542 8.530000
OBJECT 16 20.246327386 49.067713895 128.369995
OBJECT 16 20.246787521 49.067977373 77.470001
OBJECT 16 20.246510692 49.067946736 281.799988
OBJECT 16 20.246351702 49.067944285 59.040001
OBJECT 16 20.246159044 49.067908746 304.510010
OBJECT 21 20.246096317 49.067815093 0.000000
OBJECT 22 20.250053750 49.069527858 139.710007
OBJECT 12 20.250104410 49.069489561 139.139999
OBJECT 22 20.249287607 49.068954448 229.789993
OBJECT 12 20.249230683 49.068921976 227.910004
OBJECT 14 20.249724999 49.069209826 228.029999
OBJECT 23 20.246592790 49.067480739 262.299988
OBJECT 24 20.244906869 49.067372301 352.880005
OBJECT 25 20.244637506 49.068488348 354.640015
OBJECT 25 20.245634419 49.067410583 353.660004
OBJECT 26 20.249091328 49.067696576 82.690002
OBJECT 26 20.249064393 49.067843634 84.760002
OBJECT 27 20.249112439 49.069477689 299.450012
OBJECT 27 20.248163147 49.069048771 337.690002
OBJECT 27 20.247422736 49.068747508 339.440002
OBJECT 28 20.243319809 49.067843525 357.769989
OBJECT 29 20.242848527 49.067575622 84.680000
OBJECT 30 20.247396879 49.068421558 158.360001
OBJECT 31 20.248031187 49.068625444 150.440002
OBJECT 31 20.248163146 49.068875894 319.570007
OBJECT 31 20.247642293 49.068678960 341.299988
OBJECT 31 20.247526326 49.068652015 340.559998
OBJECT 32 20.244689514 49.067703833 290.320007
OBJECT 32 20.243378832 49.067993539 0.000000
OBJECT 20 20.250645889 49.069695463 199.289993
OBJECT 20 20.250892594 49.068898076 111.800003
OBJECT 20 20.251098181 49.068946566 293.959991
OBJECT 20 20.251154349 49.068674140 125.839996
OBJECT 20 20.251168626 49.068745228 252.470001
OBJECT 20 20.250971604 49.068679752 82.010002
OBJECT 20 20.250768871 49.068614276 37.299999
OBJECT 20 20.250369118 49.068468358 182.199997
OBJECT 20 20.250491899 49.068546929 205.460007
OBJECT 20 20.250620391 49.068558154 58.389999
OBJECT 20 20.250391961 49.068522610 109.980003
OBJECT 20 20.250386250 49.068378562 5.710000
OBJECT 20 20.250283456 49.068372950 129.809998
OBJECT 20 20.250129266 49.068429072 0.000000
OBJECT 20 20.250249192 49.068462746 235.619995
OBJECT 20 20.250152109 49.068314957 86.190002
OBJECT 20 20.249900836 49.068376691 168.690002
OBJECT 20 20.250006485 49.068352372 225.000000
OBJECT 20 20.250000774 49.068408494 175.910004
OBJECT 20 20.249195560 49.068111045 2.900000
OBJECT 20 20.249518217 49.068195229 236.309998
OBJECT 20 20.249720948 49.068200841 283.239990
OBJECT 20 20.248795810 49.067981964 43.020000
OBJECT 20 20.248798665 49.067948290 178.960007
OBJECT 20 20.248952854 49.068002542 251.559998
OBJECT 20 20.248987118 49.068066147 158.960007
OBJECT 20 20.248904313 49.068019379 45.000000
OBJECT 20 20.248727281 49.067910875 51.910000
OBJECT 20 20.248713004 49.067978222 172.570007
OBJECT 20 20.246780928 49.067347123 268.029999
OBJECT 20 20.246535371 49.067266681 56.310001
OBJECT 20 20.246618175 49.067345252 255.470001
OBJECT 20 20.246578200 49.067341511 136.979996
OBJECT 20 20.246469699 49.067313449 36.869999
OBJECT 20 20.246435435 49.067277905 198.429993
OBJECT 20 20.246344065 49.067317191 125.540001
OBJECT 20 20.246295525 49.067305966 71.559998
OBJECT 20 20.246226998 49.067305966 95.190002
OBJECT 20 20.246147049 49.067294742 300.959991
OBJECT 20 20.246075667 49.067268551 92.290001
OBJECT 20 20.245990007 49.067277905 84.290001
OBJECT 20 20.245984297 49.067268551 26.559999
OBJECT 20 20.245892927 49.067292871 115.639999
OBJECT 20 20.242967879 49.068069575 277.130005
OBJECT 20 20.243110963 49.068082506 209.740005
OBJECT 20 20.242874134 49.068098669 34.990002
OBJECT 20 20.243012284 49.068121298 167.910004
OBJECT 20 20.243865856 49.067500629 26.559999
OBJECT 20 20.243920129 49.067591143 270.000000
OBJECT 20 20.243609291 49.067549119 86.190002
OBJECT 20 20.243421801 49.067355160 180.000000
OBJECT 20 20.243619159 49.067355160 270.000000
OBJECT 20 20.243920129 49.067170899 86.190002
OBJECT 20 20.244033610 49.067400417 163.300003
OBJECT 20 20.244309910 49.067393951 292.109985
OBJECT 20 20.245163482 49.067452139 84.809998
OBJECT 20 20.245059869 49.067435976 328.000000
OBJECT 20 20.244897049 49.067426278 225.000000
OBJECT 20 20.244753965 49.067419813 77.470001
OBJECT 20 20.244591145 49.067432743 0.000000
OBJECT 20 20.242489288 49.068625591 341.570007
OBJECT 20 20.242578099 49.068690244 209.050003
OBJECT 20 20.242464618 49.068719338 74.739998
OBJECT 20 20.242321534 49.068544775 236.309998
OBJECT 20 20.242390609 49.068661150 180.000000
OBJECT 20 20.242296864 49.068593265 23.200001
OBJECT 20 20.242227789 49.068554473 101.309998
OBJECT 20 20.242425147 49.068567403 267.880005
OBJECT 20 20.242533693 49.068577101 86.190002
OBJECT 20 20.242331402 49.068677314 171.869995
OBJECT 20 20.242510326 49.067391492 151.699997
OBJECT 20 20.242826789 49.067439820 288.440002
OBJECT 20 20.242895792 49.067377461 315.000000
OBJECT 20 20.242655470 49.067188828 21.500000
OBJECT 20 20.243324089 49.067349400 271.910004
OBJECT 20 20.243933224 49.067506855 116.570000
OBJECT 20 20.243861841 49.067547388 57.990002
OBJECT 20 20.243388334 49.067260540 91.790001
OBJECT 20 20.243512065 49.067282365 315.000000
OBJECT 20 20.243780940 49.067372785 240.250000
OBJECT 16 20.243221853 49.067229563 279.089996
OBJECT 16 20.245302611 49.067305530 174.809998
OBJECT 16 20.245077043 49.067440224 78.690002
OBJECT 16 20.245268348 49.067449577 90.000000
OBJECT 16 20.244677301 49.067419645 0.000000
OBJECT 16 20.244925712 49.067430870 270.000000
OBJECT 33 20.245145365 49.067645573 82.970001
OBJECT 34 20.246369190 49.068701569 82.879997
OBJECT 27 20.246601890 49.068697277 0.000000
OBJECT 35 20.246443578 49.068379222 353.290009
OBJECT 36 20.246483633 49.068650069 270.000000
OBJECT 37 20.243331691 49.067539022 82.449997
OBJECT 38 20.244192872 49.067595766 83.660004
BEGIN_POLYGON 9 10 3
BEGIN_WINDING
POLYGON_POINT 20.246764170 49.068552593 0.000000000
POLYGON_POINT 20.246771523 49.068509235 0.000000000
POLYGON_POINT 20.246729427 49.068506775 0.000000000
POLYGON_POINT 20.246741401 49.068429399 3.000000000
POLYGON_POINT 20.246930099 49.068444692 0.000000000
POLYGON_POINT 20.246917691 49.068509235 0.000000000
POLYGON_POINT 20.247093353 49.068524624 0.000000000
POLYGON_POINT 20.247112716 49.068458168 2.000000000
POLYGON_POINT 20.247285029 49.068469570 3.000000000
POLYGON_POINT 20.247261008 49.068593704 3.000000000
END_WINDING
END_POLYGON
BEGIN_POLYGON 10 10 2
BEGIN_WINDING
POLYGON_POINT 20.246996330 49.068103753
POLYGON_POINT 20.247175056 49.068121819
POLYGON_POINT 20.247093353 49.068524624
POLYGON_POINT 20.246917691 49.068509235
END_WINDING
END_POLYGON
BEGIN_POLYGON 11 10 3
BEGIN_WINDING
POLYGON_POINT 20.248497124 49.068819179 0.000000000
POLYGON_POINT 20.248488613 49.068813138 0.000000000
POLYGON_POINT 20.248510599 49.068790370 0.000000000
POLYGON_POINT 20.248519819 49.068795946 0.000000000
POLYGON_POINT 20.248533295 49.068787117 1.000000000
POLYGON_POINT 20.248881488 49.068995900 0.000000000
POLYGON_POINT 20.248910902 49.068978556 1.000000000
POLYGON_POINT 20.249524175 49.069340841 0.000000000
POLYGON_POINT 20.249271217 49.069534509 0.000000000
POLYGON_POINT 20.249234450 49.069513311 0.000000000
POLYGON_POINT 20.249210919 49.069535472 0.000000000
POLYGON_POINT 20.249140326 49.069495968 0.000000000
POLYGON_POINT 20.249169740 49.069470916 1.000000000
POLYGON_POINT 20.248930017 49.069334096 0.000000000
POLYGON_POINT 20.248905016 49.069356257 0.000000000
POLYGON_POINT 20.248827069 49.069316753 0.000000000
POLYGON_POINT 20.248863837 49.069286883 0.000000000
POLYGON_POINT 20.248784419 49.069237744 0.000000000
POLYGON_POINT 20.248719709 49.069277248 1.000000000
POLYGON_POINT 20.248478517 49.069140428 0.000000000
POLYGON_POINT 20.248528520 49.069099960 1.000000000
POLYGON_POINT 20.248301744 49.068965737 0.000000000
POLYGON_POINT 20.248314510 49.068954585 0.000000000
POLYGON_POINT 20.248320184 49.068958767 0.000000000
END_WINDING
END_POLYGON
BEGIN_POLYGON 9 10 3
BEGIN_WINDING
POLYGON_POINT 20.248352234 49.068814984 0.000000000
POLYGON_POINT 20.248410392 49.068767369 1.000000000
POLYGON_POINT 20.248497789 49.068818996 0.000000000
POLYGON_POINT 20.248321373 49.068957818 0.000000000
POLYGON_POINT 20.248313954 49.068953488 0.000000000
POLYGON_POINT 20.248287400 49.068974899 1.000000000
POLYGON_POINT 20.248241441 49.068948135 0.000000000
POLYGON_POINT 20.248261116 49.068932147 1.000000000
POLYGON_POINT 20.248232810 49.068914446 1.000000000
END_WINDING
END_POLYGON
BEGIN_POLYGON 12 4 2
BEGIN_WINDING
POLYGON_POINT 20.217039788 49.074190733
POLYGON_POINT 20.220111275 49.073755643
POLYGON_POINT 20.221400303 49.073096073
POLYGON_POINT 20.230064486 49.072673797
POLYGON_POINT 20.232958292 49.071533924
POLYGON_POINT 20.234530303 49.070365983
POLYGON_POINT 20.233539214 49.070167865
POLYGON_POINT 20.234158158 49.068717781
POLYGON_POINT 20.236162900 49.069068140
POLYGON_POINT 20.237606775 49.067835834
POLYGON_POINT 20.240014836 49.066865172
POLYGON_POINT 20.243231066 49.067010342
POLYGON_POINT 20.244542920 49.067130597
POLYGON_POINT 20.246031236 49.067293022
POLYGON_POINT 20.247349521 49.067464769
POLYGON_POINT 20.247309504 49.067662528
END_WINDING
END_POLYGON
BEGIN_POLYGON 13 4 3
BEGIN_WINDING
POLYGON_POINT 20.244613584 49.068358011 0.000000000
POLYGON_POINT 20.244712956 49.067673153 1.000000000
POLYGON_POINT 20.245551936 49.067743884 0.000000000
POLYGON_POINT 20.245433102 49.068416711 1.000000000
END_WINDING
END_POLYGON
BEGIN_POLYGON 9 10 2
BEGIN_WINDING
POLYGON_POINT 20.247827794 49.068578662
POLYGON_POINT 20.247884987 49.068588699
POLYGON_POINT 20.247890093 49.068604757
POLYGON_POINT 20.247989871 49.068629694
POLYGON_POINT 20.248043201 49.068648753
POLYGON_POINT 20.248140312 49.068705124
POLYGON_POINT 20.248160738 49.068695757
POLYGON_POINT 20.248189533 49.068717466
POLYGON_POINT 20.248080055 49.068800138
POLYGON_POINT 20.247940137 49.068731889
POLYGON_POINT 20.247786942 49.068689735
END_WINDING
END_POLYGON
BEGIN_POLYGON 14 6 5
BEGIN_WINDING
POLYGON_POINT 20.247643907 49.068487194 2.000000000 20.247643907 49.068487194
POLYGON_POINT 20.247623069 49.068543605 2.000000000 20.247623069 49.068543605
POLYGON_POINT 20.247819318 49.068584285 2.000000000 20.247819318 49.068584285
POLYGON_POINT 20.247839414 49.068559197 2.000000000 20.247839414 49.068559197
POLYGON_POINT 20.248211829 49.068690329 2.000000000 20.248211829 49.068690329
POLYGON_POINT 20.248188464 49.068722278 2.000000000 20.248188464 49.068722278
POLYGON_POINT 20.248352234 49.068814984 2.000000000 20.248352234 49.068814984
POLYGON_POINT 20.248232810 49.068914446 2.000000000 20.248232810 49.068914446
POLYGON_POINT 20.248057332 49.068812401 2.000000000 20.248057332 49.068812401
POLYGON_POINT 20.247975791 49.068871530 2.000000000 20.247975791 49.068871530
POLYGON_POINT 20.247875654 49.068808587 2.000000000 20.247808896 49.068785698
POLYGON_POINT 20.247731170 49.068780930 2.000000000 20.247731170 49.068780930
POLYGON_POINT 20.247770271 49.068707019 2.000000000 20.247770271 49.068707019
POLYGON_POINT 20.247448401 49.068631677 2.000000000 20.247448401 49.068631677
POLYGON_POINT 20.247535187 49.068464305 2.000000000 20.247535187 49.068464305
END_WINDING
END_POLYGON
BEGIN_POLYGON 12 4 2
BEGIN_WINDING
POLYGON_POINT 20.249625084 49.069347216
POLYGON_POINT 20.250870602 49.070422023
POLYGON_POINT 20.250964063 49.071182113
POLYGON_POINT 20.254437398 49.071067671
POLYGON_POINT 20.254507971 49.071203094
POLYGON_POINT 20.260905316 49.070920803
POLYGON_POINT 20.261929578 49.072562101
POLYGON_POINT 20.261939115 49.072644118
POLYGON_POINT 20.260737467 49.074068929
POLYGON_POINT 20.223604637 49.075859957
POLYGON_POINT 20.218695047 49.076062139
POLYGON_POINT 20.218031279 49.075362132
POLYGON_POINT 20.216760966 49.075349734
POLYGON_POINT 20.216713281 49.074652587
POLYGON_POINT 20.217039788 49.074190733
END_WINDING
END_POLYGON
FILTER -1
OBJECT_DEF lib/g10/US/suburban/TrailerSnglShrtPtch.obj
OBJECT_DEF lib/g10/EU/suburban/gar1_6x4.obj
OBJECT_DEF lib/g10/US/industrial/light/StorHut3x3.obj
OBJECT_DEF lib/g10/US/industrial/light/WoodShed8x10.obj
OBJECT_DEF lib/airport/Ramp_Equipment/Cargo_Dolly_1.obj
OBJECT_DEF lib/airport/Ramp_Equipment/Cargo_Container_6.obj
OBJECT_DEF lib/airport/Common_Elements/Miscellaneous/Stack_of_Cones.obj
OBJECT_DEF lib/airport/Common_Elements/Miscellaneous/Porta_Potty_1.obj
OBJECT_DEF lib/airport/Common_Elements/Miscellaneous/One_Traffic_Cone.obj
OBJECT_DEF lib/airport/Common_Elements/Miscellaneous/Flagpole.obj
OBJECT_DEF lib/airport/Common_Elements/Miscellaneous/Blue_Dumpster.obj
OBJECT_DEF lib/airport/Common_Elements/Parking_Items/Row_of_Cars_4.agp
OBJECT_DEF lib/airport/Common_Elements/Parking_Items/Row_of_Cars_6.agp
OBJECT_DEF lib/airport/Common_Elements/Parking/4_Spaces_Dual.obj
OBJECT_DEF lib/airport/Common_Elements/Parking_Items/Row_of_Cars_10.agp
OBJECT_DEF lib/cars/car_static.obj
OBJECT_DEF lib/airport/Common_Elements/Miscellaneous/Tree.obj
OBJECT_DEF lib/g10/US/industrial/light/GateHut3x3.obj
OBJECT_DEF lib/airport/Common_Elements/Miscellaneous/Square_Trash_Can.obj
OBJECT_DEF lib/g10/streetlights/ResLt3.obj
OBJECT_DEF lib/g10/forests/autogen_tree2.obj
OBJECT_DEF lib/airport/Common_Elements/Fuel_Storage/Sing_Tank_Small.obj
OBJECT_DEF lib/airport/Common_Elements/Parking_Items/Row_of_Cars_2.agp
OBJECT_DEF lib/g10/US/industrial/light/FactB10x30D.obj
OBJECT_DEF lib/g10/EU/urban_mid/outBld1-2_6x9.obj
OBJECT_DEF lib/g10/EU/urban_mid/outBld1-2_9x9.obj
OBJECT_DEF lib/g10/EU/suburban/gar1_6x12.obj
OBJECT_DEF lib/airport/landscape/apron_light.obj
OBJECT_DEF lib/g10/US/suburban/TrailerSnglShrtFlat.obj
OBJECT_DEF lib/g10/US/industrial/light/StorSml1p0.obj
OBJECT_DEF lib/g10/US/industrial/light/SecBarrier.obj
OBJECT_DEF lib/airport/Classic_Airports/Facades/term1_corridor.obj
OBJECT_DEF lib/airport/Common_Elements/Miscellaneous/Barrel_Trash_Can.obj
OBJECT_DEF lib/g10/US/industrial/light/TinShed10x50.obj
OBJECT_DEF lib/airport/Ramp_Equipment/Belt_Loader.obj
OBJECT_DEF lib/g10/US/industrial/light/FactB30x45.obj
OBJECT_DEF lib/airport/Ramp_Equipment/Lugg_Train_Straight4.obj
OBJECT_DEF lib/g10/US/industrial/light/TinShed10x30Dk.obj
OBJECT_DEF lib/g10/US/industrial/light/TinShed10x30Lt.obj
POLYGON_DEF lib/g10/forests/AG_trees_EU1.for
POLYGON_DEF lib/airport/lines/22_road_edge_dash.lin
POLYGON_DEF lib/airport/pavement/asphalt_4L.pol
POLYGON_DEF lib/airport/pavement/asphalt_3D.pol
POLYGON_DEF lib/airport/pavement/asphalt_5L.pol
POLYGON_DEF lib/airport/pavement/concrete_6L.pol
POLYGON_DEF lib/airport/pavement/asphalt_2D.pol
POLYGON_DEF lib/airport/pavement/concrete_5L.pol
POLYGON_DEF lib/airport/pavement/asphalt_1D.pol
POLYGON_DEF lib/g10/autogen/ind_low_solid_15x90b.fac
POLYGON_DEF lib/g10/autogen/urban_high_solid_32_90x16x60a.fac
POLYGON_DEF lib/airport/Modern_Airports/Facades/modern1.fac
POLYGON_DEF lib/airport/Common_Elements/Fence_Facades/Fence.fac
POLYGON_DEF lib/airport/Common_Elements/Hangars/White_Hangar.fac
POLYGON_DEF lib/airport/Common_Elements/Misc_Buildings/White_Office.fac
PROPERTY sim/filter/aptid LZTT
PROPERTY sim/exclude_obj 20.250355/49.071377/20.265055/49.074451
PROPERTY sim/exclude_fac 20.250355/49.071377/20.265055/49.074451
PROPERTY sim/exclude_for 20.250355/49.071377/20.265055/49.074451
PROPERTY sim/exclude_net 20.250355/49.071377/20.265055/49.074451
PROPERTY sim/exclude_lin 20.250355/49.071377/20.265055/49.074451
PROPERTY sim/exclude_pol 20.250355/49.071377/20.265055/49.074451
PROPERTY sim/exclude_str 20.250355/49.071377/20.265055/49.074451
PROPERTY sim/exclude_obj 20.221752/49.072392/20.233662/49.075176
PROPERTY sim/exclude_fac 20.221752/49.072392/20.233662/49.075176
PROPERTY sim/exclude_for 20.221752/49.072392/20.233662/49.075176
PROPERTY sim/exclude_net 20.221752/49.072392/20.233662/49.075176
PROPERTY sim/exclude_lin 20.221752/49.072392/20.233662/49.075176
PROPERTY sim/exclude_pol 20.221752/49.072392/20.233662/49.075176
PROPERTY sim/exclude_str 20.221752/49.072392/20.233662/49.075176
PROPERTY sim/exclude_obj 20.221752/49.075176/20.221752/49.075176
PROPERTY sim/exclude_fac 20.221752/49.075176/20.221752/49.075176
PROPERTY sim/exclude_for 20.221752/49.075176/20.221752/49.075176
PROPERTY sim/exclude_net 20.221752/49.075176/20.221752/49.075176
PROPERTY sim/exclude_lin 20.221752/49.075176/20.221752/49.075176
PROPERTY sim/exclude_pol 20.221752/49.075176/20.221752/49.075176
PROPERTY sim/exclude_str 20.221752/49.075176/20.221752/49.075176
PROPERTY sim/exclude_obj 20.221930/49.075150/20.221930/49.075150
PROPERTY sim/exclude_fac 20.221930/49.075150/20.221930/49.075150
PROPERTY sim/exclude_for 20.221930/49.075150/20.221930/49.075150
PROPERTY sim/exclude_net 20.221930/49.075150/20.221930/49.075150
PROPERTY sim/exclude_lin 20.221930/49.075150/20.221930/49.075150
PROPERTY sim/exclude_pol 20.221930/49.075150/20.221930/49.075150
PROPERTY sim/exclude_str 20.221930/49.075150/20.221930/49.075150
PROPERTY sim/exclude_obj 20.244852/49.067368/20.247169/49.068638
PROPERTY sim/exclude_fac 20.244852/49.067368/20.247169/49.068638
PROPERTY sim/exclude_for 20.244852/49.067368/20.247169/49.068638
PROPERTY sim/exclude_bch 20.244852/49.067368/20.247169/49.068638
PROPERTY sim/exclude_net 20.244852/49.067368/20.247169/49.068638
PROPERTY sim/exclude_lin 20.244852/49.067368/20.247169/49.068638
PROPERTY sim/exclude_pol 20.244852/49.067368/20.247169/49.068638
PROPERTY sim/exclude_str 20.244852/49.067368/20.247169/49.068638
PROPERTY sim/exclude_obj 20.241539/49.067181/20.244904/49.067986
PROPERTY sim/exclude_fac 20.241539/49.067181/20.244904/49.067986
PROPERTY sim/exclude_for 20.241539/49.067181/20.244904/49.067986
PROPERTY sim/exclude_bch 20.241539/49.067181/20.244904/49.067986
PROPERTY sim/exclude_net 20.241539/49.067181/20.244904/49.067986
PROPERTY sim/exclude_lin 20.241539/49.067181/20.244904/49.067986
PROPERTY sim/exclude_pol 20.241539/49.067181/20.244904/49.067986
PROPERTY sim/exclude_str 20.241539/49.067181/20.244904/49.067986
PROPERTY sim/exclude_obj 20.233486/49.068386/20.250566/49.074692
PROPERTY sim/exclude_fac 20.233486/49.068386/20.250566/49.074692
PROPERTY sim/exclude_for 20.233486/49.068386/20.250566/49.074692
PROPERTY sim/exclude_bch 20.233486/49.068386/20.250566/49.074692
PROPERTY sim/exclude_net 20.233486/49.068386/20.250566/49.074692
PROPERTY sim/exclude_lin 20.233486/49.068386/20.250566/49.074692
PROPERTY sim/exclude_pol 20.233486/49.068386/20.250566/49.074692
PROPERTY sim/exclude_str 20.233486/49.068386/20.250566/49.074692
PROPERTY sim/exclude_obj 20.247213/49.067829/20.247814/49.068329
PROPERTY sim/exclude_fac 20.247213/49.067829/20.247814/49.068329
PROPERTY sim/exclude_for 20.247213/49.067829/20.247814/49.068329
PROPERTY sim/exclude_net 20.247213/49.067829/20.247814/49.068329
PROPERTY sim/exclude_str 20.247213/49.067829/20.247814/49.068329
PROPERTY sim/exclude_obj 20.244026/49.067951/20.244890/49.068611
PROPERTY sim/exclude_fac 20.244026/49.067951/20.244890/49.068611
PROPERTY sim/exclude_for 20.244026/49.067951/20.244890/49.068611
PROPERTY sim/exclude_net 20.244026/49.067951/20.244890/49.068611
PROPERTY sim/exclude_lin 20.244026/49.067951/20.244890/49.068611
PROPERTY sim/exclude_pol 20.244026/49.067951/20.244890/49.068611
PROPERTY sim/exclude_str 20.244026/49.067951/20.244890/49.068611
PROPERTY sim/exclude_fac 20.244026/49.067951/20.244890/49.068611
PROPERTY sim/require_agpoint 1/0
PROPERTY sim/require_object 1/0
PROPERTY sim/require_facade 1/9
PROPERTY sim/require_facade 6/0
