PROPERTY sim/west -180
PROPERTY sim/east 180
PROPERTY sim/north 90
PROPERTY sim/south -90
PROPERTY sim/planet earth
PROPERTY sim/creation_agent WorldEditor1.7.0r3
PROPERTY laminar/internal_revision 0
PROPERTY sim/overlay 1
FILTER 0
BEGIN_POLYGON 0 65535 4
BEGIN_WINDING
POLYGON_POINT -69.730256591 19.269488080 0.094000000 0.751000000
POLYGON_POINT -69.730282245 19.269475191 0.184000000 0.751000000
POLYGON_POINT -69.730265902 19.269446145 0.184000000 0.999000000
POLYGON_POINT -69.730240235 19.269459026 0.094000000 0.999000000
END_WINDING
END_POLYGON
BEGIN_POLYGON 0 65535 4
BEGIN_WINDING
POLYGON_POINT -69.730858413 19.269202724 0.184000000 0.751000000
POLYGON_POINT -69.730884067 19.269189835 0.273000000 0.751000000
POLYGON_POINT -69.730867724 19.269160789 0.273000000 0.999000000
POLYGON_POINT -69.730842057 19.269173670 0.184000000 0.999000000
END_WINDING
END_POLYGON
BEGIN_POLYGON 0 65535 4
BEGIN_WINDING
POLYGON_POINT -69.731476287 19.268901341 0.273000000 0.751000000
POLYGON_POINT -69.731501940 19.268888452 0.363000000 0.751000000
POLYGON_POINT -69.731485597 19.268859406 0.363000000 0.999000000
POLYGON_POINT -69.731459930 19.268872287 0.273000000 0.999000000
END_WINDING
END_POLYGON
BEGIN_POLYGON 0 65535 4
BEGIN_WINDING
POLYGON_POINT -69.732091270 19.268618089 0.363000000 0.751000000
POLYGON_POINT -69.732116924 19.268605200 0.453000000 0.751000000
POLYGON_POINT -69.732100581 19.268576154 0.453000000 0.999000000
POLYGON_POINT -69.732074914 19.268589035 0.363000000 0.999000000
END_WINDING
END_POLYGON
BEGIN_POLYGON 0 65535 4
BEGIN_WINDING
POLYGON_POINT -69.731446181 19.269363253 0.273000000 0.751000000
POLYGON_POINT -69.731469219 19.269366583 0.363000000 0.751000000
POLYGON_POINT -69.731474567 19.269333094 0.363000000 0.999000000
POLYGON_POINT -69.731451621 19.269329860 0.273000000 0.999000000
END_WINDING
END_POLYGON
BEGIN_POLYGON 0 65535 4
BEGIN_WINDING
POLYGON_POINT -69.731518773 19.269403083 0.363000000 0.751000000
POLYGON_POINT -69.731541811 19.269406414 0.453000000 0.751000000
POLYGON_POINT -69.731547159 19.269372924 0.453000000 0.999000000
POLYGON_POINT -69.731524213 19.269369690 0.363000000 0.999000000
END_WINDING
END_POLYGON
BEGIN_POLYGON 0 65535 4
BEGIN_WINDING
POLYGON_POINT -69.731365572 19.269478964 0.094000000 0.751000000
POLYGON_POINT -69.731374404 19.269458548 0.184000000 0.751000000
POLYGON_POINT -69.731342153 19.269446064 0.184000000 0.999000000
POLYGON_POINT -69.731333422 19.269466080 0.094000000 0.999000000
END_WINDING
END_POLYGON
BEGIN_POLYGON 0 65535 4
BEGIN_WINDING
POLYGON_POINT -69.731370593 19.269413916 0.184000000 0.751000000
POLYGON_POINT -69.731379425 19.269393500 0.273000000 0.751000000
POLYGON_POINT -69.731347174 19.269381015 0.273000000 0.999000000
POLYGON_POINT -69.731338443 19.269401031 0.184000000 0.999000000
END_WINDING
END_POLYGON
BEGIN_POLYGON 1 55 2
BEGIN_WINDING
POLYGON_POINT -69.727856451 19.268283632
POLYGON_POINT -69.727798239 19.268311803
POLYGON_POINT -69.727843800 19.268404259
POLYGON_POINT -69.727896620 19.268383358
POLYGON_POINT -69.727917216 19.268390532
END_WINDING
END_POLYGON
BEGIN_POLYGON 1 62 4
BEGIN_WINDING
POLYGON_POINT -69.727793129 19.268185156 -69.727793129 19.268185156
POLYGON_POINT -69.727336448 19.268340137 -69.727336448 19.268340137
POLYGON_POINT -69.727321594 19.268316759 -69.727321594 19.268316759
POLYGON_POINT -69.727079100 19.268404698 -69.727079100 19.268404698
POLYGON_POINT -69.727148231 19.268515536 -69.727148231 19.268515536
POLYGON_POINT -69.727213223 19.268488528 -69.727213223 19.268488528
POLYGON_POINT -69.727213223 19.268488528 -69.727241820 19.268470768
POLYGON_POINT -69.727272515 19.268507969 -69.727272515 19.268507969
POLYGON_POINT -69.727296363 19.268556348 -69.727296363 19.268556348
POLYGON_POINT -69.727188905 19.268616735 -69.727188905 19.268616735
POLYGON_POINT -69.727254817 19.268725721 -69.727254817 19.268725721
POLYGON_POINT -69.727364831 19.268671233 -69.727364831 19.268671233
POLYGON_POINT -69.727393188 19.268717004 -69.727393188 19.268717004
POLYGON_POINT -69.727393188 19.268717004 -69.727445886 19.268821925
POLYGON_POINT -69.727557408 19.268776330 -69.727557408 19.268776330
POLYGON_POINT -69.727980988 19.268578118 -69.727980988 19.268578118
POLYGON_POINT -69.727980988 19.268578118 -69.728008860 19.268560029
POLYGON_POINT -69.728023624 19.268570552 -69.728023624 19.268570552
POLYGON_POINT -69.727983234 19.268500804 -69.727983234 19.268500804
POLYGON_POINT -69.727532315 19.268711209 -69.727532315 19.268711209
POLYGON_POINT -69.727452757 19.268683848 -69.727424715 19.268629246
POLYGON_POINT -69.727452757 19.268683848 -69.727452757 19.268683848
POLYGON_POINT -69.727367285 19.268546072 -69.727367285 19.268546072
POLYGON_POINT -69.727382087 19.268458556 -69.727436270 19.268410248
POLYGON_POINT -69.727382087 19.268458556 -69.727382087 19.268458556
POLYGON_POINT -69.727785382 19.268266376 -69.727785382 19.268266376
POLYGON_POINT -69.727837979 19.268252927 -69.727837979 19.268252927
END_WINDING
END_POLYGON
BEGIN_POLYGON 2 0 4
BEGIN_WINDING
POLYGON_POINT -69.731526627 19.267714903 -69.731526627 19.267714903
POLYGON_POINT -69.731471452 19.267690193 -69.731471452 19.267690193
POLYGON_POINT -69.731113304 19.267082136 -69.731113304 19.267082136
POLYGON_POINT -69.731094009 19.266992266 -69.731102772 19.266963315
POLYGON_POINT -69.731094009 19.266992266 -69.731094009 19.266992266
POLYGON_POINT -69.731253681 19.266562381 -69.731253681 19.266562381
POLYGON_POINT -69.731297345 19.266461129 -69.731297345 19.266461129
POLYGON_POINT -69.731375982 19.266256293 -69.731375982 19.266256293
POLYGON_POINT -69.731507076 19.266110380 -69.731599608 19.266038912
POLYGON_POINT -69.731507076 19.266110380 -69.731507076 19.266110380
POLYGON_POINT -69.731825253 19.265921309 -69.731825253 19.265921309
POLYGON_POINT -69.731800731 19.265880842 -69.731800731 19.265880842
POLYGON_POINT -69.731680768 19.265942787 -69.731680768 19.265942787
POLYGON_POINT -69.731465735 19.265915325 -69.731364791 19.265880583
POLYGON_POINT -69.731263056 19.265737454 -69.731263056 19.265737454
POLYGON_POINT -69.731208204 19.265782746 -69.731208204 19.265782746
POLYGON_POINT -69.731262719 19.266080936 -69.731262719 19.266080936
POLYGON_POINT -69.731027826 19.266494006 -69.730794524 19.266609270
POLYGON_POINT -69.731027826 19.266494006 -69.731027826 19.266494006
POLYGON_POINT -69.729876529 19.267067620 -69.729876529 19.267067620
POLYGON_POINT -69.729614342 19.267022088 -69.729518655 19.266936723
POLYGON_POINT -69.729614342 19.267022088 -69.729614342 19.267022088
POLYGON_POINT -69.729569783 19.266963980 -69.729569783 19.266963980
POLYGON_POINT -69.729325567 19.266597785 -69.729325567 19.266597785
POLYGON_POINT -69.729265888 19.266632632 -69.729265888 19.266632632
POLYGON_POINT -69.729841025 19.267628100 -69.729841025 19.267628100
POLYGON_POINT -69.728867653 19.268119653 -69.728867653 19.268119653
POLYGON_POINT -69.728803557 19.268099760 -69.728782947 19.268061247
POLYGON_POINT -69.728803557 19.268099760 -69.728803557 19.268099760
POLYGON_POINT -69.728313541 19.267273543 -69.728313541 19.267273543
POLYGON_POINT -69.728271535 19.267300580 -69.728271535 19.267300580
POLYGON_POINT -69.728900398 19.268356757 -69.728900398 19.268356757
POLYGON_POINT -69.728854523 19.268466123 -69.728783356 19.268509004
POLYGON_POINT -69.728854523 19.268466123 -69.728854523 19.268466123
POLYGON_POINT -69.728432567 19.268669989 -69.728432567 19.268669989
POLYGON_POINT -69.728142609 19.268599914 -69.728009675 19.268466066
POLYGON_POINT -69.728142609 19.268599914 -69.728142609 19.268599914
POLYGON_POINT -69.727790223 19.268029775 -69.727790223 19.268029775
POLYGON_POINT -69.727724575 19.268069728 -69.727724575 19.268069728
POLYGON_POINT -69.727788168 19.268170307 -69.727788168 19.268170307
POLYGON_POINT -69.727846447 19.268265967 -69.727846447 19.268265967
POLYGON_POINT -69.727856451 19.268283632 -69.727856451 19.268283632
POLYGON_POINT -69.727917216 19.268390532 -69.727917216 19.268390532
POLYGON_POINT -69.727983234 19.268500804 -69.727983234 19.268500804
POLYGON_POINT -69.728023624 19.268570552 -69.728023624 19.268570552
POLYGON_POINT -69.728081025 19.268643794 -69.728081025 19.268643794
POLYGON_POINT -69.728470508 19.268728670 -69.728710354 19.268632617
POLYGON_POINT -69.728470508 19.268728670 -69.728470508 19.268728670
POLYGON_POINT -69.728878083 19.268534054 -69.728878083 19.268534054
POLYGON_POINT -69.728878083 19.268534054 -69.728985590 19.268482597
POLYGON_POINT -69.729046642 19.268576673 -69.729046642 19.268576673
POLYGON_POINT -69.729316422 19.268996062 -69.729316422 19.268996062
POLYGON_POINT -69.729411926 19.268944425 -69.729411926 19.268944425
POLYGON_POINT -69.729476858 19.268911412 -69.729476858 19.268911412
POLYGON_POINT -69.729449668 19.268863485 -69.729449668 19.268863485
POLYGON_POINT -69.729406569 19.268874453 -69.729406569 19.268874453
POLYGON_POINT -69.729367562 19.268861839 -69.729367562 19.268861839
POLYGON_POINT -69.729226743 19.268751777 -69.729226743 19.268751777
POLYGON_POINT -69.728883024 19.268225770 -69.728883024 19.268225770
POLYGON_POINT -69.728897727 19.268156402 -69.728927169 19.268137542
POLYGON_POINT -69.728897727 19.268156402 -69.728897727 19.268156402
POLYGON_POINT -69.728979931 19.268111421 -69.728979931 19.268111421
POLYGON_POINT -69.729209718 19.268154818 -69.729209718 19.268154818
POLYGON_POINT -69.729218674 19.268125975 -69.729218674 19.268125975
POLYGON_POINT -69.729263024 19.268134139 -69.729263024 19.268134139
POLYGON_POINT -69.729271672 19.268103119 -69.729271672 19.268103119
POLYGON_POINT -69.729310374 19.268111535 -69.729310374 19.268111535
POLYGON_POINT -69.729320996 19.268078936 -69.729320996 19.268078936
POLYGON_POINT -69.729364447 19.268087169 -69.729364447 19.268087169
POLYGON_POINT -69.729372557 19.268055556 -69.729372557 19.268055556
POLYGON_POINT -69.729403957 19.268063139 -69.729403957 19.268063139
POLYGON_POINT -69.729413120 19.268028393 -69.729413120 19.268028393
POLYGON_POINT -69.729461315 19.268039422 -69.729461315 19.268039422
POLYGON_POINT -69.729467156 19.268005052 -69.729467156 19.268005052
POLYGON_POINT -69.729507318 19.268011945 -69.729507318 19.268011945
POLYGON_POINT -69.729514850 19.267975849 -69.729514850 19.267975849
POLYGON_POINT -69.729559046 19.267986259 -69.729559046 19.267986259
POLYGON_POINT -69.729565736 19.267954043 -69.729565736 19.267954043
POLYGON_POINT -69.729608856 19.267962605 -69.729608856 19.267962605
POLYGON_POINT -69.729615431 19.267931187 -69.729615431 19.267931187
POLYGON_POINT -69.729660546 19.267939784 -69.729660546 19.267939784
POLYGON_POINT -69.729666158 19.267906952 -69.729666158 19.267906952
POLYGON_POINT -69.729719078 19.267920158 -69.729719078 19.267920158
POLYGON_POINT -69.729725346 19.267884677 -69.729725346 19.267884677
POLYGON_POINT -69.729754359 19.267892641 -69.729754359 19.267892641
POLYGON_POINT -69.729759236 19.267861545 -69.729759236 19.267861545
POLYGON_POINT -69.729807114 19.267871403 -69.729807114 19.267871403
POLYGON_POINT -69.729813880 19.267830848 -69.729813880 19.267830848
POLYGON_POINT -69.729857620 19.267837304 -69.729857620 19.267837304
POLYGON_POINT -69.729863706 19.267809157 -69.729863706 19.267809157
POLYGON_POINT -69.729906837 19.267818463 -69.729906837 19.267818463
POLYGON_POINT -69.729917863 19.267787329 -69.729917863 19.267787329
POLYGON_POINT -69.729719110 19.267732978 -69.729719110 19.267732978
POLYGON_POINT -69.729878749 19.267660297 -69.729878749 19.267660297
POLYGON_POINT -69.729976349 19.267829624 -69.729976349 19.267829624
POLYGON_POINT -69.730639929 19.267513206 -69.730639929 19.267513206
POLYGON_POINT -69.730666819 19.267473193 -69.730666819 19.267473193
POLYGON_POINT -69.730870203 19.267378523 -69.730870203 19.267378523
POLYGON_POINT -69.731004960 19.267283676 -69.731004960 19.267283676
POLYGON_POINT -69.731004960 19.267283676 -69.731099158 19.267211987
POLYGON_POINT -69.731157676 19.267280056 -69.731157676 19.267280056
POLYGON_POINT -69.731196967 19.267357984 -69.731196967 19.267357984
POLYGON_POINT -69.731083973 19.267411408 -69.731083973 19.267411408
POLYGON_POINT -69.731226851 19.267655024 -69.731226851 19.267655024
POLYGON_POINT -69.731344203 19.267593268 -69.731344203 19.267593268
POLYGON_POINT -69.731414463 19.267711644 -69.731414463 19.267711644
POLYGON_POINT -69.731422574 19.267764545 -69.731422574 19.267764545
END_WINDING
BEGIN_WINDING
POLYGON_POINT -69.730990572 19.267258995 -69.730990572 19.267258995
POLYGON_POINT -69.730889580 19.267326186 -69.730889580 19.267326186
POLYGON_POINT -69.730997589 19.267206957 -69.731016835 19.267168553
POLYGON_POINT -69.730997589 19.267206957 -69.730997589 19.267206957
POLYGON_POINT -69.731053705 19.267019778 -69.731053705 19.267019778
POLYGON_POINT -69.731082443 19.267126587 -69.731099968 19.267159674
POLYGON_POINT -69.731082443 19.267126587 -69.731082443 19.267126587
POLYGON_POINT -69.731158052 19.267248316 -69.731158052 19.267248316
POLYGON_POINT -69.730990572 19.267258995 -69.730888342 19.267332063
END_WINDING
BEGIN_WINDING
POLYGON_POINT -69.731278955 19.265822726 -69.731278955 19.265822726
POLYGON_POINT -69.731451209 19.265958338 -69.731533226 19.265988116
POLYGON_POINT -69.731648203 19.265989326 -69.731648203 19.265989326
POLYGON_POINT -69.731489220 19.266077109 -69.731489220 19.266077109
POLYGON_POINT -69.731489220 19.266077109 -69.731338855 19.266161180
POLYGON_POINT -69.731285240 19.266382675 -69.731285240 19.266382675
POLYGON_POINT -69.731319579 19.266111059 -69.731328306 19.265995931
END_WINDING
BEGIN_WINDING
POLYGON_POINT -69.729964504 19.267592710 -69.729964504 19.267592710
POLYGON_POINT -69.730158461 19.267633731 -69.730158461 19.267633731
POLYGON_POINT -69.730169187 19.267602200 -69.730169187 19.267602200
POLYGON_POINT -69.730209507 19.267610294 -69.730209507 19.267610294
POLYGON_POINT -69.730216362 19.267577645 -69.730216362 19.267577645
POLYGON_POINT -69.730255863 19.267587109 -69.730255863 19.267587109
POLYGON_POINT -69.730264095 19.267553249 -69.730264095 19.267553249
POLYGON_POINT -69.730303259 19.267562544 -69.730303259 19.267562544
POLYGON_POINT -69.730314345 19.267529907 -69.730314345 19.267529907
POLYGON_POINT -69.730348696 19.267538108 -69.730348696 19.267538108
POLYGON_POINT -69.730356711 19.267509261 -69.730356711 19.267509261
POLYGON_POINT -69.730217594 19.267480113 -69.730217594 19.267480113
POLYGON_POINT -69.730236778 19.267434698 -69.730236778 19.267434698
POLYGON_POINT -69.730364750 19.267371759 -69.730364750 19.267371759
POLYGON_POINT -69.730602989 19.267418227 -69.730602989 19.267418227
POLYGON_POINT -69.730611699 19.267387622 -69.730611699 19.267387622
POLYGON_POINT -69.730647009 19.267396041 -69.730647009 19.267396041
POLYGON_POINT -69.730655678 19.267363722 -69.730655678 19.267363722
POLYGON_POINT -69.730695843 19.267370825 -69.730695843 19.267370825
POLYGON_POINT -69.730702530 19.267342068 -69.730702530 19.267342068
POLYGON_POINT -69.730743242 19.267349620 -69.730743242 19.267349620
POLYGON_POINT -69.730749393 19.267317572 -69.730749393 19.267317572
POLYGON_POINT -69.730775865 19.267323732 -69.730775865 19.267323732
POLYGON_POINT -69.730782923 19.267288513 -69.730782923 19.267288513
POLYGON_POINT -69.730648079 19.267257757 -69.730648079 19.267257757
POLYGON_POINT -69.730668084 19.267216732 -69.730668084 19.267216732
POLYGON_POINT -69.731012588 19.267040024 -69.731012588 19.267040024
POLYGON_POINT -69.730974908 19.267194763 -69.730974908 19.267194763
POLYGON_POINT -69.730861841 19.267315642 -69.730861841 19.267315642
POLYGON_POINT -69.730146516 19.267666413 -69.730146516 19.267666413
POLYGON_POINT -69.730146516 19.267666413 -69.730106455 19.267684603
POLYGON_POINT -69.730071497 19.267676031 -69.730071497 19.267676031
POLYGON_POINT -69.729986917 19.267664941 -69.729986917 19.267664941
POLYGON_POINT -69.729927942 19.267612997 -69.729936563 19.267603902
END_WINDING
BEGIN_WINDING
POLYGON_POINT -69.731126036 19.266534432 -69.731126036 19.266534432
POLYGON_POINT -69.731126036 19.266534432 -69.731184079 19.266505845
POLYGON_POINT -69.731193364 19.266589791 -69.731193364 19.266589791
POLYGON_POINT -69.731069754 19.266935112 -69.731069754 19.266935112
POLYGON_POINT -69.731044065 19.266688974 -69.730987284 19.266634182
POLYGON_POINT -69.730850461 19.266694824 -69.730850461 19.266694824
POLYGON_POINT -69.730623083 19.266802979 -69.730623083 19.266802979
POLYGON_POINT -69.730616731 19.266784142 -69.730639444 19.266763893
POLYGON_POINT -69.730616731 19.266784142 -69.730616731 19.266784142
END_WINDING
BEGIN_WINDING
POLYGON_POINT -69.730916998 19.267026867 -69.730916998 19.267026867
POLYGON_POINT -69.730916998 19.267026867 -69.730946020 19.267011382
POLYGON_POINT -69.730935947 19.266977190 -69.730935947 19.266977190
POLYGON_POINT -69.730923999 19.266955265 -69.730923999 19.266955265
POLYGON_POINT -69.730964229 19.266930949 -69.730964229 19.266930949
POLYGON_POINT -69.730862389 19.266756550 -69.730862389 19.266756550
POLYGON_POINT -69.730797435 19.266789557 -69.730797435 19.266789557
POLYGON_POINT -69.730787045 19.266770079 -69.730787045 19.266770079
POLYGON_POINT -69.730870995 19.266720117 -69.730870995 19.266720117
POLYGON_POINT -69.731033776 19.266753330 -69.731077939 19.266828372
POLYGON_POINT -69.731033776 19.266753330 -69.731033776 19.266753330
POLYGON_POINT -69.731033776 19.266753330 -69.731070368 19.266821225
POLYGON_POINT -69.731026058 19.266954377 -69.731026058 19.266954377
POLYGON_POINT -69.730942024 19.267034186 -69.730942024 19.267034186
POLYGON_POINT -69.730730041 19.267133051 -69.730730041 19.267133051
POLYGON_POINT -69.730721935 19.267121243 -69.730721935 19.267121243
END_WINDING
BEGIN_WINDING
POLYGON_POINT -69.729970672 19.267515591 -69.729970672 19.267515591
POLYGON_POINT -69.729828249 19.267497722 -69.729782684 19.267438992
POLYGON_POINT -69.729828249 19.267497722 -69.729828249 19.267497722
POLYGON_POINT -69.729532188 19.267008684 -69.729532188 19.267008684
POLYGON_POINT -69.729718125 19.267136330 -69.729795236 19.267142120
POLYGON_POINT -69.729904481 19.267125668 -69.729904481 19.267125668
POLYGON_POINT -69.730067029 19.267047048 -69.730067029 19.267047048
POLYGON_POINT -69.730077346 19.267063649 -69.730077346 19.267063649
POLYGON_POINT -69.729810392 19.267198049 -69.729810392 19.267198049
POLYGON_POINT -69.729808533 19.267252482 -69.729823845 19.267278868
POLYGON_POINT -69.729808533 19.267252482 -69.729808533 19.267252482
POLYGON_POINT -69.729743706 19.267283259 -69.729743706 19.267283259
POLYGON_POINT -69.729866708 19.267490091 -69.729866708 19.267490091
POLYGON_POINT -69.729925347 19.267461798 -69.729925347 19.267461798
POLYGON_POINT -69.729962443 19.267491223 -69.729962443 19.267491223
POLYGON_POINT -69.730116269 19.267419888 -69.730116269 19.267419888
POLYGON_POINT -69.730124859 19.267439877 -69.730124859 19.267439877
END_WINDING
END_POLYGON
BEGIN_POLYGON 2 0 4
BEGIN_WINDING
POLYGON_POINT -69.731912614 19.267535593 -69.731912614 19.267535593
POLYGON_POINT -69.731996967 19.267671543 -69.731996967 19.267671543
POLYGON_POINT -69.732059142 19.267641852 -69.732059142 19.267641852
POLYGON_POINT -69.733183841 19.267088436 -69.733183841 19.267088436
POLYGON_POINT -69.733183841 19.267088436 -69.733215447 19.267067834
POLYGON_POINT -69.733243737 19.267113475 -69.733243737 19.267113475
POLYGON_POINT -69.735036141 19.270048817 -69.735036141 19.270048817
POLYGON_POINT -69.735070959 19.270148481 -69.735070959 19.270148481
POLYGON_POINT -69.735206214 19.270078069 -69.735206214 19.270078069
POLYGON_POINT -69.735113105 19.270009053 -69.735113105 19.270009053
POLYGON_POINT -69.733608242 19.267526164 -69.733608242 19.267526164
POLYGON_POINT -69.733366773 19.266998199 -69.733366773 19.266998199
POLYGON_POINT -69.733400309 19.266898304 -69.733400309 19.266898304
POLYGON_POINT -69.733611295 19.266786117 -69.733611295 19.266786117
POLYGON_POINT -69.733171948 19.266106568 -69.733171948 19.266106568
POLYGON_POINT -69.732865159 19.266240962 -69.732865159 19.266240962
POLYGON_POINT -69.732783041 19.266223626 -69.732756702 19.266195802
POLYGON_POINT -69.732783041 19.266223626 -69.732783041 19.266223626
POLYGON_POINT -69.732500092 19.265761592 -69.732500092 19.265761592
POLYGON_POINT -69.732184370 19.265686994 -69.731994009 19.265776592
POLYGON_POINT -69.732184370 19.265686994 -69.732184370 19.265686994
POLYGON_POINT -69.731800731 19.265880842 -69.731800731 19.265880842
POLYGON_POINT -69.731827068 19.265923916 -69.731827068 19.265923916
POLYGON_POINT -69.731882923 19.265950188 -69.731907798 19.265995719
POLYGON_POINT -69.731882923 19.265950188 -69.731882923 19.265950188
POLYGON_POINT -69.732013173 19.266165300 -69.732013173 19.266165300
POLYGON_POINT -69.732262945 19.266041582 -69.732262945 19.266041582
POLYGON_POINT -69.732192192 19.265923967 -69.732192192 19.265923967
POLYGON_POINT -69.731988289 19.266013740 -69.731988289 19.266013740
POLYGON_POINT -69.731918888 19.265907196 -69.731918888 19.265907196
POLYGON_POINT -69.731949832 19.265858089 -69.731985104 19.265837222
POLYGON_POINT -69.731949832 19.265858089 -69.731949832 19.265858089
POLYGON_POINT -69.732203115 19.265735901 -69.732203115 19.265735901
POLYGON_POINT -69.732203115 19.265735901 -69.732340439 19.265673439
POLYGON_POINT -69.732423461 19.265809533 -69.732423461 19.265809533
POLYGON_POINT -69.732753571 19.266372639 -69.732753571 19.266372639
POLYGON_POINT -69.732541113 19.266478413 -69.732541113 19.266478413
POLYGON_POINT -69.732681933 19.266704081 -69.732681933 19.266704081
POLYGON_POINT -69.732925309 19.266576942 -69.732925309 19.266576942
POLYGON_POINT -69.733158822 19.266969764 -69.733158822 19.266969764
POLYGON_POINT -69.733139916 19.267038442 -69.733107554 19.267056419
POLYGON_POINT -69.733139916 19.267038442 -69.733139916 19.267038442
POLYGON_POINT -69.732144729 19.267530454 -69.732144729 19.267530454
POLYGON_POINT -69.731957658 19.267512871 -69.731957658 19.267512871
END_WINDING
END_POLYGON
BEGIN_POLYGON 1 62 2
BEGIN_WINDING
POLYGON_POINT -69.729393970 19.268767053
POLYGON_POINT -69.729449668 19.268863485
POLYGON_POINT -69.729476858 19.268911412
POLYGON_POINT -69.730161267 19.270043339
POLYGON_POINT -69.732686251 19.268795235
POLYGON_POINT -69.731996967 19.267671543
POLYGON_POINT -69.731912614 19.267535593
POLYGON_POINT -69.731524478 19.267714903
POLYGON_POINT -69.731420425 19.267764545
POLYGON_POINT -69.731324716 19.267815909
POLYGON_POINT -69.731224702 19.267655024
POLYGON_POINT -69.731129116 19.267704695
POLYGON_POINT -69.731227220 19.267866237
POLYGON_POINT -69.730944459 19.268000081
POLYGON_POINT -69.730841862 19.267839612
POLYGON_POINT -69.730207704 19.268162986
POLYGON_POINT -69.730317912 19.268359817
POLYGON_POINT -69.730189180 19.268421862
POLYGON_POINT -69.730117968 19.268296817
POLYGON_POINT -69.729787789 19.268457673
POLYGON_POINT -69.729645999 19.268206380
POLYGON_POINT -69.729537758 19.268262742
POLYGON_POINT -69.729571110 19.268323715
POLYGON_POINT -69.729627915 19.268355473
POLYGON_POINT -69.729764401 19.268588533
END_WINDING
END_POLYGON
BEGIN_POLYGON 3 145 2
BEGIN_WINDING
POLYGON_POINT -69.731910009 19.269322705
POLYGON_POINT -69.732152324 19.269167410
POLYGON_POINT -69.732801726 19.268841664
POLYGON_POINT -69.732059142 19.267641852
POLYGON_POINT -69.731996967 19.267671543
POLYGON_POINT -69.732686251 19.268795235
POLYGON_POINT -69.730161267 19.270043339
POLYGON_POINT -69.729476858 19.268911412
POLYGON_POINT -69.729411926 19.268944425
POLYGON_POINT -69.730139440 19.270144196
POLYGON_POINT -69.730868892 19.269798769
POLYGON_POINT -69.731059037 19.269715929
END_WINDING
END_POLYGON
BEGIN_POLYGON 4 1 2
BEGIN_WINDING
POLYGON_POINT -69.730217650 19.269916800
POLYGON_POINT -69.730259275 19.269840420
POLYGON_POINT -69.730163467 19.269845878
END_WINDING
END_POLYGON
BEGIN_POLYGON 5 0 4
BEGIN_WINDING
POLYGON_POINT -69.733148610 19.267037349 -69.733148610 19.267037349
POLYGON_POINT -69.731966746 19.267619865 -69.731966746 19.267619865
POLYGON_POINT -69.731636984 19.267771316 -69.731636984 19.267771316
POLYGON_POINT -69.731470898 19.267691739 -69.731470898 19.267691739
POLYGON_POINT -69.731418269 19.267714005 -69.731418269 19.267714005
POLYGON_POINT -69.731428956 19.267805562 -69.731428956 19.267805562
POLYGON_POINT -69.729877042 19.268577563 -69.729877042 19.268577563
POLYGON_POINT -69.729767894 19.268599625 -69.729767894 19.268599625
POLYGON_POINT -69.729530026 19.268709486 -69.729530026 19.268709486
POLYGON_POINT -69.729450911 19.268865833 -69.729486183 19.268964847
POLYGON_POINT -69.729450911 19.268865833 -69.729450911 19.268865833
POLYGON_POINT -69.729408037 19.268877055 -69.729408037 19.268877055
POLYGON_POINT -69.729362332 19.268865400 -69.729362332 19.268865400
POLYGON_POINT -69.729224562 19.268755129 -69.729224562 19.268755129
END_WINDING
END_POLYGON
BEGIN_POLYGON 5 0 4
BEGIN_WINDING
POLYGON_POINT -69.733171958 19.267056784 -69.733171958 19.267056784
POLYGON_POINT -69.732048180 19.267614656 -69.732048180 19.267614656
POLYGON_POINT -69.731986263 19.267636246 -69.731986263 19.267636246
POLYGON_POINT -69.731668163 19.267788754 -69.731668163 19.267788754
POLYGON_POINT -69.731400078 19.267852785 -69.731400078 19.267852785
POLYGON_POINT -69.729884825 19.268601395 -69.729884825 19.268601395
POLYGON_POINT -69.729776181 19.268621943 -69.729776181 19.268621943
POLYGON_POINT -69.729548648 19.268728926 -69.729548648 19.268728926
POLYGON_POINT -69.729469508 19.268879674 -69.729456142 19.268972204
POLYGON_POINT -69.729469508 19.268879674 -69.729469508 19.268879674
POLYGON_POINT -69.729373495 19.268914195 -69.729373495 19.268914195
POLYGON_POINT -69.729373495 19.268914195 -69.729316865 19.268909343
POLYGON_POINT -69.729245598 19.268827206 -69.729245598 19.268827206
END_WINDING
END_POLYGON
BEGIN_POLYGON 5 0 4
BEGIN_WINDING
POLYGON_POINT -69.731994564 19.267657627 -69.731994564 19.267657627
POLYGON_POINT -69.731703260 19.267802607 -69.731703260 19.267802607
POLYGON_POINT -69.731411121 19.267871452 -69.731411121 19.267871452
POLYGON_POINT -69.729895507 19.268630758 -69.729895507 19.268630758
POLYGON_POINT -69.729784947 19.268648333 -69.729784947 19.268648333
POLYGON_POINT -69.729552484 19.268764063 -69.729552484 19.268764063
POLYGON_POINT -69.729485829 19.268903521 -69.729485829 19.268903521
POLYGON_POINT -69.729440289 19.268925854 -69.729440289 19.268925854
POLYGON_POINT -69.729393025 19.268949671 -69.729393025 19.268949671
POLYGON_POINT -69.729314994 19.268940348 -69.729287147 19.268916252
POLYGON_POINT -69.729314994 19.268940348 -69.729314994 19.268940348
END_WINDING
END_POLYGON
BEGIN_POLYGON 5 0 2
BEGIN_WINDING
POLYGON_POINT -69.735065064 19.270016116
POLYGON_POINT -69.733281989 19.267084527
END_WINDING
END_POLYGON
BEGIN_POLYGON 5 0 2
BEGIN_WINDING
POLYGON_POINT -69.729759236 19.267861545
POLYGON_POINT -69.729581289 19.267821882
END_WINDING
END_POLYGON
BEGIN_POLYGON 5 0 2
BEGIN_WINDING
POLYGON_POINT -69.730749393 19.267317572
POLYGON_POINT -69.730571447 19.267277909
END_WINDING
END_POLYGON
BEGIN_POLYGON 5 0 2
BEGIN_WINDING
POLYGON_POINT -69.730702530 19.267342068
POLYGON_POINT -69.730524584 19.267302405
END_WINDING
END_POLYGON
BEGIN_POLYGON 5 0 2
BEGIN_WINDING
POLYGON_POINT -69.730655678 19.267363722
POLYGON_POINT -69.730477731 19.267324059
END_WINDING
END_POLYGON
BEGIN_POLYGON 5 0 2
BEGIN_WINDING
POLYGON_POINT -69.730611699 19.267387622
POLYGON_POINT -69.730433753 19.267347959
END_WINDING
END_POLYGON
BEGIN_POLYGON 5 0 2
BEGIN_WINDING
POLYGON_POINT -69.730314345 19.267529907
POLYGON_POINT -69.730136398 19.267490244
END_WINDING
END_POLYGON
BEGIN_POLYGON 5 0 2
BEGIN_WINDING
POLYGON_POINT -69.730264095 19.267553249
POLYGON_POINT -69.730086149 19.267513586
END_WINDING
END_POLYGON
BEGIN_POLYGON 5 0 2
BEGIN_WINDING
POLYGON_POINT -69.730216362 19.267577645
POLYGON_POINT -69.730038416 19.267537982
END_WINDING
END_POLYGON
BEGIN_POLYGON 5 0 2
BEGIN_WINDING
POLYGON_POINT -69.730169187 19.267602200
POLYGON_POINT -69.729991240 19.267562537
END_WINDING
END_POLYGON
BEGIN_POLYGON 5 0 2
BEGIN_WINDING
POLYGON_POINT -69.729863706 19.267809157
POLYGON_POINT -69.729685759 19.267769494
END_WINDING
END_POLYGON
BEGIN_POLYGON 5 0 2
BEGIN_WINDING
POLYGON_POINT -69.729813880 19.267830848
POLYGON_POINT -69.729635933 19.267791185
END_WINDING
END_POLYGON
BEGIN_POLYGON 5 0 2
BEGIN_WINDING
POLYGON_POINT -69.729725346 19.267884677
POLYGON_POINT -69.729547399 19.267845014
END_WINDING
END_POLYGON
BEGIN_POLYGON 5 0 2
BEGIN_WINDING
POLYGON_POINT -69.729666158 19.267906952
POLYGON_POINT -69.729488211 19.267867289
END_WINDING
END_POLYGON
BEGIN_POLYGON 5 0 2
BEGIN_WINDING
POLYGON_POINT -69.729615431 19.267931187
POLYGON_POINT -69.729437484 19.267891524
END_WINDING
END_POLYGON
BEGIN_POLYGON 5 0 2
BEGIN_WINDING
POLYGON_POINT -69.729565736 19.267954043
POLYGON_POINT -69.729387789 19.267914380
END_WINDING
END_POLYGON
BEGIN_POLYGON 5 0 2
BEGIN_WINDING
POLYGON_POINT -69.729514850 19.267975849
POLYGON_POINT -69.729336903 19.267936186
END_WINDING
END_POLYGON
BEGIN_POLYGON 5 0 2
BEGIN_WINDING
POLYGON_POINT -69.729467156 19.268005052
POLYGON_POINT -69.729289209 19.267965389
END_WINDING
END_POLYGON
BEGIN_POLYGON 5 0 2
BEGIN_WINDING
POLYGON_POINT -69.729413120 19.268028393
POLYGON_POINT -69.729235173 19.267988730
END_WINDING
END_POLYGON
BEGIN_POLYGON 5 0 2
BEGIN_WINDING
POLYGON_POINT -69.729372557 19.268055556
POLYGON_POINT -69.729194610 19.268015893
END_WINDING
END_POLYGON
BEGIN_POLYGON 5 0 2
BEGIN_WINDING
POLYGON_POINT -69.729320996 19.268078936
POLYGON_POINT -69.729143049 19.268039273
END_WINDING
END_POLYGON
BEGIN_POLYGON 5 0 2
BEGIN_WINDING
POLYGON_POINT -69.729271672 19.268103119
POLYGON_POINT -69.729093725 19.268063456
END_WINDING
END_POLYGON
BEGIN_POLYGON 5 0 2
BEGIN_WINDING
POLYGON_POINT -69.729218674 19.268125975
POLYGON_POINT -69.729040727 19.268086312
END_WINDING
END_POLYGON
BEGIN_POLYGON 6 0 2
BEGIN_WINDING
POLYGON_POINT -69.730330744 19.268903366
POLYGON_POINT -69.730025244 19.268851887
POLYGON_POINT -69.729936862 19.268701617
POLYGON_POINT -69.729757019 19.268791203
POLYGON_POINT -69.729841268 19.268941210
POLYGON_POINT -69.729728028 19.269206754
END_WINDING
END_POLYGON
BEGIN_POLYGON 6 0 2
BEGIN_WINDING
POLYGON_POINT -69.730933204 19.268600245
POLYGON_POINT -69.730627960 19.268548498
POLYGON_POINT -69.730539578 19.268398228
POLYGON_POINT -69.730359734 19.268487815
POLYGON_POINT -69.730443984 19.268637822
POLYGON_POINT -69.730330744 19.268903366
END_WINDING
END_POLYGON
BEGIN_POLYGON 6 0 2
BEGIN_WINDING
POLYGON_POINT -69.732137981 19.267993284
POLYGON_POINT -69.731832737 19.267941538
POLYGON_POINT -69.731744355 19.267791268
POLYGON_POINT -69.731564512 19.267880854
POLYGON_POINT -69.731648761 19.268030861
POLYGON_POINT -69.731535521 19.268296405
END_WINDING
END_POLYGON
BEGIN_POLYGON 6 0 2
BEGIN_WINDING
POLYGON_POINT -69.731535521 19.268296405
POLYGON_POINT -69.731230277 19.268244659
POLYGON_POINT -69.731141895 19.268094389
POLYGON_POINT -69.730962052 19.268183975
POLYGON_POINT -69.731046301 19.268333983
POLYGON_POINT -69.730932431 19.268599230
END_WINDING
END_POLYGON
BEGIN_POLYGON 7 1 2
BEGIN_WINDING
POLYGON_POINT -69.731697027 19.268635637
POLYGON_POINT -69.731760114 19.268602731
POLYGON_POINT -69.731582434 19.268301666
POLYGON_POINT -69.731535521 19.268296405
POLYGON_POINT -69.731522143 19.268337352
END_WINDING
END_POLYGON
BEGIN_POLYGON 7 1 2
BEGIN_WINDING
POLYGON_POINT -69.731093936 19.268938461
POLYGON_POINT -69.731157023 19.268905555
POLYGON_POINT -69.730979343 19.268604490
POLYGON_POINT -69.730932431 19.268599230
POLYGON_POINT -69.730919053 19.268640176
END_WINDING
END_POLYGON
BEGIN_POLYGON 8 0 2
BEGIN_WINDING
POLYGON_POINT -69.731697027 19.268635637
POLYGON_POINT -69.731760114 19.268602731
POLYGON_POINT -69.731582434 19.268301666
POLYGON_POINT -69.731535521 19.268296405
POLYGON_POINT -69.731522143 19.268337352
END_WINDING
END_POLYGON
BEGIN_POLYGON 8 0 2
BEGIN_WINDING
POLYGON_POINT -69.731093936 19.268938461
POLYGON_POINT -69.731157023 19.268905555
POLYGON_POINT -69.730979343 19.268604490
POLYGON_POINT -69.730932431 19.268599230
POLYGON_POINT -69.730919053 19.268640176
END_WINDING
END_POLYGON
FILTER -1
FILTER 0
FILTER -1
FILTER 0
FILTER -1
FILTER 0
FILTER -1
FILTER 0
FILTER -1
FILTER 0
OBJECT 0 -69.731238948 19.267693640 0.000000
OBJECT 0 -69.731158234 19.267738066 0.000000
OBJECT 0 -69.730485514 19.268169536 0.000000
OBJECT 0 -69.730385634 19.268219961 0.000000
OBJECT 0 -69.730286575 19.268265904 0.000000
OBJECT 1 -69.730408776 19.268155040 332.089996
OBJECT 1 -69.731180084 19.267686106 330.190002
OBJECT 1 -69.730313911 19.268202709 331.809998
OBJECT 2 -69.729866866 19.267464569 150.440002
OBJECT 2 -69.729914826 19.267222690 331.510010
OBJECT 2 -69.730060531 19.267148804 330.500000
OBJECT 2 -69.730221549 19.267068665 330.250000
OBJECT 2 -69.730368564 19.267001651 331.230011
OBJECT 2 -69.730540401 19.266922041 332.579987
OBJECT 2 -69.730865709 19.266771307 334.519989
OBJECT 2 -69.730707273 19.266840870 332.649994
OBJECT 3 -69.730109253 19.267234484 59.869999
OBJECT 3 -69.729965167 19.267308940 60.840000
OBJECT 3 -69.730415122 19.267085542 61.939999
OBJECT 3 -69.730271912 19.267155034 60.439999
OBJECT 3 -69.730752219 19.266929020 63.139999
OBJECT 3 -69.730586543 19.267010391 62.259998
OBJECT 4 -69.731358642 19.267679354 45.000000
OBJECT 4 -69.730233577 19.268276067 0.000000
OBJECT 4 -69.730927960 19.267858084 0.000000
OBJECT 4 -69.731064214 19.267801740 0.000000
OBJECT 5 -69.730158717 19.268309689 0.000000
OBJECT 6 -69.731306441 19.267666583 0.000000
OBJECT 6 -69.731010737 19.267859551 0.000000
OBJECT 7 -69.730223828 19.268339536 0.000000
OBJECT 7 -69.731325758 19.267753876 0.000000
OBJECT 7 -69.731130464 19.267838040 0.000000
OBJECT 7 -69.730987783 19.267917322 0.000000
OBJECT 8 -69.731934983 19.267543144 140.710007
OBJECT 8 -69.731954818 19.267564384 135.000000
OBJECT 8 -69.731932261 19.267568947 147.529999
OBJECT 8 -69.731974826 19.267586453 146.309998
OBJECT 9 -69.727719927 19.268631570 151.479996
OBJECT 9 -69.727657492 19.268662060 152.679993
OBJECT 10 -69.731841826 19.267663740 148.500000
OBJECT 10 -69.732011615 19.267568122 135.000000
OBJECT 11 -69.732063493 19.267546259 142.309998
OBJECT 8 -69.731949577 19.267592853 145.839996
OBJECT 12 -69.731635012 19.267716049 237.529999
OBJECT 13 -69.731912241 19.267636271 148.570007
OBJECT 13 -69.731908079 19.267587727 154.399994
OBJECT 13 -69.731877064 19.267605598 152.699997
OBJECT 13 -69.731759477 19.267675223 242.350006
OBJECT 13 -69.731722890 19.267692334 243.970001
OBJECT 13 -69.731692009 19.267717367 229.240005
OBJECT 13 -69.731746386 19.267642268 240.639999
OBJECT 13 -69.731714498 19.267666351 231.580002
OBJECT 13 -69.731679454 19.267688215 234.059998
OBJECT 13 -69.731646038 19.267710066 235.300003
OBJECT 14 -69.729604086 19.269163419 61.240002
OBJECT 14 -69.730953467 19.268329830 49.400002
OBJECT 14 -69.731571728 19.268121232 51.709999
OBJECT 15 -69.729671540 19.269318446 237.990005
OBJECT 15 -69.729693843 19.269226146 53.570000
OBJECT 15 -69.732157627 19.267845825 61.029999
OBJECT 15 -69.732121531 19.267792590 60.490002
OBJECT 16 -69.729519332 19.268990778 54.459999
OBJECT 16 -69.730874778 19.268270630 145.710007
OBJECT 16 -69.731526027 19.267971233 145.009995
OBJECT 17 -69.727258690 19.268654187 153.339996
OBJECT 18 -69.727727841 19.268316903 332.040009
OBJECT 9 -69.733000351 19.266203370 152.479996
OBJECT 19 -69.732713225 19.266192214 330.660004
OBJECT 19 -69.727682707 19.268638087 332.570007
OBJECT 20 -69.727585634 19.268429446 0.000000
OBJECT 20 -69.727638035 19.268521037 338.709991
OBJECT 21 -69.733122800 19.266685764 60.740002
OBJECT 22 -69.731742781 19.267971856 332.000000
OBJECT 23 -69.732635193 19.266632155 332.850006
OBJECT 22 -69.731146254 19.268286653 332.000000
OBJECT 22 -69.730527639 19.268587916 332.000000
OBJECT 22 -69.729931508 19.268881009 332.000000
BEGIN_POLYGON 9 10 3
BEGIN_WINDING
POLYGON_POINT -69.729587256 19.268084685 0.000000000
POLYGON_POINT -69.729790228 19.268453344 0.000000000
POLYGON_POINT -69.730483296 19.268108063 0.000000000
POLYGON_POINT -69.730448503 19.268047368 0.000000000
POLYGON_POINT -69.731217440 19.267654254 0.000000000
POLYGON_POINT -69.731046632 19.267359840 5.000000000
POLYGON_POINT -69.730653270 19.267556566 0.000000000
POLYGON_POINT -69.730631266 19.267521166 5.000000000
POLYGON_POINT -69.729847993 19.267895091 0.000000000
POLYGON_POINT -69.729869472 19.267940480 5.000000000
END_WINDING
END_POLYGON
BEGIN_POLYGON 10 90 3
BEGIN_WINDING
POLYGON_POINT -69.731224702 19.267655024 8.000000000
POLYGON_POINT -69.731049261 19.267349941 0.000000000
POLYGON_POINT -69.730654659 19.267550345 0.000000000
POLYGON_POINT -69.730633725 19.267514781 8.000000000
POLYGON_POINT -69.730559800 19.267549769 5.000000000
POLYGON_POINT -69.730083972 19.267779183 8.000000000
POLYGON_POINT -69.729842693 19.267893579 0.000000000
POLYGON_POINT -69.729866114 19.267938663 0.000000000
POLYGON_POINT -69.729578418 19.268083194 0.000000000
POLYGON_POINT -69.729789297 19.268456887 0.000000000
POLYGON_POINT -69.729868834 19.268417521 4.000000000
POLYGON_POINT -69.729926438 19.268390068 7.000000000
POLYGON_POINT -69.730023903 19.268342180 9.000000000
POLYGON_POINT -69.730115387 19.268296816 8.000000000
POLYGON_POINT -69.730251855 19.268229287 0.000000000
POLYGON_POINT -69.730474197 19.268120462 8.000000000
POLYGON_POINT -69.730492218 19.268111422 0.000000000
POLYGON_POINT -69.730458676 19.268049774 7.000000000
POLYGON_POINT -69.730843514 19.267857338 0.000000000
POLYGON_POINT -69.730874999 19.267911134 0.000000000
POLYGON_POINT -69.730881671 19.267907063 0.000000000
POLYGON_POINT -69.730845081 19.267847499 8.000000000
POLYGON_POINT -69.731128616 19.267703751 0.000000000
END_WINDING
END_POLYGON
BEGIN_POLYGON 11 90 3
BEGIN_WINDING
POLYGON_POINT -69.731237113 19.267658886 0.000000000
POLYGON_POINT -69.731339309 19.267606400 0.000000000
END_WINDING
END_POLYGON
BEGIN_POLYGON 11 90 3
BEGIN_WINDING
POLYGON_POINT -69.730853777 19.267851022 0.000000000
POLYGON_POINT -69.731124283 19.267714426 0.000000000
END_WINDING
END_POLYGON
BEGIN_POLYGON 12 5 3
BEGIN_WINDING
POLYGON_POINT -69.731182823 19.267715541 5.000000000
POLYGON_POINT -69.731007956 19.267391470 5.000000000
END_WINDING
END_POLYGON
BEGIN_POLYGON 12 5 3
BEGIN_WINDING
POLYGON_POINT -69.731035368 19.267377760 5.000000000
POLYGON_POINT -69.731209841 19.267700892 5.000000000
END_WINDING
END_POLYGON
BEGIN_POLYGON 12 5 3
BEGIN_WINDING
POLYGON_POINT -69.730406953 19.268187828 5.000000000
POLYGON_POINT -69.730233144 19.267863879 5.000000000
END_WINDING
END_POLYGON
BEGIN_POLYGON 12 5 3
BEGIN_WINDING
POLYGON_POINT -69.730265703 19.267844071 5.000000000
POLYGON_POINT -69.730438390 19.268172688 5.000000000
END_WINDING
END_POLYGON
BEGIN_POLYGON 12 5 3
BEGIN_WINDING
POLYGON_POINT -69.730319783 19.268233679 5.000000000
POLYGON_POINT -69.730144916 19.267909608 5.000000000
END_WINDING
END_POLYGON
BEGIN_POLYGON 12 5 3
BEGIN_WINDING
POLYGON_POINT -69.730172327 19.267895899 5.000000000
POLYGON_POINT -69.730346800 19.268219030 5.000000000
END_WINDING
END_POLYGON
BEGIN_POLYGON 13 90 2
BEGIN_WINDING
POLYGON_POINT -69.731121026 19.267697576
POLYGON_POINT -69.731152432 19.267748698
POLYGON_POINT -69.731250995 19.267696387
POLYGON_POINT -69.731219614 19.267644988
END_WINDING
END_POLYGON
BEGIN_POLYGON 13 90 2
BEGIN_WINDING
POLYGON_POINT -69.729960170 19.267801425
POLYGON_POINT -69.729976349 19.267829624
POLYGON_POINT -69.730633725 19.267514781
POLYGON_POINT -69.730619485 19.267487322
END_WINDING
END_POLYGON
BEGIN_POLYGON 13 90 2
BEGIN_WINDING
POLYGON_POINT -69.729868834 19.268417521
POLYGON_POINT -69.729899483 19.268472393
POLYGON_POINT -69.730143979 19.268350453
POLYGON_POINT -69.730115387 19.268296816
END_WINDING
END_POLYGON
BEGIN_POLYGON 13 90 2
BEGIN_WINDING
POLYGON_POINT -69.730251855 19.268229287
POLYGON_POINT -69.730280042 19.268279848
POLYGON_POINT -69.730500454 19.268170331
POLYGON_POINT -69.730474197 19.268120462
END_WINDING
END_POLYGON
BEGIN_POLYGON 13 90 2
BEGIN_WINDING
POLYGON_POINT -69.730458676 19.268049774
POLYGON_POINT -69.730502812 19.268129163
POLYGON_POINT -69.730887942 19.267936583
POLYGON_POINT -69.730843514 19.267857338
END_WINDING
END_POLYGON
BEGIN_POLYGON 14 0 3
BEGIN_WINDING
POLYGON_POINT -69.733234102 19.266837950 0.000000000
POLYGON_POINT -69.733452206 19.266724346 0.000000000
POLYGON_POINT -69.733262114 19.266409428 0.000000000
POLYGON_POINT -69.733039673 19.266519507 0.000000000
END_WINDING
END_POLYGON
BEGIN_POLYGON 15 90 3
BEGIN_WINDING
POLYGON_POINT -69.727011589 19.268394052 0.000000000
POLYGON_POINT -69.726697760 19.268558975 0.000000000
POLYGON_POINT -69.728591428 19.272268597 0.000000000
POLYGON_POINT -69.721830061 19.275825615 0.000000000
POLYGON_POINT -69.722967144 19.277665915 0.000000000
POLYGON_POINT -69.738375078 19.269892219 0.000000000
POLYGON_POINT -69.739174923 19.271223239 0.000000000
POLYGON_POINT -69.745751319 19.267931937 0.000000000
POLYGON_POINT -69.745011326 19.266551326 0.000000000
POLYGON_POINT -69.751479436 19.263290131 0.000000000
POLYGON_POINT -69.750205342 19.261243340 0.000000000
POLYGON_POINT -69.747983778 19.261258355 0.000000000
POLYGON_POINT -69.734681161 19.268071162 0.000000000
POLYGON_POINT -69.733305747 19.265969108 0.000000000
POLYGON_POINT -69.732870035 19.265768731 0.000000000
POLYGON_POINT -69.732675349 19.265854841 0.000000000
POLYGON_POINT -69.732851266 19.266193046 0.000000000
POLYGON_POINT -69.732783041 19.266224888 3.000000000
POLYGON_POINT -69.732697671 19.266263346 0.000000000
POLYGON_POINT -69.731474189 19.266818122 0.000000000
POLYGON_POINT -69.731263489 19.267204624 0.000000000
POLYGON_POINT -69.731314158 19.267286372 0.000000000
POLYGON_POINT -69.731248348 19.267318202 3.000000000
POLYGON_POINT -69.731202600 19.267340329 0.000000000
POLYGON_POINT -69.731070778 19.267404088 0.000000000
END_WINDING
END_POLYGON
BEGIN_POLYGON 15 90 3
BEGIN_WINDING
POLYGON_POINT -69.728025929 19.268604141 0.000000000
POLYGON_POINT -69.727335923 19.268930481 0.000000000
POLYGON_POINT -69.727011589 19.268392791 0.000000000
POLYGON_POINT -69.728430206 19.267661805 0.000000000
POLYGON_POINT -69.728831175 19.268346292 0.000000000
POLYGON_POINT -69.728880520 19.268321530 3.000000000
POLYGON_POINT -69.728923390 19.268297207 0.000000000
POLYGON_POINT -69.729310374 19.268111535 0.000000000
POLYGON_POINT -69.729634024 19.268131099 0.000000000
END_WINDING
END_POLYGON
BEGIN_POLYGON 16 90 3
BEGIN_WINDING
POLYGON_POINT -69.727529192 19.268640199 0.000000000
POLYGON_POINT -69.727751295 19.268529902 0.000000000
POLYGON_POINT -69.727644279 19.268339908 0.000000000
POLYGON_POINT -69.727421532 19.268447955 0.000000000
POLYGON_POINT -69.727529192 19.268640199 0.000000000
END_WINDING
END_POLYGON
OBJECT 24 -69.727271572 19.268552114 242.990005
OBJECT 24 -69.727352865 19.268702052 236.660004
OBJECT 24 -69.730143864 19.268356524 331.049988
OBJECT 24 -69.729902496 19.268473827 330.730011
OBJECT 25 -69.731562985 19.267676115 333.320007
OBJECT 25 -69.730932505 19.267999349 331.779999
OBJECT 25 -69.730316324 19.268342183 330.660004
OBJECT 25 -69.729727060 19.268575803 333.000000
FILTER -1
OBJECT_DEF lib/airport/Modern_Airports/Terminal_kit/columns/column_4m_40a.obj
OBJECT_DEF lib/airport/Modern_Airports/Terminal_kit/entrances/entrance_3_8m.obj
OBJECT_DEF lib/airport/Common_Elements/Parking_Items/Row_of_Cars_6.agp
OBJECT_DEF lib/airport/Common_Elements/Parking_Items/7_Single_Spaces.agp
OBJECT_DEF lib/g10/forests/Mexican_palm_medium.obj
OBJECT_DEF lib/g10/forests/Date_palm_small.obj
OBJECT_DEF lib/g10/forests/Date_palm_medium.obj
OBJECT_DEF lib/g10/forests/autogen_palm_any_small.obj
OBJECT_DEF lib/airport/Ramp_Equipment/Luggage_Cart.obj
OBJECT_DEF lib/airport/Common_Elements/Fueling_Stations/Small_Fuel_Station.obj
OBJECT_DEF lib/airport/Ramp_Equipment/Towbar_1.obj
OBJECT_DEF lib/airport/Ramp_Equipment/Tow_Tractor_1.obj
OBJECT_DEF lib/airport/Ramp_Equipment/Luggage_Truck.obj
OBJECT_DEF lib/airport/Ramp_Equipment/Cargo_Dolly_1.obj
OBJECT_DEF lib/airport/Ramp_Equipment/Stair_Maint_1.obj
OBJECT_DEF lib/airport/Ramp_Equipment/Cargo_Loader_1.obj
OBJECT_DEF lib/airport/Ramp_Equipment/Air_Start_2.obj
OBJECT_DEF lib/g10/US/industrial/light/SiteOffice6x12.obj
OBJECT_DEF lib/g10/US/industrial/light/Shed13x24.obj
OBJECT_DEF lib/g10/US/commercial/canopy_76.obj
OBJECT_DEF lib/airport/Common_Elements/Fuel_Storage/Sing_Tank_Small.obj
OBJECT_DEF lib/airport/Common_Elements/Misc_Buildings/Fire_Station_Lg.agp
OBJECT_DEF lib/airport/Ramp_Equipment/Ramp_Parking_Stripe.obj
OBJECT_DEF lib/airport/Modern_Airports/Control_Towers/Modern_Tower_3.agp
OBJECT_DEF lib/airport/Common_Elements/Lighting/Dir_Flood_Sm.obj
OBJECT_DEF lib/airport/Common_Elements/Lighting/Dir_Ramp_Lit_Tall.obj
POLYGON_DEF lib/airport/markings/DrapedDirSigns.pol
POLYGON_DEF lib/airport/pavement/concrete_1D.pol
POLYGON_DEF lib/airport/pavement/asphalt_3D.pol
POLYGON_DEF lib/airport/pavement/asphalt_2D.pol
POLYGON_DEF lib/airport/lines/75_road_dash_wide_b.lin
POLYGON_DEF lib/airport/lines/74_road_edge_wide_b.lin
POLYGON_DEF lib/airport/lines/82_red_line_wide_b.lin
POLYGON_DEF lib/airport/lines/30_red_line.lin
POLYGON_DEF lib/airport/lines/safety_area_red.pol
POLYGON_DEF lib/airport/Modern_Airports/Terminal_kit/term_building_Levels_03.fac
POLYGON_DEF lib/airport/Modern_Airports/Terminal_kit/term_building_Ground_03.fac
POLYGON_DEF lib/g10/global_objects/hedge_res.fac
POLYGON_DEF lib/airport/Modern_Airports/Terminal_kit/term_roof_long_skylight_01.fac
POLYGON_DEF lib/airport/Modern_Airports/Terminal_kit/term_building_Slab_02.fac
POLYGON_DEF lib/airport/Modern_Airports/Terminal_kit/term_building_Tall_02.fac
POLYGON_DEF lib/airport/Common_Elements/Fence_Facades/Fence.fac
POLYGON_DEF lib/g10/global_objects/fencing_Wall_2m.fac
PROPERTY sim/filter/aptid MDCY
PROPERTY sim/exclude_obj -69.725861/19.277751/-69.713763/19.282202
PROPERTY sim/exclude_fac -69.725861/19.277751/-69.713763/19.282202
PROPERTY sim/exclude_for -69.725861/19.277751/-69.713763/19.282202
PROPERTY sim/exclude_net -69.725861/19.277751/-69.713763/19.282202
PROPERTY sim/exclude_lin -69.725861/19.277751/-69.713763/19.282202
PROPERTY sim/exclude_pol -69.725861/19.277751/-69.713763/19.282202
PROPERTY sim/exclude_str -69.725861/19.277751/-69.713763/19.282202
PROPERTY sim/exclude_obj -69.732529/19.273281/-69.717732/19.277732
PROPERTY sim/exclude_fac -69.732529/19.273281/-69.717732/19.277732
PROPERTY sim/exclude_for -69.732529/19.273281/-69.717732/19.277732
PROPERTY sim/exclude_net -69.732529/19.273281/-69.717732/19.277732
PROPERTY sim/exclude_lin -69.732529/19.273281/-69.717732/19.277732
PROPERTY sim/exclude_pol -69.732529/19.273281/-69.717732/19.277732
PROPERTY sim/exclude_str -69.732529/19.273281/-69.717732/19.277732
PROPERTY sim/require_agpoint 1/0
PROPERTY sim/require_object 1/0
PROPERTY sim/require_facade 1/9
PROPERTY sim/require_facade 6/0
