PROPERTY sim/west -180
PROPERTY sim/east 180
PROPERTY sim/north 90
PROPERTY sim/south -90
PROPERTY sim/planet earth
PROPERTY sim/creation_agent WorldEditor1.6.1r1
PROPERTY laminar/internal_revision 0
PROPERTY sim/overlay 1
FILTER 0
BEGIN_POLYGON 0 255 2
BEGIN_WINDING
POLYGON_POINT -106.004016034 48.399420269
POLYGON_POINT -106.004014240 48.399321662
POLYGON_POINT -106.004043705 48.399192960
POLYGON_POINT -106.004023857 48.398954265
POLYGON_POINT -106.003624708 48.398943269
POLYGON_POINT -106.003630478 48.399217672
POLYGON_POINT -106.003567768 48.399292048
POLYGON_POINT -106.003391734 48.399339861
POLYGON_POINT -106.002815630 48.399329236
POLYGON_POINT -106.002711610 48.399307986
POLYGON_POINT -106.002687606 48.399132670
POLYGON_POINT -106.002679604 48.399052982
POLYGON_POINT -106.002567583 48.399031731
POLYGON_POINT -106.002495569 48.399106107
POLYGON_POINT -106.000431180 48.399026419
POLYGON_POINT -106.000354381 48.399627539
POLYGON_POINT -106.003682933 48.399687863
POLYGON_POINT -106.003897794 48.399515936
POLYGON_POINT -106.003987940 48.399472017
END_WINDING
END_POLYGON
FILTER -1
FILTER 0
FILTER -1
FILTER 0
FILTER -1
FILTER 0
FILTER -1
FILTER 0
FILTER -1
FILTER 0
OBJECT 0 -106.010399090 48.399388490 92.759125
OBJECT 0 -106.010199971 48.399351423 92.009560
OBJECT 0 -106.009941302 48.399340304 91.316917
OBJECT 0 -106.009706826 48.399330419 91.909157
OBJECT 0 -106.009520733 48.399327948 90.000000
OBJECT 0 -106.009474210 48.399336597 90.000000
OBJECT 0 -106.009182044 48.399336597 91.847618
OBJECT 0 -106.009085276 48.399324242 90.000000
OBJECT 0 -106.008584688 48.399315593 91.636581
OBJECT 0 -106.008379986 48.399320535 93.691399
OBJECT 0 -106.008238556 48.399327948 93.814087
OBJECT 0 -106.008013384 48.399313122 93.691399
OBJECT 0 -106.007715636 48.399310651 90.000000
OBJECT 0 -106.007488603 48.399306944 0.000000
OBJECT 1 -106.007429053 48.399340304 0.000000
OBJECT 1 -106.007585371 48.399352659 0.000000
OBJECT 1 -106.007473716 48.399376134 256.607422
OBJECT 1 -106.007496047 48.399355130 153.435059
OBJECT 1 -106.007635616 48.399367485 116.565163
OBJECT 1 -106.008071073 48.399344010 0.000000
OBJECT 1 -106.007920338 48.399348952 270.000000
OBJECT 1 -106.007799378 48.399336597 0.000000
OBJECT 1 -106.007663530 48.399378605 0.000000
OBJECT 1 -106.007749133 48.399386019 90.000000
OBJECT 1 -106.007855205 48.399383547 63.434830
OBJECT 1 -106.007925920 48.399368721 0.000000
OBJECT 1 -106.008379986 48.399351423 0.000000
OBJECT 1 -106.008273914 48.399351423 270.000000
OBJECT 1 -106.008138066 48.399356366 180.000000
OBJECT 1 -106.008039437 48.399382312 0.000000
OBJECT 1 -106.008136205 48.399386019 0.000000
OBJECT 1 -106.008273914 48.399386019 90.000000
OBJECT 1 -106.008363238 48.399382312 44.999832
OBJECT 1 -106.008422788 48.399344010 0.000000
OBJECT 1 -106.008711231 48.399361308 0.000000
OBJECT 1 -106.008558635 48.399369957 0.000000
OBJECT 1 -106.008467450 48.399379841 270.000000
OBJECT 1 -106.008504668 48.399340304 90.000000
OBJECT 1 -106.008701926 48.399387254 0.000000
OBJECT 1 -106.008601436 48.399387254 0.000000
OBJECT 1 -106.008642377 48.399348952 0.000000
OBJECT 1 -106.009046197 48.399347717 0.000000
OBJECT 1 -106.008990370 48.399395903 270.000000
OBJECT 1 -106.008845217 48.399381076 0.000000
OBJECT 1 -106.008794973 48.399381076 270.000000
OBJECT 1 -106.008847078 48.399345246 0.000000
OBJECT 1 -106.009090860 48.399388490 0.000000
OBJECT 1 -106.009239733 48.399394667 0.000000
OBJECT 1 -106.009172740 48.399392196 0.000000
OBJECT 1 -106.009232290 48.399368721 90.000000
OBJECT 1 -106.009299283 48.399351423 0.000000
OBJECT 1 -106.009310449 48.399387254 0.000000
OBJECT 1 -106.009416521 48.399360072 0.000000
OBJECT 1 -106.009375581 48.399352659 90.000000
OBJECT 1 -106.009533759 48.399355130 0.000000
OBJECT 1 -106.009580282 48.399356366 0.000000
OBJECT 1 -106.009362555 48.399381076 0.000000
OBJECT 1 -106.009442574 48.399387254 90.000000
OBJECT 1 -106.009503985 48.399393432 0.000000
OBJECT 1 -106.009567256 48.399384783 0.000000
OBJECT 1 -106.009626805 48.399351423 0.000000
OBJECT 1 -106.009630527 48.399374899 180.000000
OBJECT 1 -106.009665885 48.399388490 0.000000
OBJECT 1 -106.009716130 48.399363779 180.000000
OBJECT 1 -106.009747765 48.399393432 0.000000
OBJECT 1 -106.009937579 48.399393432 90.000000
OBJECT 1 -106.009887335 48.399400845 270.000000
OBJECT 1 -106.009824063 48.399389725 0.000000
OBJECT 1 -106.009825924 48.399344010 270.000000
OBJECT 1 -106.009905944 48.399350188 116.565201
OBJECT 1 -106.009982242 48.399361308 180.000000
OBJECT 1 -106.009976659 48.399374899 180.000000
OBJECT 1 -106.009991546 48.399395903 90.000000
OBJECT 1 -106.010041791 48.399395903 0.000000
OBJECT 1 -106.010028765 48.399356366 0.000000
OBJECT 1 -106.010073427 48.399358837 90.000000
OBJECT 1 -106.010123672 48.399366250 0.000000
OBJECT 1 -106.010101341 48.399403316 180.000000
OBJECT 1 -106.010168334 48.399403316 90.000000
OBJECT 1 -106.010315347 48.399362543 0.000000
OBJECT 1 -106.010229744 48.399366250 0.000000
OBJECT 1 -106.010246492 48.399403316 180.000000
OBJECT 1 -106.010296737 48.399407023 0.000000
OBJECT 1 -106.010365591 48.399409494 0.000000
OBJECT 1 -106.010352565 48.399390961 0.000000
OBJECT 1 -106.010369313 48.399362543 0.000000
OBJECT 1 -106.010467942 48.399356366 0.000000
OBJECT 1 -106.010471664 48.399399609 0.000000
OBJECT 2 -106.004107383 48.399265630 0.000000
OBJECT 2 -106.004417625 48.399265630 0.000000
OBJECT 2 -106.004727868 48.399284076 270.000000
OBJECT 2 -106.005190917 48.399287151 270.000000
OBJECT 2 -106.005403920 48.399296374 135.000641
OBJECT 2 -106.006580064 48.399293300 270.000000
OBJECT 2 -106.005806772 48.399290225 0.000000
OBJECT 3 -106.006908829 48.399308672 0.000000
OBJECT 3 -106.006806958 48.399308672 0.000000
OBJECT 3 -106.006672674 48.399305597 0.000000
OBJECT 3 -106.006496715 48.399311746 278.746368
OBJECT 3 -106.006408736 48.399299448 0.000000
OBJECT 3 -106.006144798 48.399302523 243.434433
OBJECT 3 -106.006001253 48.399308672 270.000000
OBJECT 3 -106.005853077 48.399308672 180.000000
OBJECT 3 -106.005677119 48.399299448 270.000000
OBJECT 3 -106.005158504 48.399299448 0.000000
OBJECT 3 -106.004524127 48.399296374 0.000000
OBJECT 3 -106.004348168 48.399290225 0.000000
OBJECT 3 -106.004237036 48.399290225 0.000000
OBJECT 3 -106.004074969 48.399302523 0.000000
OBJECT 3 -106.004079600 48.399330193 0.000000
OBJECT 3 -106.004190731 48.399320969 0.000000
OBJECT 3 -106.004264821 48.399324044 90.000000
OBJECT 3 -106.004357431 48.399324044 90.000000
OBJECT 3 -106.004473193 48.399333267 104.036575
OBJECT 3 -106.004542650 48.399339416 90.000000
OBJECT 3 -106.004681565 48.399339416 0.000000
OBJECT 3 -106.004778805 48.399336341 0.000000
OBJECT 3 -106.005223331 48.399336341 0.000000
OBJECT 3 -106.005306680 48.399330193 90.000000
OBJECT 3 -106.005380768 48.399339416 90.000000
OBJECT 3 -106.005427072 48.399342490 135.000702
OBJECT 3 -106.005491899 48.399345565 90.000000
OBJECT 3 -106.005579878 48.399345565 0.000000
OBJECT 3 -106.005616922 48.399345565 90.000000
OBJECT 3 -106.005667858 48.399345565 90.000000
OBJECT 3 -106.005797511 48.399345565 0.000000
OBJECT 3 -106.005917904 48.399345565 90.000000
OBJECT 3 -106.006047557 48.399345565 0.000000
OBJECT 3 -106.006167950 48.399351714 90.000000
OBJECT 3 -106.006246668 48.399357862 0.000000
OBJECT 3 -106.006385583 48.399351714 0.000000
OBJECT 3 -106.006552280 48.399360937 0.000000
OBJECT 3 -106.006635629 48.399367086 0.000000
OBJECT 3 -106.006751391 48.399367086 90.000000
OBJECT 3 -106.006834740 48.399367086 0.000000
OBJECT 3 -106.006955132 48.399367086 0.000000
OBJECT 0 -106.002605522 48.399441857 0.000000
OBJECT 0 -106.002792031 48.399493097 100.684601
OBJECT 0 -106.002845650 48.399549102 276.009033
OBJECT 0 -106.003309631 48.399453231 295.083740
OBJECT 0 -106.003695632 48.399582768 0.000000
OBJECT 0 -106.003631318 48.399486692 270.000000
OBJECT 0 -106.003386928 48.399484557 270.000000
OBJECT 0 -106.003055669 48.399447457 286.355743
OBJECT 0 -106.002634463 48.399529393 0.000000
OBJECT 0 -106.002959245 48.399552878 295.529541
OBJECT 0 -106.003139322 48.399565688 235.491302
OBJECT 4 -106.002828559 48.399433552 180.000000
OBJECT 4 -106.003465022 48.399449997 0.000000
OBJECT 4 -106.003207637 48.399479312 0.000000
OBJECT 4 -106.003090252 48.399516493 0.000000
OBJECT 4 -106.003260406 48.399552958 0.000000
OBJECT 4 -106.003405791 48.399535798 0.000000
OBJECT 0 -106.003539353 48.399527107 292.203613
OBJECT 4 -106.002953482 48.399488607 0.000000
OBJECT 5 -106.003495773 48.398570856 92.313713
OBJECT 6 -106.008113439 48.398348961 0.000000
OBJECT 7 -106.003916820 48.398916486 92.602577
OBJECT 8 -106.003001252 48.399209309 2.714806
OBJECT 9 -106.003719051 48.398583130 178.152405
OBJECT 10 -106.006990826 48.405834748 90.000000
OBJECT 10 -106.007201137 48.405834748 270.000000
OBJECT 10 -106.007030102 48.398652493 92.544815
OBJECT 10 -106.007138541 48.398651003 270.954834
OBJECT 10 -106.007237258 48.398651003 90.000000
OBJECT 10 -106.007338966 48.398652989 92.507004
OBJECT 11 -106.007576678 48.401913554 181.301941
OBJECT 11 -106.007616742 48.401949591 271.023041
OBJECT 11 -106.007575386 48.401984769 0.000000
OBJECT 11 -106.007532737 48.401947875 90.000000
FILTER -1
OBJECT_DEF lib/g10/forests/autogen_tree1.obj
OBJECT_DEF lib/g10/forests/autogen_tree_any.obj
OBJECT_DEF lib/g10/forests/autogen_tree4.obj
OBJECT_DEF lib/g10/forests/autogen_tree3.obj
OBJECT_DEF lib/g10/forests/autogen_tree2.obj
OBJECT_DEF lib/airport/Common_Elements/Hangars/Sm_Blue_Hangar.agp
OBJECT_DEF lib/g10/US/industrial/light/WoodShed8x10.obj
OBJECT_DEF lib/airport/Common_Elements/Vehicles/Cargo_Truck.obj
OBJECT_DEF lib/g10/US/suburban/L-RnchLHRd.obj
OBJECT_DEF lib/cars/car.obj
OBJECT_DEF lib/airport/Common_Elements/Runway_Markers/Barrels/White_Red.obj
OBJECT_DEF lib/airport/Common_Elements/Barriers/concrete/grey_6m.obj
POLYGON_DEF lib/g10/forests/AG_trees_EU1.for
PROPERTY sim/filter/aptid MT04
PROPERTY sim/require_agpoint 1/0
PROPERTY sim/require_object 1/0
PROPERTY sim/require_facade 6/0
