PROPERTY sim/west -180
PROPERTY sim/east 180
PROPERTY sim/north 90
PROPERTY sim/south -90
PROPERTY sim/planet earth
PROPERTY sim/creation_agent WorldEditor1.6.0r1
PROPERTY laminar/internal_revision 0
PROPERTY sim/overlay 1
FILTER 0
FILTER -1
FILTER 0
FILTER -1
FILTER 0
FILTER -1
FILTER 0
FILTER -1
FILTER 0
FILTER -1
FILTER 0
OBJECT 0 -105.934365471 48.675357905 90.000000
OBJECT 0 -105.934403098 48.675175691 0.000000
OBJECT 0 -105.934302758 48.675208821 0.000000
OBJECT 0 -105.934327843 48.675258516 180.000000
OBJECT 0 -105.934327843 48.675291645 180.000000
OBJECT 0 -105.934315301 48.675357905 0.000000
OBJECT 0 -105.934202419 48.675362046 0.000000
OBJECT 0 -105.934208690 48.675341340 18.430000
OBJECT 0 -105.934208690 48.675275081 0.000000
OBJECT 0 -105.934221232 48.675204680 0.000000
OBJECT 0 -105.934472088 48.675047314 90.000000
OBJECT 0 -105.934666493 48.675068020 90.000000
OBJECT 0 -105.934835813 48.675080443 90.000000
OBJECT 0 -105.934992591 48.675092867 90.000000
OBJECT 0 -105.935118013 48.675109432 90.000000
OBJECT 0 -105.935249707 48.675109432 90.000000
OBJECT 0 -105.935500552 48.675043172 90.000000
OBJECT 0 -105.935563263 48.675055596 90.000000
OBJECT 0 -105.935732583 48.675068020 90.000000
OBJECT 0 -105.935845464 48.675084584 0.000000
OBJECT 0 -105.935970886 48.675084584 0.000000
OBJECT 0 -105.934227514 48.674811264 0.000000
OBJECT 0 -105.934221243 48.674757428 0.000000
OBJECT 0 -105.934202430 48.674682886 352.880005
OBJECT 0 -105.934196159 48.674608344 9.460000
OBJECT 0 -105.934208701 48.674542085 11.310000
OBJECT 0 -105.934221243 48.674475825 90.000000
OBJECT 0 -105.934710391 48.674190081 99.459999
OBJECT 0 -105.934810729 48.674190081 90.000000
OBJECT 0 -105.934848355 48.674198364 90.000000
OBJECT 0 -105.934980049 48.674206646 90.000000
OBJECT 0 -105.935111742 48.674210787 90.000000
OBJECT 0 -105.935161911 48.674206646 71.559998
OBJECT 0 -105.935262249 48.674190081 63.430000
OBJECT 0 -105.935174454 48.674165234 0.000000
OBJECT 0 -105.935005133 48.674152810 270.000000
OBJECT 0 -105.934860898 48.674156952 0.000000
OBJECT 0 -105.934735475 48.674152810 0.000000
OBJECT 0 -105.934628866 48.674152810 0.000000
OBJECT 0 -105.934465817 48.674140387 0.000000
OBJECT 0 -105.934396835 48.674140387 0.000000
OBJECT 0 -105.934214972 48.674123822 0.000000
OBJECT 0 -105.934095821 48.674123822 0.000000
OBJECT 0 -105.934108363 48.674065845 90.000000
OBJECT 0 -105.934246328 48.674065845 90.000000
OBJECT 0 -105.934403106 48.674078268 90.000000
OBJECT 0 -105.934628866 48.674078268 90.000000
OBJECT 0 -105.934879711 48.674069986 90.000000
OBJECT 0 -105.935080387 48.674090692 90.000000
OBJECT 0 -105.935212080 48.674090692 0.000000
OBJECT 0 -105.936466302 48.674769852 0.000000
OBJECT 0 -105.936566639 48.674620768 0.000000
OBJECT 0 -105.936535284 48.674314318 0.000000
OBJECT 0 -105.936554097 48.674484108 146.309998
OBJECT 0 -105.936710873 48.672711666 0.000000
OBJECT 0 -105.936679518 48.672744796 180.000000
OBJECT 0 -105.936666976 48.672827620 180.000000
OBJECT 0 -105.936692060 48.673026399 0.000000
OBJECT 0 -105.936685789 48.673179624 168.690002
OBJECT 0 -105.936685789 48.673303860 180.000000
OBJECT 0 -105.936648163 48.673465368 180.000000
OBJECT 0 -105.936654434 48.673618593 180.000000
OBJECT 0 -105.936654434 48.673734547 173.660004
OBJECT 0 -105.936685789 48.673896055 180.000000
OBJECT 0 -105.936773584 48.673896055 0.000000
OBJECT 0 -105.936804939 48.673854643 0.000000
OBJECT 0 -105.936804939 48.673717982 0.000000
OBJECT 0 -105.936830023 48.673568898 0.000000
OBJECT 0 -105.936842566 48.673419815 0.000000
OBJECT 0 -105.936842566 48.673324567 0.000000
OBJECT 0 -105.936873921 48.673241742 0.000000
OBJECT 0 -105.936886463 48.673179624 0.000000
OBJECT 0 -105.936848837 48.673055387 0.000000
OBJECT 0 -105.936830023 48.672910445 0.000000
OBJECT 0 -105.936830023 48.672740655 0.000000
OBJECT 0 -105.936786126 48.672322392 18.430000
OBJECT 0 -105.936798668 48.672243709 0.000000
OBJECT 0 -105.936779855 48.672140178 0.000000
OBJECT 0 -105.936924089 48.672177449 180.000000
OBJECT 0 -105.936930360 48.672239567 153.440002
OBJECT 0 -105.936936631 48.672330674 180.000000
OBJECT 0 -105.936930360 48.672380369 0.000000
OBJECT 0 -105.936942902 48.672450769 0.000000
OBJECT 0 -105.936917818 48.672541876 0.000000
OBJECT 0 -105.936936631 48.672653689 0.000000
OBJECT 0 -105.936942902 48.672703384 180.000000
OBJECT 0 -105.936949173 48.672823479 0.000000
OBJECT 0 -105.936936631 48.672935292 0.000000
OBJECT 0 -105.936949175 48.673001552 180.000000
OBJECT 0 -105.936930361 48.673067811 0.000000
OBJECT 0 -105.936936632 48.673200330 0.000000
OBJECT 0 -105.936930361 48.673303860 180.000000
OBJECT 0 -105.936917819 48.673502639 0.000000
OBJECT 0 -105.936930361 48.673390826 90.000000
OBJECT 0 -105.936930361 48.673589605 180.000000
OBJECT 0 -105.936930361 48.673676570 180.000000
OBJECT 0 -105.936924090 48.673771818 0.000000
OBJECT 0 -105.936911548 48.673875349 0.000000
OBJECT 0 -105.936911552 48.675337199 0.000000
OBJECT 0 -105.936817483 48.675328916 0.000000
OBJECT 0 -105.936804940 48.675163268 0.000000
OBJECT 0 -105.936742228 48.674976913 0.000000
OBJECT 0 -105.936742228 48.674869241 0.000000
OBJECT 0 -105.936735956 48.674790558 0.000000
OBJECT 0 -105.936729685 48.674670463 0.000000
OBJECT 0 -105.936717142 48.674537944 0.000000
OBJECT 0 -105.936673244 48.674417848 0.000000
OBJECT 0 -105.936660701 48.674289471 0.000000
OBJECT 0 -105.936641887 48.674140387 0.000000
OBJECT 0 -105.936949180 48.674136245 180.000000
OBJECT 0 -105.936936637 48.674231493 180.000000
OBJECT 0 -105.936955451 48.674322600 0.000000
OBJECT 0 -105.936974265 48.674459260 0.000000
OBJECT 0 -105.936993079 48.674587638 180.000000
OBJECT 0 -105.936980536 48.674678745 90.000000
OBJECT 0 -105.937005621 48.674819547 0.000000
OBJECT 0 -105.937018164 48.674943783 0.000000
OBJECT 0 -105.937036978 48.675076302 0.000000
OBJECT 0 -105.937049520 48.675246092 0.000000
OBJECT 0 -105.937062063 48.675337199 0.000000
OBJECT 1 -105.935820201 48.674601712 0.000000
OBJECT 2 -105.936003441 48.674538826 178.259995
OBJECT 2 -105.935819674 48.675298123 89.309998
OBJECT 3 -105.935056214 48.674711304 242.699997
OBJECT 3 -105.935330926 48.674598134 270.000000
OBJECT 4 -105.936153812 48.672283692 0.830000
OBJECT 5 -105.935227229 48.674455945 269.230011
OBJECT 6 -105.934976525 48.673878198 89.709999
OBJECT 1 -105.935699346 48.674113858 358.899994
OBJECT 7 -105.934852523 48.674740952 180.000000
OBJECT 8 -105.935527537 48.674738849 270.609985
OBJECT 8 -105.935526232 48.674810326 270.809998
OBJECT 9 -105.940725254 48.673584376 182.789993
FILTER -1
OBJECT_DEF lib/g10/forests/autogen_tree4.obj
OBJECT_DEF lib/g10/US/industrial/light/WoodShed8x10.obj
OBJECT_DEF lib/g10/US/industrial/light/Shed13x24.obj
OBJECT_DEF lib/g10/streetlights/ResLt1.obj
OBJECT_DEF lib/airport/Common_Elements/Hangars/Sm_Gray_Hangar.agp
OBJECT_DEF lib/g10/US/suburban/dZ-RnchLHRd.obj
OBJECT_DEF lib/g10/US/industrial/light/WoodShed8x20.obj
OBJECT_DEF lib/g10/EU/suburban/gar1_6x12.obj
OBJECT_DEF lib/g10/EU/suburban/gar1_6x8.obj
OBJECT_DEF lib/airport/landscape/windsock.obj
PROPERTY sim/filter/aptid MT87
PROPERTY sim/exclude_net -105.951655/48.671816/-105.933952/48.681156
PROPERTY sim/require_agpoint 1/0
PROPERTY sim/require_object 1/0
