PROPERTY sim/west -180
PROPERTY sim/east 180
PROPERTY sim/north 90
PROPERTY sim/south -90
PROPERTY sim/planet earth
PROPERTY sim/creation_agent WorldEditor1.6.1b1
PROPERTY laminar/internal_revision 0
PROPERTY sim/overlay 1
FILTER 0
FILTER -1
FILTER 0
FILTER -1
FILTER 0
FILTER -1
FILTER 0
FILTER -1
FILTER 0
FILTER -1
FILTER 0
OBJECT 0 -100.856771723 41.177024146 27.559999
OBJECT 0 -100.857914641 41.177012901 267.540009
OBJECT 0 -100.858265887 41.177019680 53.970001
OBJECT 0 -100.858527070 41.177064872 236.309998
OBJECT 0 -100.858743221 41.177193672 113.629997
OBJECT 1 -100.858674173 41.177121364 21.350000
OBJECT 1 -100.858755230 41.177297616 158.750000
OBJECT 0 -100.859442711 41.177435454 326.230011
OBJECT 0 -100.858731213 41.177397040 247.380005
OBJECT 0 -100.858728211 41.177510023 175.240005
OBJECT 0 -100.858971381 41.177430935 328.390015
OBJECT 1 -100.859715902 41.177085209 61.040001
OBJECT 1 -100.859226559 41.177150739 145.309998
OBJECT 1 -100.859043431 41.177148479 288.700012
OBJECT 1 -100.859025418 41.177238865 180.000000
OBJECT 1 -100.864946611 41.177656519 55.759998
OBJECT 1 -100.864898578 41.177769501 156.500000
OBJECT 0 -100.864901580 41.177114204 59.040001
OBJECT 1 -100.864910586 41.177215888 52.209999
OBJECT 1 -100.864033967 41.177557095 304.820007
OBJECT 1 -100.864445258 41.177841810 220.460007
OBJECT 1 -100.864634391 41.177828252 54.570000
OBJECT 0 -100.864841537 41.177859887 0.000000
OBJECT 1 -100.858835064 41.175907137 144.460007
OBJECT 1 -100.858922624 41.175896153 67.989998
OBJECT 1 -100.858997676 41.175951075 142.820007
OBJECT 1 -100.859056050 41.176148794 46.970001
OBJECT 1 -100.858926794 41.176158209 239.449997
OBJECT 1 -100.859012270 41.176241376 41.189999
OBJECT 1 -100.859104000 41.176302575 90.000000
OBJECT 1 -100.858995592 41.176337097 273.579987
OBJECT 1 -100.859110254 41.176442234 148.779999
OBJECT 1 -100.859008100 41.176483033 59.660000
OBJECT 1 -100.867523788 41.180106729 61.070000
OBJECT 1 -100.867701005 41.180854714 185.710007
OBJECT 1 -100.867558536 41.180612796 27.180000
OBJECT 1 -100.867344833 41.180495106 106.559998
OBJECT 1 -100.867535950 41.180484645 291.799988
OBJECT 1 -100.867836524 41.180089730 35.389999
OBJECT 0 -100.867989417 41.180212650 263.290009
OBJECT 0 -100.867978993 41.180474183 58.759998
OBJECT 0 -100.850044967 41.177821131 245.220001
OBJECT 0 -100.850138634 41.178612911 65.610001
OBJECT 0 -100.850149442 41.178732220 140.199997
OBJECT 0 -100.849767565 41.177425241 209.740005
OBJECT 0 -100.848052757 41.177023928 22.719999
OBJECT 1 -100.848762454 41.177121545 7.120000
OBJECT 1 -100.849987323 41.177121545 270.000000
OBJECT 1 -100.849976516 41.177238142 16.590000
OBJECT 1 -100.849475761 41.177539127 258.070007
OBJECT 1 -100.849918875 41.177609628 46.740002
OBJECT 1 -100.850120618 41.177926882 149.529999
OBJECT 1 -100.849555017 41.178848818 41.189999
OBJECT 1 -100.849695516 41.178867799 135.000000
OBJECT 1 -100.849836016 41.178848818 36.470001
OBJECT 1 -100.850008939 41.178862376 120.959999
OBJECT 1 -100.850153041 41.178848818 69.830002
OBJECT 2 -100.858885099 41.176020119 90.489998
OBJECT 3 -100.867723321 41.180758948 180.490005
OBJECT 4 -100.867853235 41.180558585 0.320000
OBJECT 5 -100.867647881 41.180392620 269.980011
OBJECT 6 -100.859694165 41.177755877 11.000000
OBJECT 6 -100.859231336 41.177540897 82.300003
OBJECT 6 -100.859310559 41.177533051 75.959999
OBJECT 6 -100.859368934 41.177513906 3.090000
OBJECT 7 -100.858944451 41.177875268 178.479996
OBJECT 8 -100.848403122 41.177327818 269.299988
OBJECT 8 -100.848437561 41.177811977 88.739998
OBJECT 8 -100.848703082 41.177636375 31.350000
OBJECT 8 -100.863958049 41.177671893 90.000000
OBJECT 9 -100.863632141 41.177341117 179.880005
OBJECT 4 -100.859760409 41.177586664 179.289993
OBJECT 4 -100.859762620 41.177709091 179.289993
OBJECT 10 -100.848959446 41.177403697 359.519989
OBJECT 10 -100.848844492 41.177401375 180.649994
OBJECT 10 -100.848896183 41.177481510 88.959999
OBJECT 11 -100.849662677 41.179254076 185.789993
OBJECT 11 -100.849649345 41.179403756 185.789993
OBJECT 11 -100.859768834 41.178006447 207.589996
OBJECT 11 -100.859566082 41.177725763 163.369995
OBJECT 11 -100.859603114 41.177897880 163.369995
OBJECT 11 -100.859455910 41.177926450 304.510010
OBJECT 11 -100.859407768 41.178090903 304.510010
OBJECT 11 -100.859543882 41.178090903 304.510010
OBJECT 11 -100.859678846 41.178088394 180.000000
OBJECT 2 -100.864035396 41.177436113 90.000000
OBJECT 2 -100.859152736 41.178120741 359.500000
OBJECT 12 -100.848319579 41.177149908 89.629997
OBJECT 13 -100.858878405 41.176698123 270.029999
OBJECT 14 -100.864061702 41.177348909 90.000000
OBJECT 15 -100.859374080 41.177295587 268.019989
OBJECT 16 -100.859261035 41.178160184 179.500000
OBJECT 17 -100.858895609 41.178070834 178.889999
OBJECT 18 -100.858911829 41.178160307 195.419998
OBJECT 19 -100.859489091 41.178318182 269.790009
OBJECT 19 -100.859473093 41.178287075 267.679993
OBJECT 19 -100.859507755 41.178241920 267.320007
OBJECT 17 -100.856281012 41.181652855 267.109985
OBJECT 17 -100.856259580 41.181580671 185.020004
OBJECT 8 -100.849824233 41.177831546 266.260010
OBJECT 8 -100.850015439 41.177708436 87.459999
OBJECT 9 -100.850411673 41.177535042 178.339996
OBJECT 20 -100.849015618 41.177191885 183.830002
OBJECT 20 -100.864216903 41.177566532 90.000000
OBJECT 20 -100.864220236 41.177458662 90.000000
OBJECT 20 -100.856266057 41.181624441 176.240005
FILTER -1
OBJECT_DEF lib/g10/forests/autogen_tree2.obj
OBJECT_DEF lib/g10/forests/autogen_tree3.obj
OBJECT_DEF lib/g10/US/suburban/GrgSmlWht.obj
OBJECT_DEF lib/airport/Common_Elements/Miscellaneous/Blue_Dumpster.obj
OBJECT_DEF lib/g10/US/industrial/light/Shed13x24.obj
OBJECT_DEF lib/g10/US/suburban/Z-RnchRHGry.obj
OBJECT_DEF lib/cars/car_static_invar.obj
OBJECT_DEF lib/g10/US/industrial/light/WoodShed8x20.obj
OBJECT_DEF lib/g10/US/industrial/light/WoodShed8x10.obj
OBJECT_DEF lib/g10/US/industrial/light/TinShed10x30Lt.obj
OBJECT_DEF lib/airport/European_Airports/silos/12m_wood.obj
OBJECT_DEF lib/airport/Common_Elements/Fuel_Storage/Sing_Tank_Small.obj
OBJECT_DEF lib/g10/US/suburban/dT-RnchRHRd.obj
OBJECT_DEF lib/g10/US/suburban/dU-RnchGryNG.obj
OBJECT_DEF lib/g10/US/suburban/dZ-RnchLHGry.obj
OBJECT_DEF lib/g10/US/suburban/dT-RnchLHGry.obj
OBJECT_DEF lib/airport/Common_Elements/Hangars/Sm_Gray_Hangar.agp
OBJECT_DEF lib/airport/Common_Elements/Miscellaneous/Water_Tank_Elev.obj
OBJECT_DEF lib/airport/Common_Elements/Vehicles/Cargo_Trailer.obj
OBJECT_DEF lib/airport/Common_Elements/Vehicles/Cargo_Truck.obj
OBJECT_DEF lib/g10/US/suburban/GdnShed.obj
PROPERTY sim/filter/aptid NE25
PROPERTY sim/require_agpoint 1/0
PROPERTY sim/require_object 1/0
