PROPERTY sim/west -180
PROPERTY sim/east 180
PROPERTY sim/north 90
PROPERTY sim/south -90
PROPERTY sim/planet earth
PROPERTY sim/creation_agent WorldEditor2.2.0r2
PROPERTY laminar/internal_revision 0
PROPERTY sim/overlay 1
FILTER 0
FILTER -1
FILTER 0
FILTER -1
FILTER 0
FILTER -1
FILTER 0
FILTER -1
FILTER 0
FILTER -1
FILTER 0
OBJECT 0 172.538515305 -43.489837892 218.369995
OBJECT 0 172.538727465 -43.490174493 208.740005
OBJECT 0 172.538368154 -43.487938572 287.820007
OBJECT 0 172.538463526 -43.487667939 307.570007
OBJECT 1 172.545899228 -43.485441277 218.830002
OBJECT 2 172.543001690 -43.487868517 87.750000
OBJECT 2 172.540812925 -43.486909688 180.940002
OBJECT 3 172.540752405 -43.486828019 178.259995
OBJECT 4 172.540709064 -43.486948999 2.540000
OBJECT 5 172.540868734 -43.487052116 45.000000
OBJECT 5 172.540322388 -43.487023510 21.160000
OBJECT 6 172.542546568 -43.485968633 223.880005
OBJECT 7 172.547132769 -43.485470844 15.860000
OBJECT 8 172.546516964 -43.483586921 309.070007
OBJECT 9 172.546648841 -43.483795830 0.000000
OBJECT 9 172.546848724 -43.483833439 0.000000
OBJECT 9 172.547051984 -43.483871393 270.000000
OBJECT 9 172.547254533 -43.483904446 0.000000
OBJECT 9 172.547201443 -43.484046228 0.000000
OBJECT 9 172.547009652 -43.484008730 0.000000
OBJECT 9 172.546798774 -43.483971576 0.000000
OBJECT 10 172.547745447 -43.485138058 14.140000
OBJECT 11 172.547138227 -43.484886694 12.700000
OBJECT 12 172.546720771 -43.484775219 194.009995
OBJECT 13 172.546546219 -43.484771807 194.059998
OBJECT 14 172.546394936 -43.484648990 193.869995
OBJECT 15 172.546739716 -43.483375743 309.640015
OBJECT 9 172.546595514 -43.483937783 0.000000
OBJECT 16 172.547021274 -43.484403076 169.509995
OBJECT 16 172.546493519 -43.484323503 0.000000
OBJECT 8 172.546128056 -43.483925028 310.670013
OBJECT 7 172.546386221 -43.485379316 7.630000
OBJECT 17 172.547454098 -43.485715876 219.520004
OBJECT 18 172.538743446 -43.487798812 236.770004
OBJECT 19 172.539526335 -43.490423599 131.630005
OBJECT 20 172.538905169 -43.487668531 43.820000
OBJECT 21 172.538341341 -43.488145995 36.840000
OBJECT 22 172.538286907 -43.488344964 2.690000
OBJECT 23 172.537826131 -43.489117105 253.070007
OBJECT 22 172.537496476 -43.489035813 254.509995
OBJECT 22 172.537478285 -43.488939384 10.770000
OBJECT 24 172.538756005 -43.487720315 343.010010
OBJECT 24 172.538506946 -43.487920741 353.019989
OBJECT 24 172.537997432 -43.488596855 346.239990
OBJECT 25 172.541837476 -43.491384224 45.750000
OBJECT 26 172.544265605 -43.485698853 39.650002
OBJECT 27 172.545457985 -43.487572291 131.000000
OBJECT 26 172.543839265 -43.485442452 40.139999
OBJECT 25 172.542034232 -43.491531341 46.250000
OBJECT 28 172.541963989 -43.491758055 135.270004
OBJECT 29 172.537847248 -43.488752766 281.309998
OBJECT 30 172.537847906 -43.488735578 12.200000
OBJECT 31 172.537910828 -43.488692604 331.700012
OBJECT 31 172.537902349 -43.488711827 291.250000
OBJECT 31 172.537897050 -43.488731050 286.559998
OBJECT 5 172.537426994 -43.488923472 232.589996
OBJECT 5 172.537515643 -43.489068281 175.240005
OBJECT 5 172.537820750 -43.489175211 211.889999
OBJECT 19 172.537658135 -43.489125889 239.259995
OBJECT 30 172.537752079 -43.489130197 231.339996
OBJECT 32 172.540214599 -43.490907670 90.000000
OBJECT 31 172.540230478 -43.490889104 105.949997
OBJECT 31 172.540205995 -43.490891641 0.000000
OBJECT 33 172.541217424 -43.491613305 310.220001
OBJECT 34 172.528415339 -43.483956548 39.889999
OBJECT 27 172.530047426 -43.483395831 310.549988
OBJECT 35 172.541397755 -43.491656241 312.829987
OBJECT 4 172.541517338 -43.491531635 224.509995
OBJECT 20 172.540821729 -43.491407289 226.550003
OBJECT 20 172.540153452 -43.490864409 204.440002
OBJECT 36 172.542284653 -43.487557921 70.559998
OBJECT 36 172.542036390 -43.487351905 27.469999
OBJECT 36 172.541932429 -43.487168404 8.330000
OBJECT 36 172.541470040 -43.487159398 0.000000
OBJECT 36 172.540948689 -43.487069337 29.049999
OBJECT 36 172.540512678 -43.487047947 3.500000
OBJECT 36 172.539879609 -43.486981527 356.989990
OBJECT 36 172.539680999 -43.487052450 321.839996
OBJECT 36 172.539409460 -43.487226944 293.429993
OBJECT 36 172.539212401 -43.487436338 311.190002
OBJECT 36 172.538886552 -43.487714403 323.470001
OBJECT 36 172.538660009 -43.487890023 308.929993
OBJECT 36 172.538453638 -43.488057762 320.190002
OBJECT 36 172.538313987 -43.488275036 303.690002
OBJECT 36 172.538005204 -43.488535089 327.029999
OBJECT 36 172.537505562 -43.488876197 335.220001
OBJECT 36 172.537280567 -43.489000031 276.950012
OBJECT 36 172.537704177 -43.489119363 247.009995
OBJECT 36 172.537949345 -43.489230814 251.559998
OBJECT 36 172.538481579 -43.489709266 244.539993
OBJECT 36 172.538844677 -43.489995212 246.039993
OBJECT 36 172.539175193 -43.490205731 245.770004
OBJECT 36 172.541294659 -43.491631847 164.050003
OBJECT 36 172.540957375 -43.491456003 229.570007
OBJECT 36 172.540584185 -43.491217824 236.309998
OBJECT 36 172.540303331 -43.491043841 214.990005
OBJECT 36 172.540096859 -43.490788915 223.360001
OBJECT 36 172.539660834 -43.490529337 239.039993
OBJECT 33 172.539864641 -43.490644601 310.269989
OBJECT 37 172.540998435 -43.491442007 179.089996
OBJECT 37 172.540620472 -43.491211254 182.169998
OBJECT 37 172.540163355 -43.490802395 239.699997
OBJECT 24 172.539623069 -43.490457500 236.789993
OBJECT 37 172.539235136 -43.490211878 234.830002
OBJECT 6 172.539613263 -43.490565097 234.690002
OBJECT 32 172.539055993 -43.490150651 25.459999
OBJECT 32 172.539032676 -43.490166721 32.009998
OBJECT 32 172.539002364 -43.490154034 51.340000
OBJECT 32 172.538982545 -43.490138810 41.419998
OBJECT 32 172.539025681 -43.490129506 0.000000
OBJECT 32 172.538998867 -43.490106669 0.000000
OBJECT 32 172.538239329 -43.489478587 139.759995
OBJECT 32 172.538220002 -43.489462934 0.000000
OBJECT 3 172.538185799 -43.489445539 156.369995
OBJECT 38 172.538894324 -43.490347082 28.760000
OBJECT 5 172.538245483 -43.489505103 0.000000
OBJECT 35 172.538108855 -43.489392253 323.359985
OBJECT 39 172.539792851 -43.490635416 132.419998
OBJECT 20 172.539754750 -43.490755699 296.570007
OBJECT 20 172.539865039 -43.490758490 249.300003
OBJECT 20 172.539947114 -43.490720344 225.990005
OBJECT 4 172.539322318 -43.490341782 132.440002
OBJECT 40 172.539012326 -43.490208622 124.989998
OBJECT 6 172.542494217 -43.487596608 106.220001
OBJECT 6 172.542174051 -43.487358463 52.700001
OBJECT 6 172.541793962 -43.487003904 45.000000
OBJECT 6 172.541026778 -43.486997550 222.880005
OBJECT 6 172.539930647 -43.486820245 200.320007
OBJECT 6 172.539526173 -43.486981321 198.429993
OBJECT 31 172.539569317 -43.487081750 126.029999
OBJECT 5 172.538768798 -43.489987467 263.119995
OBJECT 5 172.538432012 -43.489718886 238.570007
OBJECT 5 172.538593573 -43.487906995 320.190002
OBJECT 5 172.538832491 -43.487719676 320.359985
OBJECT 5 172.539213986 -43.487206646 152.740005
OBJECT 5 172.539626302 -43.486994165 14.830000
OBJECT 5 172.540005864 -43.486855773 210.580002
OBJECT 5 172.541239878 -43.486963253 59.660000
OBJECT 5 172.542562236 -43.487541513 84.809998
OBJECT 5 172.542272542 -43.487294029 107.589996
OBJECT 5 172.541877056 -43.486943965 223.149994
OBJECT 40 172.541773242 -43.487067348 187.119995
OBJECT 41 172.541889156 -43.487072194 181.039993
OBJECT 41 172.542067124 -43.487299135 45.000000
OBJECT 42 172.541285474 -43.487140256 271.140015
OBJECT 29 172.539996936 -43.486990388 90.000000
OBJECT 29 172.539970651 -43.486990333 90.000000
OBJECT 42 172.540176651 -43.487024870 270.720001
OBJECT 43 172.541832430 -43.487039645 64.720001
OBJECT 22 172.541095695 -43.486984766 80.650002
OBJECT 22 172.539910780 -43.486909194 46.250000
OBJECT 37 172.539520820 -43.487072671 38.900002
OBJECT 44 172.539192969 -43.487334157 6.240000
OBJECT 45 172.538502406 -43.487925774 124.290001
OBJECT 45 172.538756502 -43.487724660 130.360001
OBJECT 45 172.539191379 -43.487339130 135.860001
OBJECT 45 172.539512235 -43.487074490 132.929993
OBJECT 45 172.539910803 -43.486910586 176.990005
OBJECT 45 172.541096949 -43.486984788 218.880005
OBJECT 45 172.541832579 -43.487039211 180.979996
OBJECT 46 172.537243013 -43.489159298 201.800003
OBJECT 47 172.537159475 -43.488982995 296.359985
OBJECT 48 172.537322823 -43.488638071 318.540009
OBJECT 45 172.538706116 -43.490062501 52.200001
OBJECT 45 172.538337042 -43.489768314 72.309998
OBJECT 24 172.542036643 -43.487402050 66.459999
OBJECT 0 172.539037000 -43.487338199 309.320007
OBJECT 0 172.539376101 -43.486989143 339.149994
OBJECT 0 172.539810571 -43.486607796 5.190000
OBJECT 0 172.540619127 -43.486398769 27.500000
OBJECT 0 172.541225086 -43.486784496 47.250000
OBJECT 0 172.541833353 -43.486864326 45.000000
OBJECT 0 172.542161370 -43.487202711 42.139999
OBJECT 48 172.542354075 -43.487557954 81.089996
OBJECT 5 172.542313572 -43.487500236 225.000000
OBJECT 44 172.542421342 -43.487549015 123.440002
OBJECT 45 172.542413880 -43.487548657 278.299988
OBJECT 49 172.542604570 -43.488129497 308.799988
OBJECT 50 172.532520114 -43.481154501 38.990002
OBJECT 50 172.532391183 -43.481067590 45.180000
OBJECT 50 172.532236644 -43.480960722 42.139999
OBJECT 50 172.532093060 -43.480864527 43.730000
OBJECT 50 172.531961361 -43.480771620 44.189999
OBJECT 50 172.532391164 -43.481276566 44.220001
OBJECT 50 172.532249400 -43.481178377 41.680000
OBJECT 50 172.532107674 -43.481088138 41.430000
OBJECT 50 172.531957703 -43.480999907 42.220001
OBJECT 50 172.531815029 -43.480880455 47.860001
OBJECT 20 172.542726512 -43.486081841 220.460007
OBJECT 51 172.542475264 -43.485914428 301.609985
OBJECT 51 172.542518991 -43.485941037 302.619995
OBJECT 51 172.542596572 -43.485984021 298.070007
OBJECT 51 172.542654405 -43.486031098 298.299988
OBJECT 50 172.532102722 -43.480646796 47.290001
OBJECT 50 172.532266974 -43.481394178 45.419998
OBJECT 50 172.532115164 -43.481297928 38.290001
OBJECT 50 172.531968774 -43.481208349 41.840000
OBJECT 50 172.531816035 -43.481109402 43.060001
OBJECT 50 172.531665987 -43.481010525 42.880001
OBJECT 50 172.528357286 -43.484001152 208.500000
OBJECT 50 172.529257584 -43.483996858 23.750000
OBJECT 52 172.528463091 -43.483028192 39.860001
OBJECT 53 172.529291695 -43.484340961 331.809998
OBJECT 26 172.532008175 -43.481630175 43.090000
OBJECT 26 172.531813617 -43.481505102 37.630001
OBJECT 26 172.531586634 -43.481376314 37.919998
OBJECT 26 172.531409164 -43.482022544 220.559998
OBJECT 54 172.531204365 -43.481894207 221.740005
OBJECT 34 172.531035251 -43.481787259 220.410004
OBJECT 4 172.542052925 -43.485491501 221.740005
OBJECT 55 172.540965459 -43.491453697 270.000000
OBJECT 55 172.540979091 -43.491475124 0.000000
OBJECT 55 172.540970003 -43.491468531 0.000000
OBJECT 55 172.540974547 -43.491458641 0.000000
OBJECT 55 172.540674655 -43.491264149 0.000000
OBJECT 55 172.540665567 -43.491259204 0.000000
OBJECT 55 172.540658751 -43.491259204 180.000000
OBJECT 55 172.540661023 -43.491252612 0.000000
OBJECT 55 172.540645120 -43.491250963 63.430000
OBJECT 55 172.540254354 -43.490893295 0.000000
OBJECT 55 172.540240722 -43.490885054 90.000000
OBJECT 55 172.540238451 -43.490875165 0.000000
OBJECT 55 172.540224819 -43.490870220 90.000000
OBJECT 55 172.540218004 -43.490865275 90.000000
OBJECT 55 172.540206644 -43.490866924 0.000000
OBJECT 55 172.539486457 -43.490408713 0.000000
OBJECT 55 172.539495545 -43.490426844 0.000000
OBJECT 55 172.539495545 -43.490413658 0.000000
OBJECT 55 172.539491001 -43.490400472 0.000000
OBJECT 55 172.539091153 -43.490158181 0.000000
OBJECT 55 172.539075250 -43.490173015 0.000000
OBJECT 55 172.539068434 -43.490179608 0.000000
OBJECT 55 172.539068434 -43.490168070 0.000000
OBJECT 55 172.538457304 -43.489696674 90.000000
OBJECT 55 172.538450488 -43.489699970 0.000000
OBJECT 55 172.538452760 -43.489685136 0.000000
OBJECT 55 172.537116916 -43.489019247 0.000000
OBJECT 55 172.537112373 -43.489045619 0.000000
OBJECT 55 172.537119188 -43.489034082 0.000000
OBJECT 55 172.537684874 -43.489104956 45.000000
OBJECT 55 172.537680331 -43.489111549 0.000000
OBJECT 55 172.537673515 -43.489111549 0.000000
OBJECT 55 172.537678059 -43.489104956 0.000000
OBJECT 55 172.537796192 -43.488767067 0.000000
OBJECT 55 172.537798464 -43.488781901 0.000000
OBJECT 55 172.537814367 -43.488768715 0.000000
OBJECT 55 172.537877978 -43.488743991 0.000000
OBJECT 55 172.537984752 -43.488533017 315.000000
OBJECT 55 172.537996111 -43.488539610 296.570007
OBJECT 55 172.537996111 -43.488551147 0.000000
OBJECT 55 172.538675373 -43.487880314 0.000000
OBJECT 55 172.538679917 -43.487867128 0.000000
OBJECT 55 172.538666286 -43.487873721 0.000000
OBJECT 55 172.539236499 -43.487402325 0.000000
OBJECT 55 172.539245586 -43.487415511 0.000000
OBJECT 55 172.539615883 -43.487097400 0.000000
OBJECT 55 172.539627242 -43.487117179 0.000000
OBJECT 55 172.539890765 -43.486986968 0.000000
OBJECT 55 172.540206538 -43.487029823 270.000000
OBJECT 55 172.540217897 -43.487013340 0.000000
OBJECT 55 172.540238343 -43.487039712 0.000000
OBJECT 55 172.542274918 -43.487513839 90.000000
OBJECT 55 172.542258597 -43.487514685 0.000000
OBJECT 55 172.542118703 -43.487372589 0.000000
OBJECT 55 172.542108211 -43.487384431 0.000000
OBJECT 55 172.542091891 -43.487396272 270.000000
OBJECT 55 172.541855238 -43.487167904 0.000000
OBJECT 55 172.541808607 -43.487165366 270.000000
OBJECT 55 172.541040363 -43.487134072 0.000000
OBJECT 55 172.541031037 -43.487154371 0.000000
OBJECT 55 172.541059015 -43.487144221 0.000000
OBJECT 55 172.541043860 -43.487112081 0.000000
OBJECT 55 172.542181481 -43.485280359 0.000000
OBJECT 55 172.542164811 -43.485299897 0.000000
OBJECT 55 172.542182763 -43.485383632 270.000000
OBJECT 55 172.542234056 -43.485405961 191.309998
OBJECT 55 172.542195586 -43.485635767 0.000000
OBJECT 55 172.542180198 -43.485646001 0.000000
OBJECT 55 172.542166093 -43.485658096 270.000000
OBJECT 55 172.542271243 -43.485801376 0.000000
OBJECT 55 172.542431533 -43.485878598 0.000000
OBJECT 55 172.542337923 -43.485847896 90.000000
OBJECT 3 172.541999729 -43.485616142 41.340000
OBJECT 56 172.542243401 -43.485557192 39.090000
OBJECT 56 172.542196772 -43.485586795 24.150000
OBJECT 56 172.542157136 -43.485625702 37.349998
OBJECT 57 172.542084860 -43.485621473 171.869995
OBJECT 5 172.542396114 -43.485863374 223.320007
OBJECT 30 172.542268345 -43.485852134 41.930000
OBJECT 58 172.542056124 -43.485507367 40.490002
OBJECT 4 172.536734621 -43.489185903 70.860001
OBJECT 59 172.548392390 -43.482885095 41.500000
OBJECT 31 172.538206390 -43.488394787 317.290009
OBJECT 31 172.538220379 -43.488378717 309.290009
OBJECT 30 172.538177815 -43.488412114 208.789993
OBJECT 31 172.538246478 -43.488367285 154.649994
OBJECT 31 172.538248358 -43.488347764 0.000000
OBJECT 5 172.538289161 -43.488239159 331.260010
OBJECT 5 172.537980224 -43.488496284 325.380005
OBJECT 60 172.538763687 -43.490106890 27.150000
OBJECT 60 172.539808857 -43.486660232 184.399994
OBJECT 60 172.539093025 -43.487367339 126.190002
OBJECT 61 172.541353465 -43.492013290 92.290001
OBJECT 62 172.536414259 -43.489164904 68.419998
OBJECT 63 172.552332766 -43.478620766 95.709999
OBJECT 64 172.546552001 -43.482327410 310.500000
OBJECT 39 172.542157727 -43.485278380 38.810001
OBJECT 32 172.542230365 -43.485780198 37.320000
OBJECT 30 172.542129752 -43.485733982 130.470001
OBJECT 31 172.542225298 -43.485733457 41.540001
OBJECT 31 172.542281758 -43.485779673 42.709999
OBJECT 31 172.542253528 -43.485763392 3.950000
OBJECT 31 172.542228918 -43.485755515 57.380001
OBJECT 31 172.542205031 -43.485743961 58.299999
OBJECT 31 172.542182015 -43.485725914 51.840000
OBJECT 31 172.542156414 -43.485703624 0.000000
OBJECT 43 172.538337799 -43.489769631 283.970001
OBJECT 43 172.538705665 -43.490062568 265.179993
OBJECT 30 172.539998414 -43.490810575 36.470001
OBJECT 1 172.546548896 -43.486460905 309.940002
OBJECT 65 172.546126285 -43.486948041 128.929993
OBJECT 27 172.544452817 -43.487883039 180.000000
OBJECT 28 172.543382988 -43.487897278 180.360001
OBJECT 25 172.542718902 -43.484691785 130.570007
OBJECT 55 172.542248309 -43.485430492 0.000000
OBJECT 66 172.542172005 -43.485500463 222.789993
OBJECT 35 172.542258906 -43.485488160 221.149994
OBJECT 39 172.542303416 -43.485501232 222.360001
OBJECT 67 172.543608072 -43.486321747 309.959991
OBJECT 13 172.544054774 -43.485561848 40.080002
OBJECT 28 172.532485541 -43.492802252 202.690002
OBJECT 65 172.532822544 -43.492502743 23.639999
OBJECT 13 172.532901602 -43.492792174 201.250000
OBJECT 14 172.548241301 -43.479772147 219.289993
OBJECT 68 172.552103671 -43.478760890 283.049988
OBJECT 27 172.551239546 -43.480716773 193.050003
OBJECT 69 172.546843612 -43.482539990 129.429993
OBJECT 70 172.547479141 -43.485605924 305.679993
OBJECT 11 172.547930787 -43.483678670 282.609985
OBJECT 71 172.549280570 -43.483452180 290.070007
OBJECT 1 172.551796926 -43.480974432 284.309998
OBJECT 1 172.546030853 -43.482276902 129.850006
OBJECT 72 172.542221613 -43.491626559 45.000000
BEGIN_POLYGON 0 10 2
BEGIN_WINDING
POLYGON_POINT 172.546084651 -43.484205642
POLYGON_POINT 172.545897191 -43.484743124
POLYGON_POINT 172.546199546 -43.484793582
POLYGON_POINT 172.546260017 -43.484626853
POLYGON_POINT 172.546175357 -43.484609302
POLYGON_POINT 172.546247923 -43.484398697
POLYGON_POINT 172.546190475 -43.484385534
POLYGON_POINT 172.546247923 -43.484234161
END_WINDING
END_POLYGON
BEGIN_POLYGON 0 10 2
BEGIN_WINDING
POLYGON_POINT 172.546981886 -43.483393092
POLYGON_POINT 172.546866442 -43.483718174
POLYGON_POINT 172.547171543 -43.483772022
POLYGON_POINT 172.547204527 -43.483658343
POLYGON_POINT 172.547286987 -43.483678287
POLYGON_POINT 172.547352954 -43.483456912
POLYGON_POINT 172.547281489 -43.483442951
POLYGON_POINT 172.547300730 -43.483391097
POLYGON_POINT 172.547149554 -43.483361182
POLYGON_POINT 172.547124816 -43.483419019
END_WINDING
END_POLYGON
BEGIN_POLYGON 0 10 2
BEGIN_WINDING
POLYGON_POINT 172.547266615 -43.484582265
POLYGON_POINT 172.548323273 -43.484773055
POLYGON_POINT 172.548440138 -43.484448005
POLYGON_POINT 172.548128497 -43.484391475
POLYGON_POINT 172.548196668 -43.484175953
POLYGON_POINT 172.548498571 -43.484236016
POLYGON_POINT 172.548615436 -43.483896834
POLYGON_POINT 172.548464485 -43.483875635
POLYGON_POINT 172.548162583 -43.483819105
POLYGON_POINT 172.548138851 -43.483922552
POLYGON_POINT 172.547644275 -43.483847147
POLYGON_POINT 172.547678976 -43.483731985
POLYGON_POINT 172.547495476 -43.483706044
POLYGON_POINT 172.547349394 -43.484151221
POLYGON_POINT 172.547412696 -43.484158287
END_WINDING
END_POLYGON
BEGIN_POLYGON 1 10 2
BEGIN_WINDING
POLYGON_POINT 172.542177024 -43.485324113
POLYGON_POINT 172.542406047 -43.485465767
POLYGON_POINT 172.542165760 -43.485678248
POLYGON_POINT 172.542785249 -43.486067796
POLYGON_POINT 172.543735131 -43.485245114
POLYGON_POINT 172.544576135 -43.485749074
POLYGON_POINT 172.543613201 -43.486577857
POLYGON_POINT 172.543746989 -43.486657910
POLYGON_POINT 172.545372087 -43.485250562
POLYGON_POINT 172.545593601 -43.485392216
POLYGON_POINT 172.546096699 -43.484931841
POLYGON_POINT 172.545728761 -43.484874634
POLYGON_POINT 172.545676199 -43.484841945
POLYGON_POINT 172.545661181 -43.484787463
POLYGON_POINT 172.545847909 -43.484229395
POLYGON_POINT 172.544178471 -43.483804712
POLYGON_POINT 172.543539961 -43.484364521
POLYGON_POINT 172.543380333 -43.484272828
END_WINDING
END_POLYGON
BEGIN_POLYGON 2 10 2
BEGIN_WINDING
POLYGON_POINT 172.539947192 -43.489994647
POLYGON_POINT 172.540547949 -43.489442395
POLYGON_POINT 172.539957432 -43.489105596
POLYGON_POINT 172.540786889 -43.488389897
POLYGON_POINT 172.541742627 -43.488952055
POLYGON_POINT 172.542131749 -43.488563250
POLYGON_POINT 172.541524170 -43.488209115
POLYGON_POINT 172.542244371 -43.487550375
POLYGON_POINT 172.542159040 -43.487446363
POLYGON_POINT 172.541923523 -43.487332446
POLYGON_POINT 172.541933763 -43.487186335
POLYGON_POINT 172.541005351 -43.487171476
POLYGON_POINT 172.541019004 -43.487094705
POLYGON_POINT 172.539960888 -43.487057558
POLYGON_POINT 172.539885796 -43.487055082
POLYGON_POINT 172.539872143 -43.487003076
POLYGON_POINT 172.539779984 -43.487010505
POLYGON_POINT 172.539653693 -43.487107088
POLYGON_POINT 172.539691239 -43.487149188
POLYGON_POINT 172.539633213 -43.487191287
POLYGON_POINT 172.539527402 -43.487166523
POLYGON_POINT 172.539326018 -43.487364640
POLYGON_POINT 172.539349911 -43.487416646
POLYGON_POINT 172.539288472 -43.487468652
POLYGON_POINT 172.539250926 -43.487436458
POLYGON_POINT 172.538872049 -43.487748492
POLYGON_POINT 172.538923249 -43.487800498
POLYGON_POINT 172.538899356 -43.487825263
POLYGON_POINT 172.538814022 -43.487805451
POLYGON_POINT 172.538650182 -43.487921845
POLYGON_POINT 172.538697969 -43.487981280
POLYGON_POINT 172.538636529 -43.488028333
POLYGON_POINT 172.538544369 -43.488001092
POLYGON_POINT 172.538346395 -43.488196733
POLYGON_POINT 172.538390769 -43.488221497
POLYGON_POINT 172.538141591 -43.488511244
POLYGON_POINT 172.538093804 -43.488486479
POLYGON_POINT 172.537933377 -43.488647450
POLYGON_POINT 172.537936787 -43.488739079
POLYGON_POINT 172.537981160 -43.489224466
POLYGON_POINT 172.538527301 -43.489717283
POLYGON_POINT 172.538622876 -43.489796530
POLYGON_POINT 172.538605804 -43.489813865
POLYGON_POINT 172.540414921 -43.490962946
POLYGON_POINT 172.540336411 -43.491027334
POLYGON_POINT 172.541264884 -43.491609304
POLYGON_POINT 172.541896383 -43.491178398
END_WINDING
END_POLYGON
BEGIN_POLYGON 3 10 2
BEGIN_WINDING
POLYGON_POINT 172.537309621 -43.489000377
POLYGON_POINT 172.537980138 -43.489151350
POLYGON_POINT 172.537935822 -43.488745959
END_WINDING
END_POLYGON
BEGIN_POLYGON 4 10 2
BEGIN_WINDING
POLYGON_POINT 172.546778937 -43.487840527
POLYGON_POINT 172.547928765 -43.486855867
POLYGON_POINT 172.547444783 -43.486588474
POLYGON_POINT 172.548356623 -43.485785636
POLYGON_POINT 172.547890687 -43.485518944
POLYGON_POINT 172.546775023 -43.486442974
POLYGON_POINT 172.546831971 -43.486504952
POLYGON_POINT 172.546661127 -43.486651444
POLYGON_POINT 172.546586059 -43.486608248
POLYGON_POINT 172.546353089 -43.486818596
POLYGON_POINT 172.546640415 -43.487004529
POLYGON_POINT 172.546133053 -43.487447762
END_WINDING
END_POLYGON
FILTER -1
OBJECT_DEF lib/airport/Ramp_Equipment/Ramp_Parking.obj
OBJECT_DEF lib/airport/Common_Elements/Misc_Buildings/Fire_Station_Lg.agp
OBJECT_DEF lib/airport/Common_Elements/Vehicles/Cargo_Truck.obj
OBJECT_DEF lib/airport/Ramp_Equipment/Luggage_Truck.obj
OBJECT_DEF lib/airport/Ramp_Equipment/Cargo_Pod_Lot.agp
OBJECT_DEF lib/airport/Ramp_Equipment/GPU_1.obj
OBJECT_DEF lib/airport/Ramp_Equipment/Belt_Loader.obj
OBJECT_DEF lib/airport/Common_Elements/Hangars/Med_Brown_Hangar.agp
OBJECT_DEF lib/airport/Common_Elements/Fuel_Storage/3_Tank_Array.agp
OBJECT_DEF lib/airport/Common_Elements/Fuel_Storage/Sing_Tank_Small.obj
OBJECT_DEF lib/airport/Common_Elements/Misc_Buildings/Small_Office_2.agp
OBJECT_DEF lib/airport/Common_Elements/Misc_Buildings/Small_Office_1.agp
OBJECT_DEF lib/airport/Common_Elements/Fueling_Stations/2_horiz_tanks.agp
OBJECT_DEF lib/airport/Common_Elements/Fueling_Stations/Small_Fuel_Station.obj
OBJECT_DEF lib/airport/Common_Elements/Fueling_Stations/Covered_Station.agp
OBJECT_DEF lib/airport/Common_Elements/Fuel_Storage/Single_Vert_Tank.agp
OBJECT_DEF lib/airport/Common_Elements/Fuel_Storage/Sing_Tank_Large.obj
OBJECT_DEF lib/airport/Common_Elements/Hangars/Long_Row_Beige.agp
OBJECT_DEF lib/airport/Ramp_Equipment/Lugg_Train_Straight3.obj
OBJECT_DEF lib/airport/Ramp_Equipment/Cargo_Dolly_1.obj
OBJECT_DEF lib/airport/Ramp_Equipment/Cargo_Container_6.obj
OBJECT_DEF lib/airport/Ramp_Equipment/Lugg_Train_Straight2.obj
OBJECT_DEF lib/airport/Ramp_Equipment/Uni_Jetway_500cm.obj
OBJECT_DEF lib/airport/Ramp_Equipment/Uni_Jetway_400cm.obj
OBJECT_DEF lib/airport/Ramp_Equipment/Jetway_500cm.obj
OBJECT_DEF lib/airport/Common_Elements/Hangars/Sm_Gray_Hangar.agp
OBJECT_DEF lib/airport/Common_Elements/Hangars/Sm_Orange_Hangar.agp
OBJECT_DEF lib/airport/Common_Elements/Hangars/Lg_Maint_Blue.agp
OBJECT_DEF lib/airport/Common_Elements/Hangars/FBO_Modern1.agp
OBJECT_DEF lib/airport/Ramp_Equipment/Cargo_Palette_3.obj
OBJECT_DEF lib/airport/Ramp_Equipment/Cargo_Loader_1.obj
OBJECT_DEF lib/airport/Ramp_Equipment/Cargo_Palette_2.obj
OBJECT_DEF lib/airport/Ramp_Equipment/Cargo_Palette_1.obj
OBJECT_DEF lib/airport/Ramp_Equipment/Lugg_Train_Straight.obj
OBJECT_DEF lib/airport/Common_Elements/Hangars/Sm_Blue_Hangar.agp
OBJECT_DEF lib/airport/Common_Elements/vehicles/Small_Fuel_Truck.obj
OBJECT_DEF lib/airport/Common_Elements/Lighting/Ovrhd_Flood_Med.obj
OBJECT_DEF lib/airport/Ramp_Equipment/Jetway_400cm.obj
OBJECT_DEF lib/airport/Ramp_Equipment/Cargo_Pallete_Pkng.agp
OBJECT_DEF lib/airport/Common_Elements/vehicles/Large_Fuel_Truck.obj
OBJECT_DEF lib/airport/Ramp_Equipment/Lugg_Train_Group.obj
OBJECT_DEF lib/airport/Ramp_Equipment/Lugg_Train_Straight1.obj
OBJECT_DEF lib/airport/Ramp_Equipment/Lugg_Train_Straight5.obj
OBJECT_DEF lib/airport/Ramp_Equipment/Uni_Jetway_250cm.obj
OBJECT_DEF lib/airport/Ramp_Equipment/Jetway_250cm.obj
OBJECT_DEF lib/airport/Ramp_Equipment/JetWayEx_16m.obj
OBJECT_DEF lib/airport/Ramp_Equipment/Ramp_Group_Wide.agp
OBJECT_DEF lib/airport/Ramp_Equipment/Ramp_Group_Medium.agp
OBJECT_DEF lib/airport/Ramp_Equipment/Ramp_Group_Narrow.agp
OBJECT_DEF lib/airport/Modern_Airports/Control_Towers/Modern_Tower_2.agp
OBJECT_DEF lib/airport/aircraft/general_aviation/prop_a.obj
OBJECT_DEF lib/airport/Ramp_Equipment/Cargo_Container_1.obj
OBJECT_DEF lib/airport/Common_Elements/Hangars/Med_Orange_Hangar.agp
OBJECT_DEF lib/airport/Vintage_Airports/Hangars/Corrugated_Row.agp
OBJECT_DEF lib/airport/Common_Elements/Hangars/Sm_Brown_Hangar.agp
OBJECT_DEF lib/airport/Common_Elements/Miscellaneous/Stack_of_Cones.obj
OBJECT_DEF lib/airport/Ramp_Equipment/Luggage_Cart.obj
OBJECT_DEF lib/airport/Ramp_Equipment/Lugg_Train_3.obj
OBJECT_DEF lib/airport/Ramp_Equipment/Cargo_Pod_Pkng.obj
OBJECT_DEF lib/airport/aircraft/airliners/turboprop_b.obj
OBJECT_DEF lib/airport/aircraft/airliners/heavy_e_anz.obj
OBJECT_DEF lib/airport/aircraft/airliners/prop_a.obj
OBJECT_DEF lib/airport/aircraft/airliners/jet_b_bzh.obj
OBJECT_DEF lib/airport/aircraft/cargo/turboprop_b.obj
OBJECT_DEF lib/airport/aircraft/military/jet_b.obj
OBJECT_DEF lib/airport/Common_Elements/Hangars/Med_Blue_Hangar.agp
OBJECT_DEF lib/airport/Common_Elements/Vehicles/Cargo_Truck_Long.agp
OBJECT_DEF lib/airport/Common_Elements/Miscellaneous/Const_Trailer.agp
OBJECT_DEF lib/airport/Common_Elements/Hangars/Lg_Maint_Brown.agp
OBJECT_DEF lib/airport/Common_Elements/Hangars/Lg_Maint_Gray.agp
OBJECT_DEF lib/cars/car_static.obj
OBJECT_DEF lib/airport/Common_Elements/Misc_Buildings/Large_Office_1.agp
OBJECT_DEF lib/airport/Common_Elements/Miscellaneous/AC_Ground_wFence.agp
POLYGON_DEF lib/airport/Common_Elements/Misc_Buildings/White_Office.fac
POLYGON_DEF lib/airport/Modern_Airports/Facades/modern3.fac
POLYGON_DEF lib/airport/Modern_Airports/Facades/modern2.fac
POLYGON_DEF lib/airport/Modern_Airports/Facades/modern1.fac
POLYGON_DEF lib/airport/Common_Elements/Fence_Facades/Fenced_Parking.fac
PROPERTY sim/filter/aptid NZCH
PROPERTY sim/exclude_net 172.527473/-43.483894/172.529090/-43.483080
PROPERTY sim/require_agpoint 1/0
PROPERTY sim/require_object 1/0
PROPERTY sim/require_facade 1/0
