PROPERTY sim/west -180
PROPERTY sim/east 180
PROPERTY sim/north 90
PROPERTY sim/south -90
PROPERTY sim/planet earth
PROPERTY sim/creation_agent WorldEditor1.6.1r1
PROPERTY laminar/internal_revision 0
PROPERTY sim/overlay 1
FILTER 0
BEGIN_POLYGON 0 0 4
BEGIN_WINDING
POLYGON_POINT 168.324199864 -46.416151498 168.324199864 -46.416151498
POLYGON_POINT 168.324199864 -46.416151498 168.324308539 -46.416143911
POLYGON_POINT 168.324318169 -46.416065195 168.324318169 -46.416065195
POLYGON_POINT 168.324194362 -46.415981736 168.324067804 -46.415980788
POLYGON_POINT 168.324063677 -46.416074679 168.324063677 -46.416074679
POLYGON_POINT 168.324199864 -46.416151498 168.324308539 -46.416143911
END_WINDING
BEGIN_WINDING
POLYGON_POINT 168.324114786 -46.416071435 168.324114786 -46.416071435
POLYGON_POINT 168.324114786 -46.416071435 168.324112035 -46.416023067
POLYGON_POINT 168.324186108 -46.416017775 168.324186108 -46.416017775
POLYGON_POINT 168.324270022 -46.416067092 168.324265895 -46.416110718
POLYGON_POINT 168.324198489 -46.416120201 168.324198489 -46.416120201
POLYGON_POINT 168.324114786 -46.416071435 168.324112035 -46.416023067
END_WINDING
END_POLYGON
BEGIN_POLYGON 1 65535 4
BEGIN_WINDING
POLYGON_POINT 168.322422692 -46.414744584 0.680000000 0.011000000
POLYGON_POINT 168.322419977 -46.414741657 0.706800000 0.011500000
POLYGON_POINT 168.322387084 -46.414757810 0.690900000 0.171600000
POLYGON_POINT 168.322384638 -46.414754987 0.716300000 0.171500000
POLYGON_POINT 168.322373863 -46.414765332 0.677700000 0.239000000
POLYGON_POINT 168.322392134 -46.414763519 0.639200000 0.171500000
POLYGON_POINT 168.322389308 -46.414760523 0.666800000 0.172100000
END_WINDING
END_POLYGON
BEGIN_POLYGON 1 65535 4
BEGIN_WINDING
POLYGON_POINT 168.321511152 -46.415200351 0.670900000 0.011000000
POLYGON_POINT 168.321514918 -46.415197159 0.702700000 0.012100000
POLYGON_POINT 168.321492205 -46.415185487 0.690900000 0.153900000
POLYGON_POINT 168.321495369 -46.415183025 0.716300000 0.153700000
POLYGON_POINT 168.321477807 -46.415179074 0.677700000 0.239000000
POLYGON_POINT 168.321485841 -46.415190533 0.639200000 0.153700000
POLYGON_POINT 168.321489127 -46.415187769 0.666800000 0.154500000
END_WINDING
END_POLYGON
BEGIN_POLYGON 1 65535 4
BEGIN_WINDING
POLYGON_POINT 168.321608164 -46.415119932 0.670900000 0.011000000
POLYGON_POINT 168.321611930 -46.415116740 0.702700000 0.012100000
POLYGON_POINT 168.321589217 -46.415105068 0.690900000 0.153900000
POLYGON_POINT 168.321592381 -46.415102606 0.716300000 0.153700000
POLYGON_POINT 168.321574819 -46.415098655 0.677700000 0.239000000
POLYGON_POINT 168.321582853 -46.415110113 0.639200000 0.153700000
POLYGON_POINT 168.321586140 -46.415107350 0.666800000 0.154500000
END_WINDING
END_POLYGON
BEGIN_POLYGON 1 65535 4
BEGIN_WINDING
POLYGON_POINT 168.321761766 -46.414990147 0.668200000 0.011000000
POLYGON_POINT 168.321765533 -46.414986955 0.700000000 0.011500000
POLYGON_POINT 168.321742819 -46.414975282 0.690900000 0.153600000
POLYGON_POINT 168.321745983 -46.414972821 0.716300000 0.153000000
POLYGON_POINT 168.321728421 -46.414968870 0.679300000 0.239000000
POLYGON_POINT 168.321736455 -46.414980328 0.639200000 0.154300000
POLYGON_POINT 168.321739742 -46.414977564 0.666800000 0.154700000
END_WINDING
END_POLYGON
BEGIN_POLYGON 1 65535 4
BEGIN_WINDING
POLYGON_POINT 168.322525346 -46.414714365 0.639000000 0.011000000
POLYGON_POINT 168.322522825 -46.414701748 0.716000000 0.011000000
POLYGON_POINT 168.322514991 -46.414702492 0.716000000 0.239000000
POLYGON_POINT 168.322517512 -46.414715108 0.639000000 0.239000000
END_WINDING
END_POLYGON
BEGIN_POLYGON 1 65535 4
BEGIN_WINDING
POLYGON_POINT 168.321421974 -46.415148486 0.639000000 0.011000000
POLYGON_POINT 168.321407722 -46.415140384 0.716000000 0.011000000
POLYGON_POINT 168.321402691 -46.415144590 0.716000000 0.239000000
POLYGON_POINT 168.321416944 -46.415152692 0.639000000 0.239000000
END_WINDING
END_POLYGON
BEGIN_POLYGON 1 65535 4
BEGIN_WINDING
POLYGON_POINT 168.321519688 -46.415064277 0.639000000 0.011000000
POLYGON_POINT 168.321505436 -46.415056175 0.716000000 0.011000000
POLYGON_POINT 168.321500405 -46.415060381 0.716000000 0.239000000
POLYGON_POINT 168.321514657 -46.415068484 0.639000000 0.239000000
END_WINDING
END_POLYGON
BEGIN_POLYGON 1 65535 4
BEGIN_WINDING
POLYGON_POINT 168.321670446 -46.414935799 0.639000000 0.011000000
POLYGON_POINT 168.321656194 -46.414927697 0.716000000 0.011000000
POLYGON_POINT 168.321651163 -46.414931903 0.716000000 0.239000000
POLYGON_POINT 168.321665416 -46.414940005 0.639000000 0.239000000
END_WINDING
END_POLYGON
BEGIN_POLYGON 1 65535 4
BEGIN_WINDING
POLYGON_POINT 168.321906354 -46.414742841 0.639000000 0.011000000
POLYGON_POINT 168.321892101 -46.414734739 0.716000000 0.011000000
POLYGON_POINT 168.321887071 -46.414738945 0.716000000 0.239000000
POLYGON_POINT 168.321901323 -46.414747047 0.639000000 0.239000000
END_WINDING
END_POLYGON
BEGIN_POLYGON 1 65535 4
BEGIN_WINDING
POLYGON_POINT 168.322236956 -46.414747112 0.639000000 0.011000000
POLYGON_POINT 168.322234435 -46.414734496 0.716000000 0.011000000
POLYGON_POINT 168.322226601 -46.414735240 0.716000000 0.239000000
POLYGON_POINT 168.322229122 -46.414747856 0.639000000 0.239000000
END_WINDING
END_POLYGON
BEGIN_POLYGON 1 65535 4
BEGIN_WINDING
POLYGON_POINT 168.322167788 -46.414666354 0.716000000 0.011000000
POLYGON_POINT 168.322159914 -46.414654834 0.677400000 0.239000000
POLYGON_POINT 168.322153329 -46.414666723 0.639000000 0.011000000
END_WINDING
END_POLYGON
BEGIN_POLYGON 1 65535 4
BEGIN_WINDING
POLYGON_POINT 168.322250100 -46.414829645 0.673600000 0.011000000
POLYGON_POINT 168.322255999 -46.414829018 0.705400000 0.012600000
POLYGON_POINT 168.322250499 -46.414809859 0.690900000 0.154100000
POLYGON_POINT 168.322255240 -46.414809495 0.716300000 0.154400000
POLYGON_POINT 168.322246053 -46.414798446 0.676000000 0.239000000
POLYGON_POINT 168.322240870 -46.414810661 0.639200000 0.153100000
POLYGON_POINT 168.322245996 -46.414810129 0.666800000 0.154400000
END_WINDING
END_POLYGON
BEGIN_POLYGON 2 65535 4
BEGIN_WINDING
POLYGON_POINT 168.322677164 -46.414409690 0.281700000 0.768000000
POLYGON_POINT 168.322666410 -46.414435206 0.355000000 0.768000000
POLYGON_POINT 168.322752067 -46.414454017 0.355000000 0.982000000
POLYGON_POINT 168.322762821 -46.414428501 0.281700000 0.982000000
END_WINDING
END_POLYGON
BEGIN_POLYGON 2 65535 4
BEGIN_WINDING
POLYGON_POINT 168.321983894 -46.414498026 0.281700000 0.768000000
POLYGON_POINT 168.321994352 -46.414523600 0.355000000 0.768000000
POLYGON_POINT 168.322081472 -46.414508313 0.355000000 0.982000000
POLYGON_POINT 168.322071014 -46.414482738 0.281700000 0.982000000
END_WINDING
END_POLYGON
BEGIN_POLYGON 2 65535 4
BEGIN_WINDING
POLYGON_POINT 168.321223625 -46.414489088 0.281700000 0.768000000
POLYGON_POINT 168.321224127 -46.414515657 0.355000000 0.768000000
POLYGON_POINT 168.321314017 -46.414516435 0.355000000 0.982000000
POLYGON_POINT 168.321313516 -46.414489866 0.281700000 0.982000000
END_WINDING
END_POLYGON
BEGIN_POLYGON 2 65535 4
BEGIN_WINDING
POLYGON_POINT 168.321702364 -46.414471723 0.191900000 0.768000000
POLYGON_POINT 168.321703116 -46.414498290 0.265100000 0.768000000
POLYGON_POINT 168.321793012 -46.414498664 0.265100000 0.982000000
POLYGON_POINT 168.321792259 -46.414472097 0.191900000 0.982000000
END_WINDING
END_POLYGON
BEGIN_POLYGON 2 65535 4
BEGIN_WINDING
POLYGON_POINT 168.321702364 -46.414444974 0.191900000 0.768000000
POLYGON_POINT 168.321703116 -46.414471540 0.265100000 0.768000000
POLYGON_POINT 168.321793012 -46.414471914 0.265100000 0.982000000
POLYGON_POINT 168.321792259 -46.414445348 0.191900000 0.982000000
END_WINDING
END_POLYGON
BEGIN_POLYGON 2 65535 4
BEGIN_WINDING
POLYGON_POINT 168.321103387 -46.414515402 0.191900000 0.768000000
POLYGON_POINT 168.321083368 -46.414538108 0.265100000 0.768000000
POLYGON_POINT 168.321158969 -46.414571644 0.265100000 0.982000000
POLYGON_POINT 168.321178988 -46.414548938 0.191900000 0.982000000
END_WINDING
END_POLYGON
BEGIN_POLYGON 2 65535 4
BEGIN_WINDING
POLYGON_POINT 168.315557522 -46.413975764 0.000000000 0.000000000
POLYGON_POINT 168.315539730 -46.413952193 0.000000000 0.000000000
POLYGON_POINT 168.315458952 -46.413979391 0.000000000 0.000000000
POLYGON_POINT 168.315476745 -46.414002962 0.000000000 0.000000000
END_WINDING
BEGIN_WINDING
POLYGON_POINT 168.317171164 -46.413733250 0.000000000 0.000000000
POLYGON_POINT 168.317153371 -46.413709679 0.000000000 0.000000000
POLYGON_POINT 168.317234150 -46.413682481 0.000000000 0.000000000
POLYGON_POINT 168.317251941 -46.413706052 0.000000000 0.000000000
END_WINDING
END_POLYGON
BEGIN_POLYGON 2 65535 4
BEGIN_WINDING
POLYGON_POINT 168.320301681 -46.413643202 0.191900000 0.768000000
POLYGON_POINT 168.320336129 -46.413631286 0.265100000 0.768000000
POLYGON_POINT 168.320297880 -46.413575197 0.265100000 0.982000000
POLYGON_POINT 168.320263432 -46.413587114 0.191900000 0.982000000
END_WINDING
END_POLYGON
BEGIN_POLYGON 2 65535 4
BEGIN_WINDING
POLYGON_POINT 168.321043162 -46.414570435 0.102100000 0.768000000
POLYGON_POINT 168.321010927 -46.414574184 0.175300000 0.768000000
POLYGON_POINT 168.321022648 -46.414635633 0.175300000 0.982000000
POLYGON_POINT 168.321054883 -46.414631885 0.102100000 0.982000000
END_WINDING
END_POLYGON
BEGIN_POLYGON 2 65535 4
BEGIN_WINDING
POLYGON_POINT 168.320836115 -46.414454089 0.102100000 0.768000000
POLYGON_POINT 168.320865174 -46.414443765 0.175300000 0.768000000
POLYGON_POINT 168.320826925 -46.414387676 0.175300000 0.982000000
POLYGON_POINT 168.320797866 -46.414398001 0.102100000 0.982000000
END_WINDING
END_POLYGON
BEGIN_POLYGON 2 65535 4
BEGIN_WINDING
POLYGON_POINT 168.320262882 -46.413656577 0.910600000 0.768000000
POLYGON_POINT 168.320301179 -46.413643068 0.983900000 0.768000000
POLYGON_POINT 168.320262930 -46.413586980 0.983900000 0.982000000
POLYGON_POINT 168.320224633 -46.413600488 0.910600000 0.982000000
END_WINDING
END_POLYGON
BEGIN_POLYGON 2 65535 4
BEGIN_WINDING
POLYGON_POINT 168.321703116 -46.414498290 0.910600000 0.768000000
POLYGON_POINT 168.321703389 -46.414521480 0.983900000 0.768000000
POLYGON_POINT 168.321793262 -46.414522913 0.983900000 0.982000000
POLYGON_POINT 168.321792510 -46.414498802 0.910600000 0.982000000
END_WINDING
END_POLYGON
BEGIN_POLYGON 2 65535 4
BEGIN_WINDING
POLYGON_POINT 168.320797316 -46.414467464 0.910600000 0.768000000
POLYGON_POINT 168.320835613 -46.414453955 0.983900000 0.768000000
POLYGON_POINT 168.320797364 -46.414397867 0.983900000 0.982000000
POLYGON_POINT 168.320759067 -46.414411375 0.910600000 0.982000000
END_WINDING
END_POLYGON
BEGIN_POLYGON 2 65535 4
BEGIN_WINDING
POLYGON_POINT 168.322226921 -46.414819542 0.012200000 0.768000000
POLYGON_POINT 168.322226065 -46.414816792 0.085400000 0.768000000
POLYGON_POINT 168.322220632 -46.414817595 0.085400000 0.982000000
POLYGON_POINT 168.322221488 -46.414820345 0.012200000 0.982000000
END_WINDING
END_POLYGON
BEGIN_POLYGON 2 65535 4
BEGIN_WINDING
POLYGON_POINT 168.322241816 -46.414817373 0.281700000 0.768000000
POLYGON_POINT 168.322240961 -46.414814623 0.355000000 0.768000000
POLYGON_POINT 168.322235528 -46.414815426 0.355000000 0.982000000
POLYGON_POINT 168.322236383 -46.414818176 0.281700000 0.982000000
END_WINDING
END_POLYGON
BEGIN_POLYGON 2 65535 4
BEGIN_WINDING
POLYGON_POINT 168.322234890 -46.414819844 0.371600000 0.268000000
POLYGON_POINT 168.322234035 -46.414817093 0.444800000 0.268000000
POLYGON_POINT 168.322228602 -46.414817896 0.444800000 0.482000000
POLYGON_POINT 168.322229457 -46.414820647 0.371600000 0.482000000
END_WINDING
END_POLYGON
BEGIN_POLYGON 2 65535 4
BEGIN_WINDING
POLYGON_POINT 168.322227734 -46.414822360 0.012200000 0.768000000
POLYGON_POINT 168.322226879 -46.414819610 0.085400000 0.768000000
POLYGON_POINT 168.322221446 -46.414820413 0.085400000 0.982000000
POLYGON_POINT 168.322222301 -46.414823164 0.012200000 0.982000000
END_WINDING
END_POLYGON
BEGIN_POLYGON 2 65535 4
BEGIN_WINDING
POLYGON_POINT 168.322242630 -46.414820191 0.281700000 0.768000000
POLYGON_POINT 168.322241775 -46.414817441 0.355000000 0.768000000
POLYGON_POINT 168.322236342 -46.414818244 0.355000000 0.982000000
POLYGON_POINT 168.322237197 -46.414820994 0.281700000 0.982000000
END_WINDING
END_POLYGON
BEGIN_POLYGON 2 65535 4
BEGIN_WINDING
POLYGON_POINT 168.322235841 -46.414822626 0.551300000 0.268000000
POLYGON_POINT 168.322234985 -46.414819876 0.624500000 0.268000000
POLYGON_POINT 168.322229552 -46.414820679 0.624500000 0.482000000
POLYGON_POINT 168.322230408 -46.414823430 0.551300000 0.482000000
END_WINDING
END_POLYGON
BEGIN_POLYGON 2 65535 4
BEGIN_WINDING
POLYGON_POINT 168.322228685 -46.414825143 0.281700000 0.768000000
POLYGON_POINT 168.322227829 -46.414822393 0.355000000 0.768000000
POLYGON_POINT 168.322222396 -46.414823196 0.355000000 0.982000000
POLYGON_POINT 168.322223251 -46.414825946 0.281700000 0.982000000
END_WINDING
END_POLYGON
BEGIN_POLYGON 2 65535 4
BEGIN_WINDING
POLYGON_POINT 168.322243580 -46.414822974 0.641100000 0.768000000
POLYGON_POINT 168.322242725 -46.414820224 0.714400000 0.768000000
POLYGON_POINT 168.322237292 -46.414821027 0.714400000 0.982000000
POLYGON_POINT 168.322238147 -46.414823777 0.641100000 0.982000000
END_WINDING
END_POLYGON
BEGIN_POLYGON 2 65535 4
BEGIN_WINDING
POLYGON_POINT 168.322236719 -46.414825449 0.910600000 0.768000000
POLYGON_POINT 168.322235864 -46.414822699 0.983900000 0.768000000
POLYGON_POINT 168.322230431 -46.414823502 0.983900000 0.982000000
POLYGON_POINT 168.322231286 -46.414826252 0.910600000 0.982000000
END_WINDING
END_POLYGON
BEGIN_POLYGON 2 65535 4
BEGIN_WINDING
POLYGON_POINT 168.322229563 -46.414827966 0.281700000 0.268000000
POLYGON_POINT 168.322228708 -46.414825216 0.355000000 0.268000000
POLYGON_POINT 168.322223275 -46.414826019 0.355000000 0.482000000
POLYGON_POINT 168.322224130 -46.414828769 0.281700000 0.482000000
END_WINDING
END_POLYGON
BEGIN_POLYGON 2 65535 4
BEGIN_WINDING
POLYGON_POINT 168.322244459 -46.414825797 0.012200000 0.518000000
POLYGON_POINT 168.322243603 -46.414823046 0.085400000 0.518000000
POLYGON_POINT 168.322238170 -46.414823850 0.085400000 0.732000000
POLYGON_POINT 168.322239026 -46.414826600 0.012200000 0.732000000
END_WINDING
END_POLYGON
BEGIN_POLYGON 3 0 4
BEGIN_WINDING
POLYGON_POINT 168.321639182 -46.415520475 168.321639182 -46.415520475
POLYGON_POINT 168.321985898 -46.415145406 168.321985898 -46.415145406
POLYGON_POINT 168.322305797 -46.415292000 168.322305797 -46.415292000
POLYGON_POINT 168.322455211 -46.415138803 168.322455211 -46.415138803
POLYGON_POINT 168.322198526 -46.414934100 168.322198526 -46.414934100
POLYGON_POINT 168.321807751 -46.415132200 168.321706226 -46.415219364
POLYGON_POINT 168.321807751 -46.415132200 168.321807751 -46.415132200
POLYGON_POINT 168.321547235 -46.415363316 168.321547235 -46.415363316
POLYGON_POINT 168.321528079 -46.415468969 168.321528079 -46.415468969
END_WINDING
END_POLYGON
BEGIN_POLYGON 4 0 4
BEGIN_WINDING
POLYGON_POINT 168.321644822 -46.416515994 168.321644822 -46.416515994
POLYGON_POINT 168.321746133 -46.416290491 168.321957440 -46.416177740
POLYGON_POINT 168.321746133 -46.416290491 168.321746133 -46.416290491
POLYGON_POINT 168.322026910 -46.416177740 168.322026910 -46.416177740
POLYGON_POINT 168.322065988 -46.416141819 168.322065988 -46.416141819
POLYGON_POINT 168.322086250 -46.416079955 168.322086250 -46.416079955
POLYGON_POINT 168.322436495 -46.415700791 168.322436495 -46.415700791
POLYGON_POINT 168.322671735 -46.415494887 168.322671735 -46.415494887
POLYGON_POINT 168.322671735 -46.415494887 168.322534243 -46.415441006
POLYGON_POINT 168.322520438 -46.415541143 168.322520438 -46.415541143
POLYGON_POINT 168.322437942 -46.415636932 168.322437942 -46.415636932
POLYGON_POINT 168.322368472 -46.415671855 168.322368472 -46.415671855
POLYGON_POINT 168.322271503 -46.415775626 168.322271503 -46.415775626
POLYGON_POINT 168.322255583 -46.415823520 168.322255583 -46.415823520
POLYGON_POINT 168.322028357 -46.416068979 168.322028357 -46.416068979
POLYGON_POINT 168.321919809 -46.416138826 168.321919809 -46.416138826
POLYGON_POINT 168.321766394 -46.416246588 168.321659294 -46.416271533
POLYGON_POINT 168.321766394 -46.416246588 168.321766394 -46.416246588
POLYGON_POINT 168.321766394 -46.416246588 168.321725870 -46.416264548
POLYGON_POINT 168.321542061 -46.416264548 168.321542061 -46.416264548
POLYGON_POINT 168.321398777 -46.416349362 168.321374173 -46.416407234
POLYGON_POINT 168.321398777 -46.416349362 168.321398777 -46.416349362
POLYGON_POINT 168.321398777 -46.416349362 168.321340885 -46.416487059
POLYGON_POINT 168.321604295 -46.416547924 168.321604295 -46.416547924
END_WINDING
BEGIN_WINDING
POLYGON_POINT 168.321595679 -46.416536772 168.321595679 -46.416536772
POLYGON_POINT 168.321416214 -46.416351182 168.321476377 -46.416226378
POLYGON_POINT 168.321416214 -46.416351182 168.321416214 -46.416351182
POLYGON_POINT 168.321416214 -46.416351182 168.321416214 -46.416312268
POLYGON_POINT 168.321545024 -46.416273353 168.321545024 -46.416273353
POLYGON_POINT 168.321775145 -46.416254395 168.321804091 -46.416241424
POLYGON_POINT 168.321775145 -46.416254395 168.321775145 -46.416254395
POLYGON_POINT 168.321775145 -46.416254395 168.321899613 -46.416212487
POLYGON_POINT 168.321934348 -46.416139648 168.321934348 -46.416139648
POLYGON_POINT 168.322034211 -46.416073793 168.322034211 -46.416073793
POLYGON_POINT 168.322265779 -46.415823345 168.322265779 -46.415823345
POLYGON_POINT 168.322281700 -46.415774453 168.322281700 -46.415774453
POLYGON_POINT 168.322375773 -46.415673675 168.322375773 -46.415673675
POLYGON_POINT 168.322445243 -46.415638752 168.322445243 -46.415638752
POLYGON_POINT 168.322530633 -46.415540967 168.322530633 -46.415540967
POLYGON_POINT 168.322660889 -46.415496958 168.322782334 -46.415543730
POLYGON_POINT 168.322660889 -46.415496958 168.322660889 -46.415496958
POLYGON_POINT 168.322430770 -46.415696624 168.322430770 -46.415696624
POLYGON_POINT 168.322081972 -46.416074791 168.322081972 -46.416074791
POLYGON_POINT 168.322060263 -46.416131665 168.322060263 -46.416131665
POLYGON_POINT 168.322019739 -46.416171577 168.322019739 -46.416171577
POLYGON_POINT 168.321740410 -46.416284661 168.321740410 -46.416284661
POLYGON_POINT 168.321740410 -46.416284661 168.321522108 -46.416409386
POLYGON_POINT 168.321631862 -46.416513823 168.321631862 -46.416513823
END_WINDING
END_POLYGON
BEGIN_POLYGON 5 0 4
BEGIN_WINDING
POLYGON_POINT 168.323829409 -46.416040880 168.323829409 -46.416040880
POLYGON_POINT 168.323829409 -46.416040880 168.323904436 -46.416137148
POLYGON_POINT 168.323737709 -46.416210427 168.323737709 -46.416210427
POLYGON_POINT 168.323445935 -46.416332557 168.323445935 -46.416332557
POLYGON_POINT 168.323445935 -46.416345489 168.323445935 -46.416345489
POLYGON_POINT 168.323777307 -46.416237726 168.323777307 -46.416237726
POLYGON_POINT 168.324037820 -46.416170195 168.324037820 -46.416170195
POLYGON_POINT 168.324037820 -46.416170195 168.323923195 -46.416053812
POLYGON_POINT 168.324029483 -46.415980533 168.324029483 -46.415980533
POLYGON_POINT 168.323841914 -46.415960418 168.323841914 -46.415960418
POLYGON_POINT 168.322943666 -46.415619888 168.322943666 -46.415619888
POLYGON_POINT 168.322935330 -46.415631383 168.322935330 -46.415631383
POLYGON_POINT 168.323829409 -46.416040880 168.323860670 -46.416069617
END_WINDING
BEGIN_WINDING
POLYGON_POINT 168.322978287 -46.415644202 168.322978287 -46.415644202
POLYGON_POINT 168.322981181 -46.415638607 168.322981181 -46.415638607
POLYGON_POINT 168.323833636 -46.415972870 168.323833636 -46.415972870
POLYGON_POINT 168.324005864 -46.415984844 168.324005864 -46.415984844
POLYGON_POINT 168.324019513 -46.416165698 168.324112985 -46.416255084
POLYGON_POINT 168.324019513 -46.416165698 168.324019513 -46.416165698
POLYGON_POINT 168.323771403 -46.416227309 168.323771403 -46.416227309
POLYGON_POINT 168.323593386 -46.416289173 168.323593386 -46.416289173
POLYGON_POINT 168.323593386 -46.416278197 168.323593386 -46.416278197
POLYGON_POINT 168.323764167 -46.416207353 168.323764167 -46.416207353
POLYGON_POINT 168.323764167 -46.416207353 168.323933220 -46.416114641
POLYGON_POINT 168.323829778 -46.416023093 168.323829778 -46.416023093
END_WINDING
END_POLYGON
BEGIN_POLYGON 6 0 4
BEGIN_WINDING
POLYGON_POINT 168.321791458 -46.415021945 168.321791458 -46.415021945
POLYGON_POINT 168.321791458 -46.415021945 168.321853123 -46.414981838
POLYGON_POINT 168.321963653 -46.415011517 168.321963653 -46.415011517
POLYGON_POINT 168.322006702 -46.414989057 168.322006702 -46.414989057
POLYGON_POINT 168.321726303 -46.415004298 168.321576214 -46.415082908
POLYGON_POINT 168.321726303 -46.415004298 168.321726303 -46.415004298
POLYGON_POINT 168.321726303 -46.415004298 168.321662311 -46.415050822
POLYGON_POINT 168.321656494 -46.415134245 168.321656494 -46.415134245
POLYGON_POINT 168.321708850 -46.415131838 168.321708850 -46.415131838
POLYGON_POINT 168.321791458 -46.415021945 168.321853123 -46.415008309
END_WINDING
END_POLYGON
BEGIN_POLYGON 4 0 4
BEGIN_WINDING
POLYGON_POINT 168.321814846 -46.416172542 168.321814846 -46.416172542
POLYGON_POINT 168.321918569 -46.416064447 168.321918569 -46.416064447
POLYGON_POINT 168.321936661 -46.416009568 168.321952340 -46.415998758
POLYGON_POINT 168.321936661 -46.416009568 168.321936661 -46.416009568
POLYGON_POINT 168.322236974 -46.415701081 168.322236974 -46.415701081
POLYGON_POINT 168.322271950 -46.415691935 168.322271950 -46.415691935
POLYGON_POINT 168.322317781 -46.415631235 168.322317781 -46.415631235
POLYGON_POINT 168.322328636 -46.415568041 168.322328636 -46.415568041
POLYGON_POINT 168.322421503 -46.415489049 168.322421503 -46.415489049
POLYGON_POINT 168.322574674 -46.415418371 168.322574674 -46.415418371
POLYGON_POINT 168.322503516 -46.415371807 168.322503516 -46.415371807
POLYGON_POINT 168.322503516 -46.415371807 168.322402206 -46.415341041
POLYGON_POINT 168.322402206 -46.415435832 168.322402206 -46.415435832
POLYGON_POINT 168.322258684 -46.415587166 168.322258684 -46.415587166
POLYGON_POINT 168.322218883 -46.415599638 168.322218883 -46.415599638
POLYGON_POINT 168.322122397 -46.415700250 168.322122397 -46.415700250
POLYGON_POINT 168.322113954 -46.415745982 168.322113954 -46.415745982
POLYGON_POINT 168.321871532 -46.416006242 168.321871532 -46.416006242
POLYGON_POINT 168.321776813 -46.416067806 168.321744249 -46.416107718
POLYGON_POINT 168.321776813 -46.416067806 168.321776813 -46.416067806
POLYGON_POINT 168.321776813 -46.416067806 168.321753897 -46.416117696
POLYGON_POINT 168.321600162 -46.416208297 168.321600162 -46.416208297
POLYGON_POINT 168.321600162 -46.416208297 168.321687000 -46.416235737
END_WINDING
BEGIN_WINDING
POLYGON_POINT 168.321621686 -46.416204275 168.321621686 -46.416204275
POLYGON_POINT 168.321786518 -46.416068463 168.321790538 -46.416032431
POLYGON_POINT 168.321786518 -46.416068463 168.321786518 -46.416068463
POLYGON_POINT 168.321786518 -46.416068463 168.321803604 -46.416048368
POLYGON_POINT 168.321875970 -46.416009566 168.321875970 -46.416009566
POLYGON_POINT 168.322122212 -46.415748336 168.322122212 -46.415748336
POLYGON_POINT 168.322128243 -46.415701910 168.322128243 -46.415701910
POLYGON_POINT 168.322225734 -46.415603516 168.322225734 -46.415603516
POLYGON_POINT 168.322263927 -46.415592429 168.322263927 -46.415592429
POLYGON_POINT 168.322409661 -46.415437216 168.322409661 -46.415437216
POLYGON_POINT 168.322498107 -46.415377625 168.322580522 -46.415406035
POLYGON_POINT 168.322498107 -46.415377625 168.322498107 -46.415377625
POLYGON_POINT 168.322562431 -46.415417121 168.322562431 -46.415417121
POLYGON_POINT 168.322414686 -46.415482948 168.322414686 -46.415482948
POLYGON_POINT 168.322324231 -46.415562634 168.322324231 -46.415562634
POLYGON_POINT 168.322309155 -46.415631233 168.322309155 -46.415631233
POLYGON_POINT 168.322267947 -46.415686666 168.322267947 -46.415686666
POLYGON_POINT 168.322232770 -46.415696367 168.322232770 -46.415696367
POLYGON_POINT 168.321929239 -46.416006794 168.321916173 -46.416019959
POLYGON_POINT 168.321908133 -46.416064306 168.321908133 -46.416064306
POLYGON_POINT 168.321811646 -46.416166858 168.321811646 -46.416166858
POLYGON_POINT 168.321621686 -46.416204275 168.321538265 -46.416185566
END_WINDING
END_POLYGON
BEGIN_POLYGON 6 0 2
BEGIN_WINDING
POLYGON_POINT 168.321619262 -46.415019538
POLYGON_POINT 168.321655330 -46.414994672
POLYGON_POINT 168.321586684 -46.414956169
POLYGON_POINT 168.321552943 -46.414981035
END_WINDING
END_POLYGON
BEGIN_POLYGON 7 0 4
BEGIN_WINDING
POLYGON_POINT 168.319725792 -46.412540405 168.319725792 -46.412540405
POLYGON_POINT 168.319511533 -46.412324353 168.319511533 -46.412324353
POLYGON_POINT 168.319237477 -46.412129918 168.319237477 -46.412129918
POLYGON_POINT 168.318419285 -46.411543873 168.318325045 -46.411409165
POLYGON_POINT 168.318419285 -46.411543873 168.318419285 -46.411543873
POLYGON_POINT 168.318419285 -46.411543873 168.318391702 -46.411505838
POLYGON_POINT 168.318220697 -46.411250851 168.318220697 -46.411250851
POLYGON_POINT 168.317930759 -46.410793517 168.317930759 -46.410793517
POLYGON_POINT 168.317386629 -46.410226642 168.317386629 -46.410226642
POLYGON_POINT 168.317378686 -46.410155440 168.317378686 -46.410155440
POLYGON_POINT 168.317287335 -46.410004821 168.317287335 -46.410004821
POLYGON_POINT 168.317255561 -46.409837771 168.317255561 -46.409837771
POLYGON_POINT 168.317152296 -46.409832294 168.317152296 -46.409832294
POLYGON_POINT 168.317227759 -46.410119839 168.317227759 -46.410119839
POLYGON_POINT 168.317243646 -46.410251289 168.317243646 -46.410251289
POLYGON_POINT 168.317370742 -46.410325229 168.317370742 -46.410325229
POLYGON_POINT 168.317370742 -46.410325229 168.317748061 -46.410651114
POLYGON_POINT 168.318228633 -46.411406947 168.318228633 -46.411406947
POLYGON_POINT 168.318184943 -46.411453502 168.318184943 -46.411453502
POLYGON_POINT 168.317942661 -46.411557566 168.317942661 -46.411557566
POLYGON_POINT 168.317966492 -46.411612336 168.317966492 -46.411612336
POLYGON_POINT 168.318264380 -46.411494580 168.318264380 -46.411494580
POLYGON_POINT 168.318637732 -46.411828680 168.318833584 -46.411950090
POLYGON_POINT 168.318637732 -46.411828680 168.318637732 -46.411828680
POLYGON_POINT 168.318637732 -46.411828680 168.318658419 -46.411847698
POLYGON_POINT 168.319391957 -46.412318584 168.319391957 -46.412318584
POLYGON_POINT 168.319391957 -46.412318584 168.319465511 -46.412356619
POLYGON_POINT 168.319646577 -46.412562313 168.319646577 -46.412562313
END_WINDING
END_POLYGON
BEGIN_POLYGON 7 0 2
BEGIN_WINDING
POLYGON_POINT 168.305027039 -46.417311060
POLYGON_POINT 168.304603338 -46.416763355
POLYGON_POINT 168.303931374 -46.416357140
POLYGON_POINT 168.303825448 -46.416382243
POLYGON_POINT 168.304507343 -46.416804433
POLYGON_POINT 168.304580166 -46.416884307
POLYGON_POINT 168.304950905 -46.417338446
END_WINDING
END_POLYGON
BEGIN_POLYGON 7 0 2
BEGIN_WINDING
POLYGON_POINT 168.305895324 -46.417467139
POLYGON_POINT 168.305975756 -46.417622484
POLYGON_POINT 168.306295605 -46.418037366
POLYGON_POINT 168.306908000 -46.418440538
POLYGON_POINT 168.306982480 -46.418419618
POLYGON_POINT 168.306505254 -46.418088713
POLYGON_POINT 168.306356293 -46.418001232
POLYGON_POINT 168.306182402 -46.417786079
POLYGON_POINT 168.306011476 -46.417534202
POLYGON_POINT 168.306016993 -46.417426902
END_WINDING
END_POLYGON
BEGIN_POLYGON 8 0 4
BEGIN_WINDING
POLYGON_POINT 168.298609880 -46.420144220 168.298609880 -46.420144220
POLYGON_POINT 168.298824388 -46.420002912 168.298824388 -46.420002912
POLYGON_POINT 168.298895890 -46.420117931 168.298895890 -46.420117931
POLYGON_POINT 168.299062729 -46.420006199 168.299062729 -46.420006199
POLYGON_POINT 168.299220035 -46.419733441 168.299220035 -46.419733441
POLYGON_POINT 168.300083170 -46.419143854 168.300179721 -46.419045597
POLYGON_POINT 168.300311640 -46.418896920 168.300392100 -46.418820850
POLYGON_POINT 168.300311640 -46.418896920 168.300311640 -46.418896920
POLYGON_POINT 168.300311640 -46.418896920 168.300442674 -46.418814511
POLYGON_POINT 168.300578582 -46.418787007 168.300578582 -46.418787007
POLYGON_POINT 168.300826458 -46.419125489 168.300826458 -46.419125489
POLYGON_POINT 168.300940862 -46.419109057 168.300940862 -46.419109057
POLYGON_POINT 168.300673919 -46.418698278 168.300673919 -46.418698278
POLYGON_POINT 168.300430811 -46.418773395 168.300430811 -46.418773395
POLYGON_POINT 168.300192469 -46.418938173 168.300157986 -46.419009489
POLYGON_POINT 168.300192469 -46.418938173 168.300192469 -46.418938173
POLYGON_POINT 168.300192469 -46.418938173 168.300077527 -46.419088729
POLYGON_POINT 168.299906459 -46.419211932 168.299906459 -46.419211932
POLYGON_POINT 168.299200967 -46.419671003 168.299200967 -46.419671003
POLYGON_POINT 168.298767186 -46.419930615 168.298767186 -46.419930615
POLYGON_POINT 168.298576512 -46.420085068 168.298576512 -46.420085068
END_WINDING
END_POLYGON
BEGIN_POLYGON 8 0 4
BEGIN_WINDING
POLYGON_POINT 168.326315524 -46.411009562 168.326315524 -46.411009562
POLYGON_POINT 168.326348622 -46.411097043 168.326348622 -46.411097043
POLYGON_POINT 168.326311692 -46.414622167 168.326311692 -46.414622167
POLYGON_POINT 168.326367942 -46.414620994 168.326367942 -46.414620994
POLYGON_POINT 168.326433211 -46.412048871 168.326433211 -46.412048871
POLYGON_POINT 168.327349864 -46.411658060 168.327349864 -46.411658060
POLYGON_POINT 168.327349864 -46.411658060 168.327501566 -46.411588329
POLYGON_POINT 168.327812784 -46.411310356 168.327812784 -46.411310356
POLYGON_POINT 168.328168132 -46.411008611 168.328276162 -46.410911938
POLYGON_POINT 168.329189569 -46.409893232 168.329189569 -46.409893232
POLYGON_POINT 168.329313684 -46.409853295 168.329313684 -46.409853295
POLYGON_POINT 168.329275071 -46.409733485 168.329275071 -46.409733485
POLYGON_POINT 168.324619360 -46.409746797 168.324619360 -46.409746797
POLYGON_POINT 168.324622118 -46.409786734 168.324622118 -46.409786734
POLYGON_POINT 168.324726927 -46.409805751 168.324726927 -46.409805751
POLYGON_POINT 168.324674523 -46.410235548 168.324674523 -46.410235548
POLYGON_POINT 168.324782090 -46.410220334 168.324782090 -46.410220334
POLYGON_POINT 168.324856559 -46.409788636 168.324856559 -46.409788636
POLYGON_POINT 168.325234423 -46.409792439 168.325234423 -46.409792439
POLYGON_POINT 168.326242827 -46.409806964 168.326242827 -46.409806964
POLYGON_POINT 168.326344618 -46.409912001 168.326347376 -46.409969054
POLYGON_POINT 168.326344618 -46.409912001 168.326344618 -46.409912001
POLYGON_POINT 168.326378933 -46.410375461 168.326378933 -46.410375461
POLYGON_POINT 168.326476122 -46.410345246 168.326476122 -46.410345246
POLYGON_POINT 168.326440699 -46.409893072 168.326440699 -46.409893072
POLYGON_POINT 168.326440699 -46.409893072 168.326473796 -46.409839823
POLYGON_POINT 168.326536780 -46.409812625 168.326536780 -46.409812625
POLYGON_POINT 168.329119629 -46.409798012 168.329119629 -46.409798012
POLYGON_POINT 168.329135516 -46.409855521 168.329082652 -46.409893556
POLYGON_POINT 168.329135516 -46.409855521 168.329135516 -46.409855521
POLYGON_POINT 168.328131698 -46.410977654 168.328131698 -46.410977654
POLYGON_POINT 168.327327987 -46.411624250 168.327141807 -46.411743110
POLYGON_POINT 168.327327987 -46.411624250 168.327327987 -46.411624250
POLYGON_POINT 168.326428495 -46.411988489 168.326428495 -46.411988489
POLYGON_POINT 168.326437682 -46.411112361 168.326437682 -46.411112361
POLYGON_POINT 168.326418527 -46.411002746 168.326418527 -46.411002746
POLYGON_POINT 168.326324671 -46.410878604 168.326324671 -46.410878604
POLYGON_POINT 168.326330418 -46.410833701 168.326330418 -46.410833701
POLYGON_POINT 168.326152283 -46.410885207 168.326152283 -46.410885207
END_WINDING
END_POLYGON
BEGIN_POLYGON 5 0 2
BEGIN_WINDING
POLYGON_POINT 168.322670944 -46.415667786
POLYGON_POINT 168.322731730 -46.415616000
POLYGON_POINT 168.322716998 -46.415608304
POLYGON_POINT 168.322655859 -46.415660993
END_WINDING
END_POLYGON
BEGIN_POLYGON 5 0 2
BEGIN_WINDING
POLYGON_POINT 168.322623954 -46.415648729
POLYGON_POINT 168.322684739 -46.415596943
POLYGON_POINT 168.322670007 -46.415589247
POLYGON_POINT 168.322608868 -46.415641936
END_WINDING
END_POLYGON
BEGIN_POLYGON 5 0 2
BEGIN_WINDING
POLYGON_POINT 168.322578068 -46.415624336
POLYGON_POINT 168.322638854 -46.415572551
POLYGON_POINT 168.322624122 -46.415564855
POLYGON_POINT 168.322562983 -46.415617543
END_WINDING
END_POLYGON
BEGIN_POLYGON 5 0 4
BEGIN_WINDING
POLYGON_POINT 168.322207911 -46.416128926 168.322207911 -46.416128926
POLYGON_POINT 168.322124001 -46.416156421 168.322082732 -46.416196728
POLYGON_POINT 168.322124001 -46.416156421 168.322124001 -46.416156421
POLYGON_POINT 168.322065902 -46.416141299 168.322065902 -46.416141299
POLYGON_POINT 168.322032368 -46.416174068 168.322032368 -46.416174068
POLYGON_POINT 168.322091223 -46.416188622 168.322091223 -46.416188622
POLYGON_POINT 168.322091223 -46.416188622 168.322066096 -46.416207331
POLYGON_POINT 168.322089928 -46.416239761 168.322089928 -46.416239761
POLYGON_POINT 168.322143994 -46.416186138 168.322143994 -46.416186138
END_WINDING
END_POLYGON
BEGIN_POLYGON 5 0 4
BEGIN_WINDING
POLYGON_POINT 168.322694653 -46.415773032 168.322694653 -46.415773032
POLYGON_POINT 168.322591647 -46.415788054 168.322550378 -46.415828361
POLYGON_POINT 168.322591647 -46.415788054 168.322591647 -46.415788054
POLYGON_POINT 168.322427654 -46.415711329 168.322427654 -46.415711329
POLYGON_POINT 168.322398557 -46.415743136 168.322398557 -46.415743136
POLYGON_POINT 168.322540015 -46.415812269 168.322540015 -46.415812269
POLYGON_POINT 168.322540015 -46.415812269 168.322505039 -46.415833057
POLYGON_POINT 168.322528518 -46.415871204 168.322528518 -46.415871204
POLYGON_POINT 168.322567938 -46.415828141 168.322567938 -46.415828141
POLYGON_POINT 168.322608081 -46.415796372 168.322608081 -46.415796372
POLYGON_POINT 168.322655036 -46.415815368 168.322655036 -46.415815368
END_WINDING
END_POLYGON
BEGIN_POLYGON 5 0 4
BEGIN_WINDING
POLYGON_POINT 168.323640038 -46.416129247 168.323640038 -46.416129247
POLYGON_POINT 168.323682682 -46.416149164 168.323682682 -46.416149164
POLYGON_POINT 168.323772098 -46.416133041 168.323827123 -46.416103641
POLYGON_POINT 168.323772098 -46.416133041 168.323772098 -46.416133041
POLYGON_POINT 168.323772098 -46.416133041 168.323825747 -46.416093209
POLYGON_POINT 168.323747337 -46.416058118 168.323747337 -46.416058118
POLYGON_POINT 168.323712946 -46.416097951 168.323712946 -46.416097951
POLYGON_POINT 168.323678555 -46.416086570 168.323678555 -46.416086570
END_WINDING
END_POLYGON
BEGIN_POLYGON 6 0 4
BEGIN_WINDING
POLYGON_POINT 168.323017692 -46.416552042 168.323017692 -46.416552042
POLYGON_POINT 168.323017692 -46.416552042 168.323053349 -46.416517627
POLYGON_POINT 168.323034802 -46.416485131 168.323034802 -46.416485131
POLYGON_POINT 168.322985521 -46.416533070 168.322985521 -46.416533070
POLYGON_POINT 168.322964558 -46.416542644 168.322964558 -46.416542644
POLYGON_POINT 168.322918531 -46.416585643 168.322918531 -46.416585643
POLYGON_POINT 168.323017692 -46.416552042 168.323053349 -46.416517627
END_WINDING
END_POLYGON
BEGIN_POLYGON 6 0 4
BEGIN_WINDING
POLYGON_POINT 168.323556532 -46.416215579 168.323556532 -46.416215579
POLYGON_POINT 168.323556532 -46.416215579 168.323592189 -46.416181164
POLYGON_POINT 168.323541716 -46.416147782 168.323541716 -46.416147782
POLYGON_POINT 168.323500068 -46.416189382 168.323500068 -46.416189382
POLYGON_POINT 168.323470275 -46.416183643 168.323470275 -46.416183643
POLYGON_POINT 168.323413546 -46.416236705 168.323413546 -46.416236705
POLYGON_POINT 168.323556532 -46.416215579 168.323592189 -46.416181164
END_WINDING
END_POLYGON
BEGIN_POLYGON 6 0 4
BEGIN_WINDING
POLYGON_POINT 168.323212652 -46.416398057 168.323212652 -46.416398057
POLYGON_POINT 168.323212652 -46.416398057 168.323248309 -46.416363642
POLYGON_POINT 168.323176995 -46.416325949 168.323176995 -46.416325949
POLYGON_POINT 168.323160356 -46.416360365 168.323160356 -46.416360365
POLYGON_POINT 168.323100928 -46.416406251 168.323100928 -46.416406251
POLYGON_POINT 168.323212652 -46.416398057 168.323248309 -46.416363642
END_WINDING
END_POLYGON
BEGIN_POLYGON 6 0 4
BEGIN_WINDING
POLYGON_POINT 168.322779991 -46.416680826 168.322779991 -46.416680826
POLYGON_POINT 168.322779991 -46.416680826 168.322815648 -46.416646411
POLYGON_POINT 168.322744334 -46.416608718 168.322744334 -46.416608718
POLYGON_POINT 168.322727695 -46.416643134 168.322727695 -46.416643134
POLYGON_POINT 168.322668267 -46.416689020 168.322668267 -46.416689020
POLYGON_POINT 168.322779991 -46.416680826 168.322815648 -46.416646411
END_WINDING
END_POLYGON
BEGIN_POLYGON 6 0 4
BEGIN_WINDING
POLYGON_POINT 168.322617430 -46.416818762 168.322617430 -46.416818762
POLYGON_POINT 168.322617430 -46.416818762 168.322653087 -46.416784347
POLYGON_POINT 168.322581773 -46.416746654 168.322581773 -46.416746654
POLYGON_POINT 168.322565134 -46.416781070 168.322565134 -46.416781070
POLYGON_POINT 168.322505706 -46.416826956 168.322505706 -46.416826956
POLYGON_POINT 168.322617430 -46.416818762 168.322653087 -46.416784347
END_WINDING
END_POLYGON
BEGIN_POLYGON 5 0 4
BEGIN_WINDING
POLYGON_POINT 168.322849054 -46.415654104 168.322849054 -46.415654104
POLYGON_POINT 168.322740379 -46.415669278 168.322704613 -46.415706265
POLYGON_POINT 168.322765141 -46.415742304 168.322765141 -46.415742304
END_WINDING
END_POLYGON
BEGIN_POLYGON 3 0 4
BEGIN_WINDING
POLYGON_POINT 168.322206741 -46.415609085 168.322206741 -46.415609085
POLYGON_POINT 168.322222706 -46.415599454 168.322222706 -46.415599454
POLYGON_POINT 168.322254637 -46.415591199 168.322254637 -46.415591199
POLYGON_POINT 168.322404313 -46.415430220 168.322404313 -46.415430220
POLYGON_POINT 168.322500106 -46.415369682 168.322603216 -46.415393760
POLYGON_POINT 168.322500106 -46.415369682 168.322500106 -46.415369682
POLYGON_POINT 168.322575942 -46.415420589 168.322575942 -46.415420589
POLYGON_POINT 168.322482145 -46.415465993 168.322482145 -46.415465993
POLYGON_POINT 168.322422274 -46.415490759 168.322422274 -46.415490759
POLYGON_POINT 168.322328478 -46.415573312 168.322328478 -46.415573312
POLYGON_POINT 168.322318499 -46.415628348 168.322318499 -46.415628348
POLYGON_POINT 168.322300538 -46.415654490 168.322300538 -46.415654490
POLYGON_POINT 168.322362404 -46.415675128 168.322362404 -46.415675128
POLYGON_POINT 168.322374378 -46.415665497 168.322374378 -46.415665497
POLYGON_POINT 168.322434249 -46.415639355 168.322434249 -46.415639355
POLYGON_POINT 168.322524054 -46.415538915 168.322524054 -46.415538915
POLYGON_POINT 168.322514076 -46.415530660 168.322514076 -46.415530660
POLYGON_POINT 168.322548002 -46.415486632 168.322548002 -46.415486632
POLYGON_POINT 168.322633817 -46.415471497 168.322637808 -46.415471497
POLYGON_POINT 168.322671735 -46.415494887 168.322671735 -46.415494887
POLYGON_POINT 168.322981065 -46.415632475 168.322981065 -46.415632475
POLYGON_POINT 168.323032953 -46.415580192 168.323032953 -46.415580192
POLYGON_POINT 168.322704331 -46.415436183 168.322674396 -46.415407519
POLYGON_POINT 168.322704331 -46.415436183 168.322704331 -46.415436183
POLYGON_POINT 168.322629825 -46.415322902 168.322629825 -46.415322902
POLYGON_POINT 168.322536028 -46.415287129 168.322536028 -46.415287129
POLYGON_POINT 168.322494119 -46.415207327 168.322494119 -46.415207327
POLYGON_POINT 168.322452210 -46.415196320 168.322452210 -46.415196320
POLYGON_POINT 168.322372382 -46.415299511 168.322372382 -46.415299511
POLYGON_POINT 168.322384357 -46.415305015 168.322384357 -46.415305015
POLYGON_POINT 168.322136571 -46.415578969 168.322136571 -46.415578969
END_WINDING
END_POLYGON
BEGIN_POLYGON 3 0 2
BEGIN_WINDING
POLYGON_POINT 168.321807594 -46.416034974
POLYGON_POINT 168.321840856 -46.416017775
POLYGON_POINT 168.321872454 -46.416004016
POLYGON_POINT 168.322115264 -46.415749478
POLYGON_POINT 168.322121916 -46.415700175
POLYGON_POINT 168.322180124 -46.415646287
POLYGON_POINT 168.322111937 -46.415611889
POLYGON_POINT 168.321751049 -46.416004016
END_WINDING
END_POLYGON
BEGIN_POLYGON 3 0 4
BEGIN_WINDING
POLYGON_POINT 168.321452510 -46.416542486 168.321452510 -46.416542486
POLYGON_POINT 168.321412596 -46.416234059 168.321612167 -46.416026530
POLYGON_POINT 168.321412596 -46.416234059 168.321412596 -46.416234059
POLYGON_POINT 168.321412596 -46.416234059 168.321440869 -46.416205395
POLYGON_POINT 168.321492425 -46.416184756 168.321492425 -46.416184756
POLYGON_POINT 168.321718605 -46.416047168 168.321830032 -46.415923338
POLYGON_POINT 168.321718605 -46.416047168 168.321718605 -46.416047168
POLYGON_POINT 168.321776813 -46.416067806 168.321776813 -46.416067806
POLYGON_POINT 168.321608841 -46.416201955 168.321510719 -46.416239792
POLYGON_POINT 168.321608841 -46.416201955 168.321608841 -46.416201955
POLYGON_POINT 168.321608841 -46.416212274 168.321608841 -46.416212274
POLYGON_POINT 168.321796770 -46.416181317 168.321836684 -46.416142334
POLYGON_POINT 168.321796770 -46.416181317 168.321796770 -46.416181317
POLYGON_POINT 168.321874935 -46.416107936 168.321874935 -46.416107936
POLYGON_POINT 168.321926491 -46.416134307 168.321926491 -46.416134307
POLYGON_POINT 168.321849989 -46.416218007 168.321849989 -46.416218007
POLYGON_POINT 168.321849989 -46.416218007 168.321801759 -46.416248964
POLYGON_POINT 168.321655407 -46.416265016 168.321655407 -46.416265016
POLYGON_POINT 168.321404281 -46.416344130 168.321354388 -46.416445028
POLYGON_POINT 168.321404281 -46.416344130 168.321404281 -46.416344130
POLYGON_POINT 168.321404281 -46.416344130 168.321356051 -46.416475986
POLYGON_POINT 168.321500740 -46.416502356 168.321500740 -46.416502356
END_WINDING
END_POLYGON
BEGIN_POLYGON 9 0 2
BEGIN_WINDING
POLYGON_POINT 168.321688975 -46.416067980
POLYGON_POINT 168.322387241 -46.415310026
POLYGON_POINT 168.322317910 -46.415278160
POLYGON_POINT 168.321622944 -46.416040667
END_WINDING
END_POLYGON
BEGIN_POLYGON 6 0 4
BEGIN_WINDING
POLYGON_POINT 168.322497468 -46.416006705 168.322497468 -46.416006705
POLYGON_POINT 168.322395252 -46.416026371 168.322369104 -46.416062425
POLYGON_POINT 168.322416646 -46.416087007 168.322416646 -46.416087007
END_WINDING
END_POLYGON
BEGIN_POLYGON 6 0 4
BEGIN_WINDING
POLYGON_POINT 168.322064806 -46.416299819 168.322064806 -46.416299819
POLYGON_POINT 168.321962590 -46.416319485 168.321936442 -46.416355539
POLYGON_POINT 168.321983984 -46.416380121 168.321983984 -46.416380121
END_WINDING
END_POLYGON
BEGIN_POLYGON 6 0 4
BEGIN_WINDING
POLYGON_POINT 168.321799707 -46.416387753 168.321799707 -46.416387753
POLYGON_POINT 168.321697491 -46.416407419 168.321671343 -46.416443473
POLYGON_POINT 168.321718885 -46.416468055 168.321718885 -46.416468055
END_WINDING
END_POLYGON
BEGIN_POLYGON 10 0 4
BEGIN_WINDING
POLYGON_POINT 168.323959482 -46.416247310 168.323959482 -46.416247310
POLYGON_POINT 168.323838976 -46.416291695 168.323791104 -46.416320147
POLYGON_POINT 168.323838976 -46.416291695 168.323838976 -46.416291695
POLYGON_POINT 168.323838976 -46.416291695 168.323827421 -46.416298523
POLYGON_POINT 168.323687105 -46.416369084 168.323687105 -46.416369084
POLYGON_POINT 168.323271112 -46.416555727 168.323271112 -46.416555727
POLYGON_POINT 168.323101083 -46.416641082 168.323054861 -46.416676362
POLYGON_POINT 168.323101083 -46.416641082 168.323101083 -46.416641082
POLYGON_POINT 168.323101083 -46.416641082 168.323038354 -46.416735542
POLYGON_POINT 168.322983878 -46.416768546 168.322983878 -46.416768546
POLYGON_POINT 168.322937657 -46.416790169 168.322937657 -46.416790169
POLYGON_POINT 168.322942609 -46.416796998 168.322942609 -46.416796998
POLYGON_POINT 168.323002037 -46.416773098 168.323002037 -46.416773098
POLYGON_POINT 168.323112638 -46.416708228 168.323112638 -46.416708228
POLYGON_POINT 168.323125844 -46.416720747 168.323125844 -46.416720747
POLYGON_POINT 168.323285969 -46.416662706 168.323285969 -46.416662706
POLYGON_POINT 168.323163812 -46.416614907 168.323163812 -46.416614907
POLYGON_POINT 168.323695359 -46.416374774 168.323695359 -46.416374774
POLYGON_POINT 168.323928117 -46.416266657 168.323969386 -46.416253000
POLYGON_POINT 168.324004053 -46.416257553 168.324004053 -46.416257553
POLYGON_POINT 168.324009005 -46.416247310 168.324009005 -46.416247310
END_WINDING
END_POLYGON
BEGIN_POLYGON 11 255 2
BEGIN_WINDING
POLYGON_POINT 168.326984343 -46.415838516
POLYGON_POINT 168.332153975 -46.419974274
POLYGON_POINT 168.332322824 -46.419898954
POLYGON_POINT 168.327217097 -46.415911149
POLYGON_POINT 168.326716578 -46.415594146
POLYGON_POINT 168.326671076 -46.415683303
END_WINDING
END_POLYGON
BEGIN_POLYGON 11 255 2
BEGIN_WINDING
POLYGON_POINT 168.329613926 -46.417543869
POLYGON_POINT 168.329731179 -46.417496319
POLYGON_POINT 168.327975850 -46.416136373
POLYGON_POINT 168.327865496 -46.416195811
END_WINDING
END_POLYGON
BEGIN_POLYGON 11 255 2
BEGIN_WINDING
POLYGON_POINT 168.326917150 -46.415435002
POLYGON_POINT 168.327799973 -46.416148260
POLYGON_POINT 168.327934467 -46.416093577
POLYGON_POINT 168.327003370 -46.415375564
POLYGON_POINT 168.326937848 -46.415413604
END_WINDING
END_POLYGON
FILTER -1
FILTER 0
FILTER -1
FILTER 0
FILTER -1
FILTER 0
FILTER -1
FILTER 0
FILTER -1
FILTER 0
OBJECT 0 168.322999247 -46.416534067 303.589996
OBJECT 0 168.323486928 -46.416184054 303.589996
OBJECT 0 168.322808432 -46.416492442 121.809998
OBJECT 0 168.323249221 -46.416128061 121.809998
OBJECT 0 168.323488909 -46.415992858 121.809998
OBJECT 1 168.323261744 -46.415632700 299.720001
OBJECT 1 168.323021984 -46.415537152 299.720001
OBJECT 1 168.322747577 -46.415430139 333.459991
OBJECT 1 168.323505662 -46.415726336 301.190002
OBJECT 1 168.323724634 -46.416098016 302.570007
OBJECT 2 168.323512679 -46.415998321 301.790009
OBJECT 2 168.323168004 -46.415849461 301.790009
OBJECT 2 168.322868508 -46.416473977 301.790009
OBJECT 2 168.323356189 -46.416123964 301.790009
OBJECT 2 168.322519871 -46.416325117 302.570007
OBJECT 2 168.323007552 -46.415975104 304.720001
OBJECT 2 168.323150176 -46.415842633 121.900002
OBJECT 2 168.322803521 -46.415693773 121.900002
OBJECT 2 168.322320413 -46.416859282 302.799988
OBJECT 2 168.321969810 -46.416704742 302.799988
OBJECT 2 168.323144073 -46.416368144 302.799988
OBJECT 2 168.322710578 -46.416656947 302.799988
OBJECT 2 168.322455482 -46.416748330 302.799988
OBJECT 2 168.322812965 -46.416206800 302.799988
OBJECT 2 168.322375299 -46.416504224 302.799988
OBJECT 2 168.322120203 -46.416595607 302.799988
OBJECT 2 168.322788837 -46.416208542 122.769997
OBJECT 2 168.322355342 -46.416497345 122.769997
OBJECT 2 168.322100246 -46.416588728 122.769997
OBJECT 2 168.322451562 -46.416054443 122.769997
OBJECT 2 168.322018067 -46.416343246 122.769997
OBJECT 2 168.321762971 -46.416434629 122.769997
OBJECT 2 168.322464246 -46.416344611 121.900002
OBJECT 2 168.322908508 -46.415977835 121.900002
OBJECT 2 168.322119083 -46.416199344 121.900002
OBJECT 2 168.322559872 -46.415828976 121.900002
OBJECT 3 168.323891289 -46.414932877 0.000000
OBJECT 4 168.322376712 -46.414930024 0.000000
OBJECT 5 168.322200531 -46.415103882 124.900002
OBJECT 5 168.322157888 -46.415083969 123.389999
OBJECT 5 168.322089608 -46.415142064 122.940002
OBJECT 5 168.322046840 -46.415146704 126.349998
OBJECT 6 168.322308492 -46.415160056 124.750000
OBJECT 6 168.322274970 -46.415187570 124.750000
OBJECT 7 168.322243044 -46.415016984 298.609985
OBJECT 8 168.321416158 -46.415172162 0.000000
OBJECT 9 168.321489588 -46.415103928 0.000000
OBJECT 9 168.321650815 -46.414986169 0.000000
OBJECT 10 168.323783337 -46.416334513 315.720001
OBJECT 10 168.323145599 -46.416624178 315.720001
OBJECT 10 168.322485350 -46.416967294 341.089996
OBJECT 10 168.321900129 -46.416758666 35.630001
OBJECT 10 168.321489974 -46.416579349 35.630001
OBJECT 10 168.321436423 -46.416338879 294.049988
OBJECT 10 168.321669347 -46.416188219 142.500000
OBJECT 10 168.321669347 -46.416188219 323.750000
OBJECT 10 168.322007908 -46.415897363 125.470001
OBJECT 10 168.322007908 -46.415897363 305.910004
OBJECT 10 168.322143522 -46.415752338 121.919998
OBJECT 10 168.322143522 -46.415752338 303.230011
OBJECT 11 168.322437066 -46.416044472 121.260002
OBJECT 11 168.322003571 -46.416333275 121.260002
OBJECT 11 168.321748475 -46.416424658 121.260002
OBJECT 11 168.322720981 -46.416659640 299.540009
OBJECT 11 168.322562728 -46.416796147 299.540009
OBJECT 11 168.323436850 -46.416417779 0.000000
OBJECT 11 168.322976578 -46.416546323 316.269989
OBJECT 11 168.323426870 -46.416227907 316.269989
OBJECT 11 168.323550604 -46.416190758 123.930000
OBJECT 11 168.323720687 -46.416107112 304.510010
OBJECT 11 168.322790240 -46.415688560 112.830002
OBJECT 12 168.322538295 -46.415585696 118.410004
OBJECT 12 168.322749644 -46.415670096 293.809998
OBJECT 11 168.322124959 -46.416170621 131.259995
OBJECT 11 168.322659276 -46.415792615 131.259995
OBJECT 10 168.322392584 -46.415478262 122.559998
OBJECT 10 168.322392584 -46.415478262 301.760010
OBJECT 13 168.321466080 -46.415527552 312.470001
OBJECT 13 168.321739409 -46.415213041 322.589996
OBJECT 13 168.322005038 -46.415040525 322.589996
OBJECT 11 168.322558522 -46.414953153 0.000000
OBJECT 14 168.319570302 -46.413048185 0.000000
OBJECT 15 168.320519749 -46.413513446 338.750000
OBJECT 15 168.320500863 -46.413487405 336.040009
OBJECT 14 168.319654303 -46.413047419 0.000000
OBJECT 14 168.319742148 -46.413063809 0.000000
OBJECT 14 168.319861119 -46.413108077 0.000000
OBJECT 14 168.320244469 -46.412858093 0.000000
OBJECT 14 168.320210478 -46.412908871 0.000000
OBJECT 14 168.320187817 -46.412957045 0.000000
OBJECT 14 168.320193482 -46.413018239 0.000000
OBJECT 14 168.320389879 -46.413320304 0.000000
OBJECT 14 168.320078286 -46.413414048 0.000000
OBJECT 14 168.320406875 -46.413911413 0.000000
OBJECT 14 168.320726025 -46.413816367 0.000000
OBJECT 14 168.320576836 -46.414154888 0.000000
OBJECT 14 168.320888434 -46.414067654 0.000000
OBJECT 12 168.322609487 -46.415237717 60.150002
OBJECT 12 168.323218041 -46.415444621 213.110001
OBJECT 12 168.323553580 -46.415566752 213.110001
OBJECT 12 168.323868278 -46.415979123 0.000000
OBJECT 12 168.323482379 -46.415836896 30.469999
OBJECT 12 168.323024519 -46.415658339 28.070000
BEGIN_POLYGON 12 5 3
BEGIN_WINDING
POLYGON_POINT 168.321281386 -46.415893031 3.000000000
POLYGON_POINT 168.321184155 -46.415995038 0.000000000
POLYGON_POINT 168.321025627 -46.416193223 0.000000000
POLYGON_POINT 168.321148972 -46.416360578 0.000000000
POLYGON_POINT 168.321358621 -46.416520731 0.000000000
POLYGON_POINT 168.321917510 -46.416780719 0.000000000
POLYGON_POINT 168.322314024 -46.416959361 0.000000000
POLYGON_POINT 168.322619374 -46.416974306 0.000000000
POLYGON_POINT 168.323139354 -46.416765920 0.000000000
END_WINDING
END_POLYGON
OBJECT 16 168.322456466 -46.415006239 330.260010
OBJECT 17 168.321115469 -46.415860955 294.779999
OBJECT 17 168.321104581 -46.415876761 294.779999
OBJECT 17 168.321094024 -46.415892351 294.779999
BEGIN_POLYGON 12 3 5
BEGIN_WINDING
POLYGON_POINT 168.326259872 -46.415023772 0.000000000 168.326259872 -46.415023772
POLYGON_POINT 168.326312673 -46.415023029 3.000000000 168.326312673 -46.415023029
POLYGON_POINT 168.326446547 -46.415022867 0.000000000 168.326446547 -46.415022867
POLYGON_POINT 168.326602907 -46.415033858 0.000000000 168.326602907 -46.415033858
POLYGON_POINT 168.327205963 -46.415503630 0.000000000 168.327205963 -46.415503630
POLYGON_POINT 168.327194215 -46.414836771 0.000000000 168.327194215 -46.414836771
POLYGON_POINT 168.328951682 -46.414805992 0.000000000 168.328951682 -46.414805992
POLYGON_POINT 168.329466413 -46.410044622 0.000000000 168.329466413 -46.410044622
POLYGON_POINT 168.329317622 -46.409790837 0.000000000 168.329305875 -46.409777338
POLYGON_POINT 168.329333284 -46.409626147 0.000000000 168.329333284 -46.409626147
POLYGON_POINT 168.324598929 -46.409611623 0.000000000 168.324598929 -46.409611623
POLYGON_POINT 168.324612525 -46.409713180 0.000000000 168.324612525 -46.409713180
POLYGON_POINT 168.324689568 -46.409752240 3.000000000 168.324689568 -46.409752240
POLYGON_POINT 168.324703164 -46.409803799 0.000000000 168.324703164 -46.409803799
POLYGON_POINT 168.324631352 -46.409868987 0.000000000 168.324631352 -46.409868987
POLYGON_POINT 168.317316882 -46.409897697 3.000000000 168.317316882 -46.409897697
POLYGON_POINT 168.317214597 -46.409898099 0.000000000 168.317214597 -46.409898099
POLYGON_POINT 168.317113624 -46.409863674 0.000000000 168.317113624 -46.409863674
POLYGON_POINT 168.316227041 -46.409863048 0.000000000 168.316227041 -46.409863048
POLYGON_POINT 168.313255877 -46.411858225 0.000000000 168.313255877 -46.411858225
POLYGON_POINT 168.312861175 -46.412214603 0.000000000 168.312861175 -46.412214603
POLYGON_POINT 168.312781306 -46.413818304 0.000000000 168.312781306 -46.413818304
POLYGON_POINT 168.309242950 -46.414994352 0.000000000 168.309242950 -46.414994352
POLYGON_POINT 168.309379231 -46.415188740 0.000000000 168.309379231 -46.415188740
POLYGON_POINT 168.309266452 -46.415302133 0.000000000 168.309266452 -46.415302133
POLYGON_POINT 168.304675022 -46.416803352 3.000000000 168.304675022 -46.416803352
POLYGON_POINT 168.304556589 -46.416834483 0.000000000 168.304556589 -46.416834483
POLYGON_POINT 168.302574814 -46.417456600 0.000000000 168.302574814 -46.417456600
POLYGON_POINT 168.302396240 -46.417408003 0.000000000 168.302396240 -46.417408003
POLYGON_POINT 168.302175371 -46.417459840 0.000000000 168.302175371 -46.417459840
POLYGON_POINT 168.298058658 -46.418801118 0.000000000 168.298058658 -46.418801118
POLYGON_POINT 168.299134811 -46.420459896 0.000000000 168.299134811 -46.420459896
POLYGON_POINT 168.303292654 -46.419115421 0.000000000 168.303292654 -46.419115421
POLYGON_POINT 168.303374895 -46.419242313 0.000000000 168.303374895 -46.419242313
POLYGON_POINT 168.303656865 -46.419328708 0.000000000 168.303656865 -46.419328708
POLYGON_POINT 168.303778269 -46.419479898 0.000000000 168.303778269 -46.419479898
POLYGON_POINT 168.306944246 -46.418445069 3.000000000 168.306944246 -46.418445069
POLYGON_POINT 168.307017662 -46.418421072 0.000000000 168.307017662 -46.418421072
POLYGON_POINT 168.309731743 -46.417533948 0.000000000 168.309731743 -46.417533948
POLYGON_POINT 168.309755240 -46.417184050 0.000000000 168.309755240 -46.417184050
POLYGON_POINT 168.313383087 -46.416009075 0.000000000 168.313383087 -46.416009075
POLYGON_POINT 168.314959311 -46.417167754 0.000000000 168.314959311 -46.417167754
POLYGON_POINT 168.320796458 -46.418647864 0.000000000 168.320796458 -46.418647864
POLYGON_POINT 168.321054277 -46.419156333 0.000000000 168.321054277 -46.419156333
POLYGON_POINT 168.321612337 -46.418958345 0.000000000 168.321612337 -46.418958345
POLYGON_POINT 168.321622127 -46.418535371 0.000000000 168.321622127 -46.418535371
POLYGON_POINT 168.325675332 -46.416861474 0.000000000 168.325675332 -46.416861474
POLYGON_POINT 168.325590484 -46.416782729 0.000000000 168.325590484 -46.416782729
POLYGON_POINT 168.325296778 -46.416688235 0.000000000 168.325296778 -46.416688235
POLYGON_POINT 168.325789546 -46.415813039 0.000000000 168.325789546 -46.415813039
POLYGON_POINT 168.325998399 -46.415851286 0.000000000 168.325998399 -46.415851286
POLYGON_POINT 168.326168093 -46.415466560 0.000000000 168.326168093 -46.415466560
END_WINDING
END_POLYGON
OBJECT_MSL 18 168.322456864 -46.415007038 5.000000000 0.000000
BEGIN_POLYGON 13 5 3
BEGIN_WINDING
POLYGON_POINT 168.322545579 -46.415161715 4.000000000
POLYGON_POINT 168.322665701 -46.415163828 9.000000000
POLYGON_POINT 168.322803220 -46.415166246 10.000000000
POLYGON_POINT 168.322945028 -46.415168700 0.000000000
POLYGON_POINT 168.322939238 -46.415070916 0.000000000
POLYGON_POINT 168.322548473 -46.415063931 9.000000000
END_WINDING
END_POLYGON
OBJECT 19 168.326535624 -46.415002267 90.000000
OBJECT 20 168.326184298 -46.414517840 89.470001
OBJECT 19 168.306997075 -46.418136033 324.690002
OBJECT 21 168.321199388 -46.416130583 123.070000
OBJECT 22 168.323581403 -46.417087160 238.779999
OBJECT 22 168.323500937 -46.416992059 238.779999
OBJECT 22 168.323406101 -46.416877145 238.779999
OBJECT 22 168.323311266 -46.416762231 238.779999
OBJECT 23 168.321279885 -46.416165142 32.389999
OBJECT 24 168.325234873 -46.415093988 270.940002
OBJECT 25 168.317875380 -46.411107801 0.000000
OBJECT 26 168.322709806 -46.414952837 1.220000
OBJECT 27 168.323444540 -46.415061791 180.960007
OBJECT 27 168.323444540 -46.414958672 180.960007
OBJECT 28 168.326131864 -46.415106595 2.600000
OBJECT 28 168.324678101 -46.415123026 2.600000
OBJECT 28 168.324103763 -46.415116276 2.600000
OBJECT 29 168.326449090 -46.415653156 105.949997
OBJECT 30 168.322069661 -46.414995033 0.000000
OBJECT 30 168.321973868 -46.415054196 0.000000
OBJECT 30 168.321898033 -46.415096849 0.000000
OBJECT 30 168.321820201 -46.415161515 90.000000
OBJECT 30 168.321752348 -46.415219302 0.000000
OBJECT 30 168.321686491 -46.415278465 0.000000
OBJECT 30 168.321646577 -46.415332125 0.000000
OBJECT 30 168.321604668 -46.415378905 0.000000
OBJECT 30 168.321568746 -46.415425685 0.000000
OBJECT 31 168.322277537 -46.415821102 0.000000
OBJECT 31 168.322541966 -46.415547072 0.000000
OBJECT 31 168.322517020 -46.415572296 0.000000
OBJECT 31 168.322492074 -46.415603254 0.000000
OBJECT 31 168.322460475 -46.415635358 0.000000
OBJECT 31 168.322420561 -46.415665169 0.000000
OBJECT 31 168.322393952 -46.415685807 0.000000
OBJECT 31 168.322375658 -46.415704152 0.000000
OBJECT 31 168.321896692 -46.416206350 0.000000
OBJECT 31 168.321933279 -46.416171953 0.000000
OBJECT 31 168.321961552 -46.416149021 0.000000
OBJECT 31 168.321988161 -46.416121504 0.000000
OBJECT 31 168.322257580 -46.415853206 0.000000
OBJECT 31 168.322225981 -46.415884164 0.000000
OBJECT 31 168.322186067 -46.415924294 0.000000
OBJECT 31 168.322149480 -46.415962130 0.000000
OBJECT 31 168.322122870 -46.415994234 0.000000
OBJECT 31 168.322092935 -46.416033218 0.000000
OBJECT 31 168.322056347 -46.416068761 0.000000
OBJECT 31 168.322016433 -46.416102012 0.000000
OBJECT 32 168.326562940 -46.415600872 116.150002
OBJECT 32 168.326557880 -46.415685760 109.650002
OBJECT 32 168.326500414 -46.415761337 145.490005
OBJECT 32 168.326569676 -46.415095994 111.300003
OBJECT 32 168.326660680 -46.415157382 248.630005
OBJECT 32 168.325902594 -46.414919017 244.179993
OBJECT 32 168.325877602 -46.415007860 6.610000
OBJECT 32 168.325881401 -46.415077410 329.660004
OBJECT 32 168.324466009 -46.415462516 259.989990
OBJECT 32 168.325899264 -46.414856477 128.949997
OBJECT 32 168.323623481 -46.415479792 267.429993
OBJECT 32 168.326770327 -46.415232272 160.960007
BEGIN_POLYGON 12 2 2
BEGIN_WINDING
POLYGON_POINT 168.322552659 -46.414958517
POLYGON_POINT 168.322474265 -46.414969604
POLYGON_POINT 168.322441098 -46.415032659
POLYGON_POINT 168.322499391 -46.415086014
POLYGON_POINT 168.322544619 -46.415097101
END_WINDING
END_POLYGON
OBJECT 33 168.323418682 -46.416388578 333.440002
OBJECT 33 168.322690153 -46.415640582 308.880005
OBJECT 33 168.322600869 -46.415594344 307.880005
OBJECT 34 168.306910835 -46.418082728 0.000000
OBJECT 34 168.306907934 -46.418086950 0.000000
OBJECT 35 168.306945268 -46.418084273 233.809998
OBJECT 36 168.307104646 -46.418002433 0.000000
OBJECT 36 168.307051176 -46.417968643 0.000000
OBJECT 36 168.307043378 -46.418018561 53.130001
OBJECT 36 168.306964843 -46.418006273 0.000000
OBJECT 37 168.306913964 -46.418009251 0.000000
OBJECT 38 168.306856254 -46.418029045 335.220001
OBJECT 39 168.322331308 -46.415754686 33.689999
BEGIN_POLYGON 13 5 3
BEGIN_WINDING
POLYGON_POINT 168.321295210 -46.415893992 0.000000000
POLYGON_POINT 168.321467617 -46.415965123 8.000000000
POLYGON_POINT 168.321530718 -46.415991157 0.000000000
POLYGON_POINT 168.321640581 -46.416036483 0.000000000
POLYGON_POINT 168.321703459 -46.415967296 4.000000000
POLYGON_POINT 168.321763691 -46.415896907 0.000000000
POLYGON_POINT 168.321910626 -46.415739343 4.000000000
POLYGON_POINT 168.322042463 -46.415594279 0.000000000
POLYGON_POINT 168.322157555 -46.415467638 4.000000000
POLYGON_POINT 168.322211695 -46.415408066 0.000000000
POLYGON_POINT 168.322320446 -46.415288404 0.000000000
POLYGON_POINT 168.322277236 -46.415269028 8.000000000
POLYGON_POINT 168.322228169 -46.415247026 0.000000000
POLYGON_POINT 168.322140274 -46.415208433 8.000000000
POLYGON_POINT 168.322077595 -46.415179507 0.000000000
POLYGON_POINT 168.322008114 -46.415148350 1.000000000
POLYGON_POINT 168.321985953 -46.415138413 1.000000000
POLYGON_POINT 168.321794495 -46.415347843 0.000000000
POLYGON_POINT 168.321719253 -46.415430610 4.000000000
POLYGON_POINT 168.321658842 -46.415497062 0.000000000
POLYGON_POINT 168.321645368 -46.415511884 0.000000000
POLYGON_POINT 168.321625508 -46.415503061 4.000000000
POLYGON_POINT 168.321553603 -46.415471119 0.000000000
POLYGON_POINT 168.321537874 -46.415464132 0.000000000
POLYGON_POINT 168.321503549 -46.415501337 0.000000000
POLYGON_POINT 168.321609780 -46.415548272 0.000000000
POLYGON_POINT 168.321587977 -46.415572233 9.000000000
POLYGON_POINT 168.321495358 -46.415675406 10.000000000
POLYGON_POINT 168.321459328 -46.415713837 8.000000000
POLYGON_POINT 168.321422955 -46.415754682 0.000000000
POLYGON_POINT 168.321356476 -46.415827179 8.000000000
POLYGON_POINT 168.321312212 -46.415875451 0.000000000
END_WINDING
END_POLYGON
FILTER -1
OBJECT_DEF lib/airport/Common_Elements/Parking_Items/Row_of_Cars_4.agp
OBJECT_DEF lib/airport/Common_Elements/Parking_Items/Row_of_Cars_6.agp
OBJECT_DEF lib/airport/Common_Elements/Parking_Items/Row_of_Cars_10.agp
OBJECT_DEF lib/airport/Common_Elements/Vehicles/forklifts/forklift_red_palette.obj
OBJECT_DEF lib/airport/Common_Elements/Vehicles/forklifts/forklift_green_palette_up.obj
OBJECT_DEF lib/airport/Ramp_Equipment/Luggage_Cart_1.obj
OBJECT_DEF lib/airport/Ramp_Equipment/Stair_Maint_1.obj
OBJECT_DEF lib/airport/Ramp_Equipment/Belt_Loader.obj
OBJECT_DEF lib/airport/Ramp_Equipment/Chocks_2.obj
OBJECT_DEF lib/airport/Ramp_Equipment/Chocks_1.obj
OBJECT_DEF lib/g10/streetlights/ResLt1V2.obj
OBJECT_DEF lib/g10/streetlights/AreaFloodMed.obj
OBJECT_DEF lib/g10/streetlights/AreaFloodSml.obj
OBJECT_DEF lib/airport/Common_Elements/Lighting/Dir_Ramp_Lit_Short.obj
OBJECT_DEF lib/airport/lights/slow/taxi_edge.obj
OBJECT_DEF lib/airport/lights/slow/MIRL_yy_inset.obj
OBJECT_DEF lib/airport/European_Airports/towers/Feuerstein_16m.obj
OBJECT_DEF lib/airport/Common_Elements/Miscellaneous/Pad_Tansformer.obj
OBJECT_DEF lib/airport/beacons/beacon_airport_big.obj
OBJECT_DEF lib/g10/US/industrial/light/SiteOffice3x10.obj
OBJECT_DEF lib/g10/US/industrial/light/SiteOffice4x14.obj
OBJECT_DEF lib/g10/US/industrial/light/FactCLoading.obj
OBJECT_DEF lib/airport/Common_Elements/Hangars/Sm_Blue_Hangar.agp
OBJECT_DEF lib/g10/US/industrial/light/FactA15x22.obj
OBJECT_DEF lib/airport/European_Airports/hangars/28x26x6_Russia.obj
OBJECT_DEF lib/g10/US/industrial/light/GateHut3x3.obj
OBJECT_DEF lib/airport/Common_Elements/Misc_Buildings/Fire_Station_Lg.agp
OBJECT_DEF lib/airport/Common_Elements/Hangars/Med_Blue_Hangar.agp
OBJECT_DEF lib/airport/European_Airports/hangars/25x20x5.obj
OBJECT_DEF lib/g10/US/suburban/dB-RnchLH.obj
OBJECT_DEF lib/airport/Ramp_Equipment/Traffic_Stalk_1.obj
OBJECT_DEF lib/airport/Common_Elements/Parking/Bollard.obj
OBJECT_DEF lib/g10/forests/autogen_tree3.obj
OBJECT_DEF lib/airport/Common_Elements/Parking/Ticket_Dispense_Station.obj
OBJECT_DEF lib/airport/Common_Elements/Miscellaneous/Barrel_Trash_Can.obj
OBJECT_DEF lib/airport/Common_Elements/Miscellaneous/Blue_Dumpster.obj
OBJECT_DEF lib/g10/US/industrial/light/MineralsPile.obj
OBJECT_DEF lib/g10/US/industrial/light/OilDrums.obj
OBJECT_DEF lib/g10/US/industrial/light/SandBunker.obj
OBJECT_DEF lib/g10/EU/suburban/carport1_6x3.obj
POLYGON_DEF lib/airport/pavement/concrete_5D.pol
POLYGON_DEF lib/airport/signs/DrapedDirSigns.pol
POLYGON_DEF lib/airport/signs/DrapedLocSigns.pol
POLYGON_DEF lib/airport/pavement/asphalt_1D.pol
POLYGON_DEF lib/airport/pavement/concrete_3L.pol
POLYGON_DEF lib/airport/pavement/concrete_2L.pol
POLYGON_DEF lib/airport/pavement/concrete_2D.pol
POLYGON_DEF lib/airport/pavement/asphalt_2D.pol
POLYGON_DEF lib/airport/pavement/asphalt_2L.pol
POLYGON_DEF lib/airport/pavement/concrete_5L.pol
POLYGON_DEF lib/airport/pavement/concrete_3D.pol
POLYGON_DEF lib/g8/broad_cld_wet.for
POLYGON_DEF lib/airport/Common_Elements/Fence_Facades/Fence.fac
POLYGON_DEF lib/airport/Modern_Airports/Terminal_kit/term_building_Ground_01.fac
PROPERTY sim/filter/aptid NZNV
PROPERTY sim/exclude_net 168.321476/-46.416964/168.325940/-46.415522
PROPERTY sim/require_agpoint 1/0
PROPERTY sim/require_object 1/0
PROPERTY sim/require_facade 1/12
PROPERTY sim/require_facade 6/0
