PROPERTY sim/west -180
PROPERTY sim/east 180
PROPERTY sim/north 90
PROPERTY sim/south -90
PROPERTY sim/planet earth
PROPERTY sim/creation_agent WorldEditor1.6.0r1
PROPERTY laminar/internal_revision 0
PROPERTY sim/overlay 1
FILTER 0
FILTER -1
FILTER 0
FILTER -1
FILTER 0
FILTER -1
FILTER 0
FILTER -1
FILTER 0
FILTER -1
FILTER 0
OBJECT 0 169.244832597 -44.723427603 326.089996
OBJECT 0 169.244800173 -44.723447983 326.089996
OBJECT 1 169.244787702 -44.723471464 55.980000
OBJECT 2 169.244772059 -44.723457148 52.820000
OBJECT 3 169.243795307 -44.722760700 138.669998
OBJECT 4 169.243373498 -44.722564838 51.099998
OBJECT 5 169.244337887 -44.724087476 126.089996
OBJECT 5 169.244092603 -44.724064744 21.629999
OBJECT 6 169.243918416 -44.724025090 23.809999
OBJECT 6 169.247880607 -44.725521514 203.520004
OBJECT 6 169.247692908 -44.725363907 117.139999
OBJECT 6 169.246577380 -44.725106280 117.169998
OBJECT 6 169.246338492 -44.725019899 116.800003
OBJECT 6 169.246099604 -44.724935034 116.750000
OBJECT 6 169.244956776 -44.724204544 140.130005
OBJECT 6 169.244799770 -44.724066680 140.130005
OBJECT 6 169.244425268 -44.723807537 139.130005
OBJECT 6 169.243789723 -44.723515644 320.299988
BEGIN_POLYGON 0 10 2
BEGIN_WINDING
POLYGON_POINT 169.244541533 -44.723203265
POLYGON_POINT 169.244143125 -44.723444805
POLYGON_POINT 169.244212555 -44.723505707
END_WINDING
END_POLYGON
OBJECT 7 169.244006367 -44.722063879 0.920000
BEGIN_POLYGON 1 10 2
BEGIN_WINDING
POLYGON_POINT 169.247790018 -44.725688528
POLYGON_POINT 169.247938140 -44.725446476
POLYGON_POINT 169.247677692 -44.725351761
END_WINDING
END_POLYGON
BEGIN_POLYGON 1 10 2
BEGIN_WINDING
POLYGON_POINT 169.246086627 -44.724912475
POLYGON_POINT 169.246773908 -44.725153474
POLYGON_POINT 169.246859819 -44.725031396
POLYGON_POINT 169.247172354 -44.725142950
POLYGON_POINT 169.247164948 -44.725166103
END_WINDING
END_POLYGON
BEGIN_POLYGON 1 10 2
BEGIN_WINDING
POLYGON_POINT 169.245487315 -44.724201925
POLYGON_POINT 169.245512001 -44.724221219
POLYGON_POINT 169.245404615 -44.724297517
POLYGON_POINT 169.245611982 -44.724477302
POLYGON_POINT 169.245657652 -44.724497473
END_WINDING
END_POLYGON
BEGIN_POLYGON 1 10 2
BEGIN_WINDING
POLYGON_POINT 169.244788743 -44.723559210
POLYGON_POINT 169.244813923 -44.723542372
POLYGON_POINT 169.244499916 -44.723286639
END_WINDING
END_POLYGON
OBJECT 8 169.245141755 -44.723178221 48.070000
OBJECT 9 169.246719054 -44.724786151 206.059998
OBJECT 10 169.243182405 -44.722779177 319.559998
OBJECT 11 169.239305519 -44.723592357 270.000000
OBJECT 11 169.239314903 -44.723652360 350.540009
OBJECT 11 169.239474414 -44.723652360 270.000000
OBJECT 11 169.239540096 -44.723732365 338.200012
OBJECT 11 169.239718373 -44.723739032 270.000000
OBJECT 11 169.239737139 -44.723832370 351.250000
OBJECT 11 169.239887268 -44.723872372 251.559998
OBJECT 11 169.239990482 -44.723859038 0.000000
OBJECT 11 169.240159376 -44.723979045 320.200012
OBJECT 11 169.240187526 -44.723919041 198.429993
OBJECT 11 169.240225058 -44.723905707 0.000000
OBJECT 11 169.240384569 -44.723985712 303.690002
OBJECT 11 169.240356420 -44.723972378 116.570000
OBJECT 11 169.240159376 -44.723912374 111.800003
OBJECT 11 169.240028014 -44.723845704 124.699997
OBJECT 11 169.239943566 -44.723792368 139.399994
OBJECT 11 169.239840353 -44.723745699 116.570000
OBJECT 11 169.239774672 -44.723719031 123.690002
OBJECT 11 169.239680841 -44.723645693 139.399994
OBJECT 11 169.239624543 -44.723612358 135.000000
OBJECT 11 169.239540096 -44.723565689 135.000000
OBJECT 11 169.239502563 -44.723552355 90.000000
OBJECT 11 169.239418116 -44.723519020 108.440002
OBJECT 11 169.239305519 -44.723579023 51.340000
OBJECT 11 169.239267987 -44.723552355 143.130005
OBJECT 11 169.239014645 -44.723512353 116.570000
OBJECT 11 169.238977113 -44.723499019 153.440002
OBJECT 11 169.238977113 -44.723459017 198.429993
OBJECT 11 169.239014645 -44.723445683 251.559998
OBJECT 11 169.239099093 -44.723459017 0.000000
OBJECT 11 169.239108476 -44.723539021 0.000000
OBJECT 11 169.238095107 -44.723139000 0.000000
OBJECT 11 169.238245236 -44.723192336 286.700012
OBJECT 11 169.238423513 -44.723265673 302.470001
OBJECT 11 169.238573642 -44.723332343 305.540009
OBJECT 11 169.238780069 -44.723359011 270.000000
OBJECT 11 169.238686239 -44.723285674 138.009995
OBJECT 11 169.238592408 -44.723252339 110.559998
OBJECT 11 169.238442279 -44.723212337 135.000000
OBJECT 11 169.238414130 -44.723185669 90.000000
OBJECT 11 169.238264002 -44.723185669 90.000000
OBJECT 11 169.238076341 -44.723152334 101.309998
OBJECT 11 169.237963744 -44.723125665 0.000000
OBJECT 11 169.237898063 -44.722985658 157.169998
OBJECT 11 169.237869914 -44.722972324 0.000000
OBJECT 11 169.237841765 -44.723012326 26.559999
OBJECT 11 169.237785466 -44.723005659 126.870003
OBJECT 11 169.237625955 -44.722925655 125.540001
OBJECT 11 169.237550890 -44.722885653 108.440002
OBJECT 11 169.237447677 -44.722858985 0.000000
OBJECT 11 169.237457060 -44.722918988 0.000000
OBJECT 11 169.237550890 -44.722938989 90.000000
OBJECT 11 169.237044206 -44.722845650 270.000000
OBJECT 11 169.237128653 -44.722825649 236.309998
OBJECT 11 169.237119270 -44.722765646 168.690002
OBJECT 11 169.237062972 -44.722752312 116.570000
OBJECT 11 169.236931609 -44.722718977 90.000000
OBJECT 11 169.236809630 -44.722658974 116.570000
OBJECT 11 169.236687650 -44.722645640 102.529999
OBJECT 11 169.236612586 -44.722632306 116.570000
OBJECT 11 169.236481223 -44.722592304 116.570000
OBJECT 11 169.236415542 -44.722578970 104.040001
OBJECT 11 169.236359244 -44.722565636 0.000000
OBJECT 11 169.238307639 -44.720793065 225.000000
OBJECT 11 169.238411890 -44.720737507 228.360001
OBJECT 11 169.238587813 -44.720686578 239.740005
OBJECT 11 169.238718126 -44.720603240 227.720001
OBJECT 11 169.238835409 -44.720543052 230.190002
OBJECT 11 169.238672517 -44.720570831 126.870003
OBJECT 11 169.238639938 -44.720524532 0.000000
OBJECT 11 169.238828893 -44.720496753 236.309998
OBJECT 11 169.238874503 -44.719371693 0.000000
OBJECT 11 169.238933144 -44.719306874 215.539993
OBJECT 11 169.239213318 -44.719223537 266.989990
OBJECT 11 169.239037395 -44.719394842 36.119999
OBJECT 11 169.238894050 -44.719580037 28.490000
OBJECT 11 169.238783283 -44.719672635 42.880001
OBJECT 11 169.238594329 -44.719695784 90.000000
OBJECT 11 169.238411890 -44.719718933 78.690002
OBJECT 11 169.238073074 -44.719806901 71.559998
OBJECT 11 169.238138231 -44.719732823 213.690002
OBJECT 11 169.238262029 -44.719630966 219.800003
OBJECT 11 169.238431437 -44.719510589 225.000000
OBJECT 11 169.238568266 -44.719404102 212.000000
OBJECT 11 169.238666001 -44.719297615 221.190002
OBJECT 11 169.238776768 -44.719228166 225.000000
OBJECT 11 169.238933144 -44.719126309 243.429993
OBJECT 11 169.239187255 -44.719163348 278.130005
OBJECT 11 169.239219834 -44.719274465 10.300000
OBJECT 11 169.239037395 -44.719362433 59.040001
OBJECT 11 169.242824795 -44.720686681 0.000000
OBJECT 11 169.243291984 -44.723047490 0.000000
OBJECT 11 169.243278408 -44.723021769 180.000000
OBJECT 11 169.243215056 -44.722979971 111.800003
OBJECT 11 169.243196956 -44.722983187 270.000000
OBJECT 11 169.252493925 -44.728926935 189.460007
OBJECT 11 169.252586244 -44.728907644 257.899994
OBJECT 11 169.252640550 -44.728888353 216.869995
OBJECT 11 169.252602536 -44.728853629 135.000000
OBJECT 11 169.252434189 -44.728807330 0.000000
OBJECT 11 169.252358161 -44.728791897 90.000000
OBJECT 11 169.252401605 -44.728726307 225.000000
OBJECT 11 169.252439619 -44.728649142 180.000000
OBJECT 11 169.252363591 -44.728645284 84.809998
OBJECT 11 169.252271272 -44.728629851 126.870003
OBJECT 11 169.252064910 -44.728460089 131.350006
OBJECT 11 169.251961730 -44.728460089 75.959999
OBJECT 11 169.252146369 -44.728533395 292.750000
OBJECT 11 169.252206105 -44.728514104 191.309998
OBJECT 11 169.252195244 -44.728471664 180.000000
OBJECT 11 169.252200674 -44.728406074 161.570007
OBJECT 11 169.252119216 -44.728433081 180.000000
OBJECT 11 169.252043188 -44.728290327 153.440002
OBJECT 11 169.251988883 -44.728321193 48.810001
OBJECT 11 169.251934577 -44.728348200 180.000000
OBJECT 11 169.251945438 -44.728309618 135.000000
OBJECT 11 169.251766229 -44.727973952 116.570000
OBJECT 11 169.251722785 -44.728008676 33.689999
OBJECT 11 169.251679340 -44.727981668 144.460007
OBJECT 11 169.251657618 -44.727946944 116.570000
OBJECT 11 169.251603313 -44.727892929 139.399994
OBJECT 11 169.251554438 -44.727838914 153.440002
OBJECT 11 169.251549007 -44.727912220 0.000000
OBJECT 11 169.251315493 -44.727561121 0.000000
OBJECT 11 169.251244896 -44.727561121 0.000000
OBJECT 11 169.243906571 -44.723784378 0.000000
OBJECT 11 169.243892996 -44.723867973 0.000000
OBJECT 11 169.243870370 -44.723893694 0.000000
OBJECT 11 169.243784392 -44.723871188 135.000000
OBJECT 11 169.243807018 -44.723835821 270.000000
OBJECT 11 169.243829643 -44.723806884 0.000000
OBJECT 11 169.241265535 -44.722918687 8.130000
OBJECT 11 169.241256108 -44.722927618 14.040000
OBJECT 11 169.241252965 -44.722941015 14.040000
OBJECT 11 169.241246681 -44.722961110 45.000000
OBJECT 11 169.240633901 -44.723220111 212.470001
OBJECT 11 169.240668468 -44.723204482 0.000000
OBJECT 11 169.240699893 -44.723188852 237.990005
OBJECT 11 169.240753314 -44.723157594 231.339996
OBJECT 11 169.240794166 -44.723128567 228.809998
OBJECT 11 169.240841303 -44.723086145 215.539993
OBJECT 11 169.240875870 -44.723068283 243.429993
OBJECT 11 169.240926150 -44.723041489 225.000000
OBJECT 11 169.240954432 -44.723023627 225.000000
OBJECT 11 169.240988999 -44.723001299 225.000000
OBJECT 11 169.241010996 -44.722970041 200.559998
OBJECT 11 169.241045563 -44.722945480 225.000000
OBJECT 11 169.241105270 -44.722920920 0.000000
OBJECT 11 169.239855830 -44.723265660 350.540009
OBJECT 11 169.239923706 -44.723281736 239.039993
OBJECT 11 169.240108482 -44.723335322 322.130005
OBJECT 11 169.240127337 -44.723362116 270.000000
OBJECT 11 169.240210297 -44.723375512 279.459991
OBJECT 11 169.240330967 -44.723289774 225.000000
OBJECT 11 169.240361135 -44.723249584 209.740005
OBJECT 11 169.240376218 -44.723228149 243.429993
OBJECT 11 169.240417699 -44.723204035 236.309998
OBJECT 11 169.240466721 -44.723171883 225.000000
OBJECT 11 169.239629585 -44.722997727 123.690002
OBJECT 11 169.239580563 -44.722987010 105.949997
OBJECT 11 169.239550396 -44.722976292 135.000000
OBJECT 11 169.239482520 -44.722938782 127.879997
OBJECT 11 169.239433499 -44.722941461 82.870003
OBJECT 11 169.239369394 -44.722917347 135.000000
OBJECT 11 169.239324144 -44.722866440 149.039993
OBJECT 11 169.239263809 -44.722812853 132.509995
OBJECT 11 169.239203475 -44.722828929 83.660004
OBJECT 11 169.238864097 -44.722574393 116.570000
OBJECT 11 169.238830159 -44.722552959 153.440002
OBJECT 11 169.238788679 -44.722523486 126.870003
OBJECT 11 169.238652928 -44.722566355 348.690002
OBJECT 11 169.238694407 -44.722542241 228.369995
OBJECT 11 169.239112974 -44.722263591 0.000000
OBJECT 11 169.239079037 -44.722212684 108.440002
OBJECT 11 169.239448582 -44.722215363 116.570000
OBJECT 11 169.239365623 -44.722175174 129.809998
OBJECT 11 169.239282664 -44.722151060 105.949997
OBJECT 11 169.239282664 -44.722076038 0.000000
OBJECT 11 169.239674835 -44.721861692 33.689999
OBJECT 11 169.239655981 -44.721909920 11.310000
OBJECT 11 169.239618272 -44.721979583 0.000000
OBJECT 11 169.239588105 -44.722059962 143.130005
OBJECT 11 169.239531542 -44.722009055 146.309998
OBJECT 11 169.239474979 -44.721947431 225.000000
OBJECT 11 169.239512687 -44.721920637 225.000000
OBJECT 11 169.239557938 -44.721899203 236.309998
OBJECT 11 169.239622043 -44.721842937 214.509995
OBJECT 11 169.239655981 -44.721813464 225.000000
OBJECT 11 169.239746482 -44.721757198 231.710007
OBJECT 11 169.239795503 -44.721735764 243.429993
OBJECT 11 169.239836983 -44.721717009 236.309998
OBJECT 11 169.239870921 -44.721684857 213.690002
OBJECT 11 169.239908629 -44.721652705 218.660004
OBJECT 11 169.239965193 -44.721607156 198.429993
OBJECT 11 169.239999130 -44.721566966 216.869995
OBJECT 11 169.240067006 -44.721526776 225.000000
OBJECT 11 169.240134882 -44.721486586 206.559998
OBJECT 11 169.240176362 -44.721443717 180.000000
OBJECT 11 169.240002383 -44.722460671 257.910004
OBJECT 11 169.240039045 -44.722482998 329.739990
OBJECT 11 169.240133318 -44.722507187 279.459991
OBJECT 11 169.240164742 -44.722492302 236.309998
OBJECT 11 169.240245922 -44.722466253 237.529999
OBJECT 11 169.240240685 -44.722436482 168.690002
OBJECT 11 169.240204023 -44.722391827 122.010002
OBJECT 11 169.240151649 -44.722375081 108.440002
OBJECT 11 169.240078325 -44.722336008 116.570000
OBJECT 11 169.240036426 -44.722345311 63.430000
OBJECT 11 169.239994527 -44.722393688 28.299999
OBJECT 11 169.239952628 -44.722406712 90.000000
OBJECT 11 169.239915966 -44.722432761 135.000000
OBJECT 9 169.240701749 -44.721694348 226.690002
OBJECT 12 169.245911852 -44.724462458 206.520004
OBJECT 13 169.247184907 -44.725065520 295.910004
OBJECT 9 169.247456692 -44.725249371 206.970001
OBJECT 14 169.245566711 -44.724295823 226.229996
BEGIN_POLYGON 2 10 3
BEGIN_WINDING
POLYGON_POINT 169.244681238 -44.723987586 2.000000000
POLYGON_POINT 169.245125523 -44.723719457 2.000000000
POLYGON_POINT 169.244875221 -44.723520272 2.000000000
POLYGON_POINT 169.244432306 -44.723786122 2.000000000
POLYGON_POINT 169.244479220 -44.723824090 1.000000000
POLYGON_POINT 169.244580125 -44.723905754 2.000000000
END_WINDING
END_POLYGON
OBJECT 15 169.245334134 -44.724045033 229.399994
OBJECT 16 169.244180143 -44.723476251 139.610001
OBJECT 17 169.244075718 -44.724073507 206.460007
OBJECT 12 169.244210240 -44.722947173 228.910004
OBJECT 18 169.242502931 -44.723845926 24.650000
OBJECT 18 169.242383208 -44.723808239 24.650000
OBJECT 18 169.242810576 -44.723944988 24.650000
OBJECT 18 169.242074048 -44.723708100 24.650000
OBJECT 19 169.241828485 -44.723633727 206.199997
OBJECT 9 169.241334490 -44.723448853 206.940002
OBJECT 19 169.243104187 -44.721855785 315.440002
OBJECT 19 169.242826607 -44.722058595 314.589996
OBJECT 19 169.242564738 -44.722229774 315.799988
OBJECT 19 169.242310726 -44.722371183 315.369995
OBJECT 19 169.241988626 -44.722507010 316.329987
OBJECT 19 169.241781749 -44.722717263 316.410004
OBJECT 19 169.241532971 -44.722936819 315.390015
OBJECT 20 169.241013090 -44.722721159 44.200001
OBJECT 21 169.241621479 -44.720716597 46.880001
OBJECT 22 169.241063865 -44.722247625 136.539993
OBJECT 22 169.241063865 -44.722247625 316.600006
BEGIN_POLYGON 2 10 3
BEGIN_WINDING
POLYGON_POINT 169.240549729 -44.723132365 2.000000000
POLYGON_POINT 169.241191313 -44.722682709 2.000000000
POLYGON_POINT 169.241018915 -44.722564869 2.000000000
POLYGON_POINT 169.240922896 -44.722626890 2.000000000
POLYGON_POINT 169.240861792 -44.722588127 2.000000000
POLYGON_POINT 169.240316226 -44.722963357 2.000000000
END_WINDING
END_POLYGON
BEGIN_POLYGON 2 10 3
BEGIN_WINDING
POLYGON_POINT 169.239362463 -44.722663895 2.000000000
POLYGON_POINT 169.239975676 -44.722837555 2.000000000
POLYGON_POINT 169.240014229 -44.722772691 2.000000000
POLYGON_POINT 169.240237098 -44.722831962 1.000000000
POLYGON_POINT 169.240303014 -44.722694906 2.000000000
POLYGON_POINT 169.240180808 -44.722662345 2.000000000
POLYGON_POINT 169.240222271 -44.722591020 2.000000000
POLYGON_POINT 169.239499945 -44.722408057 2.000000000
END_WINDING
END_POLYGON
OBJECT 23 169.245240181 -44.723110445 137.679993
OBJECT 24 169.244423683 -44.723214220 9.780000
OBJECT 25 169.244834091 -44.723474396 231.339996
OBJECT 26 169.242458231 -44.722273073 133.449997
OBJECT 27 169.241882951 -44.722694153 75.959999
OBJECT 27 169.241745847 -44.722829278 0.000000
OBJECT 28 169.244408736 -44.723220526 2.050000
OBJECT 29 169.243129084 -44.721065507 317.450012
OBJECT 30 169.244779763 -44.723546195 18.920000
OBJECT 31 169.241038838 -44.723340319 27.219999
OBJECT 31 169.242648221 -44.723759311 24.770000
OBJECT 31 169.242236661 -44.723637105 22.010000
OBJECT 31 169.241634898 -44.722789613 135.000000
OBJECT 31 169.241842852 -44.722596393 139.160004
OBJECT 31 169.242132565 -44.722436008 133.929993
OBJECT 31 169.242392062 -44.722279411 134.479996
OBJECT 31 169.242651558 -44.722134180 133.570007
OBJECT 31 169.242932381 -44.721942223 137.339996
OBJECT 31 169.247668318 -44.725333977 25.590000
OBJECT 31 169.247235269 -44.725018258 29.049999
OBJECT 31 169.246948284 -44.724904248 28.440001
OBJECT 31 169.246250882 -44.724673305 24.379999
OBJECT 31 169.245635771 -44.724476711 25.530001
OBJECT 31 169.245482509 -44.724211420 49.400002
OBJECT 31 169.245108098 -44.723895700 50.189999
OBJECT 31 169.245129699 -44.723728340 50.330002
OBJECT 31 169.245219247 -44.723128706 229.089996
OBJECT 31 169.244767077 -44.723486353 48.500000
OBJECT 31 169.244400225 -44.723245396 50.009998
OBJECT 31 169.243950191 -44.722889265 49.639999
OBJECT 31 169.243768897 -44.722727112 50.529999
FILTER -1
OBJECT_DEF lib/cars/car.obj
OBJECT_DEF lib/airport/Ramp_Equipment/Cargo_Palette_2.obj
OBJECT_DEF lib/airport/Ramp_Equipment/Cargo_Palette_1.obj
OBJECT_DEF lib/airport/Common_Elements/Vehicles/Cargo_Truck.obj
OBJECT_DEF lib/airport/Ramp_Equipment/Cargo_Container_6.obj
OBJECT_DEF lib/airport/Common_Elements/Parking_Items/Row_of_Cars_4.agp
OBJECT_DEF lib/airport/Common_Elements/Parking_Items/Row_of_Cars_6.agp
OBJECT_DEF lib/airport/beacons/beacon_airport.obj
OBJECT_DEF lib/airport/Common_Elements/Fueling_Stations/Small_Fuel_Station.obj
OBJECT_DEF lib/airport/Common_Elements/Hangars/Med_Gray_Hangar.agp
OBJECT_DEF lib/g10/US/industrial/light/StorSq2.obj
OBJECT_DEF lib/g10/forests/autogen_tree3.obj
OBJECT_DEF lib/airport/Common_Elements/Hangars/FBO_Modern1.agp
OBJECT_DEF lib/g10/US/industrial/light/Shed13x24.obj
OBJECT_DEF lib/g10/US/suburban/dU-RnchLHGry.obj
OBJECT_DEF lib/airport/Common_Elements/Hangars/Med_Blue_Hangar.agp
OBJECT_DEF lib/airport/Common_Elements/Misc_Buildings/Small_Office_3.agp
OBJECT_DEF lib/airport/Common_Elements/Misc_Buildings/Med_Office_1.agp
OBJECT_DEF lib/g10/US/industrial/light/TinShed10x30Lt.obj
OBJECT_DEF lib/airport/Common_Elements/Hangars/Sm_Gray_Hangar.agp
OBJECT_DEF lib/airport/Vintage_Airports/Hangars/Corrugated_Row.agp
OBJECT_DEF lib/airport/Common_Elements/Miscellaneous/Hangar_Construct.agp
OBJECT_DEF lib/g10/US/industrial/light/StorWd1p0.obj
OBJECT_DEF lib/airport/Common_Elements/Miscellaneous/Water_Tank_Elev.obj
OBJECT_DEF lib/airport/Common_Elements/Miscellaneous/Stack_of_Cones.obj
OBJECT_DEF lib/airport/Common_Elements/Miscellaneous/Sm_Propane_Tank.obj
OBJECT_DEF lib/airport/Common_Elements/Miscellaneous/Porta_Potty_1.obj
OBJECT_DEF lib/airport/Common_Elements/Miscellaneous/Picnic_Table.obj
OBJECT_DEF lib/airport/Common_Elements/Miscellaneous/Flagpole.obj
OBJECT_DEF lib/airport/Common_Elements/Miscellaneous/Const_Trailer.agp
OBJECT_DEF lib/airport/Common_Elements/Miscellaneous/Barrel_Trash_Can.obj
OBJECT_DEF lib/airport/Common_Elements/Lighting/Dir_Flood_Sm.obj
POLYGON_DEF lib/airport/Ramp_Equipment/Covered_Walkway.fac
POLYGON_DEF lib/airport/Common_Elements/Fence_Facades/Fence.fac
POLYGON_DEF lib/airport/Common_Elements/Misc_Buildings/White_Office.fac
PROPERTY sim/filter/aptid NZWF
PROPERTY sim/require_agpoint 1/0
PROPERTY sim/require_object 1/0
PROPERTY sim/require_facade 1/0
