PROPERTY sim/west -180
PROPERTY sim/east 180
PROPERTY sim/north 90
PROPERTY sim/south -90
PROPERTY sim/planet earth
PROPERTY sim/creation_agent WorldEditor1.6.0r1
PROPERTY laminar/internal_revision 0
PROPERTY sim/overlay 1
FILTER 0
FILTER -1
FILTER 0
FILTER -1
FILTER 0
FILTER -1
FILTER 0
FILTER -1
FILTER 0
FILTER -1
FILTER 0
BEGIN_POLYGON 0 10 2
BEGIN_WINDING
POLYGON_POINT 171.578392272 -41.739680850
POLYGON_POINT 171.578452519 -41.739657436
POLYGON_POINT 171.578405451 -41.739604520
POLYGON_POINT 171.578467581 -41.739579233
END_WINDING
END_POLYGON
OBJECT 0 171.579851659 -41.741120050 148.393036
OBJECT 1 171.578446179 -41.739732078 90.000000
OBJECT 1 171.578457475 -41.739747999 0.000000
OBJECT 2 171.578206045 -41.739750996 240.642136
OBJECT 3 171.579630544 -41.740748386 270.000000
OBJECT 3 171.579607770 -41.740708735 126.027565
OBJECT 3 171.579564392 -41.740695788 75.963661
OBJECT 3 171.579529689 -41.740667467 151.699402
OBJECT 4 171.578431237 -41.739712441 60.595268
OBJECT 5 171.578368341 -41.739843154 56.309704
OBJECT 6 171.579515761 -41.740683258 223.491745
OBJECT 7 171.578212279 -41.739923833 122.735352
OBJECT 8 171.579335611 -41.740472040 21.405684
OBJECT 9 171.579504032 -41.740574722 112.833870
OBJECT 10 171.579508716 -41.740535104 0.000000
OBJECT 11 171.578114042 -41.739859410 241.313782
OBJECT 12 171.579499858 -41.742366629 180.000000
OBJECT 12 171.579096994 -41.742553012 153.436707
OBJECT 12 171.579056708 -41.742492889 144.464386
OBJECT 12 171.578976135 -41.742396691 149.038132
OBJECT 12 171.578968078 -41.742324543 0.000000
OBJECT 12 171.579008364 -41.742408716 180.000000
OBJECT 12 171.579153395 -41.742312518 233.128082
OBJECT 12 171.579145338 -41.742336567 14.035252
OBJECT 12 171.579113109 -41.742456814 0.000000
OBJECT 12 171.579362884 -41.741903678 194.035339
OBJECT 12 171.579378999 -41.741873616 180.000000
OBJECT 12 171.575201382 -41.740618912 64.653091
OBJECT 12 171.574977566 -41.740706592 58.391617
OBJECT 12 171.574882444 -41.740752520 51.339211
OBJECT 12 171.574943993 -41.740869427 335.773041
OBJECT 12 171.574994352 -41.740919529 0.000000
OBJECT 12 171.569023958 -41.742662806 60.254108
OBJECT 12 171.568959497 -41.742704893 39.804401
OBJECT 12 171.568725828 -41.742825140 55.711964
OBJECT 12 171.568540503 -41.742927350 54.161121
OBJECT 12 171.568435755 -41.742969436 54.461082
OBJECT 12 171.568306833 -41.743041584 54.461052
OBJECT 12 171.568137624 -41.743197906 19.439150
OBJECT 12 171.568177912 -41.743318153 343.301575
OBJECT 12 171.568185970 -41.743438400 354.805847
OBJECT 12 171.570788569 -41.741718867 60.254471
OBJECT 12 171.570716051 -41.741742916 66.800858
OBJECT 12 171.570571014 -41.741791015 66.370049
OBJECT 12 171.570458208 -41.741845126 59.035530
OBJECT 12 171.570369575 -41.741881200 60.254410
OBJECT 12 171.570297056 -41.741929299 48.813236
OBJECT 12 171.570208423 -41.741965373 65.555397
OBJECT 12 171.570087559 -41.742031509 53.129246
OBJECT 12 171.570031156 -41.742049546 68.197968
OBJECT 12 171.569966695 -41.742097645 26.564316
OBJECT 12 171.569966695 -41.742127707 0.000000
OBJECT 12 171.572343653 -41.742205867 180.000000
OBJECT 12 171.572246960 -41.742067583 145.305145
OBJECT 12 171.572126094 -41.741929299 124.992256
OBJECT 12 171.572085805 -41.742001447 14.036108
OBJECT 12 171.572085805 -41.742055559 0.000000
OBJECT 12 171.572118036 -41.742127707 340.017120
OBJECT 12 171.572206671 -41.742229917 0.000000
OBJECT 12 171.572303364 -41.742740967 0.000000
OBJECT 12 171.572134151 -41.742783053 67.619415
OBJECT 12 171.572013285 -41.742795078 81.869720
OBJECT 12 171.572053574 -41.742849189 330.945953
OBJECT 12 171.572778771 -41.743125757 11.309629
OBJECT 12 171.572698194 -41.743155819 63.434307
OBJECT 12 171.572537039 -41.743209930 58.391762
OBJECT 12 171.572375884 -41.743270054 62.102024
OBJECT 12 171.572279191 -41.743330177 48.365585
OBJECT 12 171.572134151 -41.743372264 59.035450
OBJECT 12 171.572085805 -41.743438400 28.609680
OBJECT 12 171.572085805 -41.743492511 296.565826
OBJECT 12 171.571417012 -41.743654844 68.197884
OBJECT 12 171.571296146 -41.743714968 57.527855
OBJECT 12 171.571553994 -41.743678894 250.345520
OBJECT 12 171.571529820 -41.743720980 35.536682
OBJECT 12 171.571183337 -41.743841227 44.998894
OBJECT 12 171.571239741 -41.743799141 198.434296
OBJECT 12 171.571271972 -41.743702943 135.001053
OBJECT 12 171.570570948 -41.744081721 90.000000
OBJECT 12 171.570530659 -41.744075709 101.310402
OBJECT 12 171.570474255 -41.744069697 90.000000
OBJECT 12 171.571078586 -41.744466512 224.998611
OBJECT 12 171.571215568 -41.744370314 222.509109
OBJECT 12 171.571562051 -41.744189944 235.783127
OBJECT 12 171.571900477 -41.744057672 247.750137
OBJECT 12 171.572319480 -41.743931413 238.670288
OBJECT 12 171.572528981 -41.743835215 224.998901
OBJECT 12 171.572786829 -41.743684906 235.174530
OBJECT 12 171.573020504 -41.743612758 236.309006
OBJECT 12 171.573326698 -41.743444412 233.971741
OBJECT 12 171.573503969 -41.743378276 180.000000
OBJECT 12 171.573942660 -41.743447585 270.000000
OBJECT 12 171.573981829 -41.743422534 251.564133
OBJECT 12 171.574116122 -41.743401657 0.000000
OBJECT 12 171.574043380 -41.743560317 2.726160
OBJECT 12 171.574211246 -41.743556142 266.423462
OBJECT 12 171.574530192 -41.743585368 272.121216
OBJECT 12 171.574994622 -41.743551966 261.633667
OBJECT 12 171.575078555 -41.743572843 44.998405
OBJECT 12 171.574893902 -41.743689749 54.460766
OBJECT 12 171.574658889 -41.743718976 95.194725
OBJECT 12 171.574474237 -41.743689749 98.130562
OBJECT 12 171.574289584 -41.743714801 75.962975
OBJECT 12 171.574177673 -41.743744028 68.961372
OBJECT 12 171.573875514 -41.743789955 90.000000
OBJECT 12 171.573825154 -41.743727327 188.129639
OBJECT 12 171.573886705 -41.743614595 198.433975
OBJECT 12 171.573925874 -41.743497688 169.695709
OBJECT 12 171.573892300 -41.743268050 191.309372
OBJECT 12 171.574032189 -41.743301452 285.255859
OBJECT 12 171.574311966 -41.743401657 293.750610
OBJECT 12 171.574647698 -41.743455936 280.539734
OBJECT 12 171.574916284 -41.743506039 275.710907
OBJECT 12 171.575190466 -41.743497688 274.398956
OBJECT 12 171.574530192 -41.742858876 47.488281
OBJECT 12 171.574491023 -41.742863051 146.311111
OBJECT 12 171.574082549 -41.741518622 0.000000
OBJECT 12 171.574166482 -41.741623003 327.995270
OBJECT 12 171.574244819 -41.741689807 327.529480
OBJECT 12 171.574328753 -41.741802539 335.772858
OBJECT 12 171.574423877 -41.741948672 338.199188
OBJECT 12 171.574435068 -41.742007126 15.944922
OBJECT 12 171.575134510 -41.742011301 270.000000
OBJECT 12 171.575224039 -41.741906920 180.000000
OBJECT 12 171.575123319 -41.741802539 146.310669
OBJECT 12 171.575022600 -41.741664756 141.843491
OBJECT 12 171.574877116 -41.741606302 108.435379
OBJECT 12 171.575106546 -41.740854758 251.564590
OBJECT 12 171.575268814 -41.740712800 217.874283
OBJECT 12 171.575559778 -41.740453935 212.904694
OBJECT 12 171.575805979 -41.740307801 248.198227
OBJECT 12 171.576147302 -41.740470636 306.870483
OBJECT 12 171.576225638 -41.740629295 358.090881
OBJECT 12 171.576164088 -41.740796305 14.035889
OBJECT 12 171.576091347 -41.740950789 23.197994
OBJECT 12 171.575906697 -41.741088572 56.887848
OBJECT 12 171.575705260 -41.741155376 85.914253
OBJECT 12 171.575335960 -41.741055170 116.565750
OBJECT 12 171.574871536 -41.740892335 123.232445
OBJECT 12 171.574804391 -41.740754552 184.085510
OBJECT 12 171.574888323 -41.740654347 214.694504
OBJECT 12 171.575112141 -41.740570842 242.446655
OBJECT 12 171.575335960 -41.740504038 247.165894
OBJECT 12 171.575554183 -41.740353729 224.999451
OBJECT 12 171.575688474 -41.740345378 0.000000
OBJECT 12 171.575733238 -41.740650171 0.000000
OBJECT 12 171.575638115 -41.741410066 0.000000
OBJECT 12 171.575805979 -41.741510272 307.185730
OBJECT 12 171.576136111 -41.741485220 205.200302
OBJECT 12 171.576550175 -41.741347437 267.954529
OBJECT 12 171.576550175 -41.741506096 1.909081
OBJECT 12 171.576566962 -41.741714859 0.000000
OBJECT 12 171.578849910 -41.742232589 270.000000
OBJECT 12 171.578782765 -41.742136558 153.436035
OBJECT 12 171.578682046 -41.741969549 154.799866
OBJECT 12 171.578631687 -41.741873518 152.103745
OBJECT 12 171.578570137 -41.741777487 153.435898
OBJECT 12 171.578469419 -41.741643879 143.131195
OBJECT 12 171.578340723 -41.741430942 152.448044
OBJECT 12 171.578251196 -41.741314035 153.435730
OBJECT 12 171.578105714 -41.741130324 150.461990
OBJECT 12 171.577971423 -41.740942438 152.021210
OBJECT 12 171.577870704 -41.740754552 160.906967
OBJECT 12 171.577786772 -41.740608419 160.710373
OBJECT 12 171.577714031 -41.740487337 154.537140
OBJECT 12 171.577562954 -41.740328677 141.340729
OBJECT 12 171.577467831 -41.740207595 157.620209
OBJECT 12 171.577400686 -41.740132441 139.399155
OBJECT 12 171.577238417 -41.739948730 147.095093
OBJECT 12 171.577221631 -41.739911153 0.000000
OBJECT 13 171.576210870 -41.741471692 270.000000
OBJECT 13 171.576235043 -41.741453655 206.564362
OBJECT 13 171.576428423 -41.741267272 229.084839
OBJECT 13 171.576541228 -41.741351445 333.435608
OBJECT 13 171.576549286 -41.741676112 1.123265
OBJECT 13 171.576492883 -41.741706174 116.565834
OBJECT 13 171.576299503 -41.741615989 120.580048
OBJECT 13 171.576162525 -41.741495742 135.000885
OBJECT 13 171.575864397 -41.741441631 99.162621
OBJECT 13 171.575630729 -41.741339421 161.565536
OBJECT 13 171.575840224 -41.741357458 282.095093
OBJECT 13 171.576114180 -41.741333408 259.215393
OBJECT 13 171.576170582 -41.741303347 213.689331
OBJECT 13 171.576259215 -41.741207149 224.999237
OBJECT 13 171.576460653 -41.741135001 266.185822
OBJECT 13 171.576549286 -41.741141013 258.689789
OBJECT 13 171.576589573 -41.741141013 270.000000
OBJECT 13 171.576694321 -41.741195124 323.130829
OBJECT 13 171.576766839 -41.741279297 327.995331
OBJECT 13 171.576726551 -41.741387519 21.036951
OBJECT 13 171.576718494 -41.741555865 0.000000
OBJECT 13 171.576791011 -41.741634026 291.802063
OBJECT 13 171.576863529 -41.741730224 0.000000
OBJECT 13 171.576847414 -41.741766298 21.800716
OBJECT 13 171.576662091 -41.741898569 51.708801
OBJECT 13 171.576589573 -41.741916606 90.000000
OBJECT 13 171.576436481 -41.741844458 120.964676
OBJECT 13 171.576299503 -41.741772310 125.538635
OBJECT 13 171.576146410 -41.741682125 129.290359
OBJECT 13 171.576049720 -41.741652063 90.000000
OBJECT 13 171.575816052 -41.741567890 126.028244
OBJECT 13 171.575751592 -41.741495742 146.310745
OBJECT 13 171.575606556 -41.741411569 126.870712
OBJECT 13 171.575517924 -41.741375495 116.565720
OBJECT 13 171.575469578 -41.741351445 135.000824
OBJECT 13 171.575437348 -41.741273285 0.000000
OBJECT 13 171.588111367 -41.733468845 333.435364
OBJECT 13 171.588111367 -41.733602453 0.000000
OBJECT 13 171.588105772 -41.733711009 2.862341
OBJECT 13 171.588111367 -41.733844617 357.397491
OBJECT 13 171.588122557 -41.733903070 0.000000
OBJECT 13 171.588016258 -41.733756937 10.619628
OBJECT 13 171.588010663 -41.733861318 3.576319
OBJECT 13 171.588038638 -41.734015802 340.346283
OBJECT 13 171.588111373 -41.734082606 323.746368
OBJECT 13 171.588178513 -41.734182812 345.068726
OBJECT 13 171.588189703 -41.734312244 2.602533
OBJECT 13 171.588161728 -41.734437502 10.784158
OBJECT 13 171.588156133 -41.734596161 1.847581
OBJECT 13 171.588167323 -41.734754820 357.614105
OBJECT 13 171.588150538 -41.734921830 4.398614
OBJECT 13 171.588128158 -41.735072139 2.385889
OBJECT 13 171.588139348 -41.735184870 356.820251
OBJECT 13 171.588150538 -41.735285076 356.820251
OBJECT 13 171.588150538 -41.735468787 0.000000
OBJECT 13 171.588156133 -41.735614921 356.987305
OBJECT 13 171.588150538 -41.735719302 7.124782
OBJECT 13 171.588133753 -41.735844559 6.709603
OBJECT 13 171.588094618 -41.736007394 7.124969
OBJECT 13 171.588055452 -41.736111775 14.620758
OBJECT 13 171.588044261 -41.736203630 0.000000
OBJECT 13 171.588038666 -41.736320537 0.000000
OBJECT 13 171.588033071 -41.736445794 2.290579
OBJECT 13 171.588027476 -41.736508423 6.340101
OBJECT 13 171.588038666 -41.736667082 356.820221
OBJECT 13 171.588044261 -41.736742237 355.236450
OBJECT 13 171.588010690 -41.736934298 7.594485
OBJECT 13 171.587988310 -41.737055380 6.008869
OBJECT 13 171.587977119 -41.737143060 4.085518
OBJECT 13 171.587937953 -41.737234916 19.653357
OBJECT 13 171.587921168 -41.737314245 4.763514
OBJECT 13 171.587909978 -41.737414451 7.124815
OBJECT 13 171.587865216 -41.737472905 37.874165
OBJECT 13 171.587831645 -41.737518832 18.434431
OBJECT 13 171.587831645 -41.737593987 0.000000
OBJECT 13 171.587831645 -41.737702543 0.000000
OBJECT 13 171.587831645 -41.737748471 0.000000
OBJECT 13 171.577229340 -41.743540971 247.618347
OBJECT 13 171.577507804 -41.743471709 254.053482
OBJECT 13 171.577948706 -41.743437078 264.559265
OBJECT 13 171.576045866 -41.743350500 0.000000
OBJECT 13 171.575790607 -41.743411104 70.708649
OBJECT 13 171.575732594 -41.743471709 0.000000
OBJECT 13 171.575500540 -41.742744455 180.000000
OBJECT 13 171.575465732 -41.742770428 44.998188
OBJECT 13 171.575384513 -41.742796402 66.800087
OBJECT 13 171.575117652 -41.742857006 63.433468
OBJECT 13 171.574757969 -41.742848348 33.688362
OBJECT 13 171.574607134 -41.742926268 26.563547
OBJECT 13 171.574549120 -41.743012846 56.308159
OBJECT 13 171.573586098 -41.742770428 64.981720
OBJECT 13 171.573168401 -41.742865664 72.348801
OBJECT 13 171.572773910 -41.742718481 265.236053
OBJECT 13 171.572982759 -41.742657877 250.015762
OBJECT 13 171.573180004 -41.742528010 224.998291
OBJECT 13 171.573458468 -41.742406801 239.034790
OBJECT 13 171.573551290 -41.742346197 243.433655
OBJECT 13 171.574479504 -41.742025859 0.000000
OBJECT 13 171.574398286 -41.741852703 156.371658
OBJECT 13 171.574340272 -41.741792098 135.001373
OBJECT 13 171.574154629 -41.741558338 154.984085
OBJECT 13 171.574189437 -41.741618942 336.802338
OBJECT 13 171.573992192 -41.741662231 94.763863
OBJECT 13 171.573980589 -41.741575654 180.000000
OBJECT 13 171.575396116 -41.741861361 0.000000
OBJECT 13 171.575361308 -41.741835387 135.001389
OBJECT 13 171.575210473 -41.741757467 122.006607
OBJECT 13 171.574955214 -41.741601627 123.691261
OBJECT 13 171.574908803 -41.741610285 63.433914
OBJECT 13 171.574897201 -41.741653574 0.000000
OBJECT 13 171.574862393 -41.741714178 18.434145
OBJECT 13 171.574873995 -41.741826729 352.875336
OBJECT 13 171.574943612 -41.741887334 319.400116
OBJECT 13 171.575024830 -41.741999885 326.311279
OBJECT 13 171.575198871 -41.742069147 315.001495
OBJECT 13 171.575036433 -41.742017201 108.435837
OBJECT 13 171.575871826 -41.742173041 219.804047
OBJECT 13 171.575871826 -41.742199014 0.000000
OBJECT 13 171.575941442 -41.742268277 296.566315
OBJECT 13 171.576011058 -41.742363512 323.131653
OBJECT 13 171.576138688 -41.742372170 270.000000
OBJECT 13 171.576801796 -41.742042652 71.564514
OBJECT 13 171.576759829 -41.742126157 18.434389
OBJECT 13 171.576801796 -41.742206182 330.255951
OBJECT 13 171.576918370 -41.742230538 277.125244
OBJECT 13 171.577053595 -41.742227058 270.000000
OBJECT 13 171.577006966 -41.743079504 274.969971
OBJECT 13 171.577053595 -41.743013396 167.905792
OBJECT 13 171.577006966 -41.742898577 180.000000
OBJECT 13 171.576969662 -41.743009917 22.618923
OBJECT 13 171.576792470 -41.743142133 31.758242
OBJECT 13 171.576955673 -41.743187365 273.576508
OBJECT 13 171.577034944 -41.743034272 199.439194
OBJECT 13 171.577655116 -41.742867262 315.001251
OBJECT 13 171.577589835 -41.742957726 18.434168
OBJECT 13 171.577468598 -41.743009917 63.433887
OBJECT 13 171.577473261 -41.743058628 315.001343
OBJECT 13 171.577613150 -41.743100380 288.435760
OBJECT 13 171.577617813 -41.742971644 188.530380
OBJECT 13 171.578172704 -41.743006437 243.433884
OBJECT 13 171.578107423 -41.742933371 144.463547
OBJECT 13 171.578032816 -41.742828989 154.359970
OBJECT 13 171.577967534 -41.742682856 161.030319
OBJECT 13 171.577934894 -41.742554119 163.301376
OBJECT 13 171.577874275 -41.742338398 166.607971
OBJECT 13 171.577897590 -41.742230538 190.007645
OBJECT 13 171.577841634 -41.742039172 160.346741
OBJECT 13 171.577687757 -41.741757343 152.593048
OBJECT 13 171.577594498 -41.741663400 138.013504
OBJECT 13 171.577417306 -41.741392009 224.999390
OBJECT 13 171.577454609 -41.741419844 315.000610
OBJECT 13 171.577445283 -41.741465076 44.999363
OBJECT 13 171.577342698 -41.741478994 90.000000
OBJECT 13 171.577324047 -41.741437241 167.471451
OBJECT 13 171.577412643 -41.741263273 201.801025
OBJECT 13 171.577366013 -41.741144974 159.145874
OBJECT 13 171.577282080 -41.740998841 151.699600
OBJECT 13 171.577230788 -41.740880542 162.897476
OBJECT 13 171.577118877 -41.740678738 153.435181
OBJECT 13 171.577142191 -41.740657862 270.000000
OBJECT 13 171.576783162 -41.740080287 161.565445
OBJECT 13 171.576727208 -41.740101163 50.193775
OBJECT 13 171.576699231 -41.740132477 270.000000
OBJECT 13 171.576820465 -41.740142915 279.462555
OBJECT 13 171.576839117 -41.740202065 22.619360
OBJECT 13 171.576708557 -41.740261214 70.345711
OBJECT 13 171.576675917 -41.740215982 156.801926
OBJECT 13 171.576647940 -41.740083766 180.000000
OBJECT 13 171.576661928 -41.739909798 77.470947
OBJECT 13 171.576615300 -41.739920236 74.054298
OBJECT 13 171.576489403 -41.739937632 77.734978
OBJECT 13 171.576433449 -41.739941112 80.537483
OBJECT 13 171.576302889 -41.739975906 72.474083
OBJECT 13 171.576256260 -41.740000261 180.000000
OBJECT 13 171.579546713 -41.741106230 3.179736
OBJECT 13 171.579527284 -41.741132325 90.000000
OBJECT 13 171.579472884 -41.741088833 139.086456
OBJECT 13 171.579488427 -41.741027944 198.434464
OBJECT 13 171.579468998 -41.740967055 153.435577
OBJECT 13 171.579430141 -41.740949658 90.000000
OBJECT 13 171.578979394 -41.740465445 180.000000
OBJECT 13 171.578991052 -41.740424853 165.964020
OBJECT 13 171.578959966 -41.740398757 120.964233
OBJECT 13 171.578886136 -41.740424853 69.443596
OBJECT 13 171.578862822 -41.740468345 15.945096
OBJECT 13 171.578866708 -41.740479943 0.000000
OBJECT 13 171.578932765 -41.740511837 323.130676
OBJECT 13 171.577903043 -41.740506038 0.000000
OBJECT 13 171.577976873 -41.740479943 244.653381
OBJECT 13 171.578046816 -41.740456747 239.035751
OBJECT 13 171.578007958 -41.740424853 129.806107
OBJECT 13 171.577934129 -41.740395858 109.654160
OBJECT 13 171.577906929 -41.740384260 0.000000
OBJECT 13 171.577304639 -41.739995730 165.963928
OBJECT 13 171.577223038 -41.739914545 120.964043
OBJECT 13 171.577172524 -41.739740577 0.000000
OBJECT 13 171.577180295 -41.739818862 355.601349
OBJECT 13 171.577230810 -41.739963836 338.198822
OBJECT 13 171.577312410 -41.740097212 331.927856
OBJECT 13 171.577421211 -41.740213191 324.462738
OBJECT 13 171.577475612 -41.740294376 337.620209
OBJECT 13 171.577576641 -41.740366863 310.101410
OBJECT 13 171.577666013 -41.740450948 323.531311
OBJECT 13 171.577716528 -41.740540832 340.017273
OBJECT 13 171.577735956 -41.740622017 0.000000
OBJECT 13 171.577693213 -41.740680007 30.963173
OBJECT 13 171.577763140 -41.740717700 355.601349
OBJECT 13 171.577809769 -41.740816282 342.255524
OBJECT 13 171.577848627 -41.740923563 345.379333
OBJECT 13 171.577934115 -41.741048240 331.821777
OBJECT 13 171.577972973 -41.741109129 339.444275
OBJECT 13 171.578039031 -41.741196113 329.744019
OBJECT 13 171.578151719 -41.741306293 326.310455
OBJECT 13 171.578229435 -41.741430971 336.801880
OBJECT 13 171.578295493 -41.741532452 334.799408
OBJECT 13 171.578380981 -41.741633934 328.671936
OBJECT 13 171.578431496 -41.741720918 337.380676
OBJECT 13 171.578505326 -41.741822400 332.526215
OBJECT 13 171.578551956 -41.741894887 336.038147
OBJECT 13 171.578579156 -41.741964474 343.610931
OBJECT 13 171.578629672 -41.742036961 329.535248
OBJECT 13 171.578664644 -41.742083353 333.435699
OBJECT 13 171.578722931 -41.742158739 323.747070
OBJECT 13 171.578757903 -41.742225427 347.905640
OBJECT 13 171.578761789 -41.742292115 270.000000
OBJECT 13 171.578851162 -41.742245723 240.944550
OBJECT 13 171.578897791 -41.742208030 189.462006
OBJECT 13 171.578890020 -41.742193533 135.000977
OBJECT 13 171.578851162 -41.742138443 156.038208
OBJECT 13 171.578816190 -41.742077554 155.556732
OBJECT 13 171.578742360 -41.741935479 162.255829
OBJECT 13 171.578695730 -41.741854294 150.946091
OBJECT 13 171.578610243 -41.741773109 141.340958
OBJECT 13 171.578551956 -41.741680326 164.745255
OBJECT 13 171.578501440 -41.741622336 150.945999
OBJECT 13 171.578470354 -41.741555648 163.301132
OBJECT 13 171.578435382 -41.741483161 162.897644
OBJECT 13 171.578369323 -41.741404875 155.556519
OBJECT 13 171.578326580 -41.741355584 146.310486
OBJECT 13 171.578283836 -41.741317891 143.130661
OBJECT 13 171.578248864 -41.741230907 180.000000
OBJECT 13 171.578206137 -41.741175817 161.565674
OBJECT 13 171.578175051 -41.741114928 164.745392
OBJECT 13 171.578132308 -41.741051139 155.556793
OBJECT 13 171.578058479 -41.740969954 149.037079
OBJECT 13 171.577988536 -41.740862674 164.476349
OBJECT 13 171.577918593 -41.740755393 152.242157
OBJECT 13 171.577860308 -41.740653911 164.745285
OBJECT 13 171.577805907 -41.740561128 159.444458
OBJECT 13 171.577767050 -41.740488641 158.199097
OBJECT 13 171.577716536 -41.740410355 162.897659
OBJECT 13 171.577677679 -41.740349466 156.801895
OBJECT 13 171.577599964 -41.740297276 138.013428
OBJECT 13 171.577568878 -41.740250884 163.301102
OBJECT 13 171.577510593 -41.740189995 146.310486
OBJECT 13 171.577491164 -41.740146503 161.565399
OBJECT 13 171.577440650 -41.740074016 151.699707
OBJECT 13 171.577405678 -41.740016027 165.964005
OBJECT 13 171.577386249 -41.739949339 175.601364
OBJECT 13 171.577370707 -41.739929042 153.435333
OBJECT 13 171.577351278 -41.739897148 153.435318
OBJECT 13 171.577308535 -41.739847857 153.435303
OBJECT 13 171.577226935 -41.739789868 0.000000
OBJECT 14 171.578246178 -41.739826534 330.945587
OBJECT 15 171.578386825 -41.739788939 150.442902
OBJECT 16 171.586441308 -41.738213086 169.695267
OBJECT 17 171.579422537 -41.740657231 111.960861
OBJECT 18 171.578334856 -41.739596671 64.457939
OBJECT 18 171.578475400 -41.739778253 63.434803
OBJECT 19 171.578551665 -41.739991147 114.444077
OBJECT 19 171.578387854 -41.739899012 85.695518
OBJECT 20 171.577501746 -41.739985910 152.650436
OBJECT 21 171.578519961 -41.740087224 114.418434
OBJECT 21 171.578428687 -41.740222763 114.418434
OBJECT 21 171.578205470 -41.740149262 114.418434
OBJECT 21 171.578296745 -41.740013048 114.418434
OBJECT 21 171.578650817 -41.739907449 130.754486
OBJECT 21 171.578464653 -41.739796185 129.173691
OBJECT 22 171.585980231 -41.738181009 93.850677
OBJECT 22 171.585930761 -41.738647476 93.990982
BEGIN_POLYGON 1 10 2
BEGIN_WINDING
POLYGON_POINT 171.578900758 -41.740053756
POLYGON_POINT 171.579489615 -41.740462398
POLYGON_POINT 171.579978704 -41.740611289
POLYGON_POINT 171.580021810 -41.740610808
POLYGON_POINT 171.580113557 -41.740198035
POLYGON_POINT 171.579290537 -41.739732911
POLYGON_POINT 171.579074667 -41.739018110
END_WINDING
END_POLYGON
BEGIN_POLYGON 1 10 2
BEGIN_WINDING
POLYGON_POINT 171.578453967 -41.739764066
POLYGON_POINT 171.578498429 -41.739806953
POLYGON_POINT 171.578829185 -41.740006823
POLYGON_POINT 171.578849789 -41.740028672
POLYGON_POINT 171.578899674 -41.740053756
END_WINDING
END_POLYGON
BEGIN_POLYGON 1 10 2
BEGIN_WINDING
POLYGON_POINT 171.571060672 -41.741508557
POLYGON_POINT 171.571354433 -41.741839097
POLYGON_POINT 171.572967787 -41.741045800
POLYGON_POINT 171.572921155 -41.740913584
POLYGON_POINT 171.576590841 -41.739069518
END_WINDING
END_POLYGON
BEGIN_POLYGON 1 10 2
BEGIN_WINDING
POLYGON_POINT 171.577950527 -41.739339717
POLYGON_POINT 171.577340687 -41.738689348
POLYGON_POINT 171.576595503 -41.739062559
END_WINDING
END_POLYGON
BEGIN_POLYGON 1 10 2
BEGIN_WINDING
POLYGON_POINT 171.578320209 -41.739518920
POLYGON_POINT 171.578061162 -41.739281325
POLYGON_POINT 171.577335290 -41.739722286
POLYGON_POINT 171.577292116 -41.739826990
POLYGON_POINT 171.577467512 -41.740155194
END_WINDING
END_POLYGON
FILTER -1
OBJECT_DEF lib/g10/US/suburban/dGreenhse.obj
OBJECT_DEF lib/airport/Common_Elements/Miscellaneous/Stack_of_Cones.obj
OBJECT_DEF lib/airport/Common_Elements/Miscellaneous/Sm_Propane_Tank.obj
OBJECT_DEF lib/airport/Common_Elements/Miscellaneous/Picnic_Table.obj
OBJECT_DEF lib/airport/Common_Elements/Miscellaneous/Pad_Tansformer.obj
OBJECT_DEF lib/airport/Common_Elements/Miscellaneous/Flagpole.obj
OBJECT_DEF lib/airport/Common_Elements/Miscellaneous/Const_Trailer.agp
OBJECT_DEF lib/airport/Common_Elements/Miscellaneous/Blue_Dumpster_w_wall.obj
OBJECT_DEF lib/airport/Common_Elements/Miscellaneous/Blue_Dumpster.obj
OBJECT_DEF lib/airport/Common_Elements/Miscellaneous/BBQ_Grill.obj
OBJECT_DEF lib/airport/Common_Elements/Miscellaneous/Barrel_Trash_Can.obj
OBJECT_DEF lib/airport/Common_Elements/Miscellaneous/AC_Ground_wFence.agp
OBJECT_DEF lib/g10/forests/autogen_tree3.obj
OBJECT_DEF lib/g10/forests/autogen_tree2.obj
OBJECT_DEF lib/g10/US/industrial/light/SiteOffice8x14.obj
OBJECT_DEF lib/g10/US/suburban/dB-RnchLH.obj
OBJECT_DEF lib/g10/US/industrial/light/TinShed10x30Lt.obj
OBJECT_DEF lib/g10/US/suburban/dh-RnchRHGryDk.obj
OBJECT_DEF lib/airport/Common_Elements/Lighting/Dir_Ramp_Lit_Short.obj
OBJECT_DEF lib/cars/car_or_truck.obj
OBJECT_DEF lib/g10/US/industrial/light/Shed13x24.obj
OBJECT_DEF lib/airport/Common_Elements/Parking_Items/Row_of_Cars_6.agp
OBJECT_DEF lib/airport/Common_Elements/Hangars/Sm_Blue_Hangar.agp
POLYGON_DEF lib/airport/Ramp_Equipment/Covered_Walkway.fac
POLYGON_DEF lib/airport/Common_Elements/Fence_Facades/Fence.fac
PROPERTY sim/filter/aptid NZWS
PROPERTY sim/exclude_obj 171.579987/-41.736114/171.589617/-41.730685
PROPERTY sim/exclude_net 171.579987/-41.736114/171.589617/-41.730685
PROPERTY sim/exclude_obj 171.578082/-41.737999/171.587713/-41.732570
PROPERTY sim/exclude_net 171.578082/-41.737999/171.587713/-41.732570
PROPERTY sim/exclude_obj 171.575697/-41.740752/171.585327/-41.735323
PROPERTY sim/exclude_net 171.575697/-41.740752/171.585327/-41.735323
PROPERTY sim/exclude_obj 171.570759/-41.741266/171.580796/-41.736891
PROPERTY sim/exclude_net 171.570759/-41.741266/171.580796/-41.736891
PROPERTY sim/require_agpoint 1/0
PROPERTY sim/require_object 1/0
PROPERTY sim/require_facade 1/0
