PROPERTY sim/west -180
PROPERTY sim/east 180
PROPERTY sim/north 90
PROPERTY sim/south -90
PROPERTY sim/planet earth
PROPERTY sim/creation_agent WorldEditor1.7.1r2
PROPERTY laminar/internal_revision 0
PROPERTY sim/overlay 1
FILTER 0
BEGIN_POLYGON 0 0 2
BEGIN_WINDING
POLYGON_POINT -120.800342432 37.756064599
POLYGON_POINT -120.800384281 37.756050629
POLYGON_POINT -120.800411688 37.756021987
POLYGON_POINT -120.800417310 37.755986348
POLYGON_POINT -120.800399641 37.755953262
POLYGON_POINT -120.800363414 37.755931593
POLYGON_POINT -120.800318338 37.755927148
POLYGON_POINT -120.800276489 37.755941118
POLYGON_POINT -120.800249082 37.755969760
POLYGON_POINT -120.800243460 37.756005398
POLYGON_POINT -120.800261129 37.756038485
POLYGON_POINT -120.800297356 37.756060154
END_WINDING
BEGIN_WINDING
POLYGON_POINT -120.800303374 37.756047756
POLYGON_POINT -120.800275513 37.756029975
POLYGON_POINT -120.800262630 37.756003563
POLYGON_POINT -120.800268177 37.755975596
POLYGON_POINT -120.800290667 37.755953569
POLYGON_POINT -120.800324073 37.755943384
POLYGON_POINT -120.800359446 37.755947769
POLYGON_POINT -120.800387306 37.755965550
POLYGON_POINT -120.800400189 37.755991962
POLYGON_POINT -120.800394642 37.756019929
POLYGON_POINT -120.800372153 37.756041956
POLYGON_POINT -120.800338746 37.756052141
END_WINDING
END_POLYGON
BEGIN_POLYGON 1 65535 8
BEGIN_WINDING
POLYGON_POINT -120.800713668 37.755923397 -120.800713668 37.755923397 0.518000000 0.011100000 0.518000000 0.011100000
POLYGON_POINT -120.800694506 37.755917641 -120.800694506 37.755917641 0.532100000 0.012600000 0.532100000 0.012600000
POLYGON_POINT -120.800682784 37.755921103 -120.800682784 37.755921103 0.538400000 0.040300000 0.538400000 0.040300000
POLYGON_POINT -120.800663545 37.755958346 -120.800663545 37.755958346 0.538500000 0.206700000 0.538500000 0.206700000
POLYGON_POINT -120.800670213 37.755968868 -120.800670213 37.755968868 0.530800000 0.238900000 0.530800000 0.238900000
POLYGON_POINT -120.800684774 37.755973525 -120.800684774 37.755973525 0.520000000 0.238800000 0.520000000 0.238800000
POLYGON_POINT -120.800702041 37.755968773 -120.800702041 37.755968773 0.510500000 0.199400000 0.510500000 0.199400000
POLYGON_POINT -120.800720452 37.755932778 -120.800720452 37.755932778 0.510600000 0.038800000 0.510600000 0.038800000
END_WINDING
BEGIN_WINDING
POLYGON_POINT -120.800678144 37.755959165 -120.800678144 37.755959165 0.528900000 0.191900000 0.528900000 0.191900000
POLYGON_POINT -120.800678144 37.755959165 -120.800677092 37.755957437 0.528900000 0.191900000 0.530100000 0.186600000
POLYGON_POINT -120.800677200 37.755954639 -120.800677200 37.755954639 0.531000000 0.175700000 0.531000000 0.175700000
POLYGON_POINT -120.800687611 37.755933950 -120.800687611 37.755933950 0.531100000 0.083600000 0.531100000 0.083600000
POLYGON_POINT -120.800692221 37.755929796 -120.800695428 37.755928111 0.529500000 0.062000000 0.528000000 0.051600000
POLYGON_POINT -120.800700446 37.755929133 -120.800700446 37.755929133 0.524500000 0.049400000 0.524500000 0.049400000
POLYGON_POINT -120.800705180 37.755933403 -120.800706559 37.755935659 0.520100000 0.059900000 0.518500000 0.066900000
POLYGON_POINT -120.800705314 37.755939248 -120.800705314 37.755939248 0.518100000 0.082200000 0.518100000 0.082200000
POLYGON_POINT -120.800693521 37.755960231 -120.800693521 37.755960231 0.518800000 0.177100000 0.518800000 0.177100000
POLYGON_POINT -120.800689166 37.755962569 -120.800687014 37.755963361 0.520800000 0.191400000 0.521900000 0.197100000
POLYGON_POINT -120.800682988 37.755962313 -120.800682988 37.755962313 0.524800000 0.198000000 0.524800000 0.198000000
POLYGON_POINT -120.800678144 37.755959165 -120.800677092 37.755957437 0.528900000 0.191900000 0.530100000 0.186600000
END_WINDING
END_POLYGON
BEGIN_POLYGON 1 65535 4
BEGIN_WINDING
POLYGON_POINT -120.800440357 37.755837313 0.519000000 0.011100000
POLYGON_POINT -120.800406280 37.755827032 0.538500000 0.037200000
POLYGON_POINT -120.800402835 37.755833774 0.537400000 0.064000000
POLYGON_POINT -120.800426682 37.755841018 0.523700000 0.046000000
POLYGON_POINT -120.800418437 37.755857041 0.521100000 0.109900000
POLYGON_POINT -120.800407845 37.755853882 0.527100000 0.118100000
POLYGON_POINT -120.800404122 37.755861365 0.525900000 0.147700000
POLYGON_POINT -120.800414590 37.755864593 0.519800000 0.140000000
POLYGON_POINT -120.800407137 37.755878435 0.517700000 0.195700000
POLYGON_POINT -120.800387095 37.755872799 0.529000000 0.212300000
POLYGON_POINT -120.800383564 37.755879392 0.528000000 0.238900000
POLYGON_POINT -120.800413988 37.755888709 0.510500000 0.216100000
END_WINDING
END_POLYGON
BEGIN_POLYGON 1 65535 4
BEGIN_WINDING
POLYGON_POINT -120.800222021 37.755770191 0.510500000 0.011100000
POLYGON_POINT -120.800186842 37.755759213 0.538500000 0.012300000
POLYGON_POINT -120.800183081 37.755766798 0.538400000 0.045800000
POLYGON_POINT -120.800204866 37.755772530 0.521500000 0.041000000
POLYGON_POINT -120.800200060 37.755781122 0.521700000 0.079600000
POLYGON_POINT -120.800173395 37.755786263 0.538200000 0.131800000
POLYGON_POINT -120.800164703 37.755803842 0.538000000 0.209300000
POLYGON_POINT -120.800168091 37.755812677 0.532500000 0.238900000
POLYGON_POINT -120.800188110 37.755818834 0.516700000 0.237900000
POLYGON_POINT -120.800198972 37.755815115 0.510500000 0.210400000
POLYGON_POINT -120.800204625 37.755804099 0.510500000 0.161600000
POLYGON_POINT -120.800194125 37.755800710 0.518900000 0.161500000
POLYGON_POINT -120.800185583 37.755806145 0.522900000 0.192600000
POLYGON_POINT -120.800176980 37.755804738 0.529200000 0.197800000
POLYGON_POINT -120.800176107 37.755797778 0.532300000 0.172300000
POLYGON_POINT -120.800181665 37.755795941 0.529100000 0.158500000
POLYGON_POINT -120.800209251 37.755791733 0.511700000 0.108800000
END_WINDING
END_POLYGON
BEGIN_POLYGON 1 65535 4
BEGIN_WINDING
POLYGON_POINT -120.800266741 37.755784142 0.510500000 0.011100000
POLYGON_POINT -120.800231562 37.755773164 0.538500000 0.012300000
POLYGON_POINT -120.800227801 37.755780750 0.538400000 0.045800000
POLYGON_POINT -120.800249586 37.755786481 0.521500000 0.041000000
POLYGON_POINT -120.800244780 37.755795073 0.521700000 0.079600000
POLYGON_POINT -120.800218115 37.755800215 0.538200000 0.131800000
POLYGON_POINT -120.800209423 37.755817794 0.538000000 0.209300000
POLYGON_POINT -120.800212811 37.755826628 0.532500000 0.238900000
POLYGON_POINT -120.800232830 37.755832786 0.516700000 0.237900000
POLYGON_POINT -120.800243692 37.755829067 0.510500000 0.210400000
POLYGON_POINT -120.800249345 37.755818050 0.510500000 0.161600000
POLYGON_POINT -120.800238845 37.755814662 0.518900000 0.161500000
POLYGON_POINT -120.800230303 37.755820097 0.522900000 0.192600000
POLYGON_POINT -120.800221700 37.755818689 0.529200000 0.197800000
POLYGON_POINT -120.800220827 37.755811730 0.532300000 0.172300000
POLYGON_POINT -120.800226385 37.755809893 0.529100000 0.158500000
POLYGON_POINT -120.800253971 37.755805685 0.511700000 0.108800000
END_WINDING
END_POLYGON
BEGIN_POLYGON 1 65535 4
BEGIN_WINDING
POLYGON_POINT -120.800172628 37.755755034 0.510500000 0.011100000
POLYGON_POINT -120.800166320 37.755753053 0.538500000 0.011100000
POLYGON_POINT -120.800164592 37.755756491 0.538500000 0.238900000
POLYGON_POINT -120.800170901 37.755758472 0.510500000 0.238900000
END_WINDING
END_POLYGON
BEGIN_POLYGON 1 65535 4
BEGIN_WINDING
POLYGON_POINT -120.800150606 37.755747320 0.513900000 0.011100000
POLYGON_POINT -120.800118948 37.755737303 0.535400000 0.011700000
POLYGON_POINT -120.800111050 37.755742296 0.538500000 0.040000000
POLYGON_POINT -120.800102354 37.755759833 0.538300000 0.116600000
POLYGON_POINT -120.800105040 37.755766396 0.534800000 0.138100000
POLYGON_POINT -120.800098033 37.755768548 0.538200000 0.154700000
POLYGON_POINT -120.800091284 37.755782159 0.538100000 0.214200000
POLYGON_POINT -120.800096659 37.755790436 0.532500000 0.238900000
POLYGON_POINT -120.800122223 37.755798238 0.515200000 0.237400000
POLYGON_POINT -120.800132271 37.755794148 0.510500000 0.209800000
POLYGON_POINT -120.800139159 37.755780723 0.510500000 0.150900000
POLYGON_POINT -120.800137206 37.755774703 0.513500000 0.130500000
POLYGON_POINT -120.800144218 37.755770861 0.510500000 0.107600000
POLYGON_POINT -120.800152769 37.755754195 0.510500000 0.034400000
END_WINDING
BEGIN_WINDING
POLYGON_POINT -120.800120939 37.755751383 0.530000000 0.062300000
POLYGON_POINT -120.800127788 37.755749313 0.526600000 0.046200000
POLYGON_POINT -120.800135286 37.755751644 0.521500000 0.046000000
POLYGON_POINT -120.800137860 37.755757577 0.518200000 0.065200000
POLYGON_POINT -120.800133760 37.755765736 0.518200000 0.100900000
POLYGON_POINT -120.800127172 37.755767732 0.521400000 0.116400000
POLYGON_POINT -120.800118924 37.755765080 0.527100000 0.116400000
POLYGON_POINT -120.800116558 37.755760176 0.529900000 0.100800000
END_WINDING
BEGIN_WINDING
POLYGON_POINT -120.800109658 37.755775839 0.529200000 0.168100000
POLYGON_POINT -120.800114966 37.755773741 0.526800000 0.153800000
POLYGON_POINT -120.800123496 37.755776171 0.521100000 0.152700000
POLYGON_POINT -120.800126641 37.755781626 0.517600000 0.169400000
POLYGON_POINT -120.800123942 37.755786154 0.517800000 0.189700000
POLYGON_POINT -120.800117745 37.755787465 0.521000000 0.202200000
POLYGON_POINT -120.800109860 37.755784829 0.526400000 0.201800000
POLYGON_POINT -120.800107400 37.755780573 0.529100000 0.188700000
END_WINDING
END_POLYGON
BEGIN_POLYGON 1 65535 4
BEGIN_WINDING
POLYGON_POINT -120.800289077 37.755791023 0.510500000 0.011100000
POLYGON_POINT -120.800278187 37.755787573 0.538500000 0.011100000
POLYGON_POINT -120.800252474 37.755839431 0.538500000 0.238900000
POLYGON_POINT -120.800262708 37.755842418 0.510500000 0.238900000
END_WINDING
END_POLYGON
BEGIN_POLYGON 1 65535 4
BEGIN_WINDING
POLYGON_POINT -120.800480875 37.755850193 0.519500000 0.011100000
POLYGON_POINT -120.800449931 37.755840737 0.538500000 0.036000000
POLYGON_POINT -120.800446486 37.755847480 0.537300000 0.064700000
POLYGON_POINT -120.800467200 37.755853898 0.524600000 0.048400000
POLYGON_POINT -120.800444271 37.755898602 0.516800000 0.238900000
POLYGON_POINT -120.800454506 37.755901589 0.510500000 0.230200000
END_WINDING
END_POLYGON
BEGIN_POLYGON 1 65535 4
BEGIN_WINDING
POLYGON_POINT -120.800578047 37.755880307 0.518600000 0.011100000
POLYGON_POINT -120.800553750 37.755872603 0.532100000 0.028900000
POLYGON_POINT -120.800535600 37.755876479 0.538500000 0.072600000
POLYGON_POINT -120.800518846 37.755910450 0.532900000 0.209400000
POLYGON_POINT -120.800525933 37.755923619 0.524800000 0.238900000
POLYGON_POINT -120.800551678 37.755931702 0.510500000 0.219800000
END_WINDING
BEGIN_WINDING
POLYGON_POINT -120.800536978 37.755917969 0.522100000 0.201800000
POLYGON_POINT -120.800531116 37.755909061 0.528100000 0.183700000
POLYGON_POINT -120.800543225 37.755884106 0.532300000 0.083600000
POLYGON_POINT -120.800553393 37.755881065 0.529000000 0.056300000
POLYGON_POINT -120.800564274 37.755884816 0.522900000 0.049300000
POLYGON_POINT -120.800546577 37.755921055 0.516800000 0.194900000
END_WINDING
END_POLYGON
BEGIN_POLYGON 1 65535 4
BEGIN_WINDING
POLYGON_POINT -120.800625039 37.755895443 0.518400000 0.011100000
POLYGON_POINT -120.800613722 37.755891987 0.524500000 0.019500000
POLYGON_POINT -120.800604481 37.755910482 0.521500000 0.091500000
POLYGON_POINT -120.800600743 37.755887739 0.531500000 0.028200000
POLYGON_POINT -120.800587814 37.755883634 0.538500000 0.037300000
POLYGON_POINT -120.800592967 37.755916084 0.524300000 0.127900000
POLYGON_POINT -120.800561661 37.755935219 0.530500000 0.238900000
POLYGON_POINT -120.800572925 37.755938756 0.524400000 0.230800000
POLYGON_POINT -120.800598551 37.755924445 0.518900000 0.144200000
POLYGON_POINT -120.800588546 37.755943660 0.516000000 0.219700000
POLYGON_POINT -120.800598670 37.755946839 0.510500000 0.212500000
END_WINDING
END_POLYGON
BEGIN_POLYGON 1 65535 4
BEGIN_WINDING
POLYGON_POINT -120.800535761 37.755866953 0.510500000 0.011100000
POLYGON_POINT -120.800524444 37.755863497 0.517300000 0.019700000
POLYGON_POINT -120.800510167 37.755880400 0.517100000 0.097000000
POLYGON_POINT -120.800497375 37.755876242 0.524900000 0.105900000
POLYGON_POINT -120.800499378 37.755855843 0.532400000 0.038600000
POLYGON_POINT -120.800489269 37.755852756 0.538500000 0.046300000
POLYGON_POINT -120.800481246 37.755909915 0.518600000 0.238900000
POLYGON_POINT -120.800494687 37.755913890 0.510500000 0.228300000
END_WINDING
BEGIN_WINDING
POLYGON_POINT -120.800492756 37.755900530 0.517000000 0.189800000
POLYGON_POINT -120.800496449 37.755883674 0.522200000 0.130700000
POLYGON_POINT -120.800504843 37.755886328 0.517200000 0.124700000
END_WINDING
END_POLYGON
BEGIN_POLYGON 1 65535 4
BEGIN_WINDING
POLYGON_POINT -120.800679174 37.755912088 0.510500000 0.011100000
POLYGON_POINT -120.800667857 37.755908632 0.517300000 0.019700000
POLYGON_POINT -120.800653580 37.755925534 0.517100000 0.097000000
POLYGON_POINT -120.800640789 37.755921376 0.524900000 0.105900000
POLYGON_POINT -120.800642791 37.755900977 0.532400000 0.038600000
POLYGON_POINT -120.800632683 37.755897890 0.538500000 0.046300000
POLYGON_POINT -120.800624660 37.755955049 0.518600000 0.238900000
POLYGON_POINT -120.800638100 37.755959024 0.510500000 0.228300000
END_WINDING
BEGIN_WINDING
POLYGON_POINT -120.800636170 37.755945664 0.517000000 0.189800000
POLYGON_POINT -120.800639863 37.755928808 0.522200000 0.130700000
POLYGON_POINT -120.800648256 37.755931463 0.517200000 0.124700000
END_WINDING
END_POLYGON
BEGIN_POLYGON 2 0 2
BEGIN_WINDING
POLYGON_POINT -120.798475054 37.756553523
POLYGON_POINT -120.798573593 37.756554426
END_WINDING
END_POLYGON
BEGIN_POLYGON 2 0 2
BEGIN_WINDING
POLYGON_POINT -120.798152398 37.756522139
POLYGON_POINT -120.798061238 37.756521613
END_WINDING
END_POLYGON
BEGIN_POLYGON 2 0 2
BEGIN_WINDING
POLYGON_POINT -120.798149736 37.756691605
POLYGON_POINT -120.798058738 37.756691581
END_WINDING
END_POLYGON
BEGIN_POLYGON 2 0 2
BEGIN_WINDING
POLYGON_POINT -120.798147204 37.756852743
POLYGON_POINT -120.798058332 37.756852306
END_WINDING
END_POLYGON
BEGIN_POLYGON 2 0 2
BEGIN_WINDING
POLYGON_POINT -120.798144578 37.757019828
POLYGON_POINT -120.798055908 37.757019957
END_WINDING
END_POLYGON
BEGIN_POLYGON 2 0 2
BEGIN_WINDING
POLYGON_POINT -120.798142655 37.757142249
POLYGON_POINT -120.798056003 37.757141902
END_WINDING
END_POLYGON
BEGIN_POLYGON 2 0 2
BEGIN_WINDING
POLYGON_POINT -120.798254137 37.756607123
POLYGON_POINT -120.798151075 37.756606353
END_WINDING
END_POLYGON
BEGIN_POLYGON 2 0 2
BEGIN_WINDING
POLYGON_POINT -120.798252890 37.756771122
POLYGON_POINT -120.798148489 37.756770953
END_WINDING
END_POLYGON
BEGIN_POLYGON 2 0 2
BEGIN_WINDING
POLYGON_POINT -120.798251637 37.756939769
POLYGON_POINT -120.798145835 37.756939860
END_WINDING
END_POLYGON
BEGIN_POLYGON 2 0 2
BEGIN_WINDING
POLYGON_POINT -120.798249566 37.757099163
POLYGON_POINT -120.798143323 37.757099725
END_WINDING
END_POLYGON
BEGIN_POLYGON 2 0 2
BEGIN_WINDING
POLYGON_POINT -120.798571010 37.756697378
POLYGON_POINT -120.798476418 37.756697498
END_WINDING
END_POLYGON
BEGIN_POLYGON 2 0 2
BEGIN_WINDING
POLYGON_POINT -120.798567997 37.756864118
POLYGON_POINT -120.798476060 37.756863987
END_WINDING
END_POLYGON
BEGIN_POLYGON 2 0 2
BEGIN_WINDING
POLYGON_POINT -120.798564915 37.757034719
POLYGON_POINT -120.798473128 37.757034765
END_WINDING
END_POLYGON
BEGIN_POLYGON 2 0 2
BEGIN_WINDING
POLYGON_POINT -120.798564242 37.757071950
POLYGON_POINT -120.798564915 37.757034719
POLYGON_POINT -120.798567997 37.756864118
POLYGON_POINT -120.798571010 37.756697378
POLYGON_POINT -120.798573593 37.756554426
POLYGON_POINT -120.798575018 37.756475540
END_WINDING
END_POLYGON
BEGIN_POLYGON 2 0 2
BEGIN_WINDING
POLYGON_POINT -120.798141805 37.757196344
POLYGON_POINT -120.798142655 37.757142249
POLYGON_POINT -120.798143323 37.757099725
POLYGON_POINT -120.798144578 37.757019828
POLYGON_POINT -120.798145835 37.756939860
POLYGON_POINT -120.798147204 37.756852743
POLYGON_POINT -120.798148489 37.756770953
POLYGON_POINT -120.798149736 37.756691605
POLYGON_POINT -120.798151075 37.756606353
POLYGON_POINT -120.798152398 37.756522139
POLYGON_POINT -120.798154737 37.756373298
END_WINDING
END_POLYGON
BEGIN_POLYGON 3 65535 4
BEGIN_WINDING
POLYGON_POINT -120.800732403 37.755927117 0.876000000 0.001000000
POLYGON_POINT -120.800699331 37.755992458 1.000000000 0.001000000
POLYGON_POINT -120.800765283 37.756013325 1.000000000 0.247000000
POLYGON_POINT -120.800798356 37.755947984 0.876000000 0.247000000
END_WINDING
END_POLYGON
BEGIN_POLYGON 3 65535 4
BEGIN_WINDING
POLYGON_POINT -120.798413992 37.755459519 0.876000000 0.001000000
POLYGON_POINT -120.798335832 37.755413296 1.000000000 0.001000000
POLYGON_POINT -120.798289177 37.755462612 1.000000000 0.247000000
POLYGON_POINT -120.798367337 37.755508834 0.876000000 0.247000000
END_WINDING
END_POLYGON
BEGIN_POLYGON 4 0 4
BEGIN_WINDING
POLYGON_POINT -120.805026576 37.757980790 -120.805026576 37.757980790
POLYGON_POINT -120.804984601 37.757982397 -120.804961952 37.757986139
POLYGON_POINT -120.804458007 37.758163897 -120.804413039 37.758173253
POLYGON_POINT -120.804380137 37.758159420 -120.804380137 37.758159420
POLYGON_POINT -120.804312454 37.758157348 -120.804285447 37.758161283
POLYGON_POINT -120.804274587 37.758186351 -120.804265120 37.758192900
POLYGON_POINT -120.804175185 37.758217225 -120.804115486 37.758223372
POLYGON_POINT -120.803997681 37.758191029 -120.803961461 37.758177537
POLYGON_POINT -120.803897096 37.758120861 -120.803865145 37.758080631
POLYGON_POINT -120.803848579 37.758019819 -120.803822545 37.757984267
POLYGON_POINT -120.803800061 37.757984268 -120.803796109 37.757985511
POLYGON_POINT -120.803791778 37.757993623 -120.803791778 37.757993623
POLYGON_POINT -120.803717145 37.757970516 -120.803717145 37.757970516
END_WINDING
END_POLYGON
BEGIN_POLYGON 4 0 4
BEGIN_WINDING
POLYGON_POINT -120.804709232 37.757881985 -120.804709232 37.757881985
POLYGON_POINT -120.804738652 37.757939620 -120.804748214 37.757982148
POLYGON_POINT -120.804725504 37.757992896 -120.804725504 37.757992896
POLYGON_POINT -120.804418161 37.758076707 -120.804336805 37.758068911
POLYGON_POINT -120.804336805 37.758068911 -120.804336805 37.758068911
POLYGON_POINT -120.803762619 37.757888635 -120.803762619 37.757888635
END_WINDING
END_POLYGON
BEGIN_POLYGON 4 0 4
BEGIN_WINDING
POLYGON_POINT -120.803183607 37.757405979 -120.803183607 37.757405979
POLYGON_POINT -120.803067170 37.757434802 -120.803007044 37.757458841
POLYGON_POINT -120.802998141 37.757508219 -120.802998141 37.757508219
POLYGON_POINT -120.803006359 37.757607623 -120.803040873 37.757654835
POLYGON_POINT -120.803058952 37.757667395 -120.803058952 37.757667395
END_WINDING
END_POLYGON
BEGIN_POLYGON 4 0 4
BEGIN_WINDING
POLYGON_POINT -120.802801165 37.757287216 -120.802801165 37.757287216
POLYGON_POINT -120.802875698 37.757356838 -120.802907747 37.757402967
POLYGON_POINT -120.802862550 37.757466638 -120.802862550 37.757466638
POLYGON_POINT -120.802748325 37.757536156 -120.802680940 37.757543194
POLYGON_POINT -120.802660395 37.757536156 -120.802660395 37.757536156
END_WINDING
END_POLYGON
BEGIN_POLYGON 4 0 4
BEGIN_WINDING
POLYGON_POINT -120.801299839 37.756819311 -120.801299839 37.756819311
POLYGON_POINT -120.801162841 37.756847083 -120.801097442 37.756873913
POLYGON_POINT -120.801088197 37.756915301 -120.801088197 37.756915301
POLYGON_POINT -120.801092991 37.757005177 -120.801119603 37.757057153
POLYGON_POINT -120.801163525 37.757069605 -120.801163525 37.757069605
END_WINDING
END_POLYGON
BEGIN_POLYGON 4 0 4
BEGIN_WINDING
POLYGON_POINT -120.800918693 37.756699976 -120.800918693 37.756699976
POLYGON_POINT -120.800966988 37.756772367 -120.800991470 37.756815906
POLYGON_POINT -120.800964248 37.756867656 -120.800964248 37.756867656
POLYGON_POINT -120.800888920 37.756936958 -120.800830030 37.756963966
POLYGON_POINT -120.800780037 37.756953742 -120.800780037 37.756953742
END_WINDING
END_POLYGON
BEGIN_POLYGON 4 0 4
BEGIN_WINDING
POLYGON_POINT -120.799807754 37.756354202 -120.799807754 37.756354202
POLYGON_POINT -120.799682360 37.756374750 -120.799608744 37.756398211
POLYGON_POINT -120.799587629 37.756454158 -120.799587629 37.756454158
POLYGON_POINT -120.799594477 37.756540334 -120.799623581 37.756582745
POLYGON_POINT -120.799660675 37.756600792 -120.799660675 37.756600792
END_WINDING
END_POLYGON
BEGIN_POLYGON 4 0 4
BEGIN_WINDING
POLYGON_POINT -120.799447131 37.756241835 -120.799447131 37.756241835
POLYGON_POINT -120.799508307 37.756320609 -120.799533036 37.756371818
POLYGON_POINT -120.799494041 37.756426185 -120.799494041 37.756426185
POLYGON_POINT -120.799406729 37.756489802 -120.799336537 37.756509554
POLYGON_POINT -120.799306292 37.756496118 -120.799306292 37.756496118
END_WINDING
END_POLYGON
BEGIN_POLYGON 4 0 4
BEGIN_WINDING
POLYGON_POINT -120.798214900 37.755856496 -120.798214900 37.755856496
POLYGON_POINT -120.798091146 37.755882362 -120.798041118 37.755900108
POLYGON_POINT -120.798018101 37.755947783 -120.798018101 37.755947783
POLYGON_POINT -120.798020859 37.756050803 -120.798048061 37.756104945
POLYGON_POINT -120.798080303 37.756113366 -120.798080303 37.756113366
END_WINDING
END_POLYGON
BEGIN_POLYGON 4 0 4
BEGIN_WINDING
POLYGON_POINT -120.797883724 37.755753830 -120.797883724 37.755753830
POLYGON_POINT -120.797929649 37.755836792 -120.797937828 37.755881609
POLYGON_POINT -120.797918235 37.755922517 -120.797918235 37.755922517
POLYGON_POINT -120.797836060 37.755984780 -120.797770434 37.756012753
POLYGON_POINT -120.797713939 37.756003729 -120.797713939 37.756003729
END_WINDING
END_POLYGON
BEGIN_POLYGON 4 0 4
BEGIN_WINDING
POLYGON_POINT -120.795572391 37.755033913 -120.795572391 37.755033913
POLYGON_POINT -120.795423031 37.755053110 -120.795367221 37.755069353
POLYGON_POINT -120.795353582 37.755126813 -120.795353582 37.755126813
POLYGON_POINT -120.795356322 37.755221561 -120.795373955 37.755273287
POLYGON_POINT -120.795419322 37.755284366 -120.795419322 37.755284366
END_WINDING
END_POLYGON
BEGIN_POLYGON 4 0 2
BEGIN_WINDING
POLYGON_POINT -120.799415501 37.756232049
POLYGON_POINT -120.799511918 37.756041035
END_WINDING
END_POLYGON
BEGIN_POLYGON 5 0 4
BEGIN_WINDING
POLYGON_POINT -120.799281661 37.756643018 -120.799281661 37.756643018
POLYGON_POINT -120.799279505 37.756608938 -120.799265942 37.756591216
POLYGON_POINT -120.799251652 37.756582329 -120.799251652 37.756582329
POLYGON_POINT -120.798856194 37.756458864 -120.798856194 37.756458864
POLYGON_POINT -120.798810281 37.756468498 -120.798792487 37.756476063
POLYGON_POINT -120.798782062 37.756487843 -120.798782062 37.756487843
END_WINDING
END_POLYGON
BEGIN_POLYGON 5 135 4
BEGIN_WINDING
POLYGON_POINT -120.798057504 37.756456996 -120.798057504 37.756456996
POLYGON_POINT -120.797948031 37.756320985 -120.797840963 37.756315754
POLYGON_POINT -120.797842767 37.756455569 -120.797842767 37.756455569
END_WINDING
END_POLYGON
BEGIN_POLYGON 5 135 4
BEGIN_WINDING
POLYGON_POINT -120.798473820 37.756457718 -120.798473820 37.756457718
POLYGON_POINT -120.798364347 37.756321707 -120.798257279 37.756316476
POLYGON_POINT -120.798259083 37.756456291 -120.798259083 37.756456291
END_WINDING
END_POLYGON
BEGIN_POLYGON 6 145 2
BEGIN_WINDING
POLYGON_POINT -120.799507601 37.757277994
POLYGON_POINT -120.799700195 37.756932738
POLYGON_POINT -120.799654000 37.756916631
POLYGON_POINT -120.799461407 37.757261887
END_WINDING
END_POLYGON
BEGIN_POLYGON 2 0 2
BEGIN_WINDING
POLYGON_POINT -120.799561607 37.757288840
POLYGON_POINT -120.799751299 37.756941641
END_WINDING
END_POLYGON
BEGIN_POLYGON 7 0 4
BEGIN_WINDING
POLYGON_POINT -120.798856194 37.756458864 -120.798856194 37.756458864
POLYGON_POINT -120.798782062 37.756487843 -120.798762182 37.756513665
POLYGON_POINT -120.798750822 37.756539487 -120.798750822 37.756539487
POLYGON_POINT -120.798726682 37.757117669 -120.798726682 37.757117669
POLYGON_POINT -120.798607609 37.757231384 -120.798607609 37.757231384
POLYGON_POINT -120.797892068 37.757717038 -120.797892068 37.757717038
POLYGON_POINT -120.799178570 37.757780476 -120.799178570 37.757780476
POLYGON_POINT -120.800310555 37.757786734 -120.800310555 37.757786734
POLYGON_POINT -120.800387472 37.757634236 -120.800387472 37.757634236
POLYGON_POINT -120.800348422 37.757623945 -120.800348422 37.757623945
POLYGON_POINT -120.800659006 37.757020014 -120.800659006 37.757020014
END_WINDING
BEGIN_WINDING
POLYGON_POINT -120.800059790 37.757460163 -120.800059790 37.757460163
POLYGON_POINT -120.800203252 37.757510057 -120.800203252 37.757510057
POLYGON_POINT -120.800097582 37.757704703 -120.800097582 37.757704703
POLYGON_POINT -120.799957789 37.757664961 -120.799957789 37.757664961
END_WINDING
BEGIN_WINDING
POLYGON_POINT -120.799207065 37.757244339 -120.799207065 37.757244339
POLYGON_POINT -120.799168543 37.757232208 -120.799168543 37.757232208
POLYGON_POINT -120.799270061 37.757055944 -120.799270061 37.757055944
POLYGON_POINT -120.799385020 37.756829533 -120.799385020 37.756829533
POLYGON_POINT -120.799648136 37.756917756 -120.799648136 37.756917756
POLYGON_POINT -120.799485829 37.757214002 -120.799485829 37.757214002
POLYGON_POINT -120.799405943 37.757188438 -120.799405943 37.757188438
POLYGON_POINT -120.799345711 37.757174904 -120.799345711 37.757174904
POLYGON_POINT -120.799312108 37.757174904 -120.799312108 37.757174904
POLYGON_POINT -120.799244268 37.757207486 -120.799244268 37.757207486
END_WINDING
END_POLYGON
BEGIN_POLYGON 8 0 2
BEGIN_WINDING
POLYGON_POINT -120.798607609 37.757231384
POLYGON_POINT -120.798726682 37.757117669
POLYGON_POINT -120.798590080 37.757217525
POLYGON_POINT -120.798474676 37.757205452
POLYGON_POINT -120.798619567 37.757109734
POLYGON_POINT -120.798657103 37.756454163
POLYGON_POINT -120.798642903 37.756419360
POLYGON_POINT -120.798610171 37.756382286
POLYGON_POINT -120.797650832 37.756081011
POLYGON_POINT -120.797368351 37.755995762
POLYGON_POINT -120.797537613 37.756721264
POLYGON_POINT -120.797687276 37.757761103
POLYGON_POINT -120.797892068 37.757717038
END_WINDING
BEGIN_WINDING
POLYGON_POINT -120.799959235 37.757663262
POLYGON_POINT -120.800060408 37.757461156
POLYGON_POINT -120.800201646 37.757511179
POLYGON_POINT -120.800097702 37.757703694
END_WINDING
END_POLYGON
BEGIN_POLYGON 9 0 4
BEGIN_WINDING
POLYGON_POINT -120.802946380 37.757731100 -120.802946380 37.757731100
POLYGON_POINT -120.802881517 37.757744842 -120.802851891 37.757757833
POLYGON_POINT -120.802837963 37.757798117 -120.802838494 37.757803259
POLYGON_POINT -120.802855220 37.757807863 -120.802855220 37.757807863
POLYGON_POINT -120.802933289 37.757833851 -120.802948953 37.757843397
POLYGON_POINT -120.802958764 37.757863087 -120.802958764 37.757863087
POLYGON_POINT -120.802778995 37.758282943 -120.802778995 37.758282943
POLYGON_POINT -120.803601552 37.758280499 -120.803601552 37.758280499
POLYGON_POINT -120.803570982 37.758052064 -120.803565240 37.758044002
POLYGON_POINT -120.803165683 37.757917186 -120.803165683 37.757917186
POLYGON_POINT -120.803108488 37.757885221 -120.803095493 37.757872802
POLYGON_POINT -120.803081862 37.757827527 -120.803062139 37.757797901
POLYGON_POINT -120.803037486 37.757781528 -120.803032555 37.757777630
POLYGON_POINT -120.803053556 37.757764408 -120.803053556 37.757764408
END_WINDING
END_POLYGON
BEGIN_POLYGON 10 0 4
BEGIN_WINDING
POLYGON_POINT -120.802689443 37.757651208 -120.802689443 37.757651208
POLYGON_POINT -120.802736651 37.757708445 -120.802746512 37.757730535
POLYGON_POINT -120.802723746 37.757761659 -120.802723746 37.757761659
POLYGON_POINT -120.800999585 37.757210369 -120.800999585 37.757210369
POLYGON_POINT -120.800971566 37.757165861 -120.800975510 37.757132336
POLYGON_POINT -120.801027031 37.757134567 -120.801027031 37.757134567
POLYGON_POINT -120.800659006 37.757020014 -120.800659006 37.757020014
POLYGON_POINT -120.800348422 37.757623945 -120.800348422 37.757623945
POLYGON_POINT -120.800387472 37.757634236 -120.800387472 37.757634236
POLYGON_POINT -120.800310555 37.757786734 -120.800310555 37.757786734
POLYGON_POINT -120.800435897 37.757823491 -120.800435897 37.757823491
POLYGON_POINT -120.800591008 37.757808252 -120.800591008 37.757808252
POLYGON_POINT -120.802421652 37.758360239 -120.802421652 37.758360239
POLYGON_POINT -120.802461097 37.758278506 -120.802461097 37.758278506
POLYGON_POINT -120.802778995 37.758282943 -120.802778995 37.758282943
POLYGON_POINT -120.802958764 37.757863087 -120.802958764 37.757863087
POLYGON_POINT -120.802933289 37.757833851 -120.802917625 37.757824305
POLYGON_POINT -120.802855220 37.757807863 -120.802855220 37.757807863
POLYGON_POINT -120.802837963 37.757798117 -120.802837432 37.757792975
POLYGON_POINT -120.802881517 37.757744842 -120.802911143 37.757731851
POLYGON_POINT -120.802946380 37.757731100 -120.802946380 37.757731100
END_WINDING
END_POLYGON
BEGIN_POLYGON 2 0 2
BEGIN_WINDING
POLYGON_POINT -120.802638715 37.757787472
POLYGON_POINT -120.802599867 37.757775253
END_WINDING
END_POLYGON
BEGIN_POLYGON 2 0 2
BEGIN_WINDING
POLYGON_POINT -120.802496155 37.757742769
POLYGON_POINT -120.802457308 37.757730550
END_WINDING
END_POLYGON
BEGIN_POLYGON 2 0 2
BEGIN_WINDING
POLYGON_POINT -120.802351792 37.757697591
POLYGON_POINT -120.802312944 37.757685371
END_WINDING
END_POLYGON
BEGIN_POLYGON 2 0 2
BEGIN_WINDING
POLYGON_POINT -120.802205022 37.757652412
POLYGON_POINT -120.802166174 37.757640193
END_WINDING
END_POLYGON
BEGIN_POLYGON 2 0 2
BEGIN_WINDING
POLYGON_POINT -120.802063666 37.757607709
POLYGON_POINT -120.802024818 37.757595490
END_WINDING
END_POLYGON
BEGIN_POLYGON 2 0 2
BEGIN_WINDING
POLYGON_POINT -120.801916295 37.757562055
POLYGON_POINT -120.801877447 37.757549836
END_WINDING
END_POLYGON
BEGIN_POLYGON 2 0 2
BEGIN_WINDING
POLYGON_POINT -120.801772533 37.757516877
POLYGON_POINT -120.801733686 37.757504657
END_WINDING
END_POLYGON
BEGIN_POLYGON 2 0 2
BEGIN_WINDING
POLYGON_POINT -120.801627569 37.757471698
POLYGON_POINT -120.801588721 37.757459479
END_WINDING
END_POLYGON
BEGIN_POLYGON 2 0 2
BEGIN_WINDING
POLYGON_POINT -120.801483807 37.757426995
POLYGON_POINT -120.801444959 37.757414776
END_WINDING
END_POLYGON
BEGIN_POLYGON 2 0 2
BEGIN_WINDING
POLYGON_POINT -120.801338843 37.757381341
POLYGON_POINT -120.801299995 37.757369122
END_WINDING
END_POLYGON
BEGIN_POLYGON 2 0 2
BEGIN_WINDING
POLYGON_POINT -120.801195081 37.757337589
POLYGON_POINT -120.801156234 37.757325370
END_WINDING
END_POLYGON
BEGIN_POLYGON 2 0 2
BEGIN_WINDING
POLYGON_POINT -120.801050719 37.757291935
POLYGON_POINT -120.801011871 37.757279716
END_WINDING
END_POLYGON
BEGIN_POLYGON 2 0 2
BEGIN_WINDING
POLYGON_POINT -120.802618246 37.757736613
POLYGON_POINT -120.802599449 37.757775253
POLYGON_POINT -120.802560601 37.757762703
END_WINDING
END_POLYGON
BEGIN_POLYGON 2 0 2
BEGIN_WINDING
POLYGON_POINT -120.802475687 37.757691910
POLYGON_POINT -120.802456890 37.757730550
POLYGON_POINT -120.802418042 37.757718000
END_WINDING
END_POLYGON
BEGIN_POLYGON 2 0 2
BEGIN_WINDING
POLYGON_POINT -120.802331324 37.757646732
POLYGON_POINT -120.802312526 37.757685371
POLYGON_POINT -120.802273678 37.757672822
END_WINDING
END_POLYGON
BEGIN_POLYGON 2 0 2
BEGIN_WINDING
POLYGON_POINT -120.802184554 37.757601553
POLYGON_POINT -120.802165756 37.757640193
POLYGON_POINT -120.802126909 37.757627643
END_WINDING
END_POLYGON
BEGIN_POLYGON 2 0 2
BEGIN_WINDING
POLYGON_POINT -120.802043198 37.757556850
POLYGON_POINT -120.802024401 37.757595490
POLYGON_POINT -120.801985553 37.757582940
END_WINDING
END_POLYGON
BEGIN_POLYGON 2 0 2
BEGIN_WINDING
POLYGON_POINT -120.801895827 37.757511196
POLYGON_POINT -120.801877030 37.757549836
POLYGON_POINT -120.801838182 37.757537286
END_WINDING
END_POLYGON
BEGIN_POLYGON 2 0 2
BEGIN_WINDING
POLYGON_POINT -120.801752065 37.757466018
POLYGON_POINT -120.801733268 37.757504657
POLYGON_POINT -120.801694420 37.757492108
END_WINDING
END_POLYGON
BEGIN_POLYGON 2 0 2
BEGIN_WINDING
POLYGON_POINT -120.801607101 37.757420839
POLYGON_POINT -120.801588303 37.757459479
POLYGON_POINT -120.801549456 37.757446929
END_WINDING
END_POLYGON
BEGIN_POLYGON 2 0 2
BEGIN_WINDING
POLYGON_POINT -120.801463339 37.757376136
POLYGON_POINT -120.801444542 37.757414776
POLYGON_POINT -120.801405694 37.757402226
END_WINDING
END_POLYGON
BEGIN_POLYGON 2 0 2
BEGIN_WINDING
POLYGON_POINT -120.801318374 37.757330482
POLYGON_POINT -120.801299577 37.757369122
POLYGON_POINT -120.801260729 37.757356572
END_WINDING
END_POLYGON
BEGIN_POLYGON 2 0 2
BEGIN_WINDING
POLYGON_POINT -120.801174613 37.757286730
POLYGON_POINT -120.801155816 37.757325370
POLYGON_POINT -120.801116968 37.757312820
END_WINDING
END_POLYGON
BEGIN_POLYGON 2 0 2
BEGIN_WINDING
POLYGON_POINT -120.801030250 37.757241076
POLYGON_POINT -120.801011453 37.757279716
POLYGON_POINT -120.800972606 37.757267166
END_WINDING
END_POLYGON
FILTER -1
FILTER 0
FILTER -1
FILTER 0
FILTER -1
FILTER 0
FILTER -1
FILTER 0
FILTER -1
FILTER 0
OBJECT 0 -120.802447744 37.757743164 22.610001
OBJECT 0 -120.800139939 37.757331018 111.989998
OBJECT 1 -120.797772979 37.756832609 271.350006
OBJECT 2 -120.803372812 37.758089078 21.370001
OBJECT 3 -120.803186654 37.758031998 21.370001
OBJECT 4 -120.798369374 37.756515385 0.410000
OBJECT 4 -120.797952626 37.756522380 0.410000
OBJECT 2 -120.803000848 37.757974653 21.370001
OBJECT 5 -120.802074669 37.758108733 21.370001
OBJECT 5 -120.802185430 37.757822362 21.370001
OBJECT 5 -120.801456719 37.757916149 21.370001
OBJECT 5 -120.801567483 37.757629778 21.370001
OBJECT 5 -120.800841025 37.757723648 21.370001
OBJECT 5 -120.800951791 37.757437276 21.370001
OBJECT 5 -120.800693672 37.757388461 111.809998
OBJECT 5 -120.802197434 37.758146628 21.370001
OBJECT 5 -120.802308195 37.757860256 21.370001
OBJECT 5 -120.801579484 37.757954044 21.370001
OBJECT 5 -120.801690247 37.757667672 21.370001
OBJECT 5 -120.800963789 37.757761542 21.370001
OBJECT 5 -120.801074555 37.757475171 21.370001
OBJECT 5 -120.800644799 37.757485225 111.809998
OBJECT 5 -120.802320626 37.758185511 21.370001
OBJECT 5 -120.802431386 37.757899139 21.370001
OBJECT 5 -120.801702676 37.757992927 21.370001
OBJECT 5 -120.801813439 37.757706555 21.370001
OBJECT 5 -120.801086980 37.757800425 21.370001
OBJECT 5 -120.801197746 37.757514054 21.370001
OBJECT 5 -120.800594673 37.757582319 111.809998
OBJECT 5 -120.802444223 37.758223070 21.370001
OBJECT 5 -120.802554983 37.757936698 21.370001
OBJECT 5 -120.801826272 37.758030486 21.370001
OBJECT 5 -120.801937035 37.757744114 21.370001
OBJECT 5 -120.801210577 37.757837985 21.370001
OBJECT 5 -120.801321342 37.757551613 21.370001
OBJECT 5 -120.800546217 37.757679744 111.809998
OBJECT 5 -120.802723494 37.758058592 292.149994
OBJECT 5 -120.801948634 37.758068549 21.370001
OBJECT 5 -120.802059396 37.757782178 21.370001
OBJECT 5 -120.801332938 37.757876048 21.370001
OBJECT 5 -120.801443703 37.757589676 21.370001
OBJECT 5 -120.800497134 37.757776188 111.809998
OBJECT 5 -120.802103947 37.757982932 201.750000
OBJECT 5 -120.801486000 37.757790348 201.750000
OBJECT 5 -120.800870308 37.757597846 201.750000
OBJECT 5 -120.800625915 37.757734615 292.190002
OBJECT 5 -120.800491207 37.757322808 292.190002
OBJECT 5 -120.802226718 37.758021487 201.750000
OBJECT 5 -120.801608771 37.757828903 201.750000
OBJECT 5 -120.800993078 37.757636401 201.750000
OBJECT 5 -120.800441499 37.757419572 292.190002
OBJECT 5 -120.802349906 37.758060039 201.750000
OBJECT 5 -120.801731959 37.757867455 201.750000
OBJECT 5 -120.801116266 37.757674954 201.750000
OBJECT 5 -120.800391790 37.757516666 292.190002
OBJECT 5 -120.802474351 37.758098915 201.750000
OBJECT 5 -120.801856403 37.757906330 201.750000
OBJECT 5 -120.801240710 37.757713829 201.750000
OBJECT 5 -120.800341664 37.757614751 292.190002
OBJECT 5 -120.802672925 37.758156380 292.149994
OBJECT 5 -120.801978891 37.757945059 201.750000
OBJECT 5 -120.801363198 37.757752558 201.750000
OBJECT 5 -120.800291739 37.757711290 292.190002
OBJECT 6 -120.799057558 37.756867032 201.570007
OBJECT 6 -120.799743479 37.757479681 201.570007
OBJECT 6 -120.799743479 37.757479681 201.570007
OBJECT 6 -120.799213512 37.756916014 201.570007
OBJECT 6 -120.799899435 37.757528663 201.570007
OBJECT 7 -120.798663488 37.757593887 0.000000
OBJECT 8 -120.799057909 37.757368955 21.459999
OBJECT 9 -120.799475305 37.756897739 20.510000
OBJECT 10 -120.797710024 37.756398337 357.880005
OBJECT 11 -120.805584836 37.756708519 0.000000
OBJECT 12 -120.805805193 37.756512215 0.000000
OBJECT 12 -120.806152798 37.756514669 0.000000
OBJECT 12 -120.806953544 37.757385769 0.000000
OBJECT 12 -120.806959752 37.757454475 0.000000
OBJECT 12 -120.803061190 37.758300253 0.000000
OBJECT 12 -120.802659208 37.758292622 0.000000
OBJECT 13 -120.797486521 37.757017603 0.000000
OBJECT 13 -120.801470085 37.758098375 0.000000
OBJECT 13 -120.801345939 37.758071384 0.000000
OBJECT 13 -120.801240415 37.758044392 0.000000
OBJECT 13 -120.801150409 37.758024761 0.000000
OBJECT 13 -120.801038677 37.757980593 0.000000
OBJECT 13 -120.800942464 37.757951147 0.000000
OBJECT 13 -120.800843147 37.757919248 0.000000
OBJECT 13 -120.800740727 37.757914340 0.000000
OBJECT 13 -120.800625892 37.757884895 0.000000
OBJECT 13 -120.800517264 37.757882441 0.000000
OBJECT 13 -120.800396221 37.757889802 0.000000
OBJECT 13 -120.800272075 37.757860357 0.000000
OBJECT 13 -120.800061026 37.757862810 0.000000
OBJECT 13 -120.799949295 37.757860357 0.000000
OBJECT 13 -120.799846875 37.757860357 0.000000
OBJECT 13 -120.799725834 37.757857903 0.000000
OBJECT 13 -120.799611000 37.757855449 0.000000
OBJECT 13 -120.799524098 37.757867718 0.000000
OBJECT 13 -120.799446507 37.757862810 0.000000
OBJECT 13 -120.799350295 37.757860357 0.000000
OBJECT 13 -120.799250979 37.757852995 0.000000
OBJECT 13 -120.799164077 37.757848088 0.000000
OBJECT 13 -120.799033725 37.757845634 270.000000
OBJECT 13 -120.798906476 37.757835819 0.000000
OBJECT 13 -120.800107580 37.757671414 0.000000
OBJECT 13 -120.800098269 37.757573262 0.000000
OBJECT 13 -120.799475229 37.757185765 0.000000
OBJECT 14 -120.799337527 37.757157531 201.500000
OBJECT 14 -120.799361814 37.757165058 201.500000
OBJECT 15 -120.799334507 37.757132339 22.620001
OBJECT 15 -120.799359770 37.757141850 22.620001
OBJECT 15 -120.799382628 37.757149935 22.620001
OBJECT 16 -120.799638151 37.757432250 21.959999
OBJECT 17 -120.799658108 37.757388860 22.139999
OBJECT 17 -120.799681807 37.757340540 22.139999
OBJECT 17 -120.799239018 37.757213329 242.300003
OBJECT 17 -120.799330071 37.757176843 284.239990
OBJECT 17 -120.799403661 37.757202482 291.730011
OBJECT 17 -120.799194116 37.757287289 205.039993
OBJECT 18 -120.799014139 37.757635552 201.460007
BEGIN_POLYGON 11 10 3
BEGIN_WINDING
POLYGON_POINT -120.800096662 37.757706107 0.000000000
POLYGON_POINT -120.800090647 37.757719977 0.000000000
POLYGON_POINT -120.800060070 37.757791312 0.000000000
POLYGON_POINT -120.800021974 37.757893954 0.000000000
POLYGON_POINT -120.800574396 37.757902506 0.000000000
POLYGON_POINT -120.800750265 37.757843339 0.000000000
POLYGON_POINT -120.802518943 37.758388667 0.000000000
POLYGON_POINT -120.802593781 37.758281179 0.000000000
POLYGON_POINT -120.807009244 37.758294985 0.000000000
POLYGON_POINT -120.807004655 37.756508378 0.000000000
POLYGON_POINT -120.802470300 37.756461755 0.000000000
POLYGON_POINT -120.802389611 37.754692564 0.000000000
POLYGON_POINT -120.800291624 37.754680295 0.000000000
POLYGON_POINT -120.799382301 37.753676690 0.000000000
END_WINDING
END_POLYGON
BEGIN_POLYGON 11 10 3
BEGIN_WINDING
POLYGON_POINT -120.799955306 37.757664098 0.000000000
POLYGON_POINT -120.800097664 37.757705710 0.000000000
POLYGON_POINT -120.800204433 37.757509144 0.000000000
POLYGON_POINT -120.800057563 37.757458021 0.000000000
END_WINDING
END_POLYGON
BEGIN_POLYGON 11 10 3
BEGIN_WINDING
POLYGON_POINT -120.793606086 37.755296791 0.000000000
POLYGON_POINT -120.796998463 37.756356698 0.000000000
POLYGON_POINT -120.797225768 37.756487987 0.000000000
POLYGON_POINT -120.797371325 37.756845754 0.000000000
POLYGON_POINT -120.797538229 37.757824103 0.000000000
POLYGON_POINT -120.797819623 37.757791490 0.000000000
POLYGON_POINT -120.797923078 37.757714809 0.000000000
POLYGON_POINT -120.798041621 37.757690953 0.000000000
POLYGON_POINT -120.798578738 37.757687511 0.000000000
END_WINDING
END_POLYGON
BEGIN_POLYGON 11 10 3
BEGIN_WINDING
POLYGON_POINT -120.798748594 37.757689230 0.000000000
POLYGON_POINT -120.798959548 37.757697137 0.000000000
POLYGON_POINT -120.798995928 37.757638244 0.000000000
END_WINDING
END_POLYGON
BEGIN_POLYGON 11 10 3
BEGIN_WINDING
POLYGON_POINT -120.799695219 37.757338283 0.000000000
POLYGON_POINT -120.799618885 37.757314616 3.000000000
POLYGON_POINT -120.799499159 37.757277439 0.000000000
POLYGON_POINT -120.799458733 37.757266098 0.000000000
POLYGON_POINT -120.799648820 37.756915826 0.000000000
POLYGON_POINT -120.799381819 37.756825883 0.000000000
POLYGON_POINT -120.799163140 37.757233038 0.000000000
POLYGON_POINT -120.799211277 37.757247620 0.000000000
POLYGON_POINT -120.799136208 37.757383441 0.000000000
POLYGON_POINT -120.799123937 37.757377734 0.000000000
POLYGON_POINT -120.799118163 37.757389148 0.000000000
END_WINDING
END_POLYGON
FILTER -1
OBJECT_DEF lib/airport/aircraft/general_aviation/prop_a.obj
OBJECT_DEF lib/airport/aircraft/general_aviation/turboprop_b.obj
OBJECT_DEF lib/airport/Common_Elements/Hangars/Sm_Brown_Hangar.agp
OBJECT_DEF lib/airport/Common_Elements/Hangars/Sm_Blue_Hangar.agp
OBJECT_DEF lib/airport/Common_Elements/Hangars/Long_Row_Beige.agp
OBJECT_DEF lib/airport/Common_Elements/Hangars/Sm_Gray_Hangar.agp
OBJECT_DEF lib/airport/European_Airports/hangars/25x20x5.obj
OBJECT_DEF lib/g10/US/industrial/light/FactA15x22.obj
OBJECT_DEF lib/g10/US/industrial/light/Warehse13x30Lt.obj
OBJECT_DEF lib/g10/US/industrial/light/Shed13x24.obj
OBJECT_DEF lib/airport/Common_Elements/Fueling_Stations/Small_Fuel_Station.obj
OBJECT_DEF lib/g10/forests/autogen_tree1.obj
OBJECT_DEF lib/g10/forests/autogen_tree3.obj
OBJECT_DEF lib/g10/forests/autogen_tree4.obj
OBJECT_DEF lib/airport/Common_Elements/Miscellaneous/BBQ_Grill.obj
OBJECT_DEF lib/airport/Common_Elements/Miscellaneous/Picnic_Table.obj
OBJECT_DEF lib/airport/Common_Elements/Parking_Items/Row_of_Cars_4.agp
OBJECT_DEF lib/airport/Common_Elements/Parking_Items/Row_of_Cars_2.agp
OBJECT_DEF lib/airport/Common_Elements/Parking_Items/Row_of_Cars_10.agp
POLYGON_DEF lib/airport/pavement/concrete_6L.pol
POLYGON_DEF lib/airport/markings/DrapedRwySigns.pol
POLYGON_DEF lib/airport/lines/20_road_edge.lin
POLYGON_DEF lib/airport/markings/DrapedDirSigns.pol
POLYGON_DEF lib/airport/lines/24_road_edge_wide.lin
POLYGON_DEF lib/airport/lines/safety_area_yellow.pol
POLYGON_DEF lib/airport/lines/safety_area_white.pol
POLYGON_DEF lib/airport/pavement/asphalt_2L.pol
POLYGON_DEF lib/airport/pavement/asphalt_5L.pol
POLYGON_DEF lib/airport/pavement/asphalt_4L.pol
POLYGON_DEF lib/airport/pavement/asphalt_1D.pol
POLYGON_DEF lib/airport/Common_Elements/Fence_Facades/Fence.fac
PROPERTY sim/filter/aptid O27
PROPERTY sim/exclude_obj -120.796937/37.754470/-120.794780/37.755892
PROPERTY sim/exclude_fac -120.796937/37.754470/-120.794780/37.755892
PROPERTY sim/exclude_for -120.796937/37.754470/-120.794780/37.755892
PROPERTY sim/exclude_bch -120.796937/37.754470/-120.794780/37.755892
PROPERTY sim/exclude_lin -120.796937/37.754470/-120.794780/37.755892
PROPERTY sim/exclude_pol -120.796937/37.754470/-120.794780/37.755892
PROPERTY sim/exclude_str -120.796937/37.754470/-120.794780/37.755892
PROPERTY sim/exclude_obj -120.801072/37.755519/-120.799998/37.756323
PROPERTY sim/exclude_fac -120.801072/37.755519/-120.799998/37.756323
PROPERTY sim/exclude_for -120.801072/37.755519/-120.799998/37.756323
PROPERTY sim/exclude_bch -120.801072/37.755519/-120.799998/37.756323
PROPERTY sim/exclude_lin -120.801072/37.755519/-120.799998/37.756323
PROPERTY sim/exclude_pol -120.801072/37.755519/-120.799998/37.756323
PROPERTY sim/exclude_str -120.801072/37.755519/-120.799998/37.756323
PROPERTY sim/exclude_obj -120.800120/37.755101/-120.796318/37.756433
PROPERTY sim/exclude_fac -120.800120/37.755101/-120.796318/37.756433
PROPERTY sim/exclude_for -120.800120/37.755101/-120.796318/37.756433
PROPERTY sim/exclude_bch -120.800120/37.755101/-120.796318/37.756433
PROPERTY sim/exclude_lin -120.800120/37.755101/-120.796318/37.756433
PROPERTY sim/exclude_pol -120.800120/37.755101/-120.796318/37.756433
PROPERTY sim/exclude_str -120.800120/37.755101/-120.796318/37.756433
PROPERTY sim/exclude_obj -120.803091/37.756478/-120.801495/37.757482
PROPERTY sim/exclude_fac -120.803091/37.756478/-120.801495/37.757482
PROPERTY sim/exclude_for -120.803091/37.756478/-120.801495/37.757482
PROPERTY sim/exclude_bch -120.803091/37.756478/-120.801495/37.757482
PROPERTY sim/exclude_lin -120.803091/37.756478/-120.801495/37.757482
PROPERTY sim/exclude_pol -120.803091/37.756478/-120.801495/37.757482
PROPERTY sim/exclude_str -120.803091/37.756478/-120.801495/37.757482
PROPERTY sim/exclude_obj -120.806119/37.756890/-120.803091/37.758293
PROPERTY sim/exclude_fac -120.806119/37.756890/-120.803091/37.758293
PROPERTY sim/exclude_for -120.806119/37.756890/-120.803091/37.758293
PROPERTY sim/exclude_bch -120.806119/37.756890/-120.803091/37.758293
PROPERTY sim/exclude_lin -120.806119/37.756890/-120.803091/37.758293
PROPERTY sim/exclude_pol -120.806119/37.756890/-120.803091/37.758293
PROPERTY sim/exclude_str -120.806119/37.756890/-120.803091/37.758293
PROPERTY sim/exclude_obj -120.803123/37.757829/-120.801409/37.758409
PROPERTY sim/exclude_fac -120.803123/37.757829/-120.801409/37.758409
PROPERTY sim/exclude_for -120.803123/37.757829/-120.801409/37.758409
PROPERTY sim/exclude_bch -120.803123/37.757829/-120.801409/37.758409
PROPERTY sim/exclude_lin -120.803123/37.757829/-120.801409/37.758409
PROPERTY sim/exclude_pol -120.803123/37.757829/-120.801409/37.758409
PROPERTY sim/exclude_str -120.803123/37.757829/-120.801409/37.758409
PROPERTY sim/exclude_obj -120.802952/37.757295/-120.802838/37.757353
PROPERTY sim/exclude_fac -120.802952/37.757295/-120.802838/37.757353
PROPERTY sim/exclude_for -120.802952/37.757295/-120.802838/37.757353
PROPERTY sim/exclude_bch -120.802952/37.757295/-120.802838/37.757353
PROPERTY sim/exclude_lin -120.802952/37.757295/-120.802838/37.757353
PROPERTY sim/exclude_pol -120.802952/37.757295/-120.802838/37.757353
PROPERTY sim/exclude_str -120.802952/37.757295/-120.802838/37.757353
PROPERTY sim/exclude_obj -120.802830/37.757353/-120.800657/37.758128
PROPERTY sim/exclude_fac -120.802830/37.757353/-120.800657/37.758128
PROPERTY sim/exclude_for -120.802830/37.757353/-120.800657/37.758128
PROPERTY sim/exclude_bch -120.802830/37.757353/-120.800657/37.758128
PROPERTY sim/exclude_lin -120.802830/37.757353/-120.800657/37.758128
PROPERTY sim/exclude_pol -120.802830/37.757353/-120.800657/37.758128
PROPERTY sim/exclude_str -120.802830/37.757353/-120.800657/37.758128
PROPERTY sim/exclude_obj -120.801845/37.756233/-120.797288/37.757912
PROPERTY sim/exclude_fac -120.801845/37.756233/-120.797288/37.757912
PROPERTY sim/exclude_for -120.801845/37.756233/-120.797288/37.757912
PROPERTY sim/exclude_bch -120.801845/37.756233/-120.797288/37.757912
PROPERTY sim/exclude_lin -120.801845/37.756233/-120.797288/37.757912
PROPERTY sim/exclude_pol -120.801845/37.756233/-120.797288/37.757912
PROPERTY sim/exclude_str -120.801845/37.756233/-120.797288/37.757912
PROPERTY sim/require_agpoint 1/0
PROPERTY sim/require_object 1/0
PROPERTY sim/require_facade 1/11
PROPERTY sim/require_facade 6/0
