PROPERTY sim/west -180
PROPERTY sim/east 180
PROPERTY sim/north 90
PROPERTY sim/south -90
PROPERTY sim/planet earth
PROPERTY sim/creation_agent WorldEditor1.7.1r2
PROPERTY laminar/internal_revision 0
PROPERTY sim/overlay 1
FILTER 0
BEGIN_POLYGON 0 255 2
BEGIN_WINDING
POLYGON_POINT 53.189350900 36.638545549
POLYGON_POINT 53.190180455 36.639050997
POLYGON_POINT 53.188819321 36.642120444
POLYGON_POINT 53.187933539 36.641975204
END_WINDING
END_POLYGON
BEGIN_POLYGON 1 0 2
BEGIN_WINDING
POLYGON_POINT 53.193641098 36.633873955
POLYGON_POINT 53.195114146 36.634387202
POLYGON_POINT 53.195707253 36.636103062
POLYGON_POINT 53.195465923 36.636641510
POLYGON_POINT 53.194297168 36.636363226
POLYGON_POINT 53.193010082 36.639447357
POLYGON_POINT 53.191433486 36.638993945
END_WINDING
END_POLYGON
BEGIN_POLYGON 1 0 2
BEGIN_WINDING
POLYGON_POINT 53.198487725 36.633167927
POLYGON_POINT 53.198898120 36.635036189
POLYGON_POINT 53.198918662 36.635173400
POLYGON_POINT 53.198725517 36.635351122
POLYGON_POINT 53.198686888 36.635888421
POLYGON_POINT 53.197210943 36.637303879
POLYGON_POINT 53.196955685 36.637837859
POLYGON_POINT 53.196819067 36.637976385
POLYGON_POINT 53.196642707 36.637965423
POLYGON_POINT 53.195134824 36.637581318
POLYGON_POINT 53.195423055 36.636911206
POLYGON_POINT 53.195826578 36.635900429
POLYGON_POINT 53.196442817 36.634430930
POLYGON_POINT 53.196677113 36.634166241
POLYGON_POINT 53.196576725 36.634031701
POLYGON_POINT 53.196574655 36.633812451
POLYGON_POINT 53.195942073 36.633502077
END_WINDING
END_POLYGON
BEGIN_POLYGON 2 0 4
BEGIN_WINDING
POLYGON_POINT 53.196401582 36.634499068 53.196401582 36.634499068
POLYGON_POINT 53.196426209 36.634491078 53.196437352 36.634473641
POLYGON_POINT 53.196580570 36.634293904 53.196580570 36.634293904
POLYGON_POINT 53.196474700 36.634127302 53.196454001 36.634050481
POLYGON_POINT 53.196437270 36.633947932 53.196437270 36.633947932
POLYGON_POINT 53.195883095 36.633774669 53.195883095 36.633774669
POLYGON_POINT 53.195864485 36.633639898 53.195864485 36.633639898
POLYGON_POINT 53.198200885 36.633293809 53.198200885 36.633293809
POLYGON_POINT 53.198543276 36.633243091 53.198543276 36.633243091
POLYGON_POINT 53.199582948 36.633089086 53.199582948 36.633089086
POLYGON_POINT 53.199636418 36.633131302 53.199636418 36.633131302
POLYGON_POINT 53.199835881 36.634515039 53.199835881 36.634515039
POLYGON_POINT 53.199646143 36.634640997 53.199646143 36.634640997
POLYGON_POINT 53.199773192 36.635204874 53.199773192 36.635204874
POLYGON_POINT 53.199706783 36.635288615 53.199621400 36.635303149
POLYGON_POINT 53.198853828 36.635397647 53.198853828 36.635397647
POLYGON_POINT 53.198700192 36.635620152 53.198748478 36.635822500
POLYGON_POINT 53.198700192 36.635620152 53.198700192 36.635620152
POLYGON_POINT 53.198700192 36.635620152 53.198708650 36.635655597
POLYGON_POINT 53.198744101 36.635825682 53.198764001 36.635922475
POLYGON_POINT 53.198744101 36.635825682 53.198744101 36.635825682
POLYGON_POINT 53.198744101 36.635825682 53.198837804 36.636281458
POLYGON_POINT 53.199027925 36.637258302 53.199027925 36.637258302
POLYGON_POINT 53.197174850 36.637460812 53.197174850 36.637460812
POLYGON_POINT 53.196893939 36.638094279 53.196893939 36.638094279
POLYGON_POINT 53.196568351 36.638144454 53.196298824 36.638060828
POLYGON_POINT 53.196039433 36.637990051 53.196039433 36.637990051
POLYGON_POINT 53.195941532 36.638006640 53.195914912 36.638056703
POLYGON_POINT 53.195867432 36.638172300 53.195867432 36.638172300
POLYGON_POINT 53.194949806 36.637922042 53.194949806 36.637922042
POLYGON_POINT 53.195365039 36.636946137 53.195365039 36.636946137
POLYGON_POINT 53.195345202 36.636851323 53.195365901 36.636794573
POLYGON_POINT 53.195398675 36.636665154 53.195398675 36.636665154
POLYGON_POINT 53.194376372 36.636392614 53.194376372 36.636392614
POLYGON_POINT 53.194388772 36.636363496 53.194388772 36.636363496
POLYGON_POINT 53.195357108 36.636601647 53.195357108 36.636601647
POLYGON_POINT 53.195448446 36.636569606 53.195462920 36.636527152
POLYGON_POINT 53.195640526 36.636144943 53.195640526 36.636144943
POLYGON_POINT 53.195716413 36.636166090 53.195716413 36.636166090
POLYGON_POINT 53.196023499 36.635418947 53.196023499 36.635418947
END_WINDING
BEGIN_WINDING
POLYGON_POINT 53.195591764 36.637061850 53.195591764 36.637061850
POLYGON_POINT 53.195502921 36.637041825 53.195468482 36.637026205
POLYGON_POINT 53.195432047 36.637002575 53.195432047 36.637002575
POLYGON_POINT 53.195192828 36.637571102 53.195192828 36.637571102
POLYGON_POINT 53.195258546 36.637665555 53.195349636 36.637697929
POLYGON_POINT 53.196593562 36.638052811 53.196593562 36.638052811
POLYGON_POINT 53.196834092 36.637951597 53.196888716 36.637829330
POLYGON_POINT 53.196990944 36.637587384 53.196990944 36.637587384
POLYGON_POINT 53.196867030 36.637608012 53.196802329 36.637593642
POLYGON_POINT 53.196780840 36.637578901 53.196780840 36.637578901
POLYGON_POINT 53.196627122 36.637915702 53.196627122 36.637915702
POLYGON_POINT 53.195375487 36.637559834 53.195375487 36.637559834
END_WINDING
BEGIN_WINDING
POLYGON_POINT 53.197190736 36.637263103 53.197190736 36.637263103
POLYGON_POINT 53.197190736 36.637263103 53.197206548 36.637235420
POLYGON_POINT 53.197159831 36.637200816 53.197159831 36.637200816
POLYGON_POINT 53.196835684 36.637108539 53.196835684 36.637108539
POLYGON_POINT 53.196712062 36.637366337 53.196684750 36.637420550
POLYGON_POINT 53.196846464 36.637546854 53.196990929 36.637586072
POLYGON_POINT 53.197057771 36.637452270 53.197057771 36.637452270
POLYGON_POINT 53.197190736 36.637263103 53.197206548 36.637235420
END_WINDING
BEGIN_WINDING
POLYGON_POINT 53.195568306 36.637535015 53.195568306 36.637535015
POLYGON_POINT 53.195568306 36.637535015 53.195673121 36.637567456
POLYGON_POINT 53.195721037 36.637497367 53.195721037 36.637497367
POLYGON_POINT 53.195788732 36.637336334 53.195817847 36.637272586
POLYGON_POINT 53.195725926 36.637228197 53.195725926 36.637228197
POLYGON_POINT 53.195565768 36.637182573 53.195565768 36.637182573
POLYGON_POINT 53.195439101 36.637494602 53.195439101 36.637494602
POLYGON_POINT 53.195568306 36.637535015 53.195673121 36.637567456
END_WINDING
BEGIN_WINDING
POLYGON_POINT 53.195614660 36.637012381 53.195614660 36.637012381
POLYGON_POINT 53.195787687 36.637061110 53.195787687 36.637061110
POLYGON_POINT 53.195890421 36.637005372 53.195924527 36.636937286
POLYGON_POINT 53.195881271 36.636860188 53.195810563 36.636835824
POLYGON_POINT 53.195706550 36.636803394 53.195706550 36.636803394
END_WINDING
BEGIN_WINDING
POLYGON_POINT 53.196612127 36.637115354 53.196612127 36.637115354
POLYGON_POINT 53.196612127 36.637115354 53.196651409 36.637126016
POLYGON_POINT 53.196660364 36.637106083 53.196660364 36.637106083
POLYGON_POINT 53.196673408 36.637059635 53.196673408 36.637059635
POLYGON_POINT 53.196607339 36.637041203 53.196607339 36.637041203
POLYGON_POINT 53.195993717 36.636870011 53.195993717 36.636870011
POLYGON_POINT 53.195968326 36.636927816 53.195968326 36.636927816
POLYGON_POINT 53.196612127 36.637115354 53.196651409 36.637126016
END_WINDING
BEGIN_WINDING
POLYGON_POINT 53.196202013 36.636081223 53.196202013 36.636081223
POLYGON_POINT 53.196257713 36.635986543 53.196276280 36.635942808
POLYGON_POINT 53.196288456 36.635862899 53.196288456 36.635862899
POLYGON_POINT 53.195891743 36.635773008 53.195891743 36.635773008
POLYGON_POINT 53.195811541 36.635993324 53.195811541 36.635993324
END_WINDING
BEGIN_WINDING
POLYGON_POINT 53.196291715 36.635837343 53.196291715 36.635837343
POLYGON_POINT 53.196276622 36.635785437 53.196263685 36.635747949
POLYGON_POINT 53.196136472 36.635551284 53.196073944 36.635450933
POLYGON_POINT 53.196024339 36.635468396 53.196024339 36.635468396
POLYGON_POINT 53.195903121 36.635751077 53.195903121 36.635751077
END_WINDING
BEGIN_WINDING
POLYGON_POINT 53.196485659 36.635454193 53.196485659 36.635454193
POLYGON_POINT 53.196485659 36.635454193 53.196501256 36.635414977
POLYGON_POINT 53.196467982 36.635410248 53.196467982 36.635410248
POLYGON_POINT 53.196377173 36.635415811 53.196377173 36.635415811
POLYGON_POINT 53.196217305 36.635460747 53.196175183 36.635469825
POLYGON_POINT 53.196200937 36.635497059 53.196200937 36.635497059
POLYGON_POINT 53.196266212 36.635588636 53.196282098 36.635615870
POLYGON_POINT 53.196333839 36.635722417 53.196355903 36.635764265
POLYGON_POINT 53.196376505 36.635727446 53.196376505 36.635727446
POLYGON_POINT 53.196485659 36.635454193 53.196501256 36.635414977
END_WINDING
BEGIN_WINDING
POLYGON_POINT 53.196162615 36.635145108 53.196162615 36.635145108
POLYGON_POINT 53.196073917 36.635356723 53.196055201 36.635405118
POLYGON_POINT 53.196130760 36.635388430 53.196130760 36.635388430
POLYGON_POINT 53.196542082 36.635251566 53.196542082 36.635251566
END_WINDING
BEGIN_WINDING
POLYGON_POINT 53.196681141 36.635112610 53.196681141 36.635112610
POLYGON_POINT 53.196772193 36.634916829 53.196772193 36.634916829
POLYGON_POINT 53.196307263 36.634789851 53.196307263 36.634789851
POLYGON_POINT 53.196227268 36.634987182 53.196227268 36.634987182
END_WINDING
BEGIN_WINDING
POLYGON_POINT 53.196771149 36.634858315 53.196771149 36.634858315
POLYGON_POINT 53.196823760 36.634734950 53.196823760 36.634734950
POLYGON_POINT 53.196382685 36.634615946 53.196382685 36.634615946
POLYGON_POINT 53.196335421 36.634729249 53.196335421 36.634729249
END_WINDING
BEGIN_WINDING
POLYGON_POINT 53.197322643 36.636652994 53.197322643 36.636652994
POLYGON_POINT 53.197413801 36.636588895 53.197413801 36.636588895
POLYGON_POINT 53.197728222 36.636438359 53.198006367 36.636294753
POLYGON_POINT 53.198076877 36.636207731 53.198076877 36.636207731
POLYGON_POINT 53.198236433 36.636158132 53.198325554 36.636085464
POLYGON_POINT 53.198277400 36.636022023 53.198277400 36.636022023
POLYGON_POINT 53.198500921 36.635736541 53.198578542 36.635607930
POLYGON_POINT 53.198642033 36.635448287 53.198642033 36.635448287
POLYGON_POINT 53.198833425 36.635292510 53.198833425 36.635292510
POLYGON_POINT 53.198810666 36.635226186 53.198810666 36.635226186
POLYGON_POINT 53.198561652 36.635428254 53.198561652 36.635428254
POLYGON_POINT 53.198425370 36.635720228 53.198391590 36.635793473
POLYGON_POINT 53.198225566 36.635978604 53.198225566 36.635978604
POLYGON_POINT 53.198076073 36.636034547 53.198004201 36.636098564
POLYGON_POINT 53.198031513 36.636162581 53.198031513 36.636162581
POLYGON_POINT 53.197771336 36.636341368 53.197645560 36.636422110
POLYGON_POINT 53.197414930 36.636517381 53.197414930 36.636517381
POLYGON_POINT 53.197245648 36.636624517 53.197245648 36.636624517
END_WINDING
BEGIN_WINDING
POLYGON_POINT 53.198408152 36.633355532 53.198408152 36.633355532
POLYGON_POINT 53.198394920 36.633345473 53.198386563 36.633346125
POLYGON_POINT 53.198386973 36.633353453 53.198386973 36.633353453
POLYGON_POINT 53.198787863 36.635171137 53.198787863 36.635171137
POLYGON_POINT 53.198805915 36.635184550 53.198823131 36.635184416
POLYGON_POINT 53.198815176 36.635166933 53.198815176 36.635166933
END_WINDING
BEGIN_WINDING
POLYGON_POINT 53.198686846 36.635086643 53.198686846 36.635086643
POLYGON_POINT 53.198686846 36.635086643 53.198687682 36.635093349
POLYGON_POINT 53.198708910 36.635100593 53.198720778 36.635100995
POLYGON_POINT 53.198717434 36.635087064 53.198717434 36.635087064
POLYGON_POINT 53.198336885 36.633404056 53.198336885 36.633404056
POLYGON_POINT 53.198324850 36.633396142 53.198316827 36.633396679
POLYGON_POINT 53.198317663 36.633406738 53.198317663 36.633406738
POLYGON_POINT 53.198686846 36.635086643 53.198687682 36.635093349
END_WINDING
BEGIN_WINDING
POLYGON_POINT 53.198674323 36.635184982 53.198674323 36.635184982
POLYGON_POINT 53.198674323 36.635184982 53.198669509 36.635202365
POLYGON_POINT 53.198653463 36.635210091 53.198653463 36.635210091
POLYGON_POINT 53.198620367 36.635178705 53.198593289 36.635159873
POLYGON_POINT 53.198536670 36.635175394 53.198536670 36.635175394
POLYGON_POINT 53.198543857 36.635190819 53.198599852 36.635188405
POLYGON_POINT 53.198613726 36.635224888 53.198618239 36.635237094
POLYGON_POINT 53.198595005 36.635254531 53.198595005 36.635254531
POLYGON_POINT 53.198452416 36.635380791 53.198452416 36.635380791
POLYGON_POINT 53.198489503 36.635381904 53.198489503 36.635381904
POLYGON_POINT 53.198553624 36.635321828 53.198575460 36.635300968
POLYGON_POINT 53.198678608 36.635216537 53.198701484 36.635195677
POLYGON_POINT 53.198704471 36.635161859 53.198704471 36.635161859
POLYGON_POINT 53.198698654 36.635148661 53.198690631 36.635145442
POLYGON_POINT 53.198687823 36.635151558 53.198687823 36.635151558
POLYGON_POINT 53.198674323 36.635184982 53.198669509 36.635202365
END_WINDING
BEGIN_WINDING
POLYGON_POINT 53.197456256 36.635122157 53.197456256 36.635122157
POLYGON_POINT 53.197456256 36.635122157 53.197416108 36.635120535
POLYGON_POINT 53.197408599 36.635150898 53.197408599 36.635150898
POLYGON_POINT 53.197344113 36.635306973 53.197344113 36.635306973
POLYGON_POINT 53.197435337 36.635316630 53.197477459 36.635327060
POLYGON_POINT 53.197495029 36.635340580 53.197495029 36.635340580
POLYGON_POINT 53.197530233 36.635257991 53.197530233 36.635257991
POLYGON_POINT 53.197476461 36.635194910 53.197430007 36.635183321
POLYGON_POINT 53.197402568 36.635203408 53.197402568 36.635203408
POLYGON_POINT 53.197426638 36.635154542 53.197433137 36.635139670
POLYGON_POINT 53.197454294 36.635138468 53.197454294 36.635138468
POLYGON_POINT 53.198444912 36.635186202 53.198444912 36.635186202
POLYGON_POINT 53.198461954 36.635173454 53.198463109 36.635160706
POLYGON_POINT 53.198446357 36.635156535 53.198446357 36.635156535
POLYGON_POINT 53.197456256 36.635122157 53.197416108 36.635120535
END_WINDING
BEGIN_WINDING
POLYGON_POINT 53.198212580 36.635821059 53.198212580 36.635821059
POLYGON_POINT 53.198143606 36.635878910 53.198101667 36.635912564
POLYGON_POINT 53.197977582 36.635973753 53.197908608 36.636035220
POLYGON_POINT 53.197903756 36.636121162 53.197903756 36.636121162
POLYGON_POINT 53.197673325 36.636273839 53.197536416 36.636354497
POLYGON_POINT 53.197344011 36.636435274 53.197282315 36.636468650
POLYGON_POINT 53.197243106 36.636498002 53.197210852 36.636518475
POLYGON_POINT 53.197181728 36.636510170 53.197181728 36.636510170
POLYGON_POINT 53.196908047 36.636433618 53.196875954 36.636423800
POLYGON_POINT 53.196880768 36.636406900 53.196880768 36.636406900
POLYGON_POINT 53.196924344 36.636308555 53.196924344 36.636308555
POLYGON_POINT 53.196991706 36.636353622 53.197041684 36.636361804
POLYGON_POINT 53.197061743 36.636325321 53.197061743 36.636325321
POLYGON_POINT 53.197093502 36.636250611 53.197093502 36.636250611
POLYGON_POINT 53.196945248 36.636209425 53.196945248 36.636209425
POLYGON_POINT 53.196861196 36.636387787 53.196839292 36.636430665
POLYGON_POINT 53.196887673 36.636448435 53.196887673 36.636448435
POLYGON_POINT 53.197169960 36.636535259 53.197218774 36.636551947
POLYGON_POINT 53.197255167 36.636523902 53.197255167 36.636523902
POLYGON_POINT 53.197388566 36.636445521 53.197451454 36.636406111
POLYGON_POINT 53.197693911 36.636298881 53.197859866 36.636202425
POLYGON_POINT 53.197944126 36.636124437 53.197944126 36.636124437
POLYGON_POINT 53.198004851 36.635993271 53.198051851 36.635925518
POLYGON_POINT 53.198169142 36.635902823 53.198198673 36.635887136
POLYGON_POINT 53.198360883 36.635657512 53.198436997 36.635537026
POLYGON_POINT 53.198449628 36.635478550 53.198449628 36.635478550
POLYGON_POINT 53.198443129 36.635463098 53.198429169 36.635460973
POLYGON_POINT 53.198425799 36.635472562 53.198425799 36.635472562
END_WINDING
BEGIN_WINDING
POLYGON_POINT 53.196625189 36.636632068 53.196625189 36.636632068
POLYGON_POINT 53.196941208 36.636724910 53.196966481 36.636732958
POLYGON_POINT 53.196981124 36.636722496 53.196981124 36.636722496
POLYGON_POINT 53.197055688 36.636667611 53.197092290 36.636636238
POLYGON_POINT 53.197153543 36.636601803 53.197164776 36.636594882
POLYGON_POINT 53.197157154 36.636591019 53.197157154 36.636591019
POLYGON_POINT 53.196710089 36.636462288 53.196710089 36.636462288
END_WINDING
BEGIN_WINDING
POLYGON_POINT 53.197150073 36.636340389 53.197150073 36.636340389
POLYGON_POINT 53.197126338 36.636393102 53.197126338 36.636393102
POLYGON_POINT 53.197222355 36.636422044 53.197222355 36.636422044
POLYGON_POINT 53.197283506 36.636391247 53.197328218 36.636359818
POLYGON_POINT 53.197337576 36.636340627 53.197337576 36.636340627
POLYGON_POINT 53.197284199 36.636320880 53.197284199 36.636320880
POLYGON_POINT 53.197454157 36.635937291 53.197454157 36.635937291
POLYGON_POINT 53.197511926 36.635952502 53.197511926 36.635952502
POLYGON_POINT 53.197518858 36.635931410 53.197518858 36.635931410
POLYGON_POINT 53.197352820 36.635884969 53.197352820 36.635884969
POLYGON_POINT 53.197344155 36.635905636 53.197344155 36.635905636
POLYGON_POINT 53.197393906 36.635921527 53.197393906 36.635921527
POLYGON_POINT 53.197200798 36.636354463 53.197200798 36.636354463
END_WINDING
BEGIN_WINDING
POLYGON_POINT 53.197588663 36.635781922 53.197588663 36.635781922
POLYGON_POINT 53.197594931 36.635764783 53.197594931 36.635764783
POLYGON_POINT 53.197536439 36.635746862 53.197536439 36.635746862
POLYGON_POINT 53.197707933 36.635364252 53.197707933 36.635364252
POLYGON_POINT 53.197769361 36.635377441 53.197769361 36.635377441
POLYGON_POINT 53.197765414 36.635299017 53.197749047 36.635259422
POLYGON_POINT 53.197726903 36.635243005 53.197726903 36.635243005
POLYGON_POINT 53.197638809 36.635216737 53.197638809 36.635216737
POLYGON_POINT 53.197627015 36.635252083 53.197627015 36.635252083
POLYGON_POINT 53.197683096 36.635266568 53.197683096 36.635266568
POLYGON_POINT 53.197478986 36.635732073 53.197478986 36.635732073
POLYGON_POINT 53.197419116 36.635718431 53.197419116 36.635718431
POLYGON_POINT 53.197413313 36.635735585 53.197413313 36.635735585
END_WINDING
BEGIN_WINDING
POLYGON_POINT 53.197895287 36.635327595 53.197895287 36.635327595
POLYGON_POINT 53.198019486 36.635362361 53.198019486 36.635362361
POLYGON_POINT 53.198055109 36.635293215 53.198055109 36.635293215
POLYGON_POINT 53.198017560 36.635226000 53.197968217 36.635211900
POLYGON_POINT 53.197921763 36.635255744 53.197921763 36.635255744
END_WINDING
BEGIN_WINDING
POLYGON_POINT 53.198218715 36.635286465 53.198218715 36.635286465
POLYGON_POINT 53.197968256 36.635848164 53.197968256 36.635848164
POLYGON_POINT 53.197914901 36.635835610 53.197914901 36.635835610
POLYGON_POINT 53.197904270 36.635868123 53.197904270 36.635868123
POLYGON_POINT 53.197958227 36.635878746 53.197958227 36.635878746
POLYGON_POINT 53.198017398 36.635866513 53.198060523 36.635848164
POLYGON_POINT 53.198059241 36.635829141 53.198059241 36.635829141
POLYGON_POINT 53.198282041 36.635321884 53.198297887 36.635287118
POLYGON_POINT 53.198266658 36.635268827 53.198266658 36.635268827
POLYGON_POINT 53.198181806 36.635236336 53.198181806 36.635236336
POLYGON_POINT 53.198166832 36.635268285 53.198166832 36.635268285
END_WINDING
BEGIN_WINDING
POLYGON_POINT 53.197514197 36.636189487 53.197514197 36.636189487
POLYGON_POINT 53.197569859 36.636246223 53.197620506 36.636253734
POLYGON_POINT 53.197631203 36.636226372 53.197631203 36.636226372
POLYGON_POINT 53.197672464 36.636150696 53.197672464 36.636150696
POLYGON_POINT 53.197547435 36.636114883 53.197547435 36.636114883
END_WINDING
BEGIN_WINDING
POLYGON_POINT 53.197732843 36.636017689 53.197732843 36.636017689
POLYGON_POINT 53.197742036 36.635995893 53.197742036 36.635995893
POLYGON_POINT 53.197617183 36.635956320 53.197617183 36.635956320
POLYGON_POINT 53.197607338 36.635977629 53.197607338 36.635977629
END_WINDING
BEGIN_WINDING
POLYGON_POINT 53.197655622 36.635873177 53.197655622 36.635873177
POLYGON_POINT 53.197646912 36.635897601 53.197646912 36.635897601
POLYGON_POINT 53.197767548 36.635928472 53.197767548 36.635928472
POLYGON_POINT 53.197778552 36.635904887 53.197778552 36.635904887
END_WINDING
BEGIN_WINDING
POLYGON_POINT 53.197477343 36.635036783 53.197477343 36.635036783
POLYGON_POINT 53.198516657 36.635083001 53.198516657 36.635083001
POLYGON_POINT 53.198586948 36.635039278 53.198576966 36.634988213
POLYGON_POINT 53.198340335 36.633910405 53.198340335 36.633910405
POLYGON_POINT 53.198303596 36.633971316 53.198304289 36.634010254
POLYGON_POINT 53.198332952 36.634164841 53.198332952 36.634164841
POLYGON_POINT 53.198294099 36.634259995 53.198257166 36.634282824
POLYGON_POINT 53.197336762 36.634885861 53.197336762 36.634885861
END_WINDING
BEGIN_WINDING
POLYGON_POINT 53.198223837 36.634203230 53.198223837 36.634203230
POLYGON_POINT 53.198254282 36.634139950 53.198254282 36.634139950
POLYGON_POINT 53.198214354 36.634026205 53.198214354 36.634026205
POLYGON_POINT 53.198138990 36.634015392 53.198138990 36.634015392
POLYGON_POINT 53.197558597 36.634419208 53.197558597 36.634419208
POLYGON_POINT 53.197156144 36.634076583 53.197156144 36.634076583
POLYGON_POINT 53.197373910 36.633922595 53.197373910 36.633922595
POLYGON_POINT 53.197251731 36.633802058 53.197251731 36.633802058
POLYGON_POINT 53.197480276 36.633654992 53.197480276 36.633654992
POLYGON_POINT 53.197441467 36.633510809 53.197441467 36.633510809
POLYGON_POINT 53.197220934 36.633557211 53.197220934 36.633557211
POLYGON_POINT 53.196980236 36.634112447 53.196980236 36.634112447
POLYGON_POINT 53.196655367 36.634044670 53.196507435 36.633999012
POLYGON_POINT 53.196542771 36.634146079 53.196555348 36.634203752
POLYGON_POINT 53.196629015 36.634253735 53.196629015 36.634253735
POLYGON_POINT 53.197266326 36.634858705 53.197266326 36.634858705
END_WINDING
BEGIN_WINDING
POLYGON_POINT 53.197847637 36.633951515 53.197847637 36.633951515
POLYGON_POINT 53.197671219 36.633996016 53.197627548 36.634018266
POLYGON_POINT 53.197601554 36.634083905 53.197585264 36.634118393
POLYGON_POINT 53.197428929 36.634181094 53.197428929 36.634181094
POLYGON_POINT 53.197424019 36.634248077 53.197424019 36.634248077
POLYGON_POINT 53.197507402 36.634331419 53.197533637 36.634355755
POLYGON_POINT 53.197577137 36.634338380 53.197577137 36.634338380
POLYGON_POINT 53.197690433 36.634267090 53.197690433 36.634267090
POLYGON_POINT 53.197707402 36.634217026 53.197707402 36.634217026
POLYGON_POINT 53.198051540 36.633999299 53.198105942 36.633964455
POLYGON_POINT 53.198042556 36.633948034 53.198042556 36.633948034
END_WINDING
BEGIN_WINDING
POLYGON_POINT 53.198217148 36.633359496 53.198217148 36.633359496
POLYGON_POINT 53.197856832 36.633405507 53.197856832 36.633405507
POLYGON_POINT 53.197924950 36.633677722 53.197924950 36.633677722
POLYGON_POINT 53.198223067 36.633637401 53.198223067 36.633637401
POLYGON_POINT 53.198268775 36.633852716 53.198275014 36.633875801
POLYGON_POINT 53.198328736 36.633864954 53.198328736 36.633864954
END_WINDING
BEGIN_WINDING
POLYGON_POINT 53.195978958 36.637635486 53.195978958 36.637635486
POLYGON_POINT 53.195978958 36.637635486 53.196057445 36.637658552
POLYGON_POINT 53.196112323 36.637589039 53.196112323 36.637589039
POLYGON_POINT 53.196153788 36.637481250 53.196187046 36.637397029
POLYGON_POINT 53.195998295 36.637358558 53.195871310 36.637321819
POLYGON_POINT 53.195808681 36.637476398 53.195763761 36.637581761
POLYGON_POINT 53.195893338 36.637609488 53.195893338 36.637609488
POLYGON_POINT 53.195978958 36.637635486 53.196057445 36.637658552
END_WINDING
BEGIN_WINDING
POLYGON_POINT 53.196379324 36.637750104 53.196379324 36.637750104
POLYGON_POINT 53.196379324 36.637750104 53.196464269 36.637773210
POLYGON_POINT 53.196532298 36.637644106 53.196566492 36.637562946
POLYGON_POINT 53.196491265 36.637535508 53.196491265 36.637535508
POLYGON_POINT 53.196369246 36.637501138 53.196270623 36.637471967
POLYGON_POINT 53.196205115 36.637617534 53.196170561 36.637696383
POLYGON_POINT 53.196253706 36.637716312 53.196253706 36.637716312
POLYGON_POINT 53.196379324 36.637750104 53.196464269 36.637773210
END_WINDING
END_POLYGON
FILTER -1
FILTER 0
FILTER -1
FILTER 0
FILTER -1
FILTER 0
FILTER -1
FILTER 0
FILTER -1
FILTER 0
OBJECT 0 53.196573800 36.634729037 0.000000
OBJECT 0 53.196477030 36.634948290 0.000000
OBJECT 0 53.196302386 36.635262116 0.000000
OBJECT 0 53.196324777 36.635513655 0.000000
OBJECT 0 53.196074005 36.635705904 0.000000
OBJECT 0 53.196045643 36.635941273 0.000000
OBJECT 1 53.197015946 36.637176306 0.000000
OBJECT 1 53.197099778 36.637200454 0.000000
OBJECT 1 53.197156740 36.637242713 0.000000
OBJECT 1 53.197099778 36.637351378 165.960007
OBJECT 1 53.197057862 36.637425546 165.960007
OBJECT 1 53.197022395 36.637485916 141.339996
OBJECT 1 53.196981554 36.637520413 126.870003
OBJECT 1 53.196913844 36.637537661 90.000000
OBJECT 1 53.196850433 36.637532487 74.739998
OBJECT 1 53.196788097 36.637516101 65.220001
OBJECT 1 53.196732210 36.637459181 9.460000
OBJECT 1 53.196730060 36.637396224 0.000000
OBJECT 1 53.196742957 36.637332405 0.000000
OBJECT 1 53.196628323 36.637074315 0.000000
OBJECT 1 53.196472210 36.637039878 0.000000
OBJECT 1 53.196187233 36.636973067 0.000000
OBJECT 1 53.196091450 36.636941125 0.000000
OBJECT 1 53.196714765 36.636480813 0.000000
OBJECT 1 53.196806119 36.636499498 270.000000
OBJECT 1 53.196854483 36.636526090 0.000000
OBJECT 1 53.196935089 36.636540463 0.000000
OBJECT 1 53.197004052 36.636562743 0.000000
OBJECT 1 53.197056894 36.636585022 0.000000
OBJECT 1 53.197119588 36.636600114 0.000000
OBJECT 1 53.197052416 36.636651141 137.490005
OBJECT 1 53.197010321 36.636682763 131.630005
OBJECT 1 53.196975392 36.636708636 153.440002
OBJECT 1 53.196902846 36.636702168 71.559998
OBJECT 1 53.196832092 36.636682044 71.559998
OBJECT 1 53.196788206 36.636666952 0.000000
OBJECT 1 53.196700435 36.636643954 0.000000
OBJECT 1 53.198200618 36.636107238 0.000000
OBJECT 1 53.198132202 36.636063817 0.000000
OBJECT 1 53.198173251 36.636025887 0.000000
OBJECT 1 53.198223008 36.636058327 0.000000
OBJECT 1 53.198098616 36.636163136 0.000000
OBJECT 1 53.198152727 36.636146167 0.000000
OBJECT 1 53.198096128 36.636113726 0.000000
OBJECT 1 53.196989051 36.636300894 0.000000
OBJECT 1 53.197587325 36.636186623 0.000000
OBJECT 1 53.197986079 36.635281510 0.000000
OBJECT 1 53.197444035 36.635261647 0.000000
OBJECT 1 53.197236867 36.633567098 0.000000
OBJECT 1 53.197423149 36.633531883 296.570007
OBJECT 1 53.197347024 36.633695743 0.000000
OBJECT 1 53.197404342 36.633643279 315.000000
OBJECT 1 53.197957286 36.634042956 0.000000
OBJECT 1 53.198038785 36.633994805 305.540009
OBJECT 1 53.198014604 36.633958152 90.000000
OBJECT 1 53.197949226 36.633962464 108.440002
OBJECT 1 53.197479038 36.634190287 315.000000
OBJECT 1 53.197517549 36.634173757 0.000000
OBJECT 1 53.197539939 36.634134229 0.000000
OBJECT 1 53.197676965 36.634264311 0.000000
OBJECT 1 53.197624125 36.634285153 108.440002
OBJECT 1 53.197513071 36.634263593 0.000000
OBJECT 1 53.197440528 36.634245626 0.000000
OBJECT 1 53.196997326 36.634574536 0.000000
OBJECT 1 53.197084647 36.634642212 0.000000
OBJECT 1 53.197157788 36.634730850 0.000000
OBJECT 1 53.197218988 36.634796730 0.000000
OBJECT 1 53.198197782 36.634195926 131.190002
OBJECT 1 53.198160465 36.634224873 116.570000
OBJECT 1 53.198106356 36.634253820 90.000000
OBJECT 1 53.198052247 36.634287259 136.639999
OBJECT 1 53.197989431 36.634337167 133.360001
OBJECT 1 53.197916041 36.634386577 180.000000
OBJECT 1 53.197873749 36.634424008 139.639999
OBJECT 1 53.197813420 36.634463935 132.270004
OBJECT 1 53.197751226 36.634502365 123.690002
OBJECT 1 53.197708933 36.634533308 45.000000
OBJECT 1 53.197647361 36.634572736 0.000000
OBJECT 1 53.197603202 36.634603680 132.509995
OBJECT 1 53.197546605 36.634640612 127.879997
OBJECT 1 53.197504313 36.634668561 130.600006
OBJECT 1 53.197445228 36.634720466 0.000000
OBJECT 1 53.197379923 36.634760892 138.809998
OBJECT 1 53.197333277 36.634790338 0.000000
OBJECT 1 53.197265485 36.634835256 0.000000
OBJECT 1 53.197354924 36.634885475 0.000000
OBJECT 1 53.197405198 36.634937879 0.000000
OBJECT 1 53.197443033 36.634988204 0.000000
OBJECT 1 53.197500572 36.635031698 0.000000
OBJECT 1 53.197597596 36.635036190 0.000000
OBJECT 1 53.197718877 36.635039184 0.000000
OBJECT 1 53.197810925 36.635046670 0.000000
OBJECT 1 53.198371302 36.635069129 0.000000
OBJECT 1 53.198439095 36.635071625 270.000000
OBJECT 1 53.198499424 36.635075118 0.000000
OBJECT 1 53.198079387 36.634420348 0.000000
OBJECT 1 53.198154020 36.634377825 0.000000
OBJECT 1 53.198223429 36.634319133 0.000000
OBJECT 1 53.198292238 36.634270790 0.000000
OBJECT 1 53.198340179 36.634210830 0.000000
OBJECT 1 53.198327222 36.634109973 0.000000
OBJECT 1 53.198312970 36.634013621 0.000000
OBJECT 1 53.198347522 36.633971684 0.000000
OBJECT 1 53.198355141 36.634066087 225.000000
OBJECT 1 53.198379860 36.634163540 0.000000
OBJECT 1 53.198412101 36.634273068 0.000000
OBJECT 1 53.198416400 36.634341199 0.000000
OBJECT 1 53.198442193 36.634415368 0.000000
OBJECT 1 53.198476584 36.634584402 0.000000
OBJECT 1 53.198493780 36.634685306 0.000000
OBJECT 1 53.198521723 36.634781897 0.000000
OBJECT 1 53.198535465 36.634844614 191.979996
OBJECT 1 53.198546038 36.634887536 196.389999
OBJECT 1 53.198549148 36.634940938 206.570007
OBJECT 1 53.198570294 36.634994839 0.000000
OBJECT 1 53.198581032 36.635047500 0.000000
OBJECT 1 53.198794110 36.635138408 0.000000
OBJECT 1 53.198775451 36.635051567 0.000000
OBJECT 1 53.198758659 36.634946259 0.000000
OBJECT 1 53.198715744 36.634794537 0.000000
OBJECT 1 53.198706415 36.634744628 0.000000
OBJECT 1 53.198695842 36.634697714 0.000000
OBJECT 1 53.198664273 36.634544194 0.000000
OBJECT 1 53.198627703 36.634383089 0.000000
OBJECT 1 53.198599342 36.634263907 0.000000
OBJECT 1 53.198584416 36.634186049 0.000000
OBJECT 1 53.198565011 36.634102203 0.000000
OBJECT 1 53.198520978 36.633919537 0.000000
OBJECT 1 53.198493364 36.633794965 0.000000
OBJECT 1 53.198479930 36.633707525 0.000000
OBJECT 1 53.198456196 36.633608848 0.000000
OBJECT 1 53.198429452 36.633510028 0.000000
OBJECT 1 53.198414619 36.633431251 0.000000
OBJECT 1 53.198397373 36.633354834 0.000000
OBJECT 2 53.198117179 36.634774943 356.989990
OBJECT 3 53.195897644 36.636623350 161.600006
OBJECT 4 53.198336831 36.634403561 10.740000
OBJECT 4 53.198086185 36.634481176 310.709991
OBJECT 4 53.197806757 36.634665159 310.709991
OBJECT 4 53.197414163 36.634328621 310.709991
OBJECT 4 53.197460962 36.634587927 310.709991
OBJECT 4 53.197862096 36.634328621 310.709991
OBJECT 4 53.198165175 36.634108658 310.709991
OBJECT 4 53.197864324 36.634017454 310.709991
OBJECT 5 53.198002078 36.633909469 220.639999
OBJECT 5 53.197583923 36.633941510 220.639999
OBJECT 6 53.197818771 36.633494257 280.000000
OBJECT 7 53.196756742 36.633561058 341.570007
OBJECT 4 53.196828085 36.633986074 160.660004
OBJECT 5 53.196227621 36.633882315 160.520004
OBJECT 8 53.198229970 36.636803598 8.000000
OBJECT 9 53.198193448 36.636363588 307.089996
OBJECT 10 53.196821095 36.634903019 70.620003
OBJECT 11 53.196614894 36.635613900 251.889999
OBJECT 12 53.197205374 36.636977229 0.000000
OBJECT 13 53.196356709 36.637626411 0.000000
OBJECT 14 53.196043876 36.637584986 161.990005
OBJECT 14 53.195950328 36.637560489 161.990005
OBJECT 14 53.195857032 36.637535535 161.990005
OBJECT 15 53.195753507 36.637423491 250.740005
OBJECT 15 53.196794129 36.637195135 68.279999
OBJECT 15 53.195529534 36.637508893 340.869995
OBJECT 16 53.193447217 36.639889732 161.029999
OBJECT 17 53.194409889 36.636481378 252.910004
OBJECT 18 53.195221774 36.636920024 163.500000
OBJECT 19 53.183398803 36.655191872 0.000000
OBJECT 20 53.195721882 36.636668736 0.000000
OBJECT 20 53.195683191 36.636814037 0.000000
OBJECT 20 53.195834860 36.637027641 0.000000
OBJECT 20 53.195684738 36.637237520 0.000000
OBJECT 20 53.195585688 36.637507010 0.000000
OBJECT 20 53.196487968 36.637662246 0.000000
OBJECT 20 53.196254273 36.637561653 0.000000
OBJECT 20 53.196005101 36.637377854 0.000000
OBJECT 20 53.195935456 36.637590216 0.000000
OBJECT 20 53.196670592 36.637894479 0.000000
OBJECT 20 53.196777381 36.637629957 0.000000
OBJECT 20 53.196738689 36.637402691 0.000000
OBJECT 20 53.196927502 36.637504526 0.000000
OBJECT 20 53.197067409 36.637188590 0.000000
OBJECT 20 53.196140683 36.636954618 0.000000
OBJECT 20 53.196560402 36.637051485 0.000000
OBJECT 20 53.196701547 36.636817514 0.000000
OBJECT 20 53.196393257 36.636717666 0.000000
OBJECT 20 53.196767195 36.634776742 0.000000
OBJECT 20 53.196398565 36.634674976 0.000000
OBJECT 20 53.196330857 36.634817276 0.000000
OBJECT 20 53.196271747 36.634964750 0.000000
OBJECT 20 53.195898350 36.635802062 0.000000
OBJECT 20 53.195845473 36.635971787 0.000000
OBJECT 20 53.196200137 36.636061824 0.000000
OBJECT 20 53.196249145 36.635931426 0.000000
OBJECT 20 53.196089226 36.635369471 0.000000
OBJECT 20 53.196033768 36.635483311 0.000000
OBJECT 20 53.196260753 36.635803097 0.000000
OBJECT 20 53.196234960 36.635488486 0.000000
OBJECT 20 53.196436150 36.635539196 0.000000
OBJECT 20 53.196347163 36.635276330 0.000000
OBJECT 20 53.196617995 36.634986556 0.000000
OBJECT 20 53.197250614 36.635042557 0.000000
OBJECT 20 53.197350899 36.635325111 0.000000
OBJECT 20 53.197204425 36.635680815 0.000000
OBJECT 20 53.197125969 36.635812766 0.000000
OBJECT 20 53.196960458 36.636195681 0.000000
OBJECT 20 53.197315987 36.636141598 0.000000
OBJECT 20 53.197607930 36.635512110 0.000000
OBJECT 20 53.197418209 36.635911425 0.000000
OBJECT 20 53.197500233 36.635735077 0.000000
OBJECT 20 53.197977387 36.635263243 0.000000
OBJECT 20 53.197427677 36.635269204 0.000000
OBJECT 20 53.197581819 36.635130609 0.000000
OBJECT 20 53.198059101 36.635148492 0.000000
OBJECT 20 53.198417527 36.635166375 0.000000
OBJECT 20 53.198647810 36.635218535 0.000000
OBJECT 20 53.198497383 36.635345207 0.000000
OBJECT 20 53.198441669 36.635470390 0.000000
OBJECT 20 53.198302383 36.635689459 0.000000
OBJECT 20 53.198177955 36.635875742 0.000000
OBJECT 20 53.197912382 36.636118655 0.000000
OBJECT 20 53.197648666 36.636304938 0.000000
OBJECT 20 53.197228949 36.636516556 0.000000
OBJECT 20 53.196874231 36.636430120 0.000000
OBJECT 20 53.196970804 36.636290035 0.000000
OBJECT 20 53.197306950 36.636617894 0.000000
OBJECT 20 53.197425808 36.636528478 0.000000
OBJECT 20 53.197717381 36.636416708 0.000000
OBJECT 20 53.198016384 36.636205090 0.000000
OBJECT 20 53.198153816 36.636102262 0.000000
OBJECT 20 53.198261530 36.635989002 0.000000
OBJECT 20 53.198460245 36.635750559 0.000000
OBJECT 20 53.198590246 36.635442075 0.000000
OBJECT 20 53.198781530 36.635278145 0.000000
OBJECT 20 53.198556406 36.635024179 0.000000
OBJECT 20 53.198766622 36.635007621 0.000000
OBJECT 20 53.198521586 36.634806849 0.000000
OBJECT 20 53.198713746 36.634765453 0.000000
OBJECT 20 53.198462262 36.634522250 0.000000
OBJECT 20 53.198649263 36.634462225 0.000000
OBJECT 20 53.198396490 36.634257314 0.000000
OBJECT 20 53.198597676 36.634227301 0.000000
OBJECT 20 53.198549959 36.634008936 0.000000
OBJECT 20 53.198325559 36.633997552 0.000000
OBJECT 20 53.198507400 36.633796780 0.000000
OBJECT 20 53.198411028 36.633349749 0.000000
OBJECT 20 53.198230158 36.633499346 0.000000
OBJECT 20 53.198243158 36.633664766 0.000000
OBJECT 20 53.198295157 36.633825714 0.000000
OBJECT 20 53.198222732 36.634107374 0.000000
OBJECT 20 53.198092735 36.634260872 0.000000
OBJECT 20 53.197786313 36.634482921 0.000000
OBJECT 20 53.197515175 36.634664734 0.000000
OBJECT 20 53.197284893 36.634809289 0.000000
OBJECT 20 53.197151182 36.634690068 0.000000
OBJECT 20 53.197076898 36.634541042 0.000000
OBJECT 20 53.197593173 36.634211693 0.000000
OBJECT 20 53.197741741 36.633985173 0.000000
OBJECT 20 53.197595031 36.633670727 0.000000
OBJECT 20 53.197342467 36.633927052 0.000000
OBJECT 20 53.197357324 36.633688610 0.000000
OBJECT 20 53.196917288 36.634000984 0.000000
OBJECT 20 53.196756977 36.633828499 0.000000
OBJECT 20 53.196091553 36.633726446 0.000000
OBJECT 20 53.196419365 36.633885914 0.000000
OBJECT 20 53.195497847 36.637061722 0.000000
OBJECT 20 53.195401892 36.637286504 0.000000
OBJECT 20 53.195293555 36.637628023 0.000000
OBJECT 20 53.195731542 36.637726132 0.000000
OBJECT 20 53.196075122 36.637824241 0.000000
OBJECT 20 53.196407868 36.637913657 0.000000
OBJECT 20 53.197589851 36.636853218 0.000000
OBJECT 20 53.197428278 36.636702701 0.000000
OBJECT 20 53.198163715 36.636249661 0.000000
OBJECT 20 53.198343860 36.636394217 0.000000
OBJECT 20 53.198912152 36.636792117 0.000000
OBJECT 20 53.197662277 36.636960517 0.000000
OBJECT 20 53.197725421 36.637379282 0.000000
BEGIN_POLYGON 3 10 3
BEGIN_WINDING
POLYGON_POINT 53.197354145 36.635877025 4.000000000
POLYGON_POINT 53.197529856 36.635928349 4.000000000
POLYGON_POINT 53.197518029 36.635959673 4.000000000
POLYGON_POINT 53.197605178 36.635982298 4.000000000
POLYGON_POINT 53.197732748 36.636021700 4.000000000
POLYGON_POINT 53.197682747 36.636149242 4.000000000
POLYGON_POINT 53.197543865 36.636110806 4.000000000
POLYGON_POINT 53.197508136 36.636190475 4.000000000
POLYGON_POINT 53.197343498 36.636338348 4.000000000
POLYGON_POINT 53.197289771 36.636319295 4.000000000
POLYGON_POINT 53.197457717 36.635940650 4.000000000
POLYGON_POINT 53.197514784 36.635956013 4.000000000
POLYGON_POINT 53.197525444 36.635930125 4.000000000
POLYGON_POINT 53.197352001 36.635881363 4.000000000
POLYGON_POINT 53.197340393 36.635906792 4.000000000
POLYGON_POINT 53.197389262 36.635922813 4.000000000
POLYGON_POINT 53.197200211 36.636353565 4.000000000
POLYGON_POINT 53.197151361 36.636339050 4.000000000
POLYGON_POINT 53.197071468 36.636319468 4.000000000
POLYGON_POINT 53.197100924 36.636251187 4.000000000
POLYGON_POINT 53.196948390 36.636204942 4.000000000
POLYGON_POINT 53.197117231 36.635808830 4.000000000
END_WINDING
END_POLYGON
BEGIN_POLYGON 3 10 3
BEGIN_WINDING
POLYGON_POINT 53.197339034 36.635312763 4.000000000
POLYGON_POINT 53.197490263 36.635360290 4.000000000
POLYGON_POINT 53.197554788 36.635237853 4.000000000
POLYGON_POINT 53.197682148 36.635267006 4.000000000
POLYGON_POINT 53.197477814 36.635730658 4.000000000
POLYGON_POINT 53.197417481 36.635716377 4.000000000
POLYGON_POINT 53.197410202 36.635736124 4.000000000
POLYGON_POINT 53.197589820 36.635784239 4.000000000
POLYGON_POINT 53.197596559 36.635764107 4.000000000
POLYGON_POINT 53.197539273 36.635746190 4.000000000
POLYGON_POINT 53.197709292 36.635368881 4.000000000
POLYGON_POINT 53.197772365 36.635379915 4.000000000
POLYGON_POINT 53.197789753 36.635308621 4.000000000
POLYGON_POINT 53.197889147 36.635331044 4.000000000
POLYGON_POINT 53.198018545 36.635367433 4.000000000
POLYGON_POINT 53.198072673 36.635263142 4.000000000
POLYGON_POINT 53.198165482 36.635269360 4.000000000
POLYGON_POINT 53.198217632 36.635286422 4.000000000
POLYGON_POINT 53.197967572 36.635846642 4.000000000
POLYGON_POINT 53.197914137 36.635832735 4.000000000
POLYGON_POINT 53.197902343 36.635868467 4.000000000
POLYGON_POINT 53.197887423 36.635871920 4.000000000
POLYGON_POINT 53.197585075 36.635791633 4.000000000
POLYGON_POINT 53.197186849 36.635680082 4.000000000
END_WINDING
END_POLYGON
BEGIN_POLYGON 3 10 3
BEGIN_WINDING
POLYGON_POINT 53.198460988 36.633359438 4.000000000
POLYGON_POINT 53.199576986 36.633182304 4.000000000
POLYGON_POINT 53.199788178 36.634499467 4.000000000
POLYGON_POINT 53.199458552 36.634757579 4.000000000
POLYGON_POINT 53.199279163 36.634782494 4.000000000
POLYGON_POINT 53.199374822 36.635273051 4.000000000
POLYGON_POINT 53.198899967 36.635324631 4.000000000
END_WINDING
END_POLYGON
BEGIN_POLYGON 4 10 2
BEGIN_WINDING
POLYGON_POINT 53.196381041 36.635943551
POLYGON_POINT 53.196818015 36.634921400
POLYGON_POINT 53.197237638 36.635036914
POLYGON_POINT 53.197123411 36.635304110
POLYGON_POINT 53.197170829 36.635317163
POLYGON_POINT 53.196848083 36.636072118
END_WINDING
END_POLYGON
BEGIN_POLYGON 5 10 2
BEGIN_WINDING
POLYGON_POINT 53.196174568 36.636569478
POLYGON_POINT 53.196192565 36.636527559
POLYGON_POINT 53.196124827 36.636505496
POLYGON_POINT 53.196369317 36.635932844
POLYGON_POINT 53.196789216 36.636043418
POLYGON_POINT 53.196536677 36.636622312
POLYGON_POINT 53.196469898 36.636606054
POLYGON_POINT 53.196451600 36.636645893
END_WINDING
END_POLYGON
BEGIN_POLYGON 6 10 2
BEGIN_WINDING
POLYGON_POINT 53.196689790 36.636825367
POLYGON_POINT 53.196615740 36.636992347
POLYGON_POINT 53.196141968 36.636857062
POLYGON_POINT 53.196241135 36.636633445
POLYGON_POINT 53.196390199 36.636676010
POLYGON_POINT 53.196365082 36.636732647
END_WINDING
END_POLYGON
BEGIN_POLYGON 7 10 2
BEGIN_WINDING
POLYGON_POINT 53.196614200 36.637041763
POLYGON_POINT 53.196707433 36.636830159
POLYGON_POINT 53.197113050 36.636945234
POLYGON_POINT 53.197019817 36.637156837
END_WINDING
END_POLYGON
BEGIN_POLYGON 8 10 2
BEGIN_WINDING
POLYGON_POINT 53.196560672 36.637872340
POLYGON_POINT 53.196572341 36.637846610
POLYGON_POINT 53.196509284 36.637828197
POLYGON_POINT 53.196539714 36.637761099
POLYGON_POINT 53.196570400 36.637770059
POLYGON_POINT 53.196582469 36.637743449
POLYGON_POINT 53.196607221 36.637750677
POLYGON_POINT 53.196682548 36.637584582
POLYGON_POINT 53.196758830 36.637606858
POLYGON_POINT 53.196629335 36.637892391
END_WINDING
END_POLYGON
BEGIN_POLYGON 8 10 2
BEGIN_WINDING
POLYGON_POINT 53.195912072 36.637324718
POLYGON_POINT 53.195963729 36.637199695
POLYGON_POINT 53.196197350 36.637261849
POLYGON_POINT 53.196145692 36.637386872
END_WINDING
END_POLYGON
BEGIN_POLYGON 8 10 2
BEGIN_WINDING
POLYGON_POINT 53.196476403 36.637527956
POLYGON_POINT 53.196323861 36.637483514
POLYGON_POINT 53.196427751 36.637253909
POLYGON_POINT 53.196580293 36.637298351
END_WINDING
END_POLYGON
BEGIN_POLYGON 8 10 2
BEGIN_WINDING
POLYGON_POINT 53.196153577 36.637086918
POLYGON_POINT 53.196212781 36.636957532
POLYGON_POINT 53.196384292 36.637008064
POLYGON_POINT 53.196325088 36.637137450
END_WINDING
END_POLYGON
BEGIN_POLYGON 8 10 2
BEGIN_WINDING
POLYGON_POINT 53.195622480 36.637007515
POLYGON_POINT 53.195709938 36.636805691
POLYGON_POINT 53.196075663 36.636907736
POLYGON_POINT 53.196055391 36.636954517
POLYGON_POINT 53.195862720 36.636900757
POLYGON_POINT 53.195795534 36.637055801
END_WINDING
END_POLYGON
BEGIN_POLYGON 9 10 3
BEGIN_WINDING
POLYGON_POINT 53.197245648 36.636624517 3.000000000
POLYGON_POINT 53.197142617 36.636713500 0.000000000
POLYGON_POINT 53.196887480 36.636874596 0.000000000
POLYGON_POINT 53.196702009 36.636820889 0.000000000
POLYGON_POINT 53.196607305 36.637041174 0.000000000
POLYGON_POINT 53.195993717 36.636870011 0.000000000
POLYGON_POINT 53.195713632 36.636780711 0.000000000
END_WINDING
END_POLYGON
BEGIN_POLYGON 9 10 5
BEGIN_WINDING
POLYGON_POINT 53.195574329 36.633354342 0.000000000 53.195574329 36.633354342
POLYGON_POINT 53.195648594 36.633673947 0.000000000 53.195648594 36.633673947
POLYGON_POINT 53.195864485 36.633639898 0.000000000 53.195864485 36.633639898
POLYGON_POINT 53.198200885 36.633293809 3.000000000 53.198200885 36.633293809
POLYGON_POINT 53.198543276 36.633243091 0.000000000 53.198543276 36.633243091
POLYGON_POINT 53.199582948 36.633089086 0.000000000 53.199582948 36.633089086
POLYGON_POINT 53.199636418 36.633131302 0.000000000 53.199636418 36.633131302
POLYGON_POINT 53.199835881 36.634515039 0.000000000 53.199835881 36.634515039
POLYGON_POINT 53.199646143 36.634640997 0.000000000 53.199646143 36.634640997
POLYGON_POINT 53.199773192 36.635204874 0.000000000 53.199773192 36.635204874
POLYGON_POINT 53.199706783 36.635288615 0.000000000 53.199619440 36.635300230
POLYGON_POINT 53.198853828 36.635397647 0.000000000 53.198853828 36.635397647
POLYGON_POINT 53.198700192 36.635620152 0.000000000 53.198745040 36.635822931
POLYGON_POINT 53.198700192 36.635620152 0.000000000 53.198700192 36.635620152
POLYGON_POINT 53.198700192 36.635620152 0.000000000 53.198708046 36.635655665
POLYGON_POINT 53.198744101 36.635825682 0.000000000 53.198763782 36.635922367
POLYGON_POINT 53.198744101 36.635825682 0.000000000 53.198744101 36.635825682
POLYGON_POINT 53.198744101 36.635825682 0.000000000 53.198836797 36.636281067
POLYGON_POINT 53.199027925 36.637258302 0.000000000 53.199027925 36.637258302
POLYGON_POINT 53.197174850 36.637460812 0.000000000 53.197174850 36.637460812
POLYGON_POINT 53.196893939 36.638094279 0.000000000 53.196893939 36.638094279
POLYGON_POINT 53.196568351 36.638144454 0.000000000 53.196292356 36.638060713
POLYGON_POINT 53.196039433 36.637990051 0.000000000 53.196039433 36.637990051
POLYGON_POINT 53.195941532 36.638006640 0.000000000 53.195918772 36.638059026
POLYGON_POINT 53.195867432 36.638172300 0.000000000 53.195867432 36.638172300
POLYGON_POINT 53.194949806 36.637922042 0.000000000 53.194949806 36.637922042
POLYGON_POINT 53.195365039 36.636946137 0.000000000 53.195365039 36.636946137
POLYGON_POINT 53.195345202 36.636851323 0.000000000 53.195364667 36.636786441
POLYGON_POINT 53.195398675 36.636665154 0.000000000 53.195398675 36.636665154
END_WINDING
END_POLYGON
BEGIN_POLYGON 9 10 4
BEGIN_WINDING
POLYGON_POINT 53.199028842 36.637262138 53.199028842 36.637262138
POLYGON_POINT 53.199180513 36.637976224 53.199180513 36.637976224
POLYGON_POINT 53.195736772 36.638479816 53.195736772 36.638479816
POLYGON_POINT 53.195999883 36.639834715 53.195999883 36.639834715
POLYGON_POINT 53.195965834 36.639888116 53.195965834 36.639888116
POLYGON_POINT 53.193421292 36.640139023 53.193421292 36.640139023
POLYGON_POINT 53.192737331 36.640083399 53.192737331 36.640083399
POLYGON_POINT 53.184995918 36.657861466 53.184880357 36.658121044
POLYGON_POINT 53.184279443 36.657987547 53.184279443 36.657987547
POLYGON_POINT 53.182869614 36.657553681 53.182301061 36.657383101
POLYGON_POINT 53.182264087 36.656952944 53.182264087 36.656952944
POLYGON_POINT 53.182143917 36.655076566 53.182143917 36.655076566
POLYGON_POINT 53.189289185 36.638508285 53.189289185 36.638508285
POLYGON_POINT 53.190242635 36.638714884 53.190242635 36.638714884
POLYGON_POINT 53.192894736 36.632584463 53.192894736 36.632584463
POLYGON_POINT 53.194117339 36.632872821 53.194117339 36.632872821
POLYGON_POINT 53.195404291 36.632652261 53.195404291 36.632652261
POLYGON_POINT 53.195574329 36.633354342 53.195574329 36.633354342
END_WINDING
END_POLYGON
FILTER -1
OBJECT_DEF lib/airport/Common_Elements/Miscellaneous/Tree.obj
OBJECT_DEF lib/g10/forests/autogen_tree2.obj
OBJECT_DEF lib/airport/Common_Elements/Misc_Buildings/Small_Office_2.agp
OBJECT_DEF lib/airport/Common_Elements/Misc_Buildings/Fire_Station_Lg.agp
OBJECT_DEF lib/g10/US/industrial/light/Warehse15x30Dk.obj
OBJECT_DEF lib/g10/US/industrial/light/Warehse30x30Lt.obj
OBJECT_DEF lib/g10/US/industrial/light/Warehse30x30Dk.obj
OBJECT_DEF lib/g10/US/industrial/light/Warehse15x30Lt.obj
OBJECT_DEF lib/airport/Common_Elements/Misc_Buildings/Large_Office_1.agp
OBJECT_DEF lib/airport/Common_Elements/Hangars/Long_Row_Green.agp
OBJECT_DEF lib/airport/Common_Elements/Misc_Buildings/Small_Office_3.agp
OBJECT_DEF lib/airport/Classic_Airports/Control_Towers/Classic_Tower_3.agp
OBJECT_DEF lib/airport/Common_Elements/Miscellaneous/Water_Tank_Elev.obj
OBJECT_DEF lib/airport/Common_Elements/Fuel_Storage/Sing_Tank_Small.obj
OBJECT_DEF lib/airport/Common_Elements/Fueling_Stations/2_horiz_tanks.agp
OBJECT_DEF lib/airport/Common_Elements/Hangars/Sm_Blue_Hangar.agp
OBJECT_DEF lib/airport/Common_Elements/Hangars/Long_Row_Beige.agp
OBJECT_DEF lib/airport/landscape/radar.obj
OBJECT_DEF lib/airport/beacons/beacon_airport.obj
OBJECT_DEF lib/airport/landscape/windsock_lit.obj
OBJECT_DEF lib/airport/landscape/apron_light.obj
POLYGON_DEF lib/g8/broad_tmp_rain.for
POLYGON_DEF lib/g10/terrain10/apt_hot_rain.pol
POLYGON_DEF lib/airport/pavement/asphalt_1L.pol
POLYGON_DEF lib/airport/Common_Elements/Fence_Facades/Fenced_Parking.fac
POLYGON_DEF lib/airport/Modern_Airports/Facades/modern3.fac
POLYGON_DEF lib/airport/Modern_Airports/Facades/modern1.fac
POLYGON_DEF lib/airport/Common_Elements/Hangars/White_Hangar.fac
POLYGON_DEF lib/airport/Common_Elements/Hangars/Blue_Hangar.fac
POLYGON_DEF lib/airport/Common_Elements/Misc_Buildings/Blue_Warehouse.fac
POLYGON_DEF lib/airport/Common_Elements/Fence_Facades/Fence.fac
PROPERTY sim/filter/aptid OINZ
PROPERTY sim/exclude_obj 53.192310/36.633732/53.200058/36.634743
PROPERTY sim/exclude_fac 53.192310/36.633732/53.200058/36.634743
PROPERTY sim/exclude_for 53.192310/36.633732/53.200058/36.634743
PROPERTY sim/exclude_bch 53.192310/36.633732/53.200058/36.634743
PROPERTY sim/exclude_net 53.192310/36.633732/53.200058/36.634743
PROPERTY sim/exclude_lin 53.192310/36.633732/53.200058/36.634743
PROPERTY sim/exclude_pol 53.192310/36.633732/53.200058/36.634743
PROPERTY sim/exclude_str 53.192310/36.633732/53.200058/36.634743
PROPERTY sim/exclude_obj 53.192162/36.634171/53.199909/36.636185
PROPERTY sim/exclude_fac 53.192162/36.634171/53.199909/36.636185
PROPERTY sim/exclude_for 53.192162/36.634171/53.199909/36.636185
PROPERTY sim/exclude_bch 53.192162/36.634171/53.199909/36.636185
PROPERTY sim/exclude_net 53.192162/36.634171/53.199909/36.636185
PROPERTY sim/exclude_lin 53.192162/36.634171/53.199909/36.636185
PROPERTY sim/exclude_pol 53.192162/36.634171/53.199909/36.636185
PROPERTY sim/exclude_str 53.192162/36.634171/53.199909/36.636185
PROPERTY sim/exclude_obj 53.186638/36.645058/53.189041/36.648056
PROPERTY sim/exclude_fac 53.186638/36.645058/53.189041/36.648056
PROPERTY sim/exclude_for 53.186638/36.645058/53.189041/36.648056
PROPERTY sim/exclude_bch 53.186638/36.645058/53.189041/36.648056
PROPERTY sim/exclude_net 53.186638/36.645058/53.189041/36.648056
PROPERTY sim/exclude_lin 53.186638/36.645058/53.189041/36.648056
PROPERTY sim/exclude_pol 53.186638/36.645058/53.189041/36.648056
PROPERTY sim/exclude_str 53.186638/36.645058/53.189041/36.648056
PROPERTY sim/exclude_obj 53.185425/36.647991/53.187832/36.650990
PROPERTY sim/exclude_fac 53.185425/36.647991/53.187832/36.650990
PROPERTY sim/exclude_for 53.185425/36.647991/53.187832/36.650990
PROPERTY sim/exclude_bch 53.185425/36.647991/53.187832/36.650990
PROPERTY sim/exclude_net 53.185425/36.647991/53.187832/36.650990
PROPERTY sim/exclude_lin 53.185425/36.647991/53.187832/36.650990
PROPERTY sim/exclude_pol 53.185425/36.647991/53.187832/36.650990
PROPERTY sim/exclude_str 53.185425/36.647991/53.187832/36.650990
PROPERTY sim/exclude_obj 53.183060/36.653637/53.185467/36.656631
PROPERTY sim/exclude_fac 53.183060/36.653637/53.185467/36.656631
PROPERTY sim/exclude_for 53.183060/36.653637/53.185467/36.656631
PROPERTY sim/exclude_bch 53.183060/36.653637/53.185467/36.656631
PROPERTY sim/exclude_net 53.183060/36.653637/53.185467/36.656631
PROPERTY sim/exclude_lin 53.183060/36.653637/53.185467/36.656631
PROPERTY sim/exclude_pol 53.183060/36.653637/53.185467/36.656631
PROPERTY sim/exclude_str 53.183060/36.653637/53.185467/36.656631
PROPERTY sim/exclude_obj 53.184292/36.650848/53.186699/36.653843
PROPERTY sim/exclude_fac 53.184292/36.650848/53.186699/36.653843
PROPERTY sim/exclude_for 53.184292/36.650848/53.186699/36.653843
PROPERTY sim/exclude_bch 53.184292/36.650848/53.186699/36.653843
PROPERTY sim/exclude_net 53.184292/36.650848/53.186699/36.653843
PROPERTY sim/exclude_lin 53.184292/36.650848/53.186699/36.653843
PROPERTY sim/exclude_pol 53.184292/36.650848/53.186699/36.653843
PROPERTY sim/exclude_str 53.184292/36.650848/53.186699/36.653843
PROPERTY sim/exclude_obj 53.187672/36.642269/53.190075/36.645264
PROPERTY sim/exclude_fac 53.187672/36.642269/53.190075/36.645264
PROPERTY sim/exclude_for 53.187672/36.642269/53.190075/36.645264
PROPERTY sim/exclude_bch 53.187672/36.642269/53.190075/36.645264
PROPERTY sim/exclude_net 53.187672/36.642269/53.190075/36.645264
PROPERTY sim/exclude_lin 53.187672/36.642269/53.190075/36.645264
PROPERTY sim/exclude_pol 53.187672/36.642269/53.190075/36.645264
PROPERTY sim/exclude_str 53.187672/36.642269/53.190075/36.645264
PROPERTY sim/exclude_obj 53.188885/36.639893/53.191288/36.642887
PROPERTY sim/exclude_fac 53.188885/36.639893/53.191288/36.642887
PROPERTY sim/exclude_for 53.188885/36.639893/53.191288/36.642887
PROPERTY sim/exclude_bch 53.188885/36.639893/53.191288/36.642887
PROPERTY sim/exclude_net 53.188885/36.639893/53.191288/36.642887
PROPERTY sim/exclude_lin 53.188885/36.639893/53.191288/36.642887
PROPERTY sim/exclude_pol 53.188885/36.639893/53.191288/36.642887
PROPERTY sim/exclude_str 53.188885/36.639893/53.191288/36.642887
PROPERTY sim/exclude_obj 53.189678/36.637039/53.194843/36.640034
PROPERTY sim/exclude_fac 53.189678/36.637039/53.194843/36.640034
PROPERTY sim/exclude_for 53.189678/36.637039/53.194843/36.640034
PROPERTY sim/exclude_bch 53.189678/36.637039/53.194843/36.640034
PROPERTY sim/exclude_net 53.189678/36.637039/53.194843/36.640034
PROPERTY sim/exclude_lin 53.189678/36.637039/53.194843/36.640034
PROPERTY sim/exclude_pol 53.189678/36.637039/53.194843/36.640034
PROPERTY sim/exclude_str 53.189678/36.637039/53.194843/36.640034
PROPERTY sim/exclude_obj 53.191414/36.636543/53.199162/36.638554
PROPERTY sim/exclude_fac 53.191414/36.636543/53.199162/36.638554
PROPERTY sim/exclude_for 53.191414/36.636543/53.199162/36.638554
PROPERTY sim/exclude_bch 53.191414/36.636543/53.199162/36.638554
PROPERTY sim/exclude_net 53.191414/36.636543/53.199162/36.638554
PROPERTY sim/exclude_lin 53.191414/36.636543/53.199162/36.638554
PROPERTY sim/exclude_pol 53.191414/36.636543/53.199162/36.638554
PROPERTY sim/exclude_str 53.191414/36.636543/53.199162/36.638554
PROPERTY sim/exclude_obj 53.191780/36.635433/53.199532/36.637447
PROPERTY sim/exclude_fac 53.191780/36.635433/53.199532/36.637447
PROPERTY sim/exclude_for 53.191780/36.635433/53.199532/36.637447
PROPERTY sim/exclude_bch 53.191780/36.635433/53.199532/36.637447
PROPERTY sim/exclude_net 53.191780/36.635433/53.199532/36.637447
PROPERTY sim/exclude_lin 53.191780/36.635433/53.199532/36.637447
PROPERTY sim/exclude_pol 53.191780/36.635433/53.199532/36.637447
PROPERTY sim/exclude_str 53.191780/36.635433/53.199532/36.637447
PROPERTY sim/exclude_obj 53.198551/36.633240/53.199959/36.633335
PROPERTY sim/exclude_fac 53.198551/36.633240/53.199959/36.633335
PROPERTY sim/exclude_for 53.198551/36.633240/53.199959/36.633335
PROPERTY sim/exclude_bch 53.198551/36.633240/53.199959/36.633335
PROPERTY sim/exclude_net 53.198551/36.633240/53.199959/36.633335
PROPERTY sim/exclude_lin 53.198551/36.633240/53.199959/36.633335
PROPERTY sim/exclude_pol 53.198551/36.633240/53.199959/36.633335
PROPERTY sim/exclude_str 53.198551/36.633240/53.199959/36.633335
PROPERTY sim/exclude_obj 53.198799/36.633171/53.200203/36.633266
PROPERTY sim/exclude_fac 53.198799/36.633171/53.200203/36.633266
PROPERTY sim/exclude_for 53.198799/36.633171/53.200203/36.633266
PROPERTY sim/exclude_bch 53.198799/36.633171/53.200203/36.633266
PROPERTY sim/exclude_net 53.198799/36.633171/53.200203/36.633266
PROPERTY sim/exclude_lin 53.198799/36.633171/53.200203/36.633266
PROPERTY sim/exclude_pol 53.198799/36.633171/53.200203/36.633266
PROPERTY sim/exclude_str 53.198799/36.633171/53.200203/36.633266
PROPERTY sim/exclude_obj 53.198395/36.633301/53.200428/36.633793
PROPERTY sim/exclude_fac 53.198395/36.633301/53.200428/36.633793
PROPERTY sim/exclude_for 53.198395/36.633301/53.200428/36.633793
PROPERTY sim/exclude_bch 53.198395/36.633301/53.200428/36.633793
PROPERTY sim/exclude_net 53.198395/36.633301/53.200428/36.633793
PROPERTY sim/exclude_lin 53.198395/36.633301/53.200428/36.633793
PROPERTY sim/exclude_pol 53.198395/36.633301/53.200428/36.633793
PROPERTY sim/exclude_str 53.198395/36.633301/53.200428/36.633793
PROPERTY sim/exclude_obj 53.197701/36.633286/53.199085/36.633839
PROPERTY sim/exclude_fac 53.197701/36.633286/53.199085/36.633839
PROPERTY sim/exclude_for 53.197701/36.633286/53.199085/36.633839
PROPERTY sim/exclude_bch 53.197701/36.633286/53.199085/36.633839
PROPERTY sim/exclude_net 53.197701/36.633286/53.199085/36.633839
PROPERTY sim/exclude_lin 53.197701/36.633286/53.199085/36.633839
PROPERTY sim/exclude_pol 53.197701/36.633286/53.199085/36.633839
PROPERTY sim/exclude_str 53.197701/36.633286/53.199085/36.633839
PROPERTY sim/exclude_obj 53.192760/36.632671/53.197823/36.633778
PROPERTY sim/exclude_fac 53.192760/36.632671/53.197823/36.633778
PROPERTY sim/exclude_for 53.192760/36.632671/53.197823/36.633778
PROPERTY sim/exclude_bch 53.192760/36.632671/53.197823/36.633778
PROPERTY sim/exclude_net 53.192760/36.632671/53.197823/36.633778
PROPERTY sim/exclude_lin 53.192760/36.632671/53.197823/36.633778
PROPERTY sim/exclude_pol 53.192760/36.632671/53.197823/36.633778
PROPERTY sim/exclude_str 53.192760/36.632671/53.197823/36.633778
PROPERTY sim/require_agpoint 1/0
PROPERTY sim/require_object 1/0
PROPERTY sim/require_facade 1/3
PROPERTY sim/require_facade 6/0
