PROPERTY sim/west -180
PROPERTY sim/east 180
PROPERTY sim/north 90
PROPERTY sim/south -90
PROPERTY sim/planet earth
PROPERTY sim/creation_agent WorldEditor2.0.0r4
PROPERTY laminar/internal_revision 0
PROPERTY sim/overlay 1
FILTER 0
FILTER -1
FILTER 0
FILTER -1
FILTER 0
FILTER -1
FILTER 0
FILTER -1
FILTER 0
FILTER -1
FILTER 0
OBJECT_MSL 0 -135.446401585 58.106934975 1.000000000 244.798706
OBJECT_MSL 1 -135.446350746 58.106947734 1.000000000 331.260406
OBJECT_MSL 2 -135.446155234 58.107039548 1.000000000 227.120880
OBJECT_MSL 2 -135.445720792 58.107154278 1.000000000 248.198547
OBJECT_MSL 3 -135.445698317 58.107159406 1.000000000 247.067841
OBJECT_MSL 4 -135.445662972 58.107167787 1.000000000 331.788757
OBJECT_MSL 5 -135.446193173 58.107022727 1.000000000 335.047089
OBJECT_MSL 6 -135.446809791 58.106860483 1.000000000 0.000000
OBJECT_MSL 7 -135.446772812 58.106865161 1.000000000 62.592140
OBJECT_MSL 3 -135.446788186 58.106857038 1.000000000 243.434677
OBJECT 8 -135.443502910 58.106366214 154.537064
OBJECT 8 -135.444343242 58.105781939 154.537064
OBJECT 8 -135.443371721 58.106032580 154.537064
OBJECT 8 -135.444661489 58.106892529 243.823959
OBJECT 8 -135.445989448 58.107138438 244.397141
OBJECT 8 -135.447521429 58.106290990 240.100525
OBJECT 8 -135.446482203 58.106861249 241.447983
OBJECT 8 -135.446577795 58.106526805 238.239746
OBJECT 8 -135.446048326 58.106663566 241.761749
OBJECT 8 -135.445585965 58.106791471 249.863007
OBJECT 8 -135.445663384 58.106623040 57.425102
OBJECT 8 -135.446218976 58.106488295 63.434296
OBJECT 8 -135.446874756 58.106307833 61.959290
OBJECT 8 -135.447384808 58.106187525 65.224419
OBJECT 8 -135.443986717 58.106688756 154.537064
OBJECT 8 -135.445041530 58.106419570 154.537064
OBJECT 8 -135.443682355 58.106330490 329.779755
OBJECT 8 -135.444688040 58.106077844 329.779755
OBJECT 8 -135.444566607 58.105724941 329.779755
OBJECT 8 -135.443595089 58.105975582 329.779755
OBJECT 8 -135.444164334 58.106645296 329.779755
OBJECT 8 -135.445264900 58.106362572 329.779755
OBJECT 8 -135.446319919 58.106099900 329.779755
OBJECT 8 -135.443954173 58.106260524 333.609802
OBJECT 8 -135.444959856 58.106007878 333.609802
OBJECT 8 -135.444436154 58.106575330 333.609802
OBJECT 8 -135.445536718 58.106292606 333.609802
OBJECT 8 -135.446591735 58.106029934 333.609802
OBJECT 8 -135.444158836 58.106209287 336.447998
OBJECT 8 -135.445043081 58.105603737 336.447998
OBJECT 8 -135.444071565 58.105854379 336.447998
OBJECT 8 -135.444640819 58.106524092 336.447998
BEGIN_POLYGON 0 3 3
BEGIN_WINDING
POLYGON_POINT -135.443988206 58.106841027 3.000000000
POLYGON_POINT -135.443440018 58.107076352 0.000000000
POLYGON_POINT -135.443480246 58.107102510 3.000000000
POLYGON_POINT -135.444028434 58.106867186 0.000000000
END_WINDING
END_POLYGON
BEGIN_POLYGON 0 3 3
BEGIN_WINDING
POLYGON_POINT -135.443096361 58.106237483 3.000000000
POLYGON_POINT -135.442548183 58.106472808 0.000000000
POLYGON_POINT -135.442588410 58.106498966 3.000000000
POLYGON_POINT -135.443136589 58.106263642 0.000000000
END_WINDING
END_POLYGON
OBJECT 8 -135.443098066 58.106086523 154.133957
OBJECT 8 -135.444277694 58.105955020 154.133957
OBJECT 8 -135.444156265 58.105602118 154.133957
OBJECT 8 -135.443184743 58.105852759 154.133957
OBJECT 8 -135.443753981 58.106522472 154.133957
OBJECT 8 -135.443504931 58.106151167 149.816727
OBJECT 8 -135.444389186 58.105545618 149.816727
OBJECT 8 -135.443417666 58.105796259 149.816727
OBJECT 8 -135.443986908 58.106465973 149.816727
OBJECT 8 -135.445087475 58.106183249 149.816727
OBJECT 8 -135.446142496 58.105920577 149.816727
OBJECT 8 -135.444788192 58.105830346 334.089081
OBJECT 8 -135.446420071 58.105852403 334.089081
OBJECT 8 -135.443888633 58.106052774 331.821747
OBJECT 8 -135.444772882 58.105447224 331.821747
OBJECT 8 -135.443801365 58.105697866 331.821747
OBJECT 8 -135.445091927 58.105750995 148.736603
OBJECT 8 -135.444568227 58.106318447 148.736603
OBJECT 8 -135.445668790 58.106035724 148.736603
OBJECT 8 -135.446723806 58.105773052 148.736603
OBJECT 8 -135.444349758 58.106162211 155.004089
OBJECT 8 -135.445355438 58.105909564 155.004089
OBJECT 8 -135.445932303 58.106194293 155.004089
OBJECT 8 -135.446987317 58.105931621 155.004089
BEGIN_POLYGON 0 1 3
BEGIN_WINDING
POLYGON_POINT -135.444986157 58.105497571 2.000000000
POLYGON_POINT -135.443091117 58.105974066 2.000000000
POLYGON_POINT -135.443136799 58.106004318 2.000000000
POLYGON_POINT -135.445011952 58.105526037 2.000000000
END_WINDING
END_POLYGON
BEGIN_POLYGON 0 0 3
BEGIN_WINDING
POLYGON_POINT -135.445358915 58.105774513 2.000000000
POLYGON_POINT -135.443488834 58.106242697 2.000000000
POLYGON_POINT -135.443528562 58.106269530 2.000000000
POLYGON_POINT -135.445392099 58.105801786 2.000000000
END_WINDING
END_POLYGON
BEGIN_POLYGON 0 1 3
BEGIN_WINDING
POLYGON_POINT -135.446962810 58.105797890 2.000000000
POLYGON_POINT -135.443953586 58.106556606 2.000000000
POLYGON_POINT -135.444012718 58.106596546 2.000000000
POLYGON_POINT -135.446995995 58.105838800 2.000000000
END_WINDING
END_POLYGON
BEGIN_POLYGON 0 1 3
BEGIN_WINDING
POLYGON_POINT -135.444553261 58.106961646 2.000000000
POLYGON_POINT -135.444012718 58.106596546 2.000000000
POLYGON_POINT -135.443953586 58.106556606 2.000000000
POLYGON_POINT -135.443528562 58.106269530 2.000000000
POLYGON_POINT -135.443488834 58.106242697 2.000000000
POLYGON_POINT -135.443091117 58.105974066 2.000000000
POLYGON_POINT -135.443032206 58.105996458 2.000000000
POLYGON_POINT -135.444540916 58.107012773 2.000000000
POLYGON_POINT -135.444598263 58.106988402 2.000000000
END_WINDING
END_POLYGON
BEGIN_POLYGON 0 1 3
BEGIN_WINDING
POLYGON_POINT -135.444598263 58.106988402 2.000000000
POLYGON_POINT -135.447683787 58.106208960 2.000000000
POLYGON_POINT -135.447645559 58.106165198 2.000000000
POLYGON_POINT -135.444553261 58.106961646 2.000000000
END_WINDING
END_POLYGON
OBJECT_MSL 9 -135.443299293 58.106174823 0.600000000 51.842472
OBJECT_MSL 9 -135.444195354 58.106776362 0.600000000 51.553928
OBJECT_MSL 9 -135.445526480 58.107182768 1.000000000 63.203121
OBJECT_MSL 2 -135.445214689 58.107236463 3.000000000 231.340088
OBJECT_MSL 1 -135.445233753 58.107211281 3.000000000 329.656860
OBJECT_MSL 3 -135.445227398 58.107310889 3.000000000 57.994438
OBJECT_MSL 4 -135.445159611 58.107235344 3.000000000 69.274345
OBJECT_MSL 10 -135.445186091 58.107223592 3.000000000 62.878590
OBJECT_MSL 5 -135.445267349 58.107307746 3.000000000 65.376076
OBJECT_MSL 11 -135.445311626 58.107289366 3.000000000 60.945007
BEGIN_POLYGON 0 3 3
BEGIN_WINDING
POLYGON_POINT -135.445371860 58.107292586 3.000000000
POLYGON_POINT -135.445322766 58.107246266 0.000000000
POLYGON_POINT -135.445307909 58.107232249 3.000000000
POLYGON_POINT -135.445264823 58.107191597 3.000000000
POLYGON_POINT -135.444751570 58.107338370 3.000000000
POLYGON_POINT -135.444795982 58.107380273 3.000000000
POLYGON_POINT -135.444145492 58.107572720 0.000000000
POLYGON_POINT -135.444208116 58.107631806 3.000000000
END_WINDING
END_POLYGON
BEGIN_POLYGON 0 1 3
BEGIN_WINDING
POLYGON_POINT -135.445552326 58.107209615 2.000000000
POLYGON_POINT -135.446897937 58.106845511 2.000000000
POLYGON_POINT -135.446855126 58.106801281 2.000000000
POLYGON_POINT -135.445509515 58.107165385 0.000000000
END_WINDING
END_POLYGON
OBJECT_MSL 12 -135.447814271 58.108016475 0.600000000 287.255188
OBJECT_MSL 13 -135.447856198 58.107963236 0.600000000 287.354065
OBJECT_MSL 2 -135.447947604 58.108113632 0.600000000 197.353851
OBJECT_MSL 2 -135.448000707 58.107954812 0.600000000 111.801537
OBJECT_MSL 14 -135.447894220 58.108081400 0.600000000 197.353867
OBJECT_MSL 15 -135.447989540 58.107933335 0.600000000 20.136196
OBJECT_MSL 3 -135.447918624 58.108107992 0.600000000 107.102898
OBJECT_MSL 4 -135.447882019 58.108101545 0.600000000 108.435127
OBJECT_MSL 10 -135.447851514 58.108097516 0.600000000 107.878868
OBJECT_MSL 10 -135.448018794 58.107914427 0.600000000 114.444061
OBJECT_MSL 5 -135.447981788 58.107911673 0.600000000 113.008583
OBJECT_MSL 7 -135.448040536 58.107927245 0.600000000 105.255196
OBJECT_MSL 16 -135.447957861 58.107896770 0.600000000 0.000000
BEGIN_POLYGON 0 3 3
BEGIN_WINDING
POLYGON_POINT -135.447714844 58.107954791 3.000000000
POLYGON_POINT -135.447329234 58.107889861 0.000000000
POLYGON_POINT -135.447310926 58.107920209 3.000000000
POLYGON_POINT -135.447696536 58.107985139 0.000000000
END_WINDING
END_POLYGON
OBJECT_MSL 17 -135.447819236 58.107998122 0.600000000 108.430000
OBJECT_MSL 17 -135.447827573 58.107984405 0.600000000 108.510002
BEGIN_POLYGON 0 0 3
BEGIN_WINDING
POLYGON_POINT -135.448109484 58.107918194 2.000000000
POLYGON_POINT -135.447886089 58.107881311 3.000000000
POLYGON_POINT -135.447829909 58.107976288 0.000000000
POLYGON_POINT -135.447812543 58.108005647 3.000000000
POLYGON_POINT -135.447758944 58.108096259 2.000000000
POLYGON_POINT -135.447982338 58.108133142 0.000000000
END_WINDING
END_POLYGON
BEGIN_POLYGON 1 3 5
BEGIN_WINDING
POLYGON_POINT -135.447983204 58.104292960 2.000000000 -135.447983204 58.104292960
POLYGON_POINT -135.448087419 58.104292960 2.000000000 -135.448108262 58.104303973
POLYGON_POINT -135.448191635 58.104348027 2.000000000 -135.448191635 58.104348027
POLYGON_POINT -135.451443162 58.107387726 2.000000000 -135.451443162 58.107387726
POLYGON_POINT -135.451734966 58.107652048 2.000000000 -135.451734966 58.107652048
POLYGON_POINT -135.451922554 58.107685088 2.000000000 -135.452068456 58.107674075
POLYGON_POINT -135.451943397 58.107486847 2.000000000 -135.451943397 58.107486847
POLYGON_POINT -135.448566811 58.104326000 2.000000000 -135.448566811 58.104326000
POLYGON_POINT -135.448379223 58.104160799 2.000000000 -135.448379223 58.104127759
POLYGON_POINT -135.448066576 58.104116746 2.000000000 -135.448066576 58.104116746
POLYGON_POINT -135.446399126 58.104149786 2.000000000 -135.446399126 58.104149786
POLYGON_POINT -135.441688580 58.105339233 2.000000000 -135.441688580 58.105339233
POLYGON_POINT -135.441626051 58.105471394 2.000000000 -135.441730267 58.105581528
POLYGON_POINT -135.441980384 58.105482408 2.000000000 -135.441980384 58.105482408
POLYGON_POINT -135.446545028 58.104326000 2.000000000 -135.446545028 58.104326000
END_WINDING
END_POLYGON
BEGIN_POLYGON 1 3 5
BEGIN_WINDING
POLYGON_POINT -135.445378021 58.108087486 5.000000000 -135.445378021 58.108087486
POLYGON_POINT -135.445842876 58.108046486 2.000000000 -135.446023821 58.108020992
POLYGON_POINT -135.446226690 58.107953609 2.000000000 -135.446226690 58.107953609
POLYGON_POINT -135.446483523 58.107895590 2.000000000 -135.446483523 58.107895590
POLYGON_POINT -135.446741821 58.107855073 2.000000000 -135.446835207 58.107865098
POLYGON_POINT -135.447168313 58.107924465 2.000000000 -135.447168313 58.107924465
POLYGON_POINT -135.447299937 58.107937258 2.000000000 -135.447336126 58.107918138
POLYGON_POINT -135.447372315 58.107797414 2.000000000 -135.447372315 58.107797414
POLYGON_POINT -135.447324063 58.107676318 2.000000000 -135.447324063 58.107676318
POLYGON_POINT -135.448856067 58.107115450 2.000000000 -135.448856067 58.107115450
POLYGON_POINT -135.448868130 58.107026221 2.000000000 -135.448783689 58.107000727
POLYGON_POINT -135.448747500 58.107000727 2.000000000 -135.448747500 58.107000727
POLYGON_POINT -135.447131055 58.107612583 2.000000000 -135.447131055 58.107612583
POLYGON_POINT -135.446769167 58.107612583 2.000000000 -135.446648536 58.107644450
POLYGON_POINT -135.446539969 58.107701812 2.000000000 -135.446539969 58.107701812
POLYGON_POINT -135.445912519 58.107860391 2.000000000 -135.445912519 58.107860391
POLYGON_POINT -135.445696406 58.107919571 7.000000000 -135.445588369 58.107938598
POLYGON_POINT -135.445311193 58.107975629 0.000000000 -135.445311193 58.107975629
POLYGON_POINT -135.445316352 58.107985439 4.000000000 -135.445316352 58.107985439
POLYGON_POINT -135.445372498 58.108078772 0.000000000 -135.445372498 58.108078772
END_WINDING
END_POLYGON
OBJECT_MSL 18 -135.447313263 58.107862638 3.000000000 105.422234
OBJECT_MSL 19 -135.447281694 58.107713349 3.000000000 254.314041
OBJECT_MSL 19 -135.447306409 58.107763247 3.000000000 257.213226
OBJECT_MSL 19 -135.447316118 58.107786563 3.000000000 255.422043
OBJECT_MSL 20 -135.447147339 58.107900158 3.000000000 104.915016
OBJECT 21 -135.447795515 58.108043378 286.044373
OBJECT 21 -135.447850681 58.107946614 288.228912
OBJECT_MSL 22 -135.445916572 58.107878373 3.000000000 332.020874
OBJECT_MSL 22 -135.446873284 58.107864170 3.000000000 205.083191
OBJECT_MSL 22 -135.446476367 58.107727988 3.000000000 337.109711
OBJECT_MSL 22 -135.446972908 58.107616035 3.000000000 1.548142
OBJECT_MSL 22 -135.447346104 58.107811535 3.000000000 96.483177
FILTER -1
OBJECT_DEF lib/industrial_area/goods/barrels_4x_04.obj
OBJECT_DEF lib/industrial_area/goods/lumber_4m.obj
OBJECT_DEF lib/industrial_area/goods/pallet_us.obj
OBJECT_DEF lib/industrial_area/goods/goods_various.obj
OBJECT_DEF lib/industrial_area/goods/goods_02_stack_4x.obj
OBJECT_DEF lib/industrial_area/goods/goods_01_stack_4x.obj
OBJECT_DEF lib/industrial_area/goods/barrel_open_03.obj
OBJECT_DEF lib/industrial_area/goods/barrels_4x_05.obj
OBJECT_DEF lib/ships/SailBoat.obj
OBJECT_DEF lib/constructions/piers/ramp_1_200cm.obj
OBJECT_DEF lib/industrial_area/goods/goods_01_stack_full.obj
OBJECT_DEF lib/industrial_area/goods/barrels_8x_03.obj
OBJECT_DEF lib/airport/Common_Elements/Miscellaneous/container_fire_extinguisher_concrete.obj
OBJECT_DEF lib/airport/Common_Elements/Fueling_Stations/fuel_station_white_avgas100LL.obj
OBJECT_DEF lib/industrial_area/goods/lumber_stack_6m.obj
OBJECT_DEF lib/industrial_area/goods/lumber_stack_4m.obj
OBJECT_DEF lib/airport/landscape/windsock.obj
OBJECT_DEF lib/constructions/piers/ramp_2_240cm.obj
OBJECT_DEF lib/g10/US/industrial/light/GateHut3x3.obj
OBJECT_DEF lib/cars/car.obj
OBJECT_DEF lib/airport/Common_Elements/vehicles/Fuel_Truck_Small.obj
OBJECT_DEF lib/street/streetlights/ParkingLot_01.obj
OBJECT_DEF lib/street/streetlights/ResidentialLight_01V1.obj
POLYGON_DEF lib/constructions/piers/pier_wooden_01.fac
POLYGON_DEF lib/constructions/piers/embankment_01.fac
PROPERTY sim/filter/aptid OOH
PROPERTY sim/exclude_obj -135.447457/58.107566/-135.445540/58.107970
PROPERTY sim/exclude_fac -135.447457/58.107566/-135.445540/58.107970
PROPERTY sim/exclude_for -135.447457/58.107566/-135.445540/58.107970
PROPERTY sim/exclude_bch -135.447457/58.107566/-135.445540/58.107970
PROPERTY sim/exclude_lin -135.447457/58.107566/-135.445540/58.107970
PROPERTY sim/exclude_pol -135.447457/58.107566/-135.445540/58.107970
PROPERTY sim/exclude_str -135.447457/58.107566/-135.445540/58.107970
PROPERTY sim/require_agpoint 1/0
PROPERTY sim/require_object 1/0
PROPERTY sim/require_facade 1/0
