PROPERTY sim/west -180
PROPERTY sim/east 180
PROPERTY sim/north 90
PROPERTY sim/south -90
PROPERTY sim/planet earth
PROPERTY sim/creation_agent WorldEditor1.7.1r2
PROPERTY laminar/internal_revision 0
PROPERTY sim/overlay 1
FILTER 0
BEGIN_POLYGON 0 0 2
BEGIN_WINDING
POLYGON_POINT 56.236374442 26.169243860
POLYGON_POINT 56.237096317 26.169078591
POLYGON_POINT 56.237542204 26.169903947
POLYGON_POINT 56.237579757 26.170127261
POLYGON_POINT 56.236672759 26.170340945
END_WINDING
END_POLYGON
BEGIN_POLYGON 1 13 2
BEGIN_WINDING
POLYGON_POINT 56.235358176 26.162368559
POLYGON_POINT 56.236022778 26.162221330
POLYGON_POINT 56.237092323 26.166187817
POLYGON_POINT 56.237409413 26.166119381
POLYGON_POINT 56.237561101 26.166692615
POLYGON_POINT 56.236634340 26.166894902
POLYGON_POINT 56.236550510 26.166578895
POLYGON_POINT 56.236503229 26.166589315
POLYGON_POINT 56.236430156 26.166335019
END_WINDING
END_POLYGON
FILTER -1
FILTER 0
FILTER -1
FILTER 0
FILTER -1
FILTER 0
FILTER -1
FILTER 0
FILTER -1
FILTER 0
OBJECT 0 56.235892988 26.162317035 189.869995
OBJECT 1 56.235637595 26.162415490 194.970001
OBJECT 0 56.235733890 26.162346346 193.110001
OBJECT 2 56.234080418 26.164804533 0.000000
OBJECT 2 56.234113076 26.164741612 0.000000
OBJECT 2 56.234125597 26.164750622 0.000000
OBJECT 3 56.235438865 26.162425570 15.190000
OBJECT 4 56.235485706 26.162403361 11.690000
OBJECT 4 56.235520429 26.162394292 9.780000
OBJECT 4 56.235558975 26.162382843 12.530000
BEGIN_POLYGON 2 10 3
BEGIN_WINDING
POLYGON_POINT 56.233866661 26.164463149 4.000000000
POLYGON_POINT 56.233816628 26.163764364 4.000000000
POLYGON_POINT 56.234854400 26.163561770 3.000000000
POLYGON_POINT 56.235069251 26.164208810 4.000000000
END_WINDING
END_POLYGON
OBJECT 5 56.242686271 26.184373652 300.580017
OBJECT 5 56.242435052 26.184655813 295.489990
OBJECT 5 56.242372012 26.184548011 295.260010
OBJECT 5 56.242310631 26.184433252 295.839996
OBJECT 6 56.241559635 26.183328541 319.399994
OBJECT 6 56.241836343 26.183548706 141.339996
OBJECT 6 56.241702567 26.183444153 143.610001
OBJECT 6 56.241115448 26.182605642 280.559998
OBJECT 6 56.241083417 26.182461844 279.320007
OBJECT 6 56.241058208 26.182322994 278.640015
OBJECT 6 56.241034670 26.182180018 277.489990
OBJECT 7 56.236553148 26.167248481 284.429993
OBJECT 8 56.238434293 26.172988245 7.970000
OBJECT 8 56.238424379 26.172955739 188.279999
OBJECT 9 56.238837744 26.173037710 273.200012
OBJECT 9 56.238828282 26.172879827 272.700012
OBJECT 10 56.235612997 26.165545458 104.269997
OBJECT 11 56.238213277 26.172378287 102.639999
OBJECT 12 56.238031349 26.171635172 102.419998
OBJECT 11 56.238123728 26.171910764 105.039993
OBJECT 13 56.237259416 26.170268545 14.530000
OBJECT 11 56.237499808 26.169829742 295.100006
OBJECT 11 56.237417879 26.169680264 296.779999
OBJECT 12 56.237205145 26.169260723 296.660004
OBJECT 13 56.236640016 26.169622615 12.550000
OBJECT 14 56.237007837 26.168943362 105.540001
OBJECT 15 56.236428620 26.166834157 284.260010
OBJECT 15 56.236142312 26.166892495 104.570000
OBJECT 16 56.236650043 26.167803902 283.890015
OBJECT 16 56.235978605 26.164602529 283.929993
OBJECT 16 56.236349789 26.166001765 283.649994
OBJECT 17 56.235771892 26.163834997 283.660004
OBJECT 18 56.235582892 26.163475780 283.230011
OBJECT 19 56.235208251 26.162564394 196.399994
OBJECT 20 56.235382945 26.163093139 285.519989
OBJECT 21 56.238013188 26.168256769 15.540000
OBJECT 22 56.235052499 26.167726784 14.040000
OBJECT 22 56.235001327 26.167539142 194.770004
OBJECT 22 56.234879980 26.167111370 15.420000
OBJECT 23 56.234367236 26.165232230 103.250000
OBJECT 24 56.234539331 26.165837240 104.040001
OBJECT 24 56.234477928 26.165616793 104.739998
OBJECT 24 56.234508630 26.165725704 103.830002
OBJECT 25 56.234714772 26.166509078 104.739998
OBJECT 25 56.234679684 26.166390981 103.500000
OBJECT 25 56.234646058 26.166272885 102.989998
OBJECT 26 56.234840505 26.166905357 104.000000
OBJECT 26 56.234811265 26.166791197 105.639999
OBJECT 26 56.234773253 26.166675725 104.739998
OBJECT 25 56.234608046 26.166146915 104.040001
OBJECT 24 56.234444126 26.165508302 104.010002
OBJECT 23 56.234328732 26.165097835 102.519997
OBJECT 27 56.234387801 26.164778376 97.129997
OBJECT 28 56.235359988 26.168535573 193.529999
OBJECT 29 56.236906069 26.167035813 14.090000
OBJECT 30 56.236037997 26.168518748 284.660004
OBJECT 30 56.235773795 26.168306941 285.200012
OBJECT 30 56.235964786 26.168223767 15.260000
OBJECT 30 56.235901465 26.168017901 194.529999
OBJECT 30 56.235692390 26.168039129 284.510010
OBJECT 30 56.235814770 26.167787525 285.950012
OBJECT 30 56.235585528 26.167846613 285.359985
OBJECT 30 56.235344894 26.167801458 14.040000
OBJECT 30 56.235282155 26.167595303 15.500000
OBJECT 30 56.235439599 26.167388042 282.910004
OBJECT 30 56.235677900 26.167340898 281.779999
OBJECT 30 56.235250420 26.167092434 14.040000
OBJECT 31 56.235219060 26.166518144 16.260000
OBJECT 32 56.235528214 26.166521335 15.520000
OBJECT 30 56.235648915 26.166966998 16.770000
OBJECT 33 56.235018200 26.165122835 194.619995
OBJECT 30 56.235342375 26.166206089 284.329987
OBJECT 30 56.235108221 26.166261611 284.519989
OBJECT 30 56.235241980 26.165924131 284.040009
OBJECT 30 56.235012044 26.165981245 285.470001
OBJECT 33 56.234846556 26.165166118 14.620000
OBJECT 34 56.234502423 26.164605798 284.010010
OBJECT 30 56.235008997 26.164923245 251.860001
OBJECT 30 56.234732430 26.164912193 284.820007
OBJECT 35 56.235258448 26.162713476 13.240000
OBJECT 35 56.236497864 26.168539482 12.530000
OBJECT 35 56.235686707 26.168579205 285.950012
OBJECT 36 56.237986415 26.170878134 12.260000
OBJECT 36 56.237466908 26.170034218 12.270000
OBJECT 37 56.235777214 26.162336613 191.309998
OBJECT 38 56.235696285 26.162371492 194.919998
OBJECT 39 56.235816788 26.162311022 193.130005
OBJECT 38 56.235682594 26.162327816 193.529999
OBJECT 39 56.235852727 26.162304043 192.710007
OBJECT 40 56.239179331 26.173006958 0.000000
OBJECT 40 56.239001460 26.172891694 0.000000
OBJECT 40 56.239001512 26.173114428 271.269989
OBJECT 41 56.237130888 26.165616641 280.140015
OBJECT 42 56.236081477 26.157451642 180.000000
OBJECT 42 56.235997857 26.157570001 90.000000
OBJECT 42 56.235930317 26.157665265 135.000000
OBJECT 42 56.235862778 26.157786510 153.440002
OBJECT 42 56.235795238 26.157913529 116.570000
OBJECT 42 56.235718050 26.158031888 180.000000
OBJECT 42 56.235631214 26.158132926 146.309998
OBJECT 42 56.235557242 26.158222416 149.039993
OBJECT 42 56.235496134 26.158335001 0.000000
OBJECT 42 56.235441460 26.158427379 90.000000
OBJECT 42 56.235377136 26.158525530 90.000000
OBJECT 42 56.235322461 26.158620794 0.000000
OBJECT 42 56.235891723 26.158202209 0.000000
OBJECT 42 56.235798454 26.158337888 123.690002
OBJECT 42 56.235753428 26.158395624 0.000000
OBJECT 42 56.235682672 26.158502436 0.000000
OBJECT 42 56.235644078 26.158603473 0.000000
OBJECT 42 56.235586187 26.158692964 123.690002
OBJECT 42 56.235521864 26.158756474 0.000000
OBJECT 42 56.235451112 26.158854625 0.000000
OBJECT 42 56.235370707 26.158958549 0.000000
OBJECT 42 56.235280653 26.159085568 165.960007
OBJECT 42 56.235209896 26.159177946 135.000000
OBJECT 42 56.235148788 26.159290531 143.130005
OBJECT 42 56.235081248 26.159388682 180.000000
OBJECT 42 56.235010491 26.159486833 153.440002
OBJECT 42 56.234946167 26.159587871 143.130005
OBJECT 42 56.234872194 26.159671588 135.000000
OBJECT 42 56.234820735 26.159781286 0.000000
OBJECT 42 56.234788572 26.159873663 180.000000
OBJECT 42 56.234743545 26.159963154 0.000000
OBJECT 42 56.234685654 26.160052645 0.000000
OBJECT 42 56.235216329 26.158779568 180.000000
OBJECT 42 56.235164869 26.158874832 90.000000
OBJECT 42 56.235097329 26.158955662 0.000000
OBJECT 42 56.235016923 26.159076908 135.000000
OBJECT 42 56.234962248 26.159149078 0.000000
OBJECT 42 56.234875410 26.159290531 90.000000
OBJECT 42 56.234804654 26.159380021 153.440002
OBJECT 42 56.234730681 26.159478172 90.000000
OBJECT 42 56.234618113 26.159613852 120.959999
OBJECT 42 56.234566654 26.159732210 0.000000
OBJECT 42 56.234463735 26.159896758 0.000000
OBJECT 42 56.234402627 26.160000682 0.000000
OBJECT 42 56.234341519 26.160104607 0.000000
OBJECT 42 56.234161408 26.160367305 123.690002
OBJECT 42 56.234097084 26.160477004 90.000000
OBJECT 42 56.234035975 26.160569381 180.000000
OBJECT 42 56.233968434 26.160670419 0.000000
OBJECT 42 56.233888028 26.160759910 90.000000
OBJECT 42 56.233830136 26.160884042 170.539993
OBJECT 42 56.233785109 26.160964872 0.000000
OBJECT 42 56.234602033 26.160119041 180.000000
OBJECT 42 56.234521627 26.160237400 90.000000
OBJECT 42 56.234479816 26.160338438 90.000000
OBJECT 42 56.234383329 26.160433702 0.000000
OBJECT 42 56.234306139 26.160531853 135.000000
OBJECT 42 56.234251463 26.160621343 90.000000
OBJECT 42 56.234190355 26.160722381 90.000000
OBJECT 42 56.234135678 26.160814759 90.000000
OBJECT 42 56.234077786 26.160904249 0.000000
OBJECT 42 56.234032759 26.160996627 180.000000
OBJECT 42 56.233978083 26.161077457 0.000000
OBJECT 42 56.233933053 26.161178495 90.000000
OBJECT 42 56.233875160 26.161230457 90.000000
OBJECT 42 56.233823700 26.161308401 116.570000
OBJECT 42 56.233791537 26.161418099 0.000000
OBJECT 42 56.233775456 26.161545118 180.000000
OBJECT 42 56.233746509 26.161672137 0.000000
OBJECT 42 56.233746509 26.161773175 0.000000
OBJECT 42 56.233746509 26.161839571 0.000000
OBJECT 42 56.233743290 26.162001232 0.000000
OBJECT 42 56.233759372 26.162145571 0.000000
OBJECT 42 56.233752939 26.162263930 0.000000
OBJECT 42 56.233752939 26.162370742 180.000000
OBJECT 42 56.233769020 26.162491987 0.000000
OBJECT 42 56.233762588 26.162624780 158.199997
OBJECT 42 56.233804400 26.162711383 180.000000
OBJECT 42 56.233801183 26.162812421 180.000000
OBJECT 42 56.233826914 26.162919233 180.000000
OBJECT 42 56.233859076 26.163043365 270.000000
OBJECT 42 56.233736859 26.161071684 90.000000
OBJECT 42 56.233656452 26.161216023 135.000000
OBJECT 42 56.233592127 26.161345929 158.199997
OBJECT 42 56.233540667 26.161438307 123.690002
OBJECT 42 56.233531018 26.161565326 180.000000
OBJECT 42 56.233518153 26.161712552 165.960007
OBJECT 42 56.233527802 26.161822250 0.000000
OBJECT 42 56.233521364 26.162145571 90.000000
OBJECT 42 56.233505283 26.162269704 90.000000
OBJECT 42 56.233521364 26.162373628 0.000000
OBJECT 42 56.233531013 26.162489100 0.000000
OBJECT 42 56.233563176 26.162630553 0.000000
OBJECT 42 56.233572825 26.162754685 0.000000
OBJECT 42 56.233608204 26.162959648 0.000000
OBJECT 42 56.233643575 26.163894970 0.000000
OBJECT 42 56.233650007 26.163996007 180.000000
OBJECT 42 56.233688604 26.164111479 180.000000
OBJECT 42 56.233695036 26.164284687 180.000000
OBJECT 42 56.233707902 26.164391498 180.000000
OBJECT 42 56.233730416 26.164541612 180.000000
OBJECT 42 56.233740065 26.164677291 180.000000
OBJECT 42 56.233730416 26.164824518 0.000000
OBJECT 42 56.233801176 26.164957310 0.000000
OBJECT 42 56.233830119 26.165124744 170.539993
OBJECT 42 56.233846201 26.165202688 168.690002
OBJECT 42 56.233884797 26.165323933 0.000000
OBJECT 42 56.233913744 26.165468273 0.000000
OBJECT 42 56.233952341 26.165580858 0.000000
OBJECT 42 56.233971635 26.165719424 0.000000
OBJECT 42 56.234016664 26.165866651 180.000000
OBJECT 42 56.234058477 26.165970575 0.000000
OBJECT 42 56.234068127 26.166106255 198.429993
OBJECT 42 56.234097074 26.166241934 180.000000
OBJECT 42 56.234122805 26.166348746 0.000000
OBJECT 42 56.234145320 26.166444010 0.000000
OBJECT 42 56.234196777 26.166565255 0.000000
OBJECT 42 56.234251456 26.166698048 180.000000
OBJECT 42 56.234290053 26.166790425 0.000000
OBJECT 42 56.234302919 26.166931878 180.000000
OBJECT 42 56.234344732 26.167076218 180.000000
OBJECT 42 56.234396194 26.167209011 0.000000
OBJECT 42 56.234418709 26.167324483 0.000000
OBJECT 42 56.234450869 26.167448615 116.570000
OBJECT 42 56.234479817 26.167587181 0.000000
OBJECT 42 56.234540929 26.167743068 206.559998
OBJECT 42 56.234576310 26.167875861 0.000000
OBJECT 42 56.234595609 26.168025974 0.000000
OBJECT 42 56.234653501 26.168161653 90.000000
OBJECT 42 56.234708181 26.168360842 0.000000
OBJECT 42 56.234740345 26.168505182 0.000000
OBJECT 42 56.234762861 26.168626427 180.000000
OBJECT 42 56.234814324 26.168756333 180.000000
OBJECT 42 56.234849705 26.168897786 0.000000
OBJECT 42 56.234894735 26.169021918 180.000000
OBJECT 42 56.234914034 26.169117183 0.000000
OBJECT 42 56.234965494 26.169264409 0.000000
OBJECT 42 56.235026607 26.169397202 0.000000
OBJECT 42 56.235090937 26.169564636 180.000000
OBJECT 42 56.235155267 26.169682994 0.000000
OBJECT 42 56.235222813 26.169818674 0.000000
OBJECT 42 56.235267844 26.169934146 0.000000
OBJECT 42 56.235419017 26.170020750 0.000000
OBJECT 42 56.235470481 26.170092919 90.000000
OBJECT 42 56.235570193 26.170185297 0.000000
OBJECT 42 56.235660255 26.170266127 0.000000
OBJECT 42 56.235753534 26.170352731 0.000000
OBJECT 42 56.235827513 26.170445108 0.000000
OBJECT 42 56.235911143 26.170531712 0.000000
OBJECT 42 56.236004421 26.170606769 0.000000
OBJECT 42 56.236052669 26.170684713 0.000000
OBJECT 42 56.236142729 26.170768430 0.000000
OBJECT 42 56.236226358 26.170843486 0.000000
OBJECT 42 56.236313205 26.170950298 0.000000
OBJECT 42 56.236390401 26.171031128 0.000000
OBJECT 42 56.236467598 26.171135053 225.000000
OBJECT 42 56.236519062 26.171218770 0.000000
OBJECT 42 56.236596257 26.171316921 90.000000
OBJECT 42 56.236728135 26.171449713 0.000000
OBJECT 42 56.236831064 26.171539204 0.000000
OBJECT 42 56.236901828 26.171628695 0.000000
OBJECT 42 56.236969375 26.171695091 0.000000
OBJECT 42 56.237043356 26.171804789 0.000000
OBJECT 42 56.237120552 26.171902940 0.000000
OBJECT 42 56.237197746 26.171992431 0.000000
OBJECT 42 56.237265294 26.172081922 0.000000
OBJECT 42 56.237365007 26.172191620 0.000000
OBJECT 42 56.237422905 26.172295544 0.000000
OBJECT 42 56.237545131 26.172405243 180.000000
OBJECT 42 56.237593379 26.172538035 0.000000
OBJECT 42 56.237651278 26.172630413 0.000000
OBJECT 42 56.237702743 26.172745884 0.000000
OBJECT 42 56.237767074 26.172878677 194.039993
OBJECT 42 56.237799240 26.172947960 0.000000
OBJECT 42 56.237844268 26.173121168 0.000000
OBJECT 42 56.237915033 26.173282828 194.039993
OBJECT 42 56.237976148 26.173412734 180.000000
OBJECT 42 56.238024397 26.173588829 180.000000
OBJECT 42 56.238104811 26.173762036 180.000000
OBJECT 42 56.238117678 26.173839980 90.000000
OBJECT 42 56.238169143 26.173969886 213.690002
OBJECT 42 56.238198093 26.174094018 0.000000
OBJECT 42 56.238239902 26.174186395 0.000000
OBJECT 42 56.238275285 26.174313414 180.000000
OBJECT 42 56.238310667 26.174440433 180.000000
OBJECT 42 56.238326751 26.174550132 180.000000
OBJECT 42 56.238368567 26.174665603 180.000000
OBJECT 42 56.238416816 26.174798396 0.000000
OBJECT 42 56.238416816 26.174954283 180.000000
OBJECT 42 56.238465065 26.175095736 180.000000
OBJECT 42 56.238506876 26.175188113 0.000000
OBJECT 42 56.238522959 26.175289151 0.000000
OBJECT 42 56.238567992 26.175442151 191.309998
OBJECT 42 56.238603375 26.175554736 0.000000
OBJECT 42 56.238645192 26.175699076 243.429993
OBJECT 42 56.238680575 26.175828982 0.000000
OBJECT 42 56.238690219 26.175993529 180.000000
OBJECT 42 56.238715953 26.176123435 0.000000
OBJECT 42 56.238754553 26.176215813 0.000000
OBJECT 42 56.238786720 26.176325511 0.000000
OBJECT 42 56.238818886 26.176449643 180.000000
OBJECT 42 56.238841403 26.176544907 0.000000
OBJECT 42 56.238880003 26.176695021 180.000000
OBJECT 42 56.238899303 26.176787398 0.000000
OBJECT 42 56.238928254 26.176905757 0.000000
OBJECT 42 56.238973279 26.177044323 0.000000
OBJECT 42 56.239005446 26.177133814 180.000000
OBJECT 42 56.239027963 26.177229078 180.000000
OBJECT 42 56.239053697 26.177335889 0.000000
OBJECT 42 56.239082647 26.177439814 180.000000
OBJECT 42 56.239101948 26.177506210 180.000000
OBJECT 42 56.239146982 26.177641890 225.000000
OBJECT 42 56.239150198 26.177714059 0.000000
OBJECT 42 56.239188799 26.177835305 180.000000
OBJECT 42 56.239214533 26.177919022 180.000000
OBJECT 42 56.239237050 26.178011399 0.000000
OBJECT 42 56.239249916 26.178112437 0.000000
OBJECT 42 56.239291734 26.178219249 90.000000
OBJECT 42 56.239343193 26.178479060 153.440002
OBJECT 42 56.239352843 26.178557004 180.000000
OBJECT 42 56.239404311 26.178652268 180.000000
OBJECT 42 56.239426828 26.178750419 0.000000
OBJECT 42 56.239475079 26.178900532 180.000000
OBJECT 42 56.239504030 26.179024665 0.000000
OBJECT 42 56.239539414 26.179160344 180.000000
OBJECT 42 56.239578015 26.179301797 180.000000
OBJECT 42 56.239610183 26.179417269 180.000000
OBJECT 42 56.239642350 26.179552948 0.000000
OBJECT 42 56.239677728 26.179679967 0.000000
OBJECT 42 56.239722763 26.179832967 0.000000
OBJECT 42 56.239758148 26.179931118 225.000000
OBJECT 42 56.239790315 26.180035043 0.000000
OBJECT 42 56.239828917 26.180156288 180.000000
OBJECT 42 56.239861084 26.180260213 0.000000
OBJECT 42 56.239890035 26.180390119 0.000000
OBJECT 42 56.239918986 26.180522911 0.000000
OBJECT 42 56.239954364 26.180675912 0.000000
OBJECT 42 56.240002616 26.180805817 180.000000
OBJECT 42 56.240038001 26.180901082 0.000000
OBJECT 42 56.240063736 26.181007893 0.000000
OBJECT 42 56.240099121 26.181120478 0.000000
OBJECT 42 56.240144156 26.181241724 198.429993
OBJECT 42 56.240166674 26.181345648 0.000000
OBJECT 42 56.240211709 26.181438026 225.000000
OBJECT 42 56.240211709 26.181547724 0.000000
OBJECT 42 56.240247094 26.181666082 0.000000
OBJECT 42 56.240279262 26.181775781 180.000000
OBJECT 42 56.240321078 26.181882592 0.000000
OBJECT 42 56.240362896 26.182084668 180.000000
OBJECT 42 56.240407932 26.182197253 206.559998
OBJECT 42 56.240456185 26.182309838 0.000000
OBJECT 42 56.240485136 26.182402215 0.000000
OBJECT 42 56.240501220 26.182497480 0.000000
OBJECT 42 56.240526955 26.182615838 180.000000
OBJECT 42 56.240549473 26.182731310 0.000000
OBJECT 42 56.240582528 26.182828675 0.000000
OBJECT 42 56.236296119 26.169077060 0.000000
OBJECT 42 56.236296119 26.168985606 0.000000
OBJECT 42 56.236249802 26.168869211 0.000000
OBJECT 42 56.236208117 26.168736187 0.000000
OBJECT 42 56.235823694 26.167630429 0.000000
OBJECT 42 56.235735693 26.167493248 90.000000
OBJECT 42 56.235619902 26.167518190 0.000000
OBJECT 42 56.235985800 26.167696941 0.000000
OBJECT 42 56.235971906 26.167572231 0.000000
OBJECT 42 56.235902431 26.167426737 90.000000
OBJECT 42 56.235832957 26.167289556 0.000000
OBJECT 42 56.235805167 26.167164847 0.000000
OBJECT 42 56.235133582 26.167530661 0.000000
OBJECT 42 56.235115056 26.167430894 0.000000
OBJECT 42 56.234675063 26.165813826 0.000000
OBJECT 42 56.234517590 26.165219377 270.000000
OBJECT 42 56.235467061 26.165872024 0.000000
OBJECT 42 56.235457798 26.165709902 0.000000
OBJECT 42 56.235216958 26.165157023 0.000000
OBJECT 42 56.235448535 26.164994900 0.000000
OBJECT 42 56.235402218 26.164483591 90.000000
OBJECT 42 56.235439270 26.164620771 0.000000
OBJECT 42 56.235476322 26.164828621 180.000000
OBJECT 42 56.235323482 26.164757952 0.000000
OBJECT 42 56.235179906 26.164633242 0.000000
OBJECT 42 56.235212326 26.164496062 0.000000
OBJECT 42 56.235212326 26.164346410 0.000000
OBJECT 42 56.235003908 26.164404608 0.000000
OBJECT 42 56.234814016 26.164437864 0.000000
OBJECT_MSL 43 56.234085491 26.164796402 32.500000000 329.040009
BEGIN_POLYGON 3 10 4
BEGIN_WINDING
POLYGON_POINT 56.234400325 26.164746807 56.234400325 26.164746807
POLYGON_POINT 56.234019204 26.164676744 56.234019204 26.164676744
POLYGON_POINT 56.234014612 26.164569588 56.234014612 26.164569588
POLYGON_POINT 56.235438079 26.164231637 56.235438079 26.164231637
POLYGON_POINT 56.235525322 26.164499525 56.235525322 26.164499525
POLYGON_POINT 56.235911033 26.164404734 56.235911033 26.164404734
POLYGON_POINT 56.235589607 26.163258996 56.235589607 26.163258996
POLYGON_POINT 56.235258998 26.163337302 56.235258998 26.163337302
POLYGON_POINT 56.235011041 26.162471817 56.235011041 26.162471817
POLYGON_POINT 56.234822778 26.162533637 56.234822778 26.162533637
POLYGON_POINT 56.235038592 26.163320817 56.235038592 26.163320817
POLYGON_POINT 56.233964113 26.163547491 56.233964113 26.163547491
POLYGON_POINT 56.233821776 26.162187443 56.233821776 26.162187443
POLYGON_POINT 56.233872285 26.161478569 56.233872285 26.161478569
POLYGON_POINT 56.236636450 26.157229448 56.236636450 26.157229448
POLYGON_POINT 56.237003774 26.157159385 56.237003774 26.157159385
POLYGON_POINT 56.239859725 26.158882113 56.239859725 26.158882113
POLYGON_POINT 56.240722960 26.160407016 56.240722960 26.160407016
POLYGON_POINT 56.241742325 26.163778287 56.241742325 26.163778287
POLYGON_POINT 56.242150991 26.165113608 56.242187726 26.165142458
POLYGON_POINT 56.242949975 26.166201647 56.242949975 26.166201647
POLYGON_POINT 56.244511225 26.167380355 56.244511225 26.167380355
POLYGON_POINT 56.241687170 26.169185511 56.241687170 26.169185511
POLYGON_POINT 56.245813266 26.184701016 56.245813266 26.184701016
POLYGON_POINT 56.243493991 26.185223055 56.243493991 26.185223055
POLYGON_POINT 56.243566705 26.185566502 56.243566705 26.185566502
POLYGON_POINT 56.243432752 26.185583674 56.243432752 26.185583674
POLYGON_POINT 56.241807574 26.184524210 56.241807574 26.184524210
POLYGON_POINT 56.240821106 26.182906989 56.240821106 26.182906989
POLYGON_POINT 56.238104357 26.172714044 56.238104357 26.172714044
POLYGON_POINT 56.236329987 26.170488510 56.236329987 26.170488510
POLYGON_POINT 56.235519952 26.169692263 56.235519952 26.169692263
POLYGON_POINT 56.235205872 26.169088896 56.235205872 26.169088896
POLYGON_POINT 56.234098330 26.165102718 56.234098330 26.165102718
POLYGON_POINT 56.234412411 26.164890055 56.234412411 26.164890055
END_WINDING
END_POLYGON
FILTER -1
OBJECT_DEF lib/airport/Ramp_Equipment/Tug660_Up_1.obj
OBJECT_DEF lib/airport/Ramp_Equipment/Lugg_Cart_Group.obj
OBJECT_DEF lib/airport/Modern_Airports/Terminal_kit/columns/column_4m_40a.obj
OBJECT_DEF lib/cars/car_or_truck.obj
OBJECT_DEF lib/cars/car.obj
OBJECT_DEF lib/g10/US/industrial/light/Shed13x24.obj
OBJECT_DEF lib/g10/US/industrial/light/FactA15x22.obj
OBJECT_DEF lib/airport/Common_Elements/Hangars/FBO_Modern1.agp
OBJECT_DEF lib/airport/Common_Elements/Fueling_Stations/Small_Fuel_Station.obj
OBJECT_DEF lib/airport/Common_Elements/Fueling_Stations/Covered_Station.agp
OBJECT_DEF lib/airport/Classic_Airports/Control_Towers/Classic_Tower_1.agp
OBJECT_DEF lib/airport/Common_Elements/Hangars/Sm_Gray_Hangar.agp
OBJECT_DEF lib/airport/Common_Elements/Hangars/Med_Orange_Hangar.agp
OBJECT_DEF lib/airport/Common_Elements/Hangars/Long_Row_Beige.agp
OBJECT_DEF lib/airport/Common_Elements/Misc_Buildings/Fire_Station_Lg.agp
OBJECT_DEF lib/airport/Common_Elements/Hangars/Sm_Orange_Hangar.agp
OBJECT_DEF lib/airport/Common_Elements/Hangars/Med_Gray_Hangar.agp
OBJECT_DEF lib/airport/Common_Elements/Hangars/Med_Blue_Hangar.agp
OBJECT_DEF lib/airport/Vintage_Airports/Terminals/Admin_Bldg.obj
OBJECT_DEF lib/airport/Common_Elements/Hangars/Sm_Blue_Hangar.agp
OBJECT_DEF lib/airport/Common_Elements/Hangars/Sm_Brown_Hangar.agp
OBJECT_DEF lib/airport/landscape/radar.obj
OBJECT_DEF lib/g10/US/urban_mid/Box16X2.obj
OBJECT_DEF lib/g10/US/urban_mid/Edw12x9.obj
OBJECT_DEF lib/g10/US/urban_mid/BoxYlX2.obj
OBJECT_DEF lib/g10/US/urban_mid/BoxX2.obj
OBJECT_DEF lib/g10/US/urban_mid/BoxRdX2End.obj
OBJECT_DEF lib/g10/US/industrial/light/SecBarrier.obj
OBJECT_DEF lib/g10/US/industrial/light/TinShed10x50.obj
OBJECT_DEF lib/g10/US/industrial/light/StorSq1.obj
OBJECT_DEF lib/g10/US/urban_mid/Apts3_v2_p2.obj
OBJECT_DEF lib/g10/US/industrial/light/FactB30x45.obj
OBJECT_DEF lib/g10/US/industrial/light/FactB10x30D.obj
OBJECT_DEF lib/g10/US/urban_mid/Apts3_v2_p3.obj
OBJECT_DEF lib/g10/US/industrial/light/Whs20x11.obj
OBJECT_DEF lib/airport/European_Airports/hangars/25x20x5.obj
OBJECT_DEF lib/airport/European_Airports/hangars/25x20x5_solar.obj
OBJECT_DEF lib/airport/Ramp_Equipment/Tug660_Dn_1.obj
OBJECT_DEF lib/airport/Ramp_Equipment/Tow_Tractor_1.obj
OBJECT_DEF lib/airport/Ramp_Equipment/Stair_Maint_1.obj
OBJECT_DEF lib/airport/Common_Elements/Fuel_Storage/Sing_Tank_Small.obj
OBJECT_DEF lib/airport/aircraft/military/helo_a.obj
OBJECT_DEF lib/g10/forests/autogen_tree4.obj
OBJECT_DEF lib/airport/aircraft/military/fighter_a.obj
POLYGON_DEF lib/airport/pavement/asphalt_3D.pol
POLYGON_DEF lib/airport/pavement/concrete_3D.pol
POLYGON_DEF lib/airport/Common_Elements/Fence_Facades/Fenced_Parking.fac
POLYGON_DEF lib/airport/Common_Elements/Fence_Facades/Fence.fac
PROPERTY sim/filter/aptid OOKB
PROPERTY sim/exclude_obj 56.237502/26.171061/56.239462/26.174284
PROPERTY sim/exclude_fac 56.237502/26.171061/56.239462/26.174284
PROPERTY sim/exclude_obj 56.235457/26.168476/56.239058/26.171698
PROPERTY sim/exclude_fac 56.235457/26.168476/56.239058/26.171698
PROPERTY sim/exclude_obj 56.233642/26.162813/56.237243/26.169397
PROPERTY sim/exclude_fac 56.233642/26.162813/56.237243/26.169397
PROPERTY sim/exclude_net 56.236557/26.158148/56.238207/26.162259
PROPERTY sim/require_agpoint 1/0
PROPERTY sim/require_object 1/0
PROPERTY sim/require_facade 1/2
PROPERTY sim/require_facade 6/0
