PROPERTY sim/west -180
PROPERTY sim/east 180
PROPERTY sim/north 90
PROPERTY sim/south -90
PROPERTY sim/planet earth
PROPERTY sim/creation_agent WorldEditor2.1.0r1
PROPERTY laminar/internal_revision 0
PROPERTY sim/overlay 1
FILTER 0
BEGIN_POLYGON 0 0 4
BEGIN_WINDING
POLYGON_POINT -160.018150669 70.638791153 -160.018150669 70.638791153
POLYGON_POINT -160.017451747 70.638910275 -160.017358229 70.638900484
POLYGON_POINT -160.017318854 70.638836844 -160.017264712 70.638807471
POLYGON_POINT -160.016974315 70.638756885 -160.016969393 70.638756885
POLYGON_POINT -160.015340216 70.639115884 -160.015340216 70.639115884
POLYGON_POINT -160.015916088 70.639378606 -160.015916088 70.639378606
POLYGON_POINT -160.017668314 70.638990234 -160.017742144 70.638967389
POLYGON_POINT -160.018185123 70.638913539 -160.018367236 70.638884166
POLYGON_POINT -160.018618258 70.638831948 -160.018618258 70.638831948
END_WINDING
END_POLYGON
BEGIN_POLYGON 0 0 4
BEGIN_WINDING
POLYGON_POINT -160.012604149 70.636880965 -160.012604149 70.636880965
POLYGON_POINT -160.012604149 70.636880965 -160.012640777 70.636874513
POLYGON_POINT -160.012720900 70.636868441 -160.012736925 70.636867682
POLYGON_POINT -160.013134105 70.636881344 -160.013142117 70.636881724
POLYGON_POINT -160.013302363 70.636862369 -160.013330978 70.636850225
POLYGON_POINT -160.013327545 70.636804683 -160.013324111 70.636783810
POLYGON_POINT -160.013200493 70.636759142 -160.013200493 70.636759142
POLYGON_POINT -160.012646500 70.636780015 -160.012591559 70.636793677
POLYGON_POINT -160.012473663 70.636827454 -160.012394684 70.636838839
POLYGON_POINT -160.012254103 70.636852498 -160.012254103 70.636852498
POLYGON_POINT -160.012380529 70.636916252 -160.012380529 70.636916252
POLYGON_POINT -160.012604149 70.636880965 -160.012640777 70.636874513
END_WINDING
END_POLYGON
BEGIN_POLYGON 0 0 4
BEGIN_WINDING
POLYGON_POINT -160.011834921 70.637101322 -160.011834921 70.637101322
POLYGON_POINT -160.011673956 70.637022258 -160.011673956 70.637022258
POLYGON_POINT -160.011351932 70.637125989 -160.011240377 70.637164549
POLYGON_POINT -160.010884351 70.637275509 -160.010751435 70.637313282
POLYGON_POINT -160.010516458 70.637385682 -160.010395409 70.637415586
POLYGON_POINT -160.010015644 70.637486411 -160.009939691 70.637505298
POLYGON_POINT -160.009590784 70.637558024 -160.009502964 70.637561959
POLYGON_POINT -160.009244250 70.637558024 -160.009215768 70.637565107
POLYGON_POINT -160.008924215 70.637605088 -160.008924215 70.637605088
POLYGON_POINT -160.009190183 70.637788009 -160.009190183 70.637788009
POLYGON_POINT -160.009709727 70.637717512 -160.009845018 70.637694691
POLYGON_POINT -160.010117706 70.637527333 -160.010347938 70.637491133
POLYGON_POINT -160.010962675 70.637362074 -160.011086097 70.637323514
END_WINDING
END_POLYGON
BEGIN_POLYGON 0 0 4
BEGIN_WINDING
POLYGON_POINT -160.009241103 70.639988997 -160.009241103 70.639988997
POLYGON_POINT -160.009630938 70.640052442 -160.009645114 70.640052442
POLYGON_POINT -160.009900279 70.640033643 -160.009900279 70.640033643
POLYGON_POINT -160.010559454 70.640552952 -160.010559454 70.640552952
POLYGON_POINT -160.012345607 70.640339119 -160.012345607 70.640339119
POLYGON_POINT -160.011643904 70.639730517 -160.011643904 70.639730517
POLYGON_POINT -160.010750828 70.639594228 -160.010580718 70.639582479
POLYGON_POINT -160.010446047 70.639528433 -160.010446047 70.639528433
POLYGON_POINT -160.010006597 70.639448540 -160.010006597 70.639448540
END_WINDING
END_POLYGON
BEGIN_POLYGON 0 0 4
BEGIN_WINDING
POLYGON_POINT -160.015970943 70.637478823 -160.015970943 70.637478823
POLYGON_POINT -160.017417931 70.638117349 -160.017417931 70.638117349
POLYGON_POINT -160.017353571 70.638235045 -160.017353571 70.638235045
POLYGON_POINT -160.014238349 70.638995214 -160.014238349 70.638995214
POLYGON_POINT -160.014395501 70.639051053 -160.014466712 70.639056719
POLYGON_POINT -160.014990822 70.638970785 -160.015224393 70.638916013
POLYGON_POINT -160.018240806 70.638202094 -160.018240806 70.638202094
POLYGON_POINT -160.017409884 70.637779862 -160.017409884 70.637779862
POLYGON_POINT -160.017430391 70.637603082 -160.017643664 70.637525571
POLYGON_POINT -160.023010971 70.636274269 -160.023010971 70.636274269
POLYGON_POINT -160.023404677 70.636207636 -160.023523609 70.636206276
POLYGON_POINT -160.024146976 70.636298746 -160.024323323 70.636334102
POLYGON_POINT -160.025771483 70.636668208 -160.025771483 70.636668208
POLYGON_POINT -160.025952159 70.636607846 -160.025952159 70.636607846
POLYGON_POINT -160.025969713 70.636596628 -160.025969713 70.636596628
POLYGON_POINT -160.024573492 70.636287867 -160.024573492 70.636287867
POLYGON_POINT -160.024347939 70.636176360 -160.024282322 70.636093409
POLYGON_POINT -160.024429961 70.635888073 -160.024532488 70.635837759
POLYGON_POINT -160.027427813 70.635191832 -160.027427813 70.635191832
POLYGON_POINT -160.027880554 70.635158107 -160.028067556 70.635174425
POLYGON_POINT -160.028776193 70.635363716 -160.028874615 70.635380034
POLYGON_POINT -160.029376566 70.635471416 -160.029445461 70.635464889
POLYGON_POINT -160.030521077 70.635083107 -160.030521077 70.635083107
POLYGON_POINT -160.029774273 70.634744593 -160.029655348 70.634694279
POLYGON_POINT -160.029191953 70.634441347 -160.029138642 70.634401911
POLYGON_POINT -160.028921308 70.634260488 -160.028921308 70.634260488
POLYGON_POINT -160.028765478 70.634543336 -160.028617850 70.634608609
END_WINDING
END_POLYGON
FILTER -1
FILTER 0
FILTER -1
FILTER 0
FILTER -1
FILTER 0
FILTER -1
FILTER 0
FILTER -1
FILTER 0
OBJECT 0 -160.035956643 70.634148940 318.369476
OBJECT 0 -160.036894674 70.633918136 327.602600
OBJECT 0 -160.035512831 70.635704355 62.966736
OBJECT 0 -160.033041478 70.635697665 0.000000
OBJECT 0 -160.033878712 70.635500311 0.000000
OBJECT 0 -160.034645336 70.635309647 0.000000
OBJECT 0 -160.035341349 70.635145743 0.000000
OBJECT 0 -160.027019273 70.636580739 139.900177
OBJECT 0 -160.027685055 70.636400110 146.769058
OBJECT 0 -160.028360924 70.636249586 131.878494
OBJECT 0 -160.029006531 70.636075647 0.000000
OBJECT 0 -160.029631963 70.636249586 50.905521
OBJECT 0 -160.030065730 70.636390075 0.000000
OBJECT 0 -160.032204303 70.635905054 0.000000
OBJECT 0 -160.031367031 70.636149237 0.000000
OBJECT 0 -160.012856559 70.638620474 243.969025
OBJECT 0 -160.013570251 70.638965875 246.138504
OBJECT 0 -160.014296244 70.639320794 181.941330
OBJECT 0 -160.015362686 70.639085541 300.070282
OBJECT 0 -160.016519351 70.638817651 0.000000
OBJECT 0 -160.032339649 70.639390674 113.500328
OBJECT 0 -160.033655635 70.639366876 0.000000
OBJECT 0 -160.033289894 70.639273954 0.000000
OBJECT 0 -160.032568665 70.639046180 336.372040
OBJECT 0 -160.033183919 70.638868266 0.000000
OBJECT 0 -160.033064287 70.638640492 306.872986
OBJECT 0 -160.033823097 70.638623494 347.662262
OBJECT 0 -160.034520387 70.638805940 59.928410
OBJECT 0 -160.035026274 70.638623494 159.777222
OBJECT 0 -160.035761148 70.638332261 129.808899
OBJECT 0 -160.037265062 70.637791722 135.003983
OBJECT 0 -160.038167392 70.637506154 140.198029
OBJECT 0 -160.038635640 70.637290845 130.310791
OBJECT 0 -160.038269937 70.637176392 311.426849
OBJECT 0 -160.039069700 70.636872693 306.873535
OBJECT 0 -160.039886550 70.636570127 309.476257
OBJECT 0 -160.040723884 70.636251697 308.663147
OBJECT 0 -160.041510774 70.635941417 313.922058
OBJECT 0 -160.042360922 70.635642032 316.399719
OBJECT 0 -160.043150346 70.635323602 40.424007
OBJECT 0 -160.042542040 70.635175152 37.137894
OBJECT 0 -160.039860360 70.634372552 50.192142
OBJECT 0 -160.039174315 70.634212169 135.000000
OBJECT 0 -160.038456687 70.633963318 0.000000
OBJECT 0 -160.037874398 70.633698148 90.000000
OBJECT 0 -160.038534592 70.633526807 332.243469
OBJECT 0 -160.039215282 70.633377224 323.532898
OBJECT 0 -160.039797559 70.633208603 320.442261
OBJECT 0 -160.040552029 70.633037263 334.886505
OBJECT 0 -160.041142490 70.632890399 311.349304
OBJECT 0 -160.040986674 70.632528681 0.000000
OBJECT 0 -160.039957462 70.632369579 172.230896
OBJECT 0 -160.039268598 70.632521881 140.196701
OBJECT 0 -160.038661741 70.632680983 150.257294
OBJECT 0 -160.037829363 70.632698661 326.312286
OBJECT 0 -160.039084080 70.632391336 0.000000
OBJECT 0 -160.035332457 70.632543013 103.496727
OBJECT 0 -160.035824272 70.632795210 52.430065
OBJECT 0 -160.036394211 70.633039982 44.998260
OBJECT 0 -160.036746198 70.633182876 82.092308
OBJECT 0 -160.037284029 70.633452016 59.929401
OBJECT 0 -160.037862203 70.633704947 0.000000
OBJECT 0 -160.038563982 70.633957988 46.467106
OBJECT 0 -160.039133424 70.634201291 57.092892
OBJECT 0 -160.039857947 70.634386230 36.604992
OBJECT 0 -160.040712247 70.634644600 50.905033
OBJECT 0 -160.040892718 70.635169501 131.636810
OBJECT 0 -160.040404704 70.635090630 318.817230
OBJECT 0 -160.039613221 70.635294607 326.313141
OBJECT 0 -160.038698707 70.635559777 319.402496
OBJECT 0 -160.037981020 70.635922855 0.000000
OBJECT 0 -160.037025474 70.636166268 0.000000
OBJECT 0 -160.036365177 70.636325370 0.000000
OBJECT 0 -160.035778702 70.636514388 0.000000
OBJECT 0 -160.032936531 70.636721085 0.000000
OBJECT 0 -160.033859320 70.636771399 0.000000
OBJECT 0 -160.034355576 70.636885626 0.000000
OBJECT 0 -160.033494316 70.637148076 90.000000
OBJECT 0 -160.031062222 70.637143997 0.000000
OBJECT 0 -160.030615174 70.637275902 0.000000
OBJECT 0 -160.031681526 70.637440443 0.000000
OBJECT 0 -160.029835915 70.638079571 311.425446
OBJECT 0 -160.030430622 70.637885113 318.367981
OBJECT 0 -160.031317756 70.637862730 38.657848
OBJECT 0 -160.030832562 70.637730090 36.025642
OBJECT 0 -160.030045069 70.637488038 43.450367
OBJECT 0 -160.029112065 70.637264346 41.818108
OBJECT 0 -160.028228587 70.637086190 41.184116
OBJECT 0 -160.027298968 70.636892732 45.000000
OBJECT 0 -160.025985326 70.636757749 288.440002
OBJECT 0 -160.026440237 70.636671950 0.000000
OBJECT 0 -160.007762298 70.641166739 289.441986
OBJECT 0 -160.008170865 70.640819163 286.700684
OBJECT 0 -160.008525303 70.640510750 294.568817
OBJECT 0 -160.008973232 70.640212127 302.801727
OBJECT 0 -160.009371949 70.639864551 296.566589
OBJECT 0 -160.009795250 70.639556138 296.566895
OBJECT 0 -160.010184097 70.639259148 314.062683
OBJECT 0 -160.010587714 70.638896885 306.160248
OBJECT 0 -160.010971615 70.638603158 316.976654
OBJECT 0 -160.011409657 70.638325749 330.525269
OBJECT 0 -160.012143008 70.638255581 0.000000
OBJECT 0 -160.014781260 70.639021268 146.388977
OBJECT 0 -160.015724642 70.638815931 147.382187
OBJECT 0 -160.016491652 70.638625553 153.435989
OBJECT 0 -160.017563057 70.638549018 14.930826
OBJECT 0 -160.018915361 70.638771781 32.004532
OBJECT 0 -160.020276170 70.638997363 24.774176
OBJECT 0 -160.021636764 70.639229226 34.694645
OBJECT 0 -160.022961670 70.639449521 40.600449
OBJECT 0 -160.023359552 70.639547430 33.689148
OBJECT 0 -160.024101991 70.639823479 0.000000
OBJECT 0 -160.025076222 70.640203565 291.252258
OBJECT 0 -160.024790434 70.640396438 295.643250
OBJECT 0 -160.024259686 70.640782183 305.220825
OBJECT 0 -160.023810592 70.641161161 296.566864
OBJECT 0 -160.023208374 70.641560906 0.000000
OBJECT 0 -160.022565444 70.641858210 313.028320
OBJECT 0 -160.020830204 70.641932652 34.283775
OBJECT 0 -160.020064708 70.641793919 0.000000
OBJECT 0 -160.019268592 70.641597663 55.300922
OBJECT 0 -160.018533716 70.641401406 281.311432
OBJECT 0 -160.019207820 70.641053153 310.604675
OBJECT 0 -160.019962642 70.640826172 0.000000
OBJECT 0 -160.020891443 70.640460729 302.007690
OBJECT 0 -160.021687559 70.640169728 304.382355
OBJECT 1 -160.032082606 70.638914382 246.500076
OBJECT 1 -160.032593486 70.638824047 256.503479
OBJECT 1 -160.032505907 70.638582078 223.601440
OBJECT 1 -160.031201939 70.638528845 82.234444
OBJECT 1 -160.030841891 70.638133629 140.195297
OBJECT 1 -160.030618078 70.638193315 137.863373
OBJECT 1 -160.027596581 70.639330569 135.001312
OBJECT 1 -160.025723284 70.639059564 55.174629
OBJECT 1 -160.024924843 70.639036980 224.997986
OBJECT 2 -160.023748292 70.639307627 66.800743
OBJECT 3 -160.016257479 70.639038072 332.021362
OBJECT 4 -160.015510796 70.638676132 0.000000
OBJECT 4 -160.015487332 70.638680800 0.000000
OBJECT 4 -160.015463867 70.638685467 0.000000
OBJECT 5 -160.015074350 70.638776486 0.000000
OBJECT 6 -160.032628496 70.636386717 322.589996
OBJECT 7 -160.033934694 70.636095716 324.040009
OBJECT 8 -160.036079345 70.636591515 45.000000
OBJECT 9 -160.036227005 70.637275517 315.970001
OBJECT 10 -160.034647988 70.636883882 317.559998
OBJECT 11 -160.036542599 70.637428227 134.580002
OBJECT 12 -160.036005546 70.637864331 44.759998
OBJECT 13 -160.035410831 70.637707948 315.000000
OBJECT 14 -160.033950712 70.637739225 219.800003
OBJECT 15 -160.034734090 70.637873849 226.259995
OBJECT 15 -160.036387027 70.638268205 42.139999
OBJECT 10 -160.036309579 70.638176279 0.000000
OBJECT 10 -160.036569452 70.638522877 270.000000
OBJECT 10 -160.035695333 70.638689322 0.000000
OBJECT 10 -160.033976630 70.639378600 0.000000
OBJECT 10 -160.031425084 70.639474551 0.000000
OBJECT 10 -160.031572744 70.639286566 0.000000
OBJECT 10 -160.030326494 70.639028087 0.000000
OBJECT 10 -160.025305372 70.639533895 90.000000
OBJECT 10 -160.027598281 70.639732432 0.000000
OBJECT 10 -160.026699986 70.639614126 0.000000
OBJECT 16 -160.023966790 70.639613819 45.849998
OBJECT 17 -160.023745291 70.639967923 319.190002
OBJECT 18 -160.024783875 70.639772105 66.800003
OBJECT 19 -160.010788563 70.639909649 161.889999
OBJECT 20 -160.010691152 70.639942154 69.940002
OBJECT 21 -160.010736897 70.639917135 341.109985
OBJECT 22 -160.010447769 70.639612757 26.559999
OBJECT 23 -160.028533528 70.635068733 321.119995
OBJECT 24 -160.028447698 70.635078938 324.609985
OBJECT 25 -160.010910287 70.639767035 206.089996
OBJECT 26 -160.015853064 70.639091852 325.910004
OBJECT 27 -160.016720796 70.638968235 236.309998
BEGIN_POLYGON 1 10 3
BEGIN_WINDING
POLYGON_POINT -160.011934830 70.640114743 0.000000000
POLYGON_POINT -160.010552124 70.640267466 0.000000000
END_WINDING
END_POLYGON
BEGIN_POLYGON 1 10 3
BEGIN_WINDING
POLYGON_POINT -160.010759511 70.640503779 0.000000000
POLYGON_POINT -160.012187783 70.640332728 0.000000000
POLYGON_POINT -160.011934830 70.640114743 0.000000000
POLYGON_POINT -160.011720808 70.639905006 0.000000000
POLYGON_POINT -160.010351158 70.640075297 0.000000000
END_WINDING
END_POLYGON
BEGIN_POLYGON 2 10 3
BEGIN_WINDING
POLYGON_POINT -160.012715771 70.638296964 0.000000000
POLYGON_POINT -160.014238349 70.638995214 0.000000000
POLYGON_POINT -160.015124077 70.638778978 0.000000000
END_WINDING
END_POLYGON
BEGIN_POLYGON 2 10 3
BEGIN_WINDING
POLYGON_POINT -160.015473304 70.638693491 0.000000000
POLYGON_POINT -160.017353493 70.638235072 0.000000000
POLYGON_POINT -160.017417662 70.638117089 0.000000000
POLYGON_POINT -160.016645273 70.637776884 0.000000000
END_WINDING
END_POLYGON
BEGIN_POLYGON 2 10 3
BEGIN_WINDING
POLYGON_POINT -160.015970943 70.637478823 0.000000000
POLYGON_POINT -160.016526033 70.637723543 0.000000000
END_WINDING
END_POLYGON
OBJECT 28 -160.017768155 70.638304187 0.000000
OBJECT 29 -160.017795499 70.638284923 0.000000
OBJECT 30 -160.014154777 70.638825137 326.660004
OBJECT 27 -160.015282745 70.638699540 53.610001
OBJECT 31 -160.014866878 70.638895018 52.619999
OBJECT 32 -160.014966395 70.638782818 329.589996
OBJECT 33 -160.014739220 70.638842626 329.470001
OBJECT 34 -160.013133059 70.636835085 0.000000
OBJECT 35 -160.013095352 70.636810465 181.429993
BEGIN_POLYGON 3 10 3
BEGIN_WINDING
POLYGON_POINT -160.013219352 70.636858536 0.000000000
POLYGON_POINT -160.013222214 70.636788327 0.000000000
END_WINDING
END_POLYGON
BEGIN_POLYGON 3 10 3
BEGIN_WINDING
POLYGON_POINT -160.013221260 70.636787062 0.000000000
POLYGON_POINT -160.012734796 70.636785165 0.000000000
POLYGON_POINT -160.012732294 70.636855680 0.000000000
POLYGON_POINT -160.013219386 70.636857580 0.000000000
END_WINDING
END_POLYGON
OBJECT 35 -160.013040028 70.636809517 2.440000
OBJECT 36 -160.013188829 70.636816790 0.000000
OBJECT 35 -160.013148767 70.636810465 0.000000
OBJECT 37 -160.030503985 70.636799565 0.000000
OBJECT 37 -160.029438649 70.636702114 0.000000
OBJECT 37 -160.028201880 70.636758961 0.000000
OBJECT 37 -160.026230396 70.637234036 0.000000
OBJECT 38 -160.010758304 70.640364124 68.010002
OBJECT 39 -160.011476139 70.639971129 340.089996
OBJECT 40 -160.010651654 70.640123431 0.000000
OBJECT 40 -160.011127476 70.640067678 0.000000
OBJECT 38 -160.011369489 70.640293412 0.000000
OBJECT 40 -160.011848433 70.640232110 0.000000
FILTER -1
OBJECT_DEF lib/street/streetlights/AreaFlood_Small.obj
OBJECT_DEF lib/g10/US/industrial/light/WoodShed8x10.obj
OBJECT_DEF lib/g10/US/industrial/light/WoodShed8x20.obj
OBJECT_DEF lib/g10/US/industrial/light/GateHut3x3.obj
OBJECT_DEF lib/airport/Ramp_Equipment/Traffic_Cone_1.obj
OBJECT_DEF lib/airport/Common_Elements/Miscellaneous/Stack_of_Cones.obj
OBJECT_DEF lib/g10/US/industrial/light/Factory45x30.obj
OBJECT_DEF lib/g10/US/industrial/light/FactC60x60_v1.obj
OBJECT_DEF lib/g10/US/suburban/dh-RnchRHGryDk.obj
OBJECT_DEF lib/g10/US/suburban/dh-RnchRHGry.obj
OBJECT_DEF lib/g10/US/suburban/dGrgSmlWht.obj
OBJECT_DEF lib/g10/US/suburban/B-RnchLHGry.obj
OBJECT_DEF lib/g10/US/suburban/B-RnchLH.obj
OBJECT_DEF lib/g10/US/suburban/dT-RnchRHGry.obj
OBJECT_DEF lib/g10/US/suburban/dL-RnchRHGry.obj
OBJECT_DEF lib/g10/US/suburban/dL-RnchLHGry.obj
OBJECT_DEF lib/g10/US/suburban/U-RnchRHGry.obj
OBJECT_DEF lib/g10/US/suburban/U-RnchGryNG.obj
OBJECT_DEF lib/g10/US/suburban/TrailerDblShrt.obj
OBJECT_DEF lib/industrial_area/goods/barrels_8x_01.obj
OBJECT_DEF lib/industrial_area/goods/lumber_6m.obj
OBJECT_DEF lib/industrial_area/goods/goods_02_stack_4x.obj
OBJECT_DEF lib/airport/European_Airports/silos/12m_green.obj
OBJECT_DEF lib/airport/Common_Elements/vehicles/Fuel_Truck_Small.obj
OBJECT_DEF lib/airport/Common_Elements/Vehicles/forklifts/forklift_yellow_bags.obj
OBJECT_DEF lib/airport/Common_Elements/Hangars/Sm_Orange_Hangar.agp
OBJECT_DEF lib/airport/Common_Elements/Hangars/Sm_Blue_Hangar.agp
OBJECT_DEF lib/airport/Ramp_Equipment/Cargo_Container_6.obj
OBJECT_DEF lib/industrial_area/goods/barrel_04.obj
OBJECT_DEF lib/industrial_area/goods/barrel_05.obj
OBJECT_DEF lib/airport/Ramp_Equipment/Towbar_1.obj
OBJECT_DEF lib/airport/Ramp_Equipment/Cargo_Pod_Lot.agp
OBJECT_DEF lib/airport/Ramp_Equipment/Cargo_Palette_3.obj
OBJECT_DEF lib/airport/Ramp_Equipment/Cargo_Palette_2.obj
OBJECT_DEF lib/g10/US/industrial/light/StorHut3x3.obj
OBJECT_DEF lib/airport/Common_Elements/Miscellaneous/Pad_Tansformer.obj
OBJECT_DEF lib/airport/Common_Elements/Miscellaneous/Barrel_Trash_Can.obj
OBJECT_DEF lib/airport/Common_Elements/Fuel_Storage/Sing_Tank_Large.obj
OBJECT_DEF lib/airport/Common_Elements/Fuel_Storage/Sing_Tank_Medium.obj
OBJECT_DEF lib/airport/Common_Elements/Fueling_Stations/2_horiz_tanks.agp
OBJECT_DEF lib/airport/Common_Elements/Fuel_Storage/Sing_Tank_Small.obj
POLYGON_DEF lib/airport/pavement/asphalt_3L.pol
POLYGON_DEF lib/constructions/fencing/fence_Wall-2m_04.fac
POLYGON_DEF lib/constructions/fencing/fence_Metal_01.fac
POLYGON_DEF lib/airport/Common_Elements/Fence_Facades/Fence.fac
PROPERTY sim/filter/aptid PAWI
PROPERTY sim/require_agpoint 1/0
PROPERTY sim/require_object 1/0
PROPERTY sim/require_facade 1/1
PROPERTY sim/require_facade 6/0
