PROPERTY sim/west -180
PROPERTY sim/east 180
PROPERTY sim/north 90
PROPERTY sim/south -90
PROPERTY sim/planet earth
PROPERTY sim/creation_agent WorldEditor1.4.1r1
PROPERTY laminar/internal_revision 0
PROPERTY sim/overlay 1
BEGIN_POLYGON 0 130 2
BEGIN_WINDING
POLYGON_POINT -155.055371072 19.716896117
POLYGON_POINT -155.055485691 19.716996490
POLYGON_POINT -155.055597645 19.716873534
POLYGON_POINT -155.055472363 19.716770652
END_WINDING
END_POLYGON
BEGIN_POLYGON 1 0 2
BEGIN_WINDING
POLYGON_POINT -155.053677451 19.717975781
POLYGON_POINT -155.053673041 19.717106376
POLYGON_POINT -155.051217909 19.717089676
POLYGON_POINT -155.051216357 19.717971276
POLYGON_POINT -155.051359833 19.717975464
POLYGON_POINT -155.053525078 19.717975464
END_WINDING
END_POLYGON
BEGIN_POLYGON 2 0 4
BEGIN_WINDING
POLYGON_POINT -155.045064657 19.719895699 -155.045064657 19.719895699
POLYGON_POINT -155.045306309 19.719895913 -155.045306309 19.719895913
POLYGON_POINT -155.045225684 19.719776793 -155.045218223 19.719699533
POLYGON_POINT -155.045225684 19.719776793 -155.045225684 19.719776793
POLYGON_POINT -155.045216727 19.717853489 -155.045216727 19.717853489
POLYGON_POINT -155.045300728 19.717759357 -155.045380836 19.717753701
POLYGON_POINT -155.045300728 19.717759357 -155.045300728 19.717759357
POLYGON_POINT -155.050133592 19.717764376 -155.050133592 19.717764376
POLYGON_POINT -155.050133592 19.717764376 -155.050451038 19.717768938
POLYGON_POINT -155.050656045 19.717935009 -155.050656045 19.717935009
POLYGON_POINT -155.051109194 19.718256200 -155.051109194 19.718256200
POLYGON_POINT -155.051224119 19.718543930 -155.051224119 19.718543930
POLYGON_POINT -155.051221640 19.718361065 -155.051221640 19.718361065
POLYGON_POINT -155.051151843 19.718203505 -155.051151843 19.718203505
POLYGON_POINT -155.050725350 19.717897369 -155.050725350 19.717897369
POLYGON_POINT -155.050569566 19.717781866 -155.050512389 19.717718126
POLYGON_POINT -155.050569566 19.717781866 -155.050569566 19.717781866
POLYGON_POINT -155.050569566 19.717781866 -155.050470259 19.717678466
POLYGON_POINT -155.050521132 19.717628873 -155.050521132 19.717628873
POLYGON_POINT -155.050830469 19.717634417 -155.050830469 19.717634417
POLYGON_POINT -155.050830683 19.717460627 -155.050830683 19.717460627
POLYGON_POINT -155.050704026 19.717455731 -155.050704026 19.717455731
POLYGON_POINT -155.050704026 19.717423110 -155.050704026 19.717423110
POLYGON_POINT -155.050525432 19.717418091 -155.050525432 19.717418091
POLYGON_POINT -155.050317054 19.717261104 -155.050095870 19.717254022
POLYGON_POINT -155.050317054 19.717261104 -155.050317054 19.717261104
POLYGON_POINT -155.049807812 19.717263255 -155.049807812 19.717263255
POLYGON_POINT -155.049807812 19.717263255 -155.049702486 19.717259006
POLYGON_POINT -155.049720780 19.717193871 -155.049720780 19.717193871
POLYGON_POINT -155.049704598 19.715927995 -155.049704598 19.715927995
POLYGON_POINT -155.049644497 19.715932037 -155.049644497 19.715932037
POLYGON_POINT -155.049655596 19.717600301 -155.049655596 19.717600301
POLYGON_POINT -155.049511921 19.717696910 -155.049379744 19.717707279
POLYGON_POINT -155.049511921 19.717696910 -155.049511921 19.717696910
POLYGON_POINT -155.047305868 19.717691389 -155.047305868 19.717691389
POLYGON_POINT -155.047194447 19.717611342 -155.047167965 19.717522531
POLYGON_POINT -155.047194447 19.717611342 -155.047194447 19.717611342
POLYGON_POINT -155.047189133 19.717299711 -155.047189133 19.717299711
POLYGON_POINT -155.047189133 19.717299711 -155.047190788 19.717231155
POLYGON_POINT -155.047250792 19.717220852 -155.047250792 19.717220852
POLYGON_POINT -155.047247459 19.717503921 -155.047247459 19.717503921
POLYGON_POINT -155.047450702 19.717499773 -155.047450702 19.717499773
POLYGON_POINT -155.047452905 19.717458297 -155.047452905 19.717458297
POLYGON_POINT -155.047952976 19.717462445 -155.047952976 19.717462445
POLYGON_POINT -155.047945121 19.717516637 -155.047945121 19.717516637
POLYGON_POINT -155.048124807 19.717514290 -155.048124807 19.717514290
POLYGON_POINT -155.048131416 19.717219809 -155.048131416 19.717219809
POLYGON_POINT -155.048206316 19.717271654 -155.048208577 19.717323799
POLYGON_POINT -155.048206316 19.717271654 -155.048206316 19.717271654
POLYGON_POINT -155.048206316 19.717296540 -155.048206316 19.717296540
POLYGON_POINT -155.048144460 19.717298341 -155.048144460 19.717298341
POLYGON_POINT -155.048144634 19.717617981 -155.048144634 19.717617981
POLYGON_POINT -155.048325276 19.717615907 -155.048325276 19.717615907
POLYGON_POINT -155.048324030 19.717299242 -155.048324030 19.717299242
POLYGON_POINT -155.048276347 19.717299296 -155.048276347 19.717299296
POLYGON_POINT -155.048275347 19.717267444 -155.048275347 19.717267444
POLYGON_POINT -155.048306325 19.717238149 -155.048340299 19.717234151
POLYGON_POINT -155.048306325 19.717238149 -155.048306325 19.717238149
POLYGON_POINT -155.048349508 19.717238474 -155.048349508 19.717238474
POLYGON_POINT -155.048406759 19.717279775 -155.048410156 19.717323750
POLYGON_POINT -155.048369335 19.717335943 -155.048369335 19.717335943
POLYGON_POINT -155.048367477 19.717426041 -155.048367477 19.717426041
POLYGON_POINT -155.048518685 19.717425091 -155.048518685 19.717425091
POLYGON_POINT -155.048518791 19.717366100 -155.048518791 19.717366100
POLYGON_POINT -155.048472874 19.717364976 -155.048472874 19.717364976
POLYGON_POINT -155.048472874 19.717240547 -155.048472874 19.717240547
POLYGON_POINT -155.048526966 19.717198571 -155.048588118 19.717196172
POLYGON_POINT -155.048526966 19.717198571 -155.048526966 19.717198571
POLYGON_POINT -155.048694523 19.717200196 -155.048694523 19.717200196
POLYGON_POINT -155.048694523 19.717200196 -155.048761621 19.717200196
POLYGON_POINT -155.048760294 19.717258287 -155.048760294 19.717258287
POLYGON_POINT -155.048760612 19.717447304 -155.048760612 19.717447304
POLYGON_POINT -155.049039034 19.717447928 -155.049039034 19.717447928
POLYGON_POINT -155.049036831 19.717259212 -155.049036831 19.717259212
POLYGON_POINT -155.048890427 19.717259686 -155.048890427 19.717259686
POLYGON_POINT -155.048890401 19.717204793 -155.048890401 19.717204793
POLYGON_POINT -155.049019207 19.717205293 -155.049019207 19.717205293
POLYGON_POINT -155.049019552 19.717141279 -155.049019552 19.717141279
POLYGON_POINT -155.048543369 19.717141005 -155.048543369 19.717141005
POLYGON_POINT -155.048469158 19.717086761 -155.048461514 19.717036390
POLYGON_POINT -155.048469158 19.717086761 -155.048469158 19.717086761
POLYGON_POINT -155.048483030 19.715781263 -155.048483030 19.715781263
POLYGON_POINT -155.048403888 19.715782177 -155.048403888 19.715782177
POLYGON_POINT -155.048405125 19.717104454 -155.048405125 19.717104454
POLYGON_POINT -155.048305274 19.717176699 -155.048213545 19.717178298
POLYGON_POINT -155.048305274 19.717176699 -155.048305274 19.717176699
POLYGON_POINT -155.048131636 19.717175665 -155.048131636 19.717175665
POLYGON_POINT -155.048124521 19.716983003 -155.048124521 19.716983003
POLYGON_POINT -155.047506657 19.716983003 -155.047506657 19.716983003
POLYGON_POINT -155.047508737 19.716683971 -155.047508737 19.716683971
POLYGON_POINT -155.047303631 19.716674463 -155.047303631 19.716674463
POLYGON_POINT -155.047314962 19.717128744 -155.047314962 19.717128744
POLYGON_POINT -155.047187689 19.717125388 -155.047114864 19.717030345
POLYGON_POINT -155.047187689 19.717125388 -155.047187689 19.717125388
POLYGON_POINT -155.047173047 19.715908166 -155.047173047 19.715908166
POLYGON_POINT -155.047116396 19.715902633 -155.047116396 19.715902633
POLYGON_POINT -155.047118217 19.717605437 -155.047118217 19.717605437
POLYGON_POINT -155.047028077 19.717690612 -155.046937046 19.717687496
POLYGON_POINT -155.047028077 19.717690612 -155.047028077 19.717690612
POLYGON_POINT -155.045074992 19.717684380 -155.045074992 19.717684380
POLYGON_POINT -155.044733298 19.717522677 -155.044603123 19.717379396
POLYGON_POINT -155.044575065 19.717156070 -155.044575065 19.717156070
POLYGON_POINT -155.044571726 19.716133245 -155.044571726 19.716133245
POLYGON_POINT -155.044670041 19.716134437 -155.044725633 19.716218136
POLYGON_POINT -155.044670041 19.716134437 -155.044670041 19.716134437
POLYGON_POINT -155.044671510 19.716239419 -155.044671510 19.716239419
POLYGON_POINT -155.045179354 19.716236860 -155.045179354 19.716236860
POLYGON_POINT -155.045175079 19.715782057 -155.045175079 19.715782057
POLYGON_POINT -155.045077802 19.715779265 -155.045077802 19.715779265
POLYGON_POINT -155.045073847 19.715591164 -155.045073847 19.715591164
POLYGON_POINT -155.044632294 19.715599881 -155.044632294 19.715599881
POLYGON_POINT -155.044475658 19.715933183 -155.044493864 19.716205692
POLYGON_POINT -155.044475658 19.715933183 -155.044475658 19.715933183
POLYGON_POINT -155.044475658 19.715933183 -155.044473837 19.716003453
POLYGON_POINT -155.044395026 19.716012126 -155.044395026 19.716012126
POLYGON_POINT -155.043559181 19.716021966 -155.043559181 19.716021966
POLYGON_POINT -155.043561088 19.715995960 -155.043561088 19.715995960
POLYGON_POINT -155.043460927 19.715995277 -155.043460927 19.715995277
POLYGON_POINT -155.043452280 19.716586099 -155.043452280 19.716586099
POLYGON_POINT -155.041684002 19.716581620 -155.041684002 19.716581620
POLYGON_POINT -155.041688724 19.716701645 -155.041688724 19.716701645
POLYGON_POINT -155.041731223 19.716701645 -155.041731223 19.716701645
POLYGON_POINT -155.041717057 19.716777217 -155.041717057 19.716777217
POLYGON_POINT -155.043582305 19.716763881 -155.043582305 19.716763881
POLYGON_POINT -155.043568139 19.716092626 -155.043568139 19.716092626
POLYGON_POINT -155.044285905 19.716083735 -155.044285905 19.716083735
POLYGON_POINT -155.044285905 19.716083735 -155.044488348 19.716090173
POLYGON_POINT -155.044488957 19.716212652 -155.044488957 19.716212652
POLYGON_POINT -155.044517698 19.717315135 -155.044517698 19.717315135
POLYGON_POINT -155.044447204 19.717474818 -155.044447204 19.717474818
POLYGON_POINT -155.044370100 19.717472744 -155.044370100 19.717472744
POLYGON_POINT -155.044372303 19.718078297 -155.044372303 19.718078297
POLYGON_POINT -155.044484654 19.718115625 -155.044484654 19.718115625
POLYGON_POINT -155.044484654 19.718115625 -155.044620838 19.718164642
POLYGON_POINT -155.044614629 19.718256644 -155.044614629 19.718256644
POLYGON_POINT -155.044627858 19.719785457 -155.044627858 19.719785457
POLYGON_POINT -155.044627858 19.719785457 -155.044626728 19.719851437
POLYGON_POINT -155.044496947 19.719895196 -155.044496947 19.719895196
POLYGON_POINT -155.044832935 19.719895494 -155.044832935 19.719895494
POLYGON_POINT -155.044696208 19.719788213 -155.044684903 19.719717185
POLYGON_POINT -155.044696208 19.719788213 -155.044696208 19.719788213
POLYGON_POINT -155.044696208 19.719788213 -155.044696208 19.719760817
POLYGON_POINT -155.044685135 19.718850169 -155.044685135 19.718850169
POLYGON_POINT -155.044685135 19.718850169 -155.044687622 19.718771637
POLYGON_POINT -155.044740210 19.718773438 -155.044740210 19.718773438
POLYGON_POINT -155.045065451 19.718771364 -155.045065451 19.718771364
POLYGON_POINT -155.045157977 19.718848095 -155.045155490 19.718911308
POLYGON_POINT -155.045157977 19.718848095 -155.045157977 19.718848095
POLYGON_POINT -155.045164977 19.719773917 -155.045164977 19.719773917
POLYGON_POINT -155.045164977 19.719773917 -155.045164977 19.719853519
END_WINDING
BEGIN_WINDING
POLYGON_POINT -155.044810126 19.718587789 -155.044810126 19.718587789
POLYGON_POINT -155.044679950 19.718491640 -155.044675945 19.718412458
POLYGON_POINT -155.044679950 19.718491640 -155.044679950 19.718491640
POLYGON_POINT -155.044685958 19.718263521 -155.044685958 19.718263521
POLYGON_POINT -155.044685958 19.718263521 -155.044687961 19.718140978
POLYGON_POINT -155.044840166 19.718133437 -155.044840166 19.718133437
POLYGON_POINT -155.044986364 19.718133437 -155.044986364 19.718133437
POLYGON_POINT -155.044986364 19.718133437 -155.045138569 19.718135322
POLYGON_POINT -155.045150585 19.718271062 -155.045150585 19.718271062
POLYGON_POINT -155.045150585 19.718523690 -155.045150585 19.718523690
POLYGON_POINT -155.045034428 19.718591560 -155.045034428 19.718591560
END_WINDING
BEGIN_WINDING
POLYGON_POINT -155.044523741 19.717540854 -155.044523741 19.717540854
POLYGON_POINT -155.044497706 19.717459786 -155.044497706 19.717459786
POLYGON_POINT -155.044549776 19.717359867 -155.044549776 19.717359867
POLYGON_POINT -155.044549776 19.717359867 -155.044637894 19.717618150
POLYGON_POINT -155.044886228 19.717740693 -155.044886228 19.717740693
POLYGON_POINT -155.044513727 19.717742579 -155.044513727 19.717742579
END_WINDING
BEGIN_WINDING
POLYGON_POINT -155.044601669 19.715809936 -155.044601669 19.715809936
POLYGON_POINT -155.044601669 19.715809936 -155.044592566 19.715722528
POLYGON_POINT -155.044712811 19.715719372 -155.044712811 19.715719372
POLYGON_POINT -155.044805578 19.715719100 -155.044805578 19.715719100
POLYGON_POINT -155.044805578 19.715803081 -155.044805578 19.715803081
POLYGON_POINT -155.044665391 19.715804795 -155.044665391 19.715804795
POLYGON_POINT -155.044667211 19.716007034 -155.044667211 19.716007034
POLYGON_POINT -155.044598028 19.716001892 -155.044581608 19.715953045
POLYGON_POINT -155.044598028 19.716001892 -155.044598028 19.716001892
END_WINDING
BEGIN_WINDING
POLYGON_POINT -155.050083526 19.717687445 -155.050083526 19.717687445
POLYGON_POINT -155.049843403 19.717687899 -155.049843403 19.717687899
POLYGON_POINT -155.049717835 19.717577533 -155.049707302 19.717476966
POLYGON_POINT -155.049717835 19.717577533 -155.049717835 19.717577533
POLYGON_POINT -155.049720254 19.717458215 -155.049720254 19.717458215
POLYGON_POINT -155.049720254 19.717458215 -155.049714235 19.717343483
POLYGON_POINT -155.049810359 19.717355636 -155.049810359 19.717355636
POLYGON_POINT -155.050306024 19.717359783 -155.050306024 19.717359783
POLYGON_POINT -155.050306024 19.717359783 -155.050385771 19.717361199
POLYGON_POINT -155.050391940 19.717434441 -155.050391940 19.717434441
POLYGON_POINT -155.050387534 19.717643895 -155.050387534 19.717643895
POLYGON_POINT -155.050292807 19.717712331 -155.050249172 19.717700999
END_WINDING
END_POLYGON
BEGIN_POLYGON 0 0 4
BEGIN_WINDING
POLYGON_POINT -155.039427292 19.716675597 -155.039427292 19.716675597
POLYGON_POINT -155.039420997 19.716580076 -155.039420997 19.716580076
POLYGON_POINT -155.037809720 19.716582478 -155.037809720 19.716582478
POLYGON_POINT -155.037111726 19.716614205 -155.037111726 19.716614205
POLYGON_POINT -155.036882101 19.716823372 -155.036871177 19.717005045
POLYGON_POINT -155.036882101 19.716823372 -155.036882101 19.716823372
POLYGON_POINT -155.036842103 19.717527864 -155.036842103 19.717527864
POLYGON_POINT -155.036854795 19.719134567 -155.036854795 19.719134567
POLYGON_POINT -155.036874093 19.719576561 -155.036874093 19.719576561
POLYGON_POINT -155.037255274 19.719965503 -155.037643083 19.720035628
POLYGON_POINT -155.037255274 19.719965503 -155.037255274 19.719965503
POLYGON_POINT -155.037975034 19.720024027 -155.037975034 19.720024027
POLYGON_POINT -155.039359960 19.720025490 -155.039359960 19.720025490
POLYGON_POINT -155.039355676 19.719885732 -155.039355676 19.719885732
POLYGON_POINT -155.037304036 19.719874830 -155.037304036 19.719874830
POLYGON_POINT -155.036976470 19.719565732 -155.036963987 19.719301054
POLYGON_POINT -155.036976470 19.719565732 -155.036976470 19.719565732
POLYGON_POINT -155.036950724 19.717513822 -155.036950724 19.717513822
POLYGON_POINT -155.036988191 19.716851038 -155.036988191 19.716851038
POLYGON_POINT -155.036988191 19.716851038 -155.036997294 19.716724210
POLYGON_POINT -155.037148199 19.716715105 -155.037148199 19.716715105
POLYGON_POINT -155.038178497 19.716678366 -155.038178497 19.716678366
END_WINDING
END_POLYGON
BEGIN_POLYGON 0 0 4
BEGIN_WINDING
POLYGON_POINT -155.029159891 19.721054973 -155.029159891 19.721054973
POLYGON_POINT -155.029302754 19.721054759 -155.029302754 19.721054759
POLYGON_POINT -155.029301319 19.720871120 -155.029301319 19.720871120
POLYGON_POINT -155.028977478 19.720692773 -155.028977478 19.720692773
POLYGON_POINT -155.028971358 19.720215269 -155.028971358 19.720215269
POLYGON_POINT -155.028974024 19.720014525 -155.028974024 19.720014525
POLYGON_POINT -155.035365986 19.720021273 -155.035365986 19.720021273
POLYGON_POINT -155.036182733 19.719966026 -155.036182733 19.719966026
POLYGON_POINT -155.036182733 19.719966026 -155.036291169 19.719955429
POLYGON_POINT -155.036545647 19.719560361 -155.036539429 19.719316956
POLYGON_POINT -155.036545647 19.719560361 -155.036545647 19.719560361
POLYGON_POINT -155.036566051 19.719127008 -155.036566051 19.719127008
POLYGON_POINT -155.036548318 19.716569932 -155.036548318 19.716569932
POLYGON_POINT -155.036546463 19.715746211 -155.036546463 19.715746211
POLYGON_POINT -155.036435964 19.715747167 -155.036435964 19.715747167
POLYGON_POINT -155.036460066 19.719120338 -155.036460066 19.719120338
POLYGON_POINT -155.036444700 19.719558331 -155.036444700 19.719558331
POLYGON_POINT -155.036097641 19.719879717 -155.035776809 19.719898447
POLYGON_POINT -155.036097641 19.719879717 -155.036097641 19.719879717
POLYGON_POINT -155.032727860 19.719887645 -155.032727860 19.719887645
POLYGON_POINT -155.032637694 19.719793863 -155.032632555 19.719701956
POLYGON_POINT -155.032637694 19.719793863 -155.032637694 19.719793863
POLYGON_POINT -155.032634195 19.718436463 -155.032634195 19.718436463
POLYGON_POINT -155.032552237 19.718440136 -155.032552237 19.718440136
POLYGON_POINT -155.032568043 19.719802374 -155.032568043 19.719802374
POLYGON_POINT -155.032514641 19.719882232 -155.032471477 19.719885134
POLYGON_POINT -155.032514641 19.719882232 -155.032514641 19.719882232
POLYGON_POINT -155.028832555 19.719865601 -155.028832555 19.719865601
POLYGON_POINT -155.028824750 19.720780397 -155.028824750 19.720780397
POLYGON_POINT -155.029160579 19.720959058 -155.029160579 19.720959058
END_WINDING
END_POLYGON
BEGIN_POLYGON 0 0 4
BEGIN_WINDING
POLYGON_POINT -155.039507912 19.721062373 -155.039507912 19.721062373
POLYGON_POINT -155.039773987 19.721061850 -155.039773987 19.721061850
POLYGON_POINT -155.040020358 19.720692838 -155.040029547 19.720453923
POLYGON_POINT -155.040020358 19.720692838 -155.040020358 19.720692838
POLYGON_POINT -155.040031373 19.720502048 -155.040031373 19.720502048
POLYGON_POINT -155.039745270 19.720227511 -155.039446820 19.720184883
POLYGON_POINT -155.039745270 19.720227511 -155.039745270 19.720227511
POLYGON_POINT -155.030141666 19.720216599 -155.030141666 19.720216599
POLYGON_POINT -155.030141666 19.720216599 -155.029820211 19.720237202
POLYGON_POINT -155.029642784 19.720669961 -155.029639976 19.720933335
POLYGON_POINT -155.029844968 19.721053882 -155.029844968 19.721053882
POLYGON_POINT -155.030136831 19.721055700 -155.030136831 19.721055700
POLYGON_POINT -155.029798661 19.720665513 -155.029791822 19.720398965
POLYGON_POINT -155.030163184 19.720348308 -155.030163184 19.720348308
POLYGON_POINT -155.039717416 19.720363003 -155.039717416 19.720363003
POLYGON_POINT -155.039717416 19.720363003 -155.039845845 19.720367001
POLYGON_POINT -155.039881331 19.720506284 -155.039881331 19.720506284
POLYGON_POINT -155.039885234 19.720649566 -155.039885234 19.720649566
POLYGON_POINT -155.039778689 19.720884010 -155.039692884 19.720962441
END_WINDING
END_POLYGON
BEGIN_POLYGON 0 0 2
BEGIN_WINDING
POLYGON_POINT -155.041831810 19.719899096
POLYGON_POINT -155.041831739 19.720028099
POLYGON_POINT -155.050172858 19.720036905
POLYGON_POINT -155.050170399 19.719900218
POLYGON_POINT -155.045306309 19.719895913
POLYGON_POINT -155.045064657 19.719895699
POLYGON_POINT -155.044832935 19.719895494
POLYGON_POINT -155.044496947 19.719895196
END_WINDING
END_POLYGON
BEGIN_POLYGON 0 0 4
BEGIN_WINDING
POLYGON_POINT -155.048757562 19.721068134 -155.048757562 19.721068134
POLYGON_POINT -155.049001385 19.721070139 -155.049001385 19.721070139
POLYGON_POINT -155.049070462 19.720901624 -155.049067975 19.720825534
POLYGON_POINT -155.049070462 19.720901624 -155.049070462 19.720901624
POLYGON_POINT -155.049070462 19.720515896 -155.049070462 19.720515896
POLYGON_POINT -155.048814549 19.720237815 -155.048558238 19.720197696
POLYGON_POINT -155.048814549 19.720237815 -155.048814549 19.720237815
POLYGON_POINT -155.041196840 19.720229160 -155.041196840 19.720229160
POLYGON_POINT -155.040707694 19.720688690 -155.040701085 19.721105526
POLYGON_POINT -155.040707694 19.720688690 -155.040707694 19.720688690
POLYGON_POINT -155.040707694 19.720688690 -155.040722298 19.720989252
POLYGON_POINT -155.040887743 19.721063407 -155.040887743 19.721063407
POLYGON_POINT -155.041203847 19.721062611 -155.041203847 19.721062611
POLYGON_POINT -155.040833324 19.720691234 -155.040827862 19.720425581
POLYGON_POINT -155.041209178 19.720370042 -155.041209178 19.720370042
POLYGON_POINT -155.048748276 19.720372215 -155.048748276 19.720372215
POLYGON_POINT -155.048748276 19.720372215 -155.048897501 19.720378068
POLYGON_POINT -155.048925808 19.720500526 -155.048925808 19.720500526
POLYGON_POINT -155.048925808 19.720924599 -155.048925808 19.720924599
POLYGON_POINT -155.048925808 19.720924599 -155.048920834 19.721021760
END_WINDING
END_POLYGON
BEGIN_POLYGON 0 0 4
BEGIN_WINDING
POLYGON_POINT -155.052744349 19.721071706 -155.052744349 19.721071706
POLYGON_POINT -155.052996887 19.721078951 -155.052996887 19.721078951
POLYGON_POINT -155.053357959 19.720686586 -155.053357959 19.720686586
POLYGON_POINT -155.053389462 19.720431093 -155.053337103 19.720271701
POLYGON_POINT -155.053160786 19.720242753 -155.053160786 19.720242753
POLYGON_POINT -155.049570621 19.720238674 -155.049570621 19.720238674
POLYGON_POINT -155.049570621 19.720238674 -155.049285982 19.720247633
POLYGON_POINT -155.049286356 19.720520043 -155.049286356 19.720520043
POLYGON_POINT -155.049297371 19.720920289 -155.049297371 19.720920289
POLYGON_POINT -155.049297371 19.720920289 -155.049300107 19.721001412
POLYGON_POINT -155.049359148 19.721070229 -155.049359148 19.721070229
POLYGON_POINT -155.049571425 19.721069661 -155.049571425 19.721069661
POLYGON_POINT -155.049435997 19.720913314 -155.049414111 19.720810300
POLYGON_POINT -155.049435997 19.720913314 -155.049435997 19.720913314
POLYGON_POINT -155.049433501 19.720520966 -155.049433501 19.720520966
POLYGON_POINT -155.049433501 19.720520966 -155.049446216 19.720368452
POLYGON_POINT -155.049604618 19.720373669 -155.049604618 19.720373669
POLYGON_POINT -155.053117455 19.720388364 -155.053117455 19.720388364
POLYGON_POINT -155.053217855 19.720622646 -155.053086040 19.720815797
POLYGON_POINT -155.053217855 19.720622646 -155.053217855 19.720622646
POLYGON_POINT -155.052893583 19.720982686 -155.052893583 19.720982686
END_WINDING
END_POLYGON
BEGIN_POLYGON 0 0 4
BEGIN_WINDING
POLYGON_POINT -155.054974974 19.720448721 -155.054974974 19.720448721
POLYGON_POINT -155.054828124 19.720244648 -155.054634132 19.720236454
POLYGON_POINT -155.054828124 19.720244648 -155.054828124 19.720244648
POLYGON_POINT -155.054134509 19.720243860 -155.054134509 19.720243860
POLYGON_POINT -155.054134509 19.720243860 -155.054020329 19.720252374
POLYGON_POINT -155.053937128 19.720351251 -155.053937128 19.720351251
POLYGON_POINT -155.053593019 19.720731897 -155.053593019 19.720731897
POLYGON_POINT -155.053593019 19.720731897 -155.053476933 19.720934065
POLYGON_POINT -155.053598673 19.721073316 -155.053598673 19.721073316
POLYGON_POINT -155.054414408 19.721075030 -155.054414408 19.721075030
END_WINDING
BEGIN_WINDING
POLYGON_POINT -155.053858673 19.721040342 -155.053858673 19.721040342
POLYGON_POINT -155.053722487 19.720810338 -155.053814613 19.720610498
POLYGON_POINT -155.053722487 19.720810338 -155.053722487 19.720810338
POLYGON_POINT -155.054038919 19.720440823 -155.054038919 19.720440823
POLYGON_POINT -155.054038919 19.720440823 -155.054103006 19.720382379
POLYGON_POINT -155.054221168 19.720382379 -155.054221168 19.720382379
POLYGON_POINT -155.054832001 19.720386149 -155.054832001 19.720386149
POLYGON_POINT -155.054275242 19.720989439 -155.054275242 19.720989439
POLYGON_POINT -155.054139056 19.721038457 -155.054139056 19.721038457
END_WINDING
END_POLYGON
BEGIN_POLYGON 0 0 4
BEGIN_WINDING
POLYGON_POINT -155.054724919 19.719902834 -155.054724919 19.719902834
POLYGON_POINT -155.054729884 19.719960483 -155.054729884 19.719960483
POLYGON_POINT -155.054776228 19.719958925 -155.054776228 19.719958925
POLYGON_POINT -155.054776228 19.720002551 -155.054776228 19.720002551
POLYGON_POINT -155.054847400 19.720005668 -155.054847400 19.720005668
POLYGON_POINT -155.054844819 19.720041838 -155.054844819 19.720041838
POLYGON_POINT -155.055239333 19.720042254 -155.055239333 19.720042254
POLYGON_POINT -155.055239333 19.720042254 -155.055317440 19.720040319
POLYGON_POINT -155.055406760 19.719973818 -155.055406760 19.719973818
POLYGON_POINT -155.055484254 19.719895522 -155.055484254 19.719895522
END_WINDING
END_POLYGON
BEGIN_POLYGON 0 0 4
BEGIN_WINDING
POLYGON_POINT -155.055598364 19.721077265 -155.055598364 19.721077265
POLYGON_POINT -155.055646685 19.721017833 -155.055646685 19.721017833
POLYGON_POINT -155.056161760 19.720445050 -155.056161760 19.720445050
POLYGON_POINT -155.056161760 19.720445050 -155.056187796 19.720397918
POLYGON_POINT -155.056020637 19.720247098 -155.055852719 19.720253881
POLYGON_POINT -155.056020637 19.720247098 -155.056020637 19.720247098
POLYGON_POINT -155.055827147 19.720245463 -155.055827147 19.720245463
POLYGON_POINT -155.055827147 19.720245463 -155.055768287 19.720248981
POLYGON_POINT -155.055681169 19.720300490 -155.055681169 19.720300490
POLYGON_POINT -155.054975821 19.721075003 -155.054975821 19.721075003
END_WINDING
BEGIN_WINDING
POLYGON_POINT -155.055722458 19.720458348 -155.055722458 19.720458348
POLYGON_POINT -155.055722458 19.720458348 -155.055793464 19.720379509
POLYGON_POINT -155.055903722 19.720383068 -155.055903722 19.720383068
POLYGON_POINT -155.056015678 19.720383068 -155.056015678 19.720383068
POLYGON_POINT -155.055522536 19.720955191 -155.055522536 19.720955191
POLYGON_POINT -155.055223984 19.720995340 -155.055087434 19.720889079
POLYGON_POINT -155.055223984 19.720995340 -155.055223984 19.720995340
END_WINDING
END_POLYGON
BEGIN_POLYGON 0 0 4
BEGIN_WINDING
POLYGON_POINT -155.056670291 19.719894349 -155.056670291 19.719894349
POLYGON_POINT -155.056200037 19.719892029 -155.056200037 19.719892029
POLYGON_POINT -155.056286228 19.719997957 -155.056351884 19.720042116
POLYGON_POINT -155.056286228 19.719997957 -155.056286228 19.719997957
POLYGON_POINT -155.056286228 19.719997957 -155.056330420 19.720036655
POLYGON_POINT -155.056577029 19.719994590 -155.056695217 19.719922031
POLYGON_POINT -155.056577029 19.719994590 -155.056577029 19.719994590
END_WINDING
END_POLYGON
BEGIN_POLYGON 0 0 4
BEGIN_WINDING
POLYGON_POINT -155.056969601 19.721069641 -155.056969601 19.721069641
POLYGON_POINT -155.057313261 19.721072918 -155.057313261 19.721072918
POLYGON_POINT -155.057313261 19.721072918 -155.057419840 19.720994322
POLYGON_POINT -155.057431145 19.720933365 -155.057443780 19.720914202
POLYGON_POINT -155.057431145 19.720933365 -155.057431145 19.720933365
POLYGON_POINT -155.057431145 19.720933365 -155.057470454 19.720838874
POLYGON_POINT -155.057485188 19.720650131 -155.057469913 19.720525401
POLYGON_POINT -155.057485188 19.720650131 -155.057485188 19.720650131
POLYGON_POINT -155.057485188 19.720650131 -155.057451218 19.720443080
POLYGON_POINT -155.057315849 19.720361703 -155.057315849 19.720361703
POLYGON_POINT -155.056974093 19.720245738 -155.056758169 19.720248931
POLYGON_POINT -155.056974093 19.720245738 -155.056974093 19.720245738
POLYGON_POINT -155.056932394 19.720247015 -155.056932394 19.720247015
POLYGON_POINT -155.056766234 19.720246830 -155.056766234 19.720246830
POLYGON_POINT -155.056766234 19.720246830 -155.056648269 19.720250822
POLYGON_POINT -155.056561392 19.720322339 -155.056561392 19.720322339
POLYGON_POINT -155.056255541 19.720657924 -155.056255541 19.720657924
POLYGON_POINT -155.056255541 19.720657924 -155.056128222 19.720779774
POLYGON_POINT -155.056204785 19.721072086 -155.056312630 19.721194631
POLYGON_POINT -155.056204785 19.721072086 -155.056204785 19.721072086
POLYGON_POINT -155.056439182 19.721071065 -155.056439182 19.721071065
POLYGON_POINT -155.056311907 19.720808721 -155.056419776 19.720627225
POLYGON_POINT -155.056311907 19.720808721 -155.056311907 19.720808721
POLYGON_POINT -155.056621527 19.720480679 -155.056621527 19.720480679
POLYGON_POINT -155.056797767 19.720383210 -155.056903087 19.720385609
POLYGON_POINT -155.056797767 19.720383210 -155.056797767 19.720383210
POLYGON_POINT -155.056987109 19.720383156 -155.056987109 19.720383156
POLYGON_POINT -155.057335299 19.720717094 -155.057334169 19.721021453
END_WINDING
END_POLYGON
BEGIN_POLYGON 0 130 2
BEGIN_WINDING
POLYGON_POINT -155.055245791 19.716369163
POLYGON_POINT -155.055248456 19.716441933
POLYGON_POINT -155.055160493 19.716451970
POLYGON_POINT -155.055180519 19.716565978
POLYGON_POINT -155.055264449 19.716557361
POLYGON_POINT -155.055293771 19.716707919
POLYGON_POINT -155.055650956 19.716652714
POLYGON_POINT -155.055600310 19.716318976
POLYGON_POINT -155.055531006 19.716258753
POLYGON_POINT -155.055304433 19.716298902
POLYGON_POINT -155.055179151 19.716191002
POLYGON_POINT -155.055111145 19.716266215
END_WINDING
END_POLYGON
BEGIN_POLYGON 0 130 2
BEGIN_WINDING
POLYGON_POINT -155.055456370 19.716015350
POLYGON_POINT -155.055658953 19.716201039
POLYGON_POINT -155.056088109 19.715719252
POLYGON_POINT -155.055858870 19.715543600
END_WINDING
END_POLYGON
BEGIN_POLYGON 0 130 2
BEGIN_WINDING
POLYGON_POINT -155.055871868 19.716489770
POLYGON_POINT -155.056396951 19.716900576
POLYGON_POINT -155.056584987 19.716706863
POLYGON_POINT -155.056067000 19.716286037
END_WINDING
END_POLYGON
BEGIN_POLYGON 0 130 2
BEGIN_WINDING
POLYGON_POINT -155.056407884 19.715891930
POLYGON_POINT -155.056936515 19.716319436
POLYGON_POINT -155.057128099 19.716122382
POLYGON_POINT -155.056599468 19.715684857
END_WINDING
END_POLYGON
BEGIN_POLYGON 0 130 2
BEGIN_WINDING
POLYGON_POINT -155.055460317 19.717324743
POLYGON_POINT -155.055637710 19.717468358
POLYGON_POINT -155.055917991 19.717184467
POLYGON_POINT -155.055715763 19.717037512
END_WINDING
END_POLYGON
BEGIN_POLYGON 2 40 4
BEGIN_WINDING
POLYGON_POINT -155.055894712 19.718575963 -155.055894712 19.718575963
POLYGON_POINT -155.056251022 19.718204167 -155.056251022 19.718204167
POLYGON_POINT -155.056478545 19.718369859 -155.056478545 19.718369859
POLYGON_POINT -155.058133425 19.716534715 -155.058133425 19.716534715
POLYGON_POINT -155.058277365 19.716381647 -155.058277365 19.716381647
POLYGON_POINT -155.059543726 19.714984329 -155.059543726 19.714984329
POLYGON_POINT -155.058985481 19.714504066 -155.058985481 19.714504066
POLYGON_POINT -155.058757792 19.714756189 -155.058757792 19.714756189
POLYGON_POINT -155.058699151 19.714703744 -155.058699151 19.714703744
POLYGON_POINT -155.057888748 19.714148718 -155.057888748 19.714148718
POLYGON_POINT -155.057683503 19.714366777 -155.057683503 19.714366777
POLYGON_POINT -155.057231167 19.713977583 -155.057231167 19.713977583
POLYGON_POINT -155.056849998 19.714405420 -155.056849998 19.714405420
POLYGON_POINT -155.057175457 19.714686965 -155.057175457 19.714686965
POLYGON_POINT -155.056650617 19.715230732 -155.056650617 19.715230732
POLYGON_POINT -155.055949236 19.714689725 -155.055949236 19.714689725
POLYGON_POINT -155.055534329 19.715080001 -155.055534329 19.715080001
POLYGON_POINT -155.055442086 19.714996503 -155.055442086 19.714996503
POLYGON_POINT -155.054810570 19.715698180 -155.054810570 19.715698180
POLYGON_POINT -155.054973770 19.715831776 -155.054973770 19.715831776
POLYGON_POINT -155.054682848 19.716169105 -155.054682848 19.716169105
POLYGON_POINT -155.055173558 19.716902067 -155.055173558 19.716902067
POLYGON_POINT -155.055242287 19.716863987 -155.055242287 19.716863987
POLYGON_POINT -155.055165184 19.716758222 -155.055165184 19.716758222
POLYGON_POINT -155.055220258 19.716729189 -155.055220258 19.716729189
POLYGON_POINT -155.055385478 19.716994637 -155.055385478 19.716994637
POLYGON_POINT -155.054995555 19.717386080 -155.054995555 19.717386080
POLYGON_POINT -155.055701052 19.717936878 -155.055701052 19.717936878
POLYGON_POINT -155.055708148 19.717996996 -155.055708148 19.717996996
POLYGON_POINT -155.055537851 19.718174010 -155.055537851 19.718174010
POLYGON_POINT -155.054842471 19.718401123 -155.054474575 19.718388680
POLYGON_POINT -155.054842471 19.718401123 -155.054842471 19.718401123
POLYGON_POINT -155.053946301 19.718401993 -155.053946301 19.718401993
POLYGON_POINT -155.053849370 19.718426878 -155.053807239 19.718450957
POLYGON_POINT -155.053849370 19.718426878 -155.053849370 19.718426878
POLYGON_POINT -155.053676999 19.718566559 -155.053676999 19.718566559
POLYGON_POINT -155.053676935 19.718651397 -155.053676935 19.718651397
POLYGON_POINT -155.053855979 19.718493240 -155.053855979 19.718493240
POLYGON_POINT -155.053957532 19.718459958 -155.054014709 19.718454292
POLYGON_POINT -155.053957532 19.718459958 -155.053957532 19.718459958
POLYGON_POINT -155.054838504 19.718455912 -155.054838504 19.718455912
POLYGON_POINT -155.054838504 19.718455912 -155.055268083 19.718462133
POLYGON_POINT -155.055569988 19.718249021 -155.055569988 19.718249021
END_WINDING
BEGIN_WINDING
POLYGON_POINT -155.055715763 19.717037512 -155.055715763 19.717037512
POLYGON_POINT -155.055917991 19.717184467 -155.055917991 19.717184467
POLYGON_POINT -155.055637710 19.717468358 -155.055637710 19.717468358
POLYGON_POINT -155.055460317 19.717324743 -155.055460317 19.717324743
END_WINDING
BEGIN_WINDING
POLYGON_POINT -155.056067000 19.716286037 -155.056067000 19.716286037
POLYGON_POINT -155.056584987 19.716706863 -155.056584987 19.716706863
POLYGON_POINT -155.056396951 19.716900576 -155.056396951 19.716900576
POLYGON_POINT -155.055871868 19.716489770 -155.055871868 19.716489770
END_WINDING
BEGIN_WINDING
POLYGON_POINT -155.056407884 19.715891930 -155.056407884 19.715891930
POLYGON_POINT -155.056599468 19.715684857 -155.056599468 19.715684857
POLYGON_POINT -155.057128099 19.716122382 -155.057128099 19.716122382
POLYGON_POINT -155.056936515 19.716319436 -155.056936515 19.716319436
END_WINDING
BEGIN_WINDING
POLYGON_POINT -155.055597645 19.716873534 -155.055597645 19.716873534
POLYGON_POINT -155.055485691 19.716996490 -155.055485691 19.716996490
POLYGON_POINT -155.055371072 19.716896117 -155.055371072 19.716896117
POLYGON_POINT -155.055472363 19.716770652 -155.055472363 19.716770652
END_WINDING
BEGIN_WINDING
POLYGON_POINT -155.055264449 19.716557361 -155.055264449 19.716557361
POLYGON_POINT -155.055180519 19.716565978 -155.055180519 19.716565978
POLYGON_POINT -155.055160493 19.716451970 -155.055160493 19.716451970
POLYGON_POINT -155.055248456 19.716441933 -155.055248456 19.716441933
POLYGON_POINT -155.055245791 19.716369163 -155.055245791 19.716369163
POLYGON_POINT -155.055111145 19.716266215 -155.055111145 19.716266215
POLYGON_POINT -155.055179151 19.716191002 -155.055179151 19.716191002
POLYGON_POINT -155.055304433 19.716298902 -155.055304433 19.716298902
POLYGON_POINT -155.055531006 19.716258753 -155.055531006 19.716258753
POLYGON_POINT -155.055600310 19.716318976 -155.055600310 19.716318976
POLYGON_POINT -155.055650956 19.716652714 -155.055650956 19.716652714
POLYGON_POINT -155.055293771 19.716707919 -155.055293771 19.716707919
END_WINDING
BEGIN_WINDING
POLYGON_POINT -155.055858870 19.715543600 -155.055858870 19.715543600
POLYGON_POINT -155.056088109 19.715719252 -155.056088109 19.715719252
POLYGON_POINT -155.055658953 19.716201039 -155.055658953 19.716201039
POLYGON_POINT -155.055456370 19.716015350 -155.055456370 19.716015350
END_WINDING
END_POLYGON
BEGIN_POLYGON 0 0 2
BEGIN_WINDING
POLYGON_POINT -155.057835327 19.721067881
POLYGON_POINT -155.058220123 19.720849007
POLYGON_POINT -155.058249202 19.720625450
POLYGON_POINT -155.058353404 19.720572983
POLYGON_POINT -155.058360674 19.720333458
POLYGON_POINT -155.058474570 19.720237648
POLYGON_POINT -155.060974307 19.720246306
POLYGON_POINT -155.060981403 19.720055932
POLYGON_POINT -155.059152065 19.720050599
POLYGON_POINT -155.059033197 19.720050253
POLYGON_POINT -155.058499861 19.720048698
POLYGON_POINT -155.058500923 19.720116783
POLYGON_POINT -155.058235209 19.720116026
POLYGON_POINT -155.058241073 19.719997335
POLYGON_POINT -155.058182430 19.720002856
POLYGON_POINT -155.058147554 19.720036905
POLYGON_POINT -155.058150111 19.720649411
POLYGON_POINT -155.058149056 19.720718968
POLYGON_POINT -155.057834723 19.720892035
END_WINDING
END_POLYGON
BEGIN_POLYGON 3 130 4
BEGIN_WINDING
POLYGON_POINT -155.061432687 19.715408622 -155.061432687 19.715408622
POLYGON_POINT -155.061786840 19.715035341 -155.061786840 19.715035341
POLYGON_POINT -155.062049188 19.715227640 -155.062049188 19.715227640
POLYGON_POINT -155.061961071 19.715320019 -155.061961071 19.715320019
POLYGON_POINT -155.062150886 19.715475857 -155.062150886 19.715475857
POLYGON_POINT -155.062233433 19.715384118 -155.062233433 19.715384118
POLYGON_POINT -155.062425688 19.715546253 -155.062425688 19.715546253
POLYGON_POINT -155.062530675 19.715445110 -155.062530675 19.715445110
POLYGON_POINT -155.062352842 19.715290677 -155.062352842 19.715290677
POLYGON_POINT -155.062618095 19.715004951 -155.062618095 19.715004951
POLYGON_POINT -155.062878539 19.715217722 -155.062878539 19.715217722
POLYGON_POINT -155.063449398 19.714603693 -155.063449398 19.714603693
POLYGON_POINT -155.063541641 19.714680511 -155.063541641 19.714680511
POLYGON_POINT -155.063555832 19.714660472 -155.063555832 19.714660472
POLYGON_POINT -155.063410372 19.714249665 -155.063410372 19.714249665
POLYGON_POINT -155.063364157 19.714276208 -155.063364157 19.714276208
POLYGON_POINT -155.063261364 19.714269704 -155.063190361 19.714243996
POLYGON_POINT -155.063133643 19.714273044 -155.063133643 19.714273044
POLYGON_POINT -155.062936694 19.714349686 -155.062936694 19.714349686
POLYGON_POINT -155.062718038 19.714342136 -155.062626393 19.714272360
POLYGON_POINT -155.062718038 19.714342136 -155.062718038 19.714342136
POLYGON_POINT -155.062561640 19.714219492 -155.062561640 19.714219492
POLYGON_POINT -155.062553728 19.714171577 -155.062566039 19.714153550
POLYGON_POINT -155.062553728 19.714171577 -155.062553728 19.714171577
POLYGON_POINT -155.063138633 19.713525765 -155.063138633 19.713525765
POLYGON_POINT -155.063138633 19.713525765 -155.063311588 19.713371515
POLYGON_POINT -155.063306054 19.713142111 -155.063306054 19.713142111
POLYGON_POINT -155.063295035 19.712981505 -155.063295035 19.712981505
POLYGON_POINT -155.063357772 19.712780260 -155.063419672 19.712706563
POLYGON_POINT -155.063357772 19.712780260 -155.063357772 19.712780260
POLYGON_POINT -155.063357772 19.712780260 -155.063479750 19.712468332
POLYGON_POINT -155.063290630 19.712326182 -155.063290630 19.712326182
POLYGON_POINT -155.062880891 19.711992299 -155.062880891 19.711992299
POLYGON_POINT -155.062551404 19.711846138 -155.062340218 19.711784438
POLYGON_POINT -155.062551404 19.711846138 -155.062551404 19.711846138
POLYGON_POINT -155.062053797 19.711722703 -155.062053797 19.711722703
POLYGON_POINT -155.061536117 19.711751737 -155.061273955 19.711835718
POLYGON_POINT -155.061059179 19.712104284 -155.061059179 19.712104284
POLYGON_POINT -155.058699151 19.714703744 -155.058699151 19.714703744
POLYGON_POINT -155.058757792 19.714756189 -155.058757792 19.714756189
POLYGON_POINT -155.058985481 19.714504066 -155.058985481 19.714504066
POLYGON_POINT -155.061112613 19.712148671 -155.061112613 19.712148671
POLYGON_POINT -155.061563884 19.711813874 -155.061815123 19.711735035
POLYGON_POINT -155.062047981 19.711777936 -155.062047981 19.711777936
POLYGON_POINT -155.062526939 19.711907923 -155.062526939 19.711907923
POLYGON_POINT -155.062526939 19.711907923 -155.062734484 19.711966195
POLYGON_POINT -155.062857484 19.712041285 -155.062857484 19.712041285
POLYGON_POINT -155.063244694 19.712352463 -155.063244694 19.712352463
POLYGON_POINT -155.063310803 19.712752548 -155.063230698 19.712985637
POLYGON_POINT -155.063310803 19.712752548 -155.063310803 19.712752548
POLYGON_POINT -155.063310803 19.712752548 -155.063248903 19.712834815
POLYGON_POINT -155.063234510 19.712978835 -155.063234510 19.712978835
POLYGON_POINT -155.063240313 19.713143743 -155.063240313 19.713143743
POLYGON_POINT -155.063084143 19.713503820 -155.062940317 19.713613509
POLYGON_POINT -155.063084143 19.713503820 -155.063084143 19.713503820
POLYGON_POINT -155.062495373 19.714141825 -155.062495373 19.714141825
POLYGON_POINT -155.062464849 19.714116122 -155.062464849 19.714116122
POLYGON_POINT -155.062464849 19.714116122 -155.062362261 19.714019547
POLYGON_POINT -155.062379584 19.713933450 -155.062379584 19.713933450
POLYGON_POINT -155.062177242 19.714157309 -155.062177242 19.714157309
POLYGON_POINT -155.062333159 19.714173875 -155.062333159 19.714173875
POLYGON_POINT -155.062411262 19.714228548 -155.062411262 19.714228548
POLYGON_POINT -155.061842966 19.714851854 -155.061842966 19.714851854
POLYGON_POINT -155.061669581 19.714718954 -155.061669581 19.714718954
POLYGON_POINT -155.061536163 19.714864996 -155.061536163 19.714864996
POLYGON_POINT -155.061579684 19.714866557 -155.061600242 19.714882014
POLYGON_POINT -155.061579684 19.714866557 -155.061579684 19.714866557
POLYGON_POINT -155.061720402 19.714981185 -155.061720402 19.714981185
POLYGON_POINT -155.061375796 19.715363616 -155.061375796 19.715363616
END_WINDING
BEGIN_WINDING
POLYGON_POINT -155.062839550 19.714730977 -155.062839550 19.714730977
POLYGON_POINT -155.062839550 19.714730977 -155.062780767 19.714774609
POLYGON_POINT -155.062753567 19.714691607 -155.062753567 19.714691607
POLYGON_POINT -155.062732050 19.714509312 -155.062737702 19.714482707
POLYGON_POINT -155.062786668 19.714489057 -155.062786668 19.714489057
POLYGON_POINT -155.062942247 19.714612145 -155.062942247 19.714612145
END_WINDING
BEGIN_WINDING
POLYGON_POINT -155.062149352 19.715025961 -155.062149352 19.715025961
POLYGON_POINT -155.062194641 19.715062789 -155.062194641 19.715062789
POLYGON_POINT -155.062174780 19.715087293 -155.062174780 19.715087293
POLYGON_POINT -155.062122871 19.715089843 -155.062097292 19.715070013
POLYGON_POINT -155.062122871 19.715089843 -155.062122871 19.715089843
POLYGON_POINT -155.061910116 19.714923978 -155.061910116 19.714923978
POLYGON_POINT -155.061915232 19.714880351 -155.061933288 19.714856272
POLYGON_POINT -155.061915232 19.714880351 -155.061915232 19.714880351
POLYGON_POINT -155.062463878 19.714277287 -155.062463878 19.714277287
POLYGON_POINT -155.062463878 19.714277287 -155.062486447 19.714257457
POLYGON_POINT -155.062518255 19.714280120 -155.062518255 19.714280120
POLYGON_POINT -155.062605885 19.714349270 -155.062605885 19.714349270
POLYGON_POINT -155.062605885 19.714349270 -155.062683253 19.714417854
POLYGON_POINT -155.062675067 19.714534371 -155.062675067 19.714534371
POLYGON_POINT -155.062600423 19.714621779 -155.062600423 19.714621779
POLYGON_POINT -155.062550785 19.714588238 -155.062550785 19.714588238
END_WINDING
END_POLYGON
BEGIN_POLYGON 0 40 4
BEGIN_WINDING
POLYGON_POINT -155.058867759 19.719294198 -155.058867759 19.719294198
POLYGON_POINT -155.059308054 19.719291913 -155.059308054 19.719291913
POLYGON_POINT -155.059364740 19.719217620 -155.059364740 19.719217620
POLYGON_POINT -155.059496144 19.719177208 -155.059496144 19.719177208
POLYGON_POINT -155.059572614 19.719195547 -155.059572614 19.719195547
POLYGON_POINT -155.059572614 19.719195547 -155.059638014 19.719310681
POLYGON_POINT -155.059756497 19.719356309 -155.059756497 19.719356309
POLYGON_POINT -155.059750752 19.719379849 -155.059750752 19.719379849
POLYGON_POINT -155.059943460 19.719405030 -155.059943460 19.719405030
POLYGON_POINT -155.059945969 19.719318890 -155.059945969 19.719318890
POLYGON_POINT -155.059698418 19.719196060 -155.059627073 19.719089721
POLYGON_POINT -155.059698418 19.719196060 -155.059698418 19.719196060
POLYGON_POINT -155.059955553 19.719277414 -155.059955553 19.719277414
POLYGON_POINT -155.059964780 19.718913268 -155.059964780 19.718913268
POLYGON_POINT -155.061356761 19.717378549 -155.061356761 19.717378549
POLYGON_POINT -155.061469415 19.717044675 -155.061469415 19.717044675
POLYGON_POINT -155.061995921 19.716422533 -155.061995921 19.716422533
POLYGON_POINT -155.061590576 19.716102244 -155.061590576 19.716102244
POLYGON_POINT -155.061632431 19.716048325 -155.061632431 19.716048325
POLYGON_POINT -155.061531470 19.715963096 -155.061531470 19.715963096
POLYGON_POINT -155.061654461 19.715824354 -155.061654461 19.715824354
POLYGON_POINT -155.061300734 19.715553747 -155.061300734 19.715553747
POLYGON_POINT -155.059117341 19.717955085 -155.059117341 19.717955085
POLYGON_POINT -155.059672760 19.718396131 -155.059672760 19.718396131
END_WINDING
BEGIN_WINDING
POLYGON_POINT -155.061328497 19.716918981 -155.061328497 19.716918981
POLYGON_POINT -155.061427630 19.716997785 -155.061427630 19.716997785
POLYGON_POINT -155.061174291 19.717263233 -155.061174291 19.717263233
POLYGON_POINT -155.060951794 19.717097328 -155.060951794 19.717097328
POLYGON_POINT -155.061068550 19.716974974 -155.061068550 19.716974974
POLYGON_POINT -155.061198524 19.717070369 -155.061198524 19.717070369
END_WINDING
END_POLYGON
BEGIN_POLYGON 2 0 2
BEGIN_WINDING
POLYGON_POINT -155.058164557 19.719073766
POLYGON_POINT -155.058145413 19.719524053
POLYGON_POINT -155.058147554 19.720036905
POLYGON_POINT -155.058182430 19.720002856
POLYGON_POINT -155.058241073 19.719997335
POLYGON_POINT -155.058235209 19.720116026
POLYGON_POINT -155.058500923 19.720116783
POLYGON_POINT -155.058499861 19.720048698
POLYGON_POINT -155.058499103 19.720000096
POLYGON_POINT -155.059067941 19.719994575
POLYGON_POINT -155.059033197 19.720050253
POLYGON_POINT -155.059152065 19.720050599
POLYGON_POINT -155.059152173 19.719694211
POLYGON_POINT -155.059431528 19.719690949
POLYGON_POINT -155.059431528 19.719735113
POLYGON_POINT -155.059934357 19.719737525
POLYGON_POINT -155.059943460 19.719405030
POLYGON_POINT -155.059750752 19.719379849
POLYGON_POINT -155.059300772 19.719321049
POLYGON_POINT -155.059308054 19.719291913
POLYGON_POINT -155.058867759 19.719294198
POLYGON_POINT -155.058653469 19.719296083
POLYGON_POINT -155.058637657 19.719310907
POLYGON_POINT -155.058605404 19.719284771
POLYGON_POINT -155.058581372 19.719313051
POLYGON_POINT -155.058559342 19.719296083
POLYGON_POINT -155.058537862 19.719320074
POLYGON_POINT -155.058507272 19.719292313
POLYGON_POINT -155.058475175 19.719333292
END_WINDING
END_POLYGON
BEGIN_POLYGON 2 40 2
BEGIN_WINDING
POLYGON_POINT -155.059672760 19.718396131
POLYGON_POINT -155.059117341 19.717955085
POLYGON_POINT -155.061300734 19.715553747
POLYGON_POINT -155.061432687 19.715408622
POLYGON_POINT -155.061375796 19.715363616
POLYGON_POINT -155.061298011 19.715450112
POLYGON_POINT -155.058071169 19.718995739
POLYGON_POINT -155.057598539 19.719515060
POLYGON_POINT -155.058145413 19.719524053
POLYGON_POINT -155.058164557 19.719073766
POLYGON_POINT -155.058475175 19.719333292
POLYGON_POINT -155.058507272 19.719292313
POLYGON_POINT -155.058537862 19.719320074
POLYGON_POINT -155.058559342 19.719296083
POLYGON_POINT -155.058581372 19.719313051
POLYGON_POINT -155.058605404 19.719284771
POLYGON_POINT -155.058637657 19.719310907
POLYGON_POINT -155.058653469 19.719296083
POLYGON_POINT -155.058867759 19.719294198
END_WINDING
END_POLYGON
BEGIN_POLYGON 4 0 2
BEGIN_WINDING
POLYGON_POINT -155.053525078 19.718391432
POLYGON_POINT -155.053525078 19.717975464
POLYGON_POINT -155.051359833 19.717975464
POLYGON_POINT -155.051366284 19.718385359
END_WINDING
END_POLYGON
BEGIN_POLYGON 5 90 2
BEGIN_WINDING
POLYGON_POINT -155.055138641 19.715819431
POLYGON_POINT -155.054476505 19.715366694
POLYGON_POINT -155.053962649 19.715536901
POLYGON_POINT -155.051038825 19.715526551
POLYGON_POINT -155.051034207 19.717116184
POLYGON_POINT -155.051724275 19.717122640
POLYGON_POINT -155.051728191 19.717530902
END_WINDING
END_POLYGON
BEGIN_POLYGON 5 90 2
BEGIN_WINDING
POLYGON_POINT -155.063426375 19.714614875
POLYGON_POINT -155.063482577 19.714656526
POLYGON_POINT -155.063545214 19.714702946
POLYGON_POINT -155.063572567 19.714676114
POLYGON_POINT -155.063375805 19.714143574
POLYGON_POINT -155.063633711 19.713819852
POLYGON_POINT -155.063327764 19.712915335
POLYGON_POINT -155.063991845 19.712130375
POLYGON_POINT -155.060987043 19.711390018
POLYGON_POINT -155.058311600 19.714357988
POLYGON_POINT -155.057475805 19.713745256
POLYGON_POINT -155.055674668 19.715665087
END_WINDING
END_POLYGON
BEGIN_POLYGON 5 90 2
BEGIN_WINDING
POLYGON_POINT -155.051034207 19.717116184
POLYGON_POINT -155.049751672 19.717105329
POLYGON_POINT -155.049736864 19.715878606
POLYGON_POINT -155.049607391 19.715879881
POLYGON_POINT -155.049614698 19.717558380
POLYGON_POINT -155.049521603 19.717649845
POLYGON_POINT -155.047269556 19.717646478
POLYGON_POINT -155.047204352 19.717610304
END_WINDING
END_POLYGON
BEGIN_POLYGON 5 90 3
BEGIN_WINDING
POLYGON_POINT -155.047204558 19.717611070 0.000000000
POLYGON_POINT -155.047207847 19.717237506 3.000000000
POLYGON_POINT -155.047208469 19.717166867 0.000000000
POLYGON_POINT -155.047215683 19.716347681 0.000000000
POLYGON_POINT -155.048341586 19.716342053 0.000000000
POLYGON_POINT -155.048344367 19.715781729 0.000000000
POLYGON_POINT -155.047209152 19.715766019 0.000000000
POLYGON_POINT -155.047215683 19.716347681 0.000000000
END_WINDING
END_POLYGON
BEGIN_POLYGON 5 90 2
BEGIN_WINDING
POLYGON_POINT -155.047209152 19.715766019
POLYGON_POINT -155.045968945 19.715757442
POLYGON_POINT -155.045968945 19.717623603
END_WINDING
END_POLYGON
BEGIN_POLYGON 5 90 3
BEGIN_WINDING
POLYGON_POINT -155.045130019 19.715742950 0.000000000
POLYGON_POINT -155.044643941 19.715747434 0.000000000
POLYGON_POINT -155.044644203 19.716028208 3.000000000
POLYGON_POINT -155.044644266 19.716096162 0.000000000
POLYGON_POINT -155.044644417 19.716258906 0.000000000
POLYGON_POINT -155.044862885 19.716258906 0.000000000
POLYGON_POINT -155.044860985 19.716196313 0.000000000
END_WINDING
END_POLYGON
BEGIN_POLYGON 5 90 2
BEGIN_WINDING
POLYGON_POINT -155.044915691 19.716077642
POLYGON_POINT -155.045545032 19.716082026
POLYGON_POINT -155.045548734 19.715746566
POLYGON_POINT -155.045789365 19.715746566
POLYGON_POINT -155.045778258 19.717624986
POLYGON_POINT -155.045968945 19.717623603
END_WINDING
END_POLYGON
BEGIN_POLYGON 5 90 2
BEGIN_WINDING
POLYGON_POINT -155.063482577 19.714656526
POLYGON_POINT -155.062847432 19.715347986
POLYGON_POINT -155.061735707 19.716357773
POLYGON_POINT -155.060922044 19.717242481
END_WINDING
END_POLYGON
BEGIN_POLYGON 5 90 2
BEGIN_WINDING
POLYGON_POINT -155.037483431 19.715122716
POLYGON_POINT -155.036628655 19.715104711
POLYGON_POINT -155.036625243 19.714869261
POLYGON_POINT -155.036143984 19.715129053
POLYGON_POINT -155.036117407 19.718496806
POLYGON_POINT -155.032981670 19.718226406
POLYGON_POINT -155.020942201 19.719297819
POLYGON_POINT -155.020942193 19.722839818
POLYGON_POINT -155.032579224 19.723432734
POLYGON_POINT -155.034277233 19.722644116
POLYGON_POINT -155.050985209 19.722729264
POLYGON_POINT -155.051155313 19.723626021
POLYGON_POINT -155.049794475 19.725675752
POLYGON_POINT -155.051393460 19.726732644
POLYGON_POINT -155.055067723 19.722537102
POLYGON_POINT -155.062098480 19.722517647
POLYGON_POINT -155.062113485 19.719688742
POLYGON_POINT -155.060212509 19.719666940
POLYGON_POINT -155.060219205 19.718180537
END_WINDING
END_POLYGON
BEGIN_POLYGON 5 90 2
BEGIN_WINDING
POLYGON_POINT -155.045130019 19.715742950
POLYGON_POINT -155.045126385 19.715411369
POLYGON_POINT -155.043873842 19.714657571
POLYGON_POINT -155.043873243 19.715047646
POLYGON_POINT -155.042238351 19.715052468
POLYGON_POINT -155.042238996 19.715116949
POLYGON_POINT -155.041579151 19.715119903
END_WINDING
END_POLYGON
OBJECT 0 -155.058823448 19.719929446 0.000000
OBJECT 0 -155.058874020 19.719349517 0.000000
OBJECT 0 -155.058575187 19.719626498 0.000000
OBJECT 1 -155.058963670 19.719624334 0.000000
OBJECT 1 -155.058563694 19.719914299 0.000000
OBJECT 2 -155.060742758 19.717707226 44.389999
OBJECT 2 -155.060236204 19.717785137 218.600006
OBJECT 3 -155.059274967 19.719682649 0.000000
OBJECT 4 -155.060200440 19.717550935 267.140015
OBJECT 4 -155.059986968 19.717573492 209.050003
OBJECT 5 -155.060295128 19.717565568 39.720001
OBJECT 5 -155.060318739 19.717583589 39.720001
OBJECT 5 -155.060340435 19.717601009 39.720001
OBJECT 5 -155.060362131 19.717617229 39.720001
OBJECT 5 -155.060328949 19.717524719 39.720001
OBJECT 5 -155.060352559 19.717542741 39.720001
OBJECT 5 -155.060374255 19.717560161 39.720001
OBJECT 5 -155.060395952 19.717576380 39.720001
OBJECT 6 -155.050724868 19.717542579 0.000000
OBJECT 7 -155.060506763 19.717414081 40.860001
OBJECT 8 -155.060922044 19.717242481 40.169998
BEGIN_POLYGON 6 10 3
BEGIN_WINDING
POLYGON_POINT -155.041638063 19.715184537 3.000000000
POLYGON_POINT -155.041637795 19.715107676 0.000000000
POLYGON_POINT -155.041275347 19.715108277 0.000000000
POLYGON_POINT -155.041276502 19.714926298 0.000000000
POLYGON_POINT -155.041186145 19.714926336 0.000000000
POLYGON_POINT -155.041184719 19.715108329 0.000000000
POLYGON_POINT -155.039868980 19.715109746 0.000000000
POLYGON_POINT -155.039869792 19.715074216 0.000000000
POLYGON_POINT -155.039649304 19.715071502 0.000000000
POLYGON_POINT -155.039647799 19.715122494 0.000000000
POLYGON_POINT -155.039435646 19.715121077 0.000000000
POLYGON_POINT -155.039435646 19.715071502 0.000000000
POLYGON_POINT -155.039205437 19.715074335 0.000000000
POLYGON_POINT -155.039203932 19.715115412 0.000000000
POLYGON_POINT -155.037885160 19.715106913 0.000000000
POLYGON_POINT -155.037884962 19.714924155 0.000000000
POLYGON_POINT -155.037800901 19.714922776 0.000000000
POLYGON_POINT -155.037800901 19.715106913 0.000000000
POLYGON_POINT -155.037519133 19.715107400 0.000000000
POLYGON_POINT -155.037519133 19.715087079 0.000000000
POLYGON_POINT -155.037430338 19.715086440 0.000000000
POLYGON_POINT -155.037431881 19.715107551 0.000000000
POLYGON_POINT -155.037423772 19.715107565 3.000000000
POLYGON_POINT -155.037423238 19.715180568 3.000000000
POLYGON_POINT -155.037582729 19.715181984 3.000000000
POLYGON_POINT -155.037582729 19.715194732 1.000000000
POLYGON_POINT -155.037666830 19.715196876 3.000000000
POLYGON_POINT -155.037666383 19.715184394 3.000000000
POLYGON_POINT -155.037725735 19.715184817 3.000000000
POLYGON_POINT -155.037725669 19.715196149 1.000000000
POLYGON_POINT -155.038041642 19.715196149 3.000000000
POLYGON_POINT -155.038041642 19.715184817 3.000000000
POLYGON_POINT -155.038252370 19.715186234 3.000000000
POLYGON_POINT -155.038252370 19.715196260 1.000000000
POLYGON_POINT -155.038405763 19.715196149 3.000000000
POLYGON_POINT -155.038406575 19.715186923 3.000000000
POLYGON_POINT -155.038465949 19.715186234 3.000000000
POLYGON_POINT -155.038467453 19.715197565 1.000000000
POLYGON_POINT -155.038779738 19.715197565 3.000000000
POLYGON_POINT -155.038779738 19.715186234 3.000000000
POLYGON_POINT -155.038976806 19.715185507 3.000000000
POLYGON_POINT -155.038976845 19.715198982 1.000000000
POLYGON_POINT -155.039134753 19.715200473 3.000000000
POLYGON_POINT -155.039134832 19.715187650 3.000000000
POLYGON_POINT -155.039196403 19.715188377 3.000000000
POLYGON_POINT -155.039196522 19.715200398 1.000000000
POLYGON_POINT -155.039440272 19.715198982 3.000000000
POLYGON_POINT -155.039440272 19.715186234 3.000000000
POLYGON_POINT -155.039639537 19.715187613 3.000000000
POLYGON_POINT -155.039640389 19.715200398 1.000000000
POLYGON_POINT -155.040094542 19.715201814 3.000000000
POLYGON_POINT -155.040094423 19.715189104 3.000000000
POLYGON_POINT -155.040300677 19.715187650 3.000000000
POLYGON_POINT -155.040300677 19.715198982 1.000000000
POLYGON_POINT -155.040832702 19.715202616 3.000000000
POLYGON_POINT -155.040831969 19.715186234 3.000000000
POLYGON_POINT -155.041041074 19.715186960 3.000000000
POLYGON_POINT -155.041041113 19.715201814 1.000000000
POLYGON_POINT -155.041474175 19.715203231 3.000000000
POLYGON_POINT -155.041475561 19.715186271 3.000000000
END_WINDING
END_POLYGON
BEGIN_POLYGON 6 10 3
BEGIN_WINDING
POLYGON_POINT -155.038605302 19.715006800 3.000000000
POLYGON_POINT -155.038981015 19.715003446 3.000000000
POLYGON_POINT -155.038982531 19.714718037 3.000000000
POLYGON_POINT -155.039120148 19.714718600 3.000000000
POLYGON_POINT -155.039120459 19.715074249 3.000000000
POLYGON_POINT -155.039205437 19.715074335 3.000000000
POLYGON_POINT -155.039435646 19.715071502 3.000000000
POLYGON_POINT -155.039649304 19.715071502 3.000000000
POLYGON_POINT -155.039869792 19.715074216 3.000000000
POLYGON_POINT -155.039947219 19.715070769 3.000000000
POLYGON_POINT -155.039947118 19.714730856 3.000000000
POLYGON_POINT -155.040089200 19.714729527 3.000000000
POLYGON_POINT -155.040090925 19.714993780 3.000000000
POLYGON_POINT -155.040532966 19.714992905 3.000000000
POLYGON_POINT -155.040541326 19.714661214 3.000000000
POLYGON_POINT -155.040736799 19.714662339 3.000000000
POLYGON_POINT -155.040740175 19.714921917 3.000000000
POLYGON_POINT -155.041128899 19.714920646 3.000000000
POLYGON_POINT -155.041132350 19.714725372 3.000000000
POLYGON_POINT -155.041185395 19.714725329 3.000000000
POLYGON_POINT -155.041186145 19.714926336 3.000000000
POLYGON_POINT -155.041276502 19.714926298 3.000000000
POLYGON_POINT -155.041423225 19.714927137 3.000000000
POLYGON_POINT -155.041422997 19.714565305 3.000000000
POLYGON_POINT -155.041385947 19.714564264 3.000000000
POLYGON_POINT -155.041384154 19.714703944 3.000000000
POLYGON_POINT -155.041344781 19.714702561 3.000000000
POLYGON_POINT -155.041345217 19.714538630 3.000000000
POLYGON_POINT -155.041258342 19.714537255 3.000000000
POLYGON_POINT -155.041258377 19.714630198 3.000000000
POLYGON_POINT -155.040980247 19.714628628 3.000000000
POLYGON_POINT -155.040978593 19.714510027 3.000000000
POLYGON_POINT -155.040875988 19.714511314 3.000000000
POLYGON_POINT -155.040874325 19.714628030 3.000000000
POLYGON_POINT -155.040389389 19.714625292 3.000000000
POLYGON_POINT -155.040387759 19.714505502 3.000000000
POLYGON_POINT -155.040210651 19.714504244 3.000000000
POLYGON_POINT -155.040210628 19.714625841 3.000000000
POLYGON_POINT -155.039875165 19.714623559 3.000000000
POLYGON_POINT -155.039876823 19.714532752 3.000000000
POLYGON_POINT -155.039191610 19.714535101 3.000000000
POLYGON_POINT -155.039191602 19.714618911 3.000000000
POLYGON_POINT -155.038860103 19.714616657 3.000000000
POLYGON_POINT -155.038857416 19.714505652 3.000000000
POLYGON_POINT -155.038672152 19.714502463 3.000000000
POLYGON_POINT -155.038671682 19.714620831 3.000000000
POLYGON_POINT -155.038606570 19.714621082 3.000000000
END_WINDING
END_POLYGON
BEGIN_POLYGON 6 10 3
BEGIN_WINDING
POLYGON_POINT -155.037885788 19.714631631 3.000000000
POLYGON_POINT -155.037942690 19.714629880 3.000000000
POLYGON_POINT -155.037943725 19.714919501 3.000000000
POLYGON_POINT -155.038328726 19.714920953 3.000000000
POLYGON_POINT -155.038331730 19.714619866 3.000000000
POLYGON_POINT -155.038178105 19.714617580 3.000000000
POLYGON_POINT -155.038180493 19.714508322 3.000000000
POLYGON_POINT -155.038087376 19.714508407 3.000000000
POLYGON_POINT -155.038090461 19.714620032 3.000000000
POLYGON_POINT -155.037819803 19.714620769 3.000000000
POLYGON_POINT -155.037818892 19.714566194 3.000000000
POLYGON_POINT -155.037712990 19.714565759 3.000000000
POLYGON_POINT -155.037712921 19.714694815 3.000000000
POLYGON_POINT -155.037676865 19.714694002 3.000000000
POLYGON_POINT -155.037675453 19.714562109 3.000000000
POLYGON_POINT -155.037620259 19.714561992 3.000000000
POLYGON_POINT -155.037621733 19.714918589 3.000000000
POLYGON_POINT -155.037800901 19.714922776 3.000000000
POLYGON_POINT -155.037884962 19.714924155 3.000000000
END_WINDING
END_POLYGON
OBJECT 9 -155.043385694 19.715169812 0.000000
OBJECT 9 -155.043118638 19.715176044 0.000000
OBJECT 9 -155.042832306 19.715172928 0.000000
OBJECT 9 -155.042502942 19.715174486 0.000000
OBJECT 9 -155.041954988 19.715182277 0.000000
OBJECT 9 -155.041657290 19.715183543 0.000000
OBJECT 9 -155.041483200 19.715195249 0.000000
OBJECT 9 -155.041033718 19.715196313 0.000000
OBJECT 9 -155.040842671 19.715196313 0.000000
OBJECT 9 -155.040292139 19.715196313 0.000000
OBJECT 9 -155.040104109 19.715200570 0.000000
OBJECT 9 -155.039630448 19.715196313 0.000000
OBJECT 9 -155.039450705 19.715195249 0.000000
OBJECT 9 -155.039167665 19.715197377 0.000000
OBJECT 9 -155.038967575 19.715196313 0.000000
OBJECT 9 -155.038790093 19.715195249 0.000000
OBJECT 9 -155.038437439 19.715196313 0.000000
OBJECT 9 -155.038241871 19.715196313 0.000000
OBJECT 9 -155.038055346 19.715195249 0.000000
OBJECT 9 -155.037695625 19.715194185 0.000000
OBJECT 9 -155.037411881 19.715181415 0.000000
OBJECT 9 -155.036970190 19.715181098 0.000000
OBJECT 10 -155.042283790 19.715268470 90.000000
OBJECT 10 -155.042539684 19.715268470 90.000000
OBJECT 10 -155.042795167 19.715268470 90.000000
OBJECT 10 -155.042411531 19.715268470 90.000000
OBJECT 10 -155.042667425 19.715268470 90.000000
OBJECT 10 -155.042922908 19.715268470 90.000000
OBJECT 10 -155.043049520 19.715268470 90.000000
OBJECT 10 -155.043305003 19.715268470 90.000000
OBJECT 10 -155.043177261 19.715268470 90.000000
OBJECT 10 -155.043432744 19.715268470 90.000000
OBJECT 10 -155.042246670 19.715351031 0.000000
OBJECT 10 -155.042246670 19.715470994 0.000000
OBJECT 10 -155.042246670 19.715589990 0.000000
OBJECT 10 -155.042246670 19.715710921 0.000000
OBJECT 10 -155.043368306 19.715348456 0.000000
OBJECT 10 -155.043368306 19.715468419 0.000000
OBJECT 10 -155.043368306 19.715587415 0.000000
OBJECT 10 -155.043368306 19.715708346 0.000000
OBJECT 10 -155.042992148 19.715348456 0.000000
OBJECT 10 -155.042992148 19.715468419 0.000000
OBJECT 10 -155.042992148 19.715587415 0.000000
OBJECT 10 -155.042992148 19.715708346 0.000000
OBJECT 10 -155.042615989 19.715348456 0.000000
OBJECT 10 -155.042615989 19.715468419 0.000000
OBJECT 10 -155.042615989 19.715587415 0.000000
OBJECT 10 -155.042615989 19.715708346 0.000000
BEGIN_POLYGON 7 90 2
BEGIN_WINDING
POLYGON_POINT -155.038211316 19.714365997
POLYGON_POINT -155.041006984 19.714369337
POLYGON_POINT -155.041014079 19.713384069
POLYGON_POINT -155.038434828 19.713360690
POLYGON_POINT -155.038441923 19.713818255
POLYGON_POINT -155.038204221 19.713818255
END_WINDING
END_POLYGON
BEGIN_POLYGON 8 90 2
BEGIN_WINDING
POLYGON_POINT -155.037714476 19.714544135
POLYGON_POINT -155.040927011 19.714548283
POLYGON_POINT -155.041286087 19.714548283
END_WINDING
END_POLYGON
BEGIN_POLYGON 9 90 3
BEGIN_WINDING
POLYGON_POINT -155.047489452 19.716957533 4.000000000
POLYGON_POINT -155.047486237 19.716688459 4.000000000
POLYGON_POINT -155.047307061 19.716687085 4.000000000
POLYGON_POINT -155.047308165 19.716953620 4.000000000
END_WINDING
END_POLYGON
BEGIN_POLYGON 9 90 3
BEGIN_WINDING
POLYGON_POINT -155.047868473 19.717370425 4.000000000
POLYGON_POINT -155.047866913 19.717257160 4.000000000
POLYGON_POINT -155.047364990 19.717262017 4.000000000
POLYGON_POINT -155.047364439 19.717372745 4.000000000
END_WINDING
END_POLYGON
BEGIN_POLYGON 9 90 3
BEGIN_WINDING
POLYGON_POINT -155.048131636 19.717175665 4.000000000
POLYGON_POINT -155.048133386 19.717040586 4.000000000
POLYGON_POINT -155.047545398 19.717043886 4.000000000
POLYGON_POINT -155.047544846 19.717173310 4.000000000
END_WINDING
END_POLYGON
BEGIN_POLYGON 9 90 3
BEGIN_WINDING
POLYGON_POINT -155.053204346 19.717919988 4.000000000
POLYGON_POINT -155.053204739 19.717474922 4.000000000
POLYGON_POINT -155.053048617 19.717474897 0.000000000
POLYGON_POINT -155.052115529 19.717474752 4.000000000
POLYGON_POINT -155.051692212 19.717474687 4.000000000
POLYGON_POINT -155.051688886 19.717919127 4.000000000
POLYGON_POINT -155.052026835 19.717919319 2.000000000
POLYGON_POINT -155.052938634 19.717919837 4.000000000
END_WINDING
END_POLYGON
BEGIN_POLYGON 9 90 3
BEGIN_WINDING
POLYGON_POINT -155.055900980 19.715516175 4.000000000
POLYGON_POINT -155.056094202 19.715306810 4.000000000
POLYGON_POINT -155.055958207 19.715196272 4.000000000
POLYGON_POINT -155.055764052 19.715405505 4.000000000
END_WINDING
END_POLYGON
BEGIN_POLYGON 9 90 3
BEGIN_WINDING
POLYGON_POINT -155.057458125 19.714625170 4.000000000
POLYGON_POINT -155.057572041 19.714504978 4.000000000
POLYGON_POINT -155.057126862 19.714151075 4.000000000
POLYGON_POINT -155.057020824 19.714271134 4.000000000
POLYGON_POINT -155.057119361 19.714350909 2.000000000
POLYGON_POINT -155.057221458 19.714433566 4.000000000
POLYGON_POINT -155.057312529 19.714507296 2.000000000
POLYGON_POINT -155.057411965 19.714587799 4.000000000
END_WINDING
END_POLYGON
BEGIN_POLYGON 9 90 3
BEGIN_WINDING
POLYGON_POINT -155.056808872 19.715369965 4.000000000
POLYGON_POINT -155.057017514 19.715144010 4.000000000
POLYGON_POINT -155.056869729 19.715026521 4.000000000
POLYGON_POINT -155.056660154 19.715252343 4.000000000
END_WINDING
END_POLYGON
BEGIN_POLYGON 9 90 3
BEGIN_WINDING
POLYGON_POINT -155.056156072 19.715226350 2.000000000
POLYGON_POINT -155.056349294 19.715016985 4.000000000
POLYGON_POINT -155.056236756 19.714928529 4.000000000
POLYGON_POINT -155.056042601 19.715137761 4.000000000
END_WINDING
END_POLYGON
OBJECT 3 -155.061143556 19.716922869 311.419983
BEGIN_POLYGON 9 90 3
BEGIN_WINDING
POLYGON_POINT -155.060216455 19.718312850 4.000000000
POLYGON_POINT -155.060619984 19.717864955 4.000000000
POLYGON_POINT -155.060389521 19.717689767 4.000000000
POLYGON_POINT -155.059987696 19.718144032 4.000000000
END_WINDING
END_POLYGON
OBJECT 11 -155.059770513 19.717516575 308.290009
OBJECT 11 -155.059820254 19.717554886 308.290009
OBJECT 11 -155.059869995 19.717592133 308.290009
OBJECT 11 -155.059817993 19.717463366 308.290009
OBJECT 11 -155.059867734 19.717501677 308.290009
OBJECT 11 -155.059917474 19.717538923 308.290009
OBJECT 12 -155.060936523 19.716935531 39.369999
BEGIN_POLYGON 9 90 3
BEGIN_WINDING
POLYGON_POINT -155.061385956 19.716902387 4.000000000
POLYGON_POINT -155.061556957 19.716709060 4.000000000
POLYGON_POINT -155.061404538 19.716581887 4.000000000
POLYGON_POINT -155.061332767 19.716653530 0.000000000
POLYGON_POINT -155.061133286 19.716504647 4.000000000
POLYGON_POINT -155.061105487 19.716538737 0.000000000
POLYGON_POINT -155.061297277 19.716695056 4.000000000
POLYGON_POINT -155.061232130 19.716769811 4.000000000
END_WINDING
END_POLYGON
BEGIN_POLYGON 9 90 3
BEGIN_WINDING
POLYGON_POINT -155.061684129 19.716475058 4.000000000
POLYGON_POINT -155.061825096 19.716333096 4.000000000
POLYGON_POINT -155.061633111 19.716173292 4.000000000
POLYGON_POINT -155.061497602 19.716321692 2.000000000
END_WINDING
END_POLYGON
OBJECT 13 -155.049017925 19.717346043 270.000000
BEGIN_POLYGON 10 90 3
BEGIN_WINDING
POLYGON_POINT -155.063367788 19.714686611 0.000000000
POLYGON_POINT -155.063436181 19.714607009 3.000000000
POLYGON_POINT -155.063149911 19.714381535 0.000000000
POLYGON_POINT -155.063084271 19.714457171 3.000000000
END_WINDING
END_POLYGON
BEGIN_POLYGON 10 90 3
BEGIN_WINDING
POLYGON_POINT -155.063160124 19.714917221 0.000000000
POLYGON_POINT -155.063228517 19.714837620 3.000000000
POLYGON_POINT -155.062942247 19.714612145 0.000000000
POLYGON_POINT -155.062876607 19.714687781 3.000000000
END_WINDING
END_POLYGON
OBJECT 14 -155.047353021 19.717492321 180.000000
OBJECT 14 -155.044862210 19.718683692 90.000000
BEGIN_POLYGON 10 90 3
BEGIN_WINDING
POLYGON_POINT -155.055409751 19.716073255 2.000000000
POLYGON_POINT -155.055900980 19.715516175 0.000000000
POLYGON_POINT -155.055764052 19.715405505 0.000000000
POLYGON_POINT -155.055730740 19.715381090 0.000000000
POLYGON_POINT -155.055602984 19.715525911 0.000000000
POLYGON_POINT -155.055455372 19.715424249 1.000000000
POLYGON_POINT -155.055096551 19.715825103 0.000000000
END_WINDING
END_POLYGON
OBJECT 15 -155.044944520 19.716071454 0.000000
OBJECT 13 -155.044701517 19.717921857 0.000000
OBJECT 16 -155.055576541 19.715941337 129.410004
OBJECT 3 -155.055236033 19.716126665 129.399994
OBJECT 3 -155.055140037 19.716232615 129.399994
OBJECT 13 -155.043588068 19.715080955 0.000000
OBJECT 13 -155.044701517 19.717998203 0.000000
OBJECT 17 -155.047602850 19.715931726 0.000000
OBJECT 18 -155.041580645 19.715186873 0.000000
OBJECT 19 -155.041581301 19.715230460 352.820007
OBJECT 18 -155.040936794 19.715192592 0.000000
OBJECT 19 -155.040937450 19.715236179 40.270000
OBJECT 18 -155.040202260 19.715193880 0.000000
OBJECT 19 -155.040202916 19.715237467 4.220000
OBJECT 18 -155.039541590 19.715193880 0.000000
OBJECT 19 -155.039542245 19.715237467 350.839996
OBJECT 18 -155.038875448 19.715192592 0.000000
OBJECT 19 -155.038876104 19.715236179 30.910000
OBJECT 18 -155.038140186 19.715191713 0.000000
OBJECT 19 -155.038140841 19.715235300 1.650000
OBJECT 18 -155.037477710 19.715185171 0.000000
OBJECT 19 -155.037478366 19.715228758 19.650000
OBJECT 20 -155.038903803 19.715224855 0.840000
OBJECT 20 -155.040950990 19.715223756 0.840000
OBJECT 21 -155.038159279 19.715226100 0.000000
OBJECT 21 -155.037458483 19.715224611 0.000000
OBJECT 21 -155.040210107 19.715226715 0.000000
OBJECT 22 -155.039572220 19.715225267 0.000000
OBJECT 23 -155.059509646 19.717896594 38.529999
OBJECT 23 -155.059709916 19.718054957 38.529999
OBJECT 23 -155.059103098 19.718699723 130.020004
OBJECT 23 -155.060227475 19.717201549 219.759995
OBJECT 23 -155.036815380 19.716285283 180.000000
OBJECT 23 -155.051744995 19.718120443 0.000000
OBJECT 23 -155.052446047 19.718102878 0.000000
OBJECT 23 -155.053157919 19.718114875 0.000000
OBJECT 22 -155.041608483 19.715227596 0.000000
OBJECT_DEF lib/airport/aircraft/GA/KingAirC90B.obj
OBJECT_DEF lib/airport/aircraft/GA/Cessna_172.obj
OBJECT_DEF lib/airport/Common_Elements/Vehicles/Cargo_Truck.obj
OBJECT_DEF lib/airport/Common_Elements/Hangars/Sm_Gray_Hangar.agp
OBJECT_DEF lib/airport/Ramp_Equipment/Luggage_Truck.obj
OBJECT_DEF lib/airport/Ramp_Equipment/Cargo_Dolly_wPod.obj
OBJECT_DEF lib/airport/Common_Elements/Fuel_Storage/Sing_Tank_Small.obj
OBJECT_DEF lib/airport/Ramp_Equipment/Cargo_Loader_1.obj
OBJECT_DEF lib/airport/Common_Elements/Hangars/Long_Row_Green.agp
OBJECT_DEF lib/airport/Common_Elements/Lighting/Dir_Ramp_Lit_Med.obj
OBJECT_DEF lib/airport/Common_Elements/Parking/NoParkStripes.obj
OBJECT_DEF lib/airport/Ramp_Equipment/Cargo_Container_6.obj
OBJECT_DEF lib/airport/Ramp_Equipment/Cargo_Pod_Lot.agp
OBJECT_DEF lib/airport/Common_Elements/Misc_Buildings/Fire_Station_Lg.agp
OBJECT_DEF lib/airport/Common_Elements/Misc_Buildings/Fire_Station_Sm.agp
OBJECT_DEF lib/airport/Common_Elements/Misc_Buildings/Small_Office_1.agp
OBJECT_DEF lib/airport/Common_Elements/Hangars/Med_Gray_Hangar.agp
OBJECT_DEF lib/airport/Modern_Airports/Control_Towers/Modern_Tower_3.agp
OBJECT_DEF lib/airport/Ramp_Equipment/JetWayExt_4m.obj
OBJECT_DEF lib/airport/Ramp_Equipment/Uni_Jetway_250cm.obj
OBJECT_DEF lib/airport/Ramp_Equipment/Ramp_Group_Narrow.agp
OBJECT_DEF lib/airport/Ramp_Equipment/Ramp_Group_Wide.agp
OBJECT_DEF lib/airport/Ramp_Equipment/Ramp_Group_Medium.agp
OBJECT_DEF lib/airport/Ramp_Equipment/Ramp_Parking_Stripe.obj
POLYGON_DEF lib/airport/pavement/asphalt_5D.pol
POLYGON_DEF lib/airport/pavement/concrete_4D.pol
POLYGON_DEF lib/airport/pavement/asphalt_1D.pol
POLYGON_DEF lib/airport/pavement/asphalt_4D.pol
POLYGON_DEF lib/airport/pavement/concrete_5D.pol
POLYGON_DEF lib/airport/Common_Elements/Fence_Facades/Fence.fac
POLYGON_DEF lib/airport/Classic_Airports/Facades/classic2.fac
POLYGON_DEF lib/airport/Common_Elements/Fence_Facades/Fenced_Parking.fac
POLYGON_DEF lib/airport/Ramp_Equipment/Covered_Walkway.fac
POLYGON_DEF lib/airport/Common_Elements/Misc_Buildings/Cargo_Terminal.fac
POLYGON_DEF lib/airport/Common_Elements/Misc_Buildings/White_Warehouse.fac
PROPERTY sim/require_agpoint 1/0
PROPERTY sim/require_object 1/0
PROPERTY sim/require_facade 1/5
PROPERTY sim/require_facade 6/0
