PROPERTY sim/west -180
PROPERTY sim/east 180
PROPERTY sim/north 90
PROPERTY sim/south -90
PROPERTY sim/planet earth
PROPERTY sim/creation_agent WorldEditor2.1.0r1
PROPERTY laminar/internal_revision 0
PROPERTY sim/overlay 1
FILTER 0
BEGIN_POLYGON 0 0 4
BEGIN_WINDING
POLYGON_POINT 153.975175106 24.284691401 153.975175106 24.284691401
POLYGON_POINT 153.975315232 24.284653955 153.975315232 24.284653955
POLYGON_POINT 153.976424225 24.284290674 153.976424225 24.284290674
POLYGON_POINT 153.977307953 24.283992327 153.977379190 24.283969512
POLYGON_POINT 153.977442726 24.283960737 153.977442726 24.283960737
POLYGON_POINT 153.977629483 24.283969512 153.977629483 24.283969512
POLYGON_POINT 153.977779659 24.283971267 153.977816240 24.283958982
POLYGON_POINT 153.977806613 24.283929147 153.977806613 24.283929147
POLYGON_POINT 153.977733451 24.283816828 153.977733451 24.283816828
POLYGON_POINT 153.977818165 24.283772954 153.977818165 24.283772954
POLYGON_POINT 153.977910581 24.283925637 153.977910581 24.283925637
POLYGON_POINT 153.977976042 24.284102890 153.977976042 24.284102890
POLYGON_POINT 153.978137773 24.284608326 153.978151250 24.284671505
POLYGON_POINT 153.978268696 24.284694320 153.978268696 24.284694320
POLYGON_POINT 153.978411171 24.284643425 153.978411171 24.284643425
POLYGON_POINT 153.978438125 24.284743459 153.978415021 24.284752234
POLYGON_POINT 153.978232114 24.284843493 153.978197458 24.284854023
POLYGON_POINT 153.978153175 24.284918958 153.978153175 24.284918958
POLYGON_POINT 153.978035730 24.284871573 153.978022253 24.284829453
POLYGON_POINT 153.977933684 24.284503027 153.977924057 24.284474947
POLYGON_POINT 153.977875924 24.284211699 153.977870148 24.284129215
POLYGON_POINT 153.977806613 24.284062526 153.977789285 24.284051996
POLYGON_POINT 153.977639109 24.284023916 153.977581349 24.284015141
POLYGON_POINT 153.977402293 24.284020406 153.977342608 24.284036201
POLYGON_POINT 153.977350310 24.284094116 153.977332982 24.284136236
POLYGON_POINT 153.977304102 24.284287164 153.977298326 24.284302959
POLYGON_POINT 153.977286774 24.284420542 153.977280998 24.284464417
POLYGON_POINT 153.977202059 24.284510047 153.977196283 24.284517067
POLYGON_POINT 153.977055733 24.284590776 153.977009525 24.284611836
POLYGON_POINT 153.977078837 24.284622365 153.977078837 24.284622365
POLYGON_POINT 153.977384966 24.284682035 153.977460054 24.284696075
POLYGON_POINT 153.977446577 24.284743459 153.977446577 24.284743459
POLYGON_POINT 153.977365713 24.284947037 153.977365713 24.284947037
POLYGON_POINT 153.977255968 24.285199755 153.977242491 24.285217305
POLYGON_POINT 153.977125045 24.285217305 153.977101941 24.285220815
POLYGON_POINT 153.977088464 24.285273464 153.977088464 24.285273464
POLYGON_POINT 153.976978719 24.285255914 153.976978719 24.285255914
POLYGON_POINT 153.976803514 24.285208530 153.976813141 24.285169920
POLYGON_POINT 153.976778484 24.285154125 153.976749604 24.285122535
POLYGON_POINT 153.976753455 24.285104986 153.976774634 24.285092701
POLYGON_POINT 153.976809290 24.285052336 153.976809290 24.285052336
POLYGON_POINT 153.976930586 24.284724154 153.976967167 24.284597795
POLYGON_POINT 153.977036482 24.284560941 153.977036482 24.284560941
POLYGON_POINT 153.977207836 24.284471437 153.977259820 24.284417033
POLYGON_POINT 153.977269446 24.284341568 153.977269446 24.284306468
POLYGON_POINT 153.977317580 24.284060771 153.977332983 24.284025671
POLYGON_POINT 153.977302178 24.284044976 153.977302178 24.284044976
POLYGON_POINT 153.976674584 24.284254590 153.976674584 24.284254590
POLYGON_POINT 153.975183424 24.284746999 153.975183424 24.284746999
END_WINDING
END_POLYGON
BEGIN_POLYGON 0 0 4
BEGIN_WINDING
POLYGON_POINT 153.974468025 24.285093152 153.974468025 24.285093152
POLYGON_POINT 153.974431443 24.285066827 153.974431443 24.285066827
POLYGON_POINT 153.974348653 24.285082622 153.974298594 24.285115967
POLYGON_POINT 153.974044448 24.285349380 153.974044448 24.285349380
POLYGON_POINT 153.973911598 24.285459943 153.973911598 24.285459943
POLYGON_POINT 153.973807629 24.285598587 153.973763346 24.285663521
POLYGON_POINT 153.973772973 24.285888159 153.973772973 24.285888159
POLYGON_POINT 153.973842283 24.286033823 153.973871163 24.286058393
POLYGON_POINT 153.973923148 24.286084717 153.973923148 24.286084717
POLYGON_POINT 153.974015565 24.286054883 153.974061774 24.285998724
POLYGON_POINT 153.974088728 24.285972398 153.974088728 24.285972398
POLYGON_POINT 153.974367905 24.286191771 153.974367905 24.286191771
POLYGON_POINT 153.974131086 24.286412899 153.974131086 24.286412899
POLYGON_POINT 153.974138785 24.286516443 153.974071397 24.286574357
POLYGON_POINT 153.974036741 24.286604192 153.974036741 24.286604192
POLYGON_POINT 153.974004009 24.286760386 153.974042516 24.286867440
POLYGON_POINT 153.974192695 24.287188602 153.974267784 24.287258801
POLYGON_POINT 153.974290889 24.287271086 153.974290889 24.287271086
POLYGON_POINT 153.974589320 24.287485194 153.974589320 24.287485194
POLYGON_POINT 153.974980173 24.287797581 153.974980173 24.287797581
POLYGON_POINT 153.974993650 24.287781786 153.974993650 24.287781786
POLYGON_POINT 153.974702917 24.287537843 153.974702917 24.287537843
POLYGON_POINT 153.974787634 24.287423769 153.974779932 24.287364100
POLYGON_POINT 153.974845396 24.287330755 153.974845396 24.287330755
POLYGON_POINT 153.975028307 24.287383405 153.975087994 24.287425525
POLYGON_POINT 153.975409534 24.287704567 153.975409534 24.287704567
POLYGON_POINT 153.975397981 24.287732646 153.975397981 24.287732646
POLYGON_POINT 153.975550087 24.287867780 153.975550087 24.287867780
POLYGON_POINT 153.975336369 24.288060828 153.975336369 24.288060828
POLYGON_POINT 153.975039860 24.287818640 153.975039860 24.287818640
POLYGON_POINT 153.975016755 24.287834435 153.975016755 24.287834435
POLYGON_POINT 153.975270906 24.288055563 153.975270906 24.288055563
POLYGON_POINT 153.975459594 24.288174902 153.975550087 24.288192452
POLYGON_POINT 153.975804239 24.288324076 153.975923613 24.288401295
POLYGON_POINT 153.976019884 24.288396030 153.976019884 24.288396030
POLYGON_POINT 153.976093049 24.288310036 153.976108452 24.288227552
POLYGON_POINT 153.976143110 24.288088908 153.976056468 24.288004669
POLYGON_POINT 153.975929391 24.287859005 153.975929391 24.287859005
POLYGON_POINT 153.975869704 24.287853740 153.975829271 24.287892350
POLYGON_POINT 153.975707972 24.287994139 153.975707972 24.287994139
POLYGON_POINT 153.975638658 24.287937979 153.975638658 24.287937979
POLYGON_POINT 153.975727226 24.287855495 153.975727226 24.287855495
POLYGON_POINT 153.975784987 24.287883575 153.975784987 24.287883575
POLYGON_POINT 153.975848525 24.287818640 153.975848525 24.287818640
POLYGON_POINT 153.975848525 24.287762481 153.975829271 24.287741421
POLYGON_POINT 153.975811943 24.287716851 153.975811943 24.287716851
POLYGON_POINT 153.976058393 24.287504499 153.976058393 24.287504499
POLYGON_POINT 153.976123856 24.287567678 153.976123856 24.287567678
POLYGON_POINT 153.976094975 24.287639632 153.976104602 24.287695791
POLYGON_POINT 153.976173916 24.287818640 153.976191244 24.287885329
POLYGON_POINT 153.976198946 24.288025728 153.976266335 24.288081887
POLYGON_POINT 153.976730355 24.288411825 153.976813147 24.288480269
POLYGON_POINT 153.977242512 24.288845305 153.977363812 24.289001498
POLYGON_POINT 153.977517844 24.289201567 153.977517844 24.289201567
POLYGON_POINT 153.977712311 24.289406900 153.977712311 24.289406900
POLYGON_POINT 153.977870195 24.289449020 153.977927957 24.289396371
POLYGON_POINT 153.977993421 24.289322661 153.977993421 24.289322661
POLYGON_POINT 153.977993421 24.289262991 153.977952987 24.289224381
POLYGON_POINT 153.977721939 24.288896200 153.977721939 24.288896200
POLYGON_POINT 153.977642997 24.288762821 153.977679580 24.288738251
POLYGON_POINT 153.977716163 24.288717192 153.977716163 24.288717192
POLYGON_POINT 153.978049258 24.289017294 153.978049258 24.289017294
POLYGON_POINT 153.978004973 24.289047129 153.978004973 24.289047129
POLYGON_POINT 153.978182111 24.289241932 153.978182111 24.289241932
POLYGON_POINT 153.978180185 24.289352496 153.978133975 24.289412165
POLYGON_POINT 153.977966465 24.289538524 153.977981868 24.289598193
POLYGON_POINT 153.978130125 24.290065019 153.978130125 24.290065019
POLYGON_POINT 153.978234097 24.290068529 153.978291860 24.290026409
POLYGON_POINT 153.978461297 24.289966740 153.978461297 24.289966740
POLYGON_POINT 153.978865635 24.289950945 153.979010041 24.290035184
POLYGON_POINT 153.979169851 24.290177338 153.979169851 24.290177338
POLYGON_POINT 153.979711055 24.290685861 153.979711055 24.290685861
POLYGON_POINT 153.980013270 24.290963851 153.980013270 24.290963851
POLYGON_POINT 153.980074268 24.290951215 153.980118630 24.290910780
POLYGON_POINT 153.980138708 24.290895542 153.980138708 24.290895542
POLYGON_POINT 153.980206343 24.290954202 153.980206343 24.290954202
POLYGON_POINT 153.980115857 24.291019449 153.980115857 24.291019449
POLYGON_POINT 153.980121402 24.291059883 153.980165764 24.291090209
POLYGON_POINT 153.980731384 24.291583009 153.980731384 24.291583009
POLYGON_POINT 153.981202731 24.291992411 153.981269274 24.292030319
POLYGON_POINT 153.981604772 24.292320944 153.981604772 24.292320944
POLYGON_POINT 153.981901447 24.292755618 153.981931946 24.292980537
POLYGON_POINT 153.981906994 24.293200401 153.981956902 24.293321705
POLYGON_POINT 153.982184261 24.293809450 153.982300713 24.294026787
POLYGON_POINT 153.982575212 24.294567603 153.982675029 24.294739451
POLYGON_POINT 153.983049344 24.295262576 153.983201843 24.295404098
POLYGON_POINT 153.983515160 24.295636598 153.983709250 24.295702305
POLYGON_POINT 153.984005930 24.295492549 153.984030884 24.295260049
POLYGON_POINT 153.984102975 24.294843065 153.984122384 24.294759668
POLYGON_POINT 153.984244378 24.294173363 153.984272105 24.294120292
POLYGON_POINT 153.984233287 24.293956026 153.984158424 24.293877684
POLYGON_POINT 153.983653793 24.293400048 153.983653793 24.293400048
POLYGON_POINT 153.983687066 24.293382358 153.983687066 24.293382358
POLYGON_POINT 153.984163966 24.293824613 153.984213874 24.293875157
POLYGON_POINT 153.984344190 24.294117766 153.984288736 24.294261815
POLYGON_POINT 153.984222192 24.294542331 153.984202783 24.294635836
POLYGON_POINT 153.984105749 24.295121054 153.984072476 24.295343445
POLYGON_POINT 153.984039204 24.295588582 153.984039204 24.295588582
POLYGON_POINT 153.983282254 24.295558256 153.982758212 24.295156435
POLYGON_POINT 153.982530852 24.294602983 153.982530852 24.294602983
POLYGON_POINT 153.982089997 24.293731108 153.982089997 24.293731108
POLYGON_POINT 153.981812731 24.293117004 153.981812731 24.293117004
POLYGON_POINT 153.981843230 24.292887031 153.981848775 24.292720237
POLYGON_POINT 153.981663007 24.292444775 153.981438422 24.292245128
POLYGON_POINT 153.980889439 24.291830672 153.980889439 24.291830672
POLYGON_POINT 153.980199055 24.291221623 153.980168556 24.291196351
POLYGON_POINT 153.979866340 24.290933525 153.979813660 24.290893090
POLYGON_POINT 153.979616806 24.290860236 153.979580762 24.290925943
POLYGON_POINT 153.979248049 24.291264585 153.979248049 24.291264585
POLYGON_POINT 153.979004060 24.291375780 153.979004060 24.291375780
POLYGON_POINT 153.978754525 24.291123063 153.978754525 24.291123063
POLYGON_POINT 153.978818295 24.290872872 153.978782251 24.290784421
POLYGON_POINT 153.978846021 24.290597410 153.978898701 24.290544339
POLYGON_POINT 153.979051194 24.290546867 153.979092783 24.290503905
POLYGON_POINT 153.979212005 24.290407872 153.979212005 24.290407872
POLYGON_POINT 153.979189824 24.290301731 153.979117736 24.290228443
POLYGON_POINT 153.978848794 24.290038904 153.978782251 24.290013632
POLYGON_POINT 153.978424585 24.290049013 153.978305363 24.290129883
POLYGON_POINT 153.978177823 24.290329530 153.978177823 24.290329530
POLYGON_POINT 153.978089102 24.290423035 153.978050286 24.290412926
POLYGON_POINT 153.977936609 24.290352274 153.977967108 24.290286567
POLYGON_POINT 153.977992061 24.290097030 153.977953245 24.290028796
POLYGON_POINT 153.977875612 24.289922654 153.977875612 24.289922654
POLYGON_POINT 153.977736982 24.290006051 153.977662122 24.289970671
POLYGON_POINT 153.977479131 24.289897383 153.977456950 24.289834204
POLYGON_POINT 153.977307230 24.289629502 153.977321093 24.289596649
POLYGON_POINT 153.977404271 24.289482926 153.977468041 24.289455127
POLYGON_POINT 153.977537355 24.289389420 153.977517947 24.289346458
POLYGON_POINT 153.977390408 24.289182192 153.977390408 24.289182192
POLYGON_POINT 153.977093747 24.288841023 153.977093747 24.288841023
POLYGON_POINT 153.976835898 24.288608523 153.976761039 24.288555452
POLYGON_POINT 153.976658454 24.288474583 153.976630728 24.288504909
POLYGON_POINT 153.976539233 24.288583251 153.976472691 24.288573142
POLYGON_POINT 153.976356244 24.288671703 153.976339609 24.288686866
POLYGON_POINT 153.976153846 24.288661594 153.976045716 24.288568089
POLYGON_POINT 153.975812823 24.288381077 153.975660332 24.288290099
POLYGON_POINT 153.975505069 24.288231974 153.975432982 24.288209229
POLYGON_POINT 153.975269402 24.288108142 153.975128002 24.287986838
POLYGON_POINT 153.974551313 24.287506675 153.974551313 24.287506675
POLYGON_POINT 153.974260196 24.287317137 153.974177020 24.287269121
POLYGON_POINT 153.974138205 24.287178142 153.974121570 24.287142762
POLYGON_POINT 153.973980171 24.286842028 153.973952446 24.286753577
POLYGON_POINT 153.973869270 24.286601946 153.973847090 24.286569093
POLYGON_POINT 153.973677965 24.286377027 153.973594790 24.286308793
POLYGON_POINT 153.973539339 24.286078821 153.973580927 24.285952462
POLYGON_POINT 153.973675192 24.285773032 153.973722325 24.285684581
POLYGON_POINT 153.973794409 24.285545587 153.973794409 24.285545587
POLYGON_POINT 153.973919171 24.285401538 153.973996801 24.285313087
POLYGON_POINT 153.974249096 24.285085641 153.974249096 24.285085641
POLYGON_POINT 153.974346133 24.284997190 153.974346133 24.284997190
POLYGON_POINT 153.974443170 24.284934010 153.974504165 24.284906211
POLYGON_POINT 153.974803593 24.284805124 153.974878450 24.284779852
POLYGON_POINT 153.975175106 24.284691401 153.975175106 24.284691401
POLYGON_POINT 153.975183424 24.284746999 153.975183424 24.284746999
POLYGON_POINT 153.974615064 24.284913793 153.974615064 24.284913793
POLYGON_POINT 153.974445943 24.285002244 153.974443171 24.285040152
POLYGON_POINT 153.974504165 24.285067950 153.974504165 24.285067950
POLYGON_POINT 153.975383045 24.285874119 153.975383045 24.285874119
POLYGON_POINT 153.976187071 24.286599419 153.976187071 24.286599419
POLYGON_POINT 153.976442145 24.286826865 153.976442145 24.286826865
POLYGON_POINT 153.976475416 24.286771267 153.976475416 24.286725778
POLYGON_POINT 153.976422738 24.286607000 153.976422738 24.286607000
POLYGON_POINT 153.976461553 24.286591837 153.976461553 24.286591837
POLYGON_POINT 153.976686127 24.286690397 153.976758213 24.286692924
POLYGON_POINT 153.976724943 24.286740941 153.976724943 24.286740941
POLYGON_POINT 153.976519776 24.286857191 153.976494823 24.286895099
POLYGON_POINT 153.976444015 24.287005373 153.976457878 24.287040753
POLYGON_POINT 153.976320412 24.286906814 153.976320412 24.286906814
POLYGON_POINT 153.976392240 24.286884990 153.976370060 24.286836974
POLYGON_POINT 153.976261931 24.286728305 153.976261931 24.286728305
POLYGON_POINT 153.975632569 24.286159690 153.975632569 24.286159690
POLYGON_POINT 153.974612287 24.285219581 153.974612287 24.285219581
END_WINDING
END_POLYGON
BEGIN_POLYGON 0 0 4
BEGIN_WINDING
POLYGON_POINT 153.976422738 24.286607000 153.976422738 24.286607000
POLYGON_POINT 153.976162098 24.286321400 153.976162098 24.286321400
POLYGON_POINT 153.976094710 24.286096177 153.976094710 24.285942616
POLYGON_POINT 153.976207025 24.285617944 153.976274412 24.285528732
POLYGON_POINT 153.976465344 24.285366396 153.976561835 24.285313706
POLYGON_POINT 153.976786236 24.285258172 153.976802281 24.285242085
POLYGON_POINT 153.976803572 24.285208120 153.976803572 24.285208120
POLYGON_POINT 153.977088572 24.285273947 153.977088572 24.285273947
POLYGON_POINT 153.977191081 24.285405389 153.977262391 24.285438904
POLYGON_POINT 153.977594088 24.285611295 153.977594088 24.285611295
POLYGON_POINT 153.977624586 24.285702274 153.977591316 24.285767981
POLYGON_POINT 153.977538638 24.286096513 153.977500185 24.286293113
POLYGON_POINT 153.977444373 24.286417464 153.977444373 24.286417464
POLYGON_POINT 153.977338861 24.286576466 153.977331070 24.286653775
POLYGON_POINT 153.977508293 24.286894118 153.977508293 24.286894118
POLYGON_POINT 153.977462087 24.286976602 153.977379296 24.286990642
POLYGON_POINT 153.977390848 24.287046801 153.977390848 24.287046801
POLYGON_POINT 153.977465937 24.287257399 153.977465937 24.287257399
POLYGON_POINT 153.977229117 24.287334619 153.977229117 24.287334619
POLYGON_POINT 153.977005774 24.286876568 153.977005774 24.286876568
POLYGON_POINT 153.976857521 24.286871303 153.976838267 24.286836203
POLYGON_POINT 153.976755476 24.286762494 153.976743924 24.286760739
POLYGON_POINT 153.976724652 24.286741172 153.976724652 24.286741172
POLYGON_POINT 153.976686738 24.286691802 153.976686738 24.286691802
POLYGON_POINT 153.976521927 24.286528036 153.976521927 24.286528036
POLYGON_POINT 153.976576555 24.286477108 153.976576555 24.286477108
POLYGON_POINT 153.976635860 24.286527476 153.976635860 24.286527476
POLYGON_POINT 153.976967986 24.286229128 153.976967986 24.286229128
POLYGON_POINT 153.977030559 24.286217429 153.977030559 24.286217429
POLYGON_POINT 153.977105969 24.286306640 153.977105969 24.286306640
POLYGON_POINT 153.977020932 24.286403164 153.977039750 24.286470849
POLYGON_POINT 153.977182983 24.286492376 153.977253580 24.286468976
POLYGON_POINT 153.977365893 24.286391464 153.977388534 24.286346574
POLYGON_POINT 153.977442907 24.286072642 153.977442907 24.286072642
POLYGON_POINT 153.977497459 24.285785995 153.977505972 24.285743827
POLYGON_POINT 153.977473035 24.285691827 153.977426505 24.285659652
POLYGON_POINT 153.977208654 24.285511048 153.977160520 24.285497886
POLYGON_POINT 153.977053021 24.285410136 153.977041790 24.285377961
POLYGON_POINT 153.976955149 24.285306300 153.976875773 24.285288425
POLYGON_POINT 153.976815561 24.285335550 153.976769032 24.285358950
POLYGON_POINT 153.976537989 24.285426224 153.976406557 24.285489883
POLYGON_POINT 153.976339035 24.285584172 153.976284483 24.285652909
POLYGON_POINT 153.976209074 24.285857657 153.976193029 24.285948331
POLYGON_POINT 153.976186609 24.286223279 153.976207556 24.286283160
POLYGON_POINT 153.976374332 24.286439726 153.976432093 24.286501150
POLYGON_POINT 153.976462577 24.286559650 153.976472204 24.286578662
POLYGON_POINT 153.976461553 24.286591837 153.976461553 24.286591837
END_WINDING
END_POLYGON
BEGIN_POLYGON 0 0 4
BEGIN_WINDING
POLYGON_POINT 153.983687066 24.293382358 153.983687066 24.293382358
POLYGON_POINT 153.983653793 24.293400048 153.983653793 24.293400048
POLYGON_POINT 153.983515021 24.293268762 153.983515021 24.293268762
POLYGON_POINT 153.982954954 24.292758392 153.982954954 24.292758392
POLYGON_POINT 153.982817136 24.292543295 153.982800145 24.292436607
POLYGON_POINT 153.982650998 24.292119984 153.982549050 24.292028783
POLYGON_POINT 153.982393868 24.291897296 153.982393868 24.291897296
POLYGON_POINT 153.982222438 24.291822290 153.982092172 24.291786154
POLYGON_POINT 153.981773114 24.291669141 153.981678718 24.291589985
POLYGON_POINT 153.980893349 24.290872421 153.980893349 24.290872421
POLYGON_POINT 153.980596948 24.290626350 153.980596948 24.290626350
POLYGON_POINT 153.980625266 24.290588493 153.980625266 24.290588493
POLYGON_POINT 153.981259602 24.291132258 153.981301136 24.291170115
POLYGON_POINT 153.981648511 24.291502225 153.981648511 24.291502225
POLYGON_POINT 153.981901493 24.291696673 153.981986449 24.291719043
POLYGON_POINT 153.982409342 24.291854984 153.982494298 24.291915211
POLYGON_POINT 153.982694417 24.292111380 153.982741615 24.292169886
POLYGON_POINT 153.982854894 24.292479626 153.982892653 24.292648262
POLYGON_POINT 153.983126756 24.292870243 153.983287230 24.293011347
POLYGON_POINT 153.983585525 24.293283229 153.983585525 24.293283229
END_WINDING
END_POLYGON
BEGIN_POLYGON 0 0 4
BEGIN_WINDING
POLYGON_POINT 153.980504566 24.290575535 153.980504566 24.290575535
POLYGON_POINT 153.980516224 24.290556740 153.980516224 24.290556740
POLYGON_POINT 153.979551133 24.289694425 153.979551133 24.289694425
POLYGON_POINT 153.978349542 24.288611574 153.978349542 24.288611574
POLYGON_POINT 153.977395345 24.287756693 153.977349131 24.287722002
POLYGON_POINT 153.977357286 24.287645186 153.977357286 24.287645186
POLYGON_POINT 153.977368160 24.287523768 153.977360005 24.287474210
POLYGON_POINT 153.977224080 24.287335447 153.977224080 24.287335447
POLYGON_POINT 153.977273013 24.287310667 153.977273013 24.287310667
POLYGON_POINT 153.977387190 24.287451909 153.977406219 24.287479166
POLYGON_POINT 153.977408938 24.287612973 153.977398064 24.287650142
POLYGON_POINT 153.977422530 24.287704656 153.977422530 24.287704656
POLYGON_POINT 153.978137497 24.288378650 153.978137497 24.288378650
POLYGON_POINT 153.979629967 24.289704336 153.979629967 24.289704336
POLYGON_POINT 153.980554269 24.290504704 153.980600484 24.290529483
POLYGON_POINT 153.981043608 24.290306470 153.981043608 24.290306470
POLYGON_POINT 153.982316795 24.289814191 153.982316795 24.289814191
POLYGON_POINT 153.982366182 24.289925284 153.982366182 24.289925284
POLYGON_POINT 153.981682469 24.290197442 153.981682469 24.290197442
POLYGON_POINT 153.981889080 24.290620340 153.981889080 24.290620340
POLYGON_POINT 153.981220312 24.290876392 153.981220312 24.290876392
POLYGON_POINT 153.981021501 24.290488905 153.981011013 24.290451861
POLYGON_POINT 153.980986103 24.290450666 153.980986103 24.290450666
POLYGON_POINT 153.980697674 24.290558214 153.980646543 24.290579724
POLYGON_POINT 153.980595273 24.290646516 153.980595273 24.290646516
END_WINDING
END_POLYGON
BEGIN_POLYGON 1 255 2
BEGIN_WINDING
POLYGON_POINT 153.977581426 24.287304543
POLYGON_POINT 153.977465525 24.287078159
POLYGON_POINT 153.977622820 24.286897053
POLYGON_POINT 153.977432411 24.286580116
POLYGON_POINT 153.977622820 24.286451833
POLYGON_POINT 153.979444122 24.288066699
POLYGON_POINT 153.980926000 24.289674020
POLYGON_POINT 153.981894602 24.289160884
POLYGON_POINT 153.982325091 24.289787211
POLYGON_POINT 153.980776984 24.290375807
POLYGON_POINT 153.977432411 24.287349819
END_WINDING
END_POLYGON
BEGIN_POLYGON 1 255 2
BEGIN_WINDING
POLYGON_POINT 153.979920203 24.292126160
POLYGON_POINT 153.980569878 24.292723560
POLYGON_POINT 153.980914839 24.292403899
POLYGON_POINT 153.981208055 24.292120920
POLYGON_POINT 153.981547267 24.292403899
POLYGON_POINT 153.981794488 24.292644955
POLYGON_POINT 153.981823235 24.292933174
POLYGON_POINT 153.981788739 24.293200432
POLYGON_POINT 153.982196942 24.293986485
POLYGON_POINT 153.982438415 24.294521000
POLYGON_POINT 153.982754628 24.295045035
POLYGON_POINT 153.983030597 24.295401379
POLYGON_POINT 153.982668389 24.295789165
POLYGON_POINT 153.981403527 24.294122734
POLYGON_POINT 153.980328394 24.292912213
POLYGON_POINT 153.979701712 24.292309572
END_WINDING
END_POLYGON
BEGIN_POLYGON 1 255 2
BEGIN_WINDING
POLYGON_POINT 153.983521149 24.296843291
POLYGON_POINT 153.982690667 24.295777025
POLYGON_POINT 153.983034040 24.295402194
POLYGON_POINT 153.983445288 24.295718799
POLYGON_POINT 153.983848550 24.295773386
POLYGON_POINT 153.984076134 24.295580512
POLYGON_POINT 153.984243828 24.295613264
POLYGON_POINT 153.984136025 24.296457543
POLYGON_POINT 153.983676864 24.296832374
END_WINDING
END_POLYGON
BEGIN_POLYGON 1 255 2
BEGIN_WINDING
POLYGON_POINT 153.978078532 24.286775391
POLYGON_POINT 153.980594868 24.285739528
POLYGON_POINT 153.981057549 24.286213066
POLYGON_POINT 153.981820567 24.287152742
POLYGON_POINT 153.982323834 24.288743532
POLYGON_POINT 153.981041314 24.289394646
POLYGON_POINT 153.980448758 24.289069089
POLYGON_POINT 153.979174355 24.287700269
POLYGON_POINT 153.978257110 24.286923372
END_WINDING
END_POLYGON
BEGIN_POLYGON 1 255 2
BEGIN_WINDING
POLYGON_POINT 153.981939424 24.291663193
POLYGON_POINT 153.981186380 24.291016456
POLYGON_POINT 153.980835685 24.290714150
POLYGON_POINT 153.981009673 24.290627423
POLYGON_POINT 153.981227159 24.290942118
POLYGON_POINT 153.981436489 24.290840524
POLYGON_POINT 153.981906801 24.290632379
POLYGON_POINT 153.981724657 24.290223522
POLYGON_POINT 153.982140598 24.290050068
POLYGON_POINT 153.982360802 24.290567953
POLYGON_POINT 153.982591880 24.290731495
POLYGON_POINT 153.982219437 24.291170087
POLYGON_POINT 153.982018262 24.291603723
END_WINDING
END_POLYGON
BEGIN_POLYGON 1 255 2
BEGIN_WINDING
POLYGON_POINT 153.984015006 24.293159753
POLYGON_POINT 153.983824847 24.293015687
POLYGON_POINT 153.983488529 24.292761312
POLYGON_POINT 153.983164573 24.292489768
POLYGON_POINT 153.982945378 24.292228381
POLYGON_POINT 153.982699073 24.292007554
POLYGON_POINT 153.982413293 24.291786326
POLYGON_POINT 153.982100110 24.291714962
POLYGON_POINT 153.982107939 24.291529415
POLYGON_POINT 153.982354575 24.291079822
POLYGON_POINT 153.982511164 24.290844320
POLYGON_POINT 153.982702986 24.290673047
POLYGON_POINT 153.983035739 24.291104799
POLYGON_POINT 153.983790078 24.290347364
POLYGON_POINT 153.984255068 24.291142103
POLYGON_POINT 153.984135781 24.291889804
POLYGON_POINT 153.984100548 24.292410761
POLYGON_POINT 153.984112311 24.293024492
POLYGON_POINT 153.984096652 24.293420562
END_WINDING
END_POLYGON
BEGIN_POLYGON 1 255 2
BEGIN_WINDING
POLYGON_POINT 153.983389399 24.295533203
POLYGON_POINT 153.983077970 24.295256629
POLYGON_POINT 153.982798483 24.294870881
POLYGON_POINT 153.982622806 24.294550637
POLYGON_POINT 153.982746579 24.294354124
POLYGON_POINT 153.983046029 24.294295898
POLYGON_POINT 153.983209729 24.294212198
POLYGON_POINT 153.982986139 24.294062994
POLYGON_POINT 153.982483062 24.294139415
POLYGON_POINT 153.982199595 24.293771863
POLYGON_POINT 153.981932089 24.293211437
POLYGON_POINT 153.981979409 24.292782403
POLYGON_POINT 153.982267470 24.293084067
POLYGON_POINT 153.983217716 24.293826450
POLYGON_POINT 153.983672875 24.294335929
POLYGON_POINT 153.984024230 24.294747151
POLYGON_POINT 153.984060165 24.294870881
POLYGON_POINT 153.983980311 24.295383999
POLYGON_POINT 153.983844560 24.295256629
POLYGON_POINT 153.983557087 24.295154733
END_WINDING
END_POLYGON
BEGIN_POLYGON 1 255 2
BEGIN_WINDING
POLYGON_POINT 153.976361336 24.287853946
POLYGON_POINT 153.976558188 24.287982832
POLYGON_POINT 153.976832671 24.288205224
POLYGON_POINT 153.977267963 24.288556501
POLYGON_POINT 153.977159833 24.288705604
POLYGON_POINT 153.976999025 24.288581773
POLYGON_POINT 153.976705134 24.288361908
POLYGON_POINT 153.976408470 24.288157207
POLYGON_POINT 153.976192210 24.287995468
POLYGON_POINT 153.976250434 24.287831202
END_WINDING
END_POLYGON
BEGIN_POLYGON 1 255 2
BEGIN_WINDING
POLYGON_POINT 153.974691106 24.287526604
POLYGON_POINT 153.974300180 24.287233452
POLYGON_POINT 153.974156008 24.287069185
POLYGON_POINT 153.974081150 24.286907446
POLYGON_POINT 153.974011837 24.286672419
POLYGON_POINT 153.974081150 24.286589022
POLYGON_POINT 153.974178189 24.286520788
POLYGON_POINT 153.974178189 24.286437391
POLYGON_POINT 153.974169871 24.286394429
POLYGON_POINT 153.974327905 24.286288288
POLYGON_POINT 153.974566342 24.286460136
POLYGON_POINT 153.974655063 24.286414647
POLYGON_POINT 153.975023808 24.286697690
POLYGON_POINT 153.975295516 24.286920082
POLYGON_POINT 153.975370374 24.286998424
POLYGON_POINT 153.974993311 24.287364865
POLYGON_POINT 153.974863002 24.287324430
POLYGON_POINT 153.974790916 24.287316848
POLYGON_POINT 153.974774281 24.287412881
POLYGON_POINT 153.974724376 24.287503859
END_WINDING
END_POLYGON
BEGIN_POLYGON 1 255 2
BEGIN_WINDING
POLYGON_POINT 153.976074413 24.286255155
POLYGON_POINT 153.975713989 24.285979693
POLYGON_POINT 153.975176125 24.285418660
POLYGON_POINT 153.974876695 24.285062328
POLYGON_POINT 153.974954325 24.284920806
POLYGON_POINT 153.975930244 24.284574583
POLYGON_POINT 153.976725949 24.284316811
POLYGON_POINT 153.977094688 24.284180344
POLYGON_POINT 153.977114095 24.284369882
POLYGON_POINT 153.976752998 24.284603721
POLYGON_POINT 153.976656293 24.285018624
POLYGON_POINT 153.976668210 24.285158662
POLYGON_POINT 153.976655968 24.285193741
POLYGON_POINT 153.976536904 24.285252759
POLYGON_POINT 153.976429292 24.285327682
POLYGON_POINT 153.976254625 24.285479312
POLYGON_POINT 153.976088276 24.285782573
POLYGON_POINT 153.976085503 24.286138905
END_WINDING
END_POLYGON
BEGIN_POLYGON 1 255 2
BEGIN_WINDING
POLYGON_POINT 153.977515947 24.286403483
POLYGON_POINT 153.977708413 24.285651187
POLYGON_POINT 153.977307169 24.285371678
POLYGON_POINT 153.977499636 24.285121904
POLYGON_POINT 153.977685578 24.284595594
POLYGON_POINT 153.977320218 24.284485574
POLYGON_POINT 153.977382199 24.284116860
POLYGON_POINT 153.977845423 24.284146595
POLYGON_POINT 153.977982433 24.284973229
POLYGON_POINT 153.978432609 24.285005937
POLYGON_POINT 153.978680532 24.284744269
POLYGON_POINT 153.978987173 24.285184347
POLYGON_POINT 153.979365582 24.285603611
POLYGON_POINT 153.978742513 24.285883120
POLYGON_POINT 153.978882785 24.286118027
POLYGON_POINT 153.978651173 24.286480794
POLYGON_POINT 153.978021579 24.286718674
POLYGON_POINT 153.977607287 24.286364828
POLYGON_POINT 153.977506160 24.286418351
END_WINDING
END_POLYGON
BEGIN_POLYGON 1 255 2
BEGIN_WINDING
POLYGON_POINT 153.974239045 24.284757229
POLYGON_POINT 153.974556122 24.284689433
POLYGON_POINT 153.975018037 24.284389704
POLYGON_POINT 153.975632618 24.284057861
POLYGON_POINT 153.976411609 24.284025747
POLYGON_POINT 153.977151455 24.283875883
POLYGON_POINT 153.977272805 24.283972224
POLYGON_POINT 153.975824429 24.284453932
POLYGON_POINT 153.974403456 24.284921366
END_WINDING
END_POLYGON
FILTER -1
FILTER 0
FILTER -1
FILTER 0
FILTER -1
FILTER 0
FILTER -1
FILTER 0
FILTER -1
FILTER 0
OBJECT 0 153.973781038 24.286330015 314.130005
OBJECT 0 153.973874993 24.286236408 48.480000
OBJECT 0 153.973755911 24.286138818 136.919998
OBJECT 0 153.977142886 24.284761653 76.639999
OBJECT 0 153.977091758 24.284920586 75.820000
OBJECT 0 153.977040630 24.285077128 77.470001
OBJECT 0 153.977097002 24.285252791 244.869995
OBJECT 0 153.977277918 24.285170337 257.230011
OBJECT 0 153.977350022 24.284988700 267.320007
OBJECT 0 153.977431303 24.284791527 264.929993
OBJECT 0 153.977197948 24.284642154 347.910004
OBJECT 0 153.976944928 24.284673224 88.919998
OBJECT 0 153.976874134 24.284879956 82.500000
OBJECT 0 153.976799408 24.285052034 85.500000
OBJECT 0 153.976743977 24.285968018 225.320007
OBJECT 0 153.976097393 24.285996698 82.800003
OBJECT 0 153.976169760 24.286336551 131.699997
OBJECT 0 153.976290896 24.286472779 139.699997
OBJECT 0 153.976756563 24.286431194 37.020000
OBJECT 0 153.977027153 24.286379570 256.929993
OBJECT 0 153.977151436 24.286492855 358.149994
OBJECT 0 153.977203352 24.287304488 112.910004
OBJECT 0 153.977127838 24.287143882 118.070000
OBJECT 0 153.977020861 24.286924483 118.250000
OBJECT 0 153.976849382 24.286868558 130.429993
OBJECT 0 153.976742404 24.286761009 136.009995
OBJECT 0 153.981244991 24.290830568 291.040009
OBJECT 0 153.982657154 24.289677182 23.059999
OBJECT 0 153.982328084 24.289803850 28.570000
OBJECT 0 153.982147161 24.289873159 22.309999
OBJECT 0 153.981925596 24.289962783 35.110001
OBJECT 0 153.981725007 24.290036872 29.850000
OBJECT 0 153.981551950 24.290104986 15.560000
OBJECT 0 153.981331696 24.290189830 25.840000
OBJECT 0 153.981127174 24.290269894 21.450001
OBJECT 0 153.980923962 24.290361907 28.299999
OBJECT 0 153.978262013 24.290210972 217.529999
OBJECT 0 153.978003447 24.290152053 106.089996
OBJECT 0 153.977798382 24.289455786 356.100006
OBJECT 0 153.977826272 24.289991509 233.130005
OBJECT 0 153.977779022 24.289891504 58.950001
OBJECT 0 153.977756260 24.289840791 181.740005
OBJECT 0 153.977581951 24.289965880 176.990005
OBJECT 0 153.977313872 24.289587309 81.870003
OBJECT 0 153.977496996 24.289439322 27.700001
OBJECT 0 153.977654940 24.289585509 118.040001
OBJECT 0 153.974970327 24.287671315 263.899994
OBJECT 0 153.975302633 24.287674634 46.119999
OBJECT 0 153.975068653 24.287481279 134.240005
OBJECT 0 153.976227467 24.288335001 225.789993
OBJECT 0 153.975803219 24.288001600 134.179993
OBJECT 0 153.976015653 24.288152356 132.660004
OBJECT 0 153.976141596 24.288218053 60.259998
OBJECT 0 153.976167391 24.288136451 90.000000
OBJECT 0 153.976115041 24.288065914 125.309998
OBJECT 0 153.976042207 24.287989153 137.490005
OBJECT 0 153.975967097 24.287907551 120.470001
OBJECT 1 153.975529086 24.287550537 136.059998
OBJECT 1 153.976078503 24.287536706 224.149994
OBJECT 0 153.975853837 24.287874007 225.869995
OBJECT 0 153.975773415 24.287941778 228.009995
OBJECT 2 153.958942228 24.284010090 18.910000
OBJECT 2 153.961268743 24.275870894 340.119995
OBJECT 2 153.970429394 24.276719279 253.940002
OBJECT 2 153.975751259 24.276454159 253.070007
OBJECT 2 153.982382103 24.276136014 304.899994
OBJECT 2 153.987762392 24.274836924 260.540009
OBJECT 2 153.991194144 24.276613231 217.570007
OBJECT 2 153.990961483 24.280643061 181.970001
OBJECT 2 153.991746714 24.285017548 135.000000
OBJECT 2 153.987123125 24.297398671 340.149994
OBJECT 2 153.991485920 24.293395353 357.709991
OBJECT 2 153.989130011 24.287244559 135.000000
OBJECT 2 153.989769887 24.289285986 256.329987
OBJECT 2 153.988141111 24.292679528 143.970001
OBJECT 2 153.989828058 24.295463292 263.019989
OBJECT 2 153.989130011 24.299493122 103.709999
OBJECT 2 153.984825387 24.302117814 33.689999
OBJECT 2 153.975867115 24.300500580 307.880005
OBJECT 2 153.980026313 24.299440098 10.410000
OBJECT 2 153.973598462 24.296285165 264.470001
OBJECT 2 153.977030527 24.295913997 293.429993
OBJECT 2 153.972493221 24.292255335 286.149994
OBJECT 2 153.974703703 24.291274389 75.959999
OBJECT 2 153.969497435 24.292361383 28.610001
OBJECT 2 153.970961860 24.289753548 52.880001
OBJECT 2 153.965982614 24.287605581 26.129999
OBJECT 2 153.968072495 24.287222016 41.570000
OBJECT 2 153.966585734 24.284230206 312.709991
OBJECT 2 153.966922359 24.282197309 316.470001
OBJECT 2 153.969769646 24.282133382 291.570007
OBJECT 2 153.974131746 24.281583605 302.739990
OBJECT 2 153.975885002 24.280535192 297.980011
OBJECT 3 153.973458496 24.280867616 81.870003
OBJECT 3 153.971564980 24.281877671 78.230003
OBJECT 3 153.972266282 24.281442964 79.160004
OBJECT 4 153.980883808 24.280591045 93.370003
OBJECT 4 153.982135981 24.280314878 102.809998
OBJECT 4 153.981247342 24.280296467 101.470001
OBJECT 4 153.978803584 24.280664690 103.830002
OBJECT 4 153.978864173 24.281603658 103.540001
OBJECT 4 153.979611438 24.280959268 93.650002
OBJECT 4 153.975718076 24.282204033 96.709999
OBJECT 4 153.975158005 24.282670171 96.459999
OBJECT 4 153.974857676 24.282263225 102.750000
OBJECT 4 153.971586534 24.283269492 99.620003
OBJECT 4 153.973380386 24.282988329 86.099998
OBJECT 4 153.971091398 24.282633176 95.309998
OBJECT 4 153.970653082 24.283210300 90.000000
OBJECT 4 153.974127148 24.282795955 101.139999
OBJECT 4 153.973429088 24.282536989 108.440002
OBJECT 4 153.972698560 24.282966132 102.930000
OBJECT 4 153.972235892 24.282773757 91.160004
OBJECT 5 153.976665296 24.282982257 107.739998
OBJECT 5 153.976358661 24.282684906 77.120003
OBJECT 5 153.976557648 24.282455947 52.119999
OBJECT 5 153.976678345 24.282152650 6.950000
OBJECT 5 153.976273847 24.282354848 50.040001
OBJECT 5 153.976094432 24.282673012 80.180000
OBJECT 5 153.976296681 24.282952522 99.660004
OBJECT 5 153.976890380 24.282458920 104.349998
OBJECT 5 153.976645724 24.282675986 113.959999
OBJECT 5 153.976857759 24.282768164 125.839996
OBJECT 6 153.977188626 24.282675705 269.010010
OBJECT 7 153.978134314 24.290171468 346.940002
OBJECT 8 153.977706194 24.289666794 117.330002
OBJECT 9 153.973821756 24.286180495 317.169983
OBJECT 10 153.975739995 24.287729014 244.380005
OBJECT 11 153.977778088 24.289861409 293.190002
OBJECT 12 153.975843790 24.288023351 314.929993
OBJECT 12 153.976054256 24.288176399 314.350006
OBJECT 13 153.976534478 24.288689014 315.920013
OBJECT 13 153.976138022 24.287896623 44.049999
OBJECT 14 153.976170397 24.287698364 133.419998
OBJECT 7 153.976176032 24.288367982 45.029999
BEGIN_POLYGON 2 10 3
BEGIN_WINDING
POLYGON_POINT 153.977308656 24.287285506 0.000000000
POLYGON_POINT 153.977056432 24.286697587 1.000000000
POLYGON_POINT 153.977164175 24.286659184 0.000000000
POLYGON_POINT 153.977416399 24.287247103 1.000000000
END_WINDING
END_POLYGON
OBJECT 12 153.977230516 24.285158960 254.199997
OBJECT 12 153.977255517 24.285080051 254.199997
OBJECT 12 153.977280518 24.285001141 254.199997
OBJECT 12 153.977305145 24.284921891 254.199997
OBJECT 12 153.977329400 24.284842642 254.199997
OBJECT 12 153.977353654 24.284763052 254.199997
OBJECT 12 153.977039438 24.285112419 254.199997
OBJECT 12 153.977065230 24.285034053 254.199997
OBJECT 12 153.977091559 24.284955198 254.199997
OBJECT 12 153.977116276 24.284875364 254.199997
OBJECT 12 153.977140828 24.284796074 254.199997
OBJECT 12 153.977167569 24.284716856 254.199997
OBJECT 15 153.976075858 24.287513061 229.759995
OBJECT 15 153.976078419 24.287517063 90.000000
OBJECT 15 153.976068174 24.287520731 153.429993
OBJECT 15 153.976059759 24.287527068 231.339996
OBJECT 15 153.976063052 24.287533404 306.869995
OBJECT 15 153.976068540 24.287528402 306.869995
OBJECT 16 153.976094518 24.287527735 80.540001
OBJECT 16 153.976086834 24.287526067 77.910004
OBJECT 16 153.976079517 24.287525734 144.460007
OBJECT 16 153.976078053 24.287530069 320.190002
OBJECT 16 153.976085737 24.287533071 285.950012
OBJECT 16 153.976091225 24.287534738 240.259995
OBJECT 17 153.976062091 24.287554288 28.610001
OBJECT 18 153.975988982 24.287663399 202.250000
OBJECT 16 153.975879854 24.287666861 309.670013
OBJECT 16 153.975890735 24.287656139 322.029999
OBJECT 16 153.975904115 24.287644345 321.890015
OBJECT 16 153.975916025 24.287634159 308.230011
OBJECT 16 153.975924554 24.287626251 315.000000
OBJECT 16 153.975935503 24.287616382 310.600006
OBJECT 15 153.976089030 24.287520398 18.430000
OBJECT 15 153.976091225 24.287512060 90.000000
OBJECT 15 153.976048417 24.287519397 180.000000
OBJECT 15 153.976059027 24.287519064 291.799988
OBJECT 15 153.976063418 24.287513394 279.459991
OBJECT 16 153.976100375 24.287473187 315.000000
OBJECT 16 153.976113588 24.287461144 323.839996
OBJECT 16 153.976128579 24.287448406 313.359985
OBJECT 16 153.976143570 24.287434974 316.850006
OBJECT 16 153.976156528 24.287423394 313.529999
OBJECT 16 153.976169994 24.287411814 313.600006
OBJECT 16 153.976183207 24.287401161 315.000000
OBJECT 16 153.975821332 24.287716584 317.600006
OBJECT 16 153.975830448 24.287708275 321.339996
OBJECT 16 153.975840741 24.287698893 308.420013
OBJECT 16 153.975851475 24.287689511 313.260010
OBJECT 16 153.975866473 24.287677449 315.000000
OBJECT 19 153.975952633 24.287721444 323.329987
OBJECT 19 153.975968488 24.287737563 308.989990
OBJECT 19 153.975988612 24.287751458 319.399994
OBJECT 20 153.976034365 24.287528396 215.750000
OBJECT 20 153.976039659 24.287546152 113.959999
OBJECT 20 153.976032036 24.287539204 239.259995
OBJECT 20 153.976046434 24.287534958 353.290009
OBJECT 16 153.976069631 24.287500515 307.880005
OBJECT 16 153.976087163 24.287486619 312.709991
OBJECT 21 153.975600299 24.287604018 28.299999
OBJECT 21 153.975585664 24.287626029 34.779999
OBJECT 22 153.975555296 24.287594013 230.630005
OBJECT 23 153.976034600 24.287786108 305.359985
OBJECT 23 153.976021062 24.287767432 319.670013
OBJECT 23 153.976046308 24.287719075 227.160004
OBJECT 23 153.976033136 24.287732081 219.039993
OBJECT 23 153.976018867 24.287744754 217.500000
OBJECT 24 153.976189332 24.287438904 125.680000
OBJECT 24 153.976157088 24.287461956 127.930000
OBJECT 24 153.976129269 24.287490770 138.520004
OBJECT 24 153.976098289 24.287517855 133.729996
OBJECT 25 153.975650662 24.287656164 229.509995
OBJECT 26 153.976207667 24.287467142 137.119995
OBJECT 26 153.976183642 24.287490770 141.839996
OBJECT 26 153.976158985 24.287512669 143.130005
OBJECT 26 153.976128637 24.287536873 143.130005
OBJECT 27 153.976072368 24.287682096 314.220001
OBJECT 17 153.976046285 24.287598310 224.169998
BEGIN_POLYGON 3 15 3
BEGIN_WINDING
POLYGON_POINT 153.976627135 24.286540955 0.000000000
POLYGON_POINT 153.976556293 24.286475502 1.000000000
POLYGON_POINT 153.976705147 24.286341649 1.000000000
POLYGON_POINT 153.976637149 24.286278823 1.000000000
POLYGON_POINT 153.976441435 24.286454814 1.000000000
POLYGON_POINT 153.976325903 24.286348068 1.000000000
POLYGON_POINT 153.976746641 24.285969730 1.000000000
POLYGON_POINT 153.976857465 24.286072125 1.000000000
POLYGON_POINT 153.976722973 24.286193064 1.000000000
POLYGON_POINT 153.976801843 24.286265936 1.000000000
POLYGON_POINT 153.976911075 24.286167711 1.000000000
POLYGON_POINT 153.976975753 24.286227470 1.000000000
END_WINDING
END_POLYGON
BEGIN_POLYGON 3 20 3
BEGIN_WINDING
POLYGON_POINT 153.981242861 24.290819850 0.000000000
POLYGON_POINT 153.981051678 24.290419487 1.000000000
POLYGON_POINT 153.981203157 24.290359393 1.000000000
POLYGON_POINT 153.981319900 24.290603868 1.000000000
POLYGON_POINT 153.981551906 24.290511827 1.000000000
POLYGON_POINT 153.981445749 24.290289520 1.000000000
POLYGON_POINT 153.981646258 24.290209974 1.000000000
POLYGON_POINT 153.981826855 24.290588169 1.000000000
END_WINDING
END_POLYGON
OBJECT 28 153.975704710 24.287936713 181.250000
BEGIN_POLYGON 4 10 3
BEGIN_WINDING
POLYGON_POINT 153.974925678 24.287623794 2.000000000
POLYGON_POINT 153.975073598 24.287481913 2.000000000
POLYGON_POINT 153.975202254 24.287592681 1.000000000
POLYGON_POINT 153.975270862 24.287650112 0.000000000
POLYGON_POINT 153.975300130 24.287675068 2.000000000
POLYGON_POINT 153.975154662 24.287814010 2.000000000
POLYGON_POINT 153.975034344 24.287714964 1.000000000
POLYGON_POINT 153.974969178 24.287659929 0.000000000
END_WINDING
END_POLYGON
FILTER -1
OBJECT_DEF lib/street/streetlights/ResidentialLight_04.obj
OBJECT_DEF lib/street/streetlights/AreaFlood_HighMast.obj
OBJECT_DEF lib/ships/sail/over_10mt/Sail_1500_any.obj
OBJECT_DEF lib/ships/sail/over_10mt/Sail_1000_any.obj
OBJECT_DEF lib/ships/sail/0_to_5mt/Sail_490_any.obj
OBJECT_DEF lib/ships/sail/school/Sail_490_any.obj
OBJECT_DEF lib/ships/sail/school/Sail_490_07.obj
OBJECT_DEF lib/airport/Common_Elements/Hangars/Sm_Brown_Hangar.agp
OBJECT_DEF lib/airport/Common_Elements/Misc_Buildings/Fire_Station_Sm.agp
OBJECT_DEF lib/airport/Common_Elements/Fueling_Stations/Covered_Station.agp
OBJECT_DEF lib/airport/Common_Elements/vehicles/Fuel_Truck_Small.obj
OBJECT_DEF lib/airport/Common_Elements/Fueling_Stations/Small_Fuel_Station.obj
OBJECT_DEF lib/airport/Common_Elements/Fueling_Stations/2_horiz_tanks.agp
OBJECT_DEF lib/g10/US/industrial/light/WoodShed8x10.obj
OBJECT_DEF lib/g10/US/industrial/light/TinShed10x30Dk.obj
OBJECT_DEF lib/airport/Ramp_Equipment/Traffic_Stalk_1.obj
OBJECT_DEF lib/airport/Ramp_Equipment/Traffic_Cone_1.obj
OBJECT_DEF lib/airport/Ramp_Equipment/Stair_Maint_1.obj
OBJECT_DEF lib/airport/Ramp_Equipment/Air_Start_1.obj
OBJECT_DEF lib/airport/Ramp_Equipment/Cargo_Palette_1.obj
OBJECT_DEF lib/airport/Ramp_Equipment/Chocks_1.obj
OBJECT_DEF lib/airport/Ramp_Equipment/Luggage_Cart_1.obj
OBJECT_DEF lib/airport/Ramp_Equipment/Lugg_Train_Straight1.obj
OBJECT_DEF lib/airport/Ramp_Equipment/Cargo_Palette_2.obj
OBJECT_DEF lib/airport/Ramp_Equipment/Cargo_Dolly_wPod.obj
OBJECT_DEF lib/airport/Ramp_Equipment/Cargo_Container_6.obj
OBJECT_DEF lib/airport/Ramp_Equipment/Cargo_Container_1.obj
OBJECT_DEF lib/airport/Ramp_Equipment/Belt_Loader.obj
OBJECT_DEF lib/airport/European_Airports/towers/8m.obj
POLYGON_DEF lib/airport/pavement/asphalt_1D.pol
POLYGON_DEF lib/g8/rainforestm_vhot_rain.for
POLYGON_DEF lib/buildings/facades/commercial/low_commercial_02.fac
POLYGON_DEF lib/airport/Classic_Airports/Facades/classic1.fac
POLYGON_DEF lib/airport/Common_Elements/Misc_Buildings/White_Office.fac
PROPERTY sim/filter/aptid RJAM
PROPERTY sim/exclude_obj 153.976884/24.284567/153.977526/24.284751
PROPERTY sim/exclude_for 153.976884/24.284567/153.977526/24.284751
PROPERTY sim/exclude_obj 153.976750/24.284638/153.977392/24.285243
PROPERTY sim/exclude_for 153.976750/24.284638/153.977392/24.285243
PROPERTY sim/exclude_obj 153.982855/24.293027/153.985140/24.295888
PROPERTY sim/exclude_for 153.982855/24.293027/153.985140/24.295888
PROPERTY sim/exclude_net 153.982855/24.293027/153.985140/24.295888
PROPERTY sim/exclude_obj 153.981514/24.292112/153.983799/24.294974
PROPERTY sim/exclude_for 153.981514/24.292112/153.983799/24.294974
PROPERTY sim/exclude_net 153.981514/24.292112/153.983799/24.294974
PROPERTY sim/exclude_obj 153.980928/24.291415/153.983213/24.294276
PROPERTY sim/exclude_for 153.980928/24.291415/153.983213/24.294276
PROPERTY sim/exclude_net 153.980928/24.291415/153.983213/24.294276
PROPERTY sim/exclude_obj 153.979865/24.290817/153.982150/24.293679
PROPERTY sim/exclude_for 153.979865/24.290817/153.982150/24.293679
PROPERTY sim/exclude_net 153.979865/24.290817/153.982150/24.293679
PROPERTY sim/exclude_obj 153.979169/24.290075/153.981454/24.292936
PROPERTY sim/exclude_for 153.979169/24.290075/153.981454/24.292936
PROPERTY sim/exclude_net 153.979169/24.290075/153.981454/24.292936
PROPERTY sim/exclude_obj 153.978335/24.289251/153.980620/24.292112
PROPERTY sim/exclude_for 153.978335/24.289251/153.980620/24.292112
PROPERTY sim/exclude_net 153.978335/24.289251/153.980620/24.292112
PROPERTY sim/exclude_obj 153.977421/24.288526/153.979706/24.291388
PROPERTY sim/exclude_for 153.977421/24.288526/153.979706/24.291388
PROPERTY sim/exclude_net 153.977421/24.288526/153.979706/24.291388
PROPERTY sim/exclude_obj 153.976686/24.287720/153.978971/24.290582
PROPERTY sim/exclude_for 153.976686/24.287720/153.978971/24.290582
PROPERTY sim/exclude_net 153.976686/24.287720/153.978971/24.290582
PROPERTY sim/exclude_obj 153.975593/24.286996/153.977878/24.289857
PROPERTY sim/exclude_for 153.975593/24.286996/153.977878/24.289857
PROPERTY sim/exclude_net 153.975593/24.286996/153.977878/24.289857
PROPERTY sim/exclude_obj 153.974669/24.286371/153.976954/24.289233
PROPERTY sim/exclude_for 153.974669/24.286371/153.976954/24.289233
PROPERTY sim/exclude_net 153.974669/24.286371/153.976954/24.289233
PROPERTY sim/exclude_obj 153.973805/24.285592/153.976090/24.288454
PROPERTY sim/exclude_for 153.973805/24.285592/153.976090/24.288454
PROPERTY sim/exclude_net 153.973805/24.285592/153.976090/24.288454
PROPERTY sim/exclude_obj 153.973238/24.284986/153.975523/24.287847
PROPERTY sim/exclude_for 153.973238/24.284986/153.975523/24.287847
PROPERTY sim/exclude_net 153.973238/24.284986/153.975523/24.287847
PROPERTY sim/exclude_obj 153.972523/24.284569/153.974808/24.287431
PROPERTY sim/exclude_for 153.972523/24.284569/153.974808/24.287431
PROPERTY sim/exclude_net 153.972523/24.284569/153.974808/24.287431
PROPERTY sim/require_agpoint 1/0
PROPERTY sim/require_object 1/0
PROPERTY sim/require_facade 1/2
PROPERTY sim/require_facade 6/0
