PROPERTY sim/west -180
PROPERTY sim/east 180
PROPERTY sim/north 90
PROPERTY sim/south -90
PROPERTY sim/planet earth
PROPERTY sim/creation_agent WorldEditor1.6.1r1
PROPERTY laminar/internal_revision 0
PROPERTY sim/overlay 1
FILTER 0
FILTER -1
FILTER 0
FILTER -1
FILTER 0
OBJECT 0 128.826957000 32.668616500 270.000000
OBJECT 1 128.838089392 32.667192135 287.529999
OBJECT 1 128.840808459 32.675036480 131.080002
OBJECT 1 128.840367485 32.674661226 130.910004
OBJECT 1 128.840093671 32.673921605 85.220001
OBJECT 1 128.840218523 32.673408792 266.010010
OBJECT 1 128.840087042 32.672901769 300.910004
OBJECT 1 128.839687271 32.672342467 301.410004
OBJECT 1 128.839129284 32.671884998 329.700012
OBJECT 1 128.838653624 32.671780808 155.679993
OBJECT 1 128.838078185 32.671466936 135.970001
OBJECT 1 128.837848307 32.671049385 105.580002
OBJECT 1 128.837684069 32.670393351 298.339996
OBJECT 1 128.837195000 32.669815869 118.970001
OBJECT 1 128.837288302 32.669381104 47.700001
OBJECT 1 128.837935790 32.668920898 225.380005
OBJECT 1 128.838453554 32.668401691 227.190002
OBJECT 1 128.838414579 32.667998184 289.440002
OBJECT 1 128.837987961 32.668525176 295.419983
OBJECT 1 128.837682585 32.667996265 295.339996
OBJECT 1 128.837372201 32.667741887 116.290001
OBJECT 2 128.839398126 32.675097053 0.000000
OBJECT 3 128.839932790 32.674479723 145.000000
OBJECT 3 128.839898352 32.674459428 145.000000
OBJECT 3 128.839907377 32.674510290 145.000000
OBJECT 3 128.839872954 32.674489919 145.000000
OBJECT 3 128.839881981 32.674540778 145.000000
OBJECT 3 128.839847428 32.674520450 145.000000
OBJECT 3 128.839856633 32.674571341 145.000000
OBJECT 3 128.839821967 32.674551079 145.000000
OBJECT 3 128.839796613 32.674581562 145.000000
OBJECT 3 128.839831235 32.674601961 145.000000
OBJECT 3 128.839805828 32.674632376 145.000000
OBJECT 3 128.839771186 32.674611934 145.000000
OBJECT 3 128.839485604 32.674965405 160.000000
OBJECT 3 128.839525169 32.674977549 160.000000
OBJECT 3 128.839622117 32.674649716 160.000000
OBJECT 3 128.839606919 32.674684820 160.000000
OBJECT 3 128.839591750 32.674719932 160.000000
OBJECT 3 128.839576586 32.674755042 160.000000
OBJECT 3 128.839561432 32.674790182 160.000000
OBJECT 3 128.839546252 32.674825324 160.000000
OBJECT 3 128.839531092 32.674860452 160.000000
OBJECT 3 128.839515871 32.674895554 160.000000
OBJECT 3 128.839500637 32.674930655 160.000000
OBJECT 3 128.839661691 32.674661812 160.000000
OBJECT 3 128.839646510 32.674696937 160.000000
OBJECT 3 128.839631347 32.674732000 160.000000
OBJECT 3 128.839616128 32.674767064 160.000000
OBJECT 3 128.839601078 32.674802038 160.000000
OBJECT 3 128.839585841 32.674837111 160.000000
OBJECT 3 128.839570663 32.674872210 160.000000
OBJECT 3 128.839555486 32.674907330 160.000000
OBJECT 3 128.839540321 32.674942458 160.000000
OBJECT 3 128.839728991 32.674701632 160.000000
OBJECT 3 128.839713828 32.674736742 160.000000
OBJECT 3 128.839698706 32.674771857 160.000000
OBJECT 3 128.839683548 32.674806970 160.000000
OBJECT 3 128.839668355 32.674842099 160.000000
OBJECT 3 128.839653448 32.674876508 160.000000
OBJECT 3 128.839638471 32.674911309 160.000000
OBJECT 3 128.839623296 32.674946463 160.000000
OBJECT 3 128.839608095 32.674981546 160.000000
OBJECT 3 128.839592934 32.675016296 160.000000
OBJECT 3 128.839768671 32.674713741 160.000000
OBJECT 3 128.839753456 32.674748537 160.000000
OBJECT 3 128.839738507 32.674783229 160.000000
OBJECT 3 128.839723458 32.674818235 160.000000
OBJECT 3 128.839708353 32.674853264 160.000000
OBJECT 3 128.839693177 32.674888378 160.000000
OBJECT 3 128.839678040 32.674923368 160.000000
OBJECT 3 128.839662843 32.674958530 160.000000
OBJECT 3 128.839647721 32.674993570 160.000000
OBJECT 3 128.839632607 32.675028422 160.000000
OBJECT 4 128.840221119 32.674620883 145.000000
OBJECT 3 128.838900405 32.669430237 135.000000
OBJECT 3 128.838931802 32.669403781 135.000000
OBJECT 3 128.838963226 32.669377349 135.000000
OBJECT 3 128.838868998 32.669456643 135.000000
OBJECT 3 128.838961676 32.669428877 135.000000
OBJECT 3 128.838930302 32.669455338 135.000000
OBJECT 3 128.838993069 32.669402511 135.000000
OBJECT 3 128.838898879 32.669481748 135.000000
OBJECT 3 128.839022930 32.669427590 135.000000
OBJECT 3 128.838991496 32.669454027 135.000000
OBJECT 3 128.838960115 32.669480483 135.000000
OBJECT 3 128.838928717 32.669506896 135.000000
OBJECT 3 128.838751734 32.669596534 140.000000
OBJECT 3 128.838780256 32.669567889 140.000000
OBJECT 3 128.838808777 32.669539300 140.000000
OBJECT 3 128.838837314 32.669510673 140.000000
OBJECT 3 128.838869771 32.669533457 140.000000
OBJECT 3 128.838841167 32.669562074 140.000000
OBJECT 3 128.838812577 32.669590700 140.000000
OBJECT 3 128.838784064 32.669619367 140.000000
OBJECT 3 128.838902115 32.669556280 140.000000
OBJECT 3 128.838873545 32.669584912 140.000000
OBJECT 3 128.838845017 32.669613535 140.000000
OBJECT 3 128.838816452 32.669642178 140.000000
OBJECT 3 128.838732167 32.669650357 328.109985
OBJECT 3 128.838708749 32.669682086 328.109985
OBJECT 3 128.838685306 32.669713826 328.109985
OBJECT 3 128.838661881 32.669745532 328.109985
OBJECT 3 128.838768072 32.669669113 328.109985
OBJECT 3 128.838744675 32.669700871 328.109985
OBJECT 3 128.838721260 32.669732558 328.109985
OBJECT 3 128.838697840 32.669764267 328.109985
OBJECT 3 128.838803889 32.669687814 328.109985
OBJECT 3 128.838780409 32.669719534 328.109985
OBJECT 3 128.838756958 32.669751238 328.109985
OBJECT 3 128.838733571 32.669782990 328.109985
OBJECT 5 128.839293016 32.669456642 316.809998
OBJECT 6 128.838290388 32.668189000 116.570000
OBJECT 6 128.838213207 32.668164523 295.359985
OBJECT 6 128.838303992 32.668212966 291.630005
OBJECT 6 128.838045801 32.668197442 293.730011
OBJECT 6 128.838185055 32.668337094 115.459999
OBJECT 6 128.838111269 32.668202321 113.820000
OBJECT 6 128.838084573 32.668157050 115.849998
OBJECT 6 128.838107378 32.668310183 294.899994
OBJECT 6 128.838086120 32.668267186 294.419983
OBJECT 6 128.838073002 32.668244420 294.570007
OBJECT 6 128.838099023 32.667945039 291.929993
OBJECT 6 128.838128328 32.667880956 113.440002
OBJECT 6 128.838193791 32.668017465 112.779999
OBJECT 6 128.838039851 32.667831850 293.410004
OBJECT 6 128.838129988 32.668013908 292.640015
OBJECT 6 128.838038618 32.668072529 113.029999
OBJECT 6 128.838023634 32.668050719 117.339996
OBJECT 6 128.837991704 32.667984029 112.470001
OBJECT 6 128.837946163 32.667893102 113.019997
OBJECT 6 128.837924751 32.667978134 294.779999
OBJECT 6 128.837970254 32.668069798 291.040009
OBJECT 6 128.837950811 32.668025649 291.869995
OBJECT 6 128.837937167 32.668002977 293.200012
OBJECT 6 128.837915277 32.667956945 294.500000
OBJECT 6 128.837904184 32.667934630 292.910004
OBJECT 6 128.837880713 32.667889043 113.309998
OBJECT 6 128.837868313 32.667865112 292.380005
OBJECT 6 128.837945097 32.667525072 291.660004
OBJECT 6 128.837872675 32.667499252 293.299988
OBJECT 6 128.837979478 32.667595361 113.050003
OBJECT 6 128.837720578 32.667581284 293.820007
OBJECT 6 128.837843045 32.667299898 25.250000
OBJECT 6 128.837786217 32.667322451 204.320007
OBJECT 6 128.837813819 32.667311516 21.410000
OBJECT 6 128.837699351 32.667353888 23.639999
OBJECT 6 128.837756991 32.667334069 24.430000
OBJECT 6 128.837620604 32.667385325 26.730000
OBJECT 6 128.837591378 32.667396943 29.360001
OBJECT 6 128.837677432 32.667363456 23.980000
OBJECT 6 128.838023990 32.668404896 114.529999
OBJECT 6 128.837912462 32.668196583 113.500000
OBJECT 6 128.838012166 32.668380095 111.870003
OBJECT 6 128.838060158 32.668474554 113.449997
OBJECT 6 128.838037409 32.668428618 113.599998
OBJECT 6 128.837999803 32.668356123 115.029999
OBJECT 6 128.837983708 32.668334771 296.230011
OBJECT 6 128.837974989 32.668311316 115.199997
OBJECT 6 128.837951289 32.668262870 296.570007
OBJECT 6 128.837934574 32.668242613 114.029999
OBJECT 6 128.837925783 32.668218358 115.800003
OBJECT 6 128.837073300 32.667868313 115.599998
OBJECT 6 128.837141065 32.667984663 116.459999
OBJECT 6 128.837100809 32.667913497 116.779999
OBJECT 6 128.837216210 32.667836119 116.150002
OBJECT 6 128.837202120 32.667814091 298.190002
OBJECT 6 128.837269885 32.667923664 296.220001
OBJECT 6 128.837296722 32.667967718 295.299988
OBJECT 6 128.837553537 32.667505051 114.220001
OBJECT 6 128.837580878 32.667552507 114.430000
OBJECT 6 128.837785967 32.667951119 112.050003
OBJECT 6 128.837807069 32.667995458 113.129997
OBJECT 6 128.837798174 32.667974063 112.300003
OBJECT 6 128.837762433 32.667903107 112.500000
OBJECT 6 128.837750329 32.667879971 292.250000
OBJECT 6 128.837714139 32.667812062 113.330002
OBJECT 6 128.837724693 32.667832564 113.599998
OBJECT 6 128.837700967 32.667790029 112.970001
OBJECT 6 128.837688990 32.667766437 112.610001
OBJECT 6 128.837654711 32.667694433 111.750000
OBJECT 6 128.837666782 32.667717952 113.849998
OBJECT 6 128.837642794 32.667669609 113.599998
OBJECT 6 128.837321547 32.667903895 119.910004
OBJECT 6 128.837308128 32.667881303 116.449997
OBJECT 6 128.837281291 32.667837248 116.570000
OBJECT 6 128.837268543 32.667814656 115.000000
OBJECT 6 128.837256466 32.667791499 115.419998
OBJECT 6 128.837101966 32.667375777 295.140015
OBJECT 6 128.837116993 32.667397852 295.040009
OBJECT 6 128.837048953 32.667283896 294.350006
OBJECT 6 128.837013738 32.667497969 113.400002
OBJECT 6 128.837075971 32.667327701 292.920013
OBJECT 6 128.837062788 32.667304922 294.799988
OBJECT 6 128.837089572 32.667351066 294.920013
OBJECT 6 128.836988046 32.667452839 113.570000
OBJECT 6 128.836962948 32.667406490 113.860001
OBJECT 6 128.837000443 32.667474767 113.250000
OBJECT 6 128.836951601 32.667384899 112.099998
OBJECT 6 128.837439383 32.667106719 24.889999
OBJECT 6 128.837549424 32.667061408 26.490000
OBJECT 6 128.837357551 32.667141341 26.850000
OBJECT 6 128.837329846 32.667151864 206.160004
OBJECT 6 128.837276945 32.667176738 29.129999
OBJECT 7 128.837492393 32.667056825 206.919998
OBJECT 8 128.837359926 32.667111965 206.279999
OBJECT 8 128.837078171 32.667935256 296.140015
OBJECT 9 128.837275206 32.667877142 26.809999
OBJECT 10 128.836976556 32.667495496 295.140015
OBJECT 11 128.837044425 32.667569168 24.629999
OBJECT 7 128.836940836 32.667429342 293.899994
OBJECT 10 128.837175104 32.667446259 114.400002
OBJECT 8 128.837241154 32.667560888 115.870003
OBJECT 8 128.837123963 32.667355719 115.750000
OBJECT 12 128.838140725 32.668312504 25.120001
OBJECT 9 128.838090717 32.668219119 25.120001
OBJECT 9 128.838246042 32.668161773 25.120001
OBJECT 13 128.837970252 32.668004781 22.879999
OBJECT 9 128.837924151 32.667908993 22.879999
OBJECT 13 128.837775049 32.667628112 22.879999
OBJECT 13 128.837937308 32.667570355 22.879999
OBJECT 9 128.837891191 32.667474508 22.879999
OBJECT 9 128.837726963 32.667533001 23.879999
OBJECT 10 128.837889459 32.668216464 294.510010
OBJECT 7 128.837926817 32.668286730 294.869995
OBJECT 10 128.837705037 32.667323626 204.389999
OBJECT 7 128.837785694 32.667293697 204.520004
OBJECT 7 128.837621196 32.667355342 204.190002
OBJECT 8 128.837556954 32.667573209 293.880005
OBJECT 8 128.837641915 32.667737271 292.769989
OBJECT 8 128.837725246 32.667899391 293.429993
OBJECT 8 128.837809004 32.668062495 293.109985
OBJECT 8 128.837987426 32.668400747 294.820007
OBJECT 9 128.838083799 32.667852548 22.879999
OBJECT 13 128.838129928 32.667948349 22.879999
OBJECT 6 128.838312993 32.668232030 114.230003
OBJECT 6 128.838278097 32.668168732 114.019997
OBJECT 6 128.838266546 32.668144376 114.720001
OBJECT 6 128.838251628 32.668122359 112.589996
OBJECT 6 128.838240535 32.668099884 114.620003
OBJECT 6 128.838228898 32.668077143 114.269997
OBJECT 6 128.838262499 32.668251770 293.200012
OBJECT 6 128.838252295 32.668230466 295.480011
OBJECT 6 128.838239355 32.668208040 294.549988
OBJECT 6 128.838226944 32.668186180 295.209991
OBJECT 6 128.838201465 32.668142146 295.809998
OBJECT 6 128.838186474 32.668119828 296.649994
OBJECT 6 128.838177747 32.668098414 295.540009
OBJECT 6 128.838172851 32.668313920 114.500000
OBJECT 6 128.838159638 32.668290939 114.980003
OBJECT 6 128.838146539 32.668267596 113.419998
OBJECT 6 128.838135175 32.668248305 114.690002
OBJECT 6 128.838122578 32.668225119 115.489998
OBJECT 6 128.838096740 32.668179892 112.900002
OBJECT 6 128.838073738 32.668136437 114.220001
OBJECT 6 128.838133108 32.668355820 294.470001
OBJECT 6 128.838121771 32.668335070 295.859985
OBJECT 6 128.838097166 32.668287600 294.919983
OBJECT 6 128.838058486 32.668222454 113.730003
OBJECT 6 128.838033924 32.668175888 295.350006
OBJECT 6 128.838022674 32.668154982 296.570007
OBJECT 6 128.838047500 32.668451328 114.849998
OBJECT 6 128.837963163 32.668285872 113.199997
OBJECT 6 128.837881978 32.668136137 113.279999
OBJECT 6 128.838183710 32.667995258 113.199997
OBJECT 6 128.838172471 32.667973260 111.349998
OBJECT 6 128.838161842 32.667950347 111.250000
OBJECT 6 128.838149537 32.667927017 111.800003
OBJECT 6 128.838137510 32.667904067 111.000000
OBJECT 6 128.838115213 32.667858884 114.580002
OBJECT 6 128.838102076 32.667837467 289.649994
OBJECT 6 128.838091062 32.667813593 111.669998
OBJECT 6 128.838081070 32.667790807 111.250000
OBJECT 6 128.838069787 32.667768827 111.199997
OBJECT 6 128.838142263 32.668033754 291.279999
OBJECT 6 128.838120439 32.667991480 293.910004
OBJECT 6 128.838107842 32.667969564 294.959991
OBJECT 6 128.838086480 32.667921481 291.929993
OBJECT 6 128.838074325 32.667899220 291.670013
OBJECT 6 128.838062997 32.667877177 290.480011
OBJECT 6 128.838052026 32.667854282 292.170013
OBJECT 6 128.838028662 32.667807794 292.750000
OBJECT 6 128.838018067 32.667787002 293.000000
OBJECT 6 128.838012841 32.668030598 108.430000
OBJECT 6 128.838000458 32.668007838 291.040009
OBJECT 6 128.837977105 32.667961468 109.690002
OBJECT 6 128.837968190 32.667938156 113.529999
OBJECT 6 128.837954085 32.667916847 113.059998
OBJECT 6 128.837932089 32.667870133 111.580002
OBJECT 6 128.837920794 32.667845616 112.489998
OBJECT 6 128.837909004 32.667825548 112.559998
OBJECT 6 128.837983110 32.668091688 294.040009
OBJECT 6 128.837962125 32.668047321 293.260010
OBJECT 6 128.837893335 32.667910812 292.929993
OBJECT 6 128.837859085 32.667842916 293.959991
OBJECT 6 128.837730974 32.667342426 25.990000
OBJECT 6 128.837649314 32.667372616 24.170000
OBJECT 6 128.838000636 32.667638262 114.470001
OBJECT 6 128.837991177 32.667617543 111.660004
OBJECT 6 128.837967974 32.667573171 112.059998
OBJECT 6 128.837957180 32.667549660 111.860001
OBJECT 6 128.837934000 32.667503235 110.660004
OBJECT 6 128.837922904 32.667482230 111.000000
OBJECT 6 128.837909942 32.667458129 113.150002
OBJECT 6 128.837898066 32.667434912 111.849998
OBJECT 6 128.837887315 32.667412956 110.360001
OBJECT 6 128.837876290 32.667390265 112.870003
OBJECT 6 128.837949934 32.667656850 292.010010
OBJECT 6 128.837938564 32.667635867 292.799988
OBJECT 6 128.837925257 32.667614667 292.500000
OBJECT 6 128.837916395 32.667589977 291.230011
OBJECT 6 128.837904724 32.667567712 293.600006
OBJECT 6 128.837894000 32.667543082 293.329987
OBJECT 6 128.837880719 32.667521247 292.989990
OBJECT 6 128.837859768 32.667475824 294.250000
OBJECT 6 128.837843930 32.667453328 296.019989
OBJECT 6 128.837837799 32.667429458 294.209991
OBJECT 6 128.837824514 32.667408089 293.630005
OBJECT 6 128.837838545 32.667696108 111.949997
OBJECT 6 128.837829085 32.667674643 114.550003
OBJECT 6 128.837816973 32.667652609 110.750000
OBJECT 6 128.837806538 32.667629717 111.580002
OBJECT 6 128.837793301 32.667606802 113.629997
OBJECT 6 128.837782884 32.667582742 112.559998
OBJECT 6 128.837769480 32.667561706 112.870003
OBJECT 6 128.837758914 32.667539006 112.930000
OBJECT 6 128.837746731 32.667516358 112.190002
OBJECT 6 128.837732519 32.667494138 113.660004
OBJECT 6 128.837722594 32.667469716 115.510002
OBJECT 6 128.837710148 32.667449803 114.589996
OBJECT 6 128.837788417 32.667714557 291.350006
OBJECT 6 128.837778712 32.667692138 293.049988
OBJECT 6 128.837766643 32.667670332 292.459991
OBJECT 6 128.837754083 32.667648010 293.200012
OBJECT 6 128.837742427 32.667624918 296.130005
OBJECT 6 128.837731869 32.667602018 291.989990
OBJECT 6 128.837706959 32.667555561 293.570007
OBJECT 6 128.837696692 32.667533948 115.110001
OBJECT 6 128.837682998 32.667511618 295.429993
OBJECT 6 128.837672423 32.667488460 293.959991
OBJECT 6 128.837660082 32.667468466 293.519989
OBJECT 6 128.837819965 32.668019050 113.629997
OBJECT 6 128.837774685 32.667927000 112.309998
OBJECT 6 128.837733557 32.667855948 113.730003
OBJECT 6 128.837676234 32.667742565 113.269997
OBJECT 6 128.837626581 32.667648098 114.040001
OBJECT 6 128.837616331 32.667624903 113.480003
OBJECT 6 128.837607073 32.667599283 112.449997
OBJECT 6 128.837589629 32.667577699 116.080002
OBJECT 6 128.837565492 32.667530222 115.489998
OBJECT 6 128.837229061 32.667857396 297.510010
OBJECT 6 128.837333331 32.667923809 115.660004
OBJECT 6 128.837346020 32.667946101 116.849998
OBJECT 6 128.837283127 32.667945637 295.200012
OBJECT 6 128.837258300 32.667901981 297.200012
OBJECT 6 128.837296367 32.667858325 116.339996
OBJECT 6 128.837243405 32.667880153 297.339996
OBJECT 6 128.837154031 32.668006476 114.660004
OBJECT 6 128.837128101 32.667962820 115.489998
OBJECT 6 128.837115412 32.667937277 113.370003
OBJECT 6 128.837085621 32.667889906 114.809998
OBJECT 6 128.836975457 32.667430153 114.410004
OBJECT 6 128.837247447 32.667624848 295.350006
OBJECT 6 128.837234249 32.667604100 297.239990
OBJECT 6 128.837222212 32.667581723 295.399994
OBJECT 6 128.837207166 32.667556391 295.109985
OBJECT 6 128.837192622 32.667532326 293.959991
OBJECT 6 128.837179582 32.667509949 297.109985
OBJECT 6 128.837166040 32.667487994 295.230011
OBJECT 6 128.837154505 32.667466040 295.350006
OBJECT 6 128.837141465 32.667444085 294.779999
OBJECT 6 128.837127923 32.667421286 294.299988
OBJECT 6 128.837521818 32.667076946 25.660000
OBJECT 6 128.837493859 32.667085120 27.709999
OBJECT 6 128.837465693 32.667095848 26.830000
OBJECT 6 128.837412373 32.667119909 20.180000
OBJECT 6 128.837386112 32.667133916 28.070000
OBJECT 6 128.837301549 32.667164972 26.100000
OBJECT 6 128.840738958 32.675309122 227.100006
OBJECT 6 128.840823215 32.675235835 48.270000
OBJECT 6 128.840575016 32.675458726 230.639999
OBJECT 6 128.840593792 32.675438449 228.050003
OBJECT 10 128.840834513 32.675260893 47.119999
OBJECT 8 128.840728746 32.675357712 47.110001
OBJECT 8 128.840437383 32.675618946 46.700001
OBJECT 8 128.840583932 32.675487625 46.959999
BEGIN_POLYGON 0 10 3
BEGIN_WINDING
POLYGON_POINT 128.826615000 32.668190000 2.000000000
POLYGON_POINT 128.826801000 32.668181000 2.000000000
POLYGON_POINT 128.826807000 32.668258000 2.000000000
POLYGON_POINT 128.826622000 32.668267000 2.000000000
END_WINDING
END_POLYGON
BEGIN_POLYGON 0 10 3
BEGIN_WINDING
POLYGON_POINT 128.830230709 32.657411401 2.000000000
POLYGON_POINT 128.830450000 32.657435000 2.000000000
POLYGON_POINT 128.830439000 32.657517000 2.000000000
POLYGON_POINT 128.830219000 32.657496000 2.000000000
END_WINDING
END_POLYGON
BEGIN_POLYGON 0 10 3
BEGIN_WINDING
POLYGON_POINT 128.830713000 32.656853000 2.000000000
POLYGON_POINT 128.830962000 32.656975000 1.000000000
POLYGON_POINT 128.830662000 32.657415000 2.000000000
POLYGON_POINT 128.830407000 32.657293000 2.000000000
END_WINDING
END_POLYGON
FILTER -1
FILTER 0
OBJECT 14 128.836937862 32.668072934 115.029999
OBJECT 14 128.836978011 32.668057313 115.129997
OBJECT 15 128.836978570 32.668017518 292.359985
OBJECT 16 128.837013599 32.668124302 31.980000
OBJECT 17 128.837023142 32.668162021 295.459991
OBJECT 18 128.837263548 32.668686885 116.290001
OBJECT 18 128.837249824 32.668643532 116.269997
OBJECT 14 128.836987941 32.668094086 116.980003
OBJECT 19 128.836956900 32.668110102 130.600006
BEGIN_POLYGON 1 10 3
BEGIN_WINDING
POLYGON_POINT 128.836856806 32.667714256 0.000000000
POLYGON_POINT 128.836919152 32.667822194 2.000000000
POLYGON_POINT 128.836943360 32.667864079 0.000000000
POLYGON_POINT 128.837115235 32.668161543 0.000000000
POLYGON_POINT 128.837190000 32.668134000 0.000000000
END_WINDING
END_POLYGON
BEGIN_POLYGON 1 10 5
BEGIN_WINDING
POLYGON_POINT 128.837426000 32.668533000 0.000000000 128.837426000 32.668533000
POLYGON_POINT 128.837461534 32.668588913 0.000000000 128.837461534 32.668588913
POLYGON_POINT 128.837705000 32.668972000 0.000000000 128.837705000 32.668972000
POLYGON_POINT 128.837161000 32.669444000 0.000000000 128.837094356 32.669501824
POLYGON_POINT 128.837079000 32.669657000 0.000000000 128.837079000 32.669657000
POLYGON_POINT 128.837000000 32.669700000 0.000000000 128.837000000 32.669700000
POLYGON_POINT 128.837112342 32.669841907 0.000000000 128.837112342 32.669841907
POLYGON_POINT 128.837371700 32.670218342 0.000000000 128.837371700 32.670218342
POLYGON_POINT 128.837605410 32.670671008 0.000000000 128.837605410 32.670671008
POLYGON_POINT 128.837748000 32.671174000 2.000000000 128.837748000 32.671174000
POLYGON_POINT 128.837790000 32.671252000 0.000000000 128.837790000 32.671252000
POLYGON_POINT 128.837650000 32.671486000 0.000000000 128.837650000 32.671486000
POLYGON_POINT 128.837021000 32.671735000 0.000000000 128.837021000 32.671735000
POLYGON_POINT 128.836941000 32.671769000 0.000000000 128.836941000 32.671769000
POLYGON_POINT 128.839316454 32.676107899 0.000000000 128.839316454 32.676107899
POLYGON_POINT 128.839351000 32.676171000 0.000000000 128.839385546 32.676234101
POLYGON_POINT 128.839257000 32.676315000 0.000000000 128.839187724 32.676345036
POLYGON_POINT 128.838000000 32.676860000 0.000000000 128.837940526 32.676885786
POLYGON_POINT 128.837823000 32.676831000 0.000000000 128.837798258 32.676790313
POLYGON_POINT 128.837798258 32.676790313 0.000000000 128.837798258 32.676790313
POLYGON_POINT 128.837373000 32.676091000 0.000000000 128.837373000 32.676091000
POLYGON_POINT 128.836262000 32.674013000 0.000000000 128.836262000 32.674013000
POLYGON_POINT 128.835517000 32.672699000 0.000000000 128.835517000 32.672699000
POLYGON_POINT 128.835453929 32.672724468 0.000000000 128.835453929 32.672724468
POLYGON_POINT 128.835273000 32.672775000 0.000000000 128.835273000 32.672775000
POLYGON_POINT 128.835152302 32.672807863 0.000000000 128.835152302 32.672807863
POLYGON_POINT 128.835071000 32.672830000 0.000000000 128.834989698 32.672852137
POLYGON_POINT 128.834846000 32.672749000 0.000000000 128.834787764 32.672656284
POLYGON_POINT 128.834787764 32.672656284 0.000000000 128.834787764 32.672656284
POLYGON_POINT 128.832476143 32.668976057 0.000000000 128.832476143 32.668976057
POLYGON_POINT 128.832228000 32.668581000 0.000000000 128.831979857 32.668185943
POLYGON_POINT 128.831606000 32.667899000 0.000000000 128.831493490 32.667706222
POLYGON_POINT 128.831756000 32.667366000 0.000000000 128.831915996 32.667278319
POLYGON_POINT 128.831915996 32.667278319 0.000000000 128.831915996 32.667278319
POLYGON_POINT 128.832110000 32.667172000 0.000000000 128.832110000 32.667172000
POLYGON_POINT 128.832319000 32.667082000 0.000000000 128.832319000 32.667082000
POLYGON_POINT 128.832217000 32.666910000 0.000000000 128.832217000 32.666910000
POLYGON_POINT 128.832160028 32.666809617 0.000000000 128.832160028 32.666809617
POLYGON_POINT 128.830967099 32.664707721 0.000000000 128.830967099 32.664707721
POLYGON_POINT 128.830947535 32.664673249 0.000000000 128.830947535 32.664673249
POLYGON_POINT 128.830587000 32.664038000 0.000000000 128.830587000 32.664038000
POLYGON_POINT 128.828442000 32.660820000 0.000000000 128.828442000 32.660820000
POLYGON_POINT 128.828060000 32.660190000 0.000000000 128.828060000 32.660190000
POLYGON_POINT 128.827229000 32.658754000 0.000000000 128.827229000 32.658754000
POLYGON_POINT 128.826778000 32.658004000 0.000000000 128.826778000 32.658004000
POLYGON_POINT 128.826649523 32.657758469 0.000000000 128.826649523 32.657758469
POLYGON_POINT 128.826562000 32.657591000 0.000000000 128.826474477 32.657423531
POLYGON_POINT 128.826681000 32.657295000 0.000000000 128.826801175 32.657255848
POLYGON_POINT 128.826801175 32.657255848 0.000000000 128.826801175 32.657255848
POLYGON_POINT 128.828155960 32.656819846 0.000000000 128.828155960 32.656819846
POLYGON_POINT 128.828313000 32.656769000 0.000000000 128.828470040 32.656718154
POLYGON_POINT 128.828655000 32.656898000 0.000000000 128.828727326 32.657040789
POLYGON_POINT 128.828727326 32.657040789 0.000000000 128.828727326 32.657040789
POLYGON_POINT 128.829121000 32.657818000 0.000000000 128.829121000 32.657818000
POLYGON_POINT 128.834571000 32.667670000 0.000000000 128.834571000 32.667670000
POLYGON_POINT 128.834736610 32.667969083 0.000000000 128.834736610 32.667969083
POLYGON_POINT 128.835110154 32.667824524 0.000000000 128.835110154 32.667824524
POLYGON_POINT 128.836589001 32.667251792 0.000000000 128.836589001 32.667251792
POLYGON_POINT 128.836712721 32.667464874 0.000000000 128.836712721 32.667464874
END_WINDING
END_POLYGON
FILTER -1
FILTER 0
OBJECT 20 128.836877973 32.667552668 115.699997
OBJECT 21 128.837456000 32.668829000 295.700012
OBJECT 21 128.837250387 32.668467161 295.700012
OBJECT 21 128.837041628 32.668099786 295.700012
OBJECT 21 128.836844000 32.667752000 295.700012
OBJECT 21 128.837386700 32.670705595 295.700012
OBJECT 21 128.837129000 32.670302000 295.700012
OBJECT 21 128.836884000 32.669878000 295.700012
OBJECT 22 128.837230664 32.670440410 296.760010
OBJECT 23 128.837505601 32.671354989 24.490000
BEGIN_POLYGON 2 5 3
BEGIN_WINDING
POLYGON_POINT 128.838544187 32.669800239 2.000000000
POLYGON_POINT 128.838574499 32.669746398 2.000000000
POLYGON_POINT 128.838617000 32.669766000 2.000000000
POLYGON_POINT 128.838585000 32.669816000 2.000000000
END_WINDING
END_POLYGON
BEGIN_POLYGON 3 10 3
BEGIN_WINDING
POLYGON_POINT 128.836910000 32.667386000 2.000000000
POLYGON_POINT 128.837044000 32.667638000 2.000000000
POLYGON_POINT 128.836856806 32.667714256 2.000000000
POLYGON_POINT 128.836712721 32.667464874 2.000000000
END_WINDING
END_POLYGON
BEGIN_POLYGON 4 10 3
BEGIN_WINDING
POLYGON_POINT 128.837397000 32.668049000 0.000000000
POLYGON_POINT 128.837425000 32.668099000 0.000000000
POLYGON_POINT 128.837474671 32.668079292 1.000000000
POLYGON_POINT 128.837652817 32.668393668 0.000000000
POLYGON_POINT 128.837605875 32.668413533 0.000000000
POLYGON_POINT 128.837626502 32.668449226 0.000000000
POLYGON_POINT 128.837426000 32.668533000 1.000000000
POLYGON_POINT 128.837190000 32.668134000 0.000000000
END_WINDING
END_POLYGON
BEGIN_POLYGON 5 10 3
BEGIN_WINDING
POLYGON_POINT 128.837084000 32.669855000 1.000000000
POLYGON_POINT 128.837328000 32.670241000 1.000000000
POLYGON_POINT 128.837164369 32.670309853 0.000000000
POLYGON_POINT 128.836929459 32.669921653 1.000000000
END_WINDING
END_POLYGON
FILTER -1
FILTER 0
OBJECT 24 128.837190000 32.668382000 115.739998
OBJECT 25 128.837190000 32.668382000 25.610001
OBJECT 26 128.837869399 32.668114691 109.980003
OBJECT 26 128.837856004 32.668090635 112.669998
OBJECT 26 128.837842789 32.668066874 290.500000
OBJECT 26 128.837833678 32.668042523 112.970001
OBJECT 27 128.840164094 32.674709968 330.000000
OBJECT 28 128.840036202 32.674623040 330.000000
OBJECT 29 128.838237583 32.670883885 232.279999
BEGIN_POLYGON 6 10 2
BEGIN_WINDING
POLYGON_POINT 128.838617000 32.669766000
POLYGON_POINT 128.838732375 32.669818439
POLYGON_POINT 128.838657000 32.669932000
POLYGON_POINT 128.838504263 32.669870281
POLYGON_POINT 128.838544187 32.669800239
END_WINDING
END_POLYGON
BEGIN_POLYGON 6 10 2
BEGIN_WINDING
POLYGON_POINT 128.835222000 32.672596000
POLYGON_POINT 128.835340000 32.672519000
POLYGON_POINT 128.835452000 32.672713000
POLYGON_POINT 128.835388000 32.672740000
POLYGON_POINT 128.835286000 32.672749000
POLYGON_POINT 128.835120000 32.672799000
POLYGON_POINT 128.834991000 32.672803000
POLYGON_POINT 128.834894000 32.672763000
POLYGON_POINT 128.834841000 32.672686000
POLYGON_POINT 128.835323000 32.672492000
END_WINDING
END_POLYGON
BEGIN_POLYGON 6 10 2
BEGIN_WINDING
POLYGON_POINT 128.831901000 32.667448000
POLYGON_POINT 128.832137000 32.667235000
POLYGON_POINT 128.832287000 32.667497000
POLYGON_POINT 128.831638000 32.667800000
POLYGON_POINT 128.831617000 32.667764000
POLYGON_POINT 128.831627000 32.667606000
POLYGON_POINT 128.831692000 32.667493000
POLYGON_POINT 128.832116000 32.667208000
END_WINDING
END_POLYGON
FILTER -1
OBJECT_DEF lib/g10/streetlights/AreaFloodSml.obj
OBJECT_DEF lib/g10/streetlights/PrimaryLt1.obj
OBJECT_DEF lib/g10/US/suburban/dU-RnchGryNG.obj
OBJECT_DEF lib/g10/US/suburban/dGreenhse.obj
OBJECT_DEF lib/g10/US/suburban/dGrgSmlWht.obj
OBJECT_DEF lib/g10/US/suburban/dL-RnchLHGry.obj
OBJECT_DEF lib/cars/car_static.obj
OBJECT_DEF lib/airport/Common_Elements/Parking/4space_wStop.obj
OBJECT_DEF lib/airport/Common_Elements/Parking/6space_wStop.obj
OBJECT_DEF lib/airport/Common_Elements/Parking/10_Spaces_dual.obj
OBJECT_DEF lib/airport/Common_Elements/Parking/2space_wStop.obj
OBJECT_DEF lib/airport/Common_Elements/Parking/NoParkStripes.obj
OBJECT_DEF lib/airport/Common_Elements/Parking/2_Space_Dual.obj
OBJECT_DEF lib/airport/Common_Elements/Parking/4_Spaces_Dual.obj
OBJECT_DEF lib/airport/Ramp_Equipment/Luggage_Cart.obj
OBJECT_DEF lib/airport/Ramp_Equipment/Cargo_Loader_1.obj
OBJECT_DEF lib/airport/Ramp_Equipment/GPU_1.obj
OBJECT_DEF lib/airport/Ramp_Equipment/Belt_Loader.obj
OBJECT_DEF lib/airport/Common_Elements/vehicles/Large_Fuel_Truck.obj
OBJECT_DEF lib/airport/Ramp_Equipment/Luggage_Truck.obj
OBJECT_DEF lib/airport/Classic_Airports/Control_Towers/Classic_Tower_3.agp
OBJECT_DEF lib/airport/Common_Elements/Lighting/Dir_Ramp_Lit_Med.obj
OBJECT_DEF lib/airport/Common_Elements/Misc_Buildings/Fire_Station_Lg.agp
OBJECT_DEF lib/airport/Common_Elements/Hangars/Sm_Gray_Hangar.agp
OBJECT_DEF lib/airport/Ramp_Equipment/JetWayEx_12m.obj
OBJECT_DEF lib/airport/Ramp_Equipment/Jetway_250cm.obj
OBJECT_DEF lib/cars/car_static.obj
OBJECT_DEF lib/g10/US/suburban/GdnShed.obj
OBJECT_DEF lib/g10/US/suburban/dU-RnchGryNG.obj
OBJECT_DEF lib/g10/US/suburban/dGrgSmlWht.obj
POLYGON_DEF lib/airport/Common_Elements/Misc_Buildings/White_Office.fac
POLYGON_DEF lib/airport/Common_Elements/Fence_Facades/Fence.fac
POLYGON_DEF lib/airport/Common_Elements/Misc_Buildings/White_Office.fac
POLYGON_DEF lib/airport/Classic_Airports/Facades/classic2.fac
POLYGON_DEF lib/airport/Modern_Airports/Facades/modern1.fac
POLYGON_DEF lib/airport/Classic_Airports/Facades/classic1.fac
POLYGON_DEF lib/airport/Common_Elements/Fence_Facades/Fence.fac
PROPERTY sim/filter/aptid RJFE
PROPERTY sim/exclude_obj 128.826416/32.668133/128.826996/32.668919
PROPERTY sim/exclude_fac 128.826416/32.668133/128.826996/32.668919
PROPERTY sim/exclude_for 128.826416/32.668133/128.826996/32.668919
PROPERTY sim/exclude_net 128.826416/32.668133/128.826996/32.668919
PROPERTY sim/exclude_obj 128.834213/32.671745/128.840958/32.677719
PROPERTY sim/exclude_fac 128.834213/32.671745/128.840958/32.677719
PROPERTY sim/exclude_for 128.834213/32.671745/128.840958/32.677719
PROPERTY sim/exclude_net 128.834213/32.671745/128.840958/32.677719
PROPERTY sim/exclude_obj 128.832657/32.666080/128.839981/32.674782
PROPERTY sim/exclude_fac 128.832657/32.666080/128.839981/32.674782
PROPERTY sim/exclude_for 128.832657/32.666080/128.839981/32.674782
PROPERTY sim/exclude_net 128.832657/32.666080/128.839981/32.674782
PROPERTY sim/exclude_obj 128.829041/32.661797/128.836365/32.670448
PROPERTY sim/exclude_fac 128.829041/32.661797/128.836365/32.670448
PROPERTY sim/exclude_for 128.829041/32.661797/128.836365/32.670448
PROPERTY sim/exclude_net 128.829041/32.661797/128.836365/32.670448
PROPERTY sim/exclude_obj 128.826233/32.656586/128.833237/32.665173
PROPERTY sim/exclude_fac 128.826233/32.656586/128.833237/32.665173
PROPERTY sim/exclude_for 128.826233/32.656586/128.833237/32.665173
PROPERTY sim/exclude_net 128.826233/32.656586/128.833237/32.665173
PROPERTY sim/require_agpoint 1/24
PROPERTY sim/require_object 1/24
PROPERTY sim/require_facade 1/6
PROPERTY sim/require_agpoint 2/20
PROPERTY sim/require_object 2/20
PROPERTY sim/require_facade 2/2
PROPERTY sim/require_agpoint 3/14
PROPERTY sim/require_object 3/14
PROPERTY sim/require_facade 3/1
PROPERTY sim/require_agpoint 4/0
PROPERTY sim/require_object 4/0
PROPERTY sim/require_facade 4/0
