PROPERTY sim/west -180
PROPERTY sim/east 180
PROPERTY sim/north 90
PROPERTY sim/south -90
PROPERTY sim/planet earth
PROPERTY sim/creation_agent WorldEditor2.2.0r2
PROPERTY laminar/internal_revision 0
PROPERTY sim/overlay 1
FILTER 0
BEGIN_POLYGON 0 255 2
BEGIN_WINDING
POLYGON_POINT 140.686744168 40.738765079
POLYGON_POINT 140.686538980 40.738647193
POLYGON_POINT 140.686658869 40.738526449
POLYGON_POINT 140.686746726 40.738522595
POLYGON_POINT 140.686859554 40.738596523
POLYGON_POINT 140.687144916 40.738346883
POLYGON_POINT 140.687208839 40.738383814
END_WINDING
END_POLYGON
BEGIN_POLYGON 0 255 2
BEGIN_WINDING
POLYGON_POINT 140.693075507 40.742190034
POLYGON_POINT 140.690222049 40.740655503
POLYGON_POINT 140.691726140 40.739536760
POLYGON_POINT 140.694828037 40.740704909
POLYGON_POINT 140.695076740 40.741586919
POLYGON_POINT 140.694817549 40.741749331
POLYGON_POINT 140.694269486 40.741895730
END_WINDING
END_POLYGON
BEGIN_POLYGON 1 1 4
BEGIN_WINDING
POLYGON_POINT 140.677725585 40.728082340 140.677725585 40.728082340
POLYGON_POINT 140.677725585 40.728082340 140.677787982 40.728083155
POLYGON_POINT 140.677824560 40.728006112 140.677824022 40.727970240
POLYGON_POINT 140.677723433 40.727930292 140.677668028 40.727930292
POLYGON_POINT 140.677623920 40.728005704 140.677623920 40.728039538
POLYGON_POINT 140.677725585 40.728082340 140.677787982 40.728083155
END_WINDING
END_POLYGON
BEGIN_POLYGON 1 1 4
BEGIN_WINDING
POLYGON_POINT 140.697681620 40.739951319 140.697681620 40.739951319
POLYGON_POINT 140.697681620 40.739951319 140.697744017 40.739952134
POLYGON_POINT 140.697780595 40.739875091 140.697780057 40.739839219
POLYGON_POINT 140.697679468 40.739799270 140.697624063 40.739799270
POLYGON_POINT 140.697579955 40.739874683 140.697579955 40.739908517
POLYGON_POINT 140.697681620 40.739951319 140.697744017 40.739952134
END_WINDING
END_POLYGON
BEGIN_POLYGON 2 5 2
BEGIN_WINDING
POLYGON_POINT 140.689511549 40.738797737
POLYGON_POINT 140.688879410 40.738435799
END_WINDING
END_POLYGON
BEGIN_POLYGON 3 54 4
BEGIN_WINDING
POLYGON_POINT 140.688318239 40.736204563 140.688318239 40.736204563
POLYGON_POINT 140.688457415 40.736087709 140.688457415 40.736087709
POLYGON_POINT 140.688463723 40.736029857 140.688455293 40.736001468
POLYGON_POINT 140.688426944 40.735981941 140.688426944 40.735981941
POLYGON_POINT 140.686838592 40.735043955 140.686838592 40.735043955
POLYGON_POINT 140.680498170 40.731267300 140.680498170 40.731267300
POLYGON_POINT 140.676789543 40.729053488 140.676789543 40.729053488
POLYGON_POINT 140.676647005 40.728833644 140.676653748 40.728709981
POLYGON_POINT 140.676564739 40.728646837 140.676564739 40.728646837
POLYGON_POINT 140.676054319 40.728243135 140.676054319 40.728243135
POLYGON_POINT 140.673413450 40.726206513 140.673413450 40.726206513
POLYGON_POINT 140.673152397 40.725998517 140.673152397 40.725998517
POLYGON_POINT 140.672795830 40.725711605 140.672795830 40.725711605
POLYGON_POINT 140.672706644 40.725463529 140.672698553 40.725333733
POLYGON_POINT 140.672630943 40.725213466 140.672630943 40.725213466
POLYGON_POINT 140.672039870 40.724476817 140.672039870 40.724476817
POLYGON_POINT 140.671918800 40.724327119 140.671893178 40.724293393
POLYGON_POINT 140.671719558 40.724185223 140.671621115 40.724120836
POLYGON_POINT 140.671692307 40.723973515 140.671754340 40.723920370
POLYGON_POINT 140.671692307 40.723973515 140.671692307 40.723973515
POLYGON_POINT 140.671692307 40.723973515 140.671723323 40.723946943
POLYGON_POINT 140.671846789 40.723834881 140.671926491 40.723761936
POLYGON_POINT 140.671846789 40.723834881 140.671846789 40.723834881
POLYGON_POINT 140.671846789 40.723834881 140.671917387 40.723760389
POLYGON_POINT 140.671843271 40.723702950 140.671843271 40.723702950
POLYGON_POINT 140.671886063 40.723664338 140.671886063 40.723664338
POLYGON_POINT 140.672042132 40.723655161 140.672089061 40.723609784
POLYGON_POINT 140.672815850 40.723019827 140.672869445 40.722973910
POLYGON_POINT 140.673080375 40.723015554 140.673133970 40.723043811
POLYGON_POINT 140.673080375 40.723015554 140.673080375 40.723015554
POLYGON_POINT 140.673080375 40.723015554 140.673104870 40.723028468
POLYGON_POINT 140.673339234 40.723152617 140.673402066 40.723175454
POLYGON_POINT 140.673339234 40.723152617 140.673339234 40.723152617
POLYGON_POINT 140.673339234 40.723152617 140.673398151 40.723172463
POLYGON_POINT 140.673507549 40.723187179 140.673507549 40.723187179
POLYGON_POINT 140.674639068 40.723426922 140.674718685 40.723441639
POLYGON_POINT 140.675193484 40.723445830 140.675247856 40.723479679
POLYGON_POINT 140.675874306 40.723847526 140.675874306 40.723847526
POLYGON_POINT 140.678752024 40.725563471 140.678752024 40.725563471
POLYGON_POINT 140.680608334 40.726658707 140.680608334 40.726658707
POLYGON_POINT 140.683395150 40.728325761 140.683395150 40.728325761
POLYGON_POINT 140.689788196 40.732150081 140.689788196 40.732150081
POLYGON_POINT 140.695286449 40.735428555 140.695286449 40.735428555
POLYGON_POINT 140.695715076 40.735683293 140.695715076 40.735683293
POLYGON_POINT 140.695975025 40.735782997 140.696036949 40.735800795
POLYGON_POINT 140.698980663 40.736803763 140.699012693 40.736813201
POLYGON_POINT 140.699084772 40.736892045 140.699100787 40.736924405
POLYGON_POINT 140.699046240 40.737040317 140.698992856 40.737088857
POLYGON_POINT 140.698716396 40.737361689 140.698673689 40.737407532
POLYGON_POINT 140.698746638 40.737495885 140.698780448 40.737516110
POLYGON_POINT 140.700308231 40.738429690 140.700358650 40.738457780
POLYGON_POINT 140.700477902 40.738501974 140.700547599 40.738525570
POLYGON_POINT 140.700477902 40.738501974 140.700477902 40.738501974
POLYGON_POINT 140.700477902 40.738501974 140.700500042 40.738509469
POLYGON_POINT 140.701297186 40.738790535 140.701297186 40.738790535
POLYGON_POINT 140.703602023 40.739573841 140.703722170 40.739613506
POLYGON_POINT 140.703715370 40.739790807 140.703662162 40.739849328
POLYGON_POINT 140.703405828 40.740114405 140.703348883 40.740171035
POLYGON_POINT 140.703431220 40.740302614 140.703502402 40.740343064
POLYGON_POINT 140.704489658 40.740929127 140.704615651 40.741001937
POLYGON_POINT 140.704553684 40.741295115 140.704476807 40.741379251
POLYGON_POINT 140.704553684 40.741295115 140.704553684 40.741295115
POLYGON_POINT 140.704553684 40.741295115 140.704535664 40.741314837
POLYGON_POINT 140.704173881 40.741689640 140.704173881 40.741689640
POLYGON_POINT 140.703069765 40.742742847 140.703069765 40.742742847
POLYGON_POINT 140.702052374 40.743771266 140.702052374 40.743771266
POLYGON_POINT 140.701821579 40.743873357 140.701672090 40.743890885
POLYGON_POINT 140.701588661 40.743833629 140.701588661 40.743833629
POLYGON_POINT 140.698838217 40.742184148 140.698838217 40.742184148
POLYGON_POINT 140.698514785 40.741986874 140.698514785 40.741986874
POLYGON_POINT 140.698613244 40.741983763 140.698613244 40.741983763
POLYGON_POINT 140.698881961 40.742142176 140.698881961 40.742142176
POLYGON_POINT 140.701612957 40.743761015 140.701701217 40.743812538
POLYGON_POINT 140.701612957 40.743761015 140.701612957 40.743761015
POLYGON_POINT 140.701612957 40.743761015 140.701721515 40.743824387
POLYGON_POINT 140.701967034 40.743740073 140.702016864 40.743695578
POLYGON_POINT 140.702577702 40.743117422 140.702593768 40.743097759
POLYGON_POINT 140.702541834 40.743039947 140.702508935 40.743020440
POLYGON_POINT 140.701744164 40.742555008 140.701744164 40.742555008
POLYGON_POINT 140.701778195 40.742523560 140.701778195 40.742523560
POLYGON_POINT 140.701880750 40.742587664 140.701880750 40.742587664
POLYGON_POINT 140.701964197 40.742595329 140.701964197 40.742595329
POLYGON_POINT 140.702236353 40.742753208 140.702236353 40.742753208
POLYGON_POINT 140.702252519 40.742806902 140.702252519 40.742806902
POLYGON_POINT 140.702586243 40.743005089 140.702615447 40.743021796
POLYGON_POINT 140.702691459 40.743005608 140.702707551 40.742990707
POLYGON_POINT 140.702996400 40.742706484 140.702996400 40.742706484
POLYGON_POINT 140.703492542 40.742235900 140.703492542 40.742235900
POLYGON_POINT 140.703092782 40.741997704 140.703092782 40.741997704
POLYGON_POINT 140.703132481 40.741959495 140.703132481 40.741959495
POLYGON_POINT 140.703531529 40.742200414 140.703531529 40.742200414
POLYGON_POINT 140.703585982 40.742150850 140.703585982 40.742150850
POLYGON_POINT 140.703180131 40.741913635 140.703180131 40.741913635
POLYGON_POINT 140.703218007 40.741877182 140.703218007 40.741877182
POLYGON_POINT 140.703618920 40.742120869 140.703618920 40.742120869
POLYGON_POINT 140.704108382 40.741650567 140.704108382 40.741650567
POLYGON_POINT 140.704473444 40.741276347 140.704497745 40.741252207
POLYGON_POINT 140.704473444 40.741276347 140.704473444 40.741276347
POLYGON_POINT 140.704473444 40.741276347 140.704529056 40.741221103
POLYGON_POINT 140.704405559 40.740957116 140.704266545 40.740870178
POLYGON_POINT 140.703383143 40.740337010 140.703222984 40.740237233
POLYGON_POINT 140.703333510 40.740081449 140.703381558 40.740031561
POLYGON_POINT 140.703635930 40.739768527 140.703678839 40.739726912
POLYGON_POINT 140.703577922 40.739628263 140.703504118 40.739602253
POLYGON_POINT 140.701265946 40.738839976 140.701265946 40.738839976
POLYGON_POINT 140.700343911 40.738518822 140.700343911 40.738518822
POLYGON_POINT 140.700225532 40.738539544 140.700186199 40.738580184
POLYGON_POINT 140.700225532 40.738539544 140.700225532 40.738539544
POLYGON_POINT 140.699731188 40.739038848 140.699731188 40.739038848
POLYGON_POINT 140.699504786 40.739255902 140.699504786 40.739255902
POLYGON_POINT 140.699455185 40.739226819 140.699455185 40.739226819
POLYGON_POINT 140.699678775 40.739002940 140.699678775 40.739002940
POLYGON_POINT 140.700170320 40.738506243 140.700198926 40.738475899
POLYGON_POINT 140.700155506 40.738412310 140.700119749 40.738390094
POLYGON_POINT 140.698687081 40.737541569 140.698605226 40.737494377
POLYGON_POINT 140.698640760 40.737345883 140.698672790 40.737309478
POLYGON_POINT 140.698979676 40.737017141 140.698997471 40.737000961
POLYGON_POINT 140.699004213 40.736922298 140.698991757 40.736879151
POLYGON_POINT 140.698914212 40.736850704 140.698914212 40.736850704
POLYGON_POINT 140.695850253 40.735817252 140.695799006 40.735799454
POLYGON_POINT 140.695646506 40.735729357 140.695646506 40.735729357
POLYGON_POINT 140.695325690 40.735548437 140.695292127 40.735530102
POLYGON_POINT 140.695212002 40.735547860 140.695184683 40.735574475
POLYGON_POINT 140.694803996 40.735924339 140.694803996 40.735924339
POLYGON_POINT 140.694462556 40.736244235 140.694462556 40.736244235
POLYGON_POINT 140.694407808 40.736211526 140.694407808 40.736211526
POLYGON_POINT 140.694743758 40.735889895 140.694743758 40.735889895
POLYGON_POINT 140.695158019 40.735514418 140.695178313 40.735493718
POLYGON_POINT 140.695135192 40.735423530 140.695100848 40.735402830
POLYGON_POINT 140.689801424 40.732240233 140.689774865 40.732224625
POLYGON_POINT 140.689718058 40.732253302 140.689701797 40.732269731
POLYGON_POINT 140.689310661 40.732651850 140.689310661 40.732651850
POLYGON_POINT 140.689086128 40.732874807 140.689086128 40.732874807
POLYGON_POINT 140.689041244 40.732846769 140.689041244 40.732846769
POLYGON_POINT 140.689256288 40.732617980 140.689256288 40.732617980
POLYGON_POINT 140.689664319 40.732217447 140.689679495 40.732202661
POLYGON_POINT 140.689654483 40.732157410 140.689636054 40.732146320
POLYGON_POINT 140.683449611 40.728443549 140.683421970 40.728427120
POLYGON_POINT 140.683336927 40.728461610 140.683315248 40.728486253
POLYGON_POINT 140.682964722 40.728866067 140.682964722 40.728866067
POLYGON_POINT 140.682637310 40.729193359 140.682637310 40.729193359
POLYGON_POINT 140.682588843 40.729164466 140.682588843 40.729164466
POLYGON_POINT 140.682910413 40.728830309 140.682910413 40.728830309
POLYGON_POINT 140.683278148 40.728425052 140.683294408 40.728405748
POLYGON_POINT 140.683253400 40.728325881 140.683223591 40.728307809
POLYGON_POINT 140.680655445 40.726778725 140.680615122 40.726755067
POLYGON_POINT 140.680511044 40.726795550 140.680477875 40.726829065
POLYGON_POINT 140.680131505 40.727175997 140.680131505 40.727175997
POLYGON_POINT 140.679793858 40.727497504 140.679793858 40.727497504
POLYGON_POINT 140.679751257 40.727472005 140.679751257 40.727472005
POLYGON_POINT 140.680075935 40.727141859 140.680075935 40.727141859
POLYGON_POINT 140.680456810 40.726764523 140.680486727 40.726733965
POLYGON_POINT 140.680440182 40.726657995 140.680408314 40.726639266
POLYGON_POINT 140.678816031 40.725686630 140.678793810 40.725673076
POLYGON_POINT 140.678689341 40.725684977 140.678671456 40.725703049
POLYGON_POINT 140.678478048 40.725899736 140.678478048 40.725899736
POLYGON_POINT 140.678479703 40.725960414 140.678479703 40.725960414
POLYGON_POINT 140.678268456 40.726186348 140.678268456 40.726186348
POLYGON_POINT 140.678190741 40.726200772 140.678190741 40.726200772
POLYGON_POINT 140.677980504 40.726413527 140.677980504 40.726413527
POLYGON_POINT 140.677935063 40.726386366 140.677935063 40.726386366
POLYGON_POINT 140.678253066 40.726056513 140.678253066 40.726056513
POLYGON_POINT 140.678640362 40.725651427 140.678659331 40.725631302
POLYGON_POINT 140.678608433 40.725564299 140.678578083 40.725546227
POLYGON_POINT 140.675922955 40.723960083 140.675886276 40.723938200
POLYGON_POINT 140.675795333 40.723972361 140.675764897 40.724003116
POLYGON_POINT 140.675403955 40.724347095 140.675403955 40.724347095
POLYGON_POINT 140.675064365 40.724671462 140.675064365 40.724671462
POLYGON_POINT 140.675011684 40.724640212 140.675011684 40.724640212
POLYGON_POINT 140.675346518 40.724313915 140.675346518 40.724313915
POLYGON_POINT 140.675734074 40.723936240 140.675759047 40.723909625
POLYGON_POINT 140.675718229 40.723836330 140.675672965 40.723807941
POLYGON_POINT 140.675152791 40.723500061 140.675059581 40.723457382
POLYGON_POINT 140.674614407 40.723476207 140.674492069 40.723452660
POLYGON_POINT 140.673482419 40.723240267 140.673439716 40.723232602
POLYGON_POINT 140.673304323 40.723206687 140.673213444 40.723176664
POLYGON_POINT 140.673055553 40.723073816 140.672967004 40.723036729
POLYGON_POINT 140.672840799 40.723081221 140.672777883 40.723132436
POLYGON_POINT 140.671752265 40.724009498 140.671706415 40.724051400
POLYGON_POINT 140.671783097 40.724146093 140.671828947 40.724167555
POLYGON_POINT 140.671992170 40.724285371 140.672016444 40.724315009
POLYGON_POINT 140.672115431 40.724445410 140.672115431 40.724445410
POLYGON_POINT 140.672711223 40.725183429 140.672711223 40.725183429
POLYGON_POINT 140.672783554 40.725451996 140.672783554 40.725584858
POLYGON_POINT 140.672866407 40.725675158 140.672866407 40.725675158
POLYGON_POINT 140.673145750 40.725886472 140.673164610 40.725900272
POLYGON_POINT 140.673228684 40.725886178 140.673253398 40.725867449
POLYGON_POINT 140.673304418 40.725827436 140.673304418 40.725827436
POLYGON_POINT 140.673253406 40.725797234 140.673253406 40.725797234
POLYGON_POINT 140.673853513 40.725225508 140.673853513 40.725225508
POLYGON_POINT 140.674045195 40.725340408 140.674045195 40.725340408
POLYGON_POINT 140.673983931 40.725408691 140.673983931 40.725408691
POLYGON_POINT 140.673963132 40.725396244 140.673963132 40.725396244
POLYGON_POINT 140.673429501 40.725901493 140.673429501 40.725901493
POLYGON_POINT 140.673386522 40.725876047 140.673386522 40.725876047
POLYGON_POINT 140.673357835 40.725880189 140.673340926 40.725892511
POLYGON_POINT 140.673275632 40.725940070 140.673262625 40.725949435
POLYGON_POINT 140.673270375 40.725983687 140.673285333 40.725994037
POLYGON_POINT 140.673409762 40.726090587 140.673433609 40.726109070
POLYGON_POINT 140.673542919 40.726041067 140.673542919 40.726041067
POLYGON_POINT 140.673667627 40.725928523 140.673716794 40.725885939
POLYGON_POINT 140.673763117 40.725870873 140.673763117 40.725870873
POLYGON_POINT 140.673660139 40.725873844 140.673660139 40.725873844
POLYGON_POINT 140.673656618 40.725752560 140.673656618 40.725752560
POLYGON_POINT 140.673872852 40.725748832 140.673872852 40.725748832
POLYGON_POINT 140.673884317 40.725844988 140.673884317 40.725844988
POLYGON_POINT 140.673889132 40.725904690 140.673889132 40.725904690
POLYGON_POINT 140.673781321 40.725925409 140.673751965 40.725939442
POLYGON_POINT 140.673714891 40.725970902 140.673714891 40.725970902
POLYGON_POINT 140.673596310 40.726075520 140.673537310 40.726126621
POLYGON_POINT 140.673530304 40.726188174 140.673558547 40.726210176
POLYGON_POINT 140.676047458 40.728137491 140.676047458 40.728137491
POLYGON_POINT 140.676134857 40.728142731 140.676163474 40.728118580
POLYGON_POINT 140.676338013 40.727970220 140.676338013 40.727970220
POLYGON_POINT 140.676387327 40.728008239 140.676387327 40.728008239
POLYGON_POINT 140.676184197 40.728180288 140.676154930 40.728205917
POLYGON_POINT 140.676204157 40.728257226 140.676204157 40.728257226
POLYGON_POINT 140.676634189 40.728592879 140.676634189 40.728592879
POLYGON_POINT 140.676714916 40.728700215 140.676746551 40.728783570
POLYGON_POINT 140.676714916 40.728700215 140.676714916 40.728700215
POLYGON_POINT 140.676714916 40.728700215 140.676734731 40.728766367
POLYGON_POINT 140.676744503 40.728874330 140.676762366 40.728965941
POLYGON_POINT 140.676744503 40.728874330 140.676744503 40.728874330
POLYGON_POINT 140.676744503 40.728874330 140.676753943 40.728935651
POLYGON_POINT 140.676859401 40.728992981 140.676859401 40.728992981
POLYGON_POINT 140.680442190 40.731142025 140.680442190 40.731142025
POLYGON_POINT 140.680542863 40.731137273 140.680579719 40.731104004
POLYGON_POINT 140.680740414 40.730956829 140.680740414 40.730956829
POLYGON_POINT 140.680806205 40.730992727 140.680806205 40.730992727
POLYGON_POINT 140.680609622 40.731176416 140.680577644 40.731205988
POLYGON_POINT 140.680618294 40.731245369 140.680618294 40.731245369
POLYGON_POINT 140.686826944 40.734949888 140.686826944 40.734949888
POLYGON_POINT 140.686894724 40.734929584 140.686927319 40.734898072
POLYGON_POINT 140.687080135 40.734739284 140.687080135 40.734739284
POLYGON_POINT 140.687131720 40.734770053 140.687131720 40.734770053
POLYGON_POINT 140.686949685 40.734958949 140.686920087 40.734989467
POLYGON_POINT 140.686957627 40.735026789 140.686957627 40.735026789
POLYGON_POINT 140.688467092 40.735936342 140.688467092 40.735936342
POLYGON_POINT 140.688531758 40.736020062 140.688547681 40.736068324
POLYGON_POINT 140.688517109 40.736109545 140.688517109 40.736109545
POLYGON_POINT 140.688390020 40.736246264 140.688390020 40.736246264
END_WINDING
END_POLYGON
BEGIN_POLYGON 4 0 4
BEGIN_WINDING
POLYGON_POINT 140.677720997 40.727894200 140.677720997 40.727894200
POLYGON_POINT 140.677720997 40.727894200 140.677808676 40.727894200
POLYGON_POINT 140.677868385 40.728006301 140.677868385 40.728061332
POLYGON_POINT 140.677725839 40.728117586 140.677635470 40.728117586
POLYGON_POINT 140.677580065 40.728007116 140.677580065 40.727953308
POLYGON_POINT 140.677720997 40.727894200 140.677808676 40.727894200
END_WINDING
END_POLYGON
BEGIN_POLYGON 4 0 4
BEGIN_WINDING
POLYGON_POINT 140.697677032 40.739763179 140.697677032 40.739763179
POLYGON_POINT 140.697677032 40.739763179 140.697764711 40.739763179
POLYGON_POINT 140.697824419 40.739875279 140.697824419 40.739930310
POLYGON_POINT 140.697681873 40.739986564 140.697591504 40.739986564
POLYGON_POINT 140.697536100 40.739876095 140.697536100 40.739822287
POLYGON_POINT 140.697677032 40.739763179 140.697764711 40.739763179
END_WINDING
END_POLYGON
BEGIN_POLYGON 4 0 2
BEGIN_WINDING
POLYGON_POINT 140.693449550 40.734837327
POLYGON_POINT 140.693458612 40.734797892
POLYGON_POINT 140.693399215 40.734762673
POLYGON_POINT 140.693353272 40.734780240
POLYGON_POINT 140.693322137 40.734761778
POLYGON_POINT 140.693485479 40.734702449
POLYGON_POINT 140.693514632 40.734719712
POLYGON_POINT 140.693483080 40.734857208
END_WINDING
BEGIN_WINDING
POLYGON_POINT 140.693463285 40.734777080
POLYGON_POINT 140.693471892 40.734737172
POLYGON_POINT 140.693423904 40.734753724
END_WINDING
END_POLYGON
BEGIN_POLYGON 5 0 2
BEGIN_WINDING
POLYGON_POINT 140.693471892 40.734737172
POLYGON_POINT 140.693463285 40.734777080
POLYGON_POINT 140.693423904 40.734753724
END_WINDING
END_POLYGON
BEGIN_POLYGON 5 54 2
BEGIN_WINDING
POLYGON_POINT 140.693429828 40.734644664
POLYGON_POINT 140.693607400 40.734749646
POLYGON_POINT 140.693478084 40.734874956
POLYGON_POINT 140.693300779 40.734769716
END_WINDING
BEGIN_WINDING
POLYGON_POINT 140.693322137 40.734761778
POLYGON_POINT 140.693353272 40.734780240
POLYGON_POINT 140.693399215 40.734762673
POLYGON_POINT 140.693458612 40.734797892
POLYGON_POINT 140.693449550 40.734837327
POLYGON_POINT 140.693483080 40.734857208
POLYGON_POINT 140.693514632 40.734719712
POLYGON_POINT 140.693485479 40.734702449
END_WINDING
END_POLYGON
BEGIN_POLYGON 4 0 4
BEGIN_WINDING
POLYGON_POINT 140.693334237 40.734630084 140.693334237 40.734630084
POLYGON_POINT 140.693334237 40.734630084 140.693341490 40.734646707
POLYGON_POINT 140.693316637 40.734680538 140.693298350 40.734697261
POLYGON_POINT 140.693265039 40.734704847 140.693246522 40.734705209
POLYGON_POINT 140.693197037 40.734687985 140.693164228 40.734668531
POLYGON_POINT 140.693158735 40.734641815 140.693154312 40.734627379
POLYGON_POINT 140.693177873 40.734598364 140.693194439 40.734581337
POLYGON_POINT 140.693239818 40.734573261 140.693260227 40.734575010
POLYGON_POINT 140.693298148 40.734591279 140.693320499 40.734604532
POLYGON_POINT 140.693334237 40.734630084 140.693341490 40.734646707
END_WINDING
BEGIN_WINDING
POLYGON_POINT 140.693281739 40.734605596 140.693281739 40.734605596
POLYGON_POINT 140.693281739 40.734605596 140.693268156 40.734597542
POLYGON_POINT 140.693252690 40.734597117 140.693244565 40.734596775
POLYGON_POINT 140.693210049 40.734617851 140.693195203 40.734631547
POLYGON_POINT 140.693195143 40.734651129 140.693196740 40.734655361
POLYGON_POINT 140.693214456 40.734672556 140.693231544 40.734682688
POLYGON_POINT 140.693245206 40.734680248 140.693250989 40.734680028
POLYGON_POINT 140.693283688 40.734661243 140.693297702 40.734647673
POLYGON_POINT 140.693299593 40.734625301 140.693296962 40.734619639
POLYGON_POINT 140.693281739 40.734605596 140.693268156 40.734597542
END_WINDING
END_POLYGON
BEGIN_POLYGON 5 54 4
BEGIN_WINDING
POLYGON_POINT 140.693214456 40.734672556 140.693214456 40.734672556
POLYGON_POINT 140.693214456 40.734672556 140.693209702 40.734669854
POLYGON_POINT 140.693195143 40.734651129 140.693194351 40.734641522
POLYGON_POINT 140.693210049 40.734617851 140.693219755 40.734608244
POLYGON_POINT 140.693252690 40.734597117 140.693264774 40.734596667
POLYGON_POINT 140.693281739 40.734605596 140.693287087 40.734609198
POLYGON_POINT 140.693299593 40.734625301 140.693302874 40.734636352
POLYGON_POINT 140.693283688 40.734661243 140.693275962 40.734668898
POLYGON_POINT 140.693245206 40.734680248 140.693231031 40.734681741
POLYGON_POINT 140.693214456 40.734672556 140.693209702 40.734669854
END_WINDING
END_POLYGON
BEGIN_POLYGON 5 54 4
BEGIN_WINDING
POLYGON_POINT 140.693231278 40.734527278 140.693231278 40.734527278
POLYGON_POINT 140.693395229 40.734624208 140.693395229 40.734624208
POLYGON_POINT 140.693266233 40.734749211 140.693266233 40.734749211
POLYGON_POINT 140.693102526 40.734652042 140.693102526 40.734652042
END_WINDING
BEGIN_WINDING
POLYGON_POINT 140.693158735 40.734641995 140.693158735 40.734641995
POLYGON_POINT 140.693158735 40.734641995 140.693163334 40.734664367
POLYGON_POINT 140.693197037 40.734687985 140.693218669 40.734701494
POLYGON_POINT 140.693265039 40.734705027 140.693290597 40.734703191
POLYGON_POINT 140.693316637 40.734680538 140.693329711 40.734668650
POLYGON_POINT 140.693334237 40.734630264 140.693325404 40.734611535
POLYGON_POINT 140.693298148 40.734591279 140.693275797 40.734578026
POLYGON_POINT 140.693239818 40.734573261 140.693217854 40.734571292
POLYGON_POINT 140.693177873 40.734598364 140.693165888 40.734612454
POLYGON_POINT 140.693158735 40.734641995 140.693163334 40.734664367
END_WINDING
END_POLYGON
BEGIN_POLYGON 4 0 2
BEGIN_WINDING
POLYGON_POINT 140.693069226 40.734611663
POLYGON_POINT 140.693036708 40.734592391
POLYGON_POINT 140.693096257 40.734535383
POLYGON_POINT 140.692993649 40.734566825
POLYGON_POINT 140.693009043 40.734484064
POLYGON_POINT 140.692950138 40.734540963
POLYGON_POINT 140.692918456 40.734522186
POLYGON_POINT 140.693018378 40.734425332
POLYGON_POINT 140.693050199 40.734444218
POLYGON_POINT 140.693038160 40.734523583
POLYGON_POINT 140.693137140 40.734495795
POLYGON_POINT 140.693168632 40.734514459
END_WINDING
END_POLYGON
BEGIN_POLYGON 5 54 2
BEGIN_WINDING
POLYGON_POINT 140.693019887 40.734402301
POLYGON_POINT 140.693199737 40.734508631
POLYGON_POINT 140.693071033 40.734633349
POLYGON_POINT 140.692891453 40.734526757
END_WINDING
BEGIN_WINDING
POLYGON_POINT 140.692918456 40.734522186
POLYGON_POINT 140.692950138 40.734540963
POLYGON_POINT 140.693009043 40.734484064
POLYGON_POINT 140.692993649 40.734566825
POLYGON_POINT 140.693096257 40.734535383
POLYGON_POINT 140.693036708 40.734592391
POLYGON_POINT 140.693069226 40.734611663
POLYGON_POINT 140.693168632 40.734514459
POLYGON_POINT 140.693137140 40.734495795
POLYGON_POINT 140.693038160 40.734523583
POLYGON_POINT 140.693050199 40.734444218
POLYGON_POINT 140.693018378 40.734425332
END_WINDING
END_POLYGON
BEGIN_POLYGON 4 0 4
BEGIN_WINDING
POLYGON_POINT 140.692929341 40.734390003 140.692929341 40.734390003
POLYGON_POINT 140.692929341 40.734390003 140.692936594 40.734406626
POLYGON_POINT 140.692911746 40.734440459 140.692893459 40.734457182
POLYGON_POINT 140.692860148 40.734464770 140.692841631 40.734465132
POLYGON_POINT 140.692792146 40.734447907 140.692759337 40.734428453
POLYGON_POINT 140.692753844 40.734401737 140.692749421 40.734387301
POLYGON_POINT 140.692772982 40.734358286 140.692789548 40.734341259
POLYGON_POINT 140.692834927 40.734333184 140.692855336 40.734334933
POLYGON_POINT 140.692893252 40.734351198 140.692915603 40.734364451
POLYGON_POINT 140.692929341 40.734390003 140.692936594 40.734406626
END_WINDING
BEGIN_WINDING
POLYGON_POINT 140.692876844 40.734365516 140.692876844 40.734365516
POLYGON_POINT 140.692876844 40.734365516 140.692863261 40.734357462
POLYGON_POINT 140.692847794 40.734357036 140.692839669 40.734356694
POLYGON_POINT 140.692805153 40.734377770 140.692790307 40.734391466
POLYGON_POINT 140.692790252 40.734411052 140.692791849 40.734415284
POLYGON_POINT 140.692809560 40.734432475 140.692826648 40.734442607
POLYGON_POINT 140.692840316 40.734440170 140.692846099 40.734439950
POLYGON_POINT 140.692878797 40.734421165 140.692892811 40.734407595
POLYGON_POINT 140.692894702 40.734385223 140.692892071 40.734379561
POLYGON_POINT 140.692876844 40.734365516 140.692863261 40.734357462
END_WINDING
END_POLYGON
BEGIN_POLYGON 5 54 4
BEGIN_WINDING
POLYGON_POINT 140.692809560 40.734432475 140.692809560 40.734432475
POLYGON_POINT 140.692809560 40.734432475 140.692804806 40.734429773
POLYGON_POINT 140.692790252 40.734411052 140.692789460 40.734401445
POLYGON_POINT 140.692805153 40.734377770 140.692814859 40.734368163
POLYGON_POINT 140.692847794 40.734357036 140.692859878 40.734356586
POLYGON_POINT 140.692876844 40.734365516 140.692882192 40.734369118
POLYGON_POINT 140.692894702 40.734385223 140.692897983 40.734396274
POLYGON_POINT 140.692878797 40.734421165 140.692871071 40.734428820
POLYGON_POINT 140.692840316 40.734440170 140.692826141 40.734441663
POLYGON_POINT 140.692809560 40.734432475 140.692804806 40.734429773
END_WINDING
END_POLYGON
BEGIN_POLYGON 5 54 4
BEGIN_WINDING
POLYGON_POINT 140.692825796 40.734287552 140.692825796 40.734287552
POLYGON_POINT 140.692990080 40.734384679 140.692990080 40.734384679
POLYGON_POINT 140.692861691 40.734509093 140.692861691 40.734509093
POLYGON_POINT 140.692697654 40.734411727 140.692697654 40.734411727
END_WINDING
BEGIN_WINDING
POLYGON_POINT 140.692753844 40.734401737 140.692753844 40.734401737
POLYGON_POINT 140.692753844 40.734401737 140.692758443 40.734424109
POLYGON_POINT 140.692792146 40.734447907 140.692813778 40.734461416
POLYGON_POINT 140.692860148 40.734464770 140.692885706 40.734462934
POLYGON_POINT 140.692911746 40.734440459 140.692924820 40.734428571
POLYGON_POINT 140.692929341 40.734390003 140.692920508 40.734371274
POLYGON_POINT 140.692893252 40.734351198 140.692870901 40.734337945
POLYGON_POINT 140.692834927 40.734333184 140.692812963 40.734331215
POLYGON_POINT 140.692772982 40.734358286 140.692760997 40.734372376
POLYGON_POINT 140.692753844 40.734401737 140.692758443 40.734424109
END_WINDING
END_POLYGON
BEGIN_POLYGON 4 0 4
BEGIN_WINDING
POLYGON_POINT 140.692666662 40.734372899 140.692666662 40.734372899
POLYGON_POINT 140.692636048 40.734354682 140.692636048 40.734354682
POLYGON_POINT 140.692679057 40.734312729 140.692679057 40.734312729
POLYGON_POINT 140.692645254 40.734292753 140.692645254 40.734292753
POLYGON_POINT 140.692570034 40.734315604 140.692570034 40.734315604
POLYGON_POINT 140.692538876 40.734296999 140.692538876 40.734296999
POLYGON_POINT 140.692617159 40.734272199 140.692617159 40.734272199
POLYGON_POINT 140.692604104 40.734247763 140.692603068 40.734232987
POLYGON_POINT 140.692625901 40.734220549 140.692636965 40.734215419
POLYGON_POINT 140.692663216 40.734220625 140.692677587 40.734224490
POLYGON_POINT 140.692691819 40.734231750 140.692691819 40.734231750
POLYGON_POINT 140.692766335 40.734275934 140.692766335 40.734275934
END_WINDING
BEGIN_WINDING
POLYGON_POINT 140.692721099 40.734274278 140.692721099 40.734274278
POLYGON_POINT 140.692678673 40.734249304 140.692678673 40.734249304
POLYGON_POINT 140.692661049 40.734244492 140.692651151 40.734243481
POLYGON_POINT 140.692645466 40.734248635 140.692644393 40.734249924
POLYGON_POINT 140.692644060 40.734262836 140.692648378 40.734268742
POLYGON_POINT 140.692654468 40.734274002 140.692654468 40.734274002
POLYGON_POINT 140.692695999 40.734298583 140.692695999 40.734298583
END_WINDING
END_POLYGON
BEGIN_POLYGON 5 0 4
BEGIN_WINDING
POLYGON_POINT 140.692654468 40.734274002 140.692654468 40.734274002
POLYGON_POINT 140.692644060 40.734262836 140.692641442 40.734258641
POLYGON_POINT 140.692645466 40.734248635 140.692649319 40.734245517
POLYGON_POINT 140.692661049 40.734244492 140.692669605 40.734245160
POLYGON_POINT 140.692678673 40.734249304 140.692678673 40.734249304
POLYGON_POINT 140.692721099 40.734274278 140.692721099 40.734274278
POLYGON_POINT 140.692695999 40.734298583 140.692695999 40.734298583
END_WINDING
END_POLYGON
BEGIN_POLYGON 5 54 4
BEGIN_WINDING
POLYGON_POINT 140.692643495 40.734179773 140.692643495 40.734179773
POLYGON_POINT 140.692800142 40.734272385 140.692800142 40.734272385
POLYGON_POINT 140.692672037 40.734396522 140.692672037 40.734396522
POLYGON_POINT 140.692515625 40.734303683 140.692515625 40.734303683
END_WINDING
BEGIN_WINDING
POLYGON_POINT 140.692538876 40.734296999 140.692538876 40.734296999
POLYGON_POINT 140.692570034 40.734315604 140.692570034 40.734315604
POLYGON_POINT 140.692645254 40.734292753 140.692645254 40.734292753
POLYGON_POINT 140.692679057 40.734312729 140.692679057 40.734312729
POLYGON_POINT 140.692637018 40.734353264 140.692637018 40.734353264
POLYGON_POINT 140.692666662 40.734372899 140.692666662 40.734372899
POLYGON_POINT 140.692766335 40.734275934 140.692766335 40.734275934
POLYGON_POINT 140.692691819 40.734231750 140.692691819 40.734231750
POLYGON_POINT 140.692663216 40.734220625 140.692644397 40.734215246
POLYGON_POINT 140.692625901 40.734220549 140.692617152 40.734224176
POLYGON_POINT 140.692604104 40.734247763 140.692605425 40.734263148
POLYGON_POINT 140.692617159 40.734272199 140.692617159 40.734272199
END_WINDING
END_POLYGON
BEGIN_POLYGON 4 0 2
BEGIN_WINDING
POLYGON_POINT 140.692490746 40.734268542
POLYGON_POINT 140.692460085 40.734250362
POLYGON_POINT 140.692558896 40.734153186
POLYGON_POINT 140.692590617 40.734171833
END_WINDING
END_POLYGON
BEGIN_POLYGON 5 54 2
BEGIN_WINDING
POLYGON_POINT 140.692555093 40.734127509
POLYGON_POINT 140.692620865 40.734166394
POLYGON_POINT 140.692493029 40.734290271
POLYGON_POINT 140.692427356 40.734251290
END_WINDING
BEGIN_WINDING
POLYGON_POINT 140.692460085 40.734250362
POLYGON_POINT 140.692490746 40.734268542
POLYGON_POINT 140.692590617 40.734171833
POLYGON_POINT 140.692558896 40.734153186
END_WINDING
END_POLYGON
BEGIN_POLYGON 6 60 4
BEGIN_WINDING
POLYGON_POINT 140.686612069 40.738523627 140.686612069 40.738523627
POLYGON_POINT 140.686167230 40.738287999 140.686167230 40.738287999
POLYGON_POINT 140.687211196 40.737274300 140.687211196 40.737274300
POLYGON_POINT 140.687495036 40.736998690 140.687495036 40.736998690
POLYGON_POINT 140.687603112 40.737057275 140.687603112 40.737057275
POLYGON_POINT 140.687929090 40.737233980 140.687929090 40.737233980
POLYGON_POINT 140.687704353 40.737479094 140.687704353 40.737479094
POLYGON_POINT 140.688002465 40.737630728 140.688002465 40.737630728
POLYGON_POINT 140.687854472 40.737782088 140.687854472 40.737782088
POLYGON_POINT 140.687728283 40.737716873 140.687728283 40.737716873
POLYGON_POINT 140.686747986 40.738517386 140.686747986 40.738517386
END_WINDING
BEGIN_WINDING
POLYGON_POINT 140.686814679 40.738346017 140.686814679 40.738346017
POLYGON_POINT 140.686911216 40.738251198 140.686911216 40.738251198
POLYGON_POINT 140.686911216 40.738251198 140.686974382 40.738184373
POLYGON_POINT 140.686896914 40.738154573 140.686896914 40.738154573
POLYGON_POINT 140.686682243 40.738023191 140.686682243 40.738023191
POLYGON_POINT 140.686682243 40.738023191 140.686615014 40.737981707
POLYGON_POINT 140.686496696 40.738118451 140.686496696 40.738118451
POLYGON_POINT 140.686496696 40.738118451 140.686461040 40.738190589
POLYGON_POINT 140.686471437 40.738231331 140.686471437 40.738231331
POLYGON_POINT 140.686721717 40.738372206 140.686721717 40.738372206
POLYGON_POINT 140.686814679 40.738346017 140.686862351 40.738299962
END_WINDING
END_POLYGON
FILTER -1
FILTER 0
FILTER -1
FILTER 0
FILTER -1
FILTER 0
FILTER -1
FILTER 0
FILTER -1
FILTER 0
OBJECT 0 140.690100783 40.738623867 0.000000
OBJECT 0 140.689986498 40.738557950 0.000000
OBJECT 0 140.690390505 40.738610633 0.000000
OBJECT 0 140.690262988 40.738717423 0.000000
OBJECT 0 140.689773055 40.738245627 0.000000
OBJECT 0 140.688580077 40.737522221 0.000000
OBJECT 0 140.689283425 40.737956161 0.000000
OBJECT 1 140.688826967 40.737793301 58.770000
OBJECT 2 140.691235547 40.739014359 143.149994
OBJECT 3 140.690639525 40.738674041 140.800003
OBJECT 4 140.688507802 40.736424415 0.000000
OBJECT 4 140.688487271 40.736420211 0.000000
OBJECT 1 140.688670348 40.737692145 0.000000
OBJECT 5 140.688317597 40.736765534 141.210007
OBJECT 6 140.687941826 40.736691715 0.000000
OBJECT 7 140.688103712 40.736815847 0.000000
OBJECT 7 140.688104511 40.736783154 0.000000
OBJECT 7 140.688107707 40.736750460 0.000000
OBJECT 8 140.688290683 40.736689312 0.000000
OBJECT 8 140.688244340 40.736683257 0.000000
OBJECT 8 140.688198796 40.736677809 0.000000
OBJECT 9 140.688298801 40.736554586 52.450001
OBJECT 10 140.691401290 40.739347546 140.070007
OBJECT 10 140.690616283 40.738877709 140.070007
OBJECT 10 140.690237272 40.738650865 140.070007
OBJECT 10 140.689638169 40.738281030 140.070007
OBJECT 10 140.689077524 40.737956740 140.070007
OBJECT 10 140.688580334 40.737488588 140.070007
OBJECT 10 140.687926611 40.737221326 140.070007
OBJECT 11 140.697398732 40.742400170 184.089996
OBJECT 11 140.696701966 40.742434133 184.089996
OBJECT 11 140.696247990 40.742456261 184.089996
OBJECT 11 140.695701323 40.742482907 184.089996
OBJECT 11 140.695287644 40.742503071 184.089996
OBJECT 12 140.684219945 40.731704958 141.679993
OBJECT 12 140.684675534 40.731971801 142.789993
OBJECT 12 140.691169435 40.735850261 142.330002
OBJECT 12 140.691614810 40.736109490 142.330002
OBJECT 12 140.696723975 40.739160491 141.570007
OBJECT 12 140.697165956 40.739422943 141.570007
OBJECT 12 140.678552104 40.728326242 141.520004
OBJECT 12 140.673903134 40.725840416 186.729996
OBJECT 12 140.674489615 40.725821741 188.990005
OBJECT 12 140.678993705 40.728590679 142.589996
OBJECT 12 140.701561390 40.742042987 141.610001
OBJECT 12 140.701989731 40.742302869 141.610001
OBJECT 13 140.688082212 40.737882062 142.270004
OBJECT 14 140.686458791 40.738366411 323.640015
OBJECT 15 140.696425406 40.742437786 2.680000
OBJECT 16 140.697211017 40.742384697 3.760000
OBJECT 17 140.686777432 40.738514406 321.079987
OBJECT 9 140.688388247 40.736466509 52.450001
OBJECT 18 140.688399239 40.736460455 233.149994
OBJECT 19 140.688314854 40.736529802 231.339996
OBJECT 19 140.687836971 40.736922726 233.889999
OBJECT 2 140.688166035 40.737218403 142.009995
OBJECT 20 140.688744010 40.737562919 143.330002
OBJECT 20 140.689419408 40.737949139 142.119995
OBJECT 3 140.690042086 40.738317903 142.580002
BEGIN_POLYGON 7 10 3
BEGIN_WINDING
POLYGON_POINT 140.689512895 40.738799750 0.000000000
POLYGON_POINT 140.688881330 40.738438245 0.000000000
POLYGON_POINT 140.688949843 40.738371492 0.000000000
POLYGON_POINT 140.689402733 40.738637624 0.000000000
POLYGON_POINT 140.689463298 40.738673214 0.000000000
POLYGON_POINT 140.689537496 40.738716815 0.000000000
POLYGON_POINT 140.689572681 40.738739786 0.000000000
END_WINDING
END_POLYGON
BEGIN_POLYGON 8 10 3
BEGIN_WINDING
POLYGON_POINT 140.690602748 40.739017678 4.000000000
POLYGON_POINT 140.690446425 40.739172127 4.000000000
POLYGON_POINT 140.689717050 40.738748314 4.000000000
POLYGON_POINT 140.689873374 40.738593865 4.000000000
POLYGON_POINT 140.690070731 40.738708542 4.000000000
POLYGON_POINT 140.690322951 40.738855098 2.000000000
END_WINDING
END_POLYGON
BEGIN_POLYGON 9 10 3
BEGIN_WINDING
POLYGON_POINT 140.690759432 40.738921765 0.000000000
POLYGON_POINT 140.691527825 40.739406070 0.000000000
POLYGON_POINT 140.691114356 40.739788965 0.000000000
POLYGON_POINT 140.689544469 40.738847403 0.000000000
POLYGON_POINT 140.689667518 40.738733452 0.000000000
POLYGON_POINT 140.690463868 40.739197516 0.000000000
POLYGON_POINT 140.690641645 40.739037540 0.000000000
END_WINDING
END_POLYGON
BEGIN_POLYGON 10 10 3
BEGIN_WINDING
POLYGON_POINT 140.688922123 40.739588381 0.000000000
POLYGON_POINT 140.688299986 40.739210619 1.000000000
POLYGON_POINT 140.688163294 40.739127619 0.000000000
POLYGON_POINT 140.687478859 40.738712030 0.000000000
POLYGON_POINT 140.687829474 40.738380398 0.000000000
POLYGON_POINT 140.688897546 40.739028928 0.000000000
POLYGON_POINT 140.689272738 40.739256749 0.000000000
END_WINDING
END_POLYGON
BEGIN_POLYGON 11 10 3
BEGIN_WINDING
POLYGON_POINT 140.689537496 40.738716815 0.000000000
POLYGON_POINT 140.689463298 40.738673214 5.000000000
POLYGON_POINT 140.689402733 40.738637624 3.000000000
POLYGON_POINT 140.689207612 40.738522965 5.000000000
POLYGON_POINT 140.689118078 40.738470352 0.000000000
POLYGON_POINT 140.688949843 40.738371492 0.000000000
POLYGON_POINT 140.688898634 40.738341400 0.000000000
POLYGON_POINT 140.688344733 40.738015911 0.000000000
POLYGON_POINT 140.688611657 40.737749972 0.000000000
POLYGON_POINT 140.688652784 40.737774567 0.000000000
POLYGON_POINT 140.689618583 40.738342142 0.000000000
POLYGON_POINT 140.689806469 40.738454115 0.000000000
END_WINDING
END_POLYGON
BEGIN_POLYGON 12 10 3
BEGIN_WINDING
POLYGON_POINT 140.687564287 40.737716270 1.000000000
POLYGON_POINT 140.687684460 40.737793781 0.000000000
POLYGON_POINT 140.687454593 40.737998389 0.000000000
POLYGON_POINT 140.687334419 40.737920878 0.000000000
END_WINDING
END_POLYGON
BEGIN_POLYGON 8 10 3
BEGIN_WINDING
POLYGON_POINT 140.687505362 40.737723467 4.000000000
POLYGON_POINT 140.687433668 40.737797272 0.000000000
POLYGON_POINT 140.687304679 40.737725336 1.000000000
POLYGON_POINT 140.687288076 40.737716077 0.000000000
POLYGON_POINT 140.687194640 40.737663969 0.000000000
POLYGON_POINT 140.687083354 40.737601906 4.000000000
POLYGON_POINT 140.687155048 40.737528100 4.000000000
POLYGON_POINT 140.687445362 40.737690006 0.000000000
END_WINDING
END_POLYGON
BEGIN_POLYGON 13 10 3
BEGIN_WINDING
POLYGON_POINT 140.687208916 40.738381987 0.000000000
POLYGON_POINT 140.686744168 40.738765079 0.000000000
POLYGON_POINT 140.686074847 40.738378606 0.000000000
POLYGON_POINT 140.686591084 40.737887324 0.000000000
POLYGON_POINT 140.686589025 40.737715674 0.000000000
POLYGON_POINT 140.686986501 40.737288109 0.000000000
POLYGON_POINT 140.687211196 40.737274300 0.000000000
POLYGON_POINT 140.687495036 40.736998690 3.000000000
POLYGON_POINT 140.687603112 40.737057275 3.000000000
END_WINDING
END_POLYGON
BEGIN_POLYGON 13 10 3
BEGIN_WINDING
POLYGON_POINT 140.697489280 40.742390367 0.000000000
POLYGON_POINT 140.697696463 40.742379447 0.000000000
POLYGON_POINT 140.698206460 40.742351230 0.000000000
POLYGON_POINT 140.698214740 40.742413510 0.000000000
POLYGON_POINT 140.698398561 40.742404426 0.000000000
POLYGON_POINT 140.698406293 40.742539165 0.000000000
POLYGON_POINT 140.698512994 40.742535650 0.000000000
POLYGON_POINT 140.698516087 40.742734828 0.000000000
POLYGON_POINT 140.697715054 40.742769977 0.000000000
END_WINDING
END_POLYGON
BEGIN_POLYGON 13 10 3
BEGIN_WINDING
POLYGON_POINT 140.696946801 40.742697689 0.000000000
POLYGON_POINT 140.696924411 40.742414177 0.000000000
POLYGON_POINT 140.696732110 40.742423960 0.000000000
POLYGON_POINT 140.696758866 40.742722102 0.000000000
POLYGON_POINT 140.695050249 40.742793086 0.000000000
POLYGON_POINT 140.695007803 40.742524220 0.000000000
POLYGON_POINT 140.694858292 40.742531826 0.000000000
POLYGON_POINT 140.694840192 40.742238209 3.000000000
POLYGON_POINT 140.694830161 40.742075488 0.000000000
POLYGON_POINT 140.694817549 40.741749331 0.000000000
POLYGON_POINT 140.695076740 40.741586919 0.000000000
END_WINDING
END_POLYGON
BEGIN_POLYGON 14 10 3
BEGIN_WINDING
POLYGON_POINT 140.688608755 40.737748218 0.000000000
POLYGON_POINT 140.688561152 40.737538653 0.000000000
POLYGON_POINT 140.688541154 40.737528346 0.000000000
POLYGON_POINT 140.688580334 40.737488588 0.000000000
POLYGON_POINT 140.688624351 40.737514093 0.000000000
POLYGON_POINT 140.688603637 40.737539597 2.000000000
POLYGON_POINT 140.688650236 40.737762971 0.000000000
POLYGON_POINT 140.688652784 40.737774567 0.000000000
END_WINDING
END_POLYGON
BEGIN_POLYGON 14 10 3
BEGIN_WINDING
POLYGON_POINT 140.689790952 40.738468812 0.000000000
POLYGON_POINT 140.689814815 40.738446211 2.000000000
POLYGON_POINT 140.690254786 40.738697082 0.000000000
POLYGON_POINT 140.690356203 40.738620803 0.000000000
POLYGON_POINT 140.690386777 40.738576731 0.000000000
POLYGON_POINT 140.690430029 40.738612893 0.000000000
POLYGON_POINT 140.690271937 40.738746239 0.000000000
END_WINDING
END_POLYGON
BEGIN_POLYGON 15 10 3
BEGIN_WINDING
POLYGON_POINT 140.689537496 40.738716815 0.000000000
POLYGON_POINT 140.688948194 40.738369477 0.000000000
POLYGON_POINT 140.688894819 40.738338723 1.000000000
POLYGON_POINT 140.688331968 40.738016523 0.000000000
POLYGON_POINT 140.688608755 40.737748218 0.000000000
POLYGON_POINT 140.688652784 40.737774567 1.000000000
POLYGON_POINT 140.689137887 40.738059423 0.000000000
POLYGON_POINT 140.689183391 40.738088131 1.000000000
POLYGON_POINT 140.689618583 40.738342142 0.000000000
POLYGON_POINT 140.689663644 40.738369021 0.000000000
POLYGON_POINT 140.689806469 40.738454115 0.000000000
POLYGON_POINT 140.689790952 40.738468812 0.000000000
END_WINDING
END_POLYGON
BEGIN_POLYGON 14 10 3
BEGIN_WINDING
POLYGON_POINT 140.689618583 40.738342142 0.000000000
POLYGON_POINT 140.689770003 40.738206750 0.000000000
POLYGON_POINT 140.689826685 40.738243254 0.000000000
POLYGON_POINT 140.689772831 40.738291262 0.000000000
POLYGON_POINT 140.689760064 40.738283041 0.000000000
POLYGON_POINT 140.689663644 40.738369021 0.000000000
END_WINDING
END_POLYGON
BEGIN_POLYGON 14 10 3
BEGIN_WINDING
POLYGON_POINT 140.689137887 40.738059423 2.000000000
POLYGON_POINT 140.689278462 40.737923667 0.000000000
POLYGON_POINT 140.689325516 40.737951995 2.000000000
POLYGON_POINT 140.689184378 40.738086767 0.000000000
END_WINDING
END_POLYGON
BEGIN_POLYGON 16 10 3
BEGIN_WINDING
POLYGON_POINT 140.688600278 40.737501105 1.000000000
POLYGON_POINT 140.688612336 40.737489453 1.000000000
POLYGON_POINT 140.688751725 40.737355046 3.000000000
POLYGON_POINT 140.688793164 40.737344488 3.000000000
END_WINDING
END_POLYGON
BEGIN_POLYGON 16 10 3
BEGIN_WINDING
POLYGON_POINT 140.689811808 40.738246158 1.000000000
POLYGON_POINT 140.689849402 40.738243945 1.000000000
POLYGON_POINT 140.690099932 40.738203348 3.000000000
POLYGON_POINT 140.690129571 40.738221602 3.000000000
END_WINDING
END_POLYGON
BEGIN_POLYGON 16 10 3
BEGIN_WINDING
POLYGON_POINT 140.690407106 40.738595842 1.000000000
POLYGON_POINT 140.690425599 40.738579939 1.000000000
POLYGON_POINT 140.690639374 40.738396507 3.000000000
POLYGON_POINT 140.690702927 40.738382097 3.000000000
END_WINDING
END_POLYGON
BEGIN_POLYGON 16 10 3
BEGIN_WINDING
POLYGON_POINT 140.689289461 40.737935318 1.000000000
POLYGON_POINT 140.689301519 40.737923666 1.000000000
POLYGON_POINT 140.689440908 40.737789260 3.000000000
POLYGON_POINT 140.689482348 40.737778701 3.000000000
END_WINDING
END_POLYGON
BEGIN_POLYGON 17 20 3
BEGIN_WINDING
POLYGON_POINT 140.689714165 40.738463701 0.000000000
POLYGON_POINT 140.688609109 40.737814356 0.000000000
END_WINDING
END_POLYGON
BEGIN_POLYGON 9 10 3
BEGIN_WINDING
POLYGON_POINT 140.690081707 40.739502938 0.000000000
POLYGON_POINT 140.689463798 40.740086304 0.000000000
POLYGON_POINT 140.688401564 40.739485948 4.000000000
POLYGON_POINT 140.688897546 40.739028928 4.000000000
POLYGON_POINT 140.689046536 40.738892329 0.000000000
END_WINDING
END_POLYGON
BEGIN_POLYGON 9 10 3
BEGIN_WINDING
POLYGON_POINT 140.690945604 40.740007889 0.000000000
POLYGON_POINT 140.690293861 40.740639956 0.000000000
POLYGON_POINT 140.689539461 40.740193392 0.000000000
POLYGON_POINT 140.690191204 40.739561325 0.000000000
END_WINDING
END_POLYGON
BEGIN_POLYGON 9 10 3
BEGIN_WINDING
POLYGON_POINT 140.688897546 40.739028928 0.000000000
POLYGON_POINT 140.687829474 40.738380398 4.000000000
POLYGON_POINT 140.687665228 40.738276915 0.000000000
POLYGON_POINT 140.687805253 40.738143731 0.000000000
POLYGON_POINT 140.689046536 40.738892329 4.000000000
END_WINDING
END_POLYGON
BEGIN_POLYGON 13 10 3
BEGIN_WINDING
POLYGON_POINT 140.688579317 40.737778625 0.000000000
POLYGON_POINT 140.688131734 40.737510976 0.000000000
POLYGON_POINT 140.688004017 40.737633903 0.000000000
POLYGON_POINT 140.687703712 40.737477846 0.000000000
POLYGON_POINT 140.687778500 40.737389792 0.000000000
END_WINDING
END_POLYGON
BEGIN_POLYGON 12 10 3
BEGIN_WINDING
POLYGON_POINT 140.687926611 40.737221326 0.000000000
POLYGON_POINT 140.687781230 40.737388614 0.000000000
POLYGON_POINT 140.687457656 40.737227170 0.000000000
POLYGON_POINT 140.687603036 40.737059882 0.000000000
END_WINDING
END_POLYGON
FILTER -1
OBJECT_DEF lib/airport/Modern_Airports/Terminal_kit/columns/column_4m_80b.obj
OBJECT_DEF lib/airport/Ramp_Equipment/Lugg_Train_Straight2.obj
OBJECT_DEF lib/airport/Ramp_Equipment/Ramp_Group_Narrow.agp
OBJECT_DEF lib/airport/Ramp_Equipment/Ramp_Group_Wide.agp
OBJECT_DEF lib/airport/Ramp_Equipment/Luggage_Truck.obj
OBJECT_DEF lib/airport/Ramp_Equipment/Lugg_Train_Straight5.obj
OBJECT_DEF lib/airport/Ramp_Equipment/Lugg_Train_Group.obj
OBJECT_DEF lib/airport/Ramp_Equipment/GPU_1.obj
OBJECT_DEF lib/airport/Ramp_Equipment/Belt_Loader.obj
OBJECT_DEF lib/airport/Ramp_Equipment/Cargo_Pod_Pkng.obj
OBJECT_DEF lib/airport/Common_Elements/Lighting/Dir_Ramp_Lit_Med.obj
OBJECT_DEF lib/airport/Common_Elements/Lighting/Dir_Ramp_Lit_Short.obj
OBJECT_DEF lib/airport/lights/slow/rway_guard.obj
OBJECT_DEF lib/airport/Modern_Airports/Control_Towers/Modern_Tower_3.agp
OBJECT_DEF lib/airport/Common_Elements/Fuel_Storage/3_Tank_Array.agp
OBJECT_DEF lib/airport/Common_Elements/Hangars/Sm_Blue_Hangar.agp
OBJECT_DEF lib/airport/Common_Elements/Hangars/Med_Brown_Hangar.agp
OBJECT_DEF lib/street/waste_management/Dumpster_m8_2.obj
OBJECT_DEF lib/airport/Ramp_Equipment/Cargo_Pod_Lot.agp
OBJECT_DEF lib/airport/Ramp_Equipment/Cargo_Pallete_Pkng.agp
OBJECT_DEF lib/airport/Ramp_Equipment/Ramp_Group_Medium.agp
POLYGON_DEF lib/g8/broad_cld_rain.for
POLYGON_DEF lib/airport/lines/51_single_taxi_b.lin
POLYGON_DEF lib/airport/Modern_Airports/Terminal_kit/columns/column_row_4m_40c.str
POLYGON_DEF lib/airport/pavement/asphalt_2D.pol
POLYGON_DEF lib/airport/pavement/asphalt_1D.pol
POLYGON_DEF lib/airport/pavement/concrete_6L.pol
POLYGON_DEF lib/airport/pavement/asphalt_3D.pol
POLYGON_DEF lib/airport/Modern_Airports/Terminal_kit/term_building_Slab_01.fac
POLYGON_DEF lib/airport/Common_Elements/Misc_Buildings/Cargo_Terminal.fac
POLYGON_DEF lib/airport/Common_Elements/Fence_Facades/Fenced_Parking.fac
POLYGON_DEF lib/airport/Classic_Airports/Facades/Garage_1.fac
POLYGON_DEF lib/airport/Modern_Airports/Terminal_kit/term_building_Ground_02.fac
POLYGON_DEF lib/buildings/facades/industrial/warehouse_01_45x45.fac
POLYGON_DEF lib/airport/Common_Elements/Fence_Facades/Fence.fac
POLYGON_DEF lib/airport/Modern_Airports/Terminal_kit/term_bridge_01.fac
POLYGON_DEF lib/airport/Modern_Airports/Terminal_kit/term_building_Levels_01.fac
POLYGON_DEF lib/airport/Ramp_Equipment/Jetways/Jetway_1_glass.fac
POLYGON_DEF lib/airport/Modern_Airports/Terminal_kit/term_roof_long_skylight_01.fac
PROPERTY sim/filter/aptid RJSA
PROPERTY sim/exclude_obj 140.685852/40.737141/140.691376/40.739223
PROPERTY sim/exclude_for 140.685852/40.737141/140.691376/40.739223
PROPERTY sim/exclude_lin 140.685852/40.737141/140.691376/40.739223
PROPERTY sim/exclude_str 140.685852/40.737141/140.691376/40.739223
PROPERTY sim/exclude_obj 140.672287/40.723248/140.674225/40.726055
PROPERTY sim/exclude_for 140.671600/40.722900/140.674225/40.726055
PROPERTY sim/exclude_net 140.671600/40.722900/140.674225/40.726055
PROPERTY sim/exclude_obj 140.673691/40.723412/140.675247/40.726898
PROPERTY sim/exclude_for 140.673691/40.723412/140.675247/40.726898
PROPERTY sim/exclude_net 140.673691/40.723412/140.675247/40.726898
PROPERTY sim/exclude_obj 140.675186/40.724625/140.677811/40.727699
PROPERTY sim/exclude_for 140.675186/40.724625/140.677811/40.727699
PROPERTY sim/exclude_obj 140.674393/40.726269/140.677216/40.727798
PROPERTY sim/exclude_for 140.674393/40.726269/140.677216/40.727798
PROPERTY sim/exclude_net 140.674393/40.726269/140.677216/40.727798
PROPERTY sim/exclude_for 140.675064/40.723747/140.676666/40.724640
PROPERTY sim/exclude_net 140.675064/40.723747/140.676666/40.724640
PROPERTY sim/exclude_obj 140.676077/40.726208/140.680389/40.728722
PROPERTY sim/exclude_for 140.676077/40.726208/140.680389/40.728722
PROPERTY sim/exclude_net 140.676077/40.726208/140.680389/40.728722
PROPERTY sim/exclude_for 140.677277/40.728004/140.684433/40.729534
PROPERTY sim/exclude_net 140.677277/40.728004/140.684433/40.729534
PROPERTY sim/exclude_obj 140.677864/40.729404/140.686767/40.730498
PROPERTY sim/exclude_for 140.677864/40.729404/140.686767/40.730498
PROPERTY sim/exclude_net 140.677864/40.729404/140.686767/40.730498
PROPERTY sim/exclude_obj 140.677292/40.726177/140.682022/40.727962
PROPERTY sim/exclude_net 140.677292/40.726177/140.682022/40.727962
PROPERTY sim/exclude_obj 140.681488/40.727356/140.684448/40.732502
PROPERTY sim/exclude_for 140.681104/40.731356/140.690308/40.732502
PROPERTY sim/exclude_net 140.681104/40.731356/140.690308/40.732502
PROPERTY sim/exclude_obj 140.679957/40.730428/140.688187/40.731388
PROPERTY sim/exclude_for 140.679957/40.730428/140.688187/40.731388
PROPERTY sim/exclude_net 140.679957/40.730428/140.688187/40.731388
PROPERTY sim/exclude_obj 140.682295/40.732463/140.691956/40.735237
PROPERTY sim/exclude_for 140.682295/40.732463/140.691956/40.735237
PROPERTY sim/exclude_net 140.682295/40.732463/140.691956/40.735237
PROPERTY sim/exclude_obj 140.685852/40.735210/140.695602/40.738438
PROPERTY sim/exclude_for 140.685852/40.735210/140.695602/40.738438
PROPERTY sim/exclude_net 140.685852/40.735210/140.695602/40.738438
PROPERTY sim/exclude_net 140.691269/40.733425/140.694977/40.735210
PROPERTY sim/exclude_obj 140.691234/40.734509/140.696136/40.742432
PROPERTY sim/exclude_for 140.691234/40.734509/140.696136/40.742432
PROPERTY sim/exclude_net 140.691234/40.734509/140.696136/40.742432
PROPERTY sim/exclude_obj 140.695114/40.737247/140.701675/40.742989
PROPERTY sim/exclude_for 140.695114/40.737247/140.701675/40.742989
PROPERTY sim/exclude_net 140.695114/40.737247/140.701675/40.742989
PROPERTY sim/exclude_for 140.695602/40.735165/140.704666/40.743130
PROPERTY sim/exclude_net 140.695602/40.735165/140.704666/40.743130
PROPERTY sim/exclude_obj 140.687912/40.738995/140.691681/40.740585
PROPERTY sim/exclude_for 140.687912/40.738995/140.691681/40.740585
PROPERTY sim/exclude_lin 140.687912/40.738995/140.691681/40.740585
PROPERTY sim/exclude_str 140.687912/40.738995/140.691681/40.740585
PROPERTY sim/require_agpoint 1/0
PROPERTY sim/require_object 1/0
PROPERTY sim/require_facade 1/7
PROPERTY sim/require_facade 6/0
