PROPERTY sim/west -180
PROPERTY sim/east 180
PROPERTY sim/north 90
PROPERTY sim/south -90
PROPERTY sim/planet earth
PROPERTY sim/creation_agent WorldEditor2.0.0r4
PROPERTY laminar/internal_revision 0
PROPERTY sim/overlay 1
FILTER 0
BEGIN_POLYGON 0 115 4
BEGIN_WINDING
POLYGON_POINT -67.568291209 -46.538544727 -67.568291209 -46.538544727
POLYGON_POINT -67.568291209 -46.538544727 -67.568253119 -46.538553089
POLYGON_POINT -67.568043556 -46.538637098 -67.567996551 -46.538657167
POLYGON_POINT -67.567681368 -46.538733666 -67.567620586 -46.538755965
POLYGON_POINT -67.567170318 -46.538879957 -67.567170318 -46.538879957
POLYGON_POINT -67.566975381 -46.538945847 -67.566975381 -46.538945847
POLYGON_POINT -67.566903119 -46.538915792 -67.566890152 -46.538902970
POLYGON_POINT -67.566882953 -46.538845278 -67.566882953 -46.538845278
POLYGON_POINT -67.566978742 -46.538827939 -67.566994951 -46.538821249
POLYGON_POINT -67.567029157 -46.538795572 -67.567053470 -46.538791112
POLYGON_POINT -67.567134123 -46.538789193 -67.567134123 -46.538789193
POLYGON_POINT -67.567233756 -46.538792935 -67.567260500 -46.538789590
POLYGON_POINT -67.567278084 -46.538784857 -67.567278084 -46.538784857
POLYGON_POINT -67.567492958 -46.538723189 -67.567492958 -46.538723189
POLYGON_POINT -67.567652621 -46.538674195 -67.567688415 -46.538663046
POLYGON_POINT -67.568019148 -46.538580210 -67.568060480 -46.538554566
POLYGON_POINT -67.568178616 -46.538496176 -67.568197256 -46.538487814
POLYGON_POINT -67.568403803 -46.538412947 -67.568403803 -46.538412947
POLYGON_POINT -67.568497910 -46.538501956 -67.568499590 -46.538506580
POLYGON_POINT -67.568291209 -46.538544727 -67.568253119 -46.538553089
END_WINDING
END_POLYGON
FILTER -1
FILTER 0
FILTER -1
FILTER 0
FILTER -1
FILTER 0
FILTER -1
FILTER 0
FILTER -1
FILTER 0
OBJECT 0 -67.518250195 -46.502107167 0.000000
OBJECT 0 -67.514903229 -46.498484637 0.000000
OBJECT 0 -67.496733988 -46.497277126 0.000000
OBJECT 0 -67.494662057 -46.495410974 0.000000
OBJECT 0 -67.489083781 -46.495959843 0.000000
OBJECT 0 -67.503109160 -46.489483197 0.000000
OBJECT 0 -67.507571781 -46.490032066 0.000000
OBJECT 0 -67.505340471 -46.491459123 0.000000
OBJECT 0 -67.499762195 -46.491788444 0.000000
OBJECT 0 -67.515563576 -46.544723494 0.000000
OBJECT 0 -67.534165572 -46.537588206 0.000000
OBJECT 0 -67.526193288 -46.565946399 0.000000
OBJECT 0 -67.524067346 -46.574179423 0.000000
OBJECT 0 -67.527787745 -46.574728291 90.000000
OBJECT 0 -67.549445784 -46.526793797 0.000000
OBJECT 0 -67.551970341 -46.529172227 0.000000
OBJECT 0 -67.551305984 -46.521213637 0.000000
OBJECT 0 -67.555026383 -46.522036939 0.000000
OBJECT 0 -67.557816682 -46.523866500 90.000000
OBJECT 0 -67.536158643 -46.514901652 0.000000
OBJECT 0 -67.534431315 -46.511882877 0.000000
OBJECT 0 -67.529780816 -46.509504447 90.000000
OBJECT 0 -67.520184443 -46.503009507 0.000000
OBJECT 0 -67.513009882 -46.506741811 0.000000
OBJECT 0 -67.510299492 -46.510144794 0.000000
OBJECT 0 -67.516836315 -46.508607963 90.000000
OBJECT 0 -67.524170311 -46.509047057 0.000000
OBJECT 0 -67.520981617 -46.507180905 0.000000
OBJECT 0 -67.530547698 -46.505644074 90.000000
OBJECT 0 -67.549520427 -46.502899733 0.000000
OBJECT 0 -67.550636469 -46.501033581 90.000000
OBJECT 0 -67.545375125 -46.502350865 180.000000
OBJECT 0 -67.553346859 -46.492910331 0.000000
OBJECT 0 -67.552230816 -46.489726895 0.000000
OBJECT 0 -67.556216684 -46.491044179 0.000000
OBJECT 0 -67.556694988 -46.499277202 0.000000
OBJECT 0 -67.553027990 -46.498728334 90.000000
OBJECT 0 -67.547607210 -46.499167429 0.000000
OBJECT 0 -67.543302474 -46.498947881 0.000000
OBJECT 0 -67.541548692 -46.496532861 180.000000
OBJECT 0 -67.545853429 -46.496532861 180.000000
OBJECT 0 -67.549998731 -46.496971956 135.005203
OBJECT 0 -67.553665729 -46.496862182 0.000000
OBJECT 0 -67.618556105 -46.522003675 0.000000
OBJECT 0 -67.608235875 -46.523459489 0.000000
OBJECT 0 -67.610735807 -46.522797756 0.000000
OBJECT 0 -67.614710056 -46.523106565 0.000000
OBJECT 0 -67.615992073 -46.519974359 0.000000
OBJECT 0 -67.599549431 -46.527659261 0.000000
OBJECT 0 -67.593890834 -46.530637743 0.000000
OBJECT 0 -67.598811225 -46.535519734 0.000000
OBJECT 0 -67.600794673 -46.518137384 0.000000
OBJECT 0 -67.568743897 -46.514740486 0.000000
OBJECT 0 -67.572461787 -46.514078752 0.000000
OBJECT 0 -67.574769443 -46.516769802 0.000000
OBJECT 0 -67.577974521 -46.517652113 90.000000
OBJECT 0 -67.581051395 -46.518799118 135.004044
OBJECT 0 -67.549513432 -46.519284389 270.000000
OBJECT 0 -67.543551988 -46.514696370 0.000000
OBJECT 0 -67.552974916 -46.516505108 0.000000
OBJECT 0 -67.552718510 -46.519372620 135.004349
OBJECT 0 -67.556115892 -46.519152043 90.000000
OBJECT 0 -67.559705579 -46.519549083 0.000000
OBJECT 0 -67.562397844 -46.519328505 0.000000
OBJECT 0 -67.612440171 -46.574262072 135.006943
OBJECT 0 -67.616093760 -46.571443577 153.439316
OBJECT 0 -67.605249092 -46.569335238 0.000000
OBJECT 0 -67.605249092 -46.570328065 0.000000
OBJECT 0 -67.606772856 -46.574886389 0.000000
OBJECT 0 -67.606946765 -46.580830902 0.000000
OBJECT 0 -67.591735544 -46.578677557 0.000000
OBJECT 0 -67.587531797 -46.577215525 0.000000
OBJECT 0 -67.589961243 -46.577177468 0.000000
OBJECT 0 -67.600430550 -46.575333646 0.000000
OBJECT 0 -67.601152571 -46.571043214 0.000000
OBJECT 0 -67.597310387 -46.571823293 0.000000
OBJECT 0 -67.591534217 -46.573223888 0.000000
OBJECT 0 -67.594293370 -46.574766316 0.000000
OBJECT 0 -67.595324829 -46.576840616 0.000000
OBJECT 0 -67.574832488 -46.559166053 0.000000
OBJECT 0 -67.581054428 -46.561977258 180.000000
OBJECT 0 -67.577010913 -46.561659202 90.000000
OBJECT 0 -67.573055322 -46.566300357 0.000000
OBJECT 0 -67.581349957 -46.566630034 0.000000
OBJECT 0 -67.585463831 -46.566601535 0.000000
OBJECT 0 -67.588805969 -46.559845627 0.000000
OBJECT 0 -67.572303298 -46.549815466 0.000000
OBJECT 0 -67.572732936 -46.553669073 0.000000
OBJECT 0 -67.594146175 -46.548092907 0.000000
OBJECT 0 -67.596165251 -46.549998780 0.000000
OBJECT 0 -67.583470849 -46.551284137 0.000000
OBJECT 0 -67.585661761 -46.553677560 0.000000
OBJECT 0 -67.588454100 -46.552495623 0.000000
OBJECT 0 -67.567597386 -46.525462937 224.999557
OBJECT 0 -67.572278460 -46.526349390 0.000000
OBJECT 0 -67.575349072 -46.525876615 0.000000
OBJECT 0 -67.577625190 -46.526113003 0.000000
OBJECT 0 -67.579750999 -46.528196167 0.000000
OBJECT 0 -67.577453408 -46.527841586 0.000000
OBJECT 0 -67.577925624 -46.535034264 0.000000
OBJECT 0 -67.571030478 -46.536863903 0.000000
OBJECT 0 -67.575390189 -46.537417050 0.000000
OBJECT 0 -67.579718980 -46.537587249 0.000000
OBJECT 0 -67.584202371 -46.537417050 0.000000
OBJECT 0 -67.588191043 -46.537395775 0.000000
OBJECT 0 -67.584443301 -46.529468759 0.000000
OBJECT 1 -67.566814573 -46.538596720 183.809998
OBJECT 2 -67.567062636 -46.538664813 86.419998
OBJECT 3 -67.568472790 -46.538734813 0.000000
OBJECT 3 -67.568117357 -46.539048342 0.000000
OBJECT 3 -67.568033726 -46.538944791 0.000000
OBJECT 3 -67.568058815 -46.538870004 0.000000
OBJECT 3 -67.568100631 -46.538780836 0.000000
OBJECT 3 -67.568443519 -46.538596745 0.000000
OBJECT 3 -67.568263712 -46.538608251 0.000000
OBJECT 3 -67.566933718 -46.538807722 0.000000
OBJECT 4 -67.568334798 -46.538754948 0.000000
OBJECT 5 -67.566993022 -46.538769177 0.000000
OBJECT 5 -67.566903956 -46.538765710 0.000000
OBJECT 5 -67.566374596 -46.538595783 0.000000
FILTER -1
OBJECT_DEF lib/g10/US/industrial/power/WindTbn2m5_100.obj
OBJECT_DEF lib/cars/car.obj
OBJECT_DEF lib/airport/European_Airports/hangars/25x20x5.obj
OBJECT_DEF lib/g10/forests/autogen_tree3.obj
OBJECT_DEF lib/g10/US/industrial/light/WoodShed8x10.obj
OBJECT_DEF lib/g10/US/industrial/light/OilDrums.obj
POLYGON_DEF lib/airport/pavement/asphalt_2D.pol
PROPERTY sim/filter/aptid SA25
PROPERTY sim/exclude_obj -67.567772/-46.539857/-67.565720/-46.538556
PROPERTY sim/exclude_fac -67.567772/-46.539857/-67.565720/-46.538556
PROPERTY sim/exclude_for -67.567772/-46.539857/-67.565720/-46.538556
PROPERTY sim/exclude_bch -67.567772/-46.539857/-67.565720/-46.538556
PROPERTY sim/exclude_net -67.567772/-46.539857/-67.565720/-46.538556
PROPERTY sim/exclude_lin -67.567772/-46.539857/-67.565720/-46.538556
PROPERTY sim/exclude_str -67.567772/-46.539857/-67.565720/-46.538556
PROPERTY sim/require_agpoint 1/0
PROPERTY sim/require_object 1/0
PROPERTY sim/require_facade 6/0
