PROPERTY sim/west -180
PROPERTY sim/east 180
PROPERTY sim/north 90
PROPERTY sim/south -90
PROPERTY sim/planet earth
PROPERTY sim/creation_agent WorldEditor1.5.1r1
PROPERTY laminar/internal_revision 0
PROPERTY sim/overlay 1
FILTER 0
FILTER -1
FILTER 0
FILTER -1
FILTER 0
FILTER -1
FILTER 0
FILTER -1
FILTER 0
FILTER -1
FILTER 0
OBJECT 0 -48.488322128 -1.384644603 317.700012
OBJECT 0 -48.488219536 -1.384640658 317.700012
OBJECT 0 -48.488115410 -1.384637919 317.700012
OBJECT 0 -48.488015851 -1.384634267 317.700012
OBJECT 0 -48.487922686 -1.384629701 317.700012
OBJECT 0 -48.488164609 -1.383758977 145.009995
OBJECT 0 -48.488165925 -1.383655100 145.009995
OBJECT 0 -48.488164609 -1.383556483 145.009995
OBJECT 1 -48.487203615 -1.383871182 135.940002
OBJECT 2 -48.489267712 -1.383899686 175.720001
OBJECT 2 -48.489427124 -1.383910731 175.720001
OBJECT 2 -48.489575487 -1.383913887 175.720001
OBJECT 2 -48.489728585 -1.383924932 175.720001
OBJECT 3 -48.488070611 -1.384086258 222.429993
OBJECT 3 -48.488075956 -1.383961913 222.429993
OBJECT 3 -48.488081140 -1.383841300 222.429993
OBJECT 3 -48.488086397 -1.383718989 222.429993
OBJECT 3 -48.488091445 -1.383601536 222.429993
OBJECT 4 -48.481507387 -1.387138216 357.480011
OBJECT 4 -48.481499809 -1.387314353 357.480011
OBJECT 5 -48.482873226 -1.388110638 270.850006
OBJECT 6 -48.483532330 -1.383721194 107.879997
OBJECT 6 -48.483236656 -1.383393877 137.639999
OBJECT 6 -48.484765016 -1.386160570 358.420013
OBJECT 6 -48.484840776 -1.386219266 358.420013
OBJECT 6 -48.479174402 -1.379815124 175.509995
OBJECT 6 -48.479110006 -1.379746960 175.509995
OBJECT 7 -48.482689865 -1.383195364 176.139999
OBJECT 7 -48.483803847 -1.381715767 159.970001
OBJECT 7 -48.483957300 -1.381717661 159.970001
OBJECT 7 -48.484114543 -1.381719555 159.970001
OBJECT 7 -48.482786459 -1.383062823 176.139999
OBJECT 7 -48.484471093 -1.383775201 96.599998
OBJECT 7 -48.484137265 -1.383457830 175.050003
OBJECT 7 -48.479000155 -1.379720451 175.050003
OBJECT 8 -48.484754353 -1.385497003 78.419998
OBJECT 8 -48.484834585 -1.385574582 78.419998
OBJECT 8 -48.484910871 -1.385658735 78.419998
OBJECT 9 -48.484712761 -1.385388486 78.379997
OBJECT 9 -48.484793870 -1.385459710 78.379997
OBJECT 9 -48.484874978 -1.385535316 78.379997
OBJECT 9 -48.484953895 -1.385609827 78.379997
OBJECT 8 -48.474741061 -1.385517731 275.089996
OBJECT 10 -48.474952895 -1.387930898 231.339996
OBJECT 10 -48.474960567 -1.387998834 231.339996
OBJECT 10 -48.474968240 -1.388070057 323.529999
OBJECT 10 -48.474973720 -1.388141281 323.529999
OBJECT 10 -48.474973720 -1.388208121 323.529999
OBJECT 8 -48.474846916 -1.386911778 275.089996
OBJECT 11 -48.479311836 -1.390941988 90.000000
OBJECT 11 -48.479278446 -1.390600010 87.949997
OBJECT 11 -48.479247258 -1.390274354 82.669998
OBJECT 11 -48.479224892 -1.390003415 96.050003
OBJECT 11 -48.479199107 -1.389741020 89.139999
OBJECT 11 -48.479171698 -1.389479068 91.320000
OBJECT 11 -48.479144246 -1.389283684 91.589996
OBJECT 11 -48.479120126 -1.389006388 100.980003
OBJECT 11 -48.479101274 -1.388781775 97.500000
OBJECT 11 -48.479085925 -1.388595450 98.690002
OBJECT 11 -48.479063099 -1.388370163 99.459999
OBJECT 11 -48.479013106 -1.388188660 113.889999
OBJECT 11 -48.478917256 -1.387713964 96.419998
OBJECT 11 -48.478921990 -1.387552496 49.400002
OBJECT 11 -48.479113090 -1.387523573 6.980000
OBJECT 11 -48.479520224 -1.387536613 3.880000
OBJECT 11 -48.482717149 -1.388388194 2.940000
OBJECT 11 -48.482882917 -1.388383459 37.150002
OBJECT 11 -48.482521384 -1.388383459 2.660000
OBJECT 11 -48.482395084 -1.388235100 270.000000
OBJECT 11 -48.482209162 -1.387933818 323.429993
OBJECT 11 -48.482383614 -1.388076652 306.290009
OBJECT 11 -48.482073127 -1.387816235 313.670013
OBJECT 11 -48.481951202 -1.387711820 322.179993
OBJECT 11 -48.481814377 -1.387605286 325.649994
OBJECT 11 -48.481575279 -1.387592717 349.700012
OBJECT 11 -48.481226376 -1.387583247 353.000000
OBJECT 11 -48.474406471 -1.384224832 4.970000
OBJECT 11 -48.474597499 -1.384207471 0.720000
OBJECT 11 -48.474208345 -1.384144466 241.779999
OBJECT 11 -48.474213942 -1.384523061 264.929993
OBJECT 11 -48.474249407 -1.385024880 271.929993
OBJECT 11 -48.474287600 -1.385537608 273.429993
OBJECT 11 -48.474331518 -1.386119820 274.209991
OBJECT 11 -48.474364255 -1.386583457 268.920013
OBJECT 11 -48.474399720 -1.387063458 274.399994
OBJECT 11 -48.474431921 -1.387511338 272.149994
OBJECT 11 -48.474455564 -1.387808156 272.420013
OBJECT 11 -48.474491827 -1.388328281 274.540009
OBJECT 11 -48.474727444 -1.388547292 355.679993
OBJECT 11 -48.475036247 -1.388558655 4.760000
OBJECT 11 -48.475656790 -1.388591581 1.170000
OBJECT 11 -48.475901496 -1.388613677 348.179993
OBJECT 11 -48.476032532 -1.388749409 295.350006
OBJECT 11 -48.476052170 -1.388981480 267.239990
OBJECT 11 -48.476066105 -1.389309949 267.649994
OBJECT 11 -48.476085436 -1.389619793 271.579987
OBJECT 11 -48.476105881 -1.389934685 272.160004
OBJECT 11 -48.476126115 -1.390289569 270.000000
OBJECT 11 -48.476146247 -1.390656504 273.630005
OBJECT 11 -48.476157120 -1.390897253 271.579987
OBJECT 11 -48.476175308 -1.391224526 272.160004
OBJECT 11 -48.476214875 -1.391557669 270.000000
OBJECT 11 -48.476257918 -1.391921007 289.820007
OBJECT 11 -48.478068156 -1.391974574 9.010000
OBJECT 11 -48.478348384 -1.391919334 14.930000
OBJECT 11 -48.478639971 -1.391861818 15.150000
OBJECT 11 -48.478944645 -1.391817393 43.330002
OBJECT 11 -48.478952320 -1.391608051 89.290001
OBJECT 11 -48.478919798 -1.391416031 106.389999
OBJECT 11 -48.478965476 -1.391292779 52.730000
OBJECT 11 -48.479080948 -1.391222374 29.520000
OBJECT 11 -48.479244956 -1.391133861 33.689999
BEGIN_POLYGON 0 10 2
BEGIN_WINDING
POLYGON_POINT -48.484847042 -1.380942012
POLYGON_POINT -48.484860683 -1.381512013
POLYGON_POINT -48.484242542 -1.381526797
POLYGON_POINT -48.484228901 -1.380956796
END_WINDING
END_POLYGON
OBJECT 12 -48.483756991 -1.381497070 88.730003
OBJECT 12 -48.483768358 -1.381508433 180.000000
OBJECT 12 -48.484209396 -1.381510706 181.270004
OBJECT 12 -48.484223036 -1.381497070 272.410004
OBJECT 12 -48.483750751 -1.380997221 89.029999
OBJECT 12 -48.483756434 -1.380985858 355.000000
OBJECT 12 -48.484216796 -1.380982070 5.330000
OBJECT 12 -48.484220585 -1.380987752 270.470001
OBJECT 12 -48.483202580 -1.380505984 44.660000
OBJECT 12 -48.483213947 -1.380504090 313.119995
OBJECT 12 -48.483310566 -1.380598788 309.290009
OBJECT 12 -48.483312460 -1.380610151 223.860001
OBJECT 12 -48.483558618 -1.381023278 316.429993
OBJECT 12 -48.483557039 -1.381034326 222.809998
OBJECT 12 -48.482958451 -1.380749682 42.270000
OBJECT 12 -48.482953715 -1.380759151 132.710007
OBJECT 12 -48.482860489 -1.381077162 135.419998
OBJECT 12 -48.482859174 -1.381067956 36.869999
OBJECT 12 -48.483177554 -1.381403341 135.440002
OBJECT 12 -48.483182816 -1.381405972 233.710007
OBJECT 12 -48.481683076 -1.380298412 91.529999
OBJECT 12 -48.482807040 -1.380298412 270.429993
OBJECT 12 -48.482239602 -1.379755684 355.649994
OBJECT 12 -48.482247786 -1.380832958 178.289993
OBJECT 12 -48.482269611 -1.380745685 1.160000
OBJECT 12 -48.481803111 -1.380284775 269.200012
OBJECT 12 -48.482719742 -1.380295685 89.699997
OBJECT 12 -48.482253242 -1.379829320 180.809998
OBJECT 12 -48.485912681 -1.383586209 309.320007
OBJECT 12 -48.485912681 -1.383265754 230.940002
OBJECT 12 -48.486312798 -1.383586209 50.889999
OBJECT 12 -48.486319618 -1.383258936 129.490005
OBJECT 12 -48.485719443 -1.383061208 88.260002
OBJECT 12 -48.486503763 -1.383058936 268.709991
OBJECT 12 -48.486310525 -1.383063481 359.140015
OBJECT 12 -48.485912681 -1.383068026 4.540000
OBJECT 12 -48.485719443 -1.383770300 89.349998
OBJECT 12 -48.486507025 -1.383780390 268.700012
OBJECT 12 -48.485915943 -1.383782284 180.449997
OBJECT 12 -48.486315681 -1.383782284 179.080002
OBJECT 12 -48.487204091 -1.385409350 227.070007
OBJECT 12 -48.486885184 -1.385434602 158.009995
OBJECT 12 -48.486864660 -1.385150511 36.029999
OBJECT 12 -48.487181988 -1.385131572 353.480011
OBJECT 12 -48.487103539 -1.384669310 0.400000
OBJECT 12 -48.487351402 -1.384661419 0.400000
OBJECT 12 -48.487630839 -1.384655106 2.640000
OBJECT 12 -48.487033199 -1.384220986 266.589996
OBJECT 12 -48.487042649 -1.384090478 268.839996
OBJECT 12 -48.487045152 -1.383920411 270.000000
OBJECT 12 -48.487192526 -1.383673422 181.410004
OBJECT 12 -48.488346603 -1.383726667 180.000000
OBJECT 12 -48.488243057 -1.383715974 91.110001
OBJECT 12 -48.488240012 -1.383594193 92.320000
OBJECT 12 -48.488026832 -1.383470128 180.889999
OBJECT 12 -48.488187478 -1.383470128 179.759995
OBJECT 12 -48.487852985 -1.384717659 348.109985
OBJECT 12 -48.488004361 -1.384723181 355.630005
OBJECT 12 -48.488158535 -1.384728890 357.850006
OBJECT 12 -48.488296437 -1.384736616 357.829987
OBJECT 12 -48.488468376 -1.384739787 355.630005
OBJECT 12 -48.490125374 -1.384004157 147.929993
OBJECT 12 -48.489919260 -1.383950452 152.369995
OBJECT 12 -48.488900948 -1.383713056 182.610001
OBJECT 12 -48.489094637 -1.383724017 179.529999
OBJECT 12 -48.489276377 -1.383731977 178.050003
OBJECT 12 -48.489433977 -1.383738066 180.250000
OBJECT 12 -48.489586511 -1.383742644 177.520004
OBJECT 12 -48.489801975 -1.383810385 132.759995
OBJECT 12 -48.479505663 -1.391380846 93.139999
OBJECT 12 -48.479520131 -1.391543892 94.550003
OBJECT 12 -48.479541176 -1.391681956 153.240005
OBJECT 12 -48.479726630 -1.391663547 236.610001
OBJECT 12 -48.479494745 -1.391270493 47.730000
OBJECT 12 -48.479685461 -1.391251865 329.100006
OBJECT 12 -48.481497484 -1.388345533 86.919998
OBJECT 12 -48.481498806 -1.388349496 177.429993
OBJECT 12 -48.482305515 -1.388385665 180.000000
OBJECT 12 -48.481519388 -1.387871683 88.139999
OBJECT 12 -48.481520122 -1.387868747 356.329987
OBJECT 12 -48.481693452 -1.387875911 359.220001
OBJECT 12 -48.481696389 -1.387878112 269.440002
OBJECT 12 -48.481900890 -1.387938641 357.809998
OBJECT 12 -48.481902726 -1.387940476 266.549988
OBJECT 12 -48.482116287 -1.388009093 358.820007
OBJECT 12 -48.482117511 -1.388012151 269.630005
OBJECT 12 -48.482237492 -1.388140885 358.279999
OBJECT 12 -48.482238511 -1.388143943 267.980011
OBJECT 12 -48.482313710 -1.388198732 357.049988
OBJECT 12 -48.482313964 -1.388202045 266.700012
OBJECT 12 -48.482306089 -1.388351970 270.399994
OBJECT 12 -48.480625291 -1.388348473 141.009995
OBJECT 12 -48.480621503 -1.388115580 45.369999
OBJECT 12 -48.481060911 -1.388121260 309.290009
OBJECT 12 -48.481057123 -1.388357940 218.419998
OBJECT 12 -48.487401609 -1.383735640 94.870003
OBJECT 12 -48.487400848 -1.383920547 89.709999
OBJECT 12 -48.487400001 -1.384100768 89.709999
OBJECT 12 -48.487415858 -1.384108377 148.649994
OBJECT 12 -48.487420298 -1.384108377 221.869995
OBJECT 12 -48.487676310 -1.384110030 147.529999
OBJECT 12 -48.487681385 -1.384110664 210.190002
OBJECT 12 -48.487933973 -1.384112602 90.269997
OBJECT 12 -48.487940845 -1.384113131 137.619995
OBJECT 12 -48.487945602 -1.384113131 181.300003
OBJECT 12 -48.487950359 -1.384113659 220.160004
OBJECT 12 -48.487953202 -1.384111179 268.040009
OBJECT 12 -48.487952429 -1.383971723 267.679993
OBJECT 12 -48.487954256 -1.383772663 270.000000
OBJECT 12 -48.487951516 -1.383601910 268.880005
OBJECT 12 -48.490214930 -1.384560690 137.490005
OBJECT 12 -48.490698573 -1.384550344 229.330002
OBJECT 12 -48.490204904 -1.384115588 93.250000
OBJECT 12 -48.488574092 -1.384713986 270.669983
OBJECT 12 -48.489018570 -1.384748502 270.669983
OBJECT 12 -48.488580998 -1.384661058 270.669983
OBJECT 12 -48.489018570 -1.384699646 270.669983
OBJECT 12 -48.488574269 -1.384663536 90.339996
OBJECT 12 -48.489013258 -1.384700000 90.339996
OBJECT 12 -48.488566301 -1.384713809 90.339996
OBJECT 12 -48.489014143 -1.384748679 90.339996
OBJECT 12 -48.490206752 -1.384265483 90.339996
OBJECT 12 -48.490207202 -1.384414978 91.349998
OBJECT 12 -48.490216350 -1.384549336 92.449997
OBJECT 12 -48.490225820 -1.384561959 179.750000
OBJECT 12 -48.490454826 -1.384561456 180.399994
OBJECT 12 -48.490692673 -1.384555325 180.449997
OBJECT 12 -48.490700565 -1.384537969 263.720001
OBJECT 12 -48.490697738 -1.384444960 265.739990
OBJECT 12 -48.490697844 -1.384354251 265.739990
OBJECT 12 -48.482623285 -1.383019600 141.679993
OBJECT 12 -48.482632241 -1.383019352 222.419998
OBJECT 12 -48.484783093 -1.385275560 137.729996
OBJECT 12 -48.484947871 -1.385432715 141.750000
OBJECT 12 -48.484651077 -1.384986072 138.369995
OBJECT 12 -48.484514288 -1.384833545 137.259995
OBJECT 12 -48.484307790 -1.384744132 139.919998
OBJECT 12 -48.484142076 -1.384635422 136.770004
OBJECT 12 -48.484154083 -1.384331651 82.209999
OBJECT 12 -48.484156999 -1.384338966 138.210007
OBJECT 12 -48.483579767 -1.383774292 103.339996
OBJECT 12 -48.483585857 -1.383779619 179.199997
OBJECT 12 -48.483479024 -1.383544128 136.690002
OBJECT 12 -48.483298849 -1.383380238 137.339996
OBJECT 12 -48.483172467 -1.383191754 136.759995
OBJECT 12 -48.483036099 -1.383064893 140.529999
OBJECT 12 -48.482897837 -1.382938032 137.759995
OBJECT 12 -48.481900941 -1.382495997 137.139999
OBJECT 12 -48.481750591 -1.382353913 135.809998
OBJECT 12 -48.481608542 -1.382204331 139.339996
OBJECT 12 -48.481489220 -1.382088830 138.699997
OBJECT 12 -48.481453990 -1.381945942 136.589996
OBJECT 12 -48.481334300 -1.381834176 137.360001
OBJECT 12 -48.481219871 -1.381728985 137.660004
OBJECT 12 -48.481107559 -1.381622489 136.919998
OBJECT 12 -48.480975737 -1.381499794 140.360001
OBJECT 12 -48.480834824 -1.381370282 135.369995
OBJECT 12 -48.479328248 -1.379974532 136.470001
OBJECT 12 -48.479212504 -1.379868026 137.419998
OBJECT 12 -48.479215135 -1.379856192 45.689999
OBJECT 12 -48.479170415 -1.379678682 135.699997
OBJECT 12 -48.479071770 -1.379584009 136.110001
OBJECT 12 -48.478797426 -1.379726706 222.809998
OBJECT 12 -48.475091431 -1.383684563 94.669998
OBJECT 12 -48.475083539 -1.383449460 95.709999
OBJECT 12 -48.475069334 -1.383193845 96.370003
OBJECT 12 -48.474826403 -1.383087045 185.649994
OBJECT 12 -48.474618063 -1.383093356 185.710007
OBJECT 12 -48.474402458 -1.383111855 184.669998
OBJECT 12 -48.474211743 -1.383270957 273.410004
OBJECT 12 -48.474223116 -1.383526006 275.220001
OBJECT 12 -48.474246229 -1.383758158 275.269989
OBJECT 12 -48.474268588 -1.384005357 275.190002
OBJECT 12 -48.474621027 -1.384235936 275.649994
OBJECT 12 -48.474632864 -1.384434484 273.959991
OBJECT 12 -48.474641865 -1.384600041 275.450012
OBJECT 12 -48.474645810 -1.384655266 273.579987
OBJECT 12 -48.474661594 -1.384838037 274.829987
OBJECT 12 -48.474678285 -1.385031977 276.790009
OBJECT 12 -48.474682669 -1.385073615 275.809998
OBJECT 12 -48.474694814 -1.385255114 275.480011
OBJECT 12 -48.474710597 -1.385454978 275.010010
OBJECT 12 -48.474718540 -1.385606971 273.480011
OBJECT 12 -48.474728010 -1.385786848 275.829987
OBJECT 12 -48.474746361 -1.385978084 277.230011
OBJECT 12 -48.474749071 -1.386046183 273.660004
OBJECT 12 -48.474767485 -1.386218434 274.359985
OBJECT 12 -48.474780322 -1.386406869 277.359985
OBJECT 12 -48.474789529 -1.386466039 276.079987
OBJECT 12 -48.474798529 -1.386650281 276.730011
OBJECT 12 -48.474815137 -1.386850491 274.089996
OBJECT 12 -48.474827764 -1.387001966 273.529999
OBJECT 12 -48.474842666 -1.387182091 274.450012
OBJECT 12 -48.474855292 -1.387358812 275.010010
OBJECT 12 -48.474856871 -1.387440862 273.540009
OBJECT 12 -48.474873056 -1.387622923 274.519989
OBJECT 12 -48.474887593 -1.387809198 274.260010
OBJECT 12 -48.474892328 -1.387870735 272.880005
OBJECT 12 -48.474904955 -1.388060079 274.459991
OBJECT 12 -48.474923895 -1.388243112 273.579987
OBJECT 13 -48.480917299 -1.387593316 2.830000
OBJECT 13 -48.480516096 -1.387560012 4.140000
OBJECT 13 -48.480100962 -1.387558747 0.400000
OBJECT 13 -48.479663776 -1.387557638 359.179993
OBJECT 13 -48.479253410 -1.387560794 359.089996
OBJECT 14 -48.479167225 -1.389214319 96.120003
OBJECT 14 -48.479110572 -1.388610119 93.400002
OBJECT 14 -48.478861595 -1.387434419 51.459999
OBJECT 13 -48.478826619 -1.387154227 147.190002
OBJECT 13 -48.479041341 -1.387934060 95.080002
OBJECT 13 -48.478962161 -1.388815039 34.169998
OBJECT 13 -48.479020683 -1.389465629 36.740002
OBJECT 13 -48.478982293 -1.389674434 71.150002
OBJECT 13 -48.479015673 -1.390043766 78.629997
OBJECT 13 -48.479072783 -1.390494994 77.940002
OBJECT 13 -48.479097993 -1.390974930 73.449997
OBJECT 15 -48.479096329 -1.390975197 126.660004
OBJECT 16 -48.479198357 -1.390854031 140.000000
OBJECT 16 -48.479300648 -1.390732456 140.000000
OBJECT 15 -48.479072084 -1.390493646 122.959999
OBJECT 17 -48.479130794 -1.390457610 121.000000
OBJECT 16 -48.479266460 -1.390375564 121.000000
OBJECT 15 -48.479015872 -1.390044191 114.330002
OBJECT 18 -48.479100015 -1.390079449 67.000000
OBJECT 16 -48.479244212 -1.390141257 67.000000
OBJECT 15 -48.478981419 -1.389675804 105.580002
OBJECT 19 -48.479081560 -1.389738545 58.000000
OBJECT 16 -48.479213934 -1.389821144 58.000000
OBJECT 20 -48.479021009 -1.389464310 76.050003
OBJECT 16 -48.479177040 -1.389449969 95.510002
OBJECT 20 -48.478961617 -1.388814765 80.709999
OBJECT 16 -48.479117648 -1.388800424 95.510002
OBJECT 21 -48.487337758 -1.383491407 99.870003
OBJECT 21 -48.487499169 -1.383491407 99.870003
OBJECT 21 -48.487671947 -1.383489134 99.870003
OBJECT 21 -48.487828811 -1.383489134 99.870003
BEGIN_POLYGON 1 10 2
BEGIN_WINDING
POLYGON_POINT -48.488358159 -1.383733417
POLYGON_POINT -48.488379543 -1.383732877
POLYGON_POINT -48.488579063 -1.384628067
END_WINDING
END_POLYGON
BEGIN_POLYGON 1 10 2
BEGIN_WINDING
POLYGON_POINT -48.488988283 -1.384691454
POLYGON_POINT -48.488969440 -1.384689924
POLYGON_POINT -48.488838600 -1.383747215
POLYGON_POINT -48.488866591 -1.383746811
END_WINDING
END_POLYGON
BEGIN_POLYGON 1 10 2
BEGIN_WINDING
POLYGON_POINT -48.484875179 -1.382416145
POLYGON_POINT -48.485406930 -1.382936431
POLYGON_POINT -48.486516227 -1.382940588
POLYGON_POINT -48.487748954 -1.383321402
POLYGON_POINT -48.487954980 -1.383476177
END_WINDING
END_POLYGON
BEGIN_POLYGON 1 10 2
BEGIN_WINDING
POLYGON_POINT -48.490208834 -1.384112321
POLYGON_POINT -48.490205667 -1.384079986
POLYGON_POINT -48.490076654 -1.383978187
POLYGON_POINT -48.489915622 -1.383960826
POLYGON_POINT -48.489746696 -1.383755649
POLYGON_POINT -48.488878046 -1.383720743
POLYGON_POINT -48.488866591 -1.383746811
END_WINDING
END_POLYGON
BEGIN_POLYGON 1 10 2
BEGIN_WINDING
POLYGON_POINT -48.488569911 -1.384706398
POLYGON_POINT -48.488567158 -1.384739434
POLYGON_POINT -48.487847084 -1.384710906
POLYGON_POINT -48.487269599 -1.384730253
POLYGON_POINT -48.487189405 -1.385127475
END_WINDING
END_POLYGON
BEGIN_POLYGON 1 10 2
BEGIN_WINDING
POLYGON_POINT -48.488577255 -1.384658069
POLYGON_POINT -48.488578173 -1.384663575
POLYGON_POINT -48.488575725 -1.384668163
END_WINDING
END_POLYGON
BEGIN_POLYGON 1 10 2
BEGIN_WINDING
POLYGON_POINT -48.488358159 -1.383733417
POLYGON_POINT -48.488236393 -1.383725012
POLYGON_POINT -48.488232576 -1.383478807
POLYGON_POINT -48.487954980 -1.383476177
POLYGON_POINT -48.487952349 -1.383593233
END_WINDING
END_POLYGON
BEGIN_POLYGON 1 10 2
BEGIN_WINDING
POLYGON_POINT -48.489015938 -1.384742649
POLYGON_POINT -48.489015938 -1.384755394
POLYGON_POINT -48.489962676 -1.384796676
POLYGON_POINT -48.490310000 -1.384825611
POLYGON_POINT -48.490737373 -1.384851413
END_WINDING
END_POLYGON
BEGIN_POLYGON 1 10 2
BEGIN_WINDING
POLYGON_POINT -48.489015170 -1.384693552
POLYGON_POINT -48.489015539 -1.384699821
POLYGON_POINT -48.489015908 -1.384706582
END_WINDING
END_POLYGON
BEGIN_POLYGON 2 10 2
BEGIN_WINDING
POLYGON_POINT -48.488989542 -1.384662757
POLYGON_POINT -48.488922990 -1.384189432
POLYGON_POINT -48.488866591 -1.383746811
END_WINDING
END_POLYGON
OBJECT 22 -48.489015387 -1.384708089 271.690002
OBJECT 22 -48.488570064 -1.384705236 90.980011
OBJECT 23 -48.489002031 -1.384677784 87.709999
OBJECT 23 -48.488564612 -1.384642813 87.709999
BEGIN_POLYGON 2 10 2
BEGIN_WINDING
POLYGON_POINT -48.488358159 -1.383733417
POLYGON_POINT -48.488524040 -1.384468031
POLYGON_POINT -48.488560029 -1.384626803
END_WINDING
END_POLYGON
BEGIN_POLYGON 2 10 2
BEGIN_WINDING
POLYGON_POINT -48.478711934 -1.379777460
POLYGON_POINT -48.478779190 -1.379709920
POLYGON_POINT -48.478845319 -1.379644327
END_WINDING
END_POLYGON
BEGIN_POLYGON 2 10 2
BEGIN_WINDING
POLYGON_POINT -48.484154378 -1.384474383
POLYGON_POINT -48.484442581 -1.384739781
POLYGON_POINT -48.484738992 -1.385029793
END_WINDING
END_POLYGON
BEGIN_POLYGON 2 10 4
BEGIN_WINDING
POLYGON_POINT -48.474448657 -1.383090305 -48.474448657 -1.383090305
POLYGON_POINT -48.474614382 -1.383077682 -48.474614382 -1.383077682
POLYGON_POINT -48.474783263 -1.383065059 -48.474784841 -1.383065059
POLYGON_POINT -48.474783263 -1.383065059 -48.474783263 -1.383065059
END_WINDING
END_POLYGON
BEGIN_POLYGON 2 10 2
BEGIN_WINDING
POLYGON_POINT -48.475073905 -1.383124500
POLYGON_POINT -48.475099159 -1.383435340
POLYGON_POINT -48.475121255 -1.383746181
END_WINDING
END_POLYGON
BEGIN_POLYGON 2 10 2
BEGIN_WINDING
POLYGON_POINT -48.474253267 -1.384080977
POLYGON_POINT -48.474214630 -1.383619734
POLYGON_POINT -48.474184174 -1.383197117
END_WINDING
END_POLYGON
OBJECT 24 -48.489795411 -1.384523705 180.000000
OBJECT 24 -48.489513942 -1.384518446 180.000000
OBJECT 24 -48.489239049 -1.384519761 180.000000
BEGIN_POLYGON 3 10 2
BEGIN_WINDING
POLYGON_POINT -48.484504556 -1.382525072
POLYGON_POINT -48.484763655 -1.382255142
POLYGON_POINT -48.484907063 -1.382392716
POLYGON_POINT -48.484647965 -1.382662646
END_WINDING
END_POLYGON
OBJECT 25 -48.483955062 -1.382629850 317.779999
OBJECT 25 -48.484696902 -1.383243326 317.779999
OBJECT 25 -48.484276409 -1.382835757 137.789993
OBJECT 25 -48.485018249 -1.383449233 137.789993
BEGIN_POLYGON 3 10 2
BEGIN_WINDING
POLYGON_POINT -48.487189405 -1.385127475
POLYGON_POINT -48.487209042 -1.385414091
POLYGON_POINT -48.486882984 -1.385436417
POLYGON_POINT -48.486863347 -1.385149801
END_WINDING
END_POLYGON
OBJECT 24 -48.475343974 -1.388267689 177.889999
BEGIN_POLYGON 4 10 2
BEGIN_WINDING
POLYGON_POINT -48.479348063 -1.379999996
POLYGON_POINT -48.479204435 -1.379862721
POLYGON_POINT -48.479276579 -1.379787282
POLYGON_POINT -48.479063267 -1.379583405
POLYGON_POINT -48.479159253 -1.379483035
POLYGON_POINT -48.479375556 -1.379689770
POLYGON_POINT -48.479437265 -1.379625242
POLYGON_POINT -48.479577902 -1.379759659
END_WINDING
END_POLYGON
OBJECT 26 -48.487378931 -1.383924615 270.000000
OBJECT 26 -48.487976871 -1.383773186 90.000000
OBJECT 27 -48.482161237 -1.379788785 135.000000
OBJECT 27 -48.481735902 -1.380361186 225.000000
OBJECT 27 -48.482334643 -1.379778972 225.000000
OBJECT 27 -48.482773066 -1.380377540 135.000000
OBJECT 27 -48.485811401 -1.383111137 180.000000
OBJECT 27 -48.486410143 -1.383107866 180.000000
OBJECT 27 -48.486416687 -1.383683538 90.000000
OBJECT 27 -48.486423230 -1.383166741 90.000000
BEGIN_POLYGON 5 10 4
BEGIN_WINDING
POLYGON_POINT -48.479536451 -1.391687149 -48.479536451 -1.391687149
POLYGON_POINT -48.479490154 -1.391265456 -48.479490154 -1.391265456
POLYGON_POINT -48.479687299 -1.391246301 -48.479693839 -1.391246070
POLYGON_POINT -48.479733596 -1.391667995 -48.479733596 -1.391667995
END_WINDING
END_POLYGON
BEGIN_POLYGON 5 10 4
BEGIN_WINDING
POLYGON_POINT -48.479667286 -1.388226089 -48.479667286 -1.388226089
POLYGON_POINT -48.479189600 -1.388255527 -48.479189600 -1.388255527
POLYGON_POINT -48.479177414 -1.388057886 -48.479177414 -1.388051344
POLYGON_POINT -48.479655100 -1.388028449 -48.479655100 -1.388028449
END_WINDING
END_POLYGON
BEGIN_POLYGON 5 10 2
BEGIN_WINDING
POLYGON_POINT -48.481334569 -1.390733962
POLYGON_POINT -48.480990634 -1.390625631
POLYGON_POINT -48.481092394 -1.390302751
POLYGON_POINT -48.481436328 -1.390411082
END_WINDING
END_POLYGON
BEGIN_POLYGON 5 10 2
BEGIN_WINDING
POLYGON_POINT -48.481480623 -1.389594131
POLYGON_POINT -48.481499469 -1.389942674
POLYGON_POINT -48.481175073 -1.389960204
POLYGON_POINT -48.481156228 -1.389611661
END_WINDING
END_POLYGON
BEGIN_POLYGON 6 10 2
BEGIN_WINDING
POLYGON_POINT -48.481064184 -1.388119923
POLYGON_POINT -48.481060912 -1.388361967
POLYGON_POINT -48.480620866 -1.388356022
POLYGON_POINT -48.480624138 -1.388113978
END_WINDING
END_POLYGON
OBJECT 28 -48.479309914 -1.387536133 180.000000
OBJECT 29 -48.479768803 -1.387555012 180.000000
OBJECT 29 -48.480594260 -1.387555329 180.000000
OBJECT 29 -48.480387898 -1.387556242 180.000000
OBJECT 29 -48.480181536 -1.387556242 180.000000
OBJECT 29 -48.479975174 -1.387556242 180.000000
BEGIN_POLYGON 3 10 2
BEGIN_WINDING
POLYGON_POINT -48.482306954 -1.388386363
POLYGON_POINT -48.481495542 -1.388350384
POLYGON_POINT -48.481516963 -1.387867582
POLYGON_POINT -48.481697870 -1.387875604
POLYGON_POINT -48.481695516 -1.387928651
POLYGON_POINT -48.481904133 -1.387937901
POLYGON_POINT -48.481901434 -1.387998748
POLYGON_POINT -48.482118392 -1.388008368
POLYGON_POINT -48.482112771 -1.388135043
POLYGON_POINT -48.482239352 -1.388140655
POLYGON_POINT -48.482236957 -1.388194637
POLYGON_POINT -48.482315306 -1.388198111
END_WINDING
END_POLYGON
OBJECT 30 -48.474932263 -1.388040697 94.360001
OBJECT 30 -48.474897701 -1.387612359 94.360001
OBJECT 30 -48.474866383 -1.387177465 94.360001
OBJECT 26 -48.474826086 -1.386644879 94.360001
OBJECT 26 -48.474791510 -1.386213269 94.360001
OBJECT 26 -48.474756948 -1.385784931 94.360001
OBJECT 31 -48.474717853 -1.385250082 94.360001
OBJECT 31 -48.474686591 -1.384828271 94.360001
OBJECT 31 -48.474655315 -1.384403189 94.360001
BEGIN_POLYGON 7 10 2
BEGIN_WINDING
POLYGON_POINT -48.483746881 -1.381515380
POLYGON_POINT -48.483741227 -1.380984087
POLYGON_POINT -48.484224503 -1.380978947
POLYGON_POINT -48.484230156 -1.381510240
END_WINDING
END_POLYGON
BEGIN_POLYGON 8 10 4
BEGIN_WINDING
POLYGON_POINT -48.483562669 -1.381030437 -48.483562669 -1.381030437
POLYGON_POINT -48.483562669 -1.381030437 -48.483557459 -1.381041952
POLYGON_POINT -48.483181262 -1.381407261 -48.483181262 -1.381407261
POLYGON_POINT -48.482853268 -1.381075470 -48.482853268 -1.381075470
POLYGON_POINT -48.483059404 -1.380871811 -48.483059404 -1.380871811
POLYGON_POINT -48.482947908 -1.380759024 -48.482947908 -1.380759024
POLYGON_POINT -48.483213189 -1.380496931 -48.483213189 -1.380496931
POLYGON_POINT -48.483318400 -1.380603360 -48.483318400 -1.380603360
POLYGON_POINT -48.483228390 -1.380692289 -48.483228390 -1.380692289
POLYGON_POINT -48.483562669 -1.381030437 -48.483557459 -1.381041952
END_WINDING
END_POLYGON
BEGIN_POLYGON 8 10 4
BEGIN_WINDING
POLYGON_POINT -48.481589548 -1.381638522 -48.481589548 -1.381638522
POLYGON_POINT -48.481425958 -1.381472253 -48.481425958 -1.381472253
POLYGON_POINT -48.481602532 -1.381298624 -48.481602532 -1.381298624
POLYGON_POINT -48.481766123 -1.381464893 -48.481771576 -1.381470344
END_WINDING
END_POLYGON
OBJECT 32 -48.482469929 -1.381464199 226.679993
OBJECT 32 -48.482623295 -1.381606164 226.679993
OBJECT 32 -48.482329816 -1.381339270 46.680000
OBJECT 32 -48.482776661 -1.381746235 46.680000
OBJECT 33 -48.482157824 -1.382063303 136.850006
OBJECT 33 -48.482157824 -1.382063303 316.250000
OBJECT 34 -48.483346379 -1.383559671 316.510010
OBJECT 28 -48.480962608 -1.381525641 316.720001
OBJECT 29 -48.481383463 -1.381901336 316.720001
OBJECT 29 -48.481265125 -1.381787765 316.720001
OBJECT 29 -48.481156254 -1.381683657 316.720001
OBJECT 26 -48.483027105 -1.383096577 316.709991
OBJECT 35 -48.483884117 -1.384048089 316.510010
OBJECT 36 -48.480179766 -1.388598691 358.000000
BEGIN_POLYGON 0 10 4
BEGIN_WINDING
POLYGON_POINT -48.480682435 -1.390780417 -48.480682435 -1.390780417
POLYGON_POINT -48.480682435 -1.390780417 -48.480682435 -1.390786069
POLYGON_POINT -48.480654166 -1.391079975 -48.480654166 -1.391079975
POLYGON_POINT -48.480150986 -1.391079975 -48.480150986 -1.391079975
POLYGON_POINT -48.479936145 -1.388773938 -48.479936145 -1.388773938
POLYGON_POINT -48.480535438 -1.388751330 -48.480535438 -1.388751330
POLYGON_POINT -48.480688089 -1.388926544 -48.480688089 -1.388926544
POLYGON_POINT -48.480733318 -1.389876088 -48.480733318 -1.389876088
POLYGON_POINT -48.480682435 -1.390780417 -48.480682435 -1.390786069
END_WINDING
END_POLYGON
BEGIN_POLYGON 7 10 2
BEGIN_WINDING
POLYGON_POINT -48.479792988 -1.390779665
POLYGON_POINT -48.479444343 -1.390812635
POLYGON_POINT -48.479236040 -1.388611230
POLYGON_POINT -48.479584686 -1.388578259
END_WINDING
END_POLYGON
BEGIN_POLYGON 8 10 2
BEGIN_WINDING
POLYGON_POINT -48.479844354 -1.390845281
POLYGON_POINT -48.479397004 -1.390884532
POLYGON_POINT -48.479184358 -1.388551269
POLYGON_POINT -48.479631708 -1.388512019
END_WINDING
END_POLYGON
BEGIN_POLYGON 9 10 2
BEGIN_WINDING
POLYGON_POINT -48.479934921 -1.390915609
POLYGON_POINT -48.479329502 -1.390972915
POLYGON_POINT -48.479093086 -1.388476698
POLYGON_POINT -48.479698504 -1.388419393
END_WINDING
END_POLYGON
BEGIN_POLYGON 8 10 4
BEGIN_WINDING
POLYGON_POINT -48.490699071 -1.384554295 -48.490699071 -1.384554295
POLYGON_POINT -48.490216151 -1.384562145 -48.490216151 -1.384562145
POLYGON_POINT -48.490208834 -1.384112321 -48.490208834 -1.384112321
POLYGON_POINT -48.490376371 -1.384109597 -48.490380297 -1.384109597
POLYGON_POINT -48.490377943 -1.384206230 -48.490377943 -1.384206230
POLYGON_POINT -48.490513344 -1.384204029 -48.490513344 -1.384204029
POLYGON_POINT -48.490515808 -1.384355533 -48.490515808 -1.384355533
POLYGON_POINT -48.490695791 -1.384352608 -48.490703643 -1.384356533
END_WINDING
END_POLYGON
OBJECT 37 -48.478766801 -1.387955419 95.330002
OBJECT 37 -48.480989636 -1.387395192 34.639999
OBJECT 37 -48.480566389 -1.387405096 34.660000
OBJECT 37 -48.480141111 -1.387410675 34.820000
OBJECT 37 -48.479707856 -1.387412318 34.860001
OBJECT 37 -48.479269206 -1.387421407 35.580002
OBJECT 37 -48.478768661 -1.387251364 130.160004
OBJECT 37 -48.478924001 -1.388689788 58.709999
OBJECT 37 -48.478947708 -1.389306133 61.779999
OBJECT 37 -48.478853008 -1.389605298 94.820000
OBJECT 37 -48.478882809 -1.389992029 95.769997
OBJECT 37 -48.478952962 -1.390460000 95.860001
OBJECT 37 -48.478973796 -1.390928943 95.059998
OBJECT 38 -48.478735755 -1.387958849 95.370003
OBJECT 38 -48.480970519 -1.387369142 34.529999
OBJECT 38 -48.480547303 -1.387379702 34.730000
OBJECT 38 -48.480122917 -1.387386313 34.529999
OBJECT 38 -48.479690158 -1.387387324 34.990002
OBJECT 38 -48.479250658 -1.387395076 35.560001
OBJECT 38 -48.478744852 -1.387271949 130.570007
OBJECT 38 -48.478896398 -1.388673902 58.790001
OBJECT 38 -48.478919658 -1.389291431 61.930000
OBJECT 38 -48.478821793 -1.389609039 94.900002
OBJECT 38 -48.478852896 -1.389997009 95.580002
OBJECT 38 -48.478922613 -1.390464413 95.760002
OBJECT 38 -48.478944002 -1.390932746 94.980003
FILTER -1
OBJECT_DEF lib/airport/aircraft/military/prop_a.obj
OBJECT_DEF lib/airport/aircraft/military/jet_b.obj
OBJECT_DEF lib/airport/aircraft/military/helo_a.obj
OBJECT_DEF lib/airport/aircraft/military/fighter_a.obj
OBJECT_DEF lib/airport/aircraft/general_aviation/helo_a.obj
OBJECT_DEF lib/airport/aircraft/general_aviation/heavy_d.obj
OBJECT_DEF lib/airport/aircraft/airliners/jet_a.obj
OBJECT_DEF lib/airport/aircraft/airliners/jet_b_rus.obj
OBJECT_DEF lib/airport/aircraft/GA/Cessna_172.obj
OBJECT_DEF lib/airport/aircraft/GA/KingAirC90B.obj
OBJECT_DEF lib/airport/aircraft/GA/Osprey_GP5.obj
OBJECT_DEF lib/airport/Common_Elements/Lighting/Ovrhd_Flood_Small.obj
OBJECT_DEF lib/g10/streetlights/AreaFloodShort.obj
OBJECT_DEF lib/g10/streetlights/AreaFloodLrg.obj
OBJECT_DEF lib/g10/streetlights/AreaFloodMed.obj
OBJECT_DEF lib/airport/Ramp_Equipment/Uni_Jetway_250cm.obj
OBJECT_DEF lib/airport/Ramp_Equipment/JetWayEx_16m.obj
OBJECT_DEF lib/airport/Ramp_Equipment/JetWayEx_8m.obj
OBJECT_DEF lib/airport/Ramp_Equipment/JetWayEx_10m.obj
OBJECT_DEF lib/airport/Ramp_Equipment/JetWayEx_12m.obj
OBJECT_DEF lib/airport/Ramp_Equipment/Uni_Jetway_400cm.obj
OBJECT_DEF lib/airport/Common_Elements/Fuel_Storage/Sing_Tank_Small.obj
OBJECT_DEF lib/airport/Common_Elements/Fence_Facades/com_sec_gate2.obj
OBJECT_DEF lib/g10/US/industrial/light/GateHut3x3.obj
OBJECT_DEF lib/g10/global_objects/rooftop_helipad_5.obj
OBJECT_DEF lib/airport/Common_Elements/Misc_Buildings/Small_Office_1.agp
OBJECT_DEF lib/airport/Common_Elements/Hangars/Med_Gray_Hangar.agp
OBJECT_DEF lib/airport/Common_Elements/Hangars/Long_Row_Green.agp
OBJECT_DEF lib/airport/Common_Elements/Hangars/Med_Blue_Hangar.agp
OBJECT_DEF lib/airport/Common_Elements/Hangars/Sm_Blue_Hangar.agp
OBJECT_DEF lib/airport/Common_Elements/Hangars/Med_Orange_Hangar.agp
OBJECT_DEF lib/airport/Common_Elements/Hangars/Med_Brown_Hangar.agp
OBJECT_DEF lib/airport/Vintage_Airports/Terminals/Admin_Bldg.obj
OBJECT_DEF lib/airport/Vintage_Airports/Terminals/Admin_Bldg.agp
OBJECT_DEF lib/airport/Common_Elements/Hangars/FBO_Modern1.agp
OBJECT_DEF lib/airport/Common_Elements/Hangars/Lg_Maint_Gray.agp
OBJECT_DEF lib/airport/Classic_Airports/Control_Towers/Classic_Tower_1.agp
OBJECT_DEF lib/airport/Ramp_Equipment/Ramp_Parking.obj
OBJECT_DEF lib/airport/Ramp_Equipment/Ramp_Parking_Stripe.obj
POLYGON_DEF lib/airport/Common_Elements/Fence_Facades/Fenced_Parking.fac
POLYGON_DEF lib/airport/Common_Elements/Fence_Facades/Fence.fac
POLYGON_DEF lib/airport/Ramp_Equipment/Jet_Blast_Shield.fac
POLYGON_DEF lib/airport/Common_Elements/Misc_Buildings/Blue_Warehouse.fac
POLYGON_DEF lib/airport/Modern_Airports/Facades/modern3.fac
POLYGON_DEF lib/airport/Common_Elements/Misc_Buildings/White_Office.fac
POLYGON_DEF lib/airport/Common_Elements/Misc_Buildings/Cargo_Terminal.fac
POLYGON_DEF lib/airport/Common_Elements/Hangars/White_Hangar.fac
POLYGON_DEF lib/airport/Common_Elements/Misc_Buildings/White_Warehouse.fac
POLYGON_DEF lib/airport/Modern_Airports/Facades/modern1.fac
PROPERTY sim/filter/aptid SBBE
PROPERTY sim/exclude_obj -48.491493/-1.390437/-48.474053/-1.379723
PROPERTY sim/exclude_fac -48.491493/-1.390437/-48.474053/-1.379723
PROPERTY sim/exclude_for -48.491493/-1.390437/-48.474053/-1.379723
PROPERTY sim/exclude_lin -48.491493/-1.390437/-48.474053/-1.379723
PROPERTY sim/exclude_pol -48.491493/-1.390437/-48.474053/-1.379723
PROPERTY sim/exclude_str -48.491493/-1.390437/-48.474053/-1.379723
PROPERTY sim/require_agpoint 1/0
PROPERTY sim/require_object 1/0
PROPERTY sim/require_facade 1/0
