PROPERTY sim/west -180
PROPERTY sim/east 180
PROPERTY sim/north 90
PROPERTY sim/south -90
PROPERTY sim/planet earth
PROPERTY sim/creation_agent WorldEditor1.5.1r1
PROPERTY laminar/internal_revision 0
PROPERTY sim/overlay 1
FILTER 0
FILTER -1
FILTER 0
FILTER -1
FILTER 0
FILTER -1
FILTER 0
FILTER -1
FILTER 0
FILTER -1
FILTER 0
OBJECT 0 -45.859722946 -23.224240811 137.899994
OBJECT 1 -45.859971968 -23.224156505 169.169998
OBJECT 1 -45.860152544 -23.224009708 169.169998
OBJECT 2 -45.856772645 -23.223064844 255.639999
OBJECT 2 -45.856955830 -23.223058053 222.710007
OBJECT 2 -45.857165999 -23.223080502 152.139999
OBJECT 2 -45.857337313 -23.223069865 139.339996
OBJECT 2 -45.857059506 -23.222961363 183.179993
OBJECT 3 -45.858486681 -23.223646365 135.710007
OBJECT 3 -45.858973297 -23.227224921 225.000000
OBJECT 4 -45.857482439 -23.228613036 201.179993
OBJECT 4 -45.857360250 -23.228642584 282.149994
OBJECT 4 -45.855773446 -23.231243378 268.450012
OBJECT 0 -45.854036182 -23.233230492 323.130005
OBJECT 5 -45.853521020 -23.233537156 97.029999
OBJECT 5 -45.853450008 -23.233763694 126.160004
OBJECT 6 -45.853739210 -23.233128413 16.990000
OBJECT 6 -45.853793232 -23.232926301 16.990000
OBJECT 7 -45.866102580 -23.221726899 232.669998
OBJECT 7 -45.865885546 -23.221933738 223.259995
OBJECT 7 -45.865719956 -23.222087390 195.139999
OBJECT 7 -45.865544721 -23.221927829 126.120003
OBJECT 7 -45.865555975 -23.222077048 321.839996
OBJECT 7 -45.865588215 -23.222253888 222.669998
OBJECT 7 -45.865374395 -23.222451863 232.869995
OBJECT 7 -45.865185088 -23.222629700 224.660004
OBJECT 7 -45.864875748 -23.222920076 223.710007
OBJECT 7 -45.864694080 -23.223085547 222.710007
OBJECT 7 -45.864497903 -23.223261543 226.639999
OBJECT 7 -45.864290513 -23.223458040 229.139999
OBJECT 7 -45.863922354 -23.223663402 213.339996
OBJECT 7 -45.861565386 -23.224700826 260.369995
OBJECT 7 -45.861468924 -23.224823944 222.630005
OBJECT 7 -45.861282699 -23.224995079 232.429993
OBJECT 7 -45.860980516 -23.225124191 325.410004
OBJECT 7 -45.860890485 -23.224896667 248.720001
OBJECT 7 -45.861151094 -23.224684981 219.320007
OBJECT 7 -45.861241201 -23.224484716 311.630005
OBJECT 7 -45.861026842 -23.224284033 321.410004
OBJECT 7 -45.860825678 -23.224094061 311.779999
OBJECT 7 -45.860664909 -23.223943240 324.519989
OBJECT 7 -45.860792185 -23.223825252 130.130005
OBJECT 7 -45.860966351 -23.223986332 121.930000
OBJECT 7 -45.861155519 -23.224164355 133.179993
OBJECT 7 -45.861353690 -23.224239594 43.849998
OBJECT 7 -45.861266234 -23.224184874 226.669998
OBJECT 7 -45.861422771 -23.224405324 139.289993
OBJECT 7 -45.861582328 -23.224556044 145.050003
OBJECT 7 -45.861716302 -23.224679163 120.309998
OBJECT 7 -45.862230245 -23.225031799 141.949997
OBJECT 7 -45.862305485 -23.224756999 238.320007
OBJECT 7 -45.862405805 -23.224668353 184.179993
OBJECT 7 -45.862011373 -23.224898462 271.869995
OBJECT 7 -45.862053303 -23.224431818 269.059998
OBJECT 7 -45.861879967 -23.224062933 317.100006
OBJECT 7 -45.861380158 -23.224090235 211.070007
OBJECT 7 -45.861453843 -23.224164106 37.180000
OBJECT 7 -45.861507433 -23.224114858 35.360001
OBJECT 7 -45.861429728 -23.224038525 222.779999
OBJECT 7 -45.861601215 -23.223903094 224.199997
OBJECT 7 -45.862136219 -23.223833152 141.559998
OBJECT 7 -45.862607995 -23.223802057 224.460007
OBJECT 7 -45.862933273 -23.223525239 215.869995
OBJECT 7 -45.863144156 -23.223560883 171.250000
OBJECT 7 -45.863562023 -23.223522247 122.199997
OBJECT 7 -45.863688182 -23.223640235 135.000000
OBJECT 8 -45.854814503 -23.231778209 350.489990
OBJECT 8 -45.855412764 -23.231238769 99.680000
OBJECT 8 -45.854311439 -23.231305253 263.029999
OBJECT 8 -45.854912746 -23.230763039 180.639999
OBJECT 8 -45.856079655 -23.230787852 351.200012
OBJECT 8 -45.855589287 -23.230320987 271.940002
OBJECT 8 -45.856170395 -23.229806312 179.169998
OBJECT 8 -45.856665586 -23.230268745 95.790001
OBJECT 8 -45.857152818 -23.228775611 186.130005
OBJECT 8 -45.856651170 -23.229247480 267.040009
OBJECT 8 -45.857754088 -23.229322829 89.790001
OBJECT 8 -45.857244431 -23.229763101 359.239990
OBJECT 9 -45.853404894 -23.233767711 281.880005
OBJECT 9 -45.853502384 -23.233498371 260.380005
OBJECT 9 -45.853597912 -23.233259217 250.740005
OBJECT 9 -45.853729974 -23.232961692 164.490005
OBJECT 9 -45.853738853 -23.232956720 257.890015
OBJECT 9 -45.853733140 -23.232947166 342.679993
OBJECT 9 -45.863251725 -23.223206985 48.590000
OBJECT 9 -45.863642928 -23.223834889 48.590000
OBJECT 9 -45.863365121 -23.223577818 48.590000
OBJECT 9 -45.861852614 -23.223794113 48.590000
OBJECT 9 -45.862332241 -23.223945548 48.590000
OBJECT 9 -45.862096446 -23.224124070 48.590000
OBJECT 9 -45.862167185 -23.224626394 48.590000
OBJECT 9 -45.853952017 -23.232979755 48.590000
OBJECT 9 -45.863252264 -23.223219849 132.830002
OBJECT 9 -45.863643467 -23.223847754 132.830002
OBJECT 9 -45.863365660 -23.223590682 132.830002
OBJECT 9 -45.861853152 -23.223806977 132.830002
OBJECT 9 -45.862332779 -23.223958413 132.830002
OBJECT 9 -45.862096985 -23.224136935 132.830002
OBJECT 9 -45.862167723 -23.224639259 132.830002
OBJECT 9 -45.853952555 -23.232992620 132.830002
OBJECT 9 -45.863265725 -23.223218365 226.229996
OBJECT 9 -45.863656928 -23.223846270 226.229996
OBJECT 9 -45.863379121 -23.223589198 226.229996
OBJECT 9 -45.861866613 -23.223805493 226.229996
OBJECT 9 -45.862346240 -23.223956929 226.229996
OBJECT 9 -45.862110446 -23.224135451 226.229996
OBJECT 9 -45.862181185 -23.224637774 226.229996
OBJECT 9 -45.853966017 -23.232991135 226.229996
OBJECT 9 -45.863262236 -23.223207500 311.019989
OBJECT 9 -45.863653439 -23.223835404 311.019989
OBJECT 9 -45.863375632 -23.223578333 311.019989
OBJECT 9 -45.861863124 -23.223794628 311.019989
OBJECT 9 -45.862342751 -23.223946063 311.019989
OBJECT 9 -45.862106957 -23.224124585 311.019989
OBJECT 9 -45.862177695 -23.224626909 311.019989
OBJECT 9 -45.853962528 -23.232980270 311.019989
OBJECT 9 -45.854121952 -23.233140066 48.590000
OBJECT 9 -45.854122490 -23.233152930 132.830002
OBJECT 9 -45.854135951 -23.233151446 226.229996
OBJECT 9 -45.854132462 -23.233140581 311.019989
OBJECT 9 -45.853907045 -23.232693534 228.229996
OBJECT 9 -45.854038081 -23.232580247 225.220001
OBJECT 9 -45.854167667 -23.232461096 225.240005
OBJECT 9 -45.854291726 -23.232355648 227.309998
OBJECT 9 -45.854404982 -23.232247976 223.809998
OBJECT 9 -45.854494930 -23.232049907 229.059998
OBJECT 9 -45.854708766 -23.231854887 217.210007
OBJECT 9 -45.854859187 -23.231833957 127.709999
OBJECT 9 -45.854868059 -23.231836144 222.149994
OBJECT 9 -45.854870197 -23.231827553 300.640015
OBJECT 9 -45.855471296 -23.231288363 132.839996
OBJECT 9 -45.855479303 -23.231288761 225.429993
OBJECT 9 -45.855484447 -23.231281344 315.730011
OBJECT 9 -45.855911530 -23.231444273 314.000000
OBJECT 9 -45.855755085 -23.231060698 223.809998
OBJECT 9 -45.856130666 -23.230841148 305.570007
OBJECT 9 -45.856129151 -23.230849699 226.119995
OBJECT 9 -45.856121523 -23.230849146 139.820007
OBJECT 9 -45.856723442 -23.230302792 150.759995
OBJECT 9 -45.856733134 -23.230295371 226.240005
OBJECT 9 -45.857011463 -23.230417737 135.270004
OBJECT 9 -45.857272548 -23.230157453 316.309998
OBJECT 9 -45.857265594 -23.229800257 226.919998
OBJECT 9 -45.857517714 -23.229558377 227.039993
OBJECT 9 -45.857479264 -23.228390157 172.800003
OBJECT 9 -45.857725785 -23.228614233 134.259995
OBJECT 9 -45.858156182 -23.229009434 138.880005
OBJECT 9 -45.857890904 -23.228766890 136.250000
OBJECT 9 -45.858380415 -23.229221284 138.630005
OBJECT 9 -45.857804463 -23.229279784 230.130005
OBJECT 9 -45.857797359 -23.229271538 46.770000
OBJECT 9 -45.857805585 -23.229270850 317.529999
OBJECT 9 -45.857193555 -23.228725436 260.089996
OBJECT 9 -45.857188387 -23.228720686 316.130005
OBJECT 9 -45.858396458 -23.229224465 228.009995
OBJECT 9 -45.858589387 -23.229045697 228.779999
OBJECT 9 -45.858808041 -23.228844767 225.000000
OBJECT 9 -45.858987369 -23.228678342 226.750000
OBJECT 9 -45.859219152 -23.228472734 225.460007
OBJECT 9 -45.859623017 -23.228093509 223.050003
OBJECT 9 -45.859410885 -23.228293576 222.000000
OBJECT 9 -45.860213590 -23.227599776 166.869995
OBJECT 9 -45.860308181 -23.227508577 173.259995
OBJECT 9 -45.859102648 -23.227055559 132.839996
OBJECT 9 -45.859524926 -23.227443613 130.520004
OBJECT 9 -45.859966651 -23.227831667 227.910004
OBJECT 9 -45.859936091 -23.227831667 140.559998
OBJECT 9 -45.859608270 -23.228056330 308.829987
OBJECT 9 -45.859197105 -23.227673382 315.529999
OBJECT 9 -45.858807019 -23.227320988 315.459991
OBJECT 9 -45.858525633 -23.227063946 317.730011
OBJECT 9 -45.858812420 -23.226790489 133.500000
OBJECT 9 -45.858660977 -23.226792358 225.839996
OBJECT 9 -45.858642369 -23.226790221 135.000000
OBJECT 9 -45.860617434 -23.225477468 136.770004
OBJECT 9 -45.860482668 -23.225350091 133.970001
OBJECT 9 -45.860355451 -23.225242201 139.789993
OBJECT 9 -45.860356199 -23.225231549 49.240002
OBJECT 9 -45.858037654 -23.223817246 225.759995
OBJECT 9 -45.858024194 -23.223815184 133.289993
OBJECT 9 -45.857891306 -23.223686015 128.309998
OBJECT 9 -45.857582432 -23.223417172 131.429993
OBJECT 9 -45.857357027 -23.223220988 133.220001
OBJECT 9 -45.857355763 -23.223215201 42.540001
OBJECT 9 -45.857453969 -23.223124359 48.099998
OBJECT 9 -45.857536283 -23.223048943 48.790001
OBJECT 9 -45.857544814 -23.223048567 310.959991
OBJECT 9 -45.857775075 -23.223257235 326.989990
OBJECT 9 -45.858071205 -23.223516540 308.450012
OBJECT 9 -45.858611238 -23.223796369 114.629997
OBJECT 9 -45.858617519 -23.223788122 50.099998
OBJECT 9 -45.858625596 -23.223783999 341.209991
OBJECT 9 -45.858995269 -23.223434952 120.620003
OBJECT 9 -45.859001472 -23.223423552 65.639999
OBJECT 9 -45.858285407 -23.224099042 148.470001
OBJECT 9 -45.858282715 -23.224090796 58.279999
OBJECT 9 -45.858290342 -23.224088322 320.399994
OBJECT 9 -45.858235078 -23.223653998 317.519989
OBJECT 9 -45.858236199 -23.223664650 230.820007
OBJECT 9 -45.858227226 -23.223663619 134.539993
OBJECT 9 -45.857878504 -23.226072209 291.149994
OBJECT 9 -45.857867113 -23.226078319 226.130005
OBJECT 9 -45.858111101 -23.225631661 39.419998
OBJECT 9 -45.858116443 -23.225634182 311.820007
OBJECT 9 -45.858231059 -23.225740887 223.550003
OBJECT 9 -45.858232415 -23.225735693 319.399994
OBJECT 9 -45.858542795 -23.226673316 345.470001
OBJECT 9 -45.858536334 -23.226680441 49.119999
OBJECT 9 -45.858892348 -23.226342850 96.309998
OBJECT 9 -45.858903796 -23.226338204 38.410000
OBJECT 9 -45.859515307 -23.224247723 145.820007
OBJECT 9 -45.859524281 -23.224243943 227.559998
OBJECT 9 -45.859527257 -23.224236912 295.649994
OBJECT 9 -45.860062415 -23.223766080 155.100006
OBJECT 9 -45.860074097 -23.223756632 223.789993
OBJECT 9 -45.859002071 -23.224710948 294.609985
OBJECT 9 -45.858987340 -23.224723060 223.779999
OBJECT 9 -45.860161184 -23.224265011 50.869999
OBJECT 9 -45.860399636 -23.224024604 50.750000
OBJECT 9 -45.860235499 -23.224454491 138.720001
OBJECT 9 -45.860488229 -23.224681423 136.660004
OBJECT 9 -45.860182380 -23.225244526 225.000000
OBJECT 9 -45.860051085 -23.225350408 224.809998
OBJECT 9 -45.859930507 -23.225473526 225.250000
OBJECT 9 -45.859883133 -23.225461953 43.939999
OBJECT 9 -45.860045189 -23.225305937 46.070000
OBJECT 9 -45.860213033 -23.225142830 46.619999
OBJECT 9 -45.860382806 -23.224988587 45.880001
OBJECT 9 -45.860332377 -23.225858962 42.160000
OBJECT 9 -45.860453919 -23.225741950 45.480000
OBJECT 9 -45.860590896 -23.225610755 45.490002
OBJECT 9 -45.860773119 -23.226281400 242.020004
OBJECT 9 -45.861101092 -23.225983551 206.479996
OBJECT 9 -45.861233326 -23.225851990 240.259995
OBJECT 9 -45.861591041 -23.225690705 205.490005
OBJECT 9 -45.861769155 -23.225602020 234.660004
OBJECT 9 -45.861970118 -23.225429654 205.139999
OBJECT 9 -45.862032372 -23.225368457 235.800003
OBJECT 9 -45.862218598 -23.225193628 215.240005
OBJECT 9 -45.862359311 -23.225100590 229.419998
OBJECT 9 -45.862498849 -23.224975776 221.910004
OBJECT 9 -45.862640639 -23.224848554 225.750000
OBJECT 9 -45.862736655 -23.224736721 225.970001
OBJECT 9 -45.862493404 -23.224596713 277.489990
OBJECT 9 -45.862524218 -23.224394799 246.529999
OBJECT 9 -45.862260538 -23.224357362 297.510010
OBJECT 9 -45.862229724 -23.224136979 262.059998
OBJECT 9 -45.863153849 -23.223666201 149.100006
OBJECT 9 -45.863275692 -23.223775058 119.739998
OBJECT 9 -45.863310116 -23.223816097 151.679993
OBJECT 9 -45.863430601 -23.223931145 117.500000
OBJECT 9 -45.863475569 -23.223974607 149.949997
OBJECT 9 -45.863587990 -23.224085756 125.949997
OBJECT 9 -45.863627310 -23.224125949 154.300003
OBJECT 9 -45.863742832 -23.224234247 123.230003
OBJECT 9 -45.863787025 -23.224272009 150.500000
OBJECT 9 -45.863907199 -23.224376033 130.809998
OBJECT 9 -45.864172491 -23.223740787 250.229996
OBJECT 9 -45.864328274 -23.223601137 262.329987
OBJECT 9 -45.864505119 -23.223434927 255.960007
OBJECT 9 -45.864672007 -23.223285017 260.230011
OBJECT 9 -45.864853987 -23.223115729 257.470001
OBJECT 9 -45.865028721 -23.222963296 257.820007
OBJECT 9 -45.865205118 -23.222801190 251.110001
OBJECT 9 -45.865366737 -23.222649353 255.050003
OBJECT 9 -45.865544250 -23.222490325 254.050003
OBJECT 9 -45.864278795 -23.223643953 192.419998
OBJECT 9 -45.864444386 -23.223496211 195.210007
OBJECT 9 -45.864622839 -23.223329262 191.470001
OBJECT 9 -45.864807722 -23.223168223 189.460007
OBJECT 9 -45.864965236 -23.223020311 188.600006
OBJECT 9 -45.865144759 -23.222856564 186.649994
OBJECT 9 -45.865308206 -23.222707590 187.259995
OBJECT 9 -45.865482915 -23.222546509 182.429993
OBJECT 9 -45.865645915 -23.222400819 180.660004
OBJECT 9 -45.865830577 -23.222367064 224.080002
OBJECT 9 -45.865949813 -23.222257488 225.000000
OBJECT 9 -45.866071727 -23.222139294 226.960007
OBJECT 9 -45.866185603 -23.222029719 223.110001
OBJECT 9 -45.866308013 -23.221918695 225.360001
OBJECT 9 -45.866364281 -23.221863292 257.820007
OBJECT 9 -45.866239687 -23.221737711 349.769989
OBJECT 9 -45.866322750 -23.221820200 316.470001
OBJECT 9 -45.866110342 -23.221699729 297.600006
OBJECT 9 -45.866025493 -23.221606364 315.000000
OBJECT 9 -45.865889289 -23.221479142 311.250000
OBJECT 9 -45.866061987 -23.221095592 223.910004
OBJECT 9 -45.866169164 -23.221006331 222.679993
OBJECT 9 -45.866015097 -23.221207424 222.559998
OBJECT 9 -45.866272992 -23.220940668 224.449997
OBJECT 9 -45.866592501 -23.220882377 136.529999
OBJECT 9 -45.866759965 -23.221028067 136.380005
OBJECT 9 -45.866929662 -23.221176836 136.339996
OBJECT 9 -45.867103368 -23.221329650 134.199997
OBJECT 10 -45.860920007 -23.226432523 44.869999
OBJECT 10 -45.861353506 -23.226155496 44.869999
OBJECT 10 -45.861406271 -23.226107996 44.869999
OBJECT 10 -45.861459046 -23.226060165 44.869999
OBJECT 10 -45.861859554 -23.225819097 44.869999
OBJECT 10 -45.862155371 -23.225560548 44.869999
OBJECT 10 -45.862431897 -23.225301999 44.869999
OBJECT 10 -45.863486023 -23.223697697 314.890015
OBJECT 10 -45.863588365 -23.223794596 314.890015
OBJECT 10 -45.864108025 -23.223810957 44.869999
OBJECT 10 -45.864651786 -23.222986262 44.869999
OBJECT 10 -45.863434648 -23.223648466 314.890015
OBJECT 10 -45.863536989 -23.223745365 314.890015
OBJECT 10 -45.864054435 -23.223858153 44.869999
OBJECT 10 -45.862418432 -23.224433536 313.109985
OBJECT 10 -45.862367590 -23.224383041 313.109985
OBJECT 10 -45.862708421 -23.225040495 44.869999
OBJECT 11 -45.862200944 -23.223610869 314.459991
OBJECT 11 -45.862381005 -23.223777818 314.459991
OBJECT 11 -45.861911755 -23.224693936 85.029999
OBJECT 11 -45.861938764 -23.224458139 83.709999
OBJECT 11 -45.861704170 -23.223578366 43.439999
OBJECT 11 -45.865081988 -23.222526623 133.889999
OBJECT 11 -45.865335048 -23.222318860 315.040009
OBJECT 11 -45.864359510 -23.223264443 45.709999
OBJECT 11 -45.863135327 -23.223304639 43.439999
OBJECT 11 -45.863400855 -23.223327040 315.440002
OBJECT 12 -45.861074940 -23.226275978 224.789993
OBJECT 12 -45.861596250 -23.225953839 225.089996
OBJECT 12 -45.862006468 -23.225686277 225.350006
OBJECT 12 -45.862836053 -23.224915561 225.149994
OBJECT 12 -45.862560597 -23.225172577 224.729996
OBJECT 12 -45.862284222 -23.225429985 225.350006
OBJECT 12 -45.862645335 -23.224523445 254.839996
OBJECT 12 -45.862338709 -23.224236360 280.040009
OBJECT 13 -45.860778002 -23.225398857 312.709991
OBJECT 13 -45.860932292 -23.225254933 312.709991
OBJECT 13 -45.861023463 -23.225252592 42.880001
OBJECT 13 -45.861178336 -23.225384041 42.880001
OBJECT 13 -45.861333748 -23.225531784 42.880001
OBJECT 13 -45.860731714 -23.225446455 312.709991
OBJECT 13 -45.860886003 -23.225302531 312.709991
OBJECT 13 -45.861075398 -23.225294986 42.880001
OBJECT 13 -45.861230810 -23.225435341 42.880001
OBJECT 13 -45.861386222 -23.225583083 42.880001
OBJECT 13 -45.860681311 -23.225495562 312.709991
OBJECT 13 -45.860835600 -23.225351639 312.709991
OBJECT 13 -45.861128988 -23.225341155 42.880001
OBJECT 13 -45.861284400 -23.225481510 42.880001
OBJECT 13 -45.861439812 -23.225629253 42.880001
OBJECT 14 -45.863473875 -23.223692936 134.130005
OBJECT 14 -45.863484644 -23.223687576 316.170013
OBJECT 15 -45.863414267 -23.223699196 180.000000
OBJECT 15 -45.863435265 -23.223677425 167.619995
OBJECT 15 -45.863455724 -23.223654171 163.500000
OBJECT 15 -45.863484799 -23.223633884 180.000000
OBJECT 16 -45.863388961 -23.223690785 169.880005
OBJECT 16 -45.863411036 -23.223672972 159.440002
OBJECT 16 -45.863430419 -23.223652686 171.470001
OBJECT 16 -45.863455724 -23.223628936 160.559998
OBJECT 16 -45.863479415 -23.223606176 160.820007
OBJECT 17 -45.863370117 -23.223676931 165.960007
OBJECT 17 -45.863388423 -23.223660603 158.960007
OBJECT 17 -45.863407806 -23.223644275 171.250000
OBJECT 17 -45.863426650 -23.223626463 177.509995
OBJECT 17 -45.863447648 -23.223605682 175.910004
OBJECT 17 -45.863468646 -23.223585395 173.660004
OBJECT 18 -45.861434168 -23.226123034 223.199997
OBJECT 19 -45.861708812 -23.225404679 56.770000
OBJECT 19 -45.861852165 -23.225275405 45.000000
OBJECT 19 -45.861976762 -23.225168291 52.590000
OBJECT 19 -45.861041806 -23.224899420 223.669998
OBJECT 19 -45.861207720 -23.224755815 227.119995
OBJECT 19 -45.861375564 -23.224594480 222.270004
OBJECT 19 -45.861213508 -23.225057209 60.250000
OBJECT 19 -45.861369776 -23.224908285 65.559998
OBJECT 19 -45.861527973 -23.224759360 65.559998
BEGIN_POLYGON 0 10 4
BEGIN_WINDING
POLYGON_POINT -45.857711050 -23.224018974 -45.857711050 -23.224018974
POLYGON_POINT -45.857724554 -23.223962241 -45.857724554 -23.223962241
POLYGON_POINT -45.856958088 -23.223284369 -45.856958088 -23.223284369
POLYGON_POINT -45.856668058 -23.223165324 -45.856571381 -23.223156133
POLYGON_POINT -45.856390204 -23.223154354 -45.856370202 -23.223160481
POLYGON_POINT -45.856390204 -23.223154354 -45.856390204 -23.223154354
POLYGON_POINT -45.856390204 -23.223154354 -45.856376633 -23.223123546
POLYGON_POINT -45.856361878 -23.222983707 -45.856361878 -23.222983707
POLYGON_POINT -45.856692345 -23.222960568 -45.856692345 -23.222960568
POLYGON_POINT -45.856717523 -23.222873798 -45.856717523 -23.222873798
POLYGON_POINT -45.856811406 -23.222889166 -45.856811406 -23.222889166
POLYGON_POINT -45.856928085 -23.222849340 -45.856974757 -23.222815641
POLYGON_POINT -45.857051431 -23.222739051 -45.857051431 -23.222739051
POLYGON_POINT -45.860093690 -23.223710781 -45.860093690 -23.223710781
END_WINDING
END_POLYGON
BEGIN_POLYGON 0 10 2
BEGIN_WINDING
POLYGON_POINT -45.858624283 -23.226729545
POLYGON_POINT -45.858628749 -23.226761351
POLYGON_POINT -45.858406161 -23.226958756
END_WINDING
END_POLYGON
BEGIN_POLYGON 0 10 2
BEGIN_WINDING
POLYGON_POINT -45.857389400 -23.224878069
POLYGON_POINT -45.858078341 -23.225585792
POLYGON_POINT -45.857707924 -23.225974059
POLYGON_POINT -45.858681346 -23.226864405
POLYGON_POINT -45.858487513 -23.227048466
END_WINDING
END_POLYGON
BEGIN_POLYGON 0 10 2
BEGIN_WINDING
POLYGON_POINT -45.858271481 -23.226936168
POLYGON_POINT -45.858319029 -23.226899011
POLYGON_POINT -45.858343144 -23.226916740
POLYGON_POINT -45.858388161 -23.226955153
POLYGON_POINT -45.858528033 -23.227086644
END_WINDING
END_POLYGON
BEGIN_POLYGON 0 10 2
BEGIN_WINDING
POLYGON_POINT -45.855575954 -23.229188611
POLYGON_POINT -45.855485444 -23.229278013
POLYGON_POINT -45.855624804 -23.229426297
POLYGON_POINT -45.855517021 -23.229513287
END_WINDING
END_POLYGON
BEGIN_POLYGON 0 10 4
BEGIN_WINDING
POLYGON_POINT -45.861667540 -23.223433203 -45.861667540 -23.223433203
POLYGON_POINT -45.861931519 -23.223201554 -45.861931519 -23.223201554
POLYGON_POINT -45.861983607 -23.223201554 -45.862002899 -23.223222829
POLYGON_POINT -45.862145662 -23.223369980 -45.862145662 -23.223369980
POLYGON_POINT -45.862234406 -23.223384164 -45.862267203 -23.223369981
POLYGON_POINT -45.862614462 -23.223150140 -45.862614462 -23.223150140
POLYGON_POINT -45.862922081 -23.223411030 -45.862922081 -23.223411030
POLYGON_POINT -45.863458038 -23.222945168 -45.863458038 -23.222945168
POLYGON_POINT -45.863413666 -23.222815746 -45.863363507 -23.222746603
POLYGON_POINT -45.863363507 -23.222746603 -45.863363507 -23.222746603
POLYGON_POINT -45.863419454 -23.222595906 -45.863517844 -23.222523217
POLYGON_POINT -45.863531348 -23.222510806 -45.863531348 -23.222510806
POLYGON_POINT -45.863420233 -23.222345428 -45.863420233 -23.222345428
POLYGON_POINT -45.863406343 -23.222187143 -45.863475794 -23.222130977
POLYGON_POINT -45.863753599 -23.221952268 -45.863753599 -23.221952268
POLYGON_POINT -45.864053628 -23.222143742 -45.864053628 -23.222143742
POLYGON_POINT -45.864370326 -23.221962480 -45.864370326 -23.221962480
POLYGON_POINT -45.864566952 -23.222107380 -45.864566952 -23.222107380
POLYGON_POINT -45.864920318 -23.221837784 -45.864920318 -23.221837784
POLYGON_POINT -45.865446090 -23.221449033 -45.865446090 -23.221449033
POLYGON_POINT -45.866136049 -23.220834435 -45.866136049 -23.220834435
POLYGON_POINT -45.866582935 -23.220555602 -45.866582935 -23.220555602
POLYGON_POINT -45.866933364 -23.220555602 -45.867086976 -23.220626187
POLYGON_POINT -45.867355798 -23.220661480 -45.867437405 -23.220608541
POLYGON_POINT -45.868696150 -23.220112094 -45.868696150 -23.220112094
POLYGON_POINT -45.871173249 -23.218459402 -45.871173249 -23.218459402
POLYGON_POINT -45.871865980 -23.217849552 -45.871865980 -23.217849552
POLYGON_POINT -45.873229647 -23.216578005 -45.873249555 -23.216578005
POLYGON_POINT -45.873448630 -23.216925622 -45.873408815 -23.217410456
POLYGON_POINT -45.873040525 -23.220017584 -45.873040525 -23.220017584
POLYGON_POINT -45.872751567 -23.221229073 -45.872751567 -23.221229073
POLYGON_POINT -45.872121143 -23.221808434 -45.872079668 -23.221838927
POLYGON_POINT -45.870279643 -23.223256838 -45.870279643 -23.223256838
POLYGON_POINT -45.863347122 -23.229497723 -45.863347122 -23.229497723
POLYGON_POINT -45.863310829 -23.229754729 -45.863454851 -23.229860606
POLYGON_POINT -45.863477894 -23.229918839 -45.863477894 -23.229918839
POLYGON_POINT -45.863420285 -23.230109419 -45.863299307 -23.230220590
POLYGON_POINT -45.863264742 -23.230241766 -45.863264742 -23.230241766
POLYGON_POINT -45.863287785 -23.230421757 -45.863403003 -23.230511753
POLYGON_POINT -45.863858112 -23.230924675 -45.863858112 -23.230924675
POLYGON_POINT -45.863863873 -23.231771695 -45.863863873 -23.231771695
POLYGON_POINT -45.863045828 -23.232380491 -45.863045828 -23.232380491
POLYGON_POINT -45.862085386 -23.233274895 -45.862085386 -23.233274895
POLYGON_POINT -45.861861926 -23.233247007 -45.861785113 -23.233163187
POLYGON_POINT -45.860695325 -23.232152940 -45.860695325 -23.232152940
POLYGON_POINT -45.860455283 -23.232254406 -45.860316059 -23.232404399
POLYGON_POINT -45.859917479 -23.232756285 -45.859917479 -23.232756285
POLYGON_POINT -45.860287143 -23.233118033 -45.860287143 -23.233118033
POLYGON_POINT -45.859979889 -23.233378316 -45.859979889 -23.233378316
POLYGON_POINT -45.859591021 -23.233078329 -45.859591021 -23.233078329
POLYGON_POINT -45.853277079 -23.238883737 -45.853277079 -23.238883737
POLYGON_POINT -45.852465995 -23.239608872 -45.852465995 -23.239608872
POLYGON_POINT -45.851300069 -23.240691553 -45.851300069 -23.240691553
POLYGON_POINT -45.850982047 -23.240748726 -45.850871430 -23.240615320
POLYGON_POINT -45.849951930 -23.239840298 -45.849951930 -23.239840298
POLYGON_POINT -45.849915765 -23.239307202 -45.849965541 -23.238895550
POLYGON_POINT -45.849995408 -23.238740037 -45.849995408 -23.238740037
POLYGON_POINT -45.850254245 -23.238465603 -45.850254245 -23.238465603
POLYGON_POINT -45.850204469 -23.238273499 -45.850114871 -23.238236908
POLYGON_POINT -45.850164648 -23.237916734 -45.850333888 -23.237697186
POLYGON_POINT -45.851416973 -23.236417347 -45.851416973 -23.236417347
POLYGON_POINT -45.852773560 -23.234575724 -45.852773560 -23.234575724
POLYGON_POINT -45.853383218 -23.233768548 -45.853383218 -23.233768548
POLYGON_POINT -45.853728878 -23.232895059 -45.853728878 -23.232895059
POLYGON_POINT -45.853903131 -23.232385761 -45.853903131 -23.232385761
POLYGON_POINT -45.853969809 -23.232168247 -45.853969809 -23.232168247
POLYGON_POINT -45.853956473 -23.231947669 -45.853956473 -23.231947669
POLYGON_POINT -45.854093163 -23.231540212 -45.854093163 -23.231540212
POLYGON_POINT -45.854287101 -23.230645244 -45.854287101 -23.230645244
POLYGON_POINT -45.854347110 -23.230586423 -45.854347110 -23.230586423
END_WINDING
END_POLYGON
BEGIN_POLYGON 0 10 4
BEGIN_WINDING
POLYGON_POINT -45.861400447 -23.224063985 -45.861400447 -23.224063985
POLYGON_POINT -45.861252921 -23.224193619 -45.861252921 -23.224193619
POLYGON_POINT -45.861204464 -23.224201041 -45.861183466 -23.224183229
POLYGON_POINT -45.860966203 -23.223980772 -45.860966203 -23.223980772
POLYGON_POINT -45.860953177 -23.223950847 -45.860965272 -23.223938877
POLYGON_POINT -45.861006209 -23.223922632 -45.861006209 -23.223922632
END_WINDING
END_POLYGON
BEGIN_POLYGON 0 10 2
BEGIN_WINDING
POLYGON_POINT -45.861399908 -23.224064480
POLYGON_POINT -45.861364911 -23.224062501
POLYGON_POINT -45.861349836 -23.224053595
END_WINDING
END_POLYGON
BEGIN_POLYGON 0 10 4
BEGIN_WINDING
POLYGON_POINT -45.861674519 -23.224567316 -45.861674519 -23.224567316
POLYGON_POINT -45.861740955 -23.224640026 -45.861740955 -23.224640026
POLYGON_POINT -45.861774337 -23.224736509 -45.861763569 -23.224769660
POLYGON_POINT -45.861763568 -23.224769660 -45.861763568 -23.224769660
END_WINDING
END_POLYGON
BEGIN_POLYGON 0 10 4
BEGIN_WINDING
POLYGON_POINT -45.861390385 -23.224240857 -45.861390385 -23.224240857
POLYGON_POINT -45.861348974 -23.224289943 -45.861348974 -23.224289943
POLYGON_POINT -45.861349513 -23.224320125 -45.861368357 -23.224337443
POLYGON_POINT -45.861722439 -23.224657350 -45.861722439 -23.224657350
POLYGON_POINT -45.861737170 -23.224728599 -45.861723990 -23.224758524
POLYGON_POINT -45.861717787 -23.224763511 -45.861717787 -23.224763511
END_WINDING
END_POLYGON
BEGIN_POLYGON 0 10 4
BEGIN_WINDING
POLYGON_POINT -45.861615163 -23.224506269 -45.861615163 -23.224506269
POLYGON_POINT -45.861550832 -23.224444954 -45.861550832 -23.224444954
POLYGON_POINT -45.861394197 -23.224308999 -45.861361892 -23.224283330
POLYGON_POINT -45.861390385 -23.224240857 -45.861390385 -23.224240857
POLYGON_POINT -45.861492146 -23.224146353 -45.861492146 -23.224146353
END_WINDING
END_POLYGON
BEGIN_POLYGON 0 10 4
BEGIN_WINDING
POLYGON_POINT -45.861135201 -23.225252683 -45.861135201 -23.225252683
POLYGON_POINT -45.860952846 -23.225174024 -45.860952846 -23.225174024
POLYGON_POINT -45.860697521 -23.224937238 -45.860697521 -23.224937238
POLYGON_POINT -45.860701638 -23.224899501 -45.860701638 -23.224899501
POLYGON_POINT -45.860120340 -23.224372990 -45.860120340 -23.224372990
POLYGON_POINT -45.860096224 -23.224312416 -45.860107478 -23.224290255
POLYGON_POINT -45.860128378 -23.224266616 -45.860142847 -23.224257751
POLYGON_POINT -45.860417816 -23.223983752 -45.860417816 -23.223983752
POLYGON_POINT -45.860431213 -23.223898800 -45.860411117 -23.223865558
POLYGON_POINT -45.860399060 -23.223840934 -45.860399060 -23.223840934
POLYGON_POINT -45.860309297 -23.223778144 -45.860257047 -23.223765832
POLYGON_POINT -45.860093690 -23.223710781 -45.860093690 -23.223710781
POLYGON_POINT -45.860052158 -23.223750179 -45.860052158 -23.223750179
END_WINDING
END_POLYGON
BEGIN_POLYGON 1 10 4
BEGIN_WINDING
POLYGON_POINT -45.860625702 -23.223913727 -45.860625702 -23.223913727
POLYGON_POINT -45.861262347 -23.224505169 -45.861262347 -23.224505169
POLYGON_POINT -45.861246142 -23.224600906 -45.861211416 -23.224628563
POLYGON_POINT -45.861100292 -23.224737065 -45.861100292 -23.224737065
POLYGON_POINT -45.861005374 -23.224783870 -45.861005374 -23.224783870
POLYGON_POINT -45.860894250 -23.224883862 -45.860894250 -23.224883862
POLYGON_POINT -45.860878045 -23.224945559 -45.860875730 -23.224994491
POLYGON_POINT -45.860889620 -23.225024276 -45.860889620 -23.225024276
POLYGON_POINT -45.860875730 -23.225043423 -45.860875730 -23.225043423
POLYGON_POINT -45.860130276 -23.224366882 -45.860130276 -23.224366882
POLYGON_POINT -45.860141851 -23.224271145 -45.860195098 -23.224220085
POLYGON_POINT -45.860424290 -23.223992444 -45.860424290 -23.223992444
END_WINDING
END_POLYGON
BEGIN_POLYGON 1 10 4
BEGIN_WINDING
POLYGON_POINT -45.861500236 -23.224799344 -45.861500236 -23.224799344
POLYGON_POINT -45.861216413 -23.225068115 -45.861216413 -23.225068115
POLYGON_POINT -45.861094719 -23.225085557 -45.861056759 -23.225049647
POLYGON_POINT -45.861007879 -23.224997360 -45.861007879 -23.224997360
POLYGON_POINT -45.861041372 -23.224885527 -45.861097195 -23.224835254
POLYGON_POINT -45.861389707 -23.224567470 -45.861389707 -23.224567470
POLYGON_POINT -45.861466743 -23.224547977 -45.861495771 -23.224576705
POLYGON_POINT -45.861561642 -23.224646472 -45.861561642 -23.224646472
POLYGON_POINT -45.861543778 -23.224762408 -45.861500236 -23.224799344
END_WINDING
END_POLYGON
BEGIN_POLYGON 2 10 2
BEGIN_WINDING
POLYGON_POINT -45.857505638 -23.228333833
POLYGON_POINT -45.857395668 -23.228245188
POLYGON_POINT -45.857277982 -23.228057260
POLYGON_POINT -45.857229750 -23.227950885
POLYGON_POINT -45.857509205 -23.227685821
POLYGON_POINT -45.857550878 -23.227721562
POLYGON_POINT -45.858187075 -23.227139481
POLYGON_POINT -45.858150959 -23.227106293
POLYGON_POINT -45.858264939 -23.226977904
POLYGON_POINT -45.858350598 -23.226903442
POLYGON_POINT -45.858406161 -23.226958756
POLYGON_POINT -45.858371434 -23.226997051
POLYGON_POINT -45.858392270 -23.227018326
POLYGON_POINT -45.857490418 -23.227847982
POLYGON_POINT -45.857300577 -23.228005416
POLYGON_POINT -45.857395497 -23.228092643
END_WINDING
END_POLYGON
BEGIN_POLYGON 0 10 2
BEGIN_WINDING
POLYGON_POINT -45.858126543 -23.227615836
POLYGON_POINT -45.857882225 -23.227854315
POLYGON_POINT -45.857784767 -23.227768971
POLYGON_POINT -45.858034124 -23.227534947
POLYGON_POINT -45.858126543 -23.227615836
END_WINDING
END_POLYGON
OBJECT 20 -45.857894528 -23.227756603 2.850000
OBJECT 20 -45.858014061 -23.227641885 2.850000
BEGIN_POLYGON 0 10 4
BEGIN_WINDING
POLYGON_POINT -45.863597299 -23.223049983 -45.863597299 -23.223049983
POLYGON_POINT -45.863394287 -23.223243799 -45.863394287 -23.223243799
POLYGON_POINT -45.863285204 -23.223148737 -45.863285204 -23.223148737
POLYGON_POINT -45.863483631 -23.222952779 -45.863483631 -23.222952779
POLYGON_POINT -45.863597299 -23.223049983 -45.863603998 -23.223054908
POLYGON_POINT -45.863597299 -23.223049983 -45.863597299 -23.223049983
END_WINDING
END_POLYGON
OBJECT 20 -45.863484665 -23.223057504 0.000000
OBJECT 20 -45.863379666 -23.223146518 0.000000
OBJECT 21 -45.861435033 -23.224110401 0.000000
OBJECT 21 -45.861441519 -23.224104266 0.000000
OBJECT 21 -45.861449150 -23.224096981 0.000000
OBJECT 21 -45.861456971 -23.224090655 0.000000
OBJECT 22 -45.861434871 -23.224116670 315.040009
OBJECT 22 -45.861465813 -23.224089031 315.040009
OBJECT 22 -45.861426785 -23.224111932 137.229996
OBJECT 22 -45.861457726 -23.224084292 137.229996
OBJECT 23 -45.861485673 -23.224139031 43.689999
OBJECT 23 -45.861407603 -23.224063576 43.689999
BEGIN_POLYGON 2 10 3
BEGIN_WINDING
POLYGON_POINT -45.861948259 -23.224211906 2.000000000
POLYGON_POINT -45.861874306 -23.224148377 2.000000000
POLYGON_POINT -45.861916031 -23.224107359 2.000000000
POLYGON_POINT -45.861989984 -23.224170888 2.000000000
END_WINDING
END_POLYGON
BEGIN_POLYGON 2 10 3
BEGIN_WINDING
POLYGON_POINT -45.861813213 -23.224439429 2.000000000
POLYGON_POINT -45.861748906 -23.224381810 2.000000000
POLYGON_POINT -45.861809737 -23.224324476 2.000000000
POLYGON_POINT -45.861874044 -23.224382096 2.000000000
END_WINDING
END_POLYGON
BEGIN_POLYGON 2 10 3
BEGIN_WINDING
POLYGON_POINT -45.861674951 -23.224570920 2.000000000
POLYGON_POINT -45.861609037 -23.224507391 2.000000000
POLYGON_POINT -45.861716578 -23.224413163 2.000000000
POLYGON_POINT -45.861782492 -23.224476692 2.000000000
END_WINDING
END_POLYGON
BEGIN_POLYGON 2 10 3
BEGIN_WINDING
POLYGON_POINT -45.861917713 -23.224337487 2.000000000
POLYGON_POINT -45.861887168 -23.224307939 2.000000000
POLYGON_POINT -45.862010278 -23.224200464 2.000000000
POLYGON_POINT -45.862040824 -23.224230012 2.000000000
END_WINDING
END_POLYGON
BEGIN_POLYGON 2 10 3
BEGIN_WINDING
POLYGON_POINT -45.862096167 -23.224096667 2.000000000
POLYGON_POINT -45.861832506 -23.223864712 2.000000000
POLYGON_POINT -45.861920968 -23.223779794 2.000000000
POLYGON_POINT -45.862184628 -23.224011750 2.000000000
END_WINDING
END_POLYGON
BEGIN_POLYGON 2 10 3
BEGIN_WINDING
POLYGON_POINT -45.861761917 -23.223508454 2.000000000
POLYGON_POINT -45.861580248 -23.223666539 2.000000000
POLYGON_POINT -45.861626575 -23.223711499 2.000000000
POLYGON_POINT -45.861306168 -23.223990310 2.000000000
POLYGON_POINT -45.861381968 -23.224063875 2.000000000
POLYGON_POINT -45.861248403 -23.224180101 2.000000000
POLYGON_POINT -45.860988454 -23.223927821 1.000000000
POLYGON_POINT -45.861434457 -23.223539718 2.000000000
POLYGON_POINT -45.861477420 -23.223581414 2.000000000
POLYGON_POINT -45.861667058 -23.223416394 2.000000000
END_WINDING
END_POLYGON
OBJECT 24 -45.861238852 -23.230709352 135.000000
OBJECT 24 -45.862785410 -23.231356197 135.000000
OBJECT 24 -45.860794042 -23.231466348 45.000000
OBJECT 24 -45.862291129 -23.232272707 45.000000
OBJECT 24 -45.862034031 -23.232510104 45.000000
OBJECT 24 -45.861773080 -23.232741969 45.000000
OBJECT 25 -45.863877196 -23.224026168 223.949997
OBJECT 26 -45.865142020 -23.222084969 310.440002
OBJECT 27 -45.866128391 -23.221063221 43.259998
OBJECT 28 -45.865769957 -23.222291313 315.700012
OBJECT 28 -45.864561501 -23.223121371 41.849998
OBJECT 29 -45.864934492 -23.222674775 44.009998
OBJECT 29 -45.863972086 -23.223419690 44.009998
OBJECT 29 -45.865048145 -23.222783237 44.009998
OBJECT 29 -45.864085739 -23.223528152 44.009998
OBJECT 29 -45.862653593 -23.223523987 44.009998
OBJECT 29 -45.862787160 -23.223653707 44.009998
OBJECT 30 -45.862325238 -23.224693250 224.139999
BEGIN_POLYGON 3 10 5
BEGIN_WINDING
POLYGON_POINT -45.860956944 -23.225174532 2.000000000 -45.860956944 -23.225174532
POLYGON_POINT -45.860956944 -23.225174532 2.000000000 -45.860956680 -23.225176612
POLYGON_POINT -45.860617029 -23.225481119 3.000000000 -45.860617029 -23.225481119
POLYGON_POINT -45.860356702 -23.225237375 1.000000000 -45.860356702 -23.225237375
POLYGON_POINT -45.860696617 -23.224930789 2.000000000 -45.860696617 -23.224930789
POLYGON_POINT -45.860956944 -23.225174532 2.000000000 -45.860956680 -23.225176612
END_WINDING
END_POLYGON
BEGIN_POLYGON 4 10 3
BEGIN_WINDING
POLYGON_POINT -45.861359296 -23.225657083 1.000000000
POLYGON_POINT -45.860703594 -23.226262061 1.000000000
POLYGON_POINT -45.860351561 -23.225939849 1.000000000
POLYGON_POINT -45.861007263 -23.225334871 1.000000000
END_WINDING
END_POLYGON
BEGIN_POLYGON 5 10 3
BEGIN_WINDING
POLYGON_POINT -45.861418634 -23.225666180 1.000000000
POLYGON_POINT -45.860726214 -23.226314060 4.000000000
POLYGON_POINT -45.860286379 -23.225917092 1.000000000
POLYGON_POINT -45.860978800 -23.225269212 4.000000000
END_WINDING
END_POLYGON
BEGIN_POLYGON 4 10 3
BEGIN_WINDING
POLYGON_POINT -45.861855881 -23.225131242 1.000000000
POLYGON_POINT -45.861588355 -23.225369859 1.000000000
POLYGON_POINT -45.861330103 -23.225125345 1.000000000
POLYGON_POINT -45.861597629 -23.224886729 1.000000000
END_WINDING
END_POLYGON
BEGIN_POLYGON 6 10 3
BEGIN_WINDING
POLYGON_POINT -45.862162556 -23.225107483 1.000000000
POLYGON_POINT -45.862072943 -23.225185817 0.000000000
POLYGON_POINT -45.861951881 -23.225068860 1.000000000
POLYGON_POINT -45.861601217 -23.225375389 0.000000000
POLYGON_POINT -45.861728197 -23.225498063 1.000000000
POLYGON_POINT -45.861534647 -23.225667252 0.000000000
POLYGON_POINT -45.861157060 -23.225302471 0.000000000
POLYGON_POINT -45.861169299 -23.225291773 0.000000000
POLYGON_POINT -45.861130791 -23.225254571 1.000000000
POLYGON_POINT -45.861711862 -23.224746634 0.000000000
POLYGON_POINT -45.861733003 -23.224767058 0.000000000
POLYGON_POINT -45.861773519 -23.224731641 0.000000000
END_WINDING
END_POLYGON
BEGIN_POLYGON 7 10 3
BEGIN_WINDING
POLYGON_POINT -45.862192419 -23.225175085 1.000000000
POLYGON_POINT -45.861932291 -23.225408012 0.000000000
POLYGON_POINT -45.861957870 -23.225432135 1.000000000
POLYGON_POINT -45.861809488 -23.225565001 0.000000000
POLYGON_POINT -45.861782927 -23.225539952 1.000000000
POLYGON_POINT -45.861607674 -23.225696881 0.000000000
POLYGON_POINT -45.861556224 -23.225648358 0.000000000
POLYGON_POINT -45.862139987 -23.225125636 0.000000000
END_WINDING
END_POLYGON
BEGIN_POLYGON 2 10 3
BEGIN_WINDING
POLYGON_POINT -45.854374460 -23.231422795 2.000000000
POLYGON_POINT -45.854447063 -23.231486812 2.000000000
POLYGON_POINT -45.854121207 -23.231777472 2.000000000
POLYGON_POINT -45.854051227 -23.231715866 2.000000000
END_WINDING
END_POLYGON
BEGIN_POLYGON 2 10 3
BEGIN_WINDING
POLYGON_POINT -45.854048168 -23.232090536 2.000000000
POLYGON_POINT -45.854213413 -23.232242383 2.000000000
POLYGON_POINT -45.853974725 -23.232464128 2.000000000
POLYGON_POINT -45.853893414 -23.232389410 2.000000000
POLYGON_POINT -45.853961611 -23.232165254 2.000000000
END_WINDING
END_POLYGON
OBJECT 31 -45.853979985 -23.232645948 44.389999
OBJECT 31 -45.854113318 -23.232527443 44.389999
OBJECT 31 -45.854246651 -23.232408938 44.389999
OBJECT 32 -45.854559349 -23.230225553 225.000000
OBJECT 33 -45.855213721 -23.229607976 225.000000
OBJECT 34 -45.854605969 -23.232063900 44.930000
OBJECT 34 -45.855866836 -23.231081003 44.930000
BEGIN_POLYGON 8 10 3
BEGIN_WINDING
POLYGON_POINT -45.855754436 -23.229317130 2.000000000
POLYGON_POINT -45.855858679 -23.229221336 2.000000000
POLYGON_POINT -45.856104527 -23.229454568 2.000000000
POLYGON_POINT -45.856000284 -23.229550361 1.000000000
END_WINDING
END_POLYGON
BEGIN_POLYGON 8 10 3
BEGIN_WINDING
POLYGON_POINT -45.856503370 -23.229154692 2.000000000
POLYGON_POINT -45.856204238 -23.229412918 2.000000000
POLYGON_POINT -45.855799759 -23.229017254 3.000000000
POLYGON_POINT -45.856098892 -23.228759027 1.000000000
END_WINDING
END_POLYGON
BEGIN_POLYGON 9 10 3
BEGIN_WINDING
POLYGON_POINT -45.858965977 -23.224731302 1.000000000
POLYGON_POINT -45.858293771 -23.224101562 1.000000000
POLYGON_POINT -45.859012567 -23.223433172 1.000000000
POLYGON_POINT -45.860069824 -23.223745043 0.000000000
END_WINDING
END_POLYGON
BEGIN_POLYGON 2 10 3
BEGIN_WINDING
POLYGON_POINT -45.857349118 -23.223216143 2.000000000
POLYGON_POINT -45.857539761 -23.223042692 1.000000000
POLYGON_POINT -45.858220525 -23.223641056 2.000000000
POLYGON_POINT -45.858029882 -23.223814506 2.000000000
END_WINDING
END_POLYGON
BEGIN_POLYGON 2 10 3
BEGIN_WINDING
POLYGON_POINT -45.858114158 -23.225630356 2.000000000
POLYGON_POINT -45.858232494 -23.225737238 1.000000000
POLYGON_POINT -45.857863982 -23.226081784 2.000000000
POLYGON_POINT -45.857745647 -23.225974902 2.000000000
END_WINDING
END_POLYGON
BEGIN_POLYGON 2 10 3
BEGIN_WINDING
POLYGON_POINT -45.858652087 -23.226788549 2.000000000
POLYGON_POINT -45.858533751 -23.226681666 1.000000000
POLYGON_POINT -45.858902262 -23.226337120 2.000000000
POLYGON_POINT -45.859020598 -23.226444003 2.000000000
END_WINDING
END_POLYGON
OBJECT 35 -45.858774654 -23.225522336 135.669998
OBJECT 31 -45.859474566 -23.225871826 135.550003
OBJECT 31 -45.858703460 -23.225828441 135.550003
OBJECT 31 -45.859339783 -23.225751312 135.550003
OBJECT 31 -45.858568676 -23.225707927 135.550003
OBJECT 31 -45.859201356 -23.225625777 135.550003
OBJECT 31 -45.858430250 -23.225582392 135.550003
OBJECT 31 -45.857942408 -23.225148544 135.550003
OBJECT 31 -45.858267083 -23.225437097 135.550003
OBJECT 31 -45.857779242 -23.225003249 135.550003
OBJECT 31 -45.858105182 -23.225294127 135.550003
OBJECT 31 -45.857617340 -23.224860278 135.550003
OBJECT 36 -45.857111520 -23.228394447 135.179993
OBJECT 36 -45.857277705 -23.228245203 135.179993
OBJECT 36 -45.857177616 -23.228452294 135.179993
OBJECT 36 -45.857343801 -23.228303050 135.179993
OBJECT 36 -45.856720606 -23.230023404 45.070000
OBJECT 36 -45.857035353 -23.230312637 45.070000
OBJECT 36 -45.856854374 -23.229900480 45.070000
OBJECT 36 -45.857169120 -23.230189713 45.070000
OBJECT 37 -45.855158696 -23.231550402 44.459999
OBJECT 37 -45.856418333 -23.230566808 44.459999
OBJECT 37 -45.857495212 -23.229002454 135.559998
OBJECT 36 -45.860134140 -23.226511192 45.070000
OBJECT 36 -45.860005621 -23.226631706 45.070000
OBJECT 36 -45.860706968 -23.227040487 45.070000
OBJECT 36 -45.860578449 -23.227161001 45.070000
OBJECT 36 -45.859872907 -23.226754147 45.070000
OBJECT 36 -45.859744387 -23.226874661 45.070000
OBJECT 36 -45.860445735 -23.227283443 45.070000
OBJECT 36 -45.860317215 -23.227403956 45.070000
OBJECT 36 -45.859526693 -23.227078088 45.070000
OBJECT 36 -45.859398174 -23.227198601 45.070000
OBJECT 36 -45.860099521 -23.227607383 45.070000
OBJECT 36 -45.859971002 -23.227727896 45.070000
OBJECT 35 -45.858302296 -23.228009723 45.010010
OBJECT 35 -45.857888487 -23.228387240 45.010010
OBJECT 32 -45.857205143 -23.224318393 225.270004
OBJECT 35 -45.857942177 -23.224773224 135.669998
OBJECT 35 -45.858357628 -23.225146334 135.669998
OBJECT 35 -45.859040074 -23.226033014 135.669998
OBJECT 35 -45.858489676 -23.227423551 45.119999
OBJECT 35 -45.858797870 -23.227706767 225.220001
OBJECT 35 -45.857976663 -23.228462246 225.220001
OBJECT 35 -45.858387653 -23.228842969 225.220001
OBJECT 35 -45.858388978 -23.228083351 225.220001
OBJECT 35 -45.858799968 -23.228464074 225.220001
OBJECT 35 -45.859212281 -23.228085180 225.220001
FILTER -1
OBJECT_DEF lib/airport/aircraft/airliners/jet_b_bzh.obj
OBJECT_DEF lib/airport/aircraft/airliners/jet_b_dal.obj
OBJECT_DEF lib/airport/aircraft/airliners/jet_b_rus.obj
OBJECT_DEF lib/airport/aircraft/airliners/jet_c.obj
OBJECT_DEF lib/airport/aircraft/airliners/jet_b_tyr.obj
OBJECT_DEF lib/airport/aircraft/airliners/jet_b_aua.obj
OBJECT_DEF lib/airport/aircraft/airliners/jet_b_afr.obj
OBJECT_DEF lib/g10/streetlights/ResLt3.obj
OBJECT_DEF lib/g10/streetlights/AreaFloodSml.obj
OBJECT_DEF lib/g10/streetlights/AreaFloodMed.obj
OBJECT_DEF lib/airport/Ramp_Equipment/Luggage_Cart_Pkng.obj
OBJECT_DEF lib/airport/Common_Elements/Parking/6_wLines.obj
OBJECT_DEF lib/airport/Ramp_Equipment/Ramp_Parking_Stripe.obj
OBJECT_DEF lib/airport/Ramp_Equipment/Cargo_Container_6.obj
OBJECT_DEF lib/airport/Ramp_Equipment/Cargo_Loader_1.obj
OBJECT_DEF lib/airport/Ramp_Equipment/Cargo_Palette_1.obj
OBJECT_DEF lib/airport/Ramp_Equipment/Cargo_Palette_2.obj
OBJECT_DEF lib/airport/Ramp_Equipment/Cargo_Palette_3.obj
OBJECT_DEF lib/airport/Ramp_Equipment/Cargo_Pod_Lot.agp
OBJECT_DEF lib/airport/Common_Elements/Miscellaneous/Flagpole.obj
OBJECT_DEF lib/airport/Common_Elements/Fuel_Storage/Sing_Tank_Small.obj
OBJECT_DEF lib/airport/Common_Elements/Miscellaneous/One_Traffic_Cone.obj
OBJECT_DEF lib/airport/Common_Elements/Fence_Facades/com_sec_gate2.obj
OBJECT_DEF lib/g10/US/industrial/light/GateHut3x3.obj
OBJECT_DEF lib/g10/global_objects/rooftop_helipad_5.obj
OBJECT_DEF lib/airport/Common_Elements/Misc_Buildings/Fire_Station_Lg.agp
OBJECT_DEF lib/airport/Common_Elements/Misc_Buildings/Small_Office_2.agp
OBJECT_DEF lib/airport/Common_Elements/Hangars/Sm_Brown_Hangar.agp
OBJECT_DEF lib/airport/Common_Elements/Hangars/Long_Row_Green.agp
OBJECT_DEF lib/airport/Common_Elements/Hangars/Med_Gray_Hangar.agp
OBJECT_DEF lib/airport/Modern_Airports/Control_Towers/Modern_Tower_3.agp
OBJECT_DEF lib/airport/Common_Elements/Hangars/Sm_Blue_Hangar.agp
OBJECT_DEF lib/airport/Common_Elements/Misc_Buildings/Large_Office_1.agp
OBJECT_DEF lib/airport/Common_Elements/Misc_Buildings/Med_Office_1.agp
OBJECT_DEF lib/airport/Common_Elements/Hangars/FBO_Modern1.agp
OBJECT_DEF lib/g10/US/industrial/light/FactC60x60_v1.obj
OBJECT_DEF lib/airport/Common_Elements/Hangars/Long_Row_Beige.agp
OBJECT_DEF lib/airport/Common_Elements/Hangars/Lg_Maint_Blue.agp
POLYGON_DEF lib/airport/Common_Elements/Fence_Facades/Fence.fac
POLYGON_DEF lib/airport/Common_Elements/Fence_Facades/Fenced_Parking.fac
POLYGON_DEF lib/airport/Common_Elements/Misc_Buildings/White_Office.fac
POLYGON_DEF lib/airport/Common_Elements/Misc_Buildings/Blue_Warehouse.fac
POLYGON_DEF lib/airport/Common_Elements/Hangars/White_Hangar.fac
POLYGON_DEF lib/airport/Common_Elements/Misc_Buildings/Cargo_Terminal.fac
POLYGON_DEF lib/airport/Modern_Airports/Facades/modern1.fac
POLYGON_DEF lib/airport/Modern_Airports/Facades/modern3.fac
POLYGON_DEF lib/airport/Common_Elements/Misc_Buildings/White_Warehouse.fac
POLYGON_DEF lib/airport/Common_Elements/Hangars/Blue_Hangar.fac
PROPERTY sim/filter/aptid SBSJ
PROPERTY sim/exclude_net -45.857674/-23.223246/-45.857410/-23.222997
PROPERTY sim/exclude_lin -45.857674/-23.223246/-45.857410/-23.222997
PROPERTY sim/exclude_pol -45.857674/-23.223246/-45.857410/-23.222997
PROPERTY sim/exclude_str -45.857674/-23.223246/-45.857410/-23.222997
PROPERTY sim/exclude_net -45.857181/-23.223186/-45.856917/-23.222937
PROPERTY sim/exclude_lin -45.857181/-23.223186/-45.856917/-23.222937
PROPERTY sim/exclude_pol -45.857181/-23.223186/-45.856917/-23.222937
PROPERTY sim/exclude_str -45.857181/-23.223186/-45.856917/-23.222937
PROPERTY sim/exclude_net -45.857963/-23.223405/-45.857698/-23.223156
PROPERTY sim/exclude_net -45.858287/-23.223523/-45.858023/-23.223274
PROPERTY sim/exclude_net -45.858631/-23.223617/-45.858367/-23.223368
PROPERTY sim/exclude_net -45.861260/-23.225004/-45.858760/-23.223988
PROPERTY sim/exclude_net -45.863985/-23.223259/-45.863496/-23.222796
PROPERTY sim/exclude_net -45.865263/-23.222715/-45.864774/-23.222252
PROPERTY sim/exclude_net -45.862998/-23.224295/-45.861288/-23.223435
PROPERTY sim/exclude_obj -45.851383/-23.250505/-45.847731/-23.248439
PROPERTY sim/exclude_fac -45.851383/-23.250505/-45.847731/-23.248439
PROPERTY sim/exclude_for -45.851383/-23.250505/-45.847731/-23.248439
PROPERTY sim/exclude_lin -45.851383/-23.250505/-45.847731/-23.248439
PROPERTY sim/exclude_pol -45.851383/-23.250505/-45.847731/-23.248439
PROPERTY sim/exclude_str -45.851383/-23.250505/-45.847731/-23.248439
PROPERTY sim/exclude_obj -45.847663/-23.251699/-45.846627/-23.251066
PROPERTY sim/exclude_fac -45.847663/-23.251699/-45.846627/-23.251066
PROPERTY sim/exclude_for -45.847663/-23.251699/-45.846627/-23.251066
PROPERTY sim/exclude_lin -45.847663/-23.251699/-45.846627/-23.251066
PROPERTY sim/exclude_pol -45.847663/-23.251699/-45.846627/-23.251066
PROPERTY sim/exclude_str -45.847663/-23.251699/-45.846627/-23.251066
PROPERTY sim/exclude_obj -45.846640/-23.251953/-45.845603/-23.251051
PROPERTY sim/exclude_fac -45.846640/-23.251953/-45.845603/-23.251051
PROPERTY sim/exclude_for -45.846640/-23.251953/-45.845603/-23.251051
PROPERTY sim/exclude_lin -45.846640/-23.251953/-45.845603/-23.251051
PROPERTY sim/exclude_pol -45.846640/-23.251953/-45.845603/-23.251051
PROPERTY sim/exclude_str -45.846640/-23.251953/-45.845603/-23.251051
PROPERTY sim/exclude_obj -45.845714/-23.252251/-45.844678/-23.251036
PROPERTY sim/exclude_fac -45.845714/-23.252251/-45.844678/-23.251036
PROPERTY sim/exclude_for -45.845714/-23.252251/-45.844678/-23.251036
PROPERTY sim/exclude_lin -45.845714/-23.252251/-45.844678/-23.251036
PROPERTY sim/exclude_pol -45.845714/-23.252251/-45.844678/-23.251036
PROPERTY sim/exclude_str -45.845714/-23.252251/-45.844678/-23.251036
PROPERTY sim/exclude_obj -45.844707/-23.252594/-45.843671/-23.250961
PROPERTY sim/exclude_fac -45.844707/-23.252594/-45.843671/-23.250961
PROPERTY sim/exclude_for -45.844707/-23.252594/-45.843671/-23.250961
PROPERTY sim/exclude_lin -45.844707/-23.252594/-45.843671/-23.250961
PROPERTY sim/exclude_pol -45.844707/-23.252594/-45.843671/-23.250961
PROPERTY sim/exclude_str -45.844707/-23.252594/-45.843671/-23.250961
PROPERTY sim/exclude_obj -45.843619/-23.252639/-45.842582/-23.251006
PROPERTY sim/exclude_fac -45.843619/-23.252639/-45.842582/-23.251006
PROPERTY sim/exclude_for -45.843619/-23.252639/-45.842582/-23.251006
PROPERTY sim/exclude_lin -45.843619/-23.252639/-45.842582/-23.251006
PROPERTY sim/exclude_pol -45.843619/-23.252639/-45.842582/-23.251006
PROPERTY sim/exclude_str -45.843619/-23.252639/-45.842582/-23.251006
PROPERTY sim/exclude_obj -45.844512/-23.247043/-45.843476/-23.245768
PROPERTY sim/exclude_fac -45.844512/-23.247043/-45.843476/-23.245768
PROPERTY sim/exclude_for -45.844512/-23.247043/-45.843476/-23.245768
PROPERTY sim/exclude_lin -45.844512/-23.247043/-45.843476/-23.245768
PROPERTY sim/exclude_pol -45.844512/-23.247043/-45.843476/-23.245768
PROPERTY sim/exclude_str -45.844512/-23.247043/-45.843476/-23.245768
PROPERTY sim/exclude_obj -45.846575/-23.246326/-45.844418/-23.245051
PROPERTY sim/exclude_fac -45.846575/-23.246326/-45.844418/-23.245051
PROPERTY sim/exclude_for -45.846575/-23.246326/-45.844418/-23.245051
PROPERTY sim/exclude_lin -45.846575/-23.246326/-45.844418/-23.245051
PROPERTY sim/exclude_pol -45.846575/-23.246326/-45.844418/-23.245051
PROPERTY sim/exclude_str -45.846575/-23.246326/-45.844418/-23.245051
PROPERTY sim/exclude_obj -45.847874/-23.251027/-45.842420/-23.246962
PROPERTY sim/exclude_fac -45.847874/-23.251027/-45.842420/-23.246962
PROPERTY sim/exclude_for -45.847874/-23.251027/-45.842420/-23.246962
PROPERTY sim/exclude_lin -45.847874/-23.251027/-45.842420/-23.246962
PROPERTY sim/exclude_pol -45.847874/-23.251027/-45.842420/-23.246962
PROPERTY sim/exclude_str -45.847874/-23.251027/-45.842420/-23.246962
PROPERTY sim/exclude_obj -45.854999/-23.248487/-45.846568/-23.240624
PROPERTY sim/exclude_fac -45.854999/-23.248487/-45.846568/-23.240624
PROPERTY sim/exclude_for -45.854999/-23.248487/-45.846568/-23.240624
PROPERTY sim/exclude_lin -45.854999/-23.248487/-45.846568/-23.240624
PROPERTY sim/exclude_pol -45.854999/-23.248487/-45.846568/-23.240624
PROPERTY sim/exclude_str -45.854999/-23.248487/-45.846568/-23.240624
PROPERTY sim/exclude_obj -45.866919/-23.242982/-45.856115/-23.220749
PROPERTY sim/exclude_fac -45.866919/-23.242982/-45.856115/-23.220749
PROPERTY sim/exclude_for -45.866919/-23.242982/-45.856115/-23.220749
PROPERTY sim/exclude_lin -45.866919/-23.242982/-45.856115/-23.220749
PROPERTY sim/exclude_pol -45.866919/-23.242982/-45.856115/-23.220749
PROPERTY sim/exclude_str -45.866919/-23.242982/-45.856115/-23.220749
PROPERTY sim/exclude_obj -45.871464/-23.217867/-45.867597/-23.215333
PROPERTY sim/exclude_fac -45.871464/-23.217867/-45.867597/-23.215333
PROPERTY sim/exclude_for -45.871464/-23.217867/-45.867597/-23.215333
PROPERTY sim/exclude_lin -45.871464/-23.217867/-45.867597/-23.215333
PROPERTY sim/exclude_pol -45.871464/-23.217867/-45.867597/-23.215333
PROPERTY sim/exclude_str -45.871464/-23.217867/-45.867597/-23.215333
PROPERTY sim/exclude_obj -45.856210/-23.234263/-45.852993/-23.220892
PROPERTY sim/exclude_fac -45.856210/-23.234263/-45.852993/-23.220892
PROPERTY sim/exclude_for -45.856210/-23.234263/-45.852993/-23.220892
PROPERTY sim/exclude_lin -45.856210/-23.234263/-45.852993/-23.220892
PROPERTY sim/exclude_pol -45.856210/-23.234263/-45.852993/-23.220892
PROPERTY sim/exclude_str -45.856210/-23.234263/-45.852993/-23.220892
PROPERTY sim/exclude_obj -45.853081/-23.234280/-45.850040/-23.232047
PROPERTY sim/exclude_fac -45.853081/-23.234280/-45.850040/-23.232047
PROPERTY sim/exclude_for -45.853081/-23.234280/-45.850040/-23.232047
PROPERTY sim/exclude_lin -45.853081/-23.234280/-45.850040/-23.232047
PROPERTY sim/exclude_pol -45.853081/-23.234280/-45.850040/-23.232047
PROPERTY sim/exclude_str -45.853081/-23.234280/-45.850040/-23.232047
PROPERTY sim/exclude_obj -45.851285/-23.238174/-45.849359/-23.235064
PROPERTY sim/exclude_fac -45.851285/-23.238174/-45.849359/-23.235064
PROPERTY sim/exclude_for -45.851285/-23.238174/-45.849359/-23.235064
PROPERTY sim/exclude_lin -45.851285/-23.238174/-45.849359/-23.235064
PROPERTY sim/exclude_pol -45.851285/-23.238174/-45.849359/-23.235064
PROPERTY sim/exclude_str -45.851285/-23.238174/-45.849359/-23.235064
PROPERTY sim/exclude_obj -45.856274/-23.238121/-45.851210/-23.234169
PROPERTY sim/exclude_fac -45.856274/-23.238121/-45.851210/-23.234169
PROPERTY sim/exclude_for -45.856274/-23.238121/-45.851210/-23.234169
PROPERTY sim/exclude_lin -45.856274/-23.238121/-45.851210/-23.234169
PROPERTY sim/exclude_pol -45.856274/-23.238121/-45.851210/-23.234169
PROPERTY sim/exclude_str -45.856274/-23.238121/-45.851210/-23.234169
PROPERTY sim/exclude_obj -45.872081/-23.227738/-45.866581/-23.223162
PROPERTY sim/exclude_fac -45.872081/-23.227738/-45.866581/-23.223162
PROPERTY sim/exclude_for -45.872081/-23.227738/-45.866581/-23.223162
PROPERTY sim/exclude_lin -45.872081/-23.227738/-45.866581/-23.223162
PROPERTY sim/exclude_pol -45.872081/-23.227738/-45.866581/-23.223162
PROPERTY sim/exclude_str -45.872081/-23.227738/-45.866581/-23.223162
PROPERTY sim/exclude_obj -45.874932/-23.223406/-45.866116/-23.217654
PROPERTY sim/exclude_fac -45.874932/-23.223406/-45.866116/-23.217654
PROPERTY sim/exclude_for -45.874932/-23.223406/-45.866116/-23.217654
PROPERTY sim/exclude_lin -45.874932/-23.223406/-45.866116/-23.217654
PROPERTY sim/exclude_pol -45.874932/-23.223406/-45.866116/-23.217654
PROPERTY sim/exclude_str -45.874932/-23.223406/-45.866116/-23.217654
PROPERTY sim/exclude_obj -45.878269/-23.214868/-45.875408/-23.212120
PROPERTY sim/exclude_fac -45.878269/-23.214868/-45.875408/-23.212120
PROPERTY sim/exclude_for -45.878269/-23.214868/-45.875408/-23.212120
PROPERTY sim/exclude_lin -45.878269/-23.214868/-45.875408/-23.212120
PROPERTY sim/exclude_pol -45.878269/-23.214868/-45.875408/-23.212120
PROPERTY sim/exclude_str -45.878269/-23.214868/-45.875408/-23.212120
PROPERTY sim/exclude_obj -45.880607/-23.217146/-45.877746/-23.214398
PROPERTY sim/exclude_fac -45.880607/-23.217146/-45.877746/-23.214398
PROPERTY sim/exclude_for -45.880607/-23.217146/-45.877746/-23.214398
PROPERTY sim/exclude_lin -45.880607/-23.217146/-45.877746/-23.214398
PROPERTY sim/exclude_pol -45.880607/-23.217146/-45.877746/-23.214398
PROPERTY sim/exclude_str -45.880607/-23.217146/-45.877746/-23.214398
PROPERTY sim/exclude_obj -45.882081/-23.214481/-45.878214/-23.210164
PROPERTY sim/exclude_fac -45.882081/-23.214481/-45.878214/-23.210164
PROPERTY sim/exclude_for -45.882081/-23.214481/-45.878214/-23.210164
PROPERTY sim/exclude_lin -45.882081/-23.214481/-45.878214/-23.210164
PROPERTY sim/exclude_pol -45.882081/-23.214481/-45.878214/-23.210164
PROPERTY sim/exclude_str -45.882081/-23.214481/-45.878214/-23.210164
PROPERTY sim/exclude_obj -45.877879/-23.219590/-45.871335/-23.214843
PROPERTY sim/exclude_fac -45.877879/-23.219590/-45.871335/-23.214843
PROPERTY sim/exclude_for -45.877879/-23.219590/-45.871335/-23.214843
PROPERTY sim/exclude_lin -45.877879/-23.219590/-45.871335/-23.214843
PROPERTY sim/exclude_pol -45.877879/-23.219590/-45.871335/-23.214843
PROPERTY sim/exclude_str -45.877879/-23.219590/-45.871335/-23.214843
PROPERTY sim/exclude_obj -45.860061/-23.246722/-45.849477/-23.238004
PROPERTY sim/exclude_fac -45.860061/-23.246722/-45.849477/-23.238004
PROPERTY sim/exclude_for -45.860061/-23.246722/-45.849477/-23.238004
PROPERTY sim/exclude_net -45.860061/-23.246722/-45.849477/-23.238004
PROPERTY sim/exclude_lin -45.860061/-23.246722/-45.849477/-23.238004
PROPERTY sim/exclude_pol -45.860061/-23.246722/-45.849477/-23.238004
PROPERTY sim/exclude_str -45.860061/-23.246722/-45.849477/-23.238004
PROPERTY sim/require_agpoint 1/0
PROPERTY sim/require_object 1/0
PROPERTY sim/require_facade 1/0
