PROPERTY sim/west -180
PROPERTY sim/east 180
PROPERTY sim/north 90
PROPERTY sim/south -90
PROPERTY sim/planet earth
PROPERTY sim/creation_agent WorldEditor1.5.1r1
PROPERTY laminar/internal_revision 0
PROPERTY sim/overlay 1
FILTER 0
FILTER -1
FILTER 0
FILTER -1
FILTER 0
FILTER -1
FILTER 0
FILTER -1
FILTER 0
FILTER -1
FILTER 0
OBJECT 0 -54.789320848 -2.425553234 298.809998
OBJECT 0 -54.789308622 -2.425619943 298.809998
OBJECT 0 -54.789299218 -2.425685712 298.809998
OBJECT 0 -54.789286993 -2.425755240 298.809998
OBJECT 1 -54.790108359 -2.425793687 333.380005
OBJECT 1 -54.789949431 -2.425773017 350.649994
OBJECT 1 -54.790412110 -2.425851000 351.880005
OBJECT 1 -54.790246756 -2.425814984 11.180000
OBJECT 1 -54.790589047 -2.424964639 46.840000
OBJECT 2 -54.790660182 -2.424946418 45.230000
OBJECT 2 -54.790759037 -2.424962653 45.230000
OBJECT 2 -54.790855184 -2.424984301 45.230000
OBJECT 3 -54.785507052 -2.425031609 278.489990
OBJECT 4 -54.785613573 -2.424563123 41.000000
OBJECT 4 -54.785718522 -2.424571015 344.600006
OBJECT 4 -54.785840399 -2.424587928 297.880005
OBJECT 4 -54.785328969 -2.424881540 323.429993
OBJECT 4 -54.785388397 -2.424671444 191.720001
OBJECT 4 -54.782533581 -2.424414045 320.149994
OBJECT 4 -54.782322944 -2.423994303 347.070007
OBJECT 4 -54.782514786 -2.423849610 43.279999
OBJECT 4 -54.782203512 -2.423798874 276.429993
OBJECT 4 -54.782369964 -2.423667335 153.820007
OBJECT 4 -54.782823521 -2.424318534 92.139999
OBJECT 4 -54.782473221 -2.424246501 217.380005
OBJECT 4 -54.782528078 -2.424203438 219.610001
OBJECT 4 -54.782582935 -2.424159591 218.460007
OBJECT 4 -54.782697350 -2.424185429 126.139999
OBJECT 4 -54.787366127 -2.424949980 273.100006
OBJECT 4 -54.787564013 -2.424983867 56.930000
OBJECT 4 -54.787589874 -2.424990131 274.890015
OBJECT 4 -54.787791277 -2.425026148 63.680000
OBJECT 4 -54.787912843 -2.425046504 280.779999
OBJECT 4 -54.788097005 -2.425071559 74.099998
OBJECT 4 -54.788106264 -2.425548810 252.779999
OBJECT 4 -54.788543081 -2.425625780 92.440002
OBJECT 3 -54.785312909 -2.424894081 248.119995
OBJECT 3 -54.785330150 -2.424826746 246.949997
OBJECT 3 -54.785348958 -2.424760977 248.309998
OBJECT 3 -54.785365415 -2.424697556 254.839996
OBJECT 3 -54.785387579 -2.424618843 248.839996
OBJECT 3 -54.787137455 -2.425200095 263.750000
OBJECT 3 -54.787158123 -2.425093284 254.850006
OBJECT 3 -54.787174580 -2.424994630 252.080002
OBJECT 3 -54.787187902 -2.424909286 253.089996
OBJECT 3 -54.789979688 -2.424794374 176.630005
OBJECT 3 -54.789761230 -2.424843465 349.380005
OBJECT 3 -54.789591957 -2.424819976 358.109985
OBJECT 3 -54.789446743 -2.424788724 349.700012
OBJECT 3 -54.789324733 -2.424795439 16.969999
OBJECT 3 -54.789241978 -2.424850874 31.459999
OBJECT 3 -54.789167686 -2.424903489 38.450001
OBJECT 3 -54.789068003 -2.424974896 29.930000
OBJECT 3 -54.788981212 -2.425033690 25.410000
OBJECT 3 -54.788862721 -2.425079728 16.559999
OBJECT 3 -54.788707555 -2.425059997 353.739990
OBJECT 3 -54.788581541 -2.425037448 350.540009
OBJECT 3 -54.788368677 -2.425489385 79.919998
OBJECT 3 -54.788389786 -2.425367565 74.970001
OBJECT 3 -54.788411415 -2.425254818 80.449997
OBJECT 3 -54.788433142 -2.425136158 77.010002
OBJECT 3 -54.787906008 -2.424921397 355.959991
OBJECT 3 -54.788231681 -2.424978439 352.760010
OBJECT 3 -54.788469791 -2.425034813 50.099998
OBJECT 3 -54.788367099 -2.425011136 301.239990
OBJECT 3 -54.787388923 -2.424748037 166.940002
OBJECT 3 -54.787513086 -2.424769775 168.289993
OBJECT 3 -54.787688002 -2.424800217 171.949997
OBJECT 3 -54.787861788 -2.424830659 172.669998
OBJECT 3 -54.787194940 -2.424696280 201.800003
OBJECT 3 -54.787174565 -2.424811376 304.179993
OBJECT 3 -54.787281144 -2.424830168 39.919998
OBJECT 3 -54.787294229 -2.424725869 130.009995
OBJECT 3 -54.787299715 -2.424628781 72.690002
OBJECT 3 -54.787316647 -2.424529765 73.239998
OBJECT 3 -54.787257669 -2.424418036 301.309998
OBJECT 3 -54.787341478 -2.424437611 42.660000
OBJECT 3 -54.787420361 -2.424428210 357.320007
OBJECT 3 -54.787565259 -2.424416033 28.070000
OBJECT 3 -54.787646510 -2.424282089 82.870003
OBJECT 3 -54.787661406 -2.424112968 97.550003
OBJECT 3 -54.787505675 -2.423989848 170.419998
OBJECT 3 -54.787326923 -2.423961435 174.179993
OBJECT 3 -54.787156351 -2.423934934 172.449997
OBJECT 3 -54.787212966 -2.422579080 83.480003
OBJECT 3 -54.787180438 -2.422793319 81.559998
OBJECT 3 -54.787157869 -2.422954547 83.709999
OBJECT 3 -54.787090273 -2.423351748 80.389999
OBJECT 3 -54.787072398 -2.423471892 89.360001
OBJECT 3 -54.787057773 -2.423592035 84.290001
OBJECT 3 -54.787031772 -2.423730038 81.309998
OBJECT 3 -54.787032496 -2.423901287 115.110001
OBJECT 3 -54.786924162 -2.423885052 232.979996
OBJECT 3 -54.786609165 -2.423916825 353.549988
OBJECT 3 -54.786425430 -2.423895033 2.100000
OBJECT 3 -54.786276251 -2.424149915 103.389999
OBJECT 3 -54.786329854 -2.424305882 108.910004
OBJECT 3 -54.786381576 -2.424457152 107.529999
OBJECT 3 -54.782677767 -2.423532272 223.830002
OBJECT 3 -54.782600579 -2.423702746 339.440002
OBJECT 3 -54.782591099 -2.423613450 224.500000
OBJECT 3 -54.782683184 -2.423652686 90.000000
OBJECT 3 -54.782665579 -2.423774454 304.839996
OBJECT 3 -54.782764434 -2.423909751 293.570007
OBJECT 3 -54.782851102 -2.424024753 301.690002
OBJECT 3 -54.782663512 -2.424132552 119.120003
OBJECT 3 -54.782751827 -2.424240150 123.690002
OBJECT 3 -54.782848654 -2.424199415 224.630005
OBJECT 3 -54.782987910 -2.424188532 352.779999
OBJECT 3 -54.783011420 -2.424055114 175.869995
OBJECT 3 -54.782923963 -2.424122763 270.459991
OBJECT 3 -54.783123840 -2.424061518 36.410000
OBJECT 3 -54.783072118 -2.424139502 92.660004
OBJECT 3 -54.783163614 -2.424188548 172.300003
OBJECT 3 -54.783264707 -2.424178370 197.240005
OBJECT 3 -54.783332887 -2.424132175 212.600006
OBJECT 3 -54.783417125 -2.424074304 203.669998
OBJECT 3 -54.783538594 -2.424008535 204.699997
OBJECT 3 -54.783658361 -2.423962881 207.839996
OBJECT 3 -54.783754752 -2.423931562 194.550003
OBJECT 3 -54.783872545 -2.423899837 203.729996
OBJECT 3 -54.783991036 -2.423878227 193.100006
OBJECT 3 -54.784105765 -2.423859436 188.220001
OBJECT 3 -54.784151845 -2.423761721 270.000000
OBJECT 3 -54.784225197 -2.423836886 117.510002
OBJECT 3 -54.784324862 -2.423874906 172.300003
OBJECT 3 -54.784485515 -2.423900744 169.559998
OBJECT 3 -54.784637158 -2.423917541 203.500000
OBJECT 3 -54.784746871 -2.423872129 66.209999
OBJECT 3 -54.784734333 -2.423975480 111.800003
OBJECT 3 -54.784825408 -2.424031679 155.000000
OBJECT 3 -54.784930419 -2.424081006 147.110001
OBJECT 3 -54.785028115 -2.424144078 150.759995
OBJECT 3 -54.785134380 -2.424220182 150.300003
OBJECT 3 -54.785242527 -2.424317897 141.570007
OBJECT 3 -54.785440361 -2.424571164 90.000000
OBJECT 3 -54.785452586 -2.424572103 272.570007
OBJECT 3 -54.785383833 -2.424418102 153.630005
OBJECT 3 -54.785611316 -2.424430262 90.360001
OBJECT 3 -54.785762094 -2.424485931 171.800003
OBJECT 3 -54.785996090 -2.424520847 170.419998
OBJECT 3 -54.786217164 -2.424553349 169.300003
OBJECT 3 -54.786442240 -2.424585146 172.229996
OBJECT 3 -54.786681035 -2.424623187 167.619995
OBJECT 3 -54.786928696 -2.424663571 170.059998
OBJECT 3 -54.787090915 -2.424689409 171.869995
OBJECT 5 -54.790269650 -2.425846818 349.920013
OBJECT 5 -54.790429443 -2.425867113 352.130005
OBJECT 5 -54.790586528 -2.425900937 350.269989
OBJECT 5 -54.790732780 -2.425880642 78.580002
OBJECT 5 -54.790758640 -2.425725117 79.650002
OBJECT 5 -54.790794888 -2.425516266 80.790001
OBJECT 5 -54.790828742 -2.425326850 81.089996
OBJECT 5 -54.790858083 -2.425128415 80.839996
OBJECT 5 -54.790083388 -2.425813680 351.649994
OBJECT 5 -54.789934428 -2.425786620 351.829987
OBJECT 5 -54.789777569 -2.425762943 351.359985
OBJECT 5 -54.789652307 -2.425714462 260.640015
OBJECT 5 -54.789677133 -2.425532938 262.820007
OBJECT 5 -54.789706474 -2.425386367 262.079987
OBJECT 5 -54.789730641 -2.425228316 261.209991
OBJECT 5 -54.789772395 -2.424964487 262.450012
OBJECT 4 -54.789043643 -2.424701612 81.139999
OBJECT 4 -54.788842479 -2.424879406 81.970001
OBJECT 4 -54.787954649 -2.424462956 257.820007
OBJECT 4 -54.787924180 -2.424605017 260.010010
OBJECT 4 -54.787908381 -2.424747079 259.619995
OBJECT 4 -54.787250826 -2.424276775 185.419998
OBJECT 4 -54.787416713 -2.424313982 76.730003
OBJECT 4 -54.786948392 -2.424215892 170.929993
OBJECT 4 -54.786917923 -2.424399670 353.829987
OBJECT 4 -54.787131207 -2.424434622 41.759998
OBJECT 4 -54.786706897 -2.424362463 297.179993
OBJECT 4 -54.786743008 -2.424185450 207.490005
OBJECT 4 -54.787148134 -2.424258736 133.649994
OBJECT 4 -54.786737366 -2.424098634 275.160004
OBJECT 4 -54.786942750 -2.424133586 62.529999
OBJECT 4 -54.786965320 -2.424139223 273.369995
OBJECT 4 -54.787174089 -2.424174175 66.610001
OBJECT 6 -54.785909142 -2.423083861 142.179993
OBJECT 6 -54.785757682 -2.422966557 146.000000
OBJECT 6 -54.785574868 -2.422851555 153.880005
OBJECT 6 -54.785402347 -2.422758126 156.490005
OBJECT 6 -54.785243095 -2.422685065 157.130005
OBJECT 6 -54.785044844 -2.422610381 164.050003
OBJECT 6 -54.784880847 -2.422559999 161.949997
OBJECT 6 -54.784674145 -2.422524930 168.759995
OBJECT 6 -54.784490843 -2.422507396 172.600006
OBJECT 6 -54.784313643 -2.422495633 171.910004
OBJECT 6 -54.784100766 -2.422498880 178.529999
OBJECT 6 -54.783900889 -2.422518363 184.720001
OBJECT 6 -54.783712388 -2.422549211 187.669998
OBJECT 6 -54.783502761 -2.422597918 193.720001
OBJECT 7 -54.783341273 -2.424000679 34.869999
OBJECT 7 -54.783607007 -2.423857935 18.160000
OBJECT 7 -54.783919597 -2.423780139 9.140000
OBJECT 7 -54.784250935 -2.423760615 358.959991
OBJECT 7 -54.784567510 -2.423812315 345.489990
OBJECT 7 -54.784881141 -2.423917318 332.070007
OBJECT 7 -54.785158412 -2.424088175 324.339996
OBJECT 7 -54.785387871 -2.424314609 306.910004
OBJECT 8 -54.787514182 -2.424201274 171.449997
OBJECT 9 -54.784437840 -2.423805912 262.649994
OBJECT 10 -54.784958540 -2.423978091 240.639999
BEGIN_POLYGON 0 10 3
BEGIN_WINDING
POLYGON_POINT -54.782406347 -2.424091354 2.000000000
POLYGON_POINT -54.782329272 -2.423997267 1.000000000
POLYGON_POINT -54.782507573 -2.423851465 2.000000000
POLYGON_POINT -54.782584649 -2.423945553 2.000000000
END_WINDING
END_POLYGON
BEGIN_POLYGON 1 10 3
BEGIN_WINDING
POLYGON_POINT -54.782624036 -2.424660572 2.000000000
POLYGON_POINT -54.782461769 -2.424469539 2.000000000
POLYGON_POINT -54.782532925 -2.424414026 2.000000000
POLYGON_POINT -54.782639929 -2.424547794 1.000000000
POLYGON_POINT -54.782824004 -2.424399401 2.000000000
POLYGON_POINT -54.782878611 -2.424465082 2.000000000
END_WINDING
END_POLYGON
OBJECT 11 -54.786953094 -2.424221965 171.059998
OBJECT 12 -54.790889318 -2.424776541 80.330002
OBJECT 13 -54.787999987 -2.425111109 169.919998
OBJECT 14 -54.787457139 -2.425036931 169.559998
OBJECT 14 -54.788319204 -2.425589618 169.559998
OBJECT 15 -54.790801461 -2.425330536 260.309998
OBJECT 15 -54.790734068 -2.425728920 260.309998
OBJECT 16 -54.789704915 -2.425525045 80.959999
OBJECT 17 -54.789833254 -2.425186995 80.879997
OBJECT 18 -54.789720125 -2.425740009 169.429993
OBJECT 18 -54.789876127 -2.425767285 169.429993
OBJECT 18 -54.790024003 -2.425793262 169.429993
OBJECT 18 -54.790333107 -2.425845929 169.429993
OBJECT 18 -54.790489109 -2.425873205 169.429993
OBJECT 18 -54.790650961 -2.425904377 169.429993
BEGIN_POLYGON 2 10 2
BEGIN_WINDING
POLYGON_POINT -54.789073210 -2.424588418
POLYGON_POINT -54.789056362 -2.424709617
POLYGON_POINT -54.789034194 -2.424836831
END_WINDING
END_POLYGON
BEGIN_POLYGON 2 10 2
BEGIN_WINDING
POLYGON_POINT -54.787874151 -2.424788785
POLYGON_POINT -54.787909846 -2.424586092
POLYGON_POINT -54.787947178 -2.424386095
END_WINDING
END_POLYGON
OBJECT 19 -54.787319304 -2.424291784 171.110001
BEGIN_POLYGON 3 10 2
BEGIN_WINDING
POLYGON_POINT -54.783244696 -2.423988493
POLYGON_POINT -54.783205276 -2.423932608
POLYGON_POINT -54.783204659 -2.423919283
END_WINDING
END_POLYGON
BEGIN_POLYGON 3 10 2
BEGIN_WINDING
POLYGON_POINT -54.783525297 -2.423823184
POLYGON_POINT -54.783505573 -2.423780093
POLYGON_POINT -54.783507790 -2.423766939
END_WINDING
END_POLYGON
BEGIN_POLYGON 3 10 2
BEGIN_WINDING
POLYGON_POINT -54.783833784 -2.423728054
POLYGON_POINT -54.783826898 -2.423681173
POLYGON_POINT -54.783832706 -2.423669162
END_WINDING
END_POLYGON
BEGIN_POLYGON 3 10 2
BEGIN_WINDING
POLYGON_POINT -54.784170052 -2.423692593
POLYGON_POINT -54.784173966 -2.423645372
POLYGON_POINT -54.784182344 -2.423634986
END_WINDING
END_POLYGON
BEGIN_POLYGON 3 10 2
BEGIN_WINDING
POLYGON_POINT -54.784501255 -2.423723392
POLYGON_POINT -54.784511892 -2.423677216
POLYGON_POINT -54.784521671 -2.423668136
END_WINDING
END_POLYGON
BEGIN_POLYGON 3 10 2
BEGIN_WINDING
POLYGON_POINT -54.784827890 -2.423818304
POLYGON_POINT -54.784848433 -2.423775597
POLYGON_POINT -54.784859972 -2.423768888
END_WINDING
END_POLYGON
BEGIN_POLYGON 3 10 2
BEGIN_WINDING
POLYGON_POINT -54.785128979 -2.423977640
POLYGON_POINT -54.785159091 -2.423941033
POLYGON_POINT -54.785171895 -2.423937256
END_WINDING
END_POLYGON
BEGIN_POLYGON 3 10 2
BEGIN_WINDING
POLYGON_POINT -54.785379419 -2.424196545
POLYGON_POINT -54.785431370 -2.424149643
POLYGON_POINT -54.785450424 -2.424147178
END_WINDING
END_POLYGON
BEGIN_POLYGON 3 10 4
BEGIN_WINDING
POLYGON_POINT -54.786025902 -2.424577554 -54.786025902 -2.424577554
POLYGON_POINT -54.785612391 -2.424512319 -54.785612391 -2.424512319
POLYGON_POINT -54.785540833 -2.424441896 -54.785523229 -2.424386424
POLYGON_POINT -54.785478640 -2.424310288 -54.785441590 -2.424269374
POLYGON_POINT -54.785305088 -2.424125202 -54.785248537 -2.424082340
POLYGON_POINT -54.785112036 -2.423965443 -54.785041835 -2.423916736
POLYGON_POINT -54.784853365 -2.423828250 -54.784746114 -2.423784414
POLYGON_POINT -54.784473735 -2.423717536 -54.784398984 -2.423702924
POLYGON_POINT -54.784155154 -2.423692936 -54.784024503 -2.423696833
POLYGON_POINT -54.783771394 -2.423742672 -54.783656733 -2.423773065
POLYGON_POINT -54.783486691 -2.423840226 -54.783404777 -2.423878175
POLYGON_POINT -54.783222349 -2.424004516 -54.783177499 -2.424037637
POLYGON_POINT -54.783222349 -2.424004516 -54.783222349 -2.424004516
END_WINDING
END_POLYGON
BEGIN_POLYGON 4 10 3
BEGIN_WINDING
POLYGON_POINT -54.786818437 -2.424760557 1.000000000
POLYGON_POINT -54.786797312 -2.424895313 1.000000000
POLYGON_POINT -54.786196464 -2.424801288 1.000000000
POLYGON_POINT -54.786217589 -2.424666532 1.000000000
END_WINDING
END_POLYGON
BEGIN_POLYGON 5 10 3
BEGIN_WINDING
POLYGON_POINT -54.785970705 -2.424618300 2.000000000
POLYGON_POINT -54.785947246 -2.424767831 0.000000000
POLYGON_POINT -54.785833386 -2.424750000 2.000000000
POLYGON_POINT -54.785856845 -2.424600469 0.000000000
END_WINDING
END_POLYGON
BEGIN_POLYGON 6 10 3
BEGIN_WINDING
POLYGON_POINT -54.786938883 -2.424718182 0.000000000
POLYGON_POINT -54.786896633 -2.424974705 1.000000000
POLYGON_POINT -54.785936184 -2.424816798 0.000000000
POLYGON_POINT -54.785978499 -2.424559880 1.000000000
POLYGON_POINT -54.786277987 -2.424609118 0.000000000
POLYGON_POINT -54.786274088 -2.424632791 1.000000000
POLYGON_POINT -54.786574889 -2.424682246 0.000000000
POLYGON_POINT -54.786578723 -2.424658968 1.000000000
END_WINDING
END_POLYGON
OBJECT 20 -54.782556351 -2.424292538 217.820007
OBJECT 20 -54.782609389 -2.424250822 217.820007
OBJECT 20 -54.782664685 -2.424209105 217.820007
OBJECT 21 -54.788005277 -2.425061930 170.289993
OBJECT 22 -54.787678234 -2.425004451 170.369995
OBJECT 22 -54.787450280 -2.424963862 170.369995
OBJECT 22 -54.786827848 -2.424112738 170.369995
OBJECT 22 -54.785367321 -2.424767834 74.290001
OBJECT 22 -54.782301501 -2.423725053 38.520000
OBJECT 22 -54.787054485 -2.424152200 170.369995
OBJECT 20 -54.784957471 -2.423985389 61.270000
OBJECT 20 -54.784440174 -2.423800032 81.540001
OBJECT 23 -54.783120151 -2.423655091 3.660000
OBJECT 23 -54.783243587 -2.423853973 35.970001
OBJECT 23 -54.783564053 -2.423721289 17.490000
OBJECT 23 -54.783898807 -2.423638488 6.950000
OBJECT 23 -54.784249646 -2.423609454 356.750000
OBJECT 23 -54.784611845 -2.423655035 345.470001
OBJECT 23 -54.784957161 -2.423782214 333.260010
OBJECT 23 -54.785243050 -2.423974784 319.929993
OBJECT 23 -54.785542099 -2.424203662 303.140015
FILTER -1
OBJECT_DEF lib/airport/aircraft/GA/Osprey_GP5.obj
OBJECT_DEF lib/airport/aircraft/GA/Cessna_172.obj
OBJECT_DEF lib/airport/aircraft/GA/KingAirC90B.obj
OBJECT_DEF lib/g10/streetlights/ResLt2Dim.obj
OBJECT_DEF lib/g10/streetlights/AreaFloodSml.obj
OBJECT_DEF lib/g10/streetlights/AreaFloodShort.obj
OBJECT_DEF lib/g10/streetlights/AreaFloodMed.obj
OBJECT_DEF lib/g10/streetlights/AreaFloodLrg.obj
OBJECT_DEF lib/airport/Classic_Airports/Control_Towers/Classic_Tower_3.agp
OBJECT_DEF lib/airport/Ramp_Equipment/Cargo_Pod_Lot.agp
OBJECT_DEF lib/airport/Ramp_Equipment/Cargo_Pallete_Pkng.agp
OBJECT_DEF lib/airport/Common_Elements/Fuel_Storage/3_Tank_Array.agp
OBJECT_DEF lib/g10/global_objects/rooftop_helipad_5.obj
OBJECT_DEF lib/airport/Common_Elements/Misc_Buildings/Small_Office_3.agp
OBJECT_DEF lib/airport/Common_Elements/Misc_Buildings/Small_Office_2.agp
OBJECT_DEF lib/airport/Common_Elements/Hangars/Med_Blue_Hangar.agp
OBJECT_DEF lib/airport/Common_Elements/Hangars/Med_Gray_Hangar.agp
OBJECT_DEF lib/airport/Common_Elements/Hangars/FBO_Modern1.agp
OBJECT_DEF lib/airport/Common_Elements/Hangars/Sm_Blue_Hangar.agp
OBJECT_DEF lib/airport/Common_Elements/Misc_Buildings/Fire_Station_Sm.agp
OBJECT_DEF lib/airport/Ramp_Equipment/Luggage_Cart_Pkng.obj
OBJECT_DEF lib/airport/Common_Elements/Parking/4space_wStop.obj
OBJECT_DEF lib/airport/Common_Elements/Parking/6_wLines.obj
OBJECT_DEF lib/airport/Ramp_Equipment/Ramp_Parking_Stripe.obj
POLYGON_DEF lib/airport/Common_Elements/Misc_Buildings/Blue_Warehouse.fac
POLYGON_DEF lib/airport/Common_Elements/Misc_Buildings/White_Warehouse.fac
POLYGON_DEF lib/airport/Ramp_Equipment/Jet_Blast_Shield.fac
POLYGON_DEF lib/airport/Ramp_Equipment/Covered_Walkway.fac
POLYGON_DEF lib/airport/Common_Elements/Hangars/White_Hangar.fac
POLYGON_DEF lib/airport/Modern_Airports/Facades/modern2.fac
POLYGON_DEF lib/airport/Modern_Airports/Facades/modern1.fac
PROPERTY sim/filter/aptid SBSN
PROPERTY sim/exclude_for -54.791309/-2.424901/-54.781947/-2.421031
PROPERTY sim/exclude_for -54.791332/-2.426147/-54.785352/-2.424261
PROPERTY sim/require_agpoint 1/0
PROPERTY sim/require_object 1/0
PROPERTY sim/require_facade 1/0
