PROPERTY sim/west -180
PROPERTY sim/east 180
PROPERTY sim/north 90
PROPERTY sim/south -90
PROPERTY sim/planet earth
PROPERTY sim/creation_agent WorldEditor1.4.0b2
PROPERTY laminar/internal_revision 0
PROPERTY sim/overlay 1
PROPERTY sim/exclude_fac -72.931022/-47.481825/-72.929396/-47.461339
PROPERTY sim/exclude_for -72.931022/-47.481825/-72.929396/-47.461339
PROPERTY sim/exclude_bch -72.931022/-47.481825/-72.929396/-47.461339
PROPERTY sim/exclude_lin -72.931022/-47.481825/-72.929396/-47.461339
PROPERTY sim/exclude_pol -72.931022/-47.481825/-72.929396/-47.461339
PROPERTY sim/exclude_str -72.931022/-47.481825/-72.929396/-47.461339
OBJECT 0 -72.931469476 -47.470458440 0.000000
OBJECT 0 -72.931656596 -47.471196361 326.309998
OBJECT 0 -72.932373887 -47.471986989 0.000000
OBJECT 0 -72.932748125 -47.472134573 45.000000
OBJECT 0 -72.933215923 -47.472408658 26.559999
OBJECT 0 -72.931064051 -47.472482450 0.000000
OBJECT 0 -72.931375917 -47.472324324 0.000000
OBJECT 0 -72.931485070 -47.472492992 0.000000
OBJECT 0 -72.933434229 -47.473125495 0.000000
OBJECT 0 -72.933184737 -47.473146578 0.000000
OBJECT 0 -72.932826092 -47.473262537 0.000000
OBJECT 0 -72.933387450 -47.473494455 0.000000
OBJECT 0 -72.932794905 -47.473652581 0.000000
OBJECT 0 -72.932857278 -47.473842332 0.000000
OBJECT 0 -72.932872871 -47.474105875 0.000000
OBJECT 0 -72.932654566 -47.474169125 0.000000
OBJECT 0 -72.932202360 -47.474063708 0.000000
OBJECT 0 -72.931859308 -47.473283621 185.190002
OBJECT 0 -72.931843715 -47.473610414 0.000000
OBJECT 0 -72.931828122 -47.473958291 0.000000
OBJECT 0 -72.932015241 -47.474010999 0.000000
OBJECT 0 -72.932295920 -47.474274542 18.430000
OBJECT 0 -72.931360323 -47.474369418 0.000000
OBJECT 0 -72.931563036 -47.474580252 0.000000
OBJECT 0 -72.932794905 -47.475307631 0.000000
OBJECT 0 -72.932888465 -47.475181130 180.000000
OBJECT 0 -72.932420666 -47.475149505 270.000000
OBJECT 0 -72.932436260 -47.475307631 0.000000
OBJECT 0 -72.931282357 -47.475276006 270.000000
OBJECT 0 -72.930986085 -47.475117880 0.000000
OBJECT 0 -72.929083705 -47.474632961 161.570007
OBJECT 0 -72.929270824 -47.474601336 90.000000
OBJECT 0 -72.929551503 -47.466442045 0.000000
OBJECT 0 -72.929535910 -47.466273378 180.000000
OBJECT 0 -72.931032865 -47.466494754 0.000000
OBJECT 0 -72.930939305 -47.466104710 180.000000
OBJECT 0 -72.930720999 -47.466136336 0.000000
OBJECT 0 -72.930767779 -47.466294461 0.000000
OBJECT 0 -72.930783372 -47.466442045 0.000000
OBJECT 0 -72.930908118 -47.466673963 0.000000
OBJECT 0 -72.930814559 -47.466621255 0.000000
OBJECT 0 -72.930986085 -47.466948048 0.000000
OBJECT 0 -72.930814559 -47.466832089 0.000000
OBJECT 0 -72.930814559 -47.467053465 0.000000
OBJECT 0 -72.930939305 -47.467095632 0.000000
OBJECT 0 -72.930970492 -47.467317008 0.000000
OBJECT 0 -72.930939305 -47.467612176 0.000000
OBJECT 0 -72.930830152 -47.467854636 0.000000
OBJECT 0 -72.930969808 -47.468400418 0.000000
OBJECT 0 -72.930891649 -47.468221589 0.000000
OBJECT 0 -72.930723306 -47.468067146 0.000000
OBJECT 0 -72.930699257 -47.468128110 0.000000
OBJECT 0 -72.930693245 -47.468302875 333.440002
OBJECT 0 -72.930729318 -47.468408546 0.000000
OBJECT 0 -72.930921710 -47.468522346 0.000000
OBJECT 0 -72.931047967 -47.469062897 0.000000
OBJECT 0 -72.930939747 -47.469071025 0.000000
OBJECT 0 -72.931005881 -47.468908454 180.000000
OBJECT 0 -72.931017906 -47.468725561 0.000000
OBJECT 0 -72.930783428 -47.468806847 0.000000
OBJECT 0 -72.930741343 -47.468912518 0.000000
OBJECT 0 -72.930747355 -47.468989740 0.000000
OBJECT 0 -72.930759379 -47.469201083 0.000000
OBJECT 0 -72.931072016 -47.469339268 0.000000
OBJECT 0 -72.931090053 -47.469420554 0.000000
OBJECT 0 -72.930789441 -47.469505904 0.000000
OBJECT 0 -72.930837538 -47.469640026 30.959999
OBJECT 0 -72.930981832 -47.469709119 0.000000
OBJECT 0 -72.931102077 -47.469892012 0.000000
OBJECT 0 -72.931023918 -47.470042390 0.000000
OBJECT 0 -72.930963795 -47.470233412 0.000000
OBJECT 0 -72.931090053 -47.471395799 0.000000
OBJECT 0 -72.931023918 -47.471225098 0.000000
OBJECT 0 -72.931084040 -47.471115363 180.000000
OBJECT 0 -72.931084040 -47.470997498 165.960007
OBJECT 0 -72.930945759 -47.470757705 0.000000
OBJECT 0 -72.931072016 -47.470838991 156.800003
OBJECT 0 -72.931072016 -47.470647969 180.000000
OBJECT 0 -72.930951771 -47.470497591 225.000000
OBJECT 0 -72.931090053 -47.470485398 159.440002
OBJECT 0 -72.931114101 -47.470355341 180.000000
OBJECT 0 -72.930987844 -47.470371598 0.000000
OBJECT 0 -72.930879624 -47.470391919 0.000000
OBJECT 0 -72.930945759 -47.470631712 18.430000
OBJECT 0 -72.930873612 -47.470838991 0.000000
OBJECT 0 -72.930927722 -47.471050334 341.570007
OBJECT 0 -72.930921710 -47.471298256 0.000000
OBJECT 0 -72.930969808 -47.471501470 180.000000
OBJECT 0 -72.930879624 -47.471538049 180.000000
OBJECT 0 -72.930855575 -47.471395799 0.000000
OBJECT 0 -72.930849563 -47.471273870 0.000000
OBJECT 0 -72.930843551 -47.471115363 0.000000
OBJECT 0 -72.930789441 -47.470969048 180.000000
OBJECT 0 -72.930801465 -47.470834927 0.000000
OBJECT 0 -72.930813490 -47.470668291 0.000000
OBJECT 0 -72.930867600 -47.470493526 0.000000
OBJECT 0 -72.930777416 -47.470526041 0.000000
OBJECT 0 -72.928943683 -47.470948727 135.000000
OBJECT 0 -72.928943683 -47.470855248 153.440002
OBJECT 0 -72.929081965 -47.470818669 0.000000
OBJECT 0 -72.929316442 -47.470993434 180.000000
OBJECT 0 -72.929250307 -47.470814605 0.000000
OBJECT 0 -72.929208222 -47.470587005 0.000000
OBJECT 0 -72.929316442 -47.470534169 0.000000
OBJECT 0 -72.928763316 -47.470400048 0.000000
OBJECT 0 -72.928763316 -47.470501655 0.000000
OBJECT 0 -72.928823438 -47.470599198 45.000000
OBJECT 0 -72.928889573 -47.470647969 0.000000
OBJECT 0 -72.929069940 -47.470562619 0.000000
OBJECT 0 -72.928937671 -47.470481334 180.000000
OBJECT 0 -72.928901597 -47.470359405 0.000000
OBJECT 0 -72.928775340 -47.470286248 90.000000
OBJECT 0 -72.929015830 -47.470225283 161.570007
OBJECT 0 -72.928877549 -47.470192769 0.000000
OBJECT 0 -72.928721230 -47.470123676 153.440002
OBJECT 0 -72.928703194 -47.469985490 0.000000
OBJECT 0 -72.928871536 -47.470030197 0.000000
OBJECT 0 -72.929021842 -47.470099290 180.000000
OBJECT 0 -72.929166136 -47.470058647 0.000000
OBJECT 0 -72.929063928 -47.469965169 180.000000
OBJECT 0 -72.929280369 -47.470095226 0.000000
OBJECT 0 -72.929274356 -47.470188705 0.000000
OBJECT 0 -72.929238283 -47.469965169 0.000000
OBJECT 0 -72.929298405 -47.469936719 0.000000
OBJECT 1 -72.930424537 -47.466846883 178.529999
OBJECT 1 -72.929679651 -47.474469943 340.790009
OBJECT 2 -72.933123837 -47.473538319 1.750000
OBJECT_DEF lib/g10/forests/autogen_tree_any.obj
OBJECT_DEF lib/airport/aircraft/GA/Cessna_172.obj
OBJECT_DEF lib/g10/US/suburban/B-RnchLH.obj
PROPERTY sim/require_agpoint 1/0
PROPERTY sim/require_object 1/0
