PROPERTY sim/west -180
PROPERTY sim/east 180
PROPERTY sim/north 90
PROPERTY sim/south -90
PROPERTY sim/planet earth
PROPERTY sim/creation_agent WorldEditor2.1.0r1
PROPERTY laminar/internal_revision 0
PROPERTY sim/overlay 1
FILTER 0
FILTER -1
FILTER 0
FILTER -1
FILTER 0
FILTER -1
FILTER 0
FILTER -1
FILTER 0
FILTER -1
FILTER 0
OBJECT 0 -49.642126698 -25.547425460 17.490000
OBJECT 1 -49.642053064 -25.547752636 107.190002
OBJECT 2 -49.642495145 -25.547541814 108.169998
OBJECT 2 -49.642315824 -25.547796933 16.580000
OBJECT 3 -49.642517691 -25.547685150 17.230000
OBJECT 4 -49.641247072 -25.549855373 290.140015
OBJECT 5 -49.641430614 -25.547718889 257.089996
OBJECT 6 -49.641255973 -25.549255240 358.640015
OBJECT 7 -49.641147322 -25.550078664 21.299999
OBJECT 8 -49.641021770 -25.549852113 287.820007
OBJECT 1 -49.641362210 -25.549993708 291.459991
OBJECT 1 -49.639452945 -25.546731132 200.490005
OBJECT 9 -49.639544774 -25.547265990 196.929993
OBJECT 0 -49.641953578 -25.546609468 104.550003
OBJECT 10 -49.642363826 -25.546601499 290.970001
OBJECT 10 -49.641500355 -25.548544448 282.440002
OBJECT 11 -49.646858023 -25.550142765 53.400002
OBJECT 6 -49.644838864 -25.547089997 270.000000
OBJECT 0 -49.644823936 -25.547245634 359.339996
OBJECT 12 -49.645022358 -25.546586324 4.180000
OBJECT 0 -49.645667295 -25.548331902 151.889999
OBJECT 13 -49.642630102 -25.550273989 0.000000
OBJECT 14 -49.642876092 -25.549708692 13.140000
OBJECT 15 -49.642769938 -25.549277896 13.130000
OBJECT 15 -49.642980291 -25.550126856 13.080000
OBJECT 16 -49.643178010 -25.551007975 12.630000
OBJECT 16 -49.643067910 -25.550574672 12.580000
OBJECT 17 -49.641377592 -25.548840471 103.239998
OBJECT 12 -49.641580986 -25.548323324 195.149994
OBJECT 12 -49.642206638 -25.548254786 193.880005
OBJECT 18 -49.645383789 -25.545084769 0.000000
OBJECT 18 -49.645310779 -25.545178875 0.000000
OBJECT 18 -49.644980494 -25.545288665 0.000000
OBJECT 18 -49.645022214 -25.545310623 0.000000
OBJECT 18 -49.645185618 -25.545373360 90.000000
OBJECT 18 -49.645251675 -25.545426687 0.000000
OBJECT 18 -49.643918205 -25.546210010 0.000000
OBJECT 18 -49.643950075 -25.546304115 0.000000
OBJECT 18 -49.643782034 -25.546343326 0.000000
OBJECT 18 -49.643553150 -25.546392993 0.000000
OBJECT 18 -49.643469130 -25.546416519 0.000000
OBJECT 18 -49.643382212 -25.546450502 0.000000
OBJECT 18 -49.635484734 -25.551112867 0.000000
OBJECT 18 -49.635489563 -25.551047516 0.000000
OBJECT 18 -49.639551062 -25.550551368 0.000000
OBJECT 18 -49.638241798 -25.550589785 0.000000
OBJECT 18 -49.645629924 -25.552079576 0.000000
OBJECT 18 -49.645513101 -25.552109690 0.000000
OBJECT 18 -49.645421312 -25.552136039 270.000000
OBJECT 18 -49.640185518 -25.547292158 0.000000
OBJECT 18 -49.645059943 -25.546301081 0.000000
OBJECT 18 -49.645438429 -25.545910806 0.000000
OBJECT 18 -49.645372344 -25.545992114 0.000000
OBJECT 18 -49.645330290 -25.546040898 0.000000
OBJECT 18 -49.645282228 -25.546095103 0.000000
OBJECT 18 -49.645240174 -25.546149308 0.000000
OBJECT 18 -49.645168082 -25.546214354 0.000000
OBJECT 18 -49.645101997 -25.546273979 0.000000
OBJECT 18 -49.644987851 -25.546322763 0.000000
OBJECT 18 -49.645031241 -25.551946716 0.000000
OBJECT 18 -49.639703303 -25.548224490 0.000000
OBJECT 18 -49.640610160 -25.548776054 0.000000
OBJECT 18 -49.640642030 -25.548810037 45.000000
OBJECT 18 -49.639937984 -25.548182666 0.000000
OBJECT 18 -49.639855151 -25.547351365 0.000000
OBJECT 18 -49.639973457 -25.547377505 90.000000
OBJECT 18 -49.639799620 -25.547242446 0.000000
OBJECT 18 -49.639855151 -25.547227197 110.559998
OBJECT 18 -49.639888953 -25.547216306 0.000000
OBJECT 18 -49.640014502 -25.547046393 291.799988
OBJECT 18 -49.639954142 -25.547070355 299.049988
OBJECT 18 -49.639891367 -25.547079068 277.589996
OBJECT 18 -49.639816521 -25.547100852 291.250000
OBJECT 18 -49.639780305 -25.547113922 288.440002
OBJECT 18 -49.639550936 -25.546802415 26.559999
OBJECT 18 -49.639587152 -25.546874301 25.200001
OBJECT 18 -49.639611296 -25.546920047 24.440001
OBJECT 18 -49.639637855 -25.546983220 20.219999
OBJECT 18 -49.639664413 -25.547044214 22.379999
OBJECT 18 -49.639686143 -25.547089960 18.430000
OBJECT 18 -49.639719944 -25.547153133 18.430000
OBJECT 18 -49.639719944 -25.547192344 0.000000
OBJECT 18 -49.639763404 -25.547251160 45.000000
OBJECT 18 -49.645981106 -25.547462826 153.440002
OBJECT 18 -49.646040210 -25.547469100 180.000000
OBJECT 18 -49.645981106 -25.547406362 222.710007
OBJECT 18 -49.645946338 -25.547409499 333.440002
OBJECT 18 -49.645911571 -25.547478510 0.000000
OBJECT 18 -49.645595188 -25.547462826 0.000000
OBJECT 18 -49.645567374 -25.547538110 339.440002
OBJECT 18 -49.645640385 -25.547513016 126.029999
OBJECT 18 -49.645650815 -25.547465963 191.309998
OBJECT 18 -49.645553467 -25.547434594 239.529999
OBJECT 18 -49.645581281 -25.547400089 135.000000
OBJECT 18 -49.645661246 -25.547378131 94.760002
OBJECT 18 -49.645713397 -25.547434594 33.689999
OBJECT 18 -49.645758594 -25.547516152 19.650000
OBJECT 18 -49.645692536 -25.547572616 296.570007
OBJECT 18 -49.645636908 -25.547597711 299.750000
OBJECT 18 -49.645574327 -25.547607121 258.690002
OBJECT 18 -49.645525653 -25.547513016 187.589996
OBJECT 18 -49.645497839 -25.547484784 240.250000
OBJECT 18 -49.645417874 -25.547513016 296.570007
OBJECT 18 -49.645400490 -25.547632216 270.000000
OBJECT 18 -49.645393537 -25.547578890 180.000000
OBJECT 18 -49.645410920 -25.547459689 164.050003
OBJECT 18 -49.645459595 -25.547403226 138.809998
OBJECT 18 -49.645543037 -25.547356173 123.690002
OBJECT 18 -49.645629955 -25.547324804 130.600006
OBJECT 18 -49.645716874 -25.547296573 90.000000
OBJECT 18 -49.645699490 -25.547353036 9.460000
OBJECT 18 -49.645748164 -25.547378131 60.250000
OBJECT 18 -49.645782932 -25.547440868 22.620001
OBJECT 18 -49.645838559 -25.547462826 90.000000
OBJECT 18 -49.645880280 -25.547390678 160.350006
OBJECT 18 -49.645904617 -25.547334215 159.440002
OBJECT 18 -49.645960245 -25.547324804 90.000000
OBJECT 18 -49.646019350 -25.547349899 63.430000
OBJECT 18 -49.646074978 -25.547415773 32.470001
OBJECT 18 -49.646116699 -25.547456552 45.000000
OBJECT 18 -49.645501316 -25.546327284 161.570007
OBJECT 18 -49.645504792 -25.546349242 7.120000
OBJECT 18 -49.645522176 -25.546399432 18.430000
OBJECT 18 -49.645543037 -25.546462169 15.520000
OBJECT 18 -49.645556943 -25.546518632 6.340000
OBJECT 18 -49.645556943 -25.546562548 0.000000
OBJECT 18 -49.645560420 -25.546640970 3.580000
OBJECT 18 -49.645570850 -25.546691159 10.300000
OBJECT 18 -49.645577804 -25.546753897 6.010000
OBJECT 18 -49.645588234 -25.546785265 0.000000
OBJECT 18 -49.645612571 -25.546879371 8.750000
OBJECT 18 -49.645619525 -25.546932697 0.000000
OBJECT 18 -49.645636908 -25.546970340 26.559999
OBJECT 18 -49.645661246 -25.547083266 33.689999
OBJECT 18 -49.645678629 -25.547127182 18.430000
OBJECT 18 -49.645692536 -25.547158551 18.430000
OBJECT 18 -49.645682106 -25.547255793 315.000000
OBJECT 18 -49.645643862 -25.547271478 291.799988
OBJECT 18 -49.645529130 -25.547309120 292.619995
OBJECT 18 -49.645483932 -25.547327941 296.570007
OBJECT 18 -49.645442211 -25.547346762 296.570007
OBJECT 18 -49.645362246 -25.547384404 293.200012
OBJECT 18 -49.645355293 -25.547390678 0.000000
OBJECT 18 -49.644719048 -25.547497331 0.000000
OBJECT 18 -49.644826827 -25.547575753 45.000000
OBJECT 18 -49.644889409 -25.547582026 90.000000
OBJECT 18 -49.644934606 -25.547575753 90.000000
OBJECT 18 -49.644826827 -25.547836112 0.000000
OBJECT 18 -49.644799013 -25.547763964 180.000000
OBJECT 18 -49.644753816 -25.547723185 225.000000
OBJECT 18 -49.644639083 -25.547672995 180.000000
OBJECT 18 -49.644628653 -25.547619669 206.559998
OBJECT 18 -49.644621699 -25.547566342 180.000000
OBJECT 18 -49.644600839 -25.547513016 191.309998
OBJECT 18 -49.644586932 -25.547465963 180.000000
OBJECT 18 -49.644597362 -25.547393815 180.000000
OBJECT 18 -49.644649513 -25.547381268 90.000000
OBJECT 18 -49.644715571 -25.547318531 270.000000
OBJECT 18 -49.644569548 -25.547230699 225.000000
OBJECT 18 -49.644733311 -25.547222139 90.000000
OBJECT 18 -49.644997188 -25.547218151 0.000000
OBJECT 18 -49.645115397 -25.547180509 0.000000
OBJECT 18 -49.645177979 -25.547243246 0.000000
OBJECT 18 -49.645219700 -25.547309120 0.000000
OBJECT 18 -49.645139734 -25.547343625 15.950000
OBJECT 18 -49.645244037 -25.547437731 51.340000
OBJECT 18 -49.645296188 -25.547469100 56.310001
OBJECT 18 -49.645341386 -25.547550658 5.710000
OBJECT 18 -49.645324002 -25.547619669 341.570007
OBJECT 18 -49.645271851 -25.547657311 310.600006
OBJECT 18 -49.645271851 -25.547694953 36.869999
OBJECT 18 -49.645372676 -25.547704364 106.699997
OBJECT 18 -49.645476979 -25.547682406 113.199997
OBJECT 18 -49.645595188 -25.547657311 110.559998
OBJECT 18 -49.645678630 -25.547622806 118.610001
OBJECT 18 -49.645786409 -25.547582026 112.379997
OBJECT 18 -49.645855944 -25.547556932 108.440002
OBJECT 18 -49.645953293 -25.547534974 105.949997
OBJECT 18 -49.646050642 -25.547525563 95.190002
OBJECT 18 -49.646123653 -25.547519289 135.000000
OBJECT 18 -49.645842040 -25.548080786 99.459999
OBJECT 18 -49.645862901 -25.548105881 21.799999
OBJECT 18 -49.645946343 -25.548118429 90.000000
OBJECT 18 -49.646081937 -25.548071376 111.040001
OBJECT 18 -49.646019355 -25.548083923 321.339996
OBJECT 18 -49.645960250 -25.548168618 321.339996
OBJECT 18 -49.645956773 -25.548225082 6.340000
OBJECT 18 -49.645998494 -25.548262724 33.689999
OBJECT 18 -49.645967203 -25.548294093 291.799988
OBJECT 18 -49.645897668 -25.548303503 284.040009
OBJECT 18 -49.645911575 -25.548347419 8.130000
OBJECT 18 -49.645963727 -25.548363103 85.239998
OBJECT 18 -49.646043692 -25.548328598 118.070000
OBJECT 18 -49.646050646 -25.548369377 315.000000
OBJECT 18 -49.645970680 -25.548410156 274.399994
OBJECT 18 -49.645873331 -25.548375651 250.820007
OBJECT 18 -49.645842040 -25.548400746 0.000000
OBJECT 18 -49.645939389 -25.548479167 45.000000
OBJECT 18 -49.645859424 -25.548438388 237.990005
OBJECT 18 -49.645786412 -25.548400746 240.639999
OBJECT 18 -49.645348340 -25.548243903 45.000000
OBJECT 18 -49.645348340 -25.548278408 0.000000
OBJECT 18 -49.645379631 -25.548272135 135.000000
OBJECT 18 -49.645400491 -25.548225082 161.570007
OBJECT 18 -49.645397014 -25.548184303 194.039993
OBJECT 18 -49.645348340 -25.548181166 180.000000
OBJECT 18 -49.645466550 -25.548156071 90.000000
OBJECT 18 -49.645543038 -25.548130976 125.540001
OBJECT 18 -49.645633434 -25.548087060 119.050003
OBJECT 18 -49.645765551 -25.548077650 100.300003
OBJECT 18 -49.645928959 -25.548061965 99.870003
OBJECT 18 -49.645998494 -25.548040007 108.440002
OBJECT 18 -49.646113227 -25.548014912 106.389999
OBJECT 18 -49.646200147 -25.548005502 98.129997
OBJECT 18 -49.646269682 -25.548005502 90.000000
OBJECT 18 -49.646346171 -25.547992954 98.129997
OBJECT 18 -49.646377461 -25.547967860 108.440002
OBJECT 18 -49.646412229 -25.547977270 71.559998
OBJECT 18 -49.646419183 -25.548021186 338.200012
OBJECT 18 -49.646367031 -25.548049418 296.570007
OBJECT 18 -49.646283589 -25.548055692 270.000000
OBJECT 18 -49.646196670 -25.548061965 275.709991
OBJECT 18 -49.646141042 -25.548083923 298.609985
OBJECT 18 -49.646085413 -25.548130976 320.190002
OBJECT 18 -49.646040215 -25.548181166 330.260010
OBJECT 18 -49.646043692 -25.548225082 14.040000
OBJECT 18 -49.646095844 -25.548287819 33.689999
OBJECT 18 -49.646120181 -25.548347419 14.040000
OBJECT 18 -49.646102797 -25.548425841 340.019989
OBJECT 18 -49.646057599 -25.548428977 270.000000
OBJECT 18 -49.646005448 -25.548435251 284.040009
OBJECT 18 -49.645970680 -25.548482304 335.559998
OBJECT 18 -49.645960250 -25.548535630 344.049988
OBJECT 18 -49.645922006 -25.548545041 243.429993
OBJECT 18 -49.645855947 -25.548510536 233.970001
OBJECT 18 -49.645779458 -25.548482304 246.800003
OBJECT 18 -49.645734260 -25.548419567 190.300003
OBJECT 18 -49.645772505 -25.548375651 150.259995
OBJECT 18 -49.645831610 -25.548322324 135.000000
OBJECT 18 -49.645880284 -25.548221945 186.339996
OBJECT 18 -49.645828133 -25.548152934 212.470001
OBJECT 18 -49.645748167 -25.548124702 254.050003
OBJECT 18 -49.645636911 -25.548146660 290.230011
OBJECT 18 -49.645546515 -25.548184303 294.779999
OBJECT 18 -49.645473503 -25.548231355 308.660004
OBJECT 18 -49.645431782 -25.548278408 324.459991
OBJECT 18 -49.645369200 -25.548356830 320.190002
OBJECT 18 -49.645330956 -25.548350556 243.429993
OBJECT 18 -49.645264897 -25.548319187 234.460007
OBJECT 18 -49.645271851 -25.548253313 165.960007
OBJECT 18 -49.645278804 -25.548190576 180.000000
OBJECT 18 -49.644816395 -25.548827358 90.000000
OBJECT 18 -49.644847686 -25.548880685 0.000000
OBJECT 18 -49.644799011 -25.548770895 209.050003
OBJECT 18 -49.644847686 -25.548792853 63.430000
OBJECT 18 -49.644899837 -25.548799126 161.570007
OBJECT 18 -49.644927651 -25.548485441 135.000000
OBJECT 18 -49.644945035 -25.548416430 180.000000
OBJECT 18 -49.644979803 -25.548410156 45.000000
OBJECT 18 -49.645042385 -25.548422704 270.000000
OBJECT 18 -49.644990233 -25.548507399 334.799988
OBJECT 18 -49.644945035 -25.548538767 276.339996
OBJECT 18 -49.644906791 -25.548582683 336.799988
OBJECT 18 -49.644941558 -25.548632873 57.990002
OBJECT 18 -49.645007617 -25.548604641 113.629997
OBJECT 18 -49.645035431 -25.548526220 162.649994
OBJECT 18 -49.645118873 -25.548491715 111.800003
OBJECT 18 -49.645122350 -25.548410156 198.429993
OBJECT 18 -49.645021524 -25.548391335 264.809998
OBJECT 18 -49.644917221 -25.548350556 232.429993
OBJECT 18 -49.644951989 -25.548303503 113.199997
OBJECT 18 -49.645070199 -25.548341145 63.430000
OBJECT 18 -49.645139734 -25.548372514 60.950001
OBJECT 18 -49.645195362 -25.548416430 33.689999
OBJECT 18 -49.645181455 -25.548466620 330.260010
OBJECT 18 -49.645136257 -25.548548178 333.440002
OBJECT 18 -49.645098013 -25.548595231 319.399994
OBJECT 18 -49.645038908 -25.548645420 305.540009
OBJECT 18 -49.644990233 -25.548689336 315.000000
OBJECT 18 -49.644938082 -25.548705021 291.799988
OBJECT 18 -49.644885930 -25.548717568 218.660004
OBJECT 18 -49.644854639 -25.548657968 180.000000
OBJECT 18 -49.644837256 -25.548598368 194.039993
OBJECT 18 -49.644847686 -25.548526220 174.809998
OBJECT 18 -49.644858116 -25.548447799 171.869995
OBJECT 18 -49.644865070 -25.548381925 180.000000
OBJECT 18 -49.644861593 -25.548303503 180.000000
OBJECT 18 -49.645289235 -25.548127839 153.440002
OBJECT 18 -49.645358770 -25.548118429 113.199997
OBJECT 18 -49.645410921 -25.548112155 90.000000
OBJECT 18 -49.645463073 -25.548096471 116.570000
OBJECT 18 -49.645511748 -25.548077650 120.959999
OBJECT 18 -49.645591713 -25.548065102 113.199997
OBJECT 18 -49.645647341 -25.548049418 105.949997
OBJECT 18 -49.645723830 -25.548043144 101.309998
OBJECT 18 -49.645782935 -25.548033734 101.309998
OBJECT 18 -49.645838563 -25.548018049 108.440002
OBJECT 18 -49.645925482 -25.548005502 108.440002
OBJECT 18 -49.645995018 -25.547992954 108.440002
OBJECT 18 -49.646068030 -25.547970996 116.570000
OBJECT 18 -49.646127135 -25.547958449 108.440002
OBJECT 18 -49.646210577 -25.547939628 104.040001
OBJECT 18 -49.646255775 -25.547933354 104.040001
OBJECT 18 -49.646290542 -25.547927081 104.040001
OBJECT 18 -49.646342694 -25.547920807 0.000000
OBJECT 18 -49.639085411 -25.552633188 180.000000
OBJECT 18 -49.639093756 -25.552682123 270.000000
OBJECT 18 -49.639035344 -25.552685887 270.000000
OBJECT 18 -49.638972760 -25.552685887 270.000000
OBJECT 18 -49.638847593 -25.552689652 270.000000
OBJECT 18 -49.638722425 -25.552689652 270.000000
OBJECT 18 -49.638609775 -25.552689652 270.000000
OBJECT 18 -49.638501296 -25.552689652 270.000000
OBJECT 18 -49.638413679 -25.552689652 270.000000
OBJECT 18 -49.638346923 -25.552678359 258.690002
OBJECT 18 -49.638275995 -25.552633188 236.309998
OBJECT 18 -49.638209239 -25.552633188 270.000000
OBJECT 18 -49.638159172 -25.552603074 206.559998
OBJECT 18 -49.638213411 -25.552580489 90.000000
OBJECT 18 -49.638321890 -25.552591782 81.870003
OBJECT 18 -49.638396990 -25.552606839 90.000000
OBJECT 18 -49.638467918 -25.552610603 90.000000
OBJECT 18 -49.638522157 -25.552610603 90.000000
OBJECT 18 -49.638584741 -25.552610603 90.000000
OBJECT 18 -49.638672358 -25.552618131 90.000000
OBJECT 18 -49.638759976 -25.552618131 90.000000
OBJECT 18 -49.638843421 -25.552618131 90.000000
OBJECT 18 -49.638926866 -25.552618131 90.000000
OBJECT 18 -49.639010311 -25.552618131 90.000000
OBJECT 18 -49.639139650 -25.552610603 99.459999
OBJECT 18 -49.639185545 -25.552603074 116.570000
OBJECT 18 -49.639277335 -25.552595546 90.000000
OBJECT 18 -49.639319057 -25.552580489 0.000000
OBJECT 18 -49.639394158 -25.552550375 135.000000
OBJECT 18 -49.641000471 -25.552358400 90.000000
OBJECT 18 -49.641150672 -25.552403570 90.000000
OBJECT 18 -49.641058882 -25.552347107 236.309998
OBJECT 18 -49.641217428 -25.552384749 0.000000
OBJECT 18 -49.641154844 -25.552347107 0.000000
OBJECT 18 -49.641317562 -25.552384749 63.430000
OBJECT 18 -49.641246633 -25.552343343 90.000000
OBJECT 18 -49.641413523 -25.552380985 63.430000
OBJECT 18 -49.641346767 -25.552335814 225.000000
OBJECT 18 -49.641471934 -25.552358400 90.000000
OBJECT 18 -49.641438557 -25.552298172 180.000000
OBJECT 18 -49.641563724 -25.552369692 63.430000
OBJECT 18 -49.641513657 -25.552305700 180.000000
OBJECT 18 -49.641609619 -25.552362164 0.000000
OBJECT 18 -49.641588757 -25.552309465 0.000000
OBJECT 18 -49.641684719 -25.552358400 53.130001
OBJECT 18 -49.641680547 -25.552305700 180.000000
OBJECT 18 -49.641772336 -25.552362164 63.430000
OBJECT 18 -49.641784853 -25.552309465 0.000000
OBJECT 18 -49.641851609 -25.552347107 90.000000
OBJECT 18 -49.641980948 -25.552347107 0.000000
OBJECT 18 -49.640409957 -25.551349228 0.000000
OBJECT 18 -49.640329473 -25.551311409 270.000000
OBJECT 18 -49.640369715 -25.551390072 90.000000
OBJECT 18 -49.640445168 -25.551414276 45.000000
OBJECT 18 -49.640044428 -25.551325023 225.000000
OBJECT 18 -49.640202042 -25.551187362 90.000000
OBJECT 18 -49.640300969 -25.551226694 90.000000
OBJECT 18 -49.642274817 -25.551486600 0.000000
OBJECT 18 -49.642187895 -25.551604232 0.000000
OBJECT 18 -49.642147331 -25.551716636 0.000000
OBJECT 18 -49.642222664 -25.551700952 0.000000
OBJECT 18 -49.642222664 -25.551768917 0.000000
OBJECT 18 -49.642118357 -25.551659127 180.000000
OBJECT 18 -49.642103870 -25.551546723 180.000000
OBJECT 18 -49.642216869 -25.551546723 0.000000
OBJECT 18 -49.642271919 -25.551614689 23.959999
OBJECT 18 -49.642315380 -25.551698338 45.000000
OBJECT 18 -49.642306688 -25.551818584 270.000000
OBJECT 18 -49.642153126 -25.551787216 90.000000
OBJECT 18 -49.642051717 -25.551860409 90.000000
OBJECT 18 -49.642153126 -25.551865637 90.000000
OBJECT 18 -49.642234253 -25.551873479 90.000000
OBJECT 18 -49.642318278 -25.551886549 90.000000
OBJECT 18 -49.642376225 -25.551938830 45.000000
OBJECT 18 -49.641839506 -25.548249713 0.000000
OBJECT 18 -49.641899867 -25.548447945 165.960007
OBJECT 18 -49.641899867 -25.548406556 180.000000
OBJECT 18 -49.641839506 -25.548352097 194.039993
OBJECT 18 -49.641627036 -25.548186541 0.000000
OBJECT 18 -49.641515972 -25.548151687 0.000000
OBJECT 18 -49.641465269 -25.548138617 0.000000
OBJECT 18 -49.641327646 -25.548323778 0.000000
OBJECT 18 -49.641240727 -25.548528545 26.559999
OBJECT 18 -49.641373521 -25.548500226 90.000000
OBJECT 18 -49.641680153 -25.548859658 0.000000
OBJECT 18 -49.641960228 -25.548674496 180.000000
OBJECT 18 -49.642003687 -25.548576469 206.559998
OBJECT 18 -49.641994030 -25.548528545 0.000000
OBJECT 18 -49.641781560 -25.548190897 0.000000
OBJECT 18 -49.640518487 -25.548580709 0.000000
OBJECT 18 -49.640588023 -25.548638218 0.000000
OBJECT 18 -49.640727095 -25.548724481 90.000000
OBJECT 18 -49.640814014 -25.548779376 45.000000
OBJECT 18 -49.640886447 -25.548831657 0.000000
OBJECT 18 -49.641002340 -25.548860412 0.000000
OBJECT 18 -49.641135617 -25.548983272 0.000000
OBJECT 18 -49.641037108 -25.548944061 33.689999
OBJECT 18 -49.641103746 -25.549030325 30.959999
OBJECT 18 -49.641167487 -25.549085220 63.430000
OBJECT 18 -49.641144309 -25.548907464 90.000000
OBJECT 18 -49.641187769 -25.548925763 26.559999
OBJECT 18 -49.641225434 -25.549004184 0.000000
OBJECT 18 -49.641263099 -25.549072149 0.000000
OBJECT 18 -49.639811541 -25.548301006 0.000000
OBJECT 18 -49.640396800 -25.548651288 0.000000
OBJECT 18 -49.640089684 -25.548473533 0.000000
OBJECT 18 -49.640779246 -25.548897008 237.990005
OBJECT 18 -49.640692327 -25.548842113 233.750000
OBJECT 18 -49.640561947 -25.548766306 239.529999
OBJECT 18 -49.640446054 -25.548695727 232.119995
OBJECT 18 -49.640338854 -25.548622533 235.009995
OBJECT 18 -49.640220063 -25.548559796 240.949997
OBJECT 18 -49.640138939 -25.548515357 243.429993
OBJECT 18 -49.640014354 -25.548444778 232.429993
OBJECT 18 -49.639944818 -25.548402953 236.309998
OBJECT 18 -49.639866590 -25.548355901 233.130005
OBJECT 18 -49.639736211 -25.548267023 227.729996
OBJECT 18 -49.639646394 -25.548209514 237.990005
OBJECT 18 -49.639556577 -25.548154619 229.399994
OBJECT 18 -49.639484144 -25.548107566 229.399994
OBJECT 18 -49.639426198 -25.548055285 225.000000
OBJECT 18 -49.639487041 -25.547940267 90.000000
OBJECT 18 -49.639591345 -25.547974250 63.430000
OBJECT 18 -49.639652189 -25.548005618 57.990002
OBJECT 18 -49.639747800 -25.548052671 56.310001
OBJECT 18 -49.639846309 -25.548097110 68.199997
OBJECT 18 -49.639898461 -25.548125865 53.130001
OBJECT 18 -49.639999867 -25.548183374 50.189999
OBJECT 18 -49.640063608 -25.548222584 48.810001
OBJECT 18 -49.640147630 -25.548282707 47.490002
OBJECT 18 -49.640231653 -25.548342830 45.000000
OBJECT 18 -49.640298291 -25.548389883 45.000000
OBJECT 18 -49.640376519 -25.548452620 45.000000
OBJECT 18 -49.640457644 -25.548515357 45.000000
OBJECT 18 -49.640564845 -25.548588551 45.000000
OBJECT 18 -49.640660456 -25.548632990 59.040001
OBJECT 18 -49.640738684 -25.548672200 63.430000
OBJECT 18 -49.640785041 -25.548711411 38.660000
OBJECT 18 -49.640854577 -25.548748008 270.000000
OBJECT 18 -49.640947291 -25.548800289 45.000000
OBJECT 18 -49.641071877 -25.548821201 180.000000
OBJECT 18 -49.641187770 -25.548815973 90.000000
OBJECT 18 -49.641277587 -25.548755850 0.000000
OBJECT 18 -49.641268895 -25.548842113 341.570007
OBJECT 18 -49.641268895 -25.548928377 21.799999
OBJECT 18 -49.641329739 -25.549027711 33.689999
OBJECT 18 -49.641350020 -25.549111360 0.000000
OBJECT 18 -49.641150105 -25.549189781 0.000000
OBJECT 18 -49.641167488 -25.549414589 0.000000
OBJECT 18 -49.641219641 -25.549568818 45.000000
OBJECT 18 -49.641463018 -25.549723047 0.000000
OBJECT 18 -49.641529656 -25.549885118 90.000000
OBJECT 18 -49.641202256 -25.549702135 0.000000
OBJECT 18 -49.641793316 -25.549490397 0.000000
OBJECT 18 -49.641599194 -25.549757029 0.000000
OBJECT 18 -49.641622373 -25.549683836 180.000000
OBJECT 18 -49.641683218 -25.549712591 0.000000
OBJECT 18 -49.641689013 -25.549770100 0.000000
OBJECT 18 -49.641651347 -25.549827609 0.000000
OBJECT 18 -49.641694807 -25.549913872 71.559998
OBJECT 18 -49.641691910 -25.549989680 0.000000
OBJECT 18 -49.641602092 -25.550057645 326.309998
OBJECT 18 -49.641526760 -25.550086399 315.000000
OBJECT 18 -49.641526760 -25.550143908 0.000000
OBJECT 18 -49.641460121 -25.550235400 315.000000
OBJECT 18 -49.641451429 -25.550311207 90.000000
OBJECT 18 -49.640466325 -25.549994908 90.000000
OBJECT 18 -49.640564836 -25.549992294 90.000000
OBJECT 18 -49.640648859 -25.549989680 90.000000
OBJECT 18 -49.640341734 -25.550457594 90.000000
OBJECT 18 -49.640408374 -25.550465436 345.959991
OBJECT 18 -49.640382297 -25.550530787 0.000000
OBJECT 18 -49.640306965 -25.550810490 0.000000
OBJECT 18 -49.640321452 -25.550894140 0.000000
OBJECT 18 -49.640321452 -25.550983017 0.000000
OBJECT 18 -49.640333042 -25.551121562 0.000000
OBJECT 18 -49.640422861 -25.551294089 0.000000
OBJECT 18 -49.640385195 -25.551254878 90.000000
OBJECT 18 -49.640472116 -25.551343756 63.430000
OBJECT 18 -49.640518474 -25.551385580 33.689999
OBJECT 18 -49.640590909 -25.551450932 45.000000
OBJECT 18 -49.640669138 -25.551508441 45.000000
OBJECT 18 -49.640735778 -25.551545037 0.000000
OBJECT 18 -49.640831392 -25.551605160 53.130001
OBJECT 18 -49.640886442 -25.551633915 56.310001
OBJECT 18 -49.640976261 -25.551667897 63.430000
OBJECT 18 -49.641057388 -25.551701880 68.199997
OBJECT 18 -49.641135617 -25.551720178 75.959999
OBJECT 18 -49.641228333 -25.551741091 63.430000
OBJECT 18 -49.641300768 -25.551748933 63.430000
OBJECT 18 -49.641378997 -25.551762003 0.000000
OBJECT 18 -49.641457227 -25.551764617 0.000000
OBJECT 18 -49.641535456 -25.551769845 90.000000
OBJECT 18 -49.641607891 -25.551777687 90.000000
OBJECT 18 -49.641680325 -25.551780301 90.000000
OBJECT 18 -49.641755657 -25.551782915 0.000000
OBJECT 18 -49.642433684 -25.551929076 0.000000
OBJECT 18 -49.642519198 -25.551919999 198.429993
OBJECT 18 -49.642601358 -25.552000176 0.000000
OBJECT 18 -49.642500754 -25.552039507 293.630005
OBJECT 18 -49.642450452 -25.552004714 180.000000
OBJECT 18 -49.642400149 -25.551853438 172.880005
OBJECT 18 -49.642472249 -25.551848900 66.800003
OBJECT 18 -49.642571177 -25.551867053 90.000000
OBJECT 18 -49.642603035 -25.551792928 180.000000
OBJECT 18 -49.642525905 -25.551785364 288.440002
OBJECT 18 -49.642416917 -25.551765698 225.000000
OBJECT 18 -49.642405180 -25.551685522 180.000000
OBJECT 18 -49.642485663 -25.551685522 135.000000
OBJECT 18 -49.642344817 -25.551573578 180.000000
OBJECT 18 -49.642403503 -25.551567527 90.000000
OBJECT 18 -49.642381705 -25.551625012 243.429993
OBJECT 18 -49.642331403 -25.551497940 180.000000
OBJECT 18 -49.642420270 -25.551496427 90.000000
OBJECT 18 -49.642502431 -25.551587193 90.000000
OBJECT 18 -49.642505784 -25.551625012 0.000000
OBJECT 18 -49.642582914 -25.551634088 90.000000
OBJECT 18 -49.642589621 -25.551562988 0.000000
OBJECT 18 -49.642587944 -25.551709726 45.000000
OBJECT 18 -49.642668428 -25.551697624 0.000000
OBJECT 18 -49.642666751 -25.551767211 0.000000
OBJECT 18 -49.642653337 -25.551836798 341.570007
OBJECT 18 -49.642619803 -25.551904872 0.000000
OBJECT 18 -49.642688549 -25.551904872 135.000000
OBJECT 18 -49.642745558 -25.551833772 0.000000
OBJECT 18 -49.642737174 -25.551753596 180.000000
OBJECT 18 -49.642815981 -25.551864027 45.000000
OBJECT 18 -49.642492370 -25.551514580 0.000000
OBJECT 18 -49.642760649 -25.551929076 0.000000
OBJECT 18 -49.642857900 -25.551930589 0.000000
OBJECT 18 -49.642914909 -25.551871591 0.000000
OBJECT 18 -49.642987009 -25.551867053 0.000000
OBJECT 18 -49.642909879 -25.551826208 0.000000
OBJECT 18 -49.642946767 -25.551939665 0.000000
OBJECT 18 -49.642847839 -25.551794440 0.000000
OBJECT 18 -49.643020544 -25.551926050 0.000000
OBJECT 18 -49.642970241 -25.551809568 0.000000
OBJECT 18 -49.643097674 -25.551933614 90.000000
OBJECT 18 -49.643079230 -25.551850413 0.000000
OBJECT 18 -49.643159713 -25.551915461 0.000000
OBJECT 18 -49.643474941 -25.551977484 0.000000
OBJECT 18 -49.643256964 -25.551924538 0.000000
OBJECT 18 -49.642072583 -25.551779358 180.000000
OBJECT 18 -49.642052301 -25.551666954 270.000000
OBJECT 18 -49.642037814 -25.551557164 0.000000
OBJECT 18 -49.642150812 -25.551473515 180.000000
OBJECT 18 -49.642023327 -25.551489199 0.000000
OBJECT 18 -49.642084172 -25.551476129 116.570000
OBJECT 18 -49.642197171 -25.551444760 135.000000
OBJECT 18 -49.642275401 -25.551421234 0.000000
OBJECT 18 -49.642356528 -25.551410777 90.000000
OBJECT 18 -49.642443450 -25.551429076 0.000000
OBJECT 18 -49.642753471 -25.551348040 0.000000
OBJECT 18 -49.642672344 -25.551348040 0.000000
OBJECT 18 -49.642602806 -25.551350654 180.000000
OBJECT 18 -49.642539064 -25.551405549 0.000000
OBJECT 18 -49.642573832 -25.551486585 0.000000
OBJECT 18 -49.642654960 -25.551567620 0.000000
OBJECT 18 -49.642652062 -25.551512725 0.000000
OBJECT 18 -49.642663652 -25.551640814 11.310000
OBJECT 18 -49.642663652 -25.551985868 0.000000
OBJECT 18 -49.642736087 -25.551682638 0.000000
OBJECT 18 -49.642762163 -25.551983254 0.000000
OBJECT 18 -49.642796932 -25.551745375 135.000000
OBJECT 18 -49.642863572 -25.552001552 0.000000
OBJECT 18 -49.642863572 -25.551747989 180.000000
OBJECT 18 -49.642956289 -25.551998938 0.000000
OBJECT 18 -49.642962084 -25.551753218 0.000000
OBJECT 18 -49.643054800 -25.552001552 45.000000
OBJECT 18 -49.643057698 -25.551784586 180.000000
OBJECT 18 -49.643144620 -25.551991096 45.000000
OBJECT 18 -49.643144620 -25.551808113 180.000000
OBJECT 18 -49.643219952 -25.551980640 0.000000
OBJECT 18 -49.643211260 -25.551868236 0.000000
OBJECT 18 -49.643303977 -25.551980640 90.000000
OBJECT 18 -49.643324258 -25.551910060 135.000000
OBJECT 18 -49.643411180 -25.551988482 0.000000
OBJECT 18 -49.643440154 -25.551920517 180.000000
OBJECT 18 -49.643524179 -25.552009394 0.000000
OBJECT 18 -49.643527076 -25.551933587 0.000000
OBJECT 18 -49.643602409 -25.552038149 0.000000
OBJECT 18 -49.643599511 -25.551959727 180.000000
OBJECT 18 -49.643683536 -25.552074745 56.310001
OBJECT 18 -49.643700920 -25.551998938 0.000000
OBJECT 18 -49.643755971 -25.552093044 45.000000
OBJECT 18 -49.643816816 -25.552038149 0.000000
OBJECT 18 -49.643837098 -25.552113956 0.000000
OBJECT 18 -49.642640347 -25.547834887 0.000000
OBJECT 18 -49.642215162 -25.548483332 90.000000
OBJECT 18 -49.642289607 -25.548476071 0.000000
OBJECT 18 -49.642362040 -25.548436134 180.000000
OBJECT 18 -49.642331860 -25.548332662 180.000000
OBJECT 18 -49.642287595 -25.548234635 0.000000
OBJECT 18 -49.641901285 -25.548096671 180.000000
OBJECT 18 -49.642007922 -25.548085779 0.000000
OBJECT 18 -49.642067011 -25.547505689 0.000000
OBJECT 18 -49.642245159 -25.547518295 0.000000
OBJECT 18 -49.641787564 -25.547257765 0.000000
OBJECT 18 -49.641796879 -25.547168470 90.000000
OBJECT 18 -49.641883042 -25.547149561 0.000000
OBJECT 18 -49.641942425 -25.547139055 0.000000
OBJECT 18 -49.642105435 -25.547094933 90.000000
OBJECT 18 -49.642182283 -25.547074973 0.000000
OBJECT 18 -49.642301049 -25.547048710 0.000000
OBJECT 18 -49.642375568 -25.547062367 0.000000
OBJECT 18 -49.642398855 -25.547132752 90.000000
OBJECT 18 -49.642418649 -25.547251462 0.000000
OBJECT 18 -49.642464059 -25.547397485 0.000000
FILTER -1
OBJECT_DEF lib/g10/US/suburban/dB-RnchLH.obj
OBJECT_DEF lib/g10/US/suburban/dSmlRnchGry.obj
OBJECT_DEF lib/g10/US/suburban/SmlRnchGry.obj
OBJECT_DEF lib/g10/US/suburban/L-RnchLHGry.obj
OBJECT_DEF lib/g10/US/suburban/L-RnchLHRd.obj
OBJECT_DEF lib/g10/US/suburban/dZ-RnchRHRd.obj
OBJECT_DEF lib/g10/US/suburban/dU-RnchGryNG.obj
OBJECT_DEF lib/g10/US/suburban/dT-RnchRHRd.obj
OBJECT_DEF lib/g10/US/suburban/dT-RnchRHGry.obj
OBJECT_DEF lib/g10/US/suburban/dL-RnchLHRd.obj
OBJECT_DEF lib/g10/US/suburban/dGrgSmlWht.obj
OBJECT_DEF lib/g10/US/suburban/dB-RnchLHGry.obj
OBJECT_DEF lib/g10/US/suburban/B-RnchLH.obj
OBJECT_DEF lib/airport/Common_Elements/Water_Towers/1990.obj
OBJECT_DEF lib/airport/Common_Elements/Hangars/Med_Gray_Hangar.agp
OBJECT_DEF lib/airport/Common_Elements/Hangars/Med_Blue_Hangar.agp
OBJECT_DEF lib/airport/Common_Elements/Hangars/Med_Brown_Hangar.agp
OBJECT_DEF lib/g10/US/suburban/Z-RnchLHGry.obj
OBJECT_DEF lib/g10/forests/autogen_tree3.obj
PROPERTY sim/filter/aptid SJPR
PROPERTY sim/require_agpoint 1/0
PROPERTY sim/require_object 1/0
