PROPERTY sim/west -180
PROPERTY sim/east 180
PROPERTY sim/north 90
PROPERTY sim/south -90
PROPERTY sim/planet earth
PROPERTY sim/creation_agent WorldEditor2.1.0r1
PROPERTY laminar/internal_revision 0
PROPERTY sim/overlay 1
FILTER 0
BEGIN_POLYGON 0 0 2
BEGIN_WINDING
POLYGON_POINT -47.321888047 -3.018188335
POLYGON_POINT -47.320866593 -3.017766721
END_WINDING
END_POLYGON
BEGIN_POLYGON 1 0 4
BEGIN_WINDING
POLYGON_POINT -47.321187098 -3.017978356 -47.321187098 -3.017978356
POLYGON_POINT -47.321187098 -3.017978356 -47.321190787 -3.017969038
POLYGON_POINT -47.321176834 -3.017953336 -47.321165273 -3.017948344
POLYGON_POINT -47.320775493 -3.017786531 -47.320708391 -3.017758243
POLYGON_POINT -47.320819444 -3.017691504 -47.320855312 -3.017704584
POLYGON_POINT -47.320863296 -3.017708267 -47.320863296 -3.017708267
POLYGON_POINT -47.320878523 -3.017675349 -47.320878523 -3.017675349
POLYGON_POINT -47.321787004 -3.018044632 -47.321794538 -3.018047793
POLYGON_POINT -47.321792208 -3.018074452 -47.321782808 -3.018097101
POLYGON_POINT -47.321798069 -3.018112895 -47.321818652 -3.018121110
POLYGON_POINT -47.321798069 -3.018112895 -47.321798069 -3.018112895
POLYGON_POINT -47.321798069 -3.018112895 -47.321799612 -3.018113511
POLYGON_POINT -47.321905879 -3.018156339 -47.321905879 -3.018156339
END_WINDING
END_POLYGON
BEGIN_POLYGON 1 0 4
BEGIN_WINDING
POLYGON_POINT -47.321878020 -3.018222192 -47.321878020 -3.018222192
POLYGON_POINT -47.321454357 -3.018051680 -47.321450794 -3.018050272
POLYGON_POINT -47.321454357 -3.018051680 -47.321454357 -3.018051680
POLYGON_POINT -47.321454357 -3.018051680 -47.321430662 -3.018042319
POLYGON_POINT -47.321412560 -3.018070283 -47.321406744 -3.018083189
POLYGON_POINT -47.321412560 -3.018070283 -47.321412560 -3.018070283
END_WINDING
END_POLYGON
BEGIN_POLYGON 2 68 4
BEGIN_WINDING
POLYGON_POINT -47.321412560 -3.018070283 -47.321412560 -3.018070283
POLYGON_POINT -47.321187098 -3.017978356 -47.321187098 -3.017978356
POLYGON_POINT -47.321187098 -3.017978356 -47.321190787 -3.017969038
POLYGON_POINT -47.321176834 -3.017953336 -47.321165273 -3.017948344
POLYGON_POINT -47.320775493 -3.017786531 -47.320708391 -3.017758243
POLYGON_POINT -47.320819444 -3.017691504 -47.320855312 -3.017704584
POLYGON_POINT -47.320863296 -3.017708267 -47.320863296 -3.017708267
POLYGON_POINT -47.320878523 -3.017675349 -47.320878523 -3.017675349
POLYGON_POINT -47.321787004 -3.018044632 -47.321794538 -3.018047793
POLYGON_POINT -47.321792208 -3.018074452 -47.321782808 -3.018097101
POLYGON_POINT -47.321798069 -3.018112895 -47.321818652 -3.018121110
POLYGON_POINT -47.321798069 -3.018112895 -47.321798069 -3.018112895
POLYGON_POINT -47.321798069 -3.018112895 -47.321799612 -3.018113511
POLYGON_POINT -47.321905879 -3.018156339 -47.321905879 -3.018156339
POLYGON_POINT -47.328313833 -3.020737181 -47.328345050 -3.020747572
POLYGON_POINT -47.328313833 -3.020737181 -47.328313833 -3.020737181
POLYGON_POINT -47.328313833 -3.020737181 -47.328347579 -3.020748414
POLYGON_POINT -47.328436759 -3.020733388 -47.328477779 -3.020699780
POLYGON_POINT -47.328436759 -3.020733388 -47.328436759 -3.020733388
POLYGON_POINT -47.328317499 -3.020882483 -47.328317499 -3.020882483
POLYGON_POINT -47.328305403 -3.020810622 -47.328265065 -3.020793686
POLYGON_POINT -47.328305403 -3.020810622 -47.328305403 -3.020810622
POLYGON_POINT -47.328305403 -3.020810622 -47.328290345 -3.020804299
POLYGON_POINT -47.325659068 -3.019744649 -47.325659068 -3.019744649
POLYGON_POINT -47.325531895 -3.019693438 -47.325531895 -3.019693438
POLYGON_POINT -47.321878020 -3.018222192 -47.321878020 -3.018222192
POLYGON_POINT -47.321454357 -3.018051680 -47.321450794 -3.018050272
POLYGON_POINT -47.321454357 -3.018051680 -47.321454357 -3.018051680
POLYGON_POINT -47.321454357 -3.018051680 -47.321430662 -3.018042319
POLYGON_POINT -47.321412560 -3.018070283 -47.321406744 -3.018083189
END_WINDING
END_POLYGON
BEGIN_POLYGON 2 68 4
BEGIN_WINDING
POLYGON_POINT -47.325166917 -3.022161445 -47.325166917 -3.022161445
POLYGON_POINT -47.325123652 -3.022165539 -47.325106172 -3.022165689
POLYGON_POINT -47.325083835 -3.022164774 -47.325083835 -3.022164774
POLYGON_POINT -47.325102283 -3.022147692 -47.325108494 -3.022134852
POLYGON_POINT -47.325230519 -3.021880344 -47.325230519 -3.021880344
POLYGON_POINT -47.325272967 -3.021898129 -47.325272967 -3.021898129
POLYGON_POINT -47.325175175 -3.022114442 -47.325164826 -3.022137806
END_WINDING
END_POLYGON
BEGIN_POLYGON 2 68 4
BEGIN_WINDING
POLYGON_POINT -47.324931952 -3.022237873 -47.324931952 -3.022237873
POLYGON_POINT -47.324974869 -3.022143917 -47.324974869 -3.022143917
POLYGON_POINT -47.325068188 -3.022163029 -47.325117764 -3.022166825
POLYGON_POINT -47.325257711 -3.022129469 -47.325308213 -3.022093333
POLYGON_POINT -47.325395118 -3.021976304 -47.325421045 -3.021921343
POLYGON_POINT -47.325464716 -3.021841417 -47.325464716 -3.021841417
POLYGON_POINT -47.325537843 -3.021872490 -47.325537843 -3.021872490
POLYGON_POINT -47.325437601 -3.022070693 -47.325406786 -3.022121994
POLYGON_POINT -47.325237500 -3.022215611 -47.325192425 -3.022228971
POLYGON_POINT -47.325003875 -3.022215994 -47.324966927 -3.022210482
END_WINDING
END_POLYGON
BEGIN_POLYGON 2 68 4
BEGIN_WINDING
POLYGON_POINT -47.321258885 -3.018445748 -47.321258885 -3.018445748
POLYGON_POINT -47.321008062 -3.018345811 -47.321008062 -3.018345811
POLYGON_POINT -47.321103643 -3.018106586 -47.321103643 -3.018106586
POLYGON_POINT -47.320934629 -3.018039244 -47.320934629 -3.018039244
POLYGON_POINT -47.320966904 -3.017958464 -47.320966904 -3.017958464
POLYGON_POINT -47.321140999 -3.018027829 -47.321140999 -3.018027829
POLYGON_POINT -47.321146709 -3.018013537 -47.321146709 -3.018013537
POLYGON_POINT -47.321392452 -3.018111450 -47.321392452 -3.018111450
END_WINDING
BEGIN_WINDING
POLYGON_POINT -47.321154931 -3.018163027 -47.321154931 -3.018163027
POLYGON_POINT -47.321154931 -3.018163027 -47.321161629 -3.018146205
POLYGON_POINT -47.321136291 -3.018155222 -47.321129742 -3.018171704
POLYGON_POINT -47.321075073 -3.018310192 -47.321069046 -3.018325636
POLYGON_POINT -47.321093879 -3.018318754 -47.321099789 -3.018303612
POLYGON_POINT -47.321154931 -3.018163027 -47.321161629 -3.018146205
END_WINDING
BEGIN_WINDING
POLYGON_POINT -47.321227985 -3.018190673 -47.321227985 -3.018190673
POLYGON_POINT -47.321227985 -3.018190673 -47.321234684 -3.018173851
POLYGON_POINT -47.321209345 -3.018182868 -47.321202796 -3.018199350
POLYGON_POINT -47.321148127 -3.018337837 -47.321142100 -3.018353282
POLYGON_POINT -47.321166933 -3.018346400 -47.321172843 -3.018331258
POLYGON_POINT -47.321227985 -3.018190673 -47.321234684 -3.018173851
END_WINDING
BEGIN_WINDING
POLYGON_POINT -47.321303289 -3.018216260 -47.321303289 -3.018216260
POLYGON_POINT -47.321303289 -3.018216260 -47.321309987 -3.018199438
POLYGON_POINT -47.321284649 -3.018208455 -47.321278100 -3.018224936
POLYGON_POINT -47.321223431 -3.018363424 -47.321217404 -3.018378869
POLYGON_POINT -47.321242237 -3.018371986 -47.321248147 -3.018356844
POLYGON_POINT -47.321303289 -3.018216260 -47.321309987 -3.018199438
END_WINDING
END_POLYGON
BEGIN_POLYGON 3 68 4
BEGIN_WINDING
POLYGON_POINT -47.324240699 -3.022288515 -47.324240699 -3.022288515
POLYGON_POINT -47.323993688 -3.022194044 -47.323993688 -3.022194044
POLYGON_POINT -47.324092756 -3.021933587 -47.324092756 -3.021933587
POLYGON_POINT -47.324274188 -3.022001733 -47.324274188 -3.022001733
POLYGON_POINT -47.324246675 -3.022143977 -47.324241911 -3.022196390
END_WINDING
END_POLYGON
BEGIN_POLYGON 3 68 2
BEGIN_WINDING
POLYGON_POINT -47.326346928 -3.023021071
POLYGON_POINT -47.324953901 -3.022437127
POLYGON_POINT -47.325047893 -3.022277423
POLYGON_POINT -47.326340050 -3.022758349
POLYGON_POINT -47.326335605 -3.022839736
POLYGON_POINT -47.326425997 -3.022876730
POLYGON_POINT -47.326349183 -3.023017408
END_WINDING
END_POLYGON
BEGIN_POLYGON 3 0 4
BEGIN_WINDING
POLYGON_POINT -47.320320237 -3.019643176 -47.320320237 -3.019643176
POLYGON_POINT -47.320320237 -3.019643176 -47.320304328 -3.019674569
POLYGON_POINT -47.320234510 -3.019671251 -47.320203074 -3.019655364
POLYGON_POINT -47.320206396 -3.019585644 -47.320222305 -3.019554251
POLYGON_POINT -47.320292122 -3.019557569 -47.320323558 -3.019573456
POLYGON_POINT -47.320320237 -3.019643176 -47.320304328 -3.019674569
END_WINDING
END_POLYGON
BEGIN_POLYGON 4 337 4
BEGIN_WINDING
POLYGON_POINT -47.324476331 -3.022370266 -47.324476331 -3.022370266
POLYGON_POINT -47.324476331 -3.022370266 -47.324452271 -3.022371202
POLYGON_POINT -47.324350857 -3.022326769 -47.324350857 -3.022326769
POLYGON_POINT -47.324412438 -3.022173462 -47.324412438 -3.022173462
POLYGON_POINT -47.324542217 -3.022220376 -47.324542217 -3.022220376
POLYGON_POINT -47.324524088 -3.022308741 -47.324518776 -3.022327463
POLYGON_POINT -47.324476331 -3.022370266 -47.324452271 -3.022371202
END_WINDING
END_POLYGON
BEGIN_POLYGON 2 68 4
BEGIN_WINDING
POLYGON_POINT -47.325048639 -3.021113740 -47.325048639 -3.021113740
POLYGON_POINT -47.324995177 -3.021091546 -47.324995177 -3.021091546
POLYGON_POINT -47.325538868 -3.019762644 -47.325548317 -3.019741076
POLYGON_POINT -47.325531895 -3.019693438 -47.325523537 -3.019670211
POLYGON_POINT -47.325531895 -3.019693438 -47.325531895 -3.019693438
POLYGON_POINT -47.325659068 -3.019744649 -47.325659068 -3.019744649
POLYGON_POINT -47.325659068 -3.019744649 -47.325626302 -3.019739691
POLYGON_POINT -47.325597418 -3.019785763 -47.325589319 -3.019803736
END_WINDING
END_POLYGON
BEGIN_POLYGON 5 158 2
BEGIN_WINDING
POLYGON_POINT -47.325462211 -3.025225412
POLYGON_POINT -47.325032959 -3.025205474
POLYGON_POINT -47.305704713 -3.017431914
POLYGON_POINT -47.307311904 -3.013454378
POLYGON_POINT -47.309008939 -3.013982723
POLYGON_POINT -47.308779340 -3.014790192
POLYGON_POINT -47.317353611 -3.018165216
POLYGON_POINT -47.318112287 -3.016251214
POLYGON_POINT -47.328501584 -3.020616069
POLYGON_POINT -47.327328628 -3.021995081
POLYGON_POINT -47.326188947 -3.023573468
END_WINDING
END_POLYGON
BEGIN_POLYGON 6 255 2
BEGIN_WINDING
POLYGON_POINT -47.320219785 -3.017734965
POLYGON_POINT -47.319706277 -3.018235742
POLYGON_POINT -47.317648234 -3.017574716
POLYGON_POINT -47.318113601 -3.016280706
POLYGON_POINT -47.320460491 -3.017230181
END_WINDING
END_POLYGON
FILTER -1
FILTER 0
FILTER -1
FILTER 0
FILTER -1
FILTER 0
FILTER -1
FILTER 0
FILTER -1
FILTER 0
OBJECT 0 -47.325034454 -3.021630013 125.930199
OBJECT 1 -47.325018805 -3.021605228 124.755913
OBJECT 1 -47.325055259 -3.021653116 126.591087
OBJECT 1 -47.325029437 -3.021633614 122.067390
OBJECT 1 -47.324967812 -3.021701437 185.826340
OBJECT 1 -47.324856062 -3.021702087 186.418793
OBJECT 1 -47.324916819 -3.021726790 182.935669
OBJECT 2 -47.324952746 -3.021543931 68.399452
OBJECT 2 -47.324963620 -3.021522214 68.399452
OBJECT 3 -47.324915397 -3.021710912 183.031708
OBJECT 4 -47.320966121 -3.018335466 355.314087
OBJECT 5 -47.320651944 -3.018214247 180.000000
OBJECT 5 -47.321000340 -3.018350096 171.253845
OBJECT 4 -47.320975749 -3.018340169 167.574051
OBJECT 1 -47.320634683 -3.018205977 0.000000
OBJECT 1 -47.320638433 -3.018205977 0.000000
OBJECT 1 -47.320634683 -3.018211905 0.000000
OBJECT 1 -47.320639995 -3.018211905 0.000000
OBJECT 1 -47.320983768 -3.018343083 0.000000
OBJECT 1 -47.320986581 -3.018340899 0.000000
OBJECT 1 -47.320988455 -3.018345579 0.000000
OBJECT 1 -47.320993767 -3.018346515 0.000000
OBJECT 6 -47.320974303 -3.017875785 338.032745
OBJECT 6 -47.321175160 -3.017957310 338.032745
OBJECT 7 -47.321325555 -3.018178473 158.005173
OBJECT 7 -47.321241969 -3.018143638 158.005173
OBJECT 7 -47.321158383 -3.018108802 158.005173
OBJECT 6 -47.321847726 -3.018216864 338.032745
OBJECT 6 -47.321653538 -3.018139208 338.032745
OBJECT 6 -47.321440630 -3.018053915 338.032745
OBJECT 8 -47.324110110 -3.022172099 158.779053
OBJECT 0 -47.326076273 -3.023046421 69.775131
OBJECT 3 -47.325302226 -3.022573258 156.773422
OBJECT 3 -47.325933572 -3.022836637 157.552322
OBJECT 9 -47.320992183 -3.017726582 67.849998
OBJECT 10 -47.321252026 -3.017832385 67.850632
OBJECT 10 -47.321515508 -3.017939385 67.850632
OBJECT 10 -47.321777619 -3.018045572 67.850632
OBJECT 11 -47.327273597 -3.023550146 0.000000
OBJECT 11 -47.327123120 -3.023856048 270.000000
OBJECT 11 -47.327256131 -3.023903006 0.000000
OBJECT 11 -47.327567833 -3.023962040 0.000000
OBJECT 11 -47.327468411 -3.023936548 0.000000
OBJECT 11 -47.327350179 -3.023907032 0.000000
OBJECT 11 -47.327418700 -3.023881540 0.000000
OBJECT 11 -47.327508717 -3.023890931 90.000000
OBJECT 12 -47.327303155 -3.023916423 0.000000
OBJECT 12 -47.327401234 -3.023949965 0.000000
OBJECT 12 -47.327499312 -3.023968749 90.000000
OBJECT 12 -47.327609483 -3.023994240 180.000000
OBJECT 12 -47.327606796 -3.023917765 0.000000
OBJECT 12 -47.327348835 -3.023839948 0.000000
OBJECT 12 -47.327050568 -3.023847998 0.000000
OBJECT 12 -47.327085501 -3.023778231 0.000000
OBJECT 12 -47.327199702 -3.023831898 0.000000
OBJECT 12 -47.327197015 -3.023901665 90.000000
OBJECT 12 -47.327256131 -3.023845314 90.000000
OBJECT 12 -47.327281658 -3.023784939 161.565063
OBJECT 12 -47.327198358 -3.023725905 180.000000
OBJECT 12 -47.327323308 -3.023532704 0.000000
OBJECT 11 -47.327072065 -3.023521971 270.000000
OBJECT 11 -47.327069378 -3.023627963 0.000000
OBJECT 11 -47.327132525 -3.023678947 0.000000
OBJECT 11 -47.327141929 -3.023617230 0.000000
OBJECT 11 -47.326906809 -3.023791647 0.000000
OBJECT 11 -47.326965925 -3.023754081 0.000000
OBJECT 11 -47.326889343 -3.023723222 0.000000
OBJECT 11 -47.327303799 -3.022922826 0.000000
OBJECT 11 -47.327013968 -3.023243192 0.000000
OBJECT 11 -47.326556088 -3.023602224 0.000000
OBJECT 11 -47.326702804 -3.023515284 0.000000
OBJECT 11 -47.325494496 -3.022361640 0.000000
OBJECT 11 -47.325575753 -3.022396416 0.000000
OBJECT 11 -47.325655076 -3.022433124 44.999966
OBJECT 11 -47.325370675 -3.022338456 0.000000
OBJECT 11 -47.325540929 -3.022197419 0.000000
OBJECT 11 -47.320478793 -3.017922620 0.000000
OBJECT 11 -47.320429032 -3.017844977 0.000000
OBJECT 11 -47.320530109 -3.017840319 0.000000
OBJECT 13 -47.320936763 -3.017936135 283.570435
OBJECT 13 -47.320978008 -3.017926774 190.885529
OBJECT 13 -47.321018128 -3.017948491 78.690063
OBJECT 13 -47.321054124 -3.017957478 164.931519
OBJECT 14 -47.320888149 -3.018271803 159.843903
OBJECT 14 -47.321138261 -3.018370695 159.843903
OBJECT 14 -47.321399809 -3.018481258 159.843903
OBJECT 14 -47.320888149 -3.018271803 159.843903
OBJECT 14 -47.321138261 -3.018370695 159.843903
OBJECT 14 -47.321399809 -3.018481258 159.843903
OBJECT 15 -47.325228452 -3.021891602 337.000702
OBJECT 16 -47.320263322 -3.019614419 0.000000
OBJECT 17 -47.325557106 -3.022570175 157.988647
OBJECT 18 -47.326166227 -3.022820945 156.789993
OBJECT 19 -47.324514008 -3.022301512 67.935806
BEGIN_POLYGON 7 10 5
BEGIN_WINDING
POLYGON_POINT -47.321110686 -3.017994377 4.000000000 -47.321110686 -3.017994377
POLYGON_POINT -47.321110686 -3.017994377 4.000000000 -47.321110145 -3.017994107
POLYGON_POINT -47.321109185 -3.017993429 4.000000000 -47.321108727 -3.017993070
POLYGON_POINT -47.321107941 -3.017992237 4.000000000 -47.321107571 -3.017991805
POLYGON_POINT -47.321106971 -3.017990850 4.000000000 -47.321106694 -3.017990360
POLYGON_POINT -47.321106289 -3.017989314 4.000000000 -47.321106111 -3.017988783
POLYGON_POINT -47.321105911 -3.017987677 4.000000000 -47.321105838 -3.017987119
POLYGON_POINT -47.321105854 -3.017985985 4.000000000 -47.321105890 -3.017985418
POLYGON_POINT -47.321106133 -3.017984287 4.000000000 -47.321106284 -3.017983725
POLYGON_POINT -47.321106764 -3.017982629 4.000000000 -47.321107035 -3.017982088
POLYGON_POINT -47.321107714 -3.017981130 4.000000000 -47.321108074 -3.017980672
POLYGON_POINT -47.321108907 -3.017979888 4.000000000 -47.321109340 -3.017979518
POLYGON_POINT -47.321110297 -3.017978918 4.000000000 -47.321110787 -3.017978642
POLYGON_POINT -47.321111835 -3.017978237 4.000000000 -47.321112367 -3.017978060
POLYGON_POINT -47.321113474 -3.017977861 4.000000000 -47.321114033 -3.017977787
POLYGON_POINT -47.321115168 -3.017977804 4.000000000 -47.321115737 -3.017977840
POLYGON_POINT -47.321116869 -3.017978082 4.000000000 -47.321117432 -3.017978233
POLYGON_POINT -47.321118529 -3.017978713 4.000000000 -47.321119071 -3.017978983
POLYGON_POINT -47.321120030 -3.017979661 4.000000000 -47.321120489 -3.017980020
POLYGON_POINT -47.321121274 -3.017980852 4.000000000 -47.321121644 -3.017981285
POLYGON_POINT -47.321122245 -3.017982240 4.000000000 -47.321122521 -3.017982730
POLYGON_POINT -47.321122927 -3.017983776 4.000000000 -47.321123104 -3.017984307
POLYGON_POINT -47.321123304 -3.017985413 4.000000000 -47.321123377 -3.017985971
POLYGON_POINT -47.321123361 -3.017987105 4.000000000 -47.321123325 -3.017987672
POLYGON_POINT -47.321123082 -3.017988803 4.000000000 -47.321122931 -3.017989365
POLYGON_POINT -47.321122451 -3.017990461 4.000000000 -47.321122180 -3.017991002
POLYGON_POINT -47.321121501 -3.017991960 4.000000000 -47.321121142 -3.017992418
POLYGON_POINT -47.321120308 -3.017993202 4.000000000 -47.321119875 -3.017993572
POLYGON_POINT -47.321118919 -3.017994171 4.000000000 -47.321118428 -3.017994447
POLYGON_POINT -47.321117381 -3.017994852 4.000000000 -47.321116848 -3.017995030
POLYGON_POINT -47.321115741 -3.017995229 4.000000000 -47.321115183 -3.017995302
POLYGON_POINT -47.321114047 -3.017995286 4.000000000 -47.321113479 -3.017995250
POLYGON_POINT -47.321112346 -3.017995007 4.000000000 -47.321111784 -3.017994857
POLYGON_POINT -47.321110686 -3.017994377 4.000000000 -47.321110145 -3.017994107
END_WINDING
END_POLYGON
BEGIN_POLYGON 8 10 3
BEGIN_WINDING
POLYGON_POINT -47.321009459 -3.018044911 9.000000000
POLYGON_POINT -47.320946265 -3.018019070 8.000000000
POLYGON_POINT -47.320967420 -3.017967479 8.000000000
POLYGON_POINT -47.321030614 -3.017993320 0.000000000
END_WINDING
END_POLYGON
BEGIN_POLYGON 8 10 3
BEGIN_WINDING
POLYGON_POINT -47.321112154 -3.018088294 9.000000000
POLYGON_POINT -47.321030488 -3.018053993 0.000000000
POLYGON_POINT -47.321054213 -3.017997664 8.000000000
POLYGON_POINT -47.321135879 -3.018031965 8.000000000
END_WINDING
END_POLYGON
BEGIN_POLYGON 9 6 3
BEGIN_WINDING
POLYGON_POINT -47.321399945 -3.018030786 0.000000000
POLYGON_POINT -47.321332114 -3.018192524 0.000000000
POLYGON_POINT -47.321143990 -3.018113846 0.000000000
POLYGON_POINT -47.321211820 -3.017952108 0.000000000
END_WINDING
END_POLYGON
BEGIN_POLYGON 10 10 3
BEGIN_WINDING
POLYGON_POINT -47.321327385 -3.018180995 0.000000000
POLYGON_POINT -47.321316645 -3.018176503 4.000000000
POLYGON_POINT -47.321166275 -3.018113616 0.000000000
POLYGON_POINT -47.321155535 -3.018109124 0.000000000
POLYGON_POINT -47.321161987 -3.018093739 9.000000000
POLYGON_POINT -47.321183419 -3.018042636 8.000000000
POLYGON_POINT -47.321211992 -3.017974505 0.000000000
POLYGON_POINT -47.321216550 -3.017963637 0.000000000
POLYGON_POINT -47.321227290 -3.017968129 4.000000000
POLYGON_POINT -47.321291734 -3.017995081 0.000000000
POLYGON_POINT -47.321302475 -3.017999573 4.000000000
POLYGON_POINT -47.321377659 -3.018031017 0.000000000
POLYGON_POINT -47.321388400 -3.018035509 0.000000000
POLYGON_POINT -47.321358638 -3.018106474 8.000000000
POLYGON_POINT -47.321338209 -3.018155186 0.000000000
END_WINDING
END_POLYGON
BEGIN_POLYGON 11 10 3
BEGIN_WINDING
POLYGON_POINT -47.325596332 -3.019865717 0.000000000
POLYGON_POINT -47.326122647 -3.020074402 0.000000000
POLYGON_POINT -47.326648963 -3.020283088 0.000000000
POLYGON_POINT -47.327175278 -3.020491773 0.000000000
POLYGON_POINT -47.327701594 -3.020700458 0.000000000
POLYGON_POINT -47.327242917 -3.021490341 0.000000000
POLYGON_POINT -47.326784240 -3.022280225 0.000000000
POLYGON_POINT -47.326325563 -3.023070108 0.000000000
POLYGON_POINT -47.325866886 -3.023859991 0.000000000
POLYGON_POINT -47.325479635 -3.024523521 0.000000000
POLYGON_POINT -47.325092385 -3.025187051 0.000000000
POLYGON_POINT -47.323885081 -3.024705741 0.000000000
POLYGON_POINT -47.322677778 -3.024224430 0.000000000
POLYGON_POINT -47.321470475 -3.023743120 0.000000000
POLYGON_POINT -47.320263172 -3.023261809 0.000000000
POLYGON_POINT -47.319055869 -3.022780499 0.000000000
POLYGON_POINT -47.317848566 -3.022299188 0.000000000
POLYGON_POINT -47.316641262 -3.021817878 0.000000000
POLYGON_POINT -47.315433959 -3.021336567 0.000000000
POLYGON_POINT -47.314226656 -3.020855257 0.000000000
POLYGON_POINT -47.313019353 -3.020373946 0.000000000
POLYGON_POINT -47.311812050 -3.019892636 0.000000000
POLYGON_POINT -47.310604747 -3.019411325 0.000000000
POLYGON_POINT -47.309397443 -3.018930015 0.000000000
POLYGON_POINT -47.308190140 -3.018448704 0.000000000
POLYGON_POINT -47.306982837 -3.017967394 0.000000000
POLYGON_POINT -47.305775534 -3.017486083 0.000000000
POLYGON_POINT -47.305739428 -3.017341859 0.000000000
POLYGON_POINT -47.306063438 -3.016534747 0.000000000
POLYGON_POINT -47.306387447 -3.015727635 0.000000000
POLYGON_POINT -47.306711457 -3.014920523 0.000000000
POLYGON_POINT -47.307035467 -3.014113411 0.000000000
POLYGON_POINT -47.308325154 -3.014624595 0.000000000
POLYGON_POINT -47.309614842 -3.015135779 0.000000000
POLYGON_POINT -47.310904529 -3.015646963 0.000000000
POLYGON_POINT -47.312194216 -3.016158147 0.000000000
POLYGON_POINT -47.313483904 -3.016669330 0.000000000
POLYGON_POINT -47.314773591 -3.017180514 0.000000000
POLYGON_POINT -47.316063279 -3.017691698 0.000000000
POLYGON_POINT -47.317352966 -3.018202882 0.000000000
POLYGON_POINT -47.317661754 -3.017423023 0.000000000
POLYGON_POINT -47.317970542 -3.016643164 0.000000000
POLYGON_POINT -47.318770201 -3.016976380 0.000000000
POLYGON_POINT -47.319569860 -3.017309595 0.000000000
POLYGON_POINT -47.320369519 -3.017642811 0.000000000
POLYGON_POINT -47.321169178 -3.017976027 0.000000000
END_WINDING
END_POLYGON
BEGIN_POLYGON 11 10 3
BEGIN_WINDING
POLYGON_POINT -47.325468964 -3.019810977 0.000000000
POLYGON_POINT -47.324646977 -3.019477951 0.000000000
POLYGON_POINT -47.323824989 -3.019144925 0.000000000
POLYGON_POINT -47.323003002 -3.018811899 0.000000000
POLYGON_POINT -47.322181014 -3.018478873 0.000000000
POLYGON_POINT -47.322212736 -3.018395950 0.000000000
POLYGON_POINT -47.321814329 -3.018234956 0.000000000
POLYGON_POINT -47.321415921 -3.018073962 0.000000000
POLYGON_POINT -47.321399593 -3.018115889 0.000000000
END_WINDING
END_POLYGON
BEGIN_POLYGON 12 10 3
BEGIN_WINDING
POLYGON_POINT -47.325596499 -3.021903971 2.000000000
POLYGON_POINT -47.325406235 -3.021822856 2.000000000
POLYGON_POINT -47.325489759 -3.021627485 2.000000000
POLYGON_POINT -47.325555700 -3.021655597 1.000000000
POLYGON_POINT -47.325613070 -3.021680056 2.000000000
POLYGON_POINT -47.325680023 -3.021708599 2.000000000
END_WINDING
END_POLYGON
OBJECT 20 -47.325065047 -3.021807556 27.383240
OBJECT 20 -47.324832454 -3.021713830 307.103210
OBJECT 20 -47.324879039 -3.021593462 248.143219
OBJECT 20 -47.324921882 -3.021483785 204.943207
OBJECT 20 -47.325157382 -3.021577573 119.673218
OBJECT 20 -47.325113120 -3.021686891 68.403214
OBJECT 21 -47.324825884 -3.021722332 158.053223
OBJECT 21 -47.325545149 -3.021886140 154.492691
OBJECT 21 -47.325291965 -3.021908032 158.053223
OBJECT 21 -47.325063990 -3.021816295 158.053223
BEGIN_POLYGON 13 8 3
BEGIN_WINDING
POLYGON_POINT -47.324797696 -3.021708084 0.000000000
POLYGON_POINT -47.325094334 -3.021825392 0.000000000
POLYGON_POINT -47.325092557 -3.021829992 0.000000000
POLYGON_POINT -47.324795865 -3.021712728 0.000000000
END_WINDING
END_POLYGON
BEGIN_POLYGON 14 5 3
BEGIN_WINDING
POLYGON_POINT -47.325092576 -3.021831849 0.000000000
POLYGON_POINT -47.325065746 -3.021821025 0.000000000
POLYGON_POINT -47.325068699 -3.021813733 0.000000000
POLYGON_POINT -47.325095566 -3.021824475 0.000000000
END_WINDING
END_POLYGON
BEGIN_POLYGON 14 5 3
BEGIN_WINDING
POLYGON_POINT -47.324797194 -3.021706293 0.000000000
POLYGON_POINT -47.324824076 -3.021716984 0.000000000
POLYGON_POINT -47.324821181 -3.021724297 0.000000000
POLYGON_POINT -47.324794262 -3.021713689 0.000000000
END_WINDING
END_POLYGON
BEGIN_POLYGON 15 5 3
BEGIN_WINDING
POLYGON_POINT -47.325067549 -3.021810999 0.000000000
POLYGON_POINT -47.324826544 -3.021715852 0.000000000
POLYGON_POINT -47.324919882 -3.021480106 0.000000000
POLYGON_POINT -47.325160887 -3.021575254 0.000000000
END_WINDING
END_POLYGON
BEGIN_POLYGON 13 8 3
BEGIN_WINDING
POLYGON_POINT -47.325068686 -3.021813335 0.000000000
POLYGON_POINT -47.324824169 -3.021716799 0.000000000
POLYGON_POINT -47.324918913 -3.021477507 0.000000000
POLYGON_POINT -47.325163430 -3.021574042 0.000000000
END_WINDING
END_POLYGON
BEGIN_POLYGON 14 5 3
BEGIN_WINDING
POLYGON_POINT -47.324964847 -3.021493366 0.000000000
POLYGON_POINT -47.325119311 -3.021554480 0.000000000
POLYGON_POINT -47.325117005 -3.021560359 0.000000000
POLYGON_POINT -47.324963012 -3.021498011 0.000000000
END_WINDING
END_POLYGON
BEGIN_POLYGON 14 5 3
BEGIN_WINDING
POLYGON_POINT -47.325069872 -3.021814776 0.000000000
POLYGON_POINT -47.325060082 -3.021810934 0.000000000
POLYGON_POINT -47.325061245 -3.021808045 0.000000000
POLYGON_POINT -47.325066249 -3.021810052 0.000000000
POLYGON_POINT -47.325158789 -3.021576867 0.000000000
POLYGON_POINT -47.325117005 -3.021560359 0.000000000
POLYGON_POINT -47.325119311 -3.021554480 0.000000000
POLYGON_POINT -47.325165815 -3.021572881 0.000000000
END_WINDING
END_POLYGON
BEGIN_POLYGON 14 5 3
BEGIN_WINDING
POLYGON_POINT -47.324918255 -3.021474822 0.000000000
POLYGON_POINT -47.324964847 -3.021493366 0.000000000
POLYGON_POINT -47.324964829 -3.021493427 0.000000000
POLYGON_POINT -47.324963012 -3.021498011 0.000000000
POLYGON_POINT -47.324920946 -3.021481437 0.000000000
POLYGON_POINT -47.324828063 -3.021715940 0.000000000
POLYGON_POINT -47.324836489 -3.021719261 0.000000000
POLYGON_POINT -47.324835358 -3.021721892 0.000000000
POLYGON_POINT -47.324822310 -3.021716716 0.000000000
END_WINDING
END_POLYGON
OBJECT 20 -47.325152039 -3.022516035 25.938629
OBJECT 20 -47.325026450 -3.022461712 305.658600
OBJECT 20 -47.325053520 -3.022396691 246.698624
OBJECT 20 -47.325078402 -3.022337451 203.498611
OBJECT 20 -47.325205577 -3.022391848 118.228615
OBJECT 20 -47.325179926 -3.022450873 66.958611
OBJECT 21 -47.325022749 -3.022466260 156.608612
OBJECT 21 -47.325999902 -3.022875140 156.608612
OBJECT 21 -47.325856349 -3.022815615 156.608612
OBJECT 21 -47.325365340 -3.022608552 156.608612
OBJECT 21 -47.325236980 -3.022554150 156.608612
OBJECT 21 -47.325151342 -3.022520788 156.608612
BEGIN_POLYGON 13 8 3
BEGIN_WINDING
POLYGON_POINT -47.325007568 -3.022458101 0.000000000
POLYGON_POINT -47.325167769 -3.022526167 0.000000000
POLYGON_POINT -47.325166737 -3.022528652 0.000000000
POLYGON_POINT -47.325006506 -3.022460609 0.000000000
END_WINDING
END_POLYGON
BEGIN_POLYGON 14 5 3
BEGIN_WINDING
POLYGON_POINT -47.325166722 -3.022529666 0.000000000
POLYGON_POINT -47.325152235 -3.022523392 0.000000000
POLYGON_POINT -47.325153946 -3.022519455 0.000000000
POLYGON_POINT -47.325168454 -3.022525684 0.000000000
END_WINDING
END_POLYGON
BEGIN_POLYGON 14 5 3
BEGIN_WINDING
POLYGON_POINT -47.325007319 -3.022457116 0.000000000
POLYGON_POINT -47.325021836 -3.022463318 0.000000000
POLYGON_POINT -47.325020156 -3.022467267 0.000000000
POLYGON_POINT -47.325005618 -3.022461111 0.000000000
END_WINDING
END_POLYGON
BEGIN_POLYGON 15 5 3
BEGIN_WINDING
POLYGON_POINT -47.325153357 -3.022517948 0.000000000
POLYGON_POINT -47.325023198 -3.022462734 0.000000000
POLYGON_POINT -47.325077362 -3.022335416 0.000000000
POLYGON_POINT -47.325207520 -3.022390630 0.000000000
END_WINDING
END_POLYGON
BEGIN_POLYGON 13 8 3
BEGIN_WINDING
POLYGON_POINT -47.325153945 -3.022519238 0.000000000
POLYGON_POINT -47.325021890 -3.022463218 0.000000000
POLYGON_POINT -47.325076869 -3.022333985 0.000000000
POLYGON_POINT -47.325208924 -3.022390005 0.000000000
END_WINDING
END_POLYGON
BEGIN_POLYGON 14 5 3
BEGIN_WINDING
POLYGON_POINT -47.325101708 -3.022343267 0.000000000
POLYGON_POINT -47.325185127 -3.022378727 0.000000000
POLYGON_POINT -47.325183788 -3.022381903 0.000000000
POLYGON_POINT -47.325100643 -3.022345776 0.000000000
END_WINDING
END_POLYGON
BEGIN_POLYGON 14 5 3
BEGIN_WINDING
POLYGON_POINT -47.325154572 -3.022520040 0.000000000
POLYGON_POINT -47.325149284 -3.022517810 0.000000000
POLYGON_POINT -47.325149959 -3.022516250 0.000000000
POLYGON_POINT -47.325152660 -3.022517413 0.000000000
POLYGON_POINT -47.325206354 -3.022391482 0.000000000
POLYGON_POINT -47.325183788 -3.022381903 0.000000000
POLYGON_POINT -47.325185127 -3.022378727 0.000000000
POLYGON_POINT -47.325210241 -3.022389404 0.000000000
END_WINDING
END_POLYGON
BEGIN_POLYGON 14 5 3
BEGIN_WINDING
POLYGON_POINT -47.325076547 -3.022332511 0.000000000
POLYGON_POINT -47.325101708 -3.022343267 0.000000000
POLYGON_POINT -47.325101697 -3.022343300 0.000000000
POLYGON_POINT -47.325100643 -3.022345776 0.000000000
POLYGON_POINT -47.325077924 -3.022336157 0.000000000
POLYGON_POINT -47.325024025 -3.022462803 0.000000000
POLYGON_POINT -47.325028576 -3.022464731 0.000000000
POLYGON_POINT -47.325027923 -3.022466150 0.000000000
POLYGON_POINT -47.325020877 -3.022463147 0.000000000
END_WINDING
END_POLYGON
OBJECT 20 -47.325816789 -3.022794319 25.938629
OBJECT 20 -47.325694063 -3.022741234 305.658600
OBJECT 20 -47.325720516 -3.022677696 246.698624
OBJECT 20 -47.325744830 -3.022619806 203.498611
OBJECT 20 -47.325869106 -3.022672963 118.228615
OBJECT 20 -47.325844039 -3.022730642 66.958611
OBJECT 21 -47.325690446 -3.022745678 156.608612
OBJECT 21 -47.325816108 -3.022798963 156.608612
BEGIN_POLYGON 13 8 3
BEGIN_WINDING
POLYGON_POINT -47.325675611 -3.022737705 0.000000000
POLYGON_POINT -47.325832160 -3.022804220 0.000000000
POLYGON_POINT -47.325831151 -3.022806648 0.000000000
POLYGON_POINT -47.325674573 -3.022740156 0.000000000
END_WINDING
END_POLYGON
BEGIN_POLYGON 14 5 3
BEGIN_WINDING
POLYGON_POINT -47.325831136 -3.022807638 0.000000000
POLYGON_POINT -47.325816980 -3.022801508 0.000000000
POLYGON_POINT -47.325818652 -3.022797661 0.000000000
POLYGON_POINT -47.325832829 -3.022803748 0.000000000
END_WINDING
END_POLYGON
BEGIN_POLYGON 14 5 3
BEGIN_WINDING
POLYGON_POINT -47.325675368 -3.022736743 0.000000000
POLYGON_POINT -47.325689554 -3.022742803 0.000000000
POLYGON_POINT -47.325687913 -3.022746663 0.000000000
POLYGON_POINT -47.325673706 -3.022740647 0.000000000
END_WINDING
END_POLYGON
BEGIN_POLYGON 15 5 3
BEGIN_WINDING
POLYGON_POINT -47.325818076 -3.022796188 0.000000000
POLYGON_POINT -47.325690885 -3.022742233 0.000000000
POLYGON_POINT -47.325743814 -3.022617818 0.000000000
POLYGON_POINT -47.325871005 -3.022671773 0.000000000
END_WINDING
END_POLYGON
BEGIN_POLYGON 13 8 3
BEGIN_WINDING
POLYGON_POINT -47.325818651 -3.022797448 0.000000000
POLYGON_POINT -47.325689606 -3.022742706 0.000000000
POLYGON_POINT -47.325743333 -3.022616419 0.000000000
POLYGON_POINT -47.325872377 -3.022671161 0.000000000
END_WINDING
END_POLYGON
BEGIN_POLYGON 14 5 3
BEGIN_WINDING
POLYGON_POINT -47.325767605 -3.022625490 0.000000000
POLYGON_POINT -47.325849122 -3.022660141 0.000000000
POLYGON_POINT -47.325847813 -3.022663244 0.000000000
POLYGON_POINT -47.325766564 -3.022627941 0.000000000
END_WINDING
END_POLYGON
BEGIN_POLYGON 14 5 3
BEGIN_WINDING
POLYGON_POINT -47.325819263 -3.022798232 0.000000000
POLYGON_POINT -47.325814097 -3.022796053 0.000000000
POLYGON_POINT -47.325814755 -3.022794529 0.000000000
POLYGON_POINT -47.325817396 -3.022795666 0.000000000
POLYGON_POINT -47.325869865 -3.022672605 0.000000000
POLYGON_POINT -47.325847813 -3.022663244 0.000000000
POLYGON_POINT -47.325849122 -3.022660141 0.000000000
POLYGON_POINT -47.325873664 -3.022670575 0.000000000
END_WINDING
END_POLYGON
BEGIN_POLYGON 14 5 3
BEGIN_WINDING
POLYGON_POINT -47.325743018 -3.022614979 0.000000000
POLYGON_POINT -47.325767605 -3.022625490 0.000000000
POLYGON_POINT -47.325767594 -3.022625522 0.000000000
POLYGON_POINT -47.325766564 -3.022627941 0.000000000
POLYGON_POINT -47.325744364 -3.022618541 0.000000000
POLYGON_POINT -47.325691693 -3.022742300 0.000000000
POLYGON_POINT -47.325696141 -3.022744184 0.000000000
POLYGON_POINT -47.325695502 -3.022745571 0.000000000
POLYGON_POINT -47.325688616 -3.022742637 0.000000000
END_WINDING
END_POLYGON
OBJECT 22 -47.325357321 -3.022600915 188.844772
OBJECT 23 -47.325287403 -3.022469607 188.844772
OBJECT 24 -47.325384718 -3.022556227 67.604774
OBJECT 25 -47.325374748 -3.022598316 246.994766
OBJECT 26 -47.325247233 -3.022551219 188.844772
OBJECT 27 -47.325401357 -3.022478978 188.844772
OBJECT 27 -47.325407492 -3.022464161 188.844772
OBJECT 28 -47.325270880 -3.022492375 67.374779
OBJECT 29 -47.325372560 -3.022575624 67.204773
OBJECT 30 -47.325364533 -3.022593380 66.644775
BEGIN_POLYGON 16 5 3
BEGIN_WINDING
POLYGON_POINT -47.325301599 -3.022401812 0.000000000
POLYGON_POINT -47.325419038 -3.022451372 0.000000000
POLYGON_POINT -47.325429551 -3.022455809 0.000000000
POLYGON_POINT -47.325363298 -3.022612366 0.000000000
POLYGON_POINT -47.325235346 -3.022558369 0.000000000
END_WINDING
END_POLYGON
BEGIN_POLYGON 10 5 3
BEGIN_WINDING
POLYGON_POINT -47.325364632 -3.022614862 0.000000000
POLYGON_POINT -47.325355295 -3.022610929 0.000000000
POLYGON_POINT -47.325356496 -3.022608084 0.000000000
POLYGON_POINT -47.325362562 -3.022610639 0.000000000
POLYGON_POINT -47.325409178 -3.022500271 1.000000000
POLYGON_POINT -47.325416215 -3.022483608 0.000000000
POLYGON_POINT -47.325427560 -3.022456749 0.000000000
POLYGON_POINT -47.325365655 -3.022430476 0.000000000
POLYGON_POINT -47.325367015 -3.022427220 0.000000000
POLYGON_POINT -47.325432365 -3.022454739 0.000000000
POLYGON_POINT -47.325419692 -3.022484743 1.000000000
POLYGON_POINT -47.325412409 -3.022501986 0.000000000
END_WINDING
END_POLYGON
BEGIN_POLYGON 10 5 3
BEGIN_WINDING
POLYGON_POINT -47.325300508 -3.022399233 0.000000000
POLYGON_POINT -47.325367015 -3.022427220 0.000000000
POLYGON_POINT -47.325365655 -3.022430476 0.000000000
POLYGON_POINT -47.325302456 -3.022403809 0.000000000
POLYGON_POINT -47.325255715 -3.022514213 1.000000000
POLYGON_POINT -47.325248379 -3.022531539 0.000000000
POLYGON_POINT -47.325237195 -3.022557956 0.000000000
POLYGON_POINT -47.325245035 -3.022561266 0.000000000
POLYGON_POINT -47.325244019 -3.022563666 0.000000000
POLYGON_POINT -47.325232883 -3.022558965 0.000000000
POLYGON_POINT -47.325245068 -3.022530185 1.000000000
POLYGON_POINT -47.325252399 -3.022512868 0.000000000
END_WINDING
END_POLYGON
OBJECT 22 -47.325990577 -3.022867564 188.844772
OBJECT 23 -47.325912670 -3.022721254 188.844772
OBJECT 24 -47.326021104 -3.022817771 67.604774
OBJECT 25 -47.326009995 -3.022864668 246.994766
OBJECT 26 -47.325867912 -3.022812190 188.844772
OBJECT 27 -47.326039644 -3.022731696 188.844772
OBJECT 27 -47.326046480 -3.022715185 188.844772
OBJECT 28 -47.325894260 -3.022746623 67.374779
OBJECT 29 -47.326007557 -3.022839384 67.204773
OBJECT 30 -47.325998613 -3.022859168 66.644775
BEGIN_POLYGON 16 5 3
BEGIN_WINDING
POLYGON_POINT -47.325928488 -3.022645713 0.000000000
POLYGON_POINT -47.326059345 -3.022700935 0.000000000
POLYGON_POINT -47.326071059 -3.022705879 0.000000000
POLYGON_POINT -47.325997237 -3.022880323 0.000000000
POLYGON_POINT -47.325854666 -3.022820157 0.000000000
END_WINDING
END_POLYGON
BEGIN_POLYGON 10 5 3
BEGIN_WINDING
POLYGON_POINT -47.325998723 -3.022883104 0.000000000
POLYGON_POINT -47.325988319 -3.022878722 0.000000000
POLYGON_POINT -47.325989658 -3.022875552 0.000000000
POLYGON_POINT -47.325996417 -3.022878399 0.000000000
POLYGON_POINT -47.326048359 -3.022755421 1.000000000
POLYGON_POINT -47.326056200 -3.022736855 0.000000000
POLYGON_POINT -47.326068841 -3.022706927 0.000000000
POLYGON_POINT -47.325999863 -3.022677652 0.000000000
POLYGON_POINT -47.326001378 -3.022674025 0.000000000
POLYGON_POINT -47.326074195 -3.022704687 0.000000000
POLYGON_POINT -47.326060074 -3.022738119 1.000000000
POLYGON_POINT -47.326051959 -3.022757333 0.000000000
END_WINDING
END_POLYGON
BEGIN_POLYGON 10 5 3
BEGIN_WINDING
POLYGON_POINT -47.325927273 -3.022642840 0.000000000
POLYGON_POINT -47.326001378 -3.022674025 0.000000000
POLYGON_POINT -47.325999863 -3.022677652 0.000000000
POLYGON_POINT -47.325929443 -3.022647938 0.000000000
POLYGON_POINT -47.325877362 -3.022770956 1.000000000
POLYGON_POINT -47.325869188 -3.022790261 0.000000000
POLYGON_POINT -47.325856726 -3.022819697 0.000000000
POLYGON_POINT -47.325865462 -3.022823385 0.000000000
POLYGON_POINT -47.325864330 -3.022826059 0.000000000
POLYGON_POINT -47.325851922 -3.022820821 0.000000000
POLYGON_POINT -47.325865499 -3.022788752 1.000000000
POLYGON_POINT -47.325873668 -3.022769457 0.000000000
END_WINDING
END_POLYGON
FILTER -1
OBJECT_DEF lib/airport/aircraft/general_aviation/turboprop_b.obj
OBJECT_DEF lib/airport/Ramp_Equipment/Traffic_Cone_1.obj
OBJECT_DEF lib/airport/Ramp_Equipment/Stair_Maint_1.obj
OBJECT_DEF lib/airport/aircraft/general_aviation/prop_a.obj
OBJECT_DEF lib/airport/Ramp_Equipment/Chocks_2.obj
OBJECT_DEF lib/airport/Ramp_Equipment/Chocks_3.obj
OBJECT_DEF lib/street/streetlights/ResidentialLight_04.obj
OBJECT_DEF lib/street/streetlights/AreaFlood_Short.obj
OBJECT_DEF lib/airport/aircraft/general_aviation/turboprop_a.obj
OBJECT_DEF lib/airport/Common_Elements/Parking_Items/Row_of_Cars_4.agp
OBJECT_DEF lib/airport/Common_Elements/Parking_Items/Row_of_Cars_10.agp
OBJECT_DEF lib/g10/forests/autogen_tree2.obj
OBJECT_DEF lib/g10/forests/autogen_tree3.obj
OBJECT_DEF lib/g10/forests/autogen_tree1.obj
OBJECT_DEF lib/airport/Common_Elements/Lighting/Dir_Ramp_Lit_Med.obj
OBJECT_DEF lib/airport/Common_Elements/Hangars/Sm_Gray_Hangar.agp
OBJECT_DEF lib/airport/landscape/windsock.obj
OBJECT_DEF lib/airport/European_Airports/hangars/28x26x6_Russia.obj
OBJECT_DEF lib/airport/European_Airports/hangars/25x20x5.obj
OBJECT_DEF lib/airport/Common_Elements/Fueling_Stations/Covered_Station.agp
OBJECT_DEF lib/lights/uplights/120degree_cone/10m/white.obj
OBJECT_DEF lib/g10/streetlights/AreaFloodSml.obj
OBJECT_DEF lib/airport/Common_Elements/Miscellaneous/One_Traffic_Cone.obj
OBJECT_DEF lib/airport/Common_Elements/Miscellaneous/Stack_of_Cones.obj
OBJECT_DEF lib/airport/Common_Elements/Miscellaneous/container_fire_extinguisher_metal.obj
OBJECT_DEF lib/airport/Common_Elements/Miscellaneous/Blue_Dumpster.obj
OBJECT_DEF lib/airport/Common_Elements/Miscellaneous/Barrel_Trash_Can.obj
OBJECT_DEF lib/g10/US/industrial/light/OilDrums.obj
OBJECT_DEF lib/g10/US/commercial/tool_locker2.obj
OBJECT_DEF lib/g10/global_objects/park_bench_1.obj
OBJECT_DEF lib/g10/global_objects/vending_machine.obj
POLYGON_DEF lib/airport/lines/20_road_edge.lin
POLYGON_DEF lib/airport/lines/24_road_edge_wide.lin
POLYGON_DEF lib/airport/pavement/asphalt_1D.pol
POLYGON_DEF lib/airport/pavement/concrete_1D.pol
POLYGON_DEF lib/airport/pavement/concrete_2D.pol
POLYGON_DEF lib/g10/terrain10/apt_wrm_wet.pol
POLYGON_DEF lib/g8/broad_hot_sdry.for
POLYGON_DEF lib/airport/Common_Elements/Misc_Buildings/Cargo_Terminal.fac
POLYGON_DEF lib/airport/Modern_Airports/Terminal_kit/term_building_Ground_03.fac
POLYGON_DEF lib/airport/Modern_Airports/Terminal_kit/term_building_Levels_02.fac
POLYGON_DEF lib/airport/Modern_Airports/Terminal_kit/term_building_Ground_02.fac
POLYGON_DEF lib/airport/Common_Elements/Fence_Facades/Fence.fac
POLYGON_DEF lib/airport/Common_Elements/Misc_Buildings/White_Office.fac
POLYGON_DEF lib/airport/Modern_Airports/Terminal_kit/term_roof_level_01.fac
POLYGON_DEF lib/airport/Modern_Airports/Terminal_kit/term_building_Tall_02.fac
POLYGON_DEF lib/airport/Modern_Airports/Terminal_kit/term_bridge_01.fac
POLYGON_DEF lib/airport/Modern_Airports/Terminal_kit/term_building_Levels_01.fac
PROPERTY sim/filter/aptid SNEB
PROPERTY sim/exclude_obj -47.306899/-3.017910/-47.306228/-3.015156
PROPERTY sim/exclude_net -47.306899/-3.017910/-47.306228/-3.015156
PROPERTY sim/exclude_str -47.306899/-3.017910/-47.306228/-3.015156
PROPERTY sim/exclude_obj -47.307529/-3.018227/-47.306857/-3.014960
PROPERTY sim/exclude_net -47.307529/-3.018227/-47.306857/-3.014960
PROPERTY sim/exclude_str -47.307529/-3.018227/-47.306857/-3.014960
PROPERTY sim/exclude_obj -47.308170/-3.018106/-47.307499/-3.014672
PROPERTY sim/exclude_net -47.308170/-3.018106/-47.307499/-3.014672
PROPERTY sim/exclude_str -47.308170/-3.018106/-47.307499/-3.014672
PROPERTY sim/exclude_obj -47.308811/-3.018388/-47.308140/-3.014954
PROPERTY sim/exclude_net -47.308811/-3.018388/-47.308140/-3.014954
PROPERTY sim/exclude_str -47.308811/-3.018388/-47.308140/-3.014954
PROPERTY sim/exclude_obj -47.309452/-3.018365/-47.308781/-3.015202
PROPERTY sim/exclude_for -47.309452/-3.018365/-47.308781/-3.015202
PROPERTY sim/exclude_net -47.309452/-3.018365/-47.308781/-3.015202
PROPERTY sim/exclude_str -47.309452/-3.018365/-47.308781/-3.015202
PROPERTY sim/exclude_obj -47.310937/-3.018885/-47.309417/-3.015722
PROPERTY sim/exclude_for -47.310937/-3.018885/-47.309417/-3.015722
PROPERTY sim/exclude_net -47.310937/-3.018885/-47.309417/-3.015722
PROPERTY sim/exclude_str -47.310937/-3.018885/-47.309417/-3.015722
PROPERTY sim/exclude_obj -47.312426/-3.019466/-47.310906/-3.016303
PROPERTY sim/exclude_for -47.312426/-3.019466/-47.310906/-3.016303
PROPERTY sim/exclude_net -47.312426/-3.019466/-47.310906/-3.016303
PROPERTY sim/exclude_str -47.312426/-3.019466/-47.310906/-3.016303
PROPERTY sim/exclude_obj -47.313915/-3.020089/-47.312395/-3.016926
PROPERTY sim/exclude_for -47.313915/-3.020089/-47.312395/-3.016926
PROPERTY sim/exclude_net -47.313915/-3.020089/-47.312395/-3.016926
PROPERTY sim/exclude_str -47.313915/-3.020089/-47.312395/-3.016926
PROPERTY sim/exclude_obj -47.315388/-3.020662/-47.313867/-3.017499
PROPERTY sim/exclude_for -47.315388/-3.020662/-47.313867/-3.017499
PROPERTY sim/exclude_net -47.315388/-3.020662/-47.313867/-3.017499
PROPERTY sim/exclude_str -47.315388/-3.020662/-47.313867/-3.017499
PROPERTY sim/exclude_obj -47.316885/-3.021244/-47.315365/-3.018081
PROPERTY sim/exclude_for -47.316885/-3.021244/-47.315365/-3.018081
PROPERTY sim/exclude_net -47.316885/-3.021244/-47.315365/-3.018081
PROPERTY sim/exclude_str -47.316885/-3.021244/-47.315365/-3.018081
PROPERTY sim/exclude_obj -47.318391/-3.021834/-47.316870/-3.018413
PROPERTY sim/exclude_for -47.318391/-3.021834/-47.316870/-3.018413
PROPERTY sim/exclude_net -47.318391/-3.021834/-47.316870/-3.018413
PROPERTY sim/exclude_str -47.318391/-3.021834/-47.316870/-3.018413
PROPERTY sim/exclude_obj -47.319863/-3.022440/-47.318343/-3.018513
PROPERTY sim/exclude_for -47.319863/-3.022440/-47.318343/-3.018513
PROPERTY sim/exclude_net -47.319863/-3.022440/-47.318343/-3.018513
PROPERTY sim/exclude_str -47.319863/-3.022440/-47.318343/-3.018513
PROPERTY sim/exclude_obj -47.321319/-3.023005/-47.319799/-3.017624
PROPERTY sim/exclude_for -47.321319/-3.023005/-47.319799/-3.017624
PROPERTY sim/exclude_net -47.321319/-3.023005/-47.319799/-3.017624
PROPERTY sim/exclude_str -47.321319/-3.023005/-47.319799/-3.017624
PROPERTY sim/exclude_obj -47.322783/-3.023537/-47.321263/-3.017824
PROPERTY sim/exclude_for -47.322783/-3.023537/-47.321263/-3.017824
PROPERTY sim/exclude_net -47.322783/-3.023537/-47.321263/-3.017824
PROPERTY sim/exclude_str -47.322783/-3.023537/-47.321263/-3.017824
PROPERTY sim/exclude_obj -47.324264/-3.024027/-47.322743/-3.018436
PROPERTY sim/exclude_for -47.324264/-3.024027/-47.322743/-3.018436
PROPERTY sim/exclude_net -47.324264/-3.024027/-47.322743/-3.018436
PROPERTY sim/exclude_str -47.324264/-3.024027/-47.322743/-3.018436
PROPERTY sim/exclude_net -47.321045/-3.017932/-47.318618/-3.017126
PROPERTY sim/exclude_str -47.321045/-3.017932/-47.318618/-3.017126
PROPERTY sim/exclude_net -47.328515/-3.020876/-47.327535/-3.020445
PROPERTY sim/exclude_str -47.328515/-3.020876/-47.327535/-3.020445
PROPERTY sim/exclude_net -47.327999/-3.020943/-47.327077/-3.019689
PROPERTY sim/exclude_str -47.327999/-3.020943/-47.327077/-3.019689
PROPERTY sim/exclude_net -47.327117/-3.020885/-47.326196/-3.019630
PROPERTY sim/exclude_str -47.327117/-3.020885/-47.326196/-3.019630
PROPERTY sim/exclude_obj -47.326223/-3.022235/-47.325301/-3.019610
PROPERTY sim/exclude_for -47.326223/-3.022235/-47.325301/-3.019610
PROPERTY sim/exclude_net -47.326223/-3.022235/-47.325301/-3.019610
PROPERTY sim/exclude_str -47.326223/-3.022235/-47.325301/-3.019610
PROPERTY sim/exclude_obj -47.325391/-3.023763/-47.324228/-3.019009
PROPERTY sim/exclude_for -47.325391/-3.023763/-47.324228/-3.019009
PROPERTY sim/exclude_net -47.325391/-3.023763/-47.324228/-3.019009
PROPERTY sim/exclude_str -47.325391/-3.023763/-47.324228/-3.019009
PROPERTY sim/require_agpoint 1/0
PROPERTY sim/require_object 1/0
PROPERTY sim/require_facade 1/7
PROPERTY sim/require_facade 6/0
