PROPERTY sim/west -180
PROPERTY sim/east 180
PROPERTY sim/north 90
PROPERTY sim/south -90
PROPERTY sim/planet earth
PROPERTY sim/creation_agent WorldEditor2.1.0r1
PROPERTY laminar/internal_revision 0
PROPERTY sim/overlay 1
FILTER 0
BEGIN_POLYGON 0 0 4
BEGIN_WINDING
POLYGON_POINT -46.757012207 -15.260266655 -46.757012207 -15.260266655
POLYGON_POINT -46.756804323 -15.260091081 -46.756760769 -15.259955490
POLYGON_POINT -46.756891801 -15.259862078 -46.756885106 -15.259823325
POLYGON_POINT -46.756824295 -15.259684219 -46.756876270 -15.259668790
POLYGON_POINT -46.756824295 -15.259684219 -46.756824295 -15.259684219
POLYGON_POINT -46.756824295 -15.259684219 -46.757180457 -15.259633841
POLYGON_POINT -46.757886009 -15.259661710 -46.758481296 -15.259610719
POLYGON_POINT -46.757886009 -15.259661710 -46.757886009 -15.259661710
POLYGON_POINT -46.757886009 -15.259661710 -46.758499799 -15.259652882
POLYGON_POINT -46.759801106 -15.259694127 -46.760413089 -15.259689966
POLYGON_POINT -46.759801106 -15.259694127 -46.759801106 -15.259694127
POLYGON_POINT -46.759801106 -15.259694127 -46.760368324 -15.259690271
POLYGON_POINT -46.760928268 -15.259643332 -46.760976163 -15.259650441
POLYGON_POINT -46.760928268 -15.259643332 -46.760928268 -15.259643332
POLYGON_POINT -46.760928268 -15.259643332 -46.761077957 -15.259665549
POLYGON_POINT -46.761296733 -15.259704430 -46.761296733 -15.259704430
POLYGON_POINT -46.761555809 -15.259682213 -46.761555809 -15.259682213
POLYGON_POINT -46.762069307 -15.259778910 -46.762069307 -15.259778910
POLYGON_POINT -46.762037823 -15.259866487 -46.762001301 -15.259910254
POLYGON_POINT -46.761973017 -15.259921853 -46.761973017 -15.259921853
POLYGON_POINT -46.757051378 -15.259919339 -46.757051378 -15.259919339
POLYGON_POINT -46.757051821 -15.260076100 -46.757051821 -15.260076100
POLYGON_POINT -46.767854937 -15.260062885 -46.767854937 -15.260062885
POLYGON_POINT -46.767855310 -15.259906673 -46.767855310 -15.259906673
POLYGON_POINT -46.762318475 -15.259921373 -46.762318475 -15.259921373
POLYGON_POINT -46.762250232 -15.259854846 -46.762220153 -15.259796809
POLYGON_POINT -46.762224508 -15.259780135 -46.762224508 -15.259780135
POLYGON_POINT -46.762223397 -15.259513804 -46.762223397 -15.259513804
POLYGON_POINT -46.762495078 -15.259513386 -46.762495078 -15.259513386
POLYGON_POINT -46.762495034 -15.259355319 -46.762495034 -15.259355319
POLYGON_POINT -46.761925856 -15.259355757 -46.761925856 -15.259355757
POLYGON_POINT -46.761926310 -15.259515619 -46.761926310 -15.259515619
POLYGON_POINT -46.762066993 -15.259515598 -46.762066993 -15.259515598
POLYGON_POINT -46.762069307 -15.259778910 -46.762069307 -15.259778910
POLYGON_POINT -46.761555809 -15.259682213 -46.761555809 -15.259682213
POLYGON_POINT -46.761815588 -15.259597764 -46.761823622 -15.259541960
POLYGON_POINT -46.761814923 -15.259380857 -46.761818137 -15.259340554
POLYGON_POINT -46.761908430 -15.259287407 -46.761959846 -15.259250204
POLYGON_POINT -46.762217057 -15.259259401 -46.762217057 -15.259259401
POLYGON_POINT -46.762542178 -15.259324360 -46.762579134 -15.259356913
POLYGON_POINT -46.762542098 -15.259504480 -46.762542098 -15.259504480
POLYGON_POINT -46.762503810 -15.259547010 -46.762503810 -15.259547010
POLYGON_POINT -46.762441147 -15.259574913 -46.762441147 -15.259598165
POLYGON_POINT -46.762452394 -15.259646218 -46.762473282 -15.259653969
POLYGON_POINT -46.762542373 -15.259646218 -46.762574508 -15.259652418
POLYGON_POINT -46.762603430 -15.259661719 -46.762629138 -15.259680320
POLYGON_POINT -46.762693409 -15.259688071 -46.762693409 -15.259688071
POLYGON_POINT -46.762849265 -15.259686521 -46.762963345 -15.259674120
POLYGON_POINT -46.763178651 -15.259629167 -46.763267023 -15.259630717
POLYGON_POINT -46.763371463 -15.259678771 -46.763445374 -15.259681871
POLYGON_POINT -46.763753873 -15.259650869 -46.763851886 -15.259653969
POLYGON_POINT -46.764073619 -15.259674120 -46.764137890 -15.259688071
POLYGON_POINT -46.764396578 -15.259664820 -46.764496197 -15.259664820
POLYGON_POINT -46.764619918 -15.259686521 -46.764619918 -15.259686521
POLYGON_POINT -46.764910743 -15.259684971 -46.764910743 -15.259684971
POLYGON_POINT -46.765097127 -15.259640018 -46.765196746 -15.259638468
POLYGON_POINT -46.765252983 -15.259683421 -46.765286725 -15.259683421
POLYGON_POINT -46.765505245 -15.259680321 -46.765505245 -15.259680321
POLYGON_POINT -46.765710911 -15.259677221 -46.765773575 -15.259661720
POLYGON_POINT -46.765878014 -15.259636917 -46.765955139 -15.259636917
POLYGON_POINT -46.766014589 -15.259672570 -46.766054758 -15.259675670
POLYGON_POINT -46.766355223 -15.259672570 -46.766355223 -15.259672570
POLYGON_POINT -46.766393785 -15.259661719 -46.766413066 -15.259644668
POLYGON_POINT -46.766491798 -15.259640018 -46.766533574 -15.259640018
POLYGON_POINT -46.766610698 -15.259677221 -46.766647654 -15.259681871
POLYGON_POINT -46.766811544 -15.259680321 -46.766811544 -15.259680321
POLYGON_POINT -46.767038097 -15.259661719 -46.767097547 -15.259641567
POLYGON_POINT -46.767137717 -15.259622966 -46.767181100 -15.259624516
POLYGON_POINT -46.767283932 -15.259677221 -46.767346596 -15.259680321
POLYGON_POINT -46.767584397 -15.259681871 -46.767584397 -15.259681871
POLYGON_POINT -46.767888075 -15.259674120 -46.767984481 -15.259652418
POLYGON_POINT -46.768043931 -15.259596614 -46.768133910 -15.259591964
POLYGON_POINT -46.768207821 -15.259609015 -46.768235136 -15.259624516
POLYGON_POINT -46.768270484 -15.259767128 -46.768257630 -15.259798130
POLYGON_POINT -46.768225495 -15.259877186 -46.768193360 -15.259892687
POLYGON_POINT -46.768114628 -15.259934541 -46.768114628 -15.259934541
POLYGON_POINT -46.768119449 -15.260021347 -46.768119449 -15.260021347
POLYGON_POINT -46.768296728 -15.260035299 -46.768296728 -15.260035299
POLYGON_POINT -46.768269414 -15.260110996 -46.768240492 -15.260129597
POLYGON_POINT -46.768011796 -15.260221313 -46.767960380 -15.260222863
POLYGON_POINT -46.767799703 -15.260297269 -46.767714544 -15.260278668
POLYGON_POINT -46.767622959 -15.260235264 -46.767516913 -15.260238364
POLYGON_POINT -46.767245369 -15.260243015 -46.767245369 -15.260243015
POLYGON_POINT -46.767126468 -15.260253866 -46.767078265 -15.260275568
POLYGON_POINT -46.766991500 -15.260339122 -46.766941690 -15.260328271
POLYGON_POINT -46.766842071 -15.260249215 -46.766764946 -15.260250765
POLYGON_POINT -46.765921393 -15.260247665 -46.765855516 -15.260270917
POLYGON_POINT -46.765776784 -15.260334472 -46.765678771 -15.260328272
POLYGON_POINT -46.765624141 -15.260275567 -46.765553443 -15.260270917
POLYGON_POINT -46.764719532 -15.260278668 -46.764635980 -15.260298820
POLYGON_POINT -46.764582956 -15.260328272 -46.764501011 -15.260317421
POLYGON_POINT -46.764444774 -15.260294169 -46.764356402 -15.260291069
END_WINDING
END_POLYGON
FILTER -1
FILTER 0
FILTER -1
FILTER 0
FILTER -1
FILTER 0
FILTER -1
FILTER 0
FILTER -1
FILTER 0
OBJECT 0 -46.762398398 -15.259516435 0.000000
OBJECT 0 -46.762401611 -15.259418777 45.000000
OBJECT 0 -46.762380781 -15.259428538 0.000000
OBJECT 0 -46.762418986 -15.259452418 0.000000
OBJECT 0 -46.762439972 -15.259464877 0.000000
OBJECT 0 -46.762430286 -15.259410887 0.000000
OBJECT 0 -46.762405534 -15.259397390 0.000000
OBJECT 0 -46.762447506 -15.259360531 0.000000
OBJECT 0 -46.762472797 -15.259387526 0.000000
OBJECT 0 -46.762498087 -15.259398428 0.000000
OBJECT 0 -46.762387776 -15.259352744 0.000000
OBJECT 0 -46.762348495 -15.259364165 0.000000
OBJECT 0 -46.762353876 -15.259398947 0.000000
OBJECT 0 -46.762380243 -15.259448265 0.000000
OBJECT 0 -46.762375400 -15.259491353 0.000000
OBJECT 0 -46.762420601 -15.259502255 0.000000
OBJECT 0 -46.762485711 -15.259486681 0.000000
OBJECT 0 -46.762497549 -15.259449303 0.000000
OBJECT 0 -46.762493245 -15.259431133 0.000000
OBJECT 0 -46.762449658 -15.259433729 0.000000
OBJECT 0 -46.762428926 -15.259438929 59.040001
OBJECT 0 -46.762451421 -15.259496283 248.199997
OBJECT 0 -46.762351802 -15.259431178 61.700001
OBJECT 0 -46.762396791 -15.259459081 45.000000
OBJECT 0 -46.762464275 -15.259445129 0.000000
OBJECT 0 -46.762380967 -15.259419435 0.000000
OBJECT 0 -46.762473521 -15.259471867 0.000000
OBJECT 0 -46.762422939 -15.259371155 0.000000
OBJECT 0 -46.762480516 -15.259363368 0.000000
OBJECT 0 -46.762366438 -15.259473944 0.000000
OBJECT 0 -46.762414330 -15.259482769 0.000000
OBJECT 0 -46.762463835 -15.259409052 0.000000
OBJECT 0 -46.762443387 -15.259389325 0.000000
OBJECT 0 -46.762385544 -15.259381574 0.000000
OBJECT 1 -46.762086148 -15.259632985 178.289993
OBJECT 2 -46.758686402 -15.259748552 181.589996
OBJECT 1 -46.758618230 -15.259743192 91.360001
OBJECT 1 -46.758643789 -15.259741029 90.620003
OBJECT 1 -46.758626750 -15.259727618 87.320000
OBJECT 1 -46.758652758 -15.259727186 91.080002
OBJECT 1 -46.762099468 -15.259632635 180.000000
OBJECT 1 -46.762090492 -15.259610782 178.649994
OBJECT 1 -46.762102824 -15.259606816 179.179993
OBJECT 1 -46.762088624 -15.259588791 179.490005
FILTER -1
OBJECT_DEF lib/g10/US/industrial/light/MineralsPile.obj
OBJECT_DEF lib/industrial_area/goods/barrels_8x_01.obj
OBJECT_DEF lib/g10/US/industrial/light/GateHut3x3.obj
POLYGON_DEF lib/g10/terrain10/any_hot_dry_fl_md.pol
PROPERTY sim/filter/aptid SNPS
PROPERTY sim/require_agpoint 1/0
PROPERTY sim/require_object 1/0
PROPERTY sim/require_facade 6/0
