PROPERTY sim/west -180
PROPERTY sim/east 180
PROPERTY sim/north 90
PROPERTY sim/south -90
PROPERTY sim/planet earth
PROPERTY sim/creation_agent WorldEditor2.2.0r2
PROPERTY laminar/internal_revision 0
PROPERTY sim/overlay 1
FILTER 0
BEGIN_POLYGON 0 255 2
BEGIN_WINDING
POLYGON_POINT -71.563722446 -4.523050994
POLYGON_POINT -71.563505578 -4.522942898
POLYGON_POINT -71.563053017 -4.523284342
POLYGON_POINT -71.561457813 -4.522426116
POLYGON_POINT -71.560814668 -4.522739116
POLYGON_POINT -71.559558764 -4.521744584
POLYGON_POINT -71.559558764 -4.521285181
POLYGON_POINT -71.559295429 -4.520951988
POLYGON_POINT -71.558859914 -4.521204407
POLYGON_POINT -71.558156000 -4.520563262
POLYGON_POINT -71.559249852 -4.520194730
POLYGON_POINT -71.559021966 -4.519977650
POLYGON_POINT -71.557988884 -4.520361327
POLYGON_POINT -71.556636765 -4.519306215
POLYGON_POINT -71.556707662 -4.518755941
POLYGON_POINT -71.558292731 -4.518760989
POLYGON_POINT -71.560363956 -4.519447569
POLYGON_POINT -71.562430119 -4.519750472
POLYGON_POINT -71.563832883 -4.519674747
POLYGON_POINT -71.563970460 -4.522725373
END_WINDING
END_POLYGON
BEGIN_POLYGON 1 51 4
BEGIN_WINDING
POLYGON_POINT -71.565020234 -4.526483390 -71.565020234 -4.526483390
POLYGON_POINT -71.565413701 -4.526581450 -71.565413701 -4.526581450
POLYGON_POINT -71.565568036 -4.526638934 -71.565568036 -4.526638934
POLYGON_POINT -71.565676579 -4.526738685 -71.565676579 -4.526738685
POLYGON_POINT -71.565752898 -4.526747138 -71.565752898 -4.526747138
POLYGON_POINT -71.565864833 -4.526686273 -71.565864833 -4.526686273
POLYGON_POINT -71.565978464 -4.526775880 -71.565978464 -4.526775880
POLYGON_POINT -71.566103966 -4.526802931 -71.566103966 -4.526802931
POLYGON_POINT -71.566156542 -4.526889157 -71.566156542 -4.526889157
POLYGON_POINT -71.566068445 -4.527148443 -71.566068445 -4.527148443
POLYGON_POINT -71.566280443 -4.527175447 -71.566280443 -4.527175447
POLYGON_POINT -71.566507752 -4.527329254 -71.566507752 -4.527329254
POLYGON_POINT -71.566930571 -4.527674437 -71.566930571 -4.527674437
POLYGON_POINT -71.566992992 -4.527825895 -71.566992992 -4.527825895
POLYGON_POINT -71.567148458 -4.527953871 -71.567148458 -4.527953871
POLYGON_POINT -71.567232079 -4.528005531 -71.567232079 -4.528005531
POLYGON_POINT -71.567279190 -4.528112374 -71.567279190 -4.528112374
POLYGON_POINT -71.567367523 -4.528048973 -71.567367523 -4.528048973
POLYGON_POINT -71.567435833 -4.528083021 -71.567435833 -4.528083021
POLYGON_POINT -71.567392256 -4.528161686 -71.567392256 -4.528161686
POLYGON_POINT -71.567462922 -4.528309621 -71.567462922 -4.528309621
POLYGON_POINT -71.567421700 -4.528411767 -71.567421700 -4.528411767
POLYGON_POINT -71.567387545 -4.528430553 -71.567387545 -4.528430553
POLYGON_POINT -71.567363989 -4.528503347 -71.567363989 -4.528503347
POLYGON_POINT -71.567420522 -4.528552658 -71.567420522 -4.528552658
POLYGON_POINT -71.567475877 -4.528585533 -71.567475877 -4.528585533
POLYGON_POINT -71.567577166 -4.528580837 -71.567577166 -4.528580837
POLYGON_POINT -71.567567743 -4.528694724 -71.567567743 -4.528694724
POLYGON_POINT -71.567639587 -4.528732295 -71.567639587 -4.528732295
POLYGON_POINT -71.567739698 -4.528620756 -71.567739698 -4.528620756
POLYGON_POINT -71.567864541 -4.528620756 -71.567864541 -4.528620756
POLYGON_POINT -71.568005874 -4.528866141 -71.568005874 -4.528866141
POLYGON_POINT -71.568051806 -4.529062215 -71.568051806 -4.529062215
POLYGON_POINT -71.568100095 -4.529099786 -71.568101273 -4.529099786
POLYGON_POINT -71.568176650 -4.529041081 -71.568176650 -4.529041081
POLYGON_POINT -71.568274405 -4.528957721 -71.568283827 -4.528957721
POLYGON_POINT -71.568370982 -4.528985899 -71.568373338 -4.528987073
POLYGON_POINT -71.568597114 -4.529160839 -71.568597114 -4.529160839
POLYGON_POINT -71.568866823 -4.529341649 -71.568866823 -4.529341649
POLYGON_POINT -71.568933956 -4.529466103 -71.568937489 -4.529468451
POLYGON_POINT -71.569138888 -4.529594079 -71.569138888 -4.529594079
POLYGON_POINT -71.569221332 -4.529527156 -71.569221332 -4.529527156
POLYGON_POINT -71.569357954 -4.529609342 -71.569357954 -4.529609342
POLYGON_POINT -71.569539331 -4.529922825 -71.569540509 -4.529922825
POLYGON_POINT -71.569512242 -4.530101287 -71.569508709 -4.530098939
POLYGON_POINT -71.569551108 -4.530189344 -71.569554641 -4.530194040
POLYGON_POINT -71.569521664 -4.530280923 -71.569521664 -4.530280923
POLYGON_POINT -71.569406243 -4.530370154 -71.569406243 -4.530370154
POLYGON_POINT -71.569260199 -4.530361936 -71.569260199 -4.530361936
POLYGON_POINT -71.569124755 -4.530271531 -71.569124755 -4.530271531
POLYGON_POINT -71.569083533 -4.530178777 -71.569083533 -4.530178777
POLYGON_POINT -71.569061155 -4.530066064 -71.569061155 -4.530066064
POLYGON_POINT -71.568837379 -4.530013230 -71.568837379 -4.530013230
POLYGON_POINT -71.568323871 -4.529707966 -71.568323871 -4.529707966
POLYGON_POINT -71.568283827 -4.529742015 -71.568283827 -4.529742015
POLYGON_POINT -71.568127183 -4.529731448 -71.568127183 -4.529731448
POLYGON_POINT -71.567800941 -4.529838290 -71.567800941 -4.529838290
POLYGON_POINT -71.567718497 -4.529826549 -71.567718497 -4.529826549
POLYGON_POINT -71.567558320 -4.529676265 -71.567558320 -4.529676265
POLYGON_POINT -71.567527698 -4.529506022 -71.567527698 -4.529506022
POLYGON_POINT -71.567442899 -4.529300556 -71.567442899 -4.529300556
POLYGON_POINT -71.567505320 -4.529166709 -71.567505320 -4.529166709
POLYGON_POINT -71.567497076 -4.529100960 -71.567497076 -4.529100960
POLYGON_POINT -71.567474698 -4.529042255 -71.567474698 -4.529042255
POLYGON_POINT -71.567440543 -4.528956546 -71.567440543 -4.528956546
POLYGON_POINT -71.567372232 -4.528846182 -71.567372232 -4.528846182
POLYGON_POINT -71.567331010 -4.528808611 -71.567331010 -4.528808611
POLYGON_POINT -71.567242678 -4.528840311 -71.567242678 -4.528840311
POLYGON_POINT -71.567115479 -4.528756951 -71.567115479 -4.528756951
POLYGON_POINT -71.566988280 -4.528766343 -71.566988280 -4.528766343
POLYGON_POINT -71.566402282 -4.528360464 -71.566402282 -4.528359785
POLYGON_POINT -71.566288459 -4.528333286 -71.566288459 -4.528333286
POLYGON_POINT -71.566233251 -4.528281647 -71.566233251 -4.528281647
POLYGON_POINT -71.566233932 -4.528244957 -71.566233932 -4.528244957
POLYGON_POINT -71.566288459 -4.528210984 -71.566288459 -4.528210984
POLYGON_POINT -71.566259832 -4.528166141 -71.566259832 -4.528166141
POLYGON_POINT -71.566259151 -4.528062864 -71.566259151 -4.528062864
POLYGON_POINT -71.566351164 -4.528013943 -71.566351164 -4.528013943
POLYGON_POINT -71.566344348 -4.527988804 -71.566344348 -4.527988804
POLYGON_POINT -71.566299364 -4.527992880 -71.566299364 -4.527992880
POLYGON_POINT -71.566242111 -4.527962305 -71.566242111 -4.527962305
POLYGON_POINT -71.566257788 -4.527935806 -71.566257788 -4.527935806
POLYGON_POINT -71.566214848 -4.527924935 -71.566214848 -4.527924935
POLYGON_POINT -71.566080201 -4.527925982 -71.566080201 -4.527925982
POLYGON_POINT -71.566073330 -4.527963162 -71.566073330 -4.527963162
POLYGON_POINT -71.566030146 -4.527973924 -71.566030146 -4.527973924
POLYGON_POINT -71.565938869 -4.527922068 -71.565938869 -4.527922068
POLYGON_POINT -71.565844647 -4.527901522 -71.565844647 -4.527901522
POLYGON_POINT -71.565800481 -4.527883910 -71.565800481 -4.527883910
POLYGON_POINT -71.565642464 -4.527814443 -71.565642464 -4.527814443
POLYGON_POINT -71.565517817 -4.527807594 -71.565517817 -4.527807594
POLYGON_POINT -71.565498187 -4.527836947 -71.565498187 -4.527836947
POLYGON_POINT -71.565164486 -4.527742041 -71.565164486 -4.527742041
POLYGON_POINT -71.565047691 -4.527655941 -71.565047691 -4.527655941
POLYGON_POINT -71.565052599 -4.527626588 -71.565052599 -4.527626588
POLYGON_POINT -71.565180190 -4.527561035 -71.565180190 -4.527561035
POLYGON_POINT -71.565121302 -4.527492546 -71.565121302 -4.527492546
POLYGON_POINT -71.565103635 -4.527385899 -71.565103635 -4.527385899
POLYGON_POINT -71.565116394 -4.527266533 -71.565116394 -4.527266533
POLYGON_POINT -71.565185097 -4.527269468 -71.565185097 -4.527269468
POLYGON_POINT -71.565184116 -4.527189239 -71.565184116 -4.527189239
POLYGON_POINT -71.565212579 -4.527187282 -71.565212579 -4.527187282
POLYGON_POINT -71.565212579 -4.527161843 -71.565212579 -4.527161843
POLYGON_POINT -71.565157616 -4.527162822 -71.565153690 -4.527161844
POLYGON_POINT -71.565101672 -4.527149124 -71.565101672 -4.527149124
POLYGON_POINT -71.565067321 -4.527169671 -71.565067321 -4.527169671
POLYGON_POINT -71.565033951 -4.527139340 -71.565033951 -4.527139340
POLYGON_POINT -71.565012358 -4.527064981 -71.565012358 -4.527064981
POLYGON_POINT -71.564897526 -4.526946593 -71.564897526 -4.526946593
POLYGON_POINT -71.564851397 -4.526961269 -71.564851397 -4.526961269
POLYGON_POINT -71.564689618 -4.526804071 -71.564689618 -4.526804071
POLYGON_POINT -71.564661809 -4.526742920 -71.564661809 -4.526742920
POLYGON_POINT -71.564781191 -4.526705107 -71.564781191 -4.526705107
POLYGON_POINT -71.564788806 -4.526710131 -71.564788806 -4.526710131
POLYGON_POINT -71.564955124 -4.526498785 -71.564955124 -4.526498785
POLYGON_POINT -71.564830221 -4.526400157 -71.564830221 -4.526400157
END_WINDING
END_POLYGON
BEGIN_POLYGON 1 50 4
BEGIN_WINDING
POLYGON_POINT -71.564512565 -4.524119378 -71.564512565 -4.524119378
POLYGON_POINT -71.564410329 -4.524128211 -71.564410329 -4.524128211
POLYGON_POINT -71.564263108 -4.524105789 -71.564263108 -4.524105789
POLYGON_POINT -71.564083173 -4.524313702 -71.564083173 -4.524313702
POLYGON_POINT -71.564015932 -4.524301404 -71.564015932 -4.524301404
POLYGON_POINT -71.564307136 -4.523930074 -71.564307136 -4.523930074
POLYGON_POINT -71.563974394 -4.523621783 -71.563974394 -4.523621783
POLYGON_POINT -71.563616207 -4.523352517 -71.563616207 -4.523352517
POLYGON_POINT -71.563305892 -4.523752672 -71.563305892 -4.523752672
POLYGON_POINT -71.563449485 -4.523863643 -71.563449485 -4.523863643
POLYGON_POINT -71.563387937 -4.523948714 -71.563387937 -4.523948714
POLYGON_POINT -71.563630562 -4.524134349 -71.563630562 -4.524134349
POLYGON_POINT -71.563630562 -4.524134349 -71.563767166 -4.524336245
POLYGON_POINT -71.563653669 -4.524509009 -71.563653669 -4.524509009
POLYGON_POINT -71.563618687 -4.524529726 -71.563618687 -4.524529726
POLYGON_POINT -71.563557836 -4.524591366 -71.563557836 -4.524591366
POLYGON_POINT -71.563503855 -4.524581582 -71.563503855 -4.524581582
POLYGON_POINT -71.563483244 -4.524537553 -71.563483244 -4.524537553
POLYGON_POINT -71.563590224 -4.524393727 -71.563590224 -4.524393727
POLYGON_POINT -71.563559799 -4.524278274 -71.563559799 -4.524278274
POLYGON_POINT -71.563489133 -4.524165757 -71.563489133 -4.524165757
POLYGON_POINT -71.563378227 -4.524162822 -71.563378227 -4.524162822
POLYGON_POINT -71.563359580 -4.524191196 -71.563359580 -4.524191196
POLYGON_POINT -71.563204508 -4.524026823 -71.563204508 -4.524026823
POLYGON_POINT -71.563194693 -4.523973010 -71.563194693 -4.523973010
POLYGON_POINT -71.562956429 -4.523888234 -71.562956429 -4.523888234
POLYGON_POINT -71.562926439 -4.523870569 -71.562926439 -4.523870569
POLYGON_POINT -71.562923713 -4.523848147 -71.562923713 -4.523848147
POLYGON_POINT -71.562957792 -4.523825045 -71.562957792 -4.523825045
POLYGON_POINT -71.562979602 -4.523802623 -71.562979602 -4.523802623
POLYGON_POINT -71.562963926 -4.523765933 -71.562963926 -4.523765933
POLYGON_POINT -71.562987781 -4.523750306 -71.562987781 -4.523750306
POLYGON_POINT -71.562890932 -4.523707277 -71.562890932 -4.523707277
POLYGON_POINT -71.562734170 -4.523668208 -71.562734170 -4.523668208
POLYGON_POINT -71.562646701 -4.523684628 -71.562646701 -4.523684628
POLYGON_POINT -71.562437685 -4.523698217 -71.562437685 -4.523698217
POLYGON_POINT -71.562358736 -4.523680665 -71.562358736 -4.523680665
POLYGON_POINT -71.562258203 -4.523712372 -71.562258203 -4.523712372
POLYGON_POINT -71.561923566 -4.524047725 -71.561923566 -4.524047725
POLYGON_POINT -71.561917649 -4.524096482 -71.561917649 -4.524096482
POLYGON_POINT -71.561813125 -4.524013123 -71.561813125 -4.524013123
POLYGON_POINT -71.561400490 -4.523646308 -71.561400490 -4.523646308
POLYGON_POINT -71.560627408 -4.523030614 -71.560627408 -4.523030614
POLYGON_POINT -71.560218961 -4.522698111 -71.560218961 -4.522698111
POLYGON_POINT -71.559498173 -4.522150044 -71.559498173 -4.522150044
POLYGON_POINT -71.558799998 -4.521596342 -71.558799998 -4.521596342
POLYGON_POINT -71.558498963 -4.521331467 -71.558498963 -4.521331467
POLYGON_POINT -71.558164009 -4.521087725 -71.558164009 -4.521087725
POLYGON_POINT -71.557800789 -4.520817214 -71.557800789 -4.520817214
POLYGON_POINT -71.557645326 -4.520693230 -71.557645326 -4.520693230
POLYGON_POINT -71.557506822 -4.520562201 -71.557506822 -4.520562201
POLYGON_POINT -71.556934433 -4.520109940 -71.556934433 -4.520109940
POLYGON_POINT -71.556877901 -4.520059220 -71.556877901 -4.520059220
POLYGON_POINT -71.556817128 -4.519942280 -71.556817128 -4.519942280
POLYGON_POINT -71.556794516 -4.519836612 -71.556794516 -4.519836612
POLYGON_POINT -71.556733743 -4.519743623 -71.556733743 -4.519743623
POLYGON_POINT -71.556603719 -4.519681631 -71.556603719 -4.519681631
POLYGON_POINT -71.556504788 -4.519649226 -71.556504788 -4.519649226
POLYGON_POINT -71.556446843 -4.519729534 -71.556446843 -4.519729534
POLYGON_POINT -71.556379004 -4.519794344 -71.556379004 -4.519794344
POLYGON_POINT -71.556263113 -4.519860563 -71.556263113 -4.519860563
POLYGON_POINT -71.556212234 -4.519842247 -71.556212234 -4.519842247
POLYGON_POINT -71.556161355 -4.519974685 -71.556161355 -4.519974685
POLYGON_POINT -71.556031331 -4.520057811 -71.556031331 -4.520057811
POLYGON_POINT -71.555970559 -4.519994410 -71.555970559 -4.519994410
POLYGON_POINT -71.555897067 -4.520033859 -71.555897067 -4.520033859
POLYGON_POINT -71.555841948 -4.519938053 -71.555841948 -4.519938053
POLYGON_POINT -71.555935226 -4.519871834 -71.555936639 -4.519871834
POLYGON_POINT -71.555820748 -4.519756304 -71.555820748 -4.519756304
POLYGON_POINT -71.555713337 -4.519771802 -71.555713337 -4.519771802
POLYGON_POINT -71.555593206 -4.519608368 -71.555593206 -4.519608368
POLYGON_POINT -71.555605926 -4.519464659 -71.555605926 -4.519464659
POLYGON_POINT -71.555670938 -4.519446343 -71.555670938 -4.519446343
POLYGON_POINT -71.555702031 -4.519408302 -71.555702031 -4.519408302
POLYGON_POINT -71.555728884 -4.519415347 -71.555733124 -4.519415347
POLYGON_POINT -71.555771283 -4.519385760 -71.555771283 -4.519385760
POLYGON_POINT -71.555803789 -4.519394213 -71.555803789 -4.519394213
POLYGON_POINT -71.555860321 -4.519363217 -71.555860321 -4.519363217
POLYGON_POINT -71.555898480 -4.519373080 -71.555898480 -4.519373080
POLYGON_POINT -71.555936639 -4.519350537 -71.555936639 -4.519350537
POLYGON_POINT -71.555969145 -4.519360400 -71.555969145 -4.519360400
POLYGON_POINT -71.556012958 -4.519360400 -71.556012958 -4.519360400
POLYGON_POINT -71.556082210 -4.519370262 -71.556082210 -4.519370262
POLYGON_POINT -71.556174075 -4.519305452 -71.556174075 -4.519305452
POLYGON_POINT -71.556239087 -4.519340675 -71.556239087 -4.519340675
POLYGON_POINT -71.556306925 -4.519357582 -71.556306925 -4.519357582
POLYGON_POINT -71.556294206 -4.519292772 -71.556294206 -4.519292772
POLYGON_POINT -71.556335191 -4.519273047 -71.556335191 -4.519273047
POLYGON_POINT -71.556352151 -4.519295590 -71.556352151 -4.519295590
POLYGON_POINT -71.556377591 -4.519312497 -71.556377591 -4.519312497
POLYGON_POINT -71.556435536 -4.519502700 -71.556435536 -4.519502700
POLYGON_POINT -71.556489242 -4.519561874 -71.556489242 -4.519561874
POLYGON_POINT -71.556624919 -4.519591461 -71.556624919 -4.519591461
POLYGON_POINT -71.556777556 -4.519670360 -71.556777556 -4.519670360
POLYGON_POINT -71.556879314 -4.519801389 -71.556879314 -4.519801389
POLYGON_POINT -71.556910407 -4.519919737 -71.556910407 -4.519919737
POLYGON_POINT -71.557044671 -4.520070491 -71.557044671 -4.520070491
POLYGON_POINT -71.557467249 -4.520388905 -71.557467249 -4.520388905
POLYGON_POINT -71.557810683 -4.520701683 -71.557810683 -4.520701683
POLYGON_POINT -71.558525817 -4.521268066 -71.558525817 -4.521268066
POLYGON_POINT -71.558727920 -4.521310333 -71.558727920 -4.521310333
POLYGON_POINT -71.558869251 -4.521344147 -71.558869251 -4.521344147
POLYGON_POINT -71.558982315 -4.521455451 -71.558982315 -4.521455451
POLYGON_POINT -71.559057221 -4.521427273 -71.559057221 -4.521427273
POLYGON_POINT -71.559144846 -4.521493492 -71.559144846 -4.521493492
POLYGON_POINT -71.559048741 -4.521662561 -71.559048741 -4.521662561
POLYGON_POINT -71.559893900 -4.522324749 -71.559893900 -4.522324749
POLYGON_POINT -71.561622643 -4.523694652 -71.561622643 -4.523694652
POLYGON_POINT -71.561928947 -4.523996973 -71.561928947 -4.523996973
POLYGON_POINT -71.562277678 -4.523659611 -71.562277678 -4.523659611
POLYGON_POINT -71.562276997 -4.523635830 -71.562276997 -4.523635830
POLYGON_POINT -71.562191800 -4.523604575 -71.562191800 -4.523604575
POLYGON_POINT -71.562208839 -4.523533233 -71.562208839 -4.523533233
POLYGON_POINT -71.562202705 -4.523508093 -71.562202705 -4.523508093
POLYGON_POINT -71.562177487 -4.523485671 -71.562177487 -4.523485671
POLYGON_POINT -71.562242236 -4.523414329 -71.562242236 -4.523414329
POLYGON_POINT -71.562304941 -4.523423162 -71.562304941 -4.523423162
POLYGON_POINT -71.562309712 -4.523413649 -71.562309712 -4.523413649
POLYGON_POINT -71.561974896 -4.523188859 -71.561974896 -4.523188859
POLYGON_POINT -71.561903249 -4.523169291 -71.561903249 -4.523169291
POLYGON_POINT -71.561894415 -4.523215276 -71.561894415 -4.523215276
POLYGON_POINT -71.561833564 -4.523243650 -71.561833564 -4.523243650
POLYGON_POINT -71.561762899 -4.523241694 -71.561762899 -4.523241694
POLYGON_POINT -71.561726585 -4.523218212 -71.561726585 -4.523218212
POLYGON_POINT -71.561704011 -4.523166356 -71.561704011 -4.523166356
POLYGON_POINT -71.561624512 -4.523182989 -71.561624512 -4.523182989
POLYGON_POINT -71.561565624 -4.523156572 -71.561565624 -4.523156572
POLYGON_POINT -71.561552865 -4.523122327 -71.561552865 -4.523122327
POLYGON_POINT -71.561555809 -4.523025465 -71.561555809 -4.523025465
POLYGON_POINT -71.561615679 -4.522917840 -71.561615679 -4.522917840
POLYGON_POINT -71.561617642 -4.522861092 -71.561617642 -4.522861092
POLYGON_POINT -71.561654938 -4.522811193 -71.561654938 -4.522811193
POLYGON_POINT -71.561688307 -4.522830761 -71.561688307 -4.522830761
POLYGON_POINT -71.561709900 -4.522790646 -71.561709900 -4.522790646
POLYGON_POINT -71.561925822 -4.522955998 -71.561925822 -4.522955998
POLYGON_POINT -71.562029858 -4.523173205 -71.562029858 -4.523173205
POLYGON_POINT -71.562338039 -4.523388455 -71.562338039 -4.523388455
POLYGON_POINT -71.562403797 -4.523303333 -71.562403797 -4.523303333
POLYGON_POINT -71.562459741 -4.523306269 -71.562459741 -4.523306269
POLYGON_POINT -71.562534332 -4.523329750 -71.562534332 -4.523329750
POLYGON_POINT -71.562613831 -4.523431505 -71.562613831 -4.523431505
POLYGON_POINT -71.562486295 -4.523587979 -71.562486295 -4.523587979
POLYGON_POINT -71.562499382 -4.523662175 -71.562499382 -4.523662175
POLYGON_POINT -71.562578717 -4.523658914 -71.562578717 -4.523658914
POLYGON_POINT -71.562577899 -4.523603471 -71.562577899 -4.523603471
POLYGON_POINT -71.562595893 -4.523589610 -71.562595893 -4.523589610
POLYGON_POINT -71.562701400 -4.523645053 -71.562701400 -4.523645053
POLYGON_POINT -71.562844531 -4.523651576 -71.562844531 -4.523651576
POLYGON_POINT -71.563032678 -4.523728675 -71.563032678 -4.523728675
POLYGON_POINT -71.563078480 -4.523670785 -71.563078480 -4.523670785
POLYGON_POINT -71.563174991 -4.523739274 -71.563174991 -4.523739274
POLYGON_POINT -71.563329572 -4.523530547 -71.563329572 -4.523530547
POLYGON_POINT -71.563256780 -4.523461242 -71.563256780 -4.523461242
POLYGON_POINT -71.563474339 -4.523180765 -71.563474339 -4.523180765
POLYGON_POINT -71.563576575 -4.523245992 -71.563576575 -4.523245992
POLYGON_POINT -71.563615016 -4.523237023 -71.563615016 -4.523237023
POLYGON_POINT -71.563954439 -4.523507156 -71.563954439 -4.523507156
POLYGON_POINT -71.564145478 -4.523258971 -71.564145478 -4.523258971
POLYGON_POINT -71.564523143 -4.523552367 -71.564523143 -4.523552367
POLYGON_POINT -71.564472312 -4.523611800 -71.564472312 -4.523611800
POLYGON_POINT -71.564543911 -4.523674445 -71.564543911 -4.523674445
POLYGON_POINT -71.564405915 -4.523866468 -71.564405915 -4.523866468
POLYGON_POINT -71.564459896 -4.524027905 -71.564459896 -4.524027905
POLYGON_POINT -71.564510605 -4.524071119 -71.564510605 -4.524071119
POLYGON_POINT -71.564542503 -4.524108624 -71.564542503 -4.524108624
END_WINDING
END_POLYGON
BEGIN_POLYGON 0 255 2
BEGIN_WINDING
POLYGON_POINT -71.563981424 -4.520845275
POLYGON_POINT -71.567234454 -4.520814823
POLYGON_POINT -71.567242265 -4.524971349
POLYGON_POINT -71.566246894 -4.524991384
POLYGON_POINT -71.564775739 -4.523825839
POLYGON_POINT -71.564979531 -4.523462122
POLYGON_POINT -71.563975143 -4.522696451
END_WINDING
END_POLYGON
BEGIN_POLYGON 0 255 2
BEGIN_WINDING
POLYGON_POINT -71.568913870 -4.530719857
POLYGON_POINT -71.566635144 -4.530615174
POLYGON_POINT -71.564324917 -4.528971646
POLYGON_POINT -71.560901584 -4.525558970
POLYGON_POINT -71.555367563 -4.525360072
POLYGON_POINT -71.555297063 -4.519602244
POLYGON_POINT -71.555540141 -4.519541663
POLYGON_POINT -71.555862218 -4.520214108
POLYGON_POINT -71.561781181 -4.524715248
POLYGON_POINT -71.564187274 -4.526829612
POLYGON_POINT -71.564976442 -4.527309209
POLYGON_POINT -71.564837177 -4.528041225
POLYGON_POINT -71.565246531 -4.528255781
POLYGON_POINT -71.565571482 -4.527898187
POLYGON_POINT -71.567179359 -4.528920485
POLYGON_POINT -71.567516971 -4.529665122
POLYGON_POINT -71.567740640 -4.529837608
POLYGON_POINT -71.568314581 -4.529736641
POLYGON_POINT -71.569302097 -4.530439207
END_WINDING
END_POLYGON
BEGIN_POLYGON 0 255 2
BEGIN_WINDING
POLYGON_POINT -71.568755372 -4.529000855
POLYGON_POINT -71.567544190 -4.528008006
POLYGON_POINT -71.567552630 -4.527667240
POLYGON_POINT -71.567012450 -4.527183437
POLYGON_POINT -71.566375209 -4.526733289
POLYGON_POINT -71.565906774 -4.526611286
POLYGON_POINT -71.565737968 -4.526194795
POLYGON_POINT -71.565484760 -4.526262107
POLYGON_POINT -71.564644952 -4.525618437
POLYGON_POINT -71.564827808 -4.524729541
POLYGON_POINT -71.565366348 -4.525129287
POLYGON_POINT -71.568413291 -4.527523063
POLYGON_POINT -71.568713169 -4.527768208
POLYGON_POINT -71.568358677 -4.528108974
POLYGON_POINT -71.568523263 -4.528374014
POLYGON_POINT -71.569291330 -4.528016420
POLYGON_POINT -71.569645825 -4.528310909
POLYGON_POINT -71.569586742 -4.529682387
END_WINDING
END_POLYGON
FILTER -1
FILTER 0
FILTER -1
FILTER 0
FILTER -1
FILTER 0
FILTER -1
FILTER 0
FILTER -1
FILTER 0
OBJECT 0 -71.563440648 -4.523181367 139.899994
OBJECT 0 -71.563537283 -4.523165639 230.860001
OBJECT 1 -71.564010788 -4.523251239 231.360001
OBJECT 2 -71.563508390 -4.523267024 139.020004
OBJECT 2 -71.563419602 -4.523437542 50.619995
OBJECT 2 -71.562519941 -4.523611728 311.579987
OBJECT 2 -71.563438176 -4.523414750 50.619995
OBJECT 2 -71.562539602 -4.523633595 311.579987
OBJECT 3 -71.563655199 -4.523187745 231.639999
OBJECT 2 -71.564483776 -4.523756506 236.139999
OBJECT 2 -71.564500895 -4.523731021 236.139999
OBJECT 4 -71.564511768 -4.523590723 140.089996
OBJECT 5 -71.564177828 -4.523643098 51.529999
OBJECT 6 -71.563929688 -4.523432276 322.350006
OBJECT 7 -71.564318823 -4.523437133 51.209999
OBJECT 8 -71.564379127 -4.523794955 233.320007
OBJECT 8 -71.563354758 -4.523373972 320.049988
OBJECT 9 -71.563128986 -4.523701186 321.940002
OBJECT 10 -71.564360952 -4.523658976 323.049988
OBJECT 10 -71.564061741 -4.523421848 323.049988
OBJECT 11 -71.564103531 -4.523627077 138.029999
OBJECT 11 -71.564236840 -4.523734654 117.169998
OBJECT 11 -71.564394454 -4.523859220 143.610001
OBJECT 11 -71.563180119 -4.523740789 232.899994
OBJECT 11 -71.563315803 -4.523563455 264.970001
OBJECT 11 -71.563619353 -4.523249476 142.130005
OBJECT 11 -71.563934922 -4.523499514 144.410004
OBJECT 11 -71.564161205 -4.523379931 187.960007
OBJECT 11 -71.564377945 -4.523550473 113.949997
BEGIN_POLYGON 2 15 3
BEGIN_WINDING
POLYGON_POINT -71.562922422 -4.523772009 0.000000000
POLYGON_POINT -71.562814460 -4.523908986 0.000000000
POLYGON_POINT -71.562683925 -4.524005849 0.000000000
POLYGON_POINT -71.562556334 -4.524006827 0.000000000
POLYGON_POINT -71.562434632 -4.523931490 0.000000000
END_WINDING
END_POLYGON
BEGIN_POLYGON 2 15 3
BEGIN_WINDING
POLYGON_POINT -71.563237473 -4.523339551 0.000000000
POLYGON_POINT -71.562978365 -4.523685908 0.000000000
END_WINDING
END_POLYGON
BEGIN_POLYGON 2 15 3
BEGIN_WINDING
POLYGON_POINT -71.563384693 -4.523148761 0.000000000
POLYGON_POINT -71.563545653 -4.523018632 0.000000000
POLYGON_POINT -71.563704651 -4.523098862 0.000000000
POLYGON_POINT -71.563965721 -4.522759353 0.000000000
POLYGON_POINT -71.564740425 -4.523331283 0.000000000
POLYGON_POINT -71.564553560 -4.523566826 0.000000000
END_WINDING
END_POLYGON
OBJECT 12 -71.563384722 -4.523825949 51.189999
OBJECT 13 -71.563593518 -4.523912876 233.229996
OBJECT 13 -71.563663096 -4.523822754 233.229996
OBJECT 13 -71.563731253 -4.523733576 233.229996
OBJECT 13 -71.563796571 -4.523646285 233.229996
OBJECT 13 -71.563615291 -4.523884565 233.229996
OBJECT 13 -71.563684868 -4.523794443 233.229996
OBJECT 13 -71.563753026 -4.523705265 233.229996
OBJECT 13 -71.563818344 -4.523617974 233.229996
OBJECT 13 -71.563639430 -4.523852952 233.229996
OBJECT 13 -71.563709008 -4.523762830 233.229996
OBJECT 13 -71.563777165 -4.523673652 233.229996
OBJECT 13 -71.563842483 -4.523586361 233.229996
OBJECT 14 -71.563438651 -4.523313643 230.740005
OBJECT 14 -71.563420846 -4.523299444 230.740005
OBJECT 14 -71.563404686 -4.523286064 230.740005
OBJECT 15 -71.563314000 -4.523577049 141.949997
OBJECT 15 -71.563323130 -4.523584445 141.949997
OBJECT 15 -71.563308103 -4.523603786 141.949997
OBJECT 15 -71.563298592 -4.523596391 141.949997
OBJECT 16 -71.563443087 -4.523255667 229.660004
OBJECT 16 -71.563475273 -4.523283977 229.660004
OBJECT 16 -71.563288794 -4.523445415 229.660004
OBJECT 16 -71.563303631 -4.523428349 229.660004
OBJECT 17 -71.563286764 -4.523537801 322.070007
OBJECT 17 -71.563301823 -4.523549337 322.070007
OBJECT 18 -71.563379477 -4.523315575 326.309998
OBJECT 18 -71.563399563 -4.523331276 326.309998
OBJECT 18 -71.564533531 -4.523674824 326.309998
OBJECT 18 -71.564519456 -4.523694924 326.309998
OBJECT 19 -71.563360561 -4.523706877 230.850006
OBJECT 19 -71.564309303 -4.524028214 230.509995
OBJECT 20 -71.563525931 -4.523575400 322.380005
OBJECT 20 -71.563651886 -4.523447391 233.100006
FILTER -1
OBJECT_DEF lib/g10/EU/suburban/gar1_6x4.obj
OBJECT_DEF lib/g10/EU/suburban/gar1_6x6.obj
OBJECT_DEF lib/g10/US/industrial/light/StorHut3x3.obj
OBJECT_DEF lib/g10/US/industrial/light/Warehse15x30Dk.obj
OBJECT_DEF lib/g10/US/industrial/light/SiteOffice3x10.obj
OBJECT_DEF lib/g10/US/industrial/light/SiteOffice8x14.obj
OBJECT_DEF lib/g10/US/industrial/light/WoodShed8x20.obj
OBJECT_DEF lib/g10/US/industrial/light/TinShed10x50.obj
OBJECT_DEF lib/g10/US/industrial/light/WoodShed8x10.obj
OBJECT_DEF lib/g10/US/industrial/light/Shed13x24.obj
OBJECT_DEF lib/g10/US/industrial/light/TinShed10x30Lt.obj
OBJECT_DEF lib/street/streetlights/ParkingLot_01.obj
OBJECT_DEF lib/street/waste_management/Dumpster_30Y_empty.obj
OBJECT_DEF lib/airport/Common_Elements/Barriers/movable_plastic/no_light_3m.obj
OBJECT_DEF lib/industrial_area/goods/goods_02_stack_4x.obj
OBJECT_DEF lib/industrial_area/goods/barrels_8x.obj
OBJECT_DEF lib/street/waste_management/Dumpster_m8.obj
OBJECT_DEF lib/street/waste_management/Container_6Y.obj
OBJECT_DEF lib/industrial_area/storage_tanks/silo_260.obj
OBJECT_DEF lib/airport/Common_Elements/Parking_Items/Row_of_Cars_4.agp
OBJECT_DEF lib/airport/Common_Elements/Parking_Items/Row_of_Cars_6.agp
POLYGON_DEF lib/g8/broad_sp_vhot_wet.for
POLYGON_DEF lib/g10/terrain10/grass_hot_dry_fl.pol
POLYGON_DEF lib/airport/Common_Elements/Fence_Facades/Fence.fac
PROPERTY sim/filter/aptid SWEE
PROPERTY sim/exclude_obj -71.563860/-4.525463/-71.555459/-4.519161
PROPERTY sim/exclude_for -71.563860/-4.525463/-71.555459/-4.519161
PROPERTY sim/exclude_net -71.563860/-4.525463/-71.555459/-4.519161
PROPERTY sim/exclude_for -71.567168/-4.524971/-71.563398/-4.520857
PROPERTY sim/exclude_obj -71.565109/-4.527075/-71.561791/-4.524982
PROPERTY sim/exclude_for -71.565109/-4.527075/-71.561791/-4.524982
PROPERTY sim/exclude_net -71.565109/-4.527075/-71.561791/-4.524982
PROPERTY sim/exclude_obj -71.567462/-4.528803/-71.564143/-4.526709
PROPERTY sim/exclude_for -71.567462/-4.528803/-71.564143/-4.526709
PROPERTY sim/exclude_net -71.567462/-4.528803/-71.564143/-4.526709
PROPERTY sim/exclude_obj -71.569467/-4.530488/-71.566149/-4.528394
PROPERTY sim/exclude_for -71.569467/-4.530488/-71.566149/-4.528394
PROPERTY sim/exclude_net -71.569467/-4.530488/-71.566149/-4.528394
PROPERTY sim/require_agpoint 1/0
PROPERTY sim/require_object 1/0
PROPERTY sim/require_facade 1/2
PROPERTY sim/require_facade 6/0
