PROPERTY sim/west -180
PROPERTY sim/east 180
PROPERTY sim/north 90
PROPERTY sim/south -90
PROPERTY sim/planet earth
PROPERTY sim/creation_agent WorldEditor1.6.0r1
PROPERTY laminar/internal_revision 0
PROPERTY sim/overlay 1
FILTER 0
FILTER -1
FILTER 0
FILTER -1
FILTER 0
FILTER -1
FILTER 0
FILTER -1
FILTER 0
FILTER -1
FILTER 0
OBJECT 0 -42.640959535 -9.082278138 226.770004
OBJECT 0 -42.640982605 -9.082261184 46.500000
OBJECT 1 -42.641379738 -9.081924636 315.000000
OBJECT 1 -42.641711769 -9.082251716 315.000000
OBJECT 1 -42.641545845 -9.082087135 315.000000
OBJECT 1 -42.641624649 -9.082162662 315.000000
OBJECT 1 -42.641464337 -9.082008174 315.000000
OBJECT 1 -42.641210670 -9.081759595 315.000000
OBJECT 1 -42.641294367 -9.081842243 315.000000
OBJECT 2 -42.642561252 -9.081235323 137.929993
OBJECT 3 -42.642983801 -9.080985302 54.150002
OBJECT 3 -42.642635865 -9.081303490 136.850006
OBJECT 4 -42.643437015 -9.080521618 48.029999
OBJECT 4 -42.642885156 -9.081455878 45.000000
OBJECT 4 -42.643090421 -9.081240538 45.000000
OBJECT 4 -42.643494210 -9.080849830 45.000000
OBJECT 4 -42.643257299 -9.081077582 45.000000
OBJECT 5 -42.643352220 -9.080949065 225.000000
OBJECT 5 -42.642954083 -9.081340630 225.000000
OBJECT 6 -42.642012974 -9.078196896 36.869999
OBJECT 6 -42.641620720 -9.078570068 33.830002
OBJECT 6 -42.639948882 -9.080196344 39.349998
OBJECT 6 -42.640192049 -9.079979841 52.430000
OBJECT 6 -42.640443188 -9.079700356 58.799999
OBJECT 6 -42.640682369 -9.079460235 56.310001
OBJECT 6 -42.640957426 -9.079180750 53.130001
OBJECT 6 -42.641863640 -9.079917920 225.369995
OBJECT 6 -42.642334257 -9.079918336 48.770000
OBJECT 6 -42.641972688 -9.079581072 213.690002
OBJECT 6 -42.641910432 -9.079771214 270.290009
OBJECT 6 -42.642117093 -9.079945229 348.309998
OBJECT 6 -42.642352591 -9.079685788 98.930000
OBJECT 6 -42.642202001 -9.079519683 168.419998
OBJECT 6 -42.641155611 -9.078985504 0.000000
OBJECT 6 -42.641378612 -9.078748211 100.080002
OBJECT 6 -42.641843840 -9.079610060 303.839996
OBJECT 6 -42.641586234 -9.079357580 307.299988
OBJECT 6 -42.641345931 -9.079124083 302.619995
OBJECT 6 -42.641505492 -9.078947537 138.250000
OBJECT 6 -42.641737802 -9.079203461 137.550003
OBJECT 6 -42.641987451 -9.079451300 140.600006
OBJECT 6 -42.642544510 -9.080228439 304.839996
OBJECT 6 -42.642301535 -9.080004328 309.600006
OBJECT 6 -42.642427028 -9.079879090 123.480003
OBJECT 6 -42.642668667 -9.080107155 130.869995
OBJECT 6 -42.642987259 -9.080527252 48.599998
OBJECT 6 -42.643083325 -9.080606299 48.459999
OBJECT 6 -42.643219080 -9.080476030 49.330002
OBJECT 6 -42.642941877 -9.080757500 53.369999
OBJECT 6 -42.642753827 -9.080578124 224.029999
OBJECT 6 -42.642780446 -9.080455325 317.730011
OBJECT 6 -42.642900969 -9.080326242 139.179993
OBJECT 6 -42.643027054 -9.080280468 221.240005
OBJECT 6 -42.643276304 -9.080222939 137.080002
OBJECT 6 -42.643137336 -9.080366972 314.260010
OBJECT 6 -42.643120339 -9.080389859 135.000000
OBJECT 6 -42.642858535 -9.080658228 315.000000
OBJECT 6 -42.642841538 -9.080678063 140.460007
OBJECT 6 -42.642701032 -9.080829748 317.119995
OBJECT 6 -42.642619267 -9.080735020 218.800003
OBJECT 6 -42.642632143 -9.080902223 319.179993
OBJECT 6 -42.642786660 -9.080923203 42.709999
OBJECT 6 -42.643150823 -9.080152715 237.820007
OBJECT 6 -42.643340106 -9.080147629 135.869995
OBJECT 6 -42.643384129 -9.080299194 69.959999
OBJECT 7 -42.643800420 -9.080241094 142.250000
OBJECT 7 -42.641752076 -9.080036816 225.000000
OBJECT 7 -42.643428373 -9.080568613 317.149994
OBJECT 7 -42.643404230 -9.080455767 317.149994
OBJECT 7 -42.643425950 -9.080368475 134.660004
OBJECT 7 -42.640793659 -9.082537117 144.460007
OBJECT 7 -42.640716709 -9.082447400 132.039993
OBJECT 7 -42.640746376 -9.082365006 312.510010
OBJECT 7 -42.640858556 -9.082493174 321.029999
OBJECT 7 -42.640842795 -9.082213036 220.600006
OBJECT 7 -42.641036560 -9.082404372 44.400002
OBJECT 7 -42.641039996 -9.082198722 135.910004
OBJECT 7 -42.640904149 -9.082336680 315.589996
OBJECT 7 -42.641854548 -9.080078971 45.000000
OBJECT 7 -42.641728668 -9.080203040 40.320000
OBJECT 7 -42.641628542 -9.080309822 39.810001
OBJECT 7 -42.641531085 -9.080404739 53.209999
OBJECT 7 -42.641442973 -9.080491746 50.830002
OBJECT 7 -42.641346851 -9.080586664 44.669998
OBJECT 7 -42.641253400 -9.080684218 42.169998
OBJECT 7 -42.641150603 -9.080780453 34.220001
OBJECT 7 -42.641027780 -9.080903055 45.950001
OBJECT 7 -42.640916973 -9.081019065 40.270000
OBJECT 7 -42.640806166 -9.081125847 34.360001
OBJECT 7 -42.640675333 -9.081256358 29.799999
OBJECT 7 -42.640401652 -9.081477832 269.029999
OBJECT 7 -42.640533820 -9.081404007 37.799999
OBJECT 7 -42.640549840 -9.081555611 143.270004
OBJECT 7 -42.640649967 -9.081651847 139.830002
OBJECT 7 -42.640768785 -9.081766538 147.399994
OBJECT 7 -42.640887602 -9.081881230 142.559998
OBJECT 7 -42.641038461 -9.082020969 130.330002
OBJECT 7 -42.641209345 -9.082194984 134.389999
OBJECT 7 -42.641345518 -9.082324177 133.000000
OBJECT 7 -42.641492372 -9.082461280 138.270004
OBJECT 7 -42.642512264 -9.081574162 349.730011
OBJECT 7 -42.642382499 -9.081465008 308.570007
OBJECT 7 -42.642281571 -9.081352689 305.149994
OBJECT 7 -42.642164622 -9.081226132 308.660004
OBJECT 7 -42.642020439 -9.081088502 344.929993
OBJECT 7 -42.641895481 -9.081166018 44.099998
OBJECT 7 -42.641770522 -9.081297320 48.930000
OBJECT 7 -42.641659982 -9.081419131 45.689999
OBJECT 7 -42.641525411 -9.081548851 30.420000
OBJECT 7 -42.641402054 -9.081684899 45.000000
OBJECT 7 -42.641512594 -9.081863660 129.970001
OBJECT 7 -42.641764114 -9.082107281 145.350006
OBJECT 7 -42.640997933 -9.081544763 227.679993
OBJECT 7 -42.641114881 -9.081435609 223.960007
OBJECT 7 -42.641241442 -9.081593804 136.020004
OBJECT 7 -42.641199789 -9.081772565 313.910004
OBJECT 7 -42.641286299 -9.081848499 307.130005
OBJECT 7 -42.641368003 -9.081927597 310.459991
OBJECT 7 -42.641448104 -9.082011440 313.059998
OBJECT 7 -42.641531410 -9.082098448 316.820007
OBJECT 7 -42.641606706 -9.082164890 313.940002
OBJECT 7 -42.641699624 -9.082261389 327.089996
OBJECT 7 -42.641874246 -9.082332577 49.639999
OBJECT 7 -42.643079310 -9.084060383 129.690002
OBJECT 7 -42.642952279 -9.083926930 131.850006
OBJECT 7 -42.642829029 -9.083804624 131.289993
OBJECT 7 -42.642711375 -9.083683889 127.910004
OBJECT 7 -42.642579880 -9.083558598 141.130005
OBJECT 7 -42.642446077 -9.083426473 125.089996
OBJECT 7 -42.642293819 -9.083271568 136.270004
OBJECT 7 -42.642141562 -9.083116663 146.009995
OBJECT 7 -42.641663863 -9.082557989 39.540001
OBJECT 7 -42.641794589 -9.082759214 136.330002
OBJECT 7 -42.641979144 -9.082933862 144.669998
OBJECT 7 -42.642138197 -9.082844442 216.440002
OBJECT 7 -42.642288147 -9.082694093 222.490005
OBJECT 7 -42.642461167 -9.082527798 219.850006
OBJECT 7 -42.642636494 -9.082352391 212.860001
OBJECT 7 -42.642825662 -9.082163315 225.899994
OBJECT 7 -42.643012948 -9.081984457 232.639999
OBJECT 7 -42.643064001 -9.081835641 316.609985
OBJECT 7 -42.643374440 -9.080724074 224.600006
OBJECT 7 -42.642714886 -9.081380429 227.419998
OBJECT 7 -42.643009326 -9.080941711 231.979996
OBJECT 7 -42.642932067 -9.081045339 234.039993
OBJECT 7 -42.642945588 -9.081140702 233.919998
OBJECT 7 -42.643126037 -9.080947255 227.330002
OBJECT 7 -42.642583553 -9.081143612 223.779999
OBJECT 7 -42.642567808 -9.081251040 322.559998
OBJECT 7 -42.642664597 -9.081346617 318.899994
OBJECT 7 -42.642706269 -9.081541450 13.390000
OBJECT 7 -42.642886031 -9.081660837 311.589996
OBJECT 8 -42.642954024 -9.081757237 315.000000
OBJECT 8 -42.642803833 -9.081592450 315.000000
OBJECT 8 -42.644367714 -9.080757636 135.000000
OBJECT 8 -42.644261593 -9.080658310 135.000000
OBJECT 8 -42.644152526 -9.080556226 135.000000
OBJECT 8 -42.644046423 -9.080456916 135.000000
OBJECT 8 -42.643947943 -9.080364741 135.000000
OBJECT 9 -42.643658578 -9.080337999 225.000000
OBJECT 9 -42.643449709 -9.080632010 225.000000
OBJECT 9 -42.643247968 -9.080851023 225.000000
OBJECT 9 -42.643050406 -9.081030080 225.000000
OBJECT 9 -42.642848179 -9.081237797 225.000000
BEGIN_POLYGON 0 10 4
BEGIN_WINDING
POLYGON_POINT -42.643442839 -9.080380302 -42.643442839 -9.080380302
POLYGON_POINT -42.643514690 -9.080282651 -42.643514690 -9.080282651
POLYGON_POINT -42.643565680 -9.080252135 -42.643589630 -9.080266630
POLYGON_POINT -42.643629032 -9.080304012 -42.643629032 -9.080304012
POLYGON_POINT -42.643674614 -9.080295620 -42.643693929 -9.080280362
POLYGON_POINT -42.643748222 -9.080220601 -42.643748222 -9.080220601
POLYGON_POINT -42.643810028 -9.080221872 -42.643842863 -9.080253024
POLYGON_POINT -42.644438597 -9.080805571 -42.644438597 -9.080805571
POLYGON_POINT -42.644434147 -9.080874781 -42.644414122 -9.080901147
POLYGON_POINT -42.644417459 -9.080968161 -42.644445272 -9.081001118
POLYGON_POINT -42.645018030 -9.081623020 -42.645018030 -9.081623020
POLYGON_POINT -42.645210704 -9.081619740 -42.645313685 -9.081527890
POLYGON_POINT -42.646206341 -9.080399051 -42.646344109 -9.080143972
POLYGON_POINT -42.647119054 -9.079310712 -42.647279783 -9.079220017
POLYGON_POINT -42.649331055 -9.077257112 -42.649331055 -9.077257112
POLYGON_POINT -42.650489519 -9.076825890 -42.650952415 -9.076793240
POLYGON_POINT -42.652178905 -9.077179034 -42.652278097 -9.077228009
POLYGON_POINT -42.652605430 -9.077698172 -42.652813733 -9.078089974
POLYGON_POINT -42.652764137 -9.078609111 -42.652684784 -9.078765832
POLYGON_POINT -42.645837829 -9.085616597 -42.645837829 -9.085616597
POLYGON_POINT -42.640061000 -9.091618651 -42.640061000 -9.091618651
POLYGON_POINT -42.639077133 -9.091109290 -42.638839065 -9.091079905
POLYGON_POINT -42.637271947 -9.090768558 -42.637271947 -9.090768558
POLYGON_POINT -42.634639102 -9.090309375 -42.634639102 -9.090309375
POLYGON_POINT -42.634490310 -9.090005728 -42.634500229 -9.089809827
POLYGON_POINT -42.634490310 -9.086283610 -42.634490310 -9.086283610
POLYGON_POINT -42.634877364 -9.085444391 -42.635241076 -9.085068914
POLYGON_POINT -42.641109398 -9.079136599 -42.641109398 -9.079136599
POLYGON_POINT -42.641247812 -9.079111996 -42.641314251 -9.079183070
POLYGON_POINT -42.641798703 -9.079666920 -42.641798703 -9.079666920
POLYGON_POINT -42.641856837 -9.079902012 -42.641776556 -9.079986754
POLYGON_POINT -42.641756361 -9.080016675 -42.641756361 -9.080016675
END_WINDING
END_POLYGON
BEGIN_POLYGON 0 10 4
BEGIN_WINDING
POLYGON_POINT -42.643386976 -9.080447405 -42.643386976 -9.080447405
POLYGON_POINT -42.643333575 -9.080502334 -42.643333575 -9.080502334
POLYGON_POINT -42.642983577 -9.080816117 -42.642949934 -9.080808207
POLYGON_POINT -42.642882649 -9.080847756 -42.642882649 -9.080847756
POLYGON_POINT -42.642800946 -9.080930018 -42.642757691 -9.080969567
POLYGON_POINT -42.642611906 -9.080907870 -42.642546223 -9.080854084
POLYGON_POINT -42.642598644 -9.080727578 -42.642598644 -9.080727578
POLYGON_POINT -42.642744523 -9.080561416 -42.642797924 -9.080499456
POLYGON_POINT -42.642764548 -9.080463862 -42.642764548 -9.080463862
POLYGON_POINT -42.642297859 -9.080022282 -42.642116518 -9.079847608
POLYGON_POINT -42.642297859 -9.080022282 -42.642297859 -9.080022282
POLYGON_POINT -42.642297859 -9.080022282 -42.642076468 -9.079898142
POLYGON_POINT -42.641963768 -9.079990070 -42.641963768 -9.079990070
POLYGON_POINT -42.641845687 -9.080100469 -42.641845687 -9.080100469
END_WINDING
END_POLYGON
OBJECT 10 -42.643442797 -9.080380568 318.440002
OBJECT 10 -42.643386165 -9.080446425 318.440002
OBJECT 11 -42.643432212 -9.080400745 0.000000
OBJECT 11 -42.643407532 -9.080427234 0.000000
OBJECT 11 -42.643465476 -9.080452664 0.000000
OBJECT 11 -42.643440260 -9.080429883 0.000000
OBJECT 11 -42.643412361 -9.080408162 0.000000
OBJECT 11 -42.643385535 -9.080382732 0.000000
OBJECT 11 -42.643359246 -9.080363659 0.000000
OBJECT 10 -42.641846215 -9.080100572 47.139999
OBJECT 10 -42.641758655 -9.080016652 47.139999
OBJECT 11 -42.641784429 -9.080034515 0.000000
OBJECT 11 -42.641819195 -9.080077111 0.000000
OBJECT 11 -42.641752238 -9.080106991 90.000000
OBJECT 11 -42.641776703 -9.080080925 0.000000
OBJECT 11 -42.641805031 -9.080054859 0.000000
OBJECT 11 -42.641830784 -9.080025615 0.000000
OBJECT 11 -42.641855893 -9.080002728 0.000000
OBJECT 12 -42.645385028 -9.078413830 0.000000
OBJECT 13 -42.644906398 -9.079343531 317.290009
OBJECT 13 -42.644128508 -9.079376334 317.290009
OBJECT 13 -42.644535447 -9.078974492 317.290009
OBJECT 13 -42.644513301 -9.079739905 317.290009
OBJECT 14 -42.641180367 -9.081647924 45.000000
OBJECT 15 -42.641103097 -9.081511439 45.000000
OBJECT 16 -42.643002517 -9.080520241 226.529999
OBJECT 16 -42.642976064 -9.080529763 46.380001
OBJECT 17 -42.642775357 -9.080742016 46.380001
OBJECT 17 -42.643207891 -9.080286889 46.380001
OBJECT 17 -42.642772438 -9.080762691 226.529999
OBJECT 17 -42.643204972 -9.080307565 226.529999
OBJECT 18 -42.640822583 -9.082429057 314.239990
BEGIN_POLYGON 1 70 5
BEGIN_WINDING
POLYGON_POINT -42.643567139 -9.080432836 1.000000000 -42.643567139 -9.080432836
POLYGON_POINT -42.643567139 -9.080432836 1.000000000 -42.643565102 -9.080434953
POLYGON_POINT -42.643560560 -9.080438423 1.000000000 -42.643558225 -9.080440031
POLYGON_POINT -42.643553211 -9.080442480 1.000000000 -42.643550660 -9.080443577
POLYGON_POINT -42.643545336 -9.080445001 1.000000000 -42.643542650 -9.080445585
POLYGON_POINT -42.643537176 -9.080445980 1.000000000 -42.643534436 -9.080446049
POLYGON_POINT -42.643528977 -9.080445411 1.000000000 -42.643526264 -9.080444963
POLYGON_POINT -42.643520982 -9.080443287 1.000000000 -42.643518378 -9.080442319
POLYGON_POINT -42.643513434 -9.080439603 1.000000000 -42.643511020 -9.080438114
POLYGON_POINT -42.643506577 -9.080434353 1.000000000 -42.643504433 -9.080432341
POLYGON_POINT -42.643500919 -9.080427857 1.000000000 -42.643499291 -9.080425551
POLYGON_POINT -42.643496811 -9.080420600 1.000000000 -42.643495700 -9.080418081
POLYGON_POINT -42.643494258 -9.080412823 1.000000000 -42.643493667 -9.080410171
POLYGON_POINT -42.643493266 -9.080404766 1.000000000 -42.643493196 -9.080402060
POLYGON_POINT -42.643493842 -9.080396670 1.000000000 -42.643494296 -9.080393991
POLYGON_POINT -42.643495993 -9.080388775 1.000000000 -42.643496973 -9.080386204
POLYGON_POINT -42.643499724 -9.080381321 1.000000000 -42.643501232 -9.080378937
POLYGON_POINT -42.643505041 -9.080374550 1.000000000 -42.643507078 -9.080372433
POLYGON_POINT -42.643511619 -9.080368963 1.000000000 -42.643513954 -9.080367355
POLYGON_POINT -42.643518968 -9.080364906 1.000000000 -42.643521519 -9.080363809
POLYGON_POINT -42.643526844 -9.080362385 1.000000000 -42.643529530 -9.080361801
POLYGON_POINT -42.643535003 -9.080361406 1.000000000 -42.643537743 -9.080361337
POLYGON_POINT -42.643543202 -9.080361975 1.000000000 -42.643545915 -9.080362423
POLYGON_POINT -42.643551197 -9.080364099 1.000000000 -42.643553801 -9.080365067
POLYGON_POINT -42.643558745 -9.080367782 1.000000000 -42.643561159 -9.080369271
POLYGON_POINT -42.643565602 -9.080373033 1.000000000 -42.643567746 -9.080375045
POLYGON_POINT -42.643571260 -9.080379529 1.000000000 -42.643572888 -9.080381835
POLYGON_POINT -42.643575369 -9.080386786 1.000000000 -42.643576480 -9.080389305
POLYGON_POINT -42.643577922 -9.080394563 1.000000000 -42.643578513 -9.080397215
POLYGON_POINT -42.643578913 -9.080402620 1.000000000 -42.643578983 -9.080405326
POLYGON_POINT -42.643578337 -9.080410716 1.000000000 -42.643577883 -9.080413395
POLYGON_POINT -42.643576187 -9.080418611 1.000000000 -42.643575207 -9.080421182
POLYGON_POINT -42.643572456 -9.080426064 1.000000000 -42.643570948 -9.080428448
POLYGON_POINT -42.643567139 -9.080432836 1.000000000 -42.643565102 -9.080434953
END_WINDING
END_POLYGON
BEGIN_POLYGON 2 10 5
BEGIN_WINDING
POLYGON_POINT -42.643254756 -9.080750760 1.000000000 -42.643254756 -9.080750760
POLYGON_POINT -42.643254756 -9.080750760 1.000000000 -42.643248742 -9.080756718
POLYGON_POINT -42.643235076 -9.080767022 1.000000000 -42.643228039 -9.080771904
POLYGON_POINT -42.643212957 -9.080780048 1.000000000 -42.643205317 -9.080783849
POLYGON_POINT -42.643189657 -9.080789825 1.000000000 -42.643181833 -9.080792541
POLYGON_POINT -42.643166434 -9.080796340 1.000000000 -42.643158846 -9.080797967
POLYGON_POINT -42.643144548 -9.080799580 1.000000000 -42.643137615 -9.080800113
POLYGON_POINT -42.643125255 -9.080799532 1.000000000 -42.643119396 -9.080798967
POLYGON_POINT -42.643109816 -9.080796183 1.000000000 -42.643105451 -9.080794515
POLYGON_POINT -42.643099487 -9.080789519 1.000000000 -42.643097036 -9.080786744
POLYGON_POINT -42.643094352 -9.080779198 1.000000000 -42.643093360 -9.080775136
POLYGON_POINT -42.643093414 -9.080765412 1.000000000 -42.643093760 -9.080760327
POLYGON_POINT -42.643096306 -9.080748953 1.000000000 -42.643097868 -9.080743109
POLYGON_POINT -42.643102663 -9.080730613 1.000000000 -42.643105319 -9.080724274
POLYGON_POINT -42.643112121 -9.080711181 1.000000000 -42.643115750 -9.080704610
POLYGON_POINT -42.643124315 -9.080691451 1.000000000 -42.643128795 -9.080684912
POLYGON_POINT -42.643138880 -9.080672213 1.000000000 -42.643144089 -9.080665970
POLYGON_POINT -42.643155450 -9.080654258 1.000000000 -42.643161267 -9.080648575
POLYGON_POINT -42.643174185 -9.080638692 1.000000000 -42.643180799 -9.080633995
POLYGON_POINT -42.643194773 -9.080626064 1.000000000 -42.643201825 -9.080622340
POLYGON_POINT -42.643216142 -9.080616333 1.000000000 -42.643223276 -9.080613568
POLYGON_POINT -42.643237217 -9.080609459 1.000000000 -42.643244074 -9.080607639
POLYGON_POINT -42.643256925 -9.080605401 1.000000000 -42.643263147 -9.080604513
POLYGON_POINT -42.643274194 -9.080604118 1.000000000 -42.643279424 -9.080604148
POLYGON_POINT -42.643287950 -9.080605569 1.000000000 -42.643291830 -9.080606504
POLYGON_POINT -42.643296572 -9.080610205 1.000000000 -42.643298745 -9.080612031
POLYGON_POINT -42.643302346 -9.080618885 1.000000000 -42.643303597 -9.080622530
POLYGON_POINT -42.643304598 -9.080631210 1.000000000 -42.643304899 -9.080636302
POLYGON_POINT -42.643304039 -9.080648191 1.000000000 -42.643303360 -9.080654358
POLYGON_POINT -42.643300497 -9.080667838 1.000000000 -42.643298810 -9.080674707
POLYGON_POINT -42.643293886 -9.080689035 1.000000000 -42.643291161 -9.080696235
POLYGON_POINT -42.643284116 -9.080710666 1.000000000 -42.643280324 -9.080717824
POLYGON_POINT -42.643271103 -9.080731613 1.000000000 -42.643266215 -9.080738357
POLYGON_POINT -42.643254756 -9.080750760 1.000000000 -42.643248742 -9.080756718
END_WINDING
END_POLYGON
BEGIN_POLYGON 3 10 3
BEGIN_WINDING
POLYGON_POINT -42.643114858 -9.080884604 0.000000000
POLYGON_POINT -42.643116099 -9.080925027 1.000000000
POLYGON_POINT -42.643046344 -9.080927116 0.000000000
POLYGON_POINT -42.643045102 -9.080886693 0.000000000
END_WINDING
END_POLYGON
BEGIN_POLYGON 3 10 3
BEGIN_WINDING
POLYGON_POINT -42.643407155 -9.080572623 0.000000000
POLYGON_POINT -42.643447296 -9.080580645 1.000000000
POLYGON_POINT -42.643433454 -9.080648189 0.000000000
POLYGON_POINT -42.643393312 -9.080640167 0.000000000
END_WINDING
END_POLYGON
BEGIN_POLYGON 3 10 3
BEGIN_WINDING
POLYGON_POINT -42.642955798 -9.080849948 0.000000000
POLYGON_POINT -42.642916401 -9.080838900 1.000000000
POLYGON_POINT -42.642935466 -9.080772608 0.000000000
POLYGON_POINT -42.642974864 -9.080783657 0.000000000
END_WINDING
END_POLYGON
BEGIN_POLYGON 3 10 3
BEGIN_WINDING
POLYGON_POINT -42.643302292 -9.080486111 0.000000000
POLYGON_POINT -42.643294966 -9.080446321 1.000000000
POLYGON_POINT -42.643363628 -9.080433994 0.000000000
POLYGON_POINT -42.643370954 -9.080473783 0.000000000
END_WINDING
END_POLYGON
BEGIN_POLYGON 3 10 5
BEGIN_WINDING
POLYGON_POINT -42.643407074 -9.080572525 1.000000000 -42.643407074 -9.080572525
POLYGON_POINT -42.643298721 -9.080806680 1.000000000 -42.643200278 -9.080901093
POLYGON_POINT -42.643045090 -9.080886481 0.000000000 -42.643045090 -9.080886481
POLYGON_POINT -42.642955976 -9.080850172 1.000000000 -42.642955976 -9.080850172
POLYGON_POINT -42.643098713 -9.080605655 1.000000000 -42.643229679 -9.080479606
POLYGON_POINT -42.643371719 -9.080473247 0.000000000 -42.643371719 -9.080473247
END_WINDING
END_POLYGON
BEGIN_POLYGON 4 10 5
BEGIN_WINDING
POLYGON_POINT -42.642930156 -9.081100967 0.000000000 -42.642930156 -9.081100967
POLYGON_POINT -42.642930156 -9.081100967 0.000000000 -42.642934807 -9.081148662
POLYGON_POINT -42.642796461 -9.081186175 0.000000000 -42.642741888 -9.081197110
POLYGON_POINT -42.642633782 -9.081135716 0.000000000 -42.642627190 -9.081083019
POLYGON_POINT -42.642783319 -9.081053167 0.000000000 -42.642841798 -9.081044893
POLYGON_POINT -42.642930156 -9.081100967 0.000000000 -42.642934807 -9.081148662
END_WINDING
END_POLYGON
BEGIN_POLYGON 5 10 3
BEGIN_WINDING
POLYGON_POINT -42.643045090 -9.080886481 1.000000000
POLYGON_POINT -42.642906977 -9.081072547 0.000000000
POLYGON_POINT -42.642863599 -9.081057364 1.000000000
POLYGON_POINT -42.642955976 -9.080850172 0.000000000
END_WINDING
END_POLYGON
FILTER -1
OBJECT_DEF lib/airport/Common_Elements/Parking/6_wLines.obj
OBJECT_DEF lib/airport/Common_Elements/Parking/1_Space_Dual.obj
OBJECT_DEF lib/airport/Common_Elements/Parking/2space_wStop.obj
OBJECT_DEF lib/airport/Common_Elements/Parking/6space_wStop.obj
OBJECT_DEF lib/airport/Ramp_Equipment/Luggage_Cart_Pkng.obj
OBJECT_DEF lib/airport/Ramp_Equipment/Ramp_Parking_Stripe.obj
OBJECT_DEF lib/g10/streetlights/ResLt1.obj
OBJECT_DEF lib/g10/streetlights/ResLt3.obj
OBJECT_DEF lib/g10/streetlights/AreaFloodSml.obj
OBJECT_DEF lib/g10/streetlights/AreaFloodMed.obj
OBJECT_DEF lib/g10/US/industrial/light/GateHut3x3.obj
OBJECT_DEF lib/airport/Common_Elements/Miscellaneous/One_Traffic_Cone.obj
OBJECT_DEF lib/g10/US/commercial/antenna_100m.obj
OBJECT_DEF lib/airport/Common_Elements/Miscellaneous/Hangar_Construct.agp
OBJECT_DEF lib/airport/Common_Elements/Fueling_Stations/Covered_Station.agp
OBJECT_DEF lib/airport/Common_Elements/Fuel_Storage/Single_Vert_Tank.agp
OBJECT_DEF lib/airport/Common_Elements/Parking_Items/14_Single_Spaces.agp
OBJECT_DEF lib/airport/Common_Elements/Parking_Items/7_Single_Spaces.agp
OBJECT_DEF lib/airport/Common_Elements/Misc_Buildings/Fire_Station_Sm.agp
POLYGON_DEF lib/airport/Common_Elements/Fence_Facades/Fence.fac
POLYGON_DEF lib/airport/Common_Elements/Hangars/Blue_Hangar.fac
POLYGON_DEF lib/airport/Common_Elements/Hangars/White_Hangar.fac
POLYGON_DEF lib/airport/Modern_Airports/Facades/modern1.fac
POLYGON_DEF lib/airport/Modern_Airports/Facades/modern2.fac
POLYGON_DEF lib/airport/Modern_Airports/Facades/modern3.fac
PROPERTY sim/filter/aptid SWKQ
PROPERTY sim/exclude_net -42.642460/-9.080062/-42.641417/-9.079032
PROPERTY sim/exclude_for -42.653288/-9.092179/-42.635874/-9.076093
PROPERTY sim/require_agpoint 1/0
PROPERTY sim/require_object 1/0
PROPERTY sim/require_facade 1/0
