PROPERTY sim/west -180
PROPERTY sim/east 180
PROPERTY sim/north 90
PROPERTY sim/south -90
PROPERTY sim/planet earth
PROPERTY sim/creation_agent WorldEditor1.6.0r1
PROPERTY laminar/internal_revision 0
PROPERTY sim/overlay 1
FILTER 0
BEGIN_POLYGON 0 0 2
BEGIN_WINDING
POLYGON_POINT -61.179751811 12.890731289
POLYGON_POINT -61.183465666 12.890171375
POLYGON_POINT -61.184287427 12.889197491
POLYGON_POINT -61.184531957 12.888080250
POLYGON_POINT -61.184453482 12.886966538
POLYGON_POINT -61.175570970 12.889605980
POLYGON_POINT -61.175859475 12.889923441
POLYGON_POINT -61.178391279 12.889858755
END_WINDING
END_POLYGON
BEGIN_POLYGON 1 161 4
BEGIN_WINDING
POLYGON_POINT -61.179287280 12.888125174 -61.179287280 12.888125174
POLYGON_POINT -61.179075787 12.887644327 -61.179075787 12.887644327
POLYGON_POINT -61.179087784 12.887579170 -61.179108447 12.887571919
POLYGON_POINT -61.179087784 12.887579170 -61.179087784 12.887579170
POLYGON_POINT -61.179286591 12.887512342 -61.179286591 12.887512342
POLYGON_POINT -61.179369683 12.887725148 -61.179369683 12.887725148
POLYGON_POINT -61.179470949 12.887692026 -61.179470949 12.887692026
POLYGON_POINT -61.179392585 12.887445268 -61.179392585 12.887445268
POLYGON_POINT -61.179468569 12.887419378 -61.179468569 12.887419378
POLYGON_POINT -61.179395968 12.887223304 -61.179395968 12.887223304
POLYGON_POINT -61.179383883 12.887191723 -61.179383883 12.887191723
POLYGON_POINT -61.179335296 12.887212627 -61.179335296 12.887212627
POLYGON_POINT -61.179311442 12.887149245 -61.179311442 12.887149245
POLYGON_POINT -61.179256884 12.887169293 -61.179256884 12.887169293
POLYGON_POINT -61.179344863 12.887408759 -61.179344863 12.887408759
POLYGON_POINT -61.179300103 12.887472012 -61.179253818 12.887492154
POLYGON_POINT -61.179300103 12.887472012 -61.179300103 12.887472012
POLYGON_POINT -61.179094679 12.887543541 -61.179094679 12.887543541
POLYGON_POINT -61.179053188 12.887515528 -61.179041617 12.887496997
POLYGON_POINT -61.179047130 12.887457559 -61.179047130 12.887457559
POLYGON_POINT -61.178957530 12.887485611 -61.178957530 12.887485611
POLYGON_POINT -61.179238267 12.888140866 -61.179238267 12.888140866
END_WINDING
END_POLYGON
BEGIN_POLYGON 2 71 2
BEGIN_WINDING
POLYGON_POINT -61.179716027 12.887677594
POLYGON_POINT -61.179919548 12.887630025
POLYGON_POINT -61.180338817 12.887539252
POLYGON_POINT -61.180193139 12.887054751
POLYGON_POINT -61.179456667 12.887140929
POLYGON_POINT -61.179469759 12.887207061
POLYGON_POINT -61.179395968 12.887223304
POLYGON_POINT -61.179468569 12.887419378
POLYGON_POINT -61.179392585 12.887445268
POLYGON_POINT -61.179470949 12.887692026
POLYGON_POINT -61.179667329 12.887634016
END_WINDING
END_POLYGON
BEGIN_POLYGON 2 161 4
BEGIN_WINDING
POLYGON_POINT -61.180007707 12.887854473 -61.180007707 12.887854473
POLYGON_POINT -61.179913597 12.887772730 -61.179900373 12.887737279
POLYGON_POINT -61.179913597 12.887772730 -61.179913597 12.887772730
POLYGON_POINT -61.179889793 12.887694997 -61.179889793 12.887694997
POLYGON_POINT -61.179889793 12.887694997 -61.179882354 12.887662769
POLYGON_POINT -61.179919548 12.887630025 -61.179919548 12.887630025
POLYGON_POINT -61.179716027 12.887677594 -61.179716027 12.887677594
POLYGON_POINT -61.179787438 12.887766929 -61.179787438 12.887766929
POLYGON_POINT -61.179806481 12.887827260 -61.179806481 12.887827260
POLYGON_POINT -61.179806481 12.887827260 -61.179813093 12.887858682
POLYGON_POINT -61.179797634 12.887916914 -61.179797634 12.887916914
END_WINDING
END_POLYGON
FILTER -1
FILTER 0
FILTER -1
FILTER 0
FILTER -1
FILTER 0
FILTER -1
FILTER 0
FILTER -1
FILTER 0
OBJECT_MSL 0 -61.185781177 12.886005263 24.384000000 315.000000
OBJECT_MSL 0 -61.185846982 12.886016251 24.384000000 153.440002
OBJECT_MSL 0 -61.185922330 12.886024880 24.384000000 0.000000
OBJECT 0 -61.185010495 12.885863080 90.000000
OBJECT 0 -61.185339417 12.885925871 315.000000
OBJECT_MSL 0 -61.185378206 12.886589650 24.384000000 135.000000
OBJECT_MSL 0 -61.185296395 12.886599822 24.384000000 90.000000
OBJECT_MSL 0 -61.185495798 12.886578593 24.384000000 0.000000
OBJECT_MSL 0 -61.185661023 12.886521624 24.384000000 315.000000
OBJECT_MSL 0 -61.185652493 12.886509152 24.384000000 0.000000
OBJECT_MSL 0 -61.185773959 12.886530563 24.384000000 153.440002
OBJECT_MSL 0 -61.185435572 12.886617977 24.384000000 0.000000
OBJECT_MSL 0 -61.185712198 12.886571510 24.384000000 0.000000
OBJECT_MSL 0 -61.185609848 12.886525781 24.384000000 270.000000
OBJECT_MSL 1 -61.185601318 12.886554881 24.384000000 90.000000
OBJECT_MSL 0 -61.185787474 12.886381147 24.384000000 135.000000
OBJECT_MSL 0 -61.185800268 12.886385305 24.384000000 90.000000
OBJECT_MSL 0 -61.185855707 12.886352047 24.384000000 0.000000
OBJECT 0 -61.185766151 12.886472606 0.000000
OBJECT_MSL 0 -61.185817326 12.886102614 24.384000000 315.000000
OBJECT_MSL 0 -61.185808797 12.886090142 24.384000000 0.000000
OBJECT 0 -61.185680859 12.886002840 303.690002
OBJECT 0 -61.185548656 12.885998683 0.000000
OBJECT 0 -61.185612625 12.886040255 145.009995
OBJECT 0 -61.185668065 12.886048570 0.000000
OBJECT_MSL 0 -61.185928205 12.886298003 24.384000000 153.440002
OBJECT_MSL 0 -61.185871576 12.886219016 24.384000000 0.000000
OBJECT_MSL 0 -61.185868501 12.886152500 24.384000000 0.000000
OBJECT_MSL 0 -61.185766151 12.886106771 24.384000000 270.000000
OBJECT 0 -61.185689388 12.886077670 0.000000
OBJECT 1 -61.185714976 12.886102614 135.000000
OBJECT_MSL 1 -61.185757622 12.886135871 24.384000000 90.000000
OBJECT_MSL 1 -61.185881295 12.886214859 24.384000000 0.000000
OBJECT_MSL 1 -61.185842914 12.886177444 24.384000000 277.130005
OBJECT_MSL 1 -61.185774680 12.886198230 24.384000000 0.000000
OBJECT_MSL 1 -61.185804532 12.886281374 24.384000000 0.000000
OBJECT 1 -61.185894089 12.886401933 135.000000
OBJECT 1 -61.185864237 12.886422720 180.000000
OBJECT_MSL 1 -61.185825855 12.886331261 24.384000000 0.000000
OBJECT 1 -61.185531598 12.886539122 0.000000
OBJECT 1 -61.185446306 12.886555751 0.000000
OBJECT 1 -61.185233076 12.886601480 56.310001
OBJECT 1 -61.185139255 12.886605637 0.000000
OBJECT 1 -61.185331162 12.886543279 67.379997
OBJECT 1 -61.185250135 12.886593166 227.729996
OBJECT 1 -61.185343956 12.885961268 352.880005
OBJECT 1 -61.185429248 12.885973740 0.000000
OBJECT 1 -61.185510275 12.885994526 315.000000
OBJECT 1 -61.185314104 12.885952954 0.000000
OBJECT 1 -61.185078506 12.886657592 0.000000
OBJECT 1 -61.185114045 12.886740737 0.000000
OBJECT 1 -61.185096275 12.886664521 333.440002
OBJECT 1 -61.184996768 12.886709558 0.000000
OBJECT 1 -61.184982553 12.886650664 0.000000
OBJECT 1 -61.185128260 12.886622949 59.040001
OBJECT 1 -61.185035860 12.885930079 270.000000
OBJECT 1 -61.184982553 12.885954329 0.000000
OBJECT 1 -61.184957676 12.886051331 180.000000
OBJECT 2 -61.184943460 12.885940472 0.000000
OBJECT 2 -61.185025199 12.886002830 0.000000
OBJECT 2 -61.184666618 12.886216145 296.570007
OBJECT 2 -61.184723123 12.886203763 0.000000
OBJECT 2 -61.185028752 12.886830810 0.000000
OBJECT 2 -61.185053629 12.886699165 0.000000
OBJECT 2 -61.184890153 12.886841203 0.000000
OBJECT 2 -61.184943460 12.886810024 63.430000
OBJECT 2 -61.184968337 12.886771916 0.000000
OBJECT 2 -61.185032306 12.886751130 0.000000
OBJECT 2 -61.185018091 12.886654128 0.000000
OBJECT 2 -61.184957676 12.886695700 225.000000
OBJECT 2 -61.184907922 12.886751130 0.000000
OBJECT 2 -61.184861722 12.886778845 0.000000
OBJECT 2 -61.184904368 12.886685307 180.000000
OBJECT 2 -61.184819076 12.886751130 270.000000
OBJECT 2 -61.183469497 12.886461977 0.000000
OBJECT 2 -61.183593882 12.886395577 33.689999
OBJECT 0 -61.183700497 12.886392690 0.000000
OBJECT 0 -61.183546497 12.886476412 0.000000
OBJECT 0 -61.183623497 12.886427333 0.000000
OBJECT 0 -61.184038112 12.886369594 0.000000
OBJECT 0 -61.183804151 12.886363820 0.000000
OBJECT 0 -61.183733074 12.886430220 0.000000
OBJECT 0 -61.183804151 12.886410012 0.000000
OBJECT 0 -61.183744920 12.886473525 0.000000
OBJECT 0 -61.183824881 12.886456203 0.000000
OBJECT 0 -61.177367009 12.888262386 90.000000
OBJECT 0 -61.177102604 12.888428674 90.000000
OBJECT 0 -61.177755089 12.888204185 90.000000
OBJECT 0 -61.177426714 12.888412046 90.000000
OBJECT 0 -61.178650656 12.889097987 90.000000
OBJECT 0 -61.179030208 12.888960799 90.000000
OBJECT 0 -61.179414024 12.888836082 90.000000
OBJECT 0 -61.179797222 12.888692408 90.000000
OBJECT 0 -61.180188147 12.888556721 90.000000
OBJECT 0 -61.180587956 12.888417185 90.000000
OBJECT 0 -61.181000105 12.888270431 90.000000
OBJECT 0 -61.177401561 12.888228704 270.000000
OBJECT 0 -61.177137155 12.888394993 270.000000
OBJECT 0 -61.177789640 12.888170503 270.000000
OBJECT 0 -61.177461265 12.888378364 270.000000
OBJECT 0 -61.178685208 12.889064306 270.000000
OBJECT 0 -61.179064759 12.888927117 270.000000
OBJECT 0 -61.179448575 12.888802401 270.000000
OBJECT 0 -61.179831774 12.888658727 270.000000
OBJECT 0 -61.180222698 12.888523040 270.000000
OBJECT 0 -61.180622508 12.888383504 270.000000
OBJECT 0 -61.181034657 12.888236750 270.000000
OBJECT 0 -61.177547170 12.888185400 79.699997
OBJECT 0 -61.177282764 12.888351689 79.699997
OBJECT 0 -61.177935249 12.888127199 79.699997
OBJECT 0 -61.177606875 12.888335060 79.699997
OBJECT 0 -61.178830817 12.889021001 79.699997
OBJECT 0 -61.179210368 12.888883813 79.699997
OBJECT 0 -61.179594184 12.888759096 79.699997
OBJECT 0 -61.179977383 12.888615423 79.699997
OBJECT 0 -61.180368308 12.888479736 79.699997
OBJECT 0 -61.180768117 12.888340200 79.699997
OBJECT 0 -61.181180266 12.888193446 79.699997
OBJECT 2 -61.177483003 12.888209458 0.000000
OBJECT 2 -61.177218598 12.888375747 0.000000
OBJECT 2 -61.177871083 12.888151257 0.000000
OBJECT 2 -61.177542708 12.888359118 0.000000
OBJECT 2 -61.178766650 12.889045059 0.000000
OBJECT 2 -61.179146202 12.888907871 0.000000
OBJECT 2 -61.179530017 12.888783154 0.000000
OBJECT 2 -61.179913216 12.888639481 0.000000
OBJECT 2 -61.180304141 12.888503794 0.000000
OBJECT 2 -61.180703950 12.888364257 0.000000
OBJECT 2 -61.181116099 12.888217504 0.000000
OBJECT 2 -61.177307778 12.888276820 243.429993
OBJECT 2 -61.177043373 12.888443109 243.429993
OBJECT 2 -61.177695858 12.888218619 243.429993
OBJECT 2 -61.177367483 12.888426480 243.429993
OBJECT 2 -61.178591426 12.889112422 243.429993
OBJECT 2 -61.178970977 12.888975233 243.429993
OBJECT 2 -61.179354793 12.888850517 243.429993
OBJECT 2 -61.179737991 12.888706843 243.429993
OBJECT 2 -61.180128916 12.888571156 243.429993
OBJECT 2 -61.180528725 12.888431620 243.429993
OBJECT 2 -61.180940874 12.888284866 243.429993
OBJECT 2 -61.177248548 12.888284038 180.000000
OBJECT 2 -61.176984142 12.888450327 180.000000
OBJECT 2 -61.177636627 12.888225837 180.000000
OBJECT 2 -61.177308252 12.888433698 180.000000
OBJECT 2 -61.178532195 12.889119639 180.000000
OBJECT 2 -61.178911746 12.888982451 180.000000
OBJECT 2 -61.179295562 12.888857734 180.000000
OBJECT 2 -61.179678761 12.888714061 180.000000
OBJECT 2 -61.180069685 12.888578374 180.000000
OBJECT 2 -61.180469494 12.888438837 180.000000
OBJECT 2 -61.180881643 12.888292084 180.000000
OBJECT 2 -61.177199188 12.888300878 0.000000
OBJECT 2 -61.176934783 12.888467167 0.000000
OBJECT 2 -61.177587268 12.888242677 0.000000
OBJECT 2 -61.177258893 12.888450538 0.000000
OBJECT 2 -61.178482836 12.889136480 0.000000
OBJECT 2 -61.178862387 12.888999291 0.000000
OBJECT 2 -61.179246203 12.888874575 0.000000
OBJECT 2 -61.179629401 12.888730901 0.000000
OBJECT 2 -61.180020326 12.888595214 0.000000
OBJECT 2 -61.180420135 12.888455678 0.000000
OBJECT 2 -61.180832284 12.888308924 0.000000
OBJECT 2 -61.177172041 12.888211864 0.000000
OBJECT 2 -61.176907635 12.888378153 0.000000
OBJECT 2 -61.177560120 12.888153663 0.000000
OBJECT 2 -61.177231746 12.888361524 0.000000
OBJECT 2 -61.178455688 12.889047465 0.000000
OBJECT 2 -61.178835239 12.888910277 0.000000
OBJECT 2 -61.179219055 12.888785560 0.000000
OBJECT 2 -61.179602254 12.888641887 0.000000
OBJECT 2 -61.179993179 12.888506200 0.000000
OBJECT 2 -61.180392988 12.888366663 0.000000
OBJECT 2 -61.180805137 12.888219910 0.000000
OBJECT 1 -61.177574318 12.888077139 0.000000
OBJECT 1 -61.177309912 12.888243428 0.000000
OBJECT 1 -61.177962397 12.888018938 0.000000
OBJECT 1 -61.177634022 12.888226799 0.000000
OBJECT 1 -61.178857965 12.888912740 0.000000
OBJECT 1 -61.179237516 12.888775552 0.000000
OBJECT 1 -61.179621332 12.888650835 0.000000
OBJECT 1 -61.180004531 12.888507162 0.000000
OBJECT 1 -61.180395455 12.888371475 0.000000
OBJECT 1 -61.180795264 12.888231939 0.000000
OBJECT 1 -61.181207413 12.888085185 0.000000
OBJECT 1 -61.177522491 12.888122849 0.000000
OBJECT 1 -61.177258085 12.888289138 0.000000
OBJECT 1 -61.177910570 12.888064648 0.000000
OBJECT 1 -61.177582195 12.888272509 0.000000
OBJECT 1 -61.178806138 12.888958450 0.000000
OBJECT 1 -61.179185689 12.888821262 0.000000
OBJECT 1 -61.179569505 12.888696546 0.000000
OBJECT 1 -61.179952704 12.888552872 0.000000
OBJECT 1 -61.180343628 12.888417185 0.000000
OBJECT 1 -61.180743437 12.888277649 0.000000
OBJECT 1 -61.181155586 12.888130895 0.000000
OBJECT 1 -61.177460792 12.888146907 108.440002
OBJECT 1 -61.177196386 12.888313196 108.440002
OBJECT 1 -61.177848871 12.888088706 108.440002
OBJECT 1 -61.177520496 12.888296567 108.440002
OBJECT 1 -61.178744439 12.888982508 108.440002
OBJECT 1 -61.179123990 12.888845320 108.440002
OBJECT 1 -61.179507806 12.888720604 108.440002
OBJECT 1 -61.179891005 12.888576930 108.440002
OBJECT 1 -61.180281929 12.888441243 108.440002
OBJECT 1 -61.180681739 12.888301707 108.440002
OBJECT 1 -61.181093888 12.888154953 108.440002
OBJECT 1 -61.177399093 12.888170965 270.000000
OBJECT 1 -61.177134687 12.888337254 270.000000
OBJECT 1 -61.177787172 12.888112764 270.000000
OBJECT 1 -61.177458797 12.888320625 270.000000
OBJECT 1 -61.178682740 12.889006566 270.000000
OBJECT 1 -61.179062291 12.888869378 270.000000
OBJECT 1 -61.179446107 12.888744662 270.000000
OBJECT 1 -61.179829306 12.888600988 270.000000
OBJECT 1 -61.180220230 12.888465301 270.000000
OBJECT 1 -61.180620040 12.888325765 270.000000
OBJECT 1 -61.181032189 12.888179011 270.000000
OBJECT 1 -61.177327522 12.888197429 0.000000
OBJECT 1 -61.177063116 12.888363718 0.000000
OBJECT 1 -61.177715601 12.888139228 0.000000
OBJECT 1 -61.177387227 12.888347089 0.000000
OBJECT 1 -61.178611169 12.889033030 0.000000
OBJECT 1 -61.178990720 12.888895842 0.000000
OBJECT 1 -61.179374536 12.888771125 0.000000
OBJECT 1 -61.179757735 12.888627452 0.000000
OBJECT 1 -61.180148660 12.888491765 0.000000
OBJECT 1 -61.180548469 12.888352229 0.000000
OBJECT 1 -61.180960618 12.888205475 0.000000
OBJECT 1 -61.177258419 12.888214270 0.000000
OBJECT 1 -61.176994014 12.888380558 0.000000
OBJECT 1 -61.177646499 12.888156069 0.000000
OBJECT 1 -61.177318124 12.888363930 0.000000
OBJECT 1 -61.178542066 12.889049871 0.000000
OBJECT 1 -61.178921618 12.888912683 0.000000
OBJECT 1 -61.179305434 12.888787966 0.000000
OBJECT 1 -61.179688632 12.888644292 0.000000
OBJECT 1 -61.180079557 12.888508605 0.000000
OBJECT 1 -61.180479366 12.888369069 0.000000
OBJECT 1 -61.180891515 12.888222315 0.000000
OBJECT 1 -61.177191785 12.888247951 270.000000
OBJECT 1 -61.176927379 12.888414240 270.000000
OBJECT 1 -61.177579864 12.888189750 270.000000
OBJECT 1 -61.177251489 12.888397611 270.000000
OBJECT 1 -61.178475432 12.889083552 270.000000
OBJECT 1 -61.178854983 12.888946364 270.000000
OBJECT 1 -61.179238799 12.888821647 270.000000
OBJECT 1 -61.179621998 12.888677974 270.000000
OBJECT 1 -61.180012922 12.888542287 270.000000
OBJECT 1 -61.180412732 12.888402750 270.000000
OBJECT 1 -61.180824881 12.888255997 270.000000
OBJECT 0 -61.177574318 12.888132472 102.800003
OBJECT 0 -61.177309912 12.888298761 102.800003
OBJECT 0 -61.177962397 12.888074271 102.800003
OBJECT 0 -61.177634022 12.888282132 102.800003
OBJECT 0 -61.178857965 12.888968074 102.800003
OBJECT 0 -61.179237516 12.888830885 102.800003
OBJECT 0 -61.179621332 12.888706169 102.800003
OBJECT 0 -61.180004531 12.888562495 102.800003
OBJECT 0 -61.180395455 12.888426808 102.800003
OBJECT 0 -61.180795264 12.888287272 102.800003
OBJECT 0 -61.181207413 12.888140518 102.800003
OBJECT 0 -61.177500279 12.888156530 0.000000
OBJECT 2 -61.184931256 12.885892885 90.000000
OBJECT 2 -61.185049717 12.885840920 75.959999
OBJECT 2 -61.185141524 12.885809163 63.430000
OBJECT 2 -61.185209639 12.885803389 72.470001
OBJECT 2 -61.185375484 12.885820711 95.709999
OBJECT 2 -61.185357715 12.885780294 0.000000
OBJECT 2 -61.185274792 12.885774520 239.039993
OBJECT 2 -61.185328100 12.885869789 135.000000
OBJECT 2 -61.185180024 12.885915981 90.000000
OBJECT 2 -61.185257023 12.885872676 0.000000
OBJECT 2 -61.185523560 12.885927529 0.000000
OBJECT 2 -61.185437676 12.885855355 0.000000
OBJECT 2 -61.185606483 12.885910207 333.440002
OBJECT 0 -61.185582791 12.885918868 0.000000
OBJECT 0 -61.185476176 12.885921755 0.000000
OBJECT 0 -61.185425830 12.885930416 0.000000
OBJECT 0 -61.185378446 12.885892885 0.000000
OBJECT 0 -61.185262946 12.885927529 0.000000
OBJECT 0 -61.185147447 12.885872676 270.000000
OBJECT 0 -61.185103024 12.885869789 0.000000
OBJECT 0 -61.177235873 12.888322819 0.000000
OBJECT 0 -61.177888358 12.888098329 0.000000
OBJECT 0 -61.177559983 12.888306190 0.000000
OBJECT 0 -61.178783926 12.888992132 0.000000
OBJECT 0 -61.179163477 12.888854943 0.000000
OBJECT 0 -61.179547293 12.888730227 0.000000
OBJECT 0 -61.179930492 12.888586553 0.000000
OBJECT 0 -61.180321417 12.888450866 0.000000
OBJECT 0 -61.180721226 12.888311330 0.000000
OBJECT 0 -61.181133375 12.888164576 0.000000
OBJECT 0 -61.177445984 12.888175777 0.000000
OBJECT 0 -61.177181578 12.888342066 0.000000
OBJECT 0 -61.177834063 12.888117576 0.000000
OBJECT 0 -61.177505688 12.888325437 0.000000
OBJECT 0 -61.178729631 12.889011378 0.000000
OBJECT 0 -61.179109182 12.888874190 0.000000
OBJECT 0 -61.179492998 12.888749473 0.000000
OBJECT 0 -61.179876197 12.888605800 0.000000
OBJECT 0 -61.180267122 12.888470113 0.000000
OBJECT 0 -61.180666931 12.888330576 0.000000
OBJECT 0 -61.181079080 12.888183823 0.000000
OBJECT 0 -61.177374413 12.888202241 225.000000
OBJECT 0 -61.177110008 12.888368529 225.000000
OBJECT 0 -61.177762493 12.888144040 225.000000
OBJECT 0 -61.177434118 12.888351901 225.000000
OBJECT 0 -61.178658060 12.889037842 225.000000
OBJECT 0 -61.179037612 12.888900654 225.000000
OBJECT 0 -61.179421427 12.888775937 225.000000
OBJECT 0 -61.179804626 12.888632263 225.000000
OBJECT 0 -61.180195551 12.888496576 225.000000
OBJECT 0 -61.180595360 12.888357040 225.000000
OBJECT 0 -61.181007509 12.888210286 225.000000
OBJECT 0 -61.177305311 12.888219081 0.000000
OBJECT 0 -61.177040905 12.888385370 0.000000
OBJECT 0 -61.177693390 12.888160880 0.000000
OBJECT 0 -61.177365015 12.888368741 0.000000
OBJECT 0 -61.178588958 12.889054682 0.000000
OBJECT 0 -61.178968509 12.888917494 0.000000
OBJECT 0 -61.179352325 12.888792778 0.000000
OBJECT 0 -61.179735524 12.888649104 0.000000
OBJECT 0 -61.180126448 12.888513417 0.000000
OBJECT 0 -61.180526257 12.888373881 0.000000
OBJECT 0 -61.180938406 12.888227127 0.000000
OBJECT 0 -61.177243612 12.888233516 0.000000
OBJECT 0 -61.176979206 12.888399805 0.000000
OBJECT 0 -61.177631691 12.888175315 0.000000
OBJECT 0 -61.177303316 12.888383176 0.000000
OBJECT 0 -61.178527259 12.889069117 0.000000
OBJECT 0 -61.178906810 12.888931929 0.000000
OBJECT 0 -61.179290626 12.888807212 0.000000
OBJECT 0 -61.179673825 12.888663539 0.000000
OBJECT 0 -61.180064749 12.888527852 0.000000
OBJECT 0 -61.180464559 12.888388315 0.000000
OBJECT 0 -61.180876708 12.888241562 0.000000
OBJECT 0 -61.177211528 12.888199835 0.000000
OBJECT 0 -61.176947123 12.888366124 0.000000
OBJECT 0 -61.177599608 12.888141634 0.000000
OBJECT 0 -61.177271233 12.888349495 0.000000
OBJECT 0 -61.178495175 12.889035436 0.000000
OBJECT 0 -61.178874727 12.888898248 0.000000
OBJECT 0 -61.179258542 12.888773531 0.000000
OBJECT 0 -61.179641741 12.888629858 0.000000
OBJECT 0 -61.180032666 12.888494171 0.000000
OBJECT 0 -61.180432475 12.888354634 0.000000
OBJECT 0 -61.180844624 12.888207881 0.000000
OBJECT 0 -61.177268291 12.888182994 0.000000
OBJECT 0 -61.177003886 12.888349283 0.000000
OBJECT 0 -61.177656371 12.888124793 0.000000
OBJECT 0 -61.177327996 12.888332654 0.000000
OBJECT 0 -61.178551938 12.889018595 0.000000
OBJECT 0 -61.178931490 12.888881407 0.000000
OBJECT 0 -61.179315305 12.888756691 0.000000
OBJECT 0 -61.179698504 12.888613017 0.000000
OBJECT 0 -61.180089429 12.888477330 0.000000
OBJECT 0 -61.180489238 12.888337794 0.000000
OBJECT 0 -61.180901387 12.888191040 0.000000
OBJECT 0 -61.177329990 12.888168559 0.000000
OBJECT 0 -61.177065584 12.888334848 0.000000
OBJECT 0 -61.177718069 12.888110358 0.000000
OBJECT 0 -61.177389695 12.888318219 0.000000
OBJECT 0 -61.178613637 12.889004161 0.000000
OBJECT 0 -61.178993188 12.888866972 0.000000
OBJECT 0 -61.179377004 12.888742256 0.000000
OBJECT 0 -61.179760203 12.888598582 0.000000
OBJECT 0 -61.180151128 12.888462895 0.000000
OBJECT 0 -61.180550937 12.888323359 0.000000
OBJECT 0 -61.180963086 12.888176605 0.000000
OBJECT 0 -61.177384285 12.888146907 0.000000
OBJECT 0 -61.177119879 12.888313196 0.000000
OBJECT 0 -61.177772364 12.888088706 0.000000
OBJECT 0 -61.177443990 12.888296567 0.000000
OBJECT 0 -61.178667932 12.888982508 0.000000
OBJECT 0 -61.179047483 12.888845320 0.000000
OBJECT 0 -61.179431299 12.888720604 0.000000
OBJECT 0 -61.179814498 12.888576930 0.000000
OBJECT 0 -61.180205423 12.888441243 0.000000
OBJECT 0 -61.180605232 12.888301707 0.000000
OBJECT 0 -61.181017381 12.888154953 0.000000
OBJECT 0 -61.177433644 12.888115632 90.000000
OBJECT 0 -61.177169238 12.888281921 90.000000
OBJECT 0 -61.177821724 12.888057431 90.000000
OBJECT 0 -61.177493349 12.888265292 90.000000
OBJECT 0 -61.178717291 12.888951233 90.000000
OBJECT 0 -61.179096843 12.888814045 90.000000
OBJECT 0 -61.179480658 12.888689328 90.000000
OBJECT 0 -61.179863857 12.888545655 90.000000
OBJECT 0 -61.180254782 12.888409968 90.000000
OBJECT 0 -61.180654591 12.888270431 90.000000
OBJECT 0 -61.181066740 12.888123678 90.000000
OBJECT 0 -61.177495343 12.888096385 0.000000
OBJECT 0 -61.177230937 12.888262674 0.000000
OBJECT 0 -61.177883422 12.888038184 0.000000
OBJECT 0 -61.177555048 12.888246045 0.000000
OBJECT 0 -61.178778990 12.888931987 0.000000
OBJECT 0 -61.179158541 12.888794798 0.000000
OBJECT 0 -61.179542357 12.888670082 0.000000
OBJECT 0 -61.179925556 12.888526408 0.000000
OBJECT 0 -61.180316481 12.888390721 0.000000
OBJECT 0 -61.180716290 12.888251185 0.000000
OBJECT 0 -61.181128439 12.888104431 0.000000
OBJECT 3 -61.179389523 12.887220603 340.019989
OBJECT 4 -61.179438119 12.887200299 343.299988
OBJECT 4 -61.179511524 12.887393578 256.500000
OBJECT 4 -61.179601637 12.887632489 254.929993
OBJECT_MSL 5 -61.179540222 12.887408685 -1.524000000 0.000000
OBJECT_MSL 5 -61.179543092 12.887419315 -1.524000000 0.000000
OBJECT_MSL 5 -61.179547684 12.887429387 -1.524000000 0.000000
OBJECT_MSL 5 -61.179551128 12.887439458 -1.524000000 0.000000
OBJECT_MSL 5 -61.179554572 12.887451208 -1.524000000 0.000000
OBJECT_MSL 5 -61.179558589 12.887464076 -1.524000000 0.000000
OBJECT 6 -61.179564639 12.887537576 69.860001
OBJECT 0 -61.179196642 12.887260575 180.000000
OBJECT 0 -61.179174362 12.887309025 0.000000
OBJECT 0 -61.178823020 12.887384206 0.000000
OBJECT 0 -61.179140084 12.887362487 0.000000
OBJECT 0 -61.179102379 12.887282294 0.000000
OBJECT 2 -61.179239528 12.887459114 0.000000
OBJECT 1 -61.179162443 12.887492644 90.000000
OBJECT 1 -61.178780174 12.887698296 0.000000
OBJECT 1 -61.178838445 12.887619774 56.310001
OBJECT 1 -61.178889861 12.887641493 180.000000
OBJECT 1 -61.178862439 12.887681589 71.559998
OBJECT 1 -61.178920710 12.887681589 0.000000
OBJECT 7 -61.179003369 12.887470542 342.720001
OBJECT 8 -61.180100429 12.887139903 85.820000
BEGIN_POLYGON 3 90 2
BEGIN_WINDING
POLYGON_POINT -61.179470399 12.887425398
POLYGON_POINT -61.179368875 12.887154550
POLYGON_POINT -61.179512551 12.887109565
POLYGON_POINT -61.180189637 12.887026644
POLYGON_POINT -61.180839533 12.887237151
POLYGON_POINT -61.180975271 12.887321354
POLYGON_POINT -61.183418342 12.886579117
POLYGON_POINT -61.184039606 12.886474489
END_WINDING
END_POLYGON
BEGIN_POLYGON 4 90 3
BEGIN_WINDING
POLYGON_POINT -61.179601428 12.887615588 2.000000000
POLYGON_POINT -61.179526904 12.887407986 2.000000000
POLYGON_POINT -61.179399483 12.887450286 2.000000000
POLYGON_POINT -61.179467946 12.887656813 2.000000000
END_WINDING
END_POLYGON
FILTER -1
OBJECT_DEF lib/g10/forests/autogen_tree2.obj
OBJECT_DEF lib/g10/forests/autogen_tree3.obj
OBJECT_DEF lib/g10/forests/autogen_tree4.obj
OBJECT_DEF lib/airport/Common_Elements/Parking_Items/Row_of_Cars_6.agp
OBJECT_DEF lib/airport/Common_Elements/Lighting/Ovrhd_Flood_Med.obj
OBJECT_DEF lib/airport/Common_Elements/Miscellaneous/Flagpole.obj
OBJECT_DEF lib/g10/US/commercial/store_services.obj
OBJECT_DEF lib/airport/Common_Elements/Misc_Buildings/Fire_Station_Sm.agp
OBJECT_DEF lib/airport/aircraft/cargo/turboprop_b.obj
POLYGON_DEF lib/g10/terrain10/wetl_shrb_hot_wet_lo.pol
POLYGON_DEF lib/airport/pavement/asphalt_6D.pol
POLYGON_DEF lib/airport/pavement/asphalt_1D.pol
POLYGON_DEF lib/airport/Common_Elements/Fence_Facades/Fence.fac
POLYGON_DEF lib/airport/Common_Elements/Misc_Buildings/White_Office.fac
PROPERTY sim/filter/aptid TVSM
PROPERTY sim/exclude_obj -61.185940/12.885844/-61.184463/12.886900
PROPERTY sim/exclude_fac -61.185940/12.885844/-61.184463/12.886900
PROPERTY sim/exclude_for -61.185940/12.885844/-61.184463/12.886900
PROPERTY sim/exclude_lin -61.185940/12.885844/-61.184463/12.886900
PROPERTY sim/exclude_pol -61.185940/12.885844/-61.184463/12.886900
PROPERTY sim/exclude_str -61.185940/12.885844/-61.184463/12.886900
PROPERTY sim/require_agpoint 1/0
PROPERTY sim/require_object 1/0
PROPERTY sim/require_facade 1/3
PROPERTY sim/require_facade 6/0
