PROPERTY sim/west -180
PROPERTY sim/east 180
PROPERTY sim/north 90
PROPERTY sim/south -90
PROPERTY sim/planet earth
PROPERTY sim/creation_agent WorldEditor1.6.0r1
PROPERTY laminar/internal_revision 0
PROPERTY sim/overlay 1
FILTER 0
BEGIN_POLYGON 0 0 4
BEGIN_WINDING
POLYGON_POINT 66.637845125 66.596720612 66.637845125 66.596720612
POLYGON_POINT 66.637498445 66.596968113 66.637498445 66.596968113
POLYGON_POINT 66.636574344 66.596768648 66.636574344 66.596768648
POLYGON_POINT 66.636473910 66.596733503 66.636431696 66.596715412
POLYGON_POINT 66.636376626 66.596687062 66.636376626 66.596687062
POLYGON_POINT 66.635829548 66.596285997 66.635829548 66.596285997
END_WINDING
END_POLYGON
BEGIN_POLYGON 0 0 4
BEGIN_WINDING
POLYGON_POINT 66.585881067 66.585486257 66.585881067 66.585486257
POLYGON_POINT 66.584542140 66.585500130 66.584542140 66.585500130
POLYGON_POINT 66.584405629 66.585490420 66.584343003 66.585483536
POLYGON_POINT 66.584256635 66.585469936 66.584256635 66.585469936
POLYGON_POINT 66.583523403 66.585302663 66.583523403 66.585302663
POLYGON_POINT 66.583860612 66.585051791 66.583860612 66.585051791
END_WINDING
END_POLYGON
BEGIN_POLYGON 0 0 4
BEGIN_WINDING
POLYGON_POINT 66.585586622 66.591088317 66.585586622 66.591088317
POLYGON_POINT 66.585300036 66.590986895 66.585300036 66.590986895
POLYGON_POINT 66.585117007 66.591071095 66.585117007 66.591071095
POLYGON_POINT 66.583921551 66.590671911 66.583921551 66.590671911
POLYGON_POINT 66.583441825 66.590894658 66.583441825 66.590894658
POLYGON_POINT 66.582647100 66.590619094 66.582647100 66.590619094
POLYGON_POINT 66.583089268 66.590413570 66.583089268 66.590413570
POLYGON_POINT 66.582678906 66.590270047 66.582678906 66.590270047
POLYGON_POINT 66.582566204 66.590179341 66.582566204 66.590179341
POLYGON_POINT 66.582377070 66.590109605 66.582377070 66.590109605
POLYGON_POINT 66.581478152 66.590550393 66.581478152 66.590550393
POLYGON_POINT 66.581616324 66.590593657 66.581616324 66.590593657
POLYGON_POINT 66.581466425 66.590668537 66.581466425 66.590668537
POLYGON_POINT 66.581319202 66.590622392 66.581319202 66.590622392
POLYGON_POINT 66.581176401 66.590684894 66.581176401 66.590684894
POLYGON_POINT 66.580538016 66.590491834 66.580538016 66.590491834
POLYGON_POINT 66.580642707 66.590436781 66.580642707 66.590436781
POLYGON_POINT 66.581017414 66.590404243 66.581176517 66.590379057
POLYGON_POINT 66.581314823 66.590330696 66.581314823 66.590330696
POLYGON_POINT 66.582166377 66.589931558 66.582166377 66.589931558
POLYGON_POINT 66.582340799 66.589976113 66.582340799 66.589976113
POLYGON_POINT 66.582508409 66.589973817 66.582508409 66.589973817
POLYGON_POINT 66.582782362 66.589898550 66.582893705 66.589850625
POLYGON_POINT 66.582901425 66.589800441 66.582901425 66.589800441
POLYGON_POINT 66.582909022 66.589728331 66.582909022 66.589728331
POLYGON_POINT 66.570708901 66.585297046 66.570708901 66.585297046
POLYGON_POINT 66.570887233 66.585223823 66.570887233 66.585223823
POLYGON_POINT 66.580930654 66.588871559 66.580930654 66.588871559
POLYGON_POINT 66.582752101 66.589536065 66.582752101 66.589536065
POLYGON_POINT 66.583426867 66.589765331 66.583426867 66.589765331
POLYGON_POINT 66.583930574 66.589934064 66.583930574 66.589934064
POLYGON_POINT 66.584331321 66.590068600 66.584331321 66.590068600
POLYGON_POINT 66.584643317 66.590175022 66.584643317 66.590175022
POLYGON_POINT 66.584758831 66.590211150 66.584758831 66.590211150
POLYGON_POINT 66.584817862 66.590228897 66.584817862 66.590228897
POLYGON_POINT 66.584853393 66.590239578 66.584853393 66.590239578
POLYGON_POINT 66.585051724 66.590299203 66.585051724 66.590299203
POLYGON_POINT 66.585395808 66.590305800 66.585555735 66.590284220
POLYGON_POINT 66.585640912 66.590232795 66.585640912 66.590232795
POLYGON_POINT 66.585788402 66.590166882 66.585788402 66.590166882
POLYGON_POINT 66.585816418 66.590154362 66.585816418 66.590154362
POLYGON_POINT 66.586080978 66.590036131 66.586080978 66.590036131
POLYGON_POINT 66.586167053 66.589997664 66.586167053 66.589997664
POLYGON_POINT 66.586403793 66.589891865 66.586403793 66.589891865
POLYGON_POINT 66.586564893 66.589819870 66.586564893 66.589819870
POLYGON_POINT 66.586576529 66.589814670 66.586576529 66.589814670
POLYGON_POINT 66.586729765 66.589650137 66.586734110 66.589557775
POLYGON_POINT 66.586594940 66.589478094 66.586594940 66.589478094
POLYGON_POINT 66.586407743 66.589408914 66.586309980 66.589383881
POLYGON_POINT 66.586192287 66.589377166 66.586192287 66.589377166
POLYGON_POINT 66.585917043 66.589395575 66.585785031 66.589422550
POLYGON_POINT 66.585771243 66.589462813 66.585771243 66.589462813
POLYGON_POINT 66.585768732 66.589509386 66.585786334 66.589534862
POLYGON_POINT 66.585832377 66.589552101 66.585832377 66.589552101
POLYGON_POINT 66.586029013 66.589625627 66.586029013 66.589625627
POLYGON_POINT 66.585995994 66.589640355 66.585995994 66.589640355
POLYGON_POINT 66.585995859 66.589640415 66.585995859 66.589640415
POLYGON_POINT 66.585630020 66.589803594 66.585630020 66.589803594
POLYGON_POINT 66.585536486 66.589845314 66.585536486 66.589845314
POLYGON_POINT 66.585145547 66.590019689 66.585145547 66.590019689
POLYGON_POINT 66.585111631 66.590034817 66.585111631 66.590034817
POLYGON_POINT 66.584970819 66.590034340 66.584970819 66.590034340
POLYGON_POINT 66.584790109 66.590111999 66.584790109 66.590111999
POLYGON_POINT 66.584753908 66.590158330 66.584744223 66.590190283
POLYGON_POINT 66.584758831 66.590211150 66.584758831 66.590211150
POLYGON_POINT 66.584331321 66.590068600 66.584331321 66.590068600
POLYGON_POINT 66.584501023 66.590067579 66.584578149 66.590062732
POLYGON_POINT 66.584625792 66.590050024 66.584625792 66.590050024
POLYGON_POINT 66.584728165 66.590021129 66.584779097 66.590003495
POLYGON_POINT 66.584728165 66.590021129 66.584728165 66.590021129
POLYGON_POINT 66.584728165 66.590021129 66.584775226 66.590002418
POLYGON_POINT 66.584818583 66.589980734 66.584818583 66.589980734
POLYGON_POINT 66.584838177 66.589955297 66.584838177 66.589955297
POLYGON_POINT 66.584794337 66.589927535 66.584763836 66.589917649
POLYGON_POINT 66.584701828 66.589908162 66.584701828 66.589908162
POLYGON_POINT 66.584404119 66.590053055 66.584404119 66.590053055
POLYGON_POINT 66.583787363 66.589848705 66.583787363 66.589848705
POLYGON_POINT 66.584043492 66.589723116 66.584043492 66.589723116
POLYGON_POINT 66.584515987 66.589872892 66.584515987 66.589872892
POLYGON_POINT 66.584572543 66.589847577 66.584572543 66.589847577
POLYGON_POINT 66.584478909 66.589814664 66.584478909 66.589814664
POLYGON_POINT 66.585175987 66.589503867 66.585175987 66.589503867
POLYGON_POINT 66.585480237 66.589605207 66.585480237 66.589605207
POLYGON_POINT 66.585518051 66.589575565 66.585524337 66.589561578
POLYGON_POINT 66.585505362 66.589546417 66.585505362 66.589546417
POLYGON_POINT 66.585367850 66.589498277 66.585367850 66.589498277
POLYGON_POINT 66.585256950 66.589492026 66.585204145 66.589491526
POLYGON_POINT 66.585128749 66.589497730 66.585128749 66.589497730
POLYGON_POINT 66.584564098 66.589543551 66.584564098 66.589543551
POLYGON_POINT 66.583497918 66.589706654 66.583497918 66.589706654
POLYGON_POINT 66.583438333 66.589729933 66.583423246 66.589746118
POLYGON_POINT 66.583426867 66.589765331 66.583426867 66.589765331
POLYGON_POINT 66.582752101 66.589536065 66.582752101 66.589536065
POLYGON_POINT 66.583205528 66.589592321 66.583462231 66.589613212
POLYGON_POINT 66.583673882 66.589592653 66.583673882 66.589592653
POLYGON_POINT 66.586009108 66.589293938 66.586009108 66.589293938
POLYGON_POINT 66.586246338 66.589292059 66.586355717 66.589298973
POLYGON_POINT 66.586486537 66.589325609 66.586486537 66.589325609
POLYGON_POINT 66.586656123 66.589374887 66.586723242 66.589399086
POLYGON_POINT 66.586791469 66.589435465 66.586791469 66.589435465
POLYGON_POINT 66.586885582 66.589505639 66.586917899 66.589537739
POLYGON_POINT 66.586933886 66.589574494 66.586933886 66.589574494
POLYGON_POINT 66.586947870 66.589671026 66.586940412 66.589705102
POLYGON_POINT 66.586890681 66.589755291 66.586890681 66.589755291
POLYGON_POINT 66.586722680 66.589875068 66.586722680 66.589875068
POLYGON_POINT 66.586570129 66.589949005 66.586570129 66.589949005
POLYGON_POINT 66.586586269 66.589965092 66.586586269 66.589965092
POLYGON_POINT 66.586545798 66.589985934 66.586545798 66.589985934
POLYGON_POINT 66.586539135 66.590020013 66.586539135 66.590020013
POLYGON_POINT 66.586564488 66.590037299 66.586564488 66.590037299
POLYGON_POINT 66.586249030 66.590184492 66.586249030 66.590184492
POLYGON_POINT 66.586124746 66.590186451 66.586124746 66.590186451
POLYGON_POINT 66.586045882 66.590217838 66.586045882 66.590217838
POLYGON_POINT 66.586036950 66.590311428 66.586036950 66.590311428
POLYGON_POINT 66.585959529 66.590345862 66.585959529 66.590345862
POLYGON_POINT 66.585971642 66.590462534 66.585971642 66.590462534
POLYGON_POINT 66.586585735 66.590668282 66.586585735 66.590668282
POLYGON_POINT 66.586474956 66.590715166 66.586474956 66.590715166
POLYGON_POINT 66.586272663 66.590652973 66.586272663 66.590652973
POLYGON_POINT 66.586167510 66.590645141 66.586115247 66.590646525
POLYGON_POINT 66.586070370 66.590656800 66.586070370 66.590656800
POLYGON_POINT 66.585989248 66.590691896 66.585989248 66.590691896
POLYGON_POINT 66.585938102 66.590714024 66.585938102 66.590714024
POLYGON_POINT 66.585490491 66.590907676 66.585490491 66.590907676
POLYGON_POINT 66.585766929 66.591002212 66.585766929 66.591002212
END_WINDING
END_POLYGON
BEGIN_POLYGON 0 0 2
BEGIN_WINDING
POLYGON_POINT 66.585151450 66.587662728
POLYGON_POINT 66.585523815 66.587910504
POLYGON_POINT 66.584991864 66.588045547
POLYGON_POINT 66.584589946 66.587811863
END_WINDING
END_POLYGON
BEGIN_POLYGON 0 0 2
BEGIN_WINDING
POLYGON_POINT 66.585145547 66.590019689
POLYGON_POINT 66.585403801 66.590105957
POLYGON_POINT 66.585788882 66.589935545
POLYGON_POINT 66.585536486 66.589845314
POLYGON_POINT 66.585630020 66.589803594
POLYGON_POINT 66.585885990 66.589894635
POLYGON_POINT 66.586246078 66.589732579
POLYGON_POINT 66.585995859 66.589640415
POLYGON_POINT 66.586029013 66.589625627
POLYGON_POINT 66.586309054 66.589727309
POLYGON_POINT 66.586564893 66.589819870
POLYGON_POINT 66.586403793 66.589891865
POLYGON_POINT 66.586392731 66.589796165
POLYGON_POINT 66.586262295 66.589748356
POLYGON_POINT 66.585914203 66.589905044
POLYGON_POINT 66.586166639 66.589997483
POLYGON_POINT 66.586079968 66.590035732
POLYGON_POINT 66.585823437 66.589945901
POLYGON_POINT 66.585450544 66.590113753
POLYGON_POINT 66.585816418 66.590154362
POLYGON_POINT 66.585788402 66.590166882
POLYGON_POINT 66.585417448 66.590128650
POLYGON_POINT 66.585400970 66.590136068
POLYGON_POINT 66.585225976 66.590074831
POLYGON_POINT 66.584853393 66.590239578
POLYGON_POINT 66.584817862 66.590228897
POLYGON_POINT 66.585190746 66.590062502
POLYGON_POINT 66.585111631 66.590034817
END_WINDING
END_POLYGON
BEGIN_POLYGON 1 0 4
BEGIN_WINDING
POLYGON_POINT 66.570128274 66.588373210 66.570128274 66.588373210
POLYGON_POINT 66.570192419 66.588212805 66.570192419 66.588212805
POLYGON_POINT 66.570390672 66.588291585 66.570390672 66.588291585
POLYGON_POINT 66.570962552 66.588379455 66.570962552 66.588379455
POLYGON_POINT 66.571062562 66.588421666 66.571096272 66.588441149
POLYGON_POINT 66.571107429 66.588482476 66.571107429 66.588482476
POLYGON_POINT 66.571153179 66.588879406 66.571153179 66.588879406
POLYGON_POINT 66.571206804 66.588949051 66.571258236 66.588974420
POLYGON_POINT 66.571385840 66.588998423 66.571385840 66.588998423
POLYGON_POINT 66.571572559 66.589003637 66.571572559 66.589003637
POLYGON_POINT 66.573201924 66.589013204 66.573201924 66.589013204
POLYGON_POINT 66.573494078 66.588830926 66.573494078 66.588830926
POLYGON_POINT 66.573676952 66.587727664 66.573676952 66.587727664
POLYGON_POINT 66.573684680 66.587331073 66.573684680 66.587331073
POLYGON_POINT 66.573420138 66.587227379 66.573420138 66.587227379
POLYGON_POINT 66.572754440 66.587206842 66.572754440 66.587206842
POLYGON_POINT 66.572731566 66.587312893 66.572731566 66.587312893
POLYGON_POINT 66.572731566 66.587646194 66.572731566 66.587646194
POLYGON_POINT 66.572571442 66.587606803 66.572571442 66.587606803
POLYGON_POINT 66.572571442 66.587315923 66.572571442 66.587315923
POLYGON_POINT 66.571572579 66.587300773 66.571572579 66.587300773
POLYGON_POINT 66.571505667 66.587193533 66.571505667 66.587193533
POLYGON_POINT 66.571151568 66.587246770 66.571151568 66.587246770
POLYGON_POINT 66.570963311 66.587341209 66.570963311 66.587341209
POLYGON_POINT 66.570787150 66.587306833 66.570787150 66.587306833
POLYGON_POINT 66.571099834 66.587188662 66.571099834 66.587188662
POLYGON_POINT 66.571594454 66.587136983 66.571594454 66.587136983
POLYGON_POINT 66.573480761 66.587198544 66.573480761 66.587198544
POLYGON_POINT 66.573802038 66.587324760 66.573802038 66.587324760
POLYGON_POINT 66.573797757 66.587548825 66.573797757 66.587548825
POLYGON_POINT 66.573549853 66.588870010 66.573549853 66.588870010
POLYGON_POINT 66.573250089 66.589061207 66.573250089 66.589061207
POLYGON_POINT 66.571374287 66.589046057 66.571374287 66.589046057
POLYGON_POINT 66.571131049 66.588970720 66.571054787 66.588931962
POLYGON_POINT 66.571031158 66.588876376 66.571031158 66.588876376
POLYGON_POINT 66.570993032 66.588452175 66.570993032 66.588452175
POLYGON_POINT 66.570871030 66.588403695 66.570871030 66.588403695
POLYGON_POINT 66.570306772 66.588324915 66.570306772 66.588324915
END_WINDING
END_POLYGON
BEGIN_POLYGON 1 0 4
BEGIN_WINDING
POLYGON_POINT 66.569858568 66.588570945 66.569858568 66.588570945
POLYGON_POINT 66.570032255 66.588370365 66.570032255 66.588370365
POLYGON_POINT 66.570047505 66.588206745 66.570047505 66.588206745
POLYGON_POINT 66.570017005 66.588091605 66.570017005 66.588091605
POLYGON_POINT 66.569929452 66.587874627 66.569929452 66.587874627
POLYGON_POINT 66.569574751 66.587885564 66.569574751 66.587885564
POLYGON_POINT 66.569467999 66.587927984 66.569490874 66.587931014
POLYGON_POINT 66.569620501 66.588024944 66.569620501 66.588024944
POLYGON_POINT 66.568667367 66.588034034 66.568690242 66.588018884
POLYGON_POINT 66.568796993 66.587937074 66.568796993 66.587937074
POLYGON_POINT 66.568789368 66.587855264 66.568789368 66.587855264
POLYGON_POINT 66.568629241 66.587782544 66.568629241 66.587782544
POLYGON_POINT 66.568934244 66.587779514 66.568934244 66.587779514
POLYGON_POINT 66.569689127 66.587758304 66.569689127 66.587758304
POLYGON_POINT 66.569658626 66.587821934 66.569658626 66.587821934
POLYGON_POINT 66.569879754 66.587812844 66.569879754 66.587812844
POLYGON_POINT 66.569872166 66.587446213 66.569872166 66.587446213
POLYGON_POINT 66.570139036 66.587352283 66.570139036 66.587352283
POLYGON_POINT 66.570787150 66.587306833 66.570787150 66.587306833
POLYGON_POINT 66.570963311 66.587341209 66.570963311 66.587341209
POLYGON_POINT 66.571015835 66.587356896 66.571015835 66.587356896
POLYGON_POINT 66.571183993 66.587478336 66.571245283 66.587555051
POLYGON_POINT 66.571198745 66.587621507 66.571198745 66.587621507
POLYGON_POINT 66.571055529 66.587775266 66.571055529 66.587775266
POLYGON_POINT 66.570604151 66.588015854 66.570604151 66.588015854
POLYGON_POINT 66.570375398 66.588121905 66.570375398 66.588121905
POLYGON_POINT 66.570190700 66.588202104 66.570190700 66.588202104
POLYGON_POINT 66.570146645 66.587927984 66.570146645 66.587927984
POLYGON_POINT 66.570268647 66.587985554 66.570268647 66.587985554
POLYGON_POINT 66.570459274 66.587973434 66.570459274 66.587973434
POLYGON_POINT 66.570642277 66.587894654 66.570642277 66.587894654
POLYGON_POINT 66.570911792 66.587744104 66.570911792 66.587744104
POLYGON_POINT 66.571054033 66.587606803 66.571054033 66.587606803
POLYGON_POINT 66.571008282 66.587479543 66.570931670 66.587411352
POLYGON_POINT 66.570760637 66.587396288 66.570760637 66.587396288
POLYGON_POINT 66.570238146 66.587464393 66.570238146 66.587464393
POLYGON_POINT 66.570065201 66.587514227 66.570065201 66.587514227
POLYGON_POINT 66.570041363 66.587727503 66.570041363 66.587727503
POLYGON_POINT 66.570146482 66.587923504 66.570146482 66.587923504
POLYGON_POINT 66.570146645 66.587927984 66.570146645 66.587927984
POLYGON_POINT 66.570190700 66.588202104 66.570190700 66.588202104
POLYGON_POINT 66.570192419 66.588212805 66.570192419 66.588212805
POLYGON_POINT 66.570128274 66.588373210 66.570128274 66.588373210
POLYGON_POINT 66.570062769 66.588537016 66.570062769 66.588537016
POLYGON_POINT 66.570097644 66.588593270 66.570097644 66.588593270
END_WINDING
END_POLYGON
BEGIN_POLYGON 1 0 2
BEGIN_WINDING
POLYGON_POINT 66.568117649 66.588567568
POLYGON_POINT 66.568543398 66.588582718
POLYGON_POINT 66.568918311 66.588509493
POLYGON_POINT 66.569509275 66.588517068
POLYGON_POINT 66.569687200 66.588554943
POLYGON_POINT 66.569858568 66.588570945
POLYGON_POINT 66.570097644 66.588593270
POLYGON_POINT 66.570304627 66.588612597
POLYGON_POINT 66.570151059 66.588905077
POLYGON_POINT 66.570654124 66.588963994
POLYGON_POINT 66.570590579 66.589037640
POLYGON_POINT 66.570039855 66.588978723
POLYGON_POINT 66.569923356 66.589054474
POLYGON_POINT 66.569976310 66.589220703
POLYGON_POINT 66.569526199 66.589102869
POLYGON_POINT 66.569801561 66.588955577
POLYGON_POINT 66.569775084 66.588890348
POLYGON_POINT 66.569499722 66.588856681
POLYGON_POINT 66.569621517 66.588608389
POLYGON_POINT 66.569208474 66.588555785
POLYGON_POINT 66.568996657 66.588557889
POLYGON_POINT 66.568541251 66.588652577
POLYGON_POINT 66.568472411 66.588751473
END_WINDING
END_POLYGON
BEGIN_POLYGON 2 0 2
BEGIN_WINDING
POLYGON_POINT 66.590473555 66.591588881
POLYGON_POINT 66.590497002 66.591596878
POLYGON_POINT 66.590510817 66.591590780
POLYGON_POINT 66.590487766 66.591582106
POLYGON_POINT 66.590499134 66.591577364
POLYGON_POINT 66.590551115 66.591598474
POLYGON_POINT 66.590539573 66.591603302
POLYGON_POINT 66.590520166 66.591595422
POLYGON_POINT 66.590507701 66.591600600
POLYGON_POINT 66.590527556 66.591609189
POLYGON_POINT 66.590513913 66.591614850
POLYGON_POINT 66.590460969 66.591594059
END_WINDING
END_POLYGON
BEGIN_POLYGON 2 0 2
BEGIN_WINDING
POLYGON_POINT 66.589906157 66.591835611
POLYGON_POINT 66.589929604 66.591843608
POLYGON_POINT 66.589943419 66.591837510
POLYGON_POINT 66.589920368 66.591828836
POLYGON_POINT 66.589931736 66.591824094
POLYGON_POINT 66.589983717 66.591845204
POLYGON_POINT 66.589972175 66.591850032
POLYGON_POINT 66.589952768 66.591842152
POLYGON_POINT 66.589940303 66.591847330
POLYGON_POINT 66.589960158 66.591855919
POLYGON_POINT 66.589946515 66.591861580
POLYGON_POINT 66.589893571 66.591840789
END_WINDING
END_POLYGON
BEGIN_POLYGON 2 0 2
BEGIN_WINDING
POLYGON_POINT 66.589403963 66.592080733
POLYGON_POINT 66.589427410 66.592088730
POLYGON_POINT 66.589441225 66.592082632
POLYGON_POINT 66.589418174 66.592073958
POLYGON_POINT 66.589429542 66.592069216
POLYGON_POINT 66.589481523 66.592090326
POLYGON_POINT 66.589469981 66.592095154
POLYGON_POINT 66.589450574 66.592087274
POLYGON_POINT 66.589438109 66.592092452
POLYGON_POINT 66.589457964 66.592101041
POLYGON_POINT 66.589444321 66.592106702
POLYGON_POINT 66.589391377 66.592085911
END_WINDING
END_POLYGON
BEGIN_POLYGON 3 255 2
BEGIN_WINDING
POLYGON_POINT 66.657103144 66.600191798
POLYGON_POINT 66.654706941 66.599722446
POLYGON_POINT 66.654777112 66.599267984
POLYGON_POINT 66.653567146 66.598891760
POLYGON_POINT 66.654269953 66.598760884
POLYGON_POINT 66.658277962 66.599688373
POLYGON_POINT 66.658025578 66.599877695
END_WINDING
END_POLYGON
BEGIN_POLYGON 3 255 2
BEGIN_WINDING
POLYGON_POINT 66.646945908 66.596470421
POLYGON_POINT 66.647011793 66.596644923
POLYGON_POINT 66.646704332 66.596941576
POLYGON_POINT 66.646618934 66.597131985
POLYGON_POINT 66.651427715 66.598177611
POLYGON_POINT 66.649850555 66.598396397
POLYGON_POINT 66.644683878 66.596836875
POLYGON_POINT 66.642290078 66.596069067
POLYGON_POINT 66.641631234 66.596121418
POLYGON_POINT 66.641323774 66.595990542
POLYGON_POINT 66.641609273 66.595632813
POLYGON_POINT 66.641279851 66.595528112
POLYGON_POINT 66.641429987 66.595230742
END_WINDING
END_POLYGON
BEGIN_POLYGON 3 255 2
BEGIN_WINDING
POLYGON_POINT 66.608098644 66.587893878
POLYGON_POINT 66.609855432 66.588356308
POLYGON_POINT 66.608783358 66.589103679
POLYGON_POINT 66.608157814 66.588721268
POLYGON_POINT 66.607114409 66.589077504
POLYGON_POINT 66.606982650 66.589060054
POLYGON_POINT 66.606565413 66.588911728
POLYGON_POINT 66.607004610 66.588745951
POLYGON_POINT 66.607641446 66.588466748
POLYGON_POINT 66.607531647 66.588318422
END_WINDING
BEGIN_WINDING
POLYGON_POINT 66.630343541 66.592980387
POLYGON_POINT 66.630453340 66.593128713
POLYGON_POINT 66.629816504 66.593407916
POLYGON_POINT 66.629377307 66.593573693
POLYGON_POINT 66.629794544 66.593722019
POLYGON_POINT 66.629926303 66.593739469
POLYGON_POINT 66.630738818 66.593530067
POLYGON_POINT 66.631595252 66.593765644
POLYGON_POINT 66.632297967 66.593311940
POLYGON_POINT 66.630541179 66.592849510
END_WINDING
END_POLYGON
BEGIN_POLYGON 3 255 2
BEGIN_WINDING
POLYGON_POINT 66.619956863 66.591488397
POLYGON_POINT 66.620966974 66.590834015
POLYGON_POINT 66.624041224 66.591566923
POLYGON_POINT 66.623558127 66.591881026
POLYGON_POINT 66.625139170 66.592456882
POLYGON_POINT 66.625314842 66.592919311
POLYGON_POINT 66.619847069 66.591610548
END_WINDING
END_POLYGON
BEGIN_POLYGON 3 255 2
BEGIN_WINDING
POLYGON_POINT 66.601830283 66.593916718
POLYGON_POINT 66.603507756 66.592932116
POLYGON_POINT 66.603977956 66.592821033
POLYGON_POINT 66.603965248 66.592624112
POLYGON_POINT 66.604600655 66.592740245
POLYGON_POINT 66.602707144 66.593745044
POLYGON_POINT 66.602008197 66.593987407
POLYGON_POINT 66.601881116 66.593941964
END_WINDING
END_POLYGON
BEGIN_POLYGON 3 255 2
BEGIN_WINDING
POLYGON_POINT 66.604562530 66.591654658
POLYGON_POINT 66.605655429 66.592083844
POLYGON_POINT 66.605096271 66.592608965
POLYGON_POINT 66.604943774 66.592563521
POLYGON_POINT 66.605248769 66.592210075
POLYGON_POINT 66.604384616 66.591760692
END_WINDING
END_POLYGON
BEGIN_POLYGON 3 255 2
BEGIN_WINDING
POLYGON_POINT 66.599326813 66.590826583
POLYGON_POINT 66.599936796 66.590973011
POLYGON_POINT 66.601093222 66.591275965
POLYGON_POINT 66.600292619 66.591861677
POLYGON_POINT 66.598856618 66.591139636
END_WINDING
END_POLYGON
BEGIN_POLYGON 3 255 2
BEGIN_WINDING
POLYGON_POINT 66.598411839 66.591281015
POLYGON_POINT 66.599873256 66.591977810
POLYGON_POINT 66.599797008 66.592194927
POLYGON_POINT 66.597814564 66.592730146
POLYGON_POINT 66.596645431 66.593457237
POLYGON_POINT 66.594866314 66.593159332
POLYGON_POINT 66.596543767 66.592250469
END_WINDING
END_POLYGON
BEGIN_POLYGON 3 255 2
BEGIN_WINDING
POLYGON_POINT 66.588905158 66.588236326
POLYGON_POINT 66.590201216 66.588559477
POLYGON_POINT 66.590290161 66.588705905
POLYGON_POINT 66.590086858 66.588912924
POLYGON_POINT 66.589731077 66.589145189
POLYGON_POINT 66.589363740 66.589082710
POLYGON_POINT 66.589082495 66.588890451
POLYGON_POINT 66.588270570 66.588634701
POLYGON_POINT 66.587416720 66.589029538
POLYGON_POINT 66.587047312 66.588340831
POLYGON_POINT 66.585730642 66.588167505
POLYGON_POINT 66.585644567 66.587676657
END_WINDING
END_POLYGON
BEGIN_POLYGON 3 255 2
BEGIN_WINDING
POLYGON_POINT 66.582558242 66.590625025
POLYGON_POINT 66.583344587 66.590880345
POLYGON_POINT 66.583218471 66.590975577
POLYGON_POINT 66.583480577 66.591088532
POLYGON_POINT 66.583369391 66.591100595
POLYGON_POINT 66.582361046 66.590790414
POLYGON_POINT 66.582299486 66.590743381
END_WINDING
END_POLYGON
BEGIN_POLYGON 3 255 2
BEGIN_WINDING
POLYGON_POINT 66.583905271 66.590700910
POLYGON_POINT 66.585078636 66.591086033
POLYGON_POINT 66.584796707 66.591215214
POLYGON_POINT 66.584515981 66.591134462
POLYGON_POINT 66.584304270 66.591208431
POLYGON_POINT 66.583808600 66.590966149
POLYGON_POINT 66.583480650 66.590901142
END_WINDING
END_POLYGON
BEGIN_POLYGON 3 255 2
BEGIN_WINDING
POLYGON_POINT 66.581950140 66.588327685
POLYGON_POINT 66.582762155 66.588600105
POLYGON_POINT 66.582903939 66.588786699
POLYGON_POINT 66.582449391 66.588871964
POLYGON_POINT 66.581847590 66.588654393
POLYGON_POINT 66.581711302 66.588464014
END_WINDING
END_POLYGON
BEGIN_POLYGON 3 255 2
BEGIN_WINDING
POLYGON_POINT 66.578428889 66.589667808
POLYGON_POINT 66.577427116 66.590112729
POLYGON_POINT 66.575491520 66.589501606
POLYGON_POINT 66.574444508 66.590276329
POLYGON_POINT 66.570067841 66.589099612
POLYGON_POINT 66.573559954 66.589084386
POLYGON_POINT 66.573943250 66.587186045
POLYGON_POINT 66.569785055 66.587044176
POLYGON_POINT 66.569749854 66.587452480
POLYGON_POINT 66.568567867 66.587451956
POLYGON_POINT 66.568565381 66.588069733
POLYGON_POINT 66.569949625 66.588091351
POLYGON_POINT 66.569954326 66.588367036
POLYGON_POINT 66.568265316 66.588523576
POLYGON_POINT 66.567559106 66.588039874
POLYGON_POINT 66.567556388 66.587481881
POLYGON_POINT 66.568281413 66.586724456
POLYGON_POINT 66.569424480 66.586007654
POLYGON_POINT 66.570398802 66.586226405
POLYGON_POINT 66.571061731 66.585980034
POLYGON_POINT 66.573767259 66.586877092
POLYGON_POINT 66.573999711 66.586552530
POLYGON_POINT 66.582626404 66.589691671
POLYGON_POINT 66.582773653 66.589823166
POLYGON_POINT 66.582573452 66.589903694
POLYGON_POINT 66.582348792 66.589905487
POLYGON_POINT 66.582035089 66.589858687
POLYGON_POINT 66.581150291 66.590324272
POLYGON_POINT 66.580642497 66.590416405
POLYGON_POINT 66.579671630 66.590109940
END_WINDING
END_POLYGON
BEGIN_POLYGON 3 255 2
BEGIN_WINDING
POLYGON_POINT 66.572286450 66.585099536
POLYGON_POINT 66.572103506 66.584786887
POLYGON_POINT 66.573530473 66.583965275
POLYGON_POINT 66.574554963 66.584074338
POLYGON_POINT 66.579640555 66.585237683
POLYGON_POINT 66.579238343 66.586066566
POLYGON_POINT 66.578707804 66.586328319
POLYGON_POINT 66.579677410 66.587019055
POLYGON_POINT 66.579055398 66.587179015
POLYGON_POINT 66.578762687 66.587091764
POLYGON_POINT 66.578049203 66.587251724
END_WINDING
END_POLYGON
BEGIN_POLYGON 3 255 2
BEGIN_WINDING
POLYGON_POINT 66.598348085 66.586294763
POLYGON_POINT 66.600138561 66.586793980
POLYGON_POINT 66.600325625 66.587463143
POLYGON_POINT 66.596851567 66.586687764
POLYGON_POINT 66.597092079 66.586156682
END_WINDING
END_POLYGON
BEGIN_POLYGON 3 255 2
BEGIN_WINDING
POLYGON_POINT 66.580116608 66.581858606
POLYGON_POINT 66.601786741 66.586595857
POLYGON_POINT 66.601786741 66.586840155
POLYGON_POINT 66.583135389 66.582846418
POLYGON_POINT 66.582066604 66.583388122
POLYGON_POINT 66.576909721 66.582102903
END_WINDING
END_POLYGON
FILTER -1
FILTER 0
FILTER -1
FILTER 0
FILTER -1
FILTER 0
FILTER -1
FILTER 0
FILTER -1
FILTER 0
OBJECT 0 66.588489507 66.590088472 50.610001
OBJECT 1 66.633019987 66.596095992 59.799999
OBJECT 1 66.586937207 66.584867582 240.610001
OBJECT 2 66.585278023 66.589695286 317.950012
OBJECT 2 66.585134145 66.589760816 320.000000
OBJECT 2 66.584988513 66.589832622 320.140015
OBJECT 3 66.585778085 66.589739205 227.440002
OBJECT 3 66.585623680 66.589808222 225.779999
OBJECT 4 66.580913431 66.588299166 139.660004
OBJECT 4 66.581521922 66.588569355 114.779999
OBJECT 4 66.581946389 66.588852392 139.839996
OBJECT 4 66.582265949 66.589037657 226.679993
OBJECT 4 66.582800310 66.589008515 180.610001
OBJECT 4 66.583512806 66.588991861 180.250000
OBJECT 4 66.584324841 66.588977290 178.429993
OBJECT 4 66.585430259 66.588954392 181.009995
OBJECT 4 66.586441377 66.589000188 162.000000
OBJECT 4 66.585651906 66.592150347 217.779999
OBJECT 4 66.585020625 66.592290023 160.399994
OBJECT 4 66.584367851 66.592198209 159.419998
OBJECT 4 66.583720397 66.592111002 161.110001
OBJECT 4 66.583059269 66.592019662 156.919998
OBJECT 4 66.582401412 66.591938420 168.380005
OBJECT 4 66.581879194 66.592116275 227.029999
OBJECT 4 66.581455805 66.592151918 139.649994
OBJECT 4 66.580927679 66.591966069 135.449997
OBJECT 4 66.580376919 66.591768230 137.000000
OBJECT 4 66.584756341 66.590213033 319.950012
OBJECT 4 66.584132179 66.590002821 322.019989
OBJECT 4 66.583536908 66.589802447 320.160004
OBJECT 4 66.582489802 66.589439144 316.910004
OBJECT 4 66.581977219 66.589253166 318.579987
OBJECT 4 66.581329078 66.589017777 320.869995
OBJECT 4 66.580710592 66.588792266 321.239990
OBJECT 4 66.580066638 66.588553745 314.309998
OBJECT 4 66.579389948 66.588310887 316.410004
OBJECT 4 66.578613747 66.588028820 317.049988
OBJECT 4 66.577775572 66.587724900 317.329987
OBJECT 4 66.577047398 66.587460532 314.359985
OBJECT 4 66.576334962 66.587196164 316.940002
OBJECT 4 66.575601555 66.586933878 316.579987
OBJECT 4 66.574857703 66.586667428 315.510010
OBJECT 4 66.574071919 66.586382243 318.489990
OBJECT 4 66.573385711 66.586130365 319.500000
OBJECT 4 66.572736171 66.585890976 316.660004
OBJECT 4 66.572175681 66.585691139 318.220001
OBJECT 4 66.571578523 66.585464240 317.059998
OBJECT 4 66.570928983 66.585226933 322.059998
OBJECT 4 66.588169612 66.590189551 70.629997
OBJECT 4 66.588339400 66.589949825 76.300003
OBJECT 4 66.587850670 66.589451904 140.529999
OBJECT 4 66.587223551 66.589243726 141.259995
OBJECT 4 66.588404034 66.589699600 116.699997
OBJECT 5 66.584719712 66.590636270 228.729996
OBJECT 5 66.584237181 66.590528911 50.630001
OBJECT 2 66.584150343 66.590375429 49.990002
OBJECT 2 66.583978534 66.590318302 49.650002
OBJECT 2 66.583793321 66.590259724 50.910000
OBJECT 5 66.584424507 66.590256335 317.760010
OBJECT 5 66.584251480 66.590196788 317.730011
OBJECT 5 66.584067487 66.590133368 318.119995
OBJECT 5 66.583873744 66.590513888 140.500000
OBJECT 5 66.583692494 66.590452827 139.199997
OBJECT 5 66.583513521 66.590393431 138.479996
OBJECT 3 66.585472784 66.589876541 226.039993
OBJECT 3 66.585318379 66.589947649 226.960007
OBJECT 3 66.584988512 66.589582349 47.939999
OBJECT 3 66.584830598 66.589652063 47.439999
OBJECT 3 66.584674439 66.589718988 46.250000
OBJECT 3 66.584438725 66.589842873 320.239990
OBJECT 3 66.584216474 66.589773740 320.970001
OBJECT 3 66.584162373 66.589977653 140.669998
OBJECT 3 66.583953303 66.589907511 138.009995
OBJECT 6 66.581682947 66.587696965 318.730011
OBJECT 6 66.580584280 66.587563971 321.160004
OBJECT 6 66.579813526 66.587148167 320.450012
OBJECT 4 66.601709314 66.592801578 63.700001
OBJECT 4 66.601458726 66.592986459 65.830002
OBJECT 4 66.601193396 66.593207312 60.450001
OBJECT 4 66.600869101 66.593412270 61.939999
OBJECT 4 66.600580602 66.593629777 58.060001
OBJECT 4 66.600285782 66.593842264 61.119999
OBJECT 4 66.599990960 66.594055588 63.180000
OBJECT 4 66.599557145 66.594232103 333.149994
OBJECT 4 66.599030670 66.594114984 331.480011
OBJECT 4 66.598508410 66.593999538 330.320007
OBJECT 4 66.597979831 66.593885765 331.109985
OBJECT 4 66.597455471 66.593766973 331.910004
OBJECT 4 66.596929007 66.593653200 329.380005
OBJECT 4 66.596400440 66.593533572 331.420013
OBJECT 4 66.595869769 66.593417289 327.559998
OBJECT 4 66.595339100 66.593302680 330.619995
OBJECT 4 66.594816859 66.593184725 335.070007
OBJECT 4 66.594332527 66.593038326 314.279999
OBJECT 4 66.594037720 66.592832531 296.140015
OBJECT 4 66.593679741 66.592640121 321.459991
OBJECT 4 66.593264909 66.592472809 317.269989
OBJECT 4 66.592811306 66.592315190 315.920013
OBJECT 4 66.592379631 66.592156243 315.559998
OBJECT 4 66.591933222 66.591994786 311.730011
OBJECT 4 66.591497342 66.591840858 315.000000
OBJECT 4 66.591057254 66.591681074 318.260010
OBJECT 4 66.570315737 66.588613940 258.920013
OBJECT 4 66.571549937 66.587138434 355.260010
OBJECT 4 66.573776803 66.587239983 304.920013
OBJECT 4 66.573697473 66.588163909 268.220001
OBJECT 4 66.573490947 66.589037615 225.660004
OBJECT 4 66.571596848 66.589070339 178.440002
OBJECT 4 66.570047834 66.588992727 254.330002
OBJECT 4 66.570003357 66.588096350 90.000000
OBJECT 4 66.569857208 66.587535799 88.250000
OBJECT 4 66.569501366 66.587924650 270.000000
OBJECT 4 66.568770620 66.587919600 92.440002
OBJECT 4 66.570169583 66.588896741 256.369995
OBJECT 7 66.601271722 66.592104097 63.189999
OBJECT 7 66.591184580 66.589330873 53.840000
OBJECT 7 66.590031045 66.589852304 55.150002
OBJECT 7 66.587338091 66.591083805 51.840000
OBJECT 7 66.585886858 66.591756866 49.049999
OBJECT 7 66.603685903 66.592689351 240.899994
OBJECT 7 66.595520212 66.590900921 235.419998
BEGIN_POLYGON 4 10 3
BEGIN_WINDING
POLYGON_POINT 66.586394019 66.590714868 0.000000000
POLYGON_POINT 66.586622306 66.590794454 0.000000000
POLYGON_POINT 66.586421974 66.590880593 0.000000000
POLYGON_POINT 66.586469570 66.590899049 1.000000000
POLYGON_POINT 66.586337977 66.590957937 0.000000000
POLYGON_POINT 66.586222875 66.590918937 0.000000000
POLYGON_POINT 66.586130060 66.590960709 0.000000000
POLYGON_POINT 66.586207065 66.590990379 1.000000000
POLYGON_POINT 66.585819588 66.591171319 0.000000000
POLYGON_POINT 66.585740195 66.591149053 0.000000000
POLYGON_POINT 66.585540848 66.591241535 0.000000000
POLYGON_POINT 66.585375922 66.591184307 1.000000000
POLYGON_POINT 66.585546107 66.591105836 0.000000000
POLYGON_POINT 66.585799463 66.590989014 1.000000000
END_WINDING
END_POLYGON
BEGIN_POLYGON 5 10 3
BEGIN_WINDING
POLYGON_POINT 66.586313544 66.590284369 1.000000000
POLYGON_POINT 66.586226173 66.590210851 1.000000000
POLYGON_POINT 66.586204576 66.590162216 1.000000000
POLYGON_POINT 66.586251277 66.590112737 1.000000000
POLYGON_POINT 66.586305761 66.590075627 1.000000000
POLYGON_POINT 66.586426404 66.590044702 1.000000000
POLYGON_POINT 66.586578182 66.590033878 1.000000000
POLYGON_POINT 66.586807793 66.590066349 1.000000000
POLYGON_POINT 66.587706781 66.590148300 1.000000000
POLYGON_POINT 66.587356526 66.590310656 0.000000000
POLYGON_POINT 66.587654007 66.590416480 0.000000000
POLYGON_POINT 66.587578355 66.590454456 0.000000000
POLYGON_POINT 66.587671756 66.590490020 1.000000000
POLYGON_POINT 66.587488845 66.590576609 0.000000000
POLYGON_POINT 66.587381116 66.590542592 0.000000000
POLYGON_POINT 66.587294908 66.590581612 0.000000000
POLYGON_POINT 66.586977255 66.590474149 1.000000000
POLYGON_POINT 66.586634297 66.590642479 1.000000000
END_WINDING
END_POLYGON
BEGIN_POLYGON 6 10 3
BEGIN_WINDING
POLYGON_POINT 66.589550292 66.589559140 1.000000000
POLYGON_POINT 66.589947225 66.589371735 1.000000000
POLYGON_POINT 66.589872509 66.589336481 0.000000000
POLYGON_POINT 66.590339489 66.589132377 1.000000000
POLYGON_POINT 66.590423546 66.589165776 1.000000000
POLYGON_POINT 66.590806470 66.589002493 1.000000000
POLYGON_POINT 66.591147366 66.589121244 0.000000000
POLYGON_POINT 66.589914537 66.589683458 1.000000000
END_WINDING
END_POLYGON
BEGIN_POLYGON 7 10 2
BEGIN_WINDING
POLYGON_POINT 66.579550353 66.587733802
POLYGON_POINT 66.579479308 66.587708340
POLYGON_POINT 66.579399042 66.587742227
POLYGON_POINT 66.579168276 66.587660499
POLYGON_POINT 66.579603052 66.587453853
POLYGON_POINT 66.579855556 66.587538903
POLYGON_POINT 66.579715090 66.587598704
POLYGON_POINT 66.579789587 66.587626720
END_WINDING
END_POLYGON
BEGIN_POLYGON 7 10 3
BEGIN_WINDING
POLYGON_POINT 66.579854950 66.587597484 0.000000000
POLYGON_POINT 66.580079641 66.587673539 0.000000000
POLYGON_POINT 66.579990874 66.587713221 2.000000000
POLYGON_POINT 66.580385469 66.587852380 0.000000000
POLYGON_POINT 66.580473543 66.587813526 0.000000000
POLYGON_POINT 66.580699620 66.587895092 1.000000000
POLYGON_POINT 66.580312653 66.588062084 2.000000000
POLYGON_POINT 66.579459662 66.587774396 0.000000000
END_WINDING
END_POLYGON
BEGIN_POLYGON 8 10 3
BEGIN_WINDING
POLYGON_POINT 66.578896042 66.587577380 1.000000000
POLYGON_POINT 66.578677595 66.587505734 1.000000000
POLYGON_POINT 66.579138760 66.587292172 0.000000000
POLYGON_POINT 66.579346804 66.587359685 1.000000000
END_WINDING
END_POLYGON
BEGIN_POLYGON 9 10 2
BEGIN_WINDING
POLYGON_POINT 66.582237789 66.590279455
POLYGON_POINT 66.582559545 66.590378884
POLYGON_POINT 66.581073339 66.591109388
POLYGON_POINT 66.580751583 66.591003871
END_WINDING
END_POLYGON
BEGIN_POLYGON 6 10 3
BEGIN_WINDING
POLYGON_POINT 66.601783062 66.592975796 0.000000000
POLYGON_POINT 66.602433357 66.593104392 1.000000000
POLYGON_POINT 66.601713697 66.593681927 0.000000000
POLYGON_POINT 66.601028721 66.593542997 1.000000000
END_WINDING
END_POLYGON
BEGIN_POLYGON 10 10 2
BEGIN_WINDING
POLYGON_POINT 66.583028557 66.593302438
POLYGON_POINT 66.583380316 66.593410473
POLYGON_POINT 66.582928055 66.593632414
POLYGON_POINT 66.582588120 66.593520857
END_WINDING
END_POLYGON
BEGIN_POLYGON 11 10 2
BEGIN_WINDING
POLYGON_POINT 66.581338804 66.592853025
POLYGON_POINT 66.582002800 66.593074205
POLYGON_POINT 66.581517572 66.593299444
POLYGON_POINT 66.580874008 66.593082322
END_WINDING
END_POLYGON
BEGIN_POLYGON 12 10 3
BEGIN_WINDING
POLYGON_POINT 66.587684274 66.590145793 0.000000000
POLYGON_POINT 66.588327808 66.589845899 0.000000000
POLYGON_POINT 66.587298899 66.589481798 0.000000000
POLYGON_POINT 66.586159094 66.589078160 0.000000000
POLYGON_POINT 66.584646069 66.589297383 0.000000000
POLYGON_POINT 66.583321842 66.589489250 0.000000000
POLYGON_POINT 66.582147572 66.589065597 3.000000000
POLYGON_POINT 66.582004592 66.589014012 0.000000000
POLYGON_POINT 66.581295218 66.588759520 0.000000000
POLYGON_POINT 66.580532432 66.588484216 0.000000000
POLYGON_POINT 66.579413634 66.588080420 0.000000000
POLYGON_POINT 66.578230542 66.587653419 0.000000000
POLYGON_POINT 66.577324614 66.587326453 0.000000000
POLYGON_POINT 66.576404173 66.586994247 0.000000000
POLYGON_POINT 66.575410518 66.586635618 0.000000000
POLYGON_POINT 66.574471874 66.586296704 0.000000000
POLYGON_POINT 66.573551537 66.585964574 0.000000000
POLYGON_POINT 66.572616435 66.585628038 0.000000000
POLYGON_POINT 66.571694860 66.585294302 0.000000000
POLYGON_POINT 66.571000233 66.585043655 0.000000000
END_WINDING
END_POLYGON
BEGIN_POLYGON 12 10 2
BEGIN_WINDING
POLYGON_POINT 66.586631821 66.590637516
POLYGON_POINT 66.586619978 66.590643028
POLYGON_POINT 66.586436620 66.590729149
END_WINDING
END_POLYGON
BEGIN_POLYGON 12 10 2
BEGIN_WINDING
POLYGON_POINT 66.571000233 66.585043655
POLYGON_POINT 66.572250056 66.584235597
POLYGON_POINT 66.573558162 66.583390371
POLYGON_POINT 66.574860163 66.582549089
POLYGON_POINT 66.575527295 66.582118025
POLYGON_POINT 66.577770658 66.581950718
POLYGON_POINT 66.580011287 66.581783615
POLYGON_POINT 66.581550299 66.582108898
POLYGON_POINT 66.583535145 66.582528412
POLYGON_POINT 66.585327511 66.582907244
POLYGON_POINT 66.586756200 66.583209209
POLYGON_POINT 66.589303982 66.583747705
POLYGON_POINT 66.591156846 66.584139323
POLYGON_POINT 66.592399056 66.584401875
POLYGON_POINT 66.594151164 66.584661804
POLYGON_POINT 66.595920840 66.585083154
POLYGON_POINT 66.597646334 66.585493985
POLYGON_POINT 66.599328804 66.585894571
POLYGON_POINT 66.601389550 66.586379558
POLYGON_POINT 66.603404750 66.586862216
POLYGON_POINT 66.605394964 66.587338890
POLYGON_POINT 66.608116535 66.587300944
POLYGON_POINT 66.610141002 66.587900490
POLYGON_POINT 66.611205790 66.588429835
POLYGON_POINT 66.613912899 66.589021457
POLYGON_POINT 66.615907778 66.589457426
POLYGON_POINT 66.617505099 66.589806510
POLYGON_POINT 66.619102420 66.590155595
POLYGON_POINT 66.621435803 66.590665542
POLYGON_POINT 66.623779841 66.591177816
POLYGON_POINT 66.626084313 66.591678329
POLYGON_POINT 66.627928489 66.592081631
POLYGON_POINT 66.629725899 66.592474707
POLYGON_POINT 66.631808482 66.592930147
POLYGON_POINT 66.634117269 66.593435055
POLYGON_POINT 66.636055610 66.593858951
POLYGON_POINT 66.638151928 66.594317394
POLYGON_POINT 66.640076780 66.594738340
POLYGON_POINT 66.642047167 66.595169244
POLYGON_POINT 66.643967313 66.595589160
POLYGON_POINT 66.645751358 66.595979313
POLYGON_POINT 66.647412254 66.596342534
POLYGON_POINT 66.647584203 66.596574763
POLYGON_POINT 66.647160062 66.596939044
POLYGON_POINT 66.647268963 66.597084757
POLYGON_POINT 66.648591279 66.597364206
POLYGON_POINT 66.650133323 66.597690091
POLYGON_POINT 66.651560420 66.597991684
POLYGON_POINT 66.653597202 66.598422123
POLYGON_POINT 66.656616649 66.599106025
POLYGON_POINT 66.658508106 66.599534438
POLYGON_POINT 66.658841441 66.600057991
POLYGON_POINT 66.659811986 66.600807418
POLYGON_POINT 66.658842338 66.601519361
POLYGON_POINT 66.657626929 66.601724823
POLYGON_POINT 66.656372377 66.601905039
POLYGON_POINT 66.653579541 66.601295778
POLYGON_POINT 66.650789054 66.600687030
POLYGON_POINT 66.648850022 66.600264027
POLYGON_POINT 66.646780305 66.599812516
POLYGON_POINT 66.644285977 66.599275089
POLYGON_POINT 66.642267357 66.598840157
POLYGON_POINT 66.640546421 66.598466772
POLYGON_POINT 66.638239282 66.597969861
POLYGON_POINT 66.635654568 66.597413166
POLYGON_POINT 66.633088209 66.596860424
POLYGON_POINT 66.629905477 66.596174928
POLYGON_POINT 66.626254525 66.595388587
POLYGON_POINT 66.624228389 66.594952199
POLYGON_POINT 66.621922695 66.594455599
POLYGON_POINT 66.619368321 66.593914652
POLYGON_POINT 66.616361725 66.593264617
POLYGON_POINT 66.614180335 66.592792994
POLYGON_POINT 66.612409295 66.592410090
POLYGON_POINT 66.610468940 66.591990579
POLYGON_POINT 66.608175890 66.591494815
POLYGON_POINT 66.606912082 66.591545698
POLYGON_POINT 66.606031793 66.592220282
POLYGON_POINT 66.605204415 66.592854318
POLYGON_POINT 66.604426647 66.593450337
POLYGON_POINT 66.603580365 66.594098859
POLYGON_POINT 66.602448494 66.594429934
POLYGON_POINT 66.601096877 66.594655947
POLYGON_POINT 66.599235426 66.594273325
POLYGON_POINT 66.597507342 66.593918118
POLYGON_POINT 66.595882271 66.593587016
POLYGON_POINT 66.594034443 66.593199731
POLYGON_POINT 66.592681398 66.593834574
POLYGON_POINT 66.590882982 66.594678382
POLYGON_POINT 66.589313869 66.595414603
POLYGON_POINT 66.587752801 66.596147049
POLYGON_POINT 66.586044665 66.595563380
POLYGON_POINT 66.584050716 66.594882049
POLYGON_POINT 66.581737714 66.594091698
POLYGON_POINT 66.582411879 66.593735924
POLYGON_POINT 66.580738520 66.593107133
POLYGON_POINT 66.578499523 66.592265795
POLYGON_POINT 66.579454225 66.591718948
POLYGON_POINT 66.579727201 66.591703580
POLYGON_POINT 66.580766475 66.591245571
POLYGON_POINT 66.581093314 66.591345412
POLYGON_POINT 66.581635505 66.591098951
POLYGON_POINT 66.582852023 66.591535021
POLYGON_POINT 66.583653900 66.591180843
POLYGON_POINT 66.584158514 66.591336214
POLYGON_POINT 66.584482747 66.591184695
POLYGON_POINT 66.585250352 66.591408588
POLYGON_POINT 66.585568723 66.591259649
POLYGON_POINT 66.585538528 66.591239513
END_WINDING
END_POLYGON
OBJECT 8 66.583653997 66.592876719 233.850006
OBJECT 9 66.583643183 66.591302653 49.950001
OBJECT 10 66.582786335 66.591681865 46.250000
OBJECT 11 66.582968742 66.591757254 48.119999
BEGIN_POLYGON 13 10 3
BEGIN_WINDING
POLYGON_POINT 66.582669617 66.591491869 2.000000000
POLYGON_POINT 66.582356185 66.591629065 3.000000000
POLYGON_POINT 66.581403930 66.591292024 2.000000000
POLYGON_POINT 66.581722323 66.591149948 2.000000000
END_WINDING
END_POLYGON
BEGIN_POLYGON 13 10 3
BEGIN_WINDING
POLYGON_POINT 66.580374713 66.591434827 1.000000000
POLYGON_POINT 66.580634092 66.591525710 3.000000000
POLYGON_POINT 66.580023472 66.591808378 2.000000000
POLYGON_POINT 66.579756889 66.591715348 2.000000000
END_WINDING
END_POLYGON
OBJECT 12 66.584683031 66.590643139 49.450001
OBJECT 12 66.584270355 66.590520841 231.130005
OBJECT 13 66.585851305 66.589694482 48.880001
OBJECT 12 66.583937901 66.589896174 320.760010
OBJECT 12 66.585021774 66.589575168 227.740005
OBJECT 12 66.584442973 66.590270430 138.289993
OBJECT 12 66.584710316 66.589712555 228.080002
OBJECT 12 66.584094196 66.590148014 138.630005
OBJECT 12 66.584248907 66.589792504 142.429993
OBJECT 12 66.585248719 66.589697837 49.410000
OBJECT 12 66.584136425 66.590361776 319.959991
OBJECT 12 66.584955984 66.589837161 50.189999
OBJECT 12 66.583782956 66.590246817 320.739990
OBJECT 12 66.585322496 66.589686934 229.330002
OBJECT 12 66.584164577 66.590390982 139.880005
OBJECT 12 66.585026693 66.589823760 230.630005
OBJECT 12 66.583817364 66.590274780 141.179993
OBJECT 12 66.585591737 66.589812987 49.549999
OBJECT 12 66.583854900 66.590498484 320.690002
OBJECT 12 66.585288191 66.589953424 49.500000
OBJECT 12 66.583493545 66.590379921 320.049988
OBJECT 14 66.583324752 66.590667687 320.660004
OBJECT 15 66.585283537 66.591737834 229.149994
OBJECT 16 66.585649487 66.591036854 228.449997
OBJECT 17 66.600380384 66.594144585 330.119995
OBJECT 18 66.585881679 66.589595171 46.500000
OBJECT 19 66.585140689 66.589984993 51.110001
OBJECT 19 66.585184318 66.589961880 53.320000
OBJECT 19 66.585833911 66.589674892 48.730000
OBJECT 19 66.585717566 66.589708598 90.000000
OBJECT 19 66.585593950 66.589767344 47.090000
OBJECT 19 66.585477605 66.589824164 50.029999
OBJECT 19 66.585390346 66.589869428 48.230000
OBJECT 19 66.585084940 66.589828980 230.229996
OBJECT 19 66.584884238 66.589828980 51.720001
OBJECT 19 66.585066027 66.589750063 51.799999
OBJECT 19 66.585273066 66.589651752 50.779999
OBJECT 19 66.585136723 66.589669809 29.049999
OBJECT 19 66.584625019 66.589807578 228.300003
OBJECT 19 66.585072760 66.589582867 229.440002
OBJECT 19 66.585054245 66.589608950 231.339996
OBJECT 19 66.584959984 66.589639714 229.000000
OBJECT 19 66.584914536 66.589663790 228.809998
OBJECT 19 66.584776511 66.589719968 231.580002
OBJECT 19 66.584279954 66.589832323 140.320007
OBJECT 19 66.584178959 66.589804235 143.190002
OBJECT 19 66.583953404 66.589869107 322.829987
OBJECT 19 66.584258072 66.589968087 319.619995
OBJECT 19 66.584163810 66.589935985 320.920013
OBJECT 19 66.584057765 66.589903883 325.579987
OBJECT 19 66.584834529 66.590489729 72.559998
OBJECT 19 66.584646674 66.590353298 186.899994
OBJECT 19 66.584557796 66.590385399 182.580002
OBJECT 19 66.584509317 66.590413488 185.059998
OBJECT 19 66.584382060 66.590508990 233.330002
OBJECT 19 66.584309342 66.590549920 231.990005
OBJECT 19 66.584262883 66.590571589 231.300003
OBJECT 19 66.584178045 66.590607703 235.490005
OBJECT 19 66.584580015 66.590651843 51.849998
OBJECT 19 66.584658793 66.590618939 53.380001
OBJECT 19 66.584729491 66.590579614 51.220001
OBJECT 19 66.584784030 66.590556340 49.869999
OBJECT 19 66.584369696 66.590276943 137.380005
OBJECT 19 66.584309098 66.590269586 136.440002
OBJECT 19 66.584268699 66.590251529 135.550003
OBJECT 19 66.584144136 66.590211402 139.649994
OBJECT 19 66.584065022 66.590179301 136.610001
OBJECT 19 66.584001058 66.590160575 139.750000
OBJECT 19 66.583985908 66.590140511 139.570007
OBJECT 19 66.583750249 66.590207389 322.649994
OBJECT 19 66.584256916 66.590369904 53.029999
OBJECT 19 66.584054923 66.590307707 321.609985
OBJECT 19 66.583947193 66.590270255 324.529999
OBJECT 19 66.584196318 66.590434107 138.940002
OBJECT 19 66.584145820 66.590415381 138.320007
OBJECT 19 66.583846196 66.590317070 140.190002
OBJECT 19 66.583689651 66.590270924 139.610001
OBJECT 19 66.583721632 66.590377261 308.239990
OBJECT 19 66.583979176 66.590504330 322.459991
OBJECT 19 66.583937094 66.590486272 320.190002
OBJECT 19 66.583772131 66.590436782 319.559998
OBJECT 19 66.583563403 66.590369904 319.920013
OBJECT 19 66.583519638 66.590353184 321.109985
OBJECT 19 66.583464089 66.590336465 319.829987
OBJECT 20 66.595414014 66.585654851 243.169998
OBJECT 13 66.584241503 66.589995468 320.799988
OBJECT 21 66.595873807 66.585809614 242.660004
OBJECT 22 66.580897200 66.587757712 49.689999
OBJECT 22 66.579773513 66.587389274 314.760010
OBJECT 23 66.584952324 66.587784970 34.049999
OBJECT 23 66.585189121 66.587937590 32.119999
OBJECT 24 66.581901602 66.590076588 231.080002
OBJECT 24 66.582280339 66.590120728 50.189999
OBJECT 24 66.582248357 66.590140123 47.139999
OBJECT 24 66.582130528 66.590195632 51.459999
OBJECT 24 66.582081712 66.590217033 50.360001
OBJECT 24 66.582046364 66.590235759 53.270000
OBJECT 24 66.581982399 66.590273211 50.099998
OBJECT 19 66.581913385 66.590294612 50.419998
OBJECT 19 66.581819121 66.590344771 52.889999
OBJECT 19 66.581792189 66.590364165 51.790001
OBJECT 19 66.581741690 66.590381554 52.240002
OBJECT 19 66.581662575 66.590425025 48.639999
OBJECT 19 66.581590194 66.590463145 52.680000
OBJECT 25 66.585774467 66.590752997 318.799988
OBJECT 25 66.585662246 66.590803156 318.329987
OBJECT 26 66.582620412 66.593191732 141.949997
OBJECT 27 66.633054959 66.594136290 63.529999
OBJECT 28 66.581544151 66.592587675 140.199997
OBJECT 29 66.583330837 66.591164946 140.979996
OBJECT 30 66.582178248 66.589041521 319.260010
OBJECT 25 66.584531050 66.590675738 53.540001
OBJECT 25 66.584411355 66.590486823 232.320007
OBJECT 25 66.584105105 66.589917748 321.399994
OBJECT 25 66.584235841 66.589816019 139.800003
OBJECT 25 66.584823502 66.589701689 231.470001
OBJECT 25 66.585223026 66.589944099 48.250000
OBJECT 25 66.585137760 66.589810649 230.809998
OBJECT 31 66.581344978 66.591385479 225.839996
OBJECT 32 66.585666010 66.591297080 226.970001
OBJECT 32 66.585630250 66.591321154 228.190002
OBJECT 33 66.585476284 66.591397319 228.740005
OBJECT 33 66.585437544 66.591418630 228.250000
OBJECT 34 66.585599459 66.591354128 317.820007
OBJECT 35 66.579476088 66.586423274 40.240002
OBJECT 35 66.580735209 66.587079435 323.720001
BEGIN_POLYGON 12 10 2
BEGIN_WINDING
POLYGON_POINT 66.568597505 66.588060515
POLYGON_POINT 66.568611975 66.587474071
POLYGON_POINT 66.569792289 66.587470435
POLYGON_POINT 66.569801438 66.587066838
POLYGON_POINT 66.571694574 66.587130650
POLYGON_POINT 66.573900515 66.587205006
POLYGON_POINT 66.573788528 66.587748570
POLYGON_POINT 66.573662886 66.588358418
POLYGON_POINT 66.573516227 66.589070279
POLYGON_POINT 66.572058821 66.589079570
POLYGON_POINT 66.570094135 66.589092095
POLYGON_POINT 66.569704307 66.588980900
POLYGON_POINT 66.568666744 66.588688498
POLYGON_POINT 66.568520345 66.588506697
POLYGON_POINT 66.569975186 66.588390345
POLYGON_POINT 66.569947736 66.588070376
POLYGON_POINT 66.568597505 66.588060515
END_WINDING
END_POLYGON
OBJECT 26 66.568841013 66.588025106 89.529999
OBJECT 21 66.568793655 66.587572532 1.460000
OBJECT 21 66.569544227 66.587556048 358.429993
OBJECT 30 66.570067453 66.589035358 163.690002
OBJECT 15 66.569388328 66.588686891 258.059998
OBJECT 36 66.573151989 66.587589068 83.959999
OBJECT 36 66.570542428 66.588747956 81.730003
OBJECT 36 66.570496677 66.588850976 81.970001
OBJECT 36 66.573138751 66.587718124 84.230003
OBJECT 36 66.573099918 66.587846128 83.660004
OBJECT 36 66.573068146 66.587974482 84.919998
OBJECT 36 66.573015192 66.588098628 84.839996
OBJECT 37 66.572592107 66.587988262 0.000000
OBJECT 37 66.572674715 66.587672636 0.000000
OBJECT 37 66.571969364 66.587647386 0.000000
OBJECT 37 66.571899465 66.587993312 0.000000
OBJECT 38 66.573081404 66.588611938 0.000000
OBJECT 38 66.573036922 66.588839189 0.000000
OBJECT 37 66.572395117 66.588856864 0.000000
OBJECT 37 66.572445953 66.588611938 0.000000
OBJECT 37 66.572522207 66.588359438 0.000000
OBJECT 37 66.571835920 66.588324088 0.000000
OBJECT 37 66.571772375 66.588589213 0.000000
OBJECT 37 66.571689766 66.588839189 0.000000
OBJECT 39 66.587515058 66.590043119 90.000000
OBJECT 39 66.587330769 66.590028142 90.000000
OBJECT 39 66.587159045 66.590011500 0.000000
OBJECT 39 66.586974755 66.589998187 0.000000
OBJECT 39 66.586124505 66.590304390 0.000000
OBJECT 39 66.586187331 66.590384270 0.000000
OBJECT 39 66.586250158 66.590460820 225.000000
OBJECT 39 66.586333926 66.590529051 0.000000
OBJECT 40 66.582979717 66.590401282 0.000000
OBJECT 40 66.582856097 66.590469658 0.000000
OBJECT 40 66.582739748 66.590526478 0.000000
OBJECT 40 66.582625824 66.590588113 0.000000
OBJECT 40 66.582401763 66.590212136 0.000000
OBJECT 40 66.582547521 66.590284027 0.000000
FILTER -1
OBJECT_DEF lib/airport/Modern_Airports/Control_Towers/Modern_Tower_3.agp
OBJECT_DEF lib/airport/landscape/windsock_lit.obj
OBJECT_DEF lib/airport/Common_Elements/Lighting/Omni_Parking_Lit.obj
OBJECT_DEF lib/airport/Common_Elements/Lighting/Ovrhd_Flood_Small.obj
OBJECT_DEF lib/g10/streetlights/PrimaryLt1.obj
OBJECT_DEF lib/airport/Common_Elements/Lighting/Ovrhd_Flood_Med.obj
OBJECT_DEF lib/airport/Common_Elements/Lighting/Dir_Ramp_Lit_Med.obj
OBJECT_DEF lib/airport/landscape/apron_light.obj
OBJECT_DEF lib/airport/Common_Elements/Hangars/Med_Gray_Hangar.agp
OBJECT_DEF lib/airport/Common_Elements/Hangars/Long_Row_Green.agp
OBJECT_DEF lib/g10/US/industrial/light/SandBunker.obj
OBJECT_DEF lib/g10/US/industrial/light/FactA15x22.obj
OBJECT_DEF lib/airport/Common_Elements/Parking/6space_wStop.obj
OBJECT_DEF lib/airport/Common_Elements/Parking/4space_wStop.obj
OBJECT_DEF lib/airport/Common_Elements/Misc_Buildings/Small_Office_1.agp
OBJECT_DEF lib/airport/Common_Elements/Misc_Buildings/Fire_Station_Lg.agp
OBJECT_DEF lib/g10/US/commercial/canopy_76.obj
OBJECT_DEF lib/airport/Common_Elements/Hangars/Sm_Orange_Hangar.agp
OBJECT_DEF lib/cars/car_or_truck.obj
OBJECT_DEF lib/cars/car_static.obj
OBJECT_DEF lib/airport/Common_Elements/Miscellaneous/Pad_Tansformer.obj
OBJECT_DEF lib/g10/US/industrial/light/Shed13x24.obj
OBJECT_DEF lib/airport/aircraft/airliners/helo_a.obj
OBJECT_DEF lib/airport/landscape/radar.obj
OBJECT_DEF lib/cars/car_static_invar.obj
OBJECT_DEF lib/cars/car.obj
OBJECT_DEF lib/g10/US/industrial/light/WoodShed8x20.obj
OBJECT_DEF lib/g10/US/industrial/light/WoodShed8x10.obj
OBJECT_DEF lib/g10/US/industrial/light/TinShed10x30Lt.obj
OBJECT_DEF lib/g10/US/industrial/light/StorSml2p1.obj
OBJECT_DEF lib/g10/US/industrial/light/GateHut3x3.obj
OBJECT_DEF lib/airport/Common_Elements/vehicles/Large_Fuel_Truck.obj
OBJECT_DEF lib/airport/Ramp_Equipment/Luggage_Truck.obj
OBJECT_DEF lib/airport/Ramp_Equipment/Stair_Maint_1.obj
OBJECT_DEF lib/airport/Common_Elements/Parking/10_Spaces_dual.obj
OBJECT_DEF lib/airport/aircraft/general_aviation/helo_a.obj
OBJECT_DEF lib/airport/Common_Elements/Fueling_Stations/2_horiz_tanks.agp
OBJECT_DEF lib/airport/Common_Elements/Fuel_Storage/Sing_Tank_Medium.obj
OBJECT_DEF lib/airport/Common_Elements/Fuel_Storage/Sing_Tank_Small.obj
OBJECT_DEF lib/g10/forests/autogen_tree4.obj
OBJECT_DEF lib/g10/forests/autogen_tree2.obj
POLYGON_DEF lib/airport/pavement/asphalt_4D.pol
POLYGON_DEF lib/airport/pavement/asphalt_5D.pol
POLYGON_DEF lib/airport/pavement/asphalt_5L.pol
POLYGON_DEF lib/g8/coni_vcld_wet.for
POLYGON_DEF lib/airport/Modern_Airports/Facades/modern3.fac
POLYGON_DEF lib/airport/Modern_Airports/Facades/modern1.fac
POLYGON_DEF lib/airport/Common_Elements/Hangars/Blue_Hangar.fac
POLYGON_DEF lib/airport/Classic_Airports/Facades/classic3.fac
POLYGON_DEF lib/g10/autogen/ind_high_solid_90x30a.fac
POLYGON_DEF lib/g10/autogen/ind_low_solid_22x90b.fac
POLYGON_DEF lib/g10/autogen/ind_high_solid_60x30a.fac
POLYGON_DEF lib/g10/autogen/ind_high_solid_7x60a.fac
POLYGON_DEF lib/airport/Common_Elements/Fence_Facades/Fence.fac
POLYGON_DEF lib/airport/Common_Elements/Misc_Buildings/White_Warehouse.fac
PROPERTY sim/filter/aptid USDD
PROPERTY sim/exclude_obj 66.649081/66.599388/66.660132/66.601868
PROPERTY sim/exclude_fac 66.649081/66.599388/66.660132/66.601868
PROPERTY sim/exclude_for 66.649081/66.599388/66.660132/66.601868
PROPERTY sim/exclude_bch 66.649081/66.599388/66.660132/66.601868
PROPERTY sim/exclude_net 66.649081/66.599388/66.660132/66.601868
PROPERTY sim/exclude_lin 66.649081/66.599388/66.660132/66.601868
PROPERTY sim/exclude_pol 66.649081/66.599388/66.660132/66.601868
PROPERTY sim/exclude_str 66.649081/66.599388/66.660132/66.601868
PROPERTY sim/exclude_obj 66.640376/66.596955/66.654585/66.599980
PROPERTY sim/exclude_fac 66.640376/66.596955/66.654585/66.599980
PROPERTY sim/exclude_for 66.640376/66.596955/66.654585/66.599980
PROPERTY sim/exclude_bch 66.640376/66.596955/66.654585/66.599980
PROPERTY sim/exclude_net 66.640376/66.596955/66.654585/66.599980
PROPERTY sim/exclude_lin 66.640376/66.596955/66.654585/66.599980
PROPERTY sim/exclude_pol 66.640376/66.596955/66.654585/66.599980
PROPERTY sim/exclude_str 66.640376/66.596955/66.654585/66.599980
PROPERTY sim/exclude_obj 66.630453/66.593740/66.644662/66.597724
PROPERTY sim/exclude_fac 66.630453/66.593740/66.644662/66.597724
PROPERTY sim/exclude_for 66.630453/66.593740/66.644662/66.597724
PROPERTY sim/exclude_bch 66.630453/66.593740/66.644662/66.597724
PROPERTY sim/exclude_net 66.630453/66.593740/66.644662/66.597724
PROPERTY sim/exclude_lin 66.630453/66.593740/66.644662/66.597724
PROPERTY sim/exclude_pol 66.630453/66.593740/66.644662/66.597724
PROPERTY sim/exclude_str 66.630453/66.593740/66.644662/66.597724
PROPERTY sim/exclude_obj 66.622459/66.591970/66.636668/66.595923
PROPERTY sim/exclude_fac 66.622459/66.591970/66.636668/66.595923
PROPERTY sim/exclude_for 66.622459/66.591970/66.636668/66.595923
PROPERTY sim/exclude_bch 66.622459/66.591970/66.636668/66.595923
PROPERTY sim/exclude_net 66.622459/66.591970/66.636668/66.595923
PROPERTY sim/exclude_lin 66.622459/66.591970/66.636668/66.595923
PROPERTY sim/exclude_pol 66.622459/66.591970/66.636668/66.595923
PROPERTY sim/exclude_str 66.622459/66.591970/66.636668/66.595923
PROPERTY sim/exclude_obj 66.613284/66.590056/66.627492/66.594009
PROPERTY sim/exclude_fac 66.613284/66.590056/66.627492/66.594009
PROPERTY sim/exclude_for 66.613284/66.590056/66.627492/66.594009
PROPERTY sim/exclude_bch 66.613284/66.590056/66.627492/66.594009
PROPERTY sim/exclude_net 66.613284/66.590056/66.627492/66.594009
PROPERTY sim/exclude_lin 66.613284/66.590056/66.627492/66.594009
PROPERTY sim/exclude_pol 66.613284/66.590056/66.627492/66.594009
PROPERTY sim/exclude_str 66.613284/66.590056/66.627492/66.594009
PROPERTY sim/exclude_obj 66.604563/66.588142/66.618771/66.592095
PROPERTY sim/exclude_fac 66.604563/66.588142/66.618771/66.592095
PROPERTY sim/exclude_for 66.604563/66.588142/66.618771/66.592095
PROPERTY sim/exclude_bch 66.604563/66.588142/66.618771/66.592095
PROPERTY sim/exclude_net 66.604563/66.588142/66.618771/66.592095
PROPERTY sim/exclude_lin 66.604563/66.588142/66.618771/66.592095
PROPERTY sim/exclude_pol 66.604563/66.588142/66.618771/66.592095
PROPERTY sim/exclude_str 66.604563/66.588142/66.618771/66.592095
PROPERTY sim/exclude_obj 66.580398/66.586408/66.606326/66.595598
PROPERTY sim/exclude_fac 66.580398/66.586408/66.606326/66.595598
PROPERTY sim/exclude_for 66.580398/66.586408/66.606326/66.595598
PROPERTY sim/exclude_bch 66.580398/66.586408/66.606326/66.595598
PROPERTY sim/exclude_net 66.580398/66.586408/66.606326/66.595598
PROPERTY sim/exclude_lin 66.580398/66.586408/66.606326/66.595598
PROPERTY sim/exclude_pol 66.580398/66.586408/66.606326/66.595598
PROPERTY sim/exclude_str 66.580398/66.586408/66.606326/66.595598
PROPERTY sim/exclude_obj 66.572307/66.584093/66.575622/66.588304
PROPERTY sim/exclude_fac 66.572307/66.584093/66.575622/66.588304
PROPERTY sim/exclude_for 66.572307/66.584093/66.575622/66.588304
PROPERTY sim/exclude_bch 66.572307/66.584093/66.575622/66.588304
PROPERTY sim/exclude_net 66.572307/66.584093/66.575622/66.588304
PROPERTY sim/exclude_lin 66.572307/66.584093/66.575622/66.588304
PROPERTY sim/exclude_pol 66.572307/66.584093/66.575622/66.588304
PROPERTY sim/exclude_str 66.572307/66.584093/66.575622/66.588304
PROPERTY sim/exclude_obj 66.574810/66.582423/66.587559/66.588752
PROPERTY sim/exclude_fac 66.574810/66.582423/66.587559/66.588752
PROPERTY sim/exclude_for 66.574810/66.582423/66.587559/66.588752
PROPERTY sim/exclude_bch 66.574810/66.582423/66.587559/66.588752
PROPERTY sim/exclude_net 66.574810/66.582423/66.587559/66.588752
PROPERTY sim/exclude_lin 66.574810/66.582423/66.587559/66.588752
PROPERTY sim/exclude_pol 66.574810/66.582423/66.587559/66.588752
PROPERTY sim/exclude_str 66.574810/66.582423/66.587559/66.588752
PROPERTY sim/exclude_obj 66.584494/66.584131/66.598756/66.590760
PROPERTY sim/exclude_fac 66.584494/66.584131/66.598756/66.590760
PROPERTY sim/exclude_for 66.584494/66.584131/66.598756/66.590760
PROPERTY sim/exclude_bch 66.584494/66.584131/66.598756/66.590760
PROPERTY sim/exclude_net 66.584494/66.584131/66.598756/66.590760
PROPERTY sim/exclude_lin 66.584494/66.584131/66.598756/66.590760
PROPERTY sim/exclude_pol 66.584494/66.584131/66.598756/66.590760
PROPERTY sim/exclude_str 66.584494/66.584131/66.598756/66.590760
PROPERTY sim/exclude_obj 66.569573/66.586942/66.573800/66.588902
PROPERTY sim/exclude_fac 66.569573/66.586942/66.573800/66.588902
PROPERTY sim/exclude_for 66.569573/66.586942/66.573800/66.588902
PROPERTY sim/exclude_bch 66.569573/66.586942/66.573800/66.588902
PROPERTY sim/exclude_net 66.569573/66.586942/66.573800/66.588902
PROPERTY sim/exclude_lin 66.569573/66.586942/66.573800/66.588902
PROPERTY sim/exclude_pol 66.569573/66.586942/66.573800/66.588902
PROPERTY sim/exclude_str 66.569573/66.586942/66.573800/66.588902
PROPERTY sim/require_agpoint 1/0
PROPERTY sim/require_object 1/0
PROPERTY sim/require_facade 1/4
PROPERTY sim/require_facade 6/0
