PROPERTY sim/west -180
PROPERTY sim/east 180
PROPERTY sim/north 90
PROPERTY sim/south -90
PROPERTY sim/planet earth
PROPERTY sim/creation_agent WorldEditor2.0.0r4
PROPERTY laminar/internal_revision 0
PROPERTY sim/overlay 1
FILTER 0
BEGIN_POLYGON 0 32 4
BEGIN_WINDING
POLYGON_POINT 48.223479296 54.263941762 48.223479296 54.263941762
POLYGON_POINT 48.223479296 54.263941762 48.223250433 54.263753107
POLYGON_POINT 48.222454606 54.263613339 48.222060487 54.263615830
POLYGON_POINT 48.222454606 54.263613339 48.222454606 54.263613339
POLYGON_POINT 48.221553146 54.263632613 48.221553146 54.263632613
POLYGON_POINT 48.221553146 54.263632613 48.222077317 54.263561173
POLYGON_POINT 48.222335052 54.263281097 48.222253110 54.263144347
POLYGON_POINT 48.222335052 54.263281097 48.222335052 54.263281097
POLYGON_POINT 48.211808283 54.253480650 48.211808283 54.253480650
POLYGON_POINT 48.211808283 54.253480650 48.211576928 54.253283094
POLYGON_POINT 48.210169243 54.253302242 48.209592107 54.253439074
POLYGON_POINT 48.210169243 54.253302242 48.210169243 54.253302242
POLYGON_POINT 48.209267939 54.253625585 48.209267939 54.253625585
POLYGON_POINT 48.209267939 54.253625585 48.209020740 54.253703813
POLYGON_POINT 48.208992449 54.254182374 48.209157255 54.254350873
POLYGON_POINT 48.208992449 54.254182374 48.208992449 54.254182374
POLYGON_POINT 48.214369566 54.259152578 48.214369566 54.259152578
POLYGON_POINT 48.213492875 54.259475450 48.213492875 54.259475450
POLYGON_POINT 48.207608546 54.253988398 48.207608546 54.253988398
POLYGON_POINT 48.207114490 54.253350720 48.207114490 54.253350720
POLYGON_POINT 48.207651158 54.253162931 48.207651158 54.253162931
POLYGON_POINT 48.208304783 54.253643168 48.208304783 54.253643168
POLYGON_POINT 48.208391525 54.253710660 48.208391525 54.253710660
POLYGON_POINT 48.209892522 54.253148095 48.209892522 54.253148095
POLYGON_POINT 48.210420071 54.253057863 48.210420071 54.253057863
POLYGON_POINT 48.212840972 54.252914506 48.212840972 54.252914506
POLYGON_POINT 48.213230601 54.253327203 48.213230601 54.253327203
POLYGON_POINT 48.213041182 54.254244817 48.213169321 54.254409530
POLYGON_POINT 48.213041182 54.254244817 48.213041182 54.254244817
END_WINDING
END_POLYGON
BEGIN_POLYGON 1 32 4
BEGIN_WINDING
POLYGON_POINT 48.208304783 54.253643168 48.208304783 54.253643168
POLYGON_POINT 48.209871146 54.253079614 48.209871146 54.253079614
POLYGON_POINT 48.210413230 54.252990288 48.210413230 54.252990288
POLYGON_POINT 48.212900213 54.252840291 48.212900213 54.252840291
POLYGON_POINT 48.213376147 54.253333078 48.213376147 54.253333078
POLYGON_POINT 48.213163183 54.254219511 48.213302181 54.254402224
POLYGON_POINT 48.213163183 54.254219511 48.213163183 54.254219511
POLYGON_POINT 48.219572859 54.260170449 48.219572859 54.260170449
POLYGON_POINT 48.219786024 54.260201076 48.219786024 54.260201076
POLYGON_POINT 48.221007115 54.259740104 48.221007115 54.259740104
POLYGON_POINT 48.221024690 54.259560664 48.221024690 54.259560664
POLYGON_POINT 48.221539230 54.259706861 48.221539230 54.259706861
POLYGON_POINT 48.221183586 54.259746094 48.221183586 54.259746094
POLYGON_POINT 48.220763704 54.259901436 48.220763704 54.259901436
POLYGON_POINT 48.221039898 54.260144333 48.221039898 54.260144333
POLYGON_POINT 48.220796486 54.260231430 48.220796486 54.260231430
POLYGON_POINT 48.220515962 54.259993092 48.220515962 54.259993092
POLYGON_POINT 48.219832437 54.260245974 48.219832437 54.260245974
POLYGON_POINT 48.219800230 54.260381547 48.219800230 54.260381547
POLYGON_POINT 48.222615643 54.262995461 48.222615643 54.262995461
POLYGON_POINT 48.222687167 54.263061866 48.222687167 54.263061866
POLYGON_POINT 48.230147732 54.269988480 48.230147732 54.269988480
POLYGON_POINT 48.230033433 54.270034115 48.230033433 54.270034115
POLYGON_POINT 48.223479296 54.263941762 48.223479296 54.263941762
POLYGON_POINT 48.213041182 54.254244817 48.213041182 54.254244817
POLYGON_POINT 48.213041182 54.254244817 48.212913043 54.254080104
POLYGON_POINT 48.213230601 54.253327203 48.213230601 54.253327203
POLYGON_POINT 48.212840972 54.252914506 48.212840972 54.252914506
POLYGON_POINT 48.210420071 54.253057863 48.210420071 54.253057863
POLYGON_POINT 48.209892522 54.253148095 48.209892522 54.253148095
POLYGON_POINT 48.208391525 54.253710660 48.208391525 54.253710660
END_WINDING
END_POLYGON
BEGIN_POLYGON 1 32 4
BEGIN_WINDING
POLYGON_POINT 48.208992640 54.254182307 48.208992640 54.254182307
POLYGON_POINT 48.208992640 54.254182307 48.208827887 54.254013862
POLYGON_POINT 48.209268050 54.253625698 48.209515180 54.253547492
POLYGON_POINT 48.209268050 54.253625698 48.209268050 54.253625698
POLYGON_POINT 48.210169344 54.253302358 48.210169344 54.253302358
POLYGON_POINT 48.210169344 54.253302358 48.210746397 54.253165546
POLYGON_POINT 48.211808097 54.253480721 48.212039401 54.253678234
POLYGON_POINT 48.211808097 54.253480721 48.211808097 54.253480721
POLYGON_POINT 48.222335039 54.263281085 48.222335039 54.263281085
POLYGON_POINT 48.222335039 54.263281085 48.222416918 54.263417730
POLYGON_POINT 48.221550854 54.263632792 48.221024486 54.263704531
POLYGON_POINT 48.221550854 54.263632792 48.221550854 54.263632792
POLYGON_POINT 48.219825877 54.263669674 48.219825877 54.263669674
POLYGON_POINT 48.219825877 54.263669674 48.219475395 54.263636252
POLYGON_POINT 48.218907386 54.263363732 48.218556904 54.263159025
POLYGON_POINT 48.218907386 54.263363732 48.218907386 54.263363732
POLYGON_POINT 48.218907386 54.263363732 48.219346685 54.263547009
POLYGON_POINT 48.219816419 54.263587630 48.219816419 54.263587630
POLYGON_POINT 48.221529517 54.263554343 48.221529517 54.263554343
POLYGON_POINT 48.221529517 54.263554343 48.221904890 54.263505619
POLYGON_POINT 48.222179544 54.263290906 48.222096128 54.263165037
POLYGON_POINT 48.222179544 54.263290906 48.222179544 54.263290906
POLYGON_POINT 48.219234221 54.260551450 48.219234221 54.260551450
POLYGON_POINT 48.219234221 54.260551450 48.219198965 54.260518899
POLYGON_POINT 48.218661115 54.260663656 48.218661115 54.260663656
POLYGON_POINT 48.218877823 54.260865254 48.218877823 54.260865254
POLYGON_POINT 48.218617368 54.260953440 48.218617368 54.260953440
POLYGON_POINT 48.218411708 54.260768561 48.218411708 54.260768561
POLYGON_POINT 48.218138165 54.260873110 48.218138165 54.260873110
POLYGON_POINT 48.218268728 54.260982401 48.218268728 54.260982401
POLYGON_POINT 48.217990973 54.261086750 48.217990973 54.261086750
POLYGON_POINT 48.217799613 54.260922749 48.217799613 54.260922749
POLYGON_POINT 48.219023001 54.260354993 48.218926456 54.260258655
POLYGON_POINT 48.219023001 54.260354993 48.219023001 54.260354993
POLYGON_POINT 48.211718870 54.253561391 48.211718870 54.253561391
POLYGON_POINT 48.211718870 54.253561391 48.211468673 54.253374617
POLYGON_POINT 48.210256823 54.253360717 48.209735580 54.253478466
POLYGON_POINT 48.210256823 54.253360717 48.210256823 54.253360717
POLYGON_POINT 48.209625902 54.253583841 48.209336537 54.253687670
POLYGON_POINT 48.209625902 54.253583841 48.209625902 54.253583841
POLYGON_POINT 48.209625902 54.253583841 48.209509221 54.253625708
POLYGON_POINT 48.209327132 54.253693064 48.209253238 54.253721066
POLYGON_POINT 48.209327132 54.253693064 48.209327132 54.253693064
POLYGON_POINT 48.209327132 54.253693064 48.209069986 54.253790511
POLYGON_POINT 48.208992640 54.254182307 48.209002293 54.254343027
END_WINDING
END_POLYGON
BEGIN_POLYGON 1 32 4
BEGIN_WINDING
POLYGON_POINT 48.220203982 54.264012434 48.220203982 54.264012434
POLYGON_POINT 48.220532917 54.263853017 48.220532917 54.263853017
POLYGON_POINT 48.222422109 54.263839469 48.222422109 54.263839469
POLYGON_POINT 48.222422109 54.263839469 48.222721004 54.263853323
POLYGON_POINT 48.223239518 54.264123158 48.223446928 54.264272035
POLYGON_POINT 48.223239518 54.264123158 48.223239518 54.264123158
POLYGON_POINT 48.227891481 54.268454146 48.227891481 54.268454146
POLYGON_POINT 48.227891481 54.268454146 48.228039813 54.268612965
POLYGON_POINT 48.228046942 54.269000929 48.227960415 54.269210282
POLYGON_POINT 48.228046942 54.269000929 48.228046942 54.269000929
POLYGON_POINT 48.227508130 54.270386739 48.227508130 54.270386739
POLYGON_POINT 48.227407930 54.270376313 48.227407930 54.270376313
POLYGON_POINT 48.227946525 54.268980282 48.227946525 54.268980282
POLYGON_POINT 48.227946525 54.268980282 48.228016049 54.268797569
POLYGON_POINT 48.227772644 54.268493071 48.227622008 54.268334043
POLYGON_POINT 48.227772644 54.268493071 48.227772644 54.268493071
POLYGON_POINT 48.223122345 54.264167809 48.223122345 54.264167809
POLYGON_POINT 48.223122345 54.264167809 48.222943723 54.264046564
POLYGON_POINT 48.222419537 54.263905835 48.222120224 54.263900196
POLYGON_POINT 48.222419537 54.263905835 48.222419537 54.263905835
POLYGON_POINT 48.220578157 54.263918265 48.220578157 54.263918265
POLYGON_POINT 48.220287881 54.264088491 48.220287881 54.264088491
END_WINDING
END_POLYGON
BEGIN_POLYGON 2 32 2
BEGIN_WINDING
POLYGON_POINT 48.234073100 54.285826928
POLYGON_POINT 48.234309507 54.286043219
POLYGON_POINT 48.234437306 54.286065280
POLYGON_POINT 48.234542296 54.286034212
POLYGON_POINT 48.234739195 54.286246208
POLYGON_POINT 48.234562087 54.286307300
POLYGON_POINT 48.234697151 54.286441770
POLYGON_POINT 48.234603328 54.286475962
POLYGON_POINT 48.234353765 54.286233942
POLYGON_POINT 48.232482043 54.286920057
POLYGON_POINT 48.232891752 54.287284032
POLYGON_POINT 48.232772455 54.287325472
POLYGON_POINT 48.231985469 54.286625228
POLYGON_POINT 48.232093234 54.286585640
POLYGON_POINT 48.232269651 54.286746063
POLYGON_POINT 48.232375021 54.286758272
POLYGON_POINT 48.232592769 54.286678781
POLYGON_POINT 48.232614170 54.286579799
POLYGON_POINT 48.232473724 54.286445865
POLYGON_POINT 48.232735801 54.286349589
POLYGON_POINT 48.232889996 54.286482448
POLYGON_POINT 48.233372302 54.286305650
POLYGON_POINT 48.233222372 54.286170844
POLYGON_POINT 48.233533533 54.286056537
POLYGON_POINT 48.233740108 54.286243146
POLYGON_POINT 48.234129017 54.286104586
POLYGON_POINT 48.234156103 54.286055828
POLYGON_POINT 48.233960633 54.285867532
END_WINDING
END_POLYGON
BEGIN_POLYGON 2 32 4
BEGIN_WINDING
POLYGON_POINT 48.238387745 54.276504169 48.238387745 54.276504169
POLYGON_POINT 48.238387745 54.276504169 48.238570577 54.276440117
POLYGON_POINT 48.239211710 54.276637967 48.239333598 54.276747093
POLYGON_POINT 48.239211710 54.276637967 48.239211710 54.276637967
POLYGON_POINT 48.242876513 54.280043433 48.242876513 54.280043433
POLYGON_POINT 48.243520141 54.280681108 48.243520141 54.280681108
POLYGON_POINT 48.243520141 54.280681108 48.243651792 54.280823446
POLYGON_POINT 48.243305598 54.281139438 48.243120311 54.281216301
POLYGON_POINT 48.243305598 54.281139438 48.243305598 54.281139438
POLYGON_POINT 48.242978908 54.281267542 48.242978908 54.281267542
POLYGON_POINT 48.242978908 54.281267542 48.242808249 54.281327324
POLYGON_POINT 48.242073573 54.281225943 48.241795643 54.281075064
POLYGON_POINT 48.242073573 54.281225943 48.242073573 54.281225943
POLYGON_POINT 48.237647991 54.277112174 48.237647991 54.277112174
POLYGON_POINT 48.237647991 54.277112174 48.237578921 54.276953230
POLYGON_POINT 48.237914792 54.276680019 48.238146380 54.276585127
POLYGON_POINT 48.237914792 54.276680019 48.237914792 54.276680019
END_WINDING
BEGIN_WINDING
POLYGON_POINT 48.239059689 54.276665114 48.239059689 54.276665114
POLYGON_POINT 48.238432919 54.276574436 48.238273623 54.276621757
POLYGON_POINT 48.238432919 54.276574436 48.238432919 54.276574436
POLYGON_POINT 48.237986892 54.276735000 48.237986892 54.276735000
POLYGON_POINT 48.237986892 54.276735000 48.237760524 54.276824746
POLYGON_POINT 48.237792502 54.277086116 48.237860915 54.277241197
POLYGON_POINT 48.237792502 54.277086116 48.237792502 54.277086116
POLYGON_POINT 48.242187809 54.281166852 48.242187809 54.281166852
POLYGON_POINT 48.242187809 54.281166852 48.242402460 54.281300002
POLYGON_POINT 48.242918955 54.281192308 48.243083297 54.281137481
POLYGON_POINT 48.242918955 54.281192308 48.242918955 54.281192308
POLYGON_POINT 48.243217450 54.281074822 48.243217450 54.281074822
POLYGON_POINT 48.243217450 54.281074822 48.243385146 54.281008247
POLYGON_POINT 48.243398560 54.280714533 48.243287881 54.280581383
POLYGON_POINT 48.243398560 54.280714533 48.243398560 54.280714533
END_WINDING
END_POLYGON
BEGIN_POLYGON 2 32 4
BEGIN_WINDING
POLYGON_POINT 48.233637193 54.276559347 48.233637193 54.276559347
POLYGON_POINT 48.236591589 54.276956908 48.236591589 54.276956908
POLYGON_POINT 48.236591589 54.276956908 48.236828952 54.276991559
POLYGON_POINT 48.237255966 54.277172504 48.237359812 54.277259133
POLYGON_POINT 48.237255966 54.277172504 48.237255966 54.277172504
POLYGON_POINT 48.241700409 54.281310291 48.241700409 54.281310291
POLYGON_POINT 48.241700409 54.281310291 48.241848337 54.281450230
POLYGON_POINT 48.241479912 54.281806956 48.241312361 54.281876925
POLYGON_POINT 48.241479912 54.281806956 48.241479912 54.281806956
POLYGON_POINT 48.241134481 54.281959683 48.241134481 54.281959683
POLYGON_POINT 48.241055836 54.281887168 48.241055836 54.281887168
POLYGON_POINT 48.241055836 54.281887168 48.241381837 54.281783781
POLYGON_POINT 48.241585544 54.281340506 48.241432605 54.281176026
POLYGON_POINT 48.241585544 54.281340506 48.241585544 54.281340506
POLYGON_POINT 48.239740634 54.279635637 48.239740634 54.279635637
POLYGON_POINT 48.238680428 54.280003925 48.238680428 54.280003925
POLYGON_POINT 48.238723215 54.280037149 48.238723215 54.280037149
POLYGON_POINT 48.238292269 54.280217800 48.238292269 54.280217800
POLYGON_POINT 48.238153385 54.280092389 48.238153385 54.280092389
POLYGON_POINT 48.238337191 54.280029636 48.238337191 54.280029636
POLYGON_POINT 48.238476178 54.280029084 48.238476178 54.280029084
POLYGON_POINT 48.239705489 54.279603160 48.239705489 54.279603160
POLYGON_POINT 48.237166033 54.277229901 48.237166033 54.277229901
POLYGON_POINT 48.237166033 54.277229901 48.237048656 54.277149619
POLYGON_POINT 48.236553874 54.277040072 48.236309059 54.277000910
POLYGON_POINT 48.236553874 54.277040072 48.236553874 54.277040072
POLYGON_POINT 48.233587283 54.276704740 48.233436370 54.276792854
POLYGON_POINT 48.233587283 54.276704740 48.233587283 54.276704740
END_WINDING
END_POLYGON
BEGIN_POLYGON 2 32 4
BEGIN_WINDING
POLYGON_POINT 48.230147732 54.269988480 48.230147732 54.269988480
POLYGON_POINT 48.230147732 54.269988480 48.230264157 54.270055109
POLYGON_POINT 48.230562515 54.270048217 48.230657984 54.270016942
POLYGON_POINT 48.230562515 54.270048217 48.230562515 54.270048217
POLYGON_POINT 48.231728702 54.269631864 48.231728702 54.269631864
POLYGON_POINT 48.231756723 54.269659842 48.231756723 54.269659842
POLYGON_POINT 48.230587907 54.270078289 48.230587907 54.270078289
POLYGON_POINT 48.230587907 54.270078289 48.230510328 54.270109865
POLYGON_POINT 48.230033433 54.270034115 48.229864169 54.269951743
POLYGON_POINT 48.230033433 54.270034115 48.230033433 54.270034115
END_WINDING
END_POLYGON
BEGIN_POLYGON 2 32 4
BEGIN_WINDING
POLYGON_POINT 48.231864989 54.269767943 48.231864989 54.269767943
POLYGON_POINT 48.231908474 54.269811361 48.231908474 54.269811361
POLYGON_POINT 48.230736435 54.270232245 48.230736435 54.270232245
POLYGON_POINT 48.230736435 54.270232245 48.230606427 54.270280971
POLYGON_POINT 48.230644959 54.270450121 48.230676006 54.270522643
POLYGON_POINT 48.230644959 54.270450121 48.230644959 54.270450121
POLYGON_POINT 48.237033439 54.276381379 48.237033439 54.276381379
POLYGON_POINT 48.237033439 54.276381379 48.237218549 54.276520012
POLYGON_POINT 48.237673689 54.276418686 48.237673689 54.276418686
POLYGON_POINT 48.238870158 54.275975446 48.238870158 54.275975446
POLYGON_POINT 48.238944530 54.276040999 48.238944530 54.276040999
POLYGON_POINT 48.237726396 54.276479155 48.237726396 54.276479155
POLYGON_POINT 48.236915245 54.276431055 48.236627452 54.276234154
POLYGON_POINT 48.236915245 54.276431055 48.236915245 54.276431055
POLYGON_POINT 48.230510509 54.270477577 48.230510509 54.270477577
POLYGON_POINT 48.230510509 54.270477577 48.230465842 54.270388341
POLYGON_POINT 48.230700749 54.270196355 48.230830048 54.270151051
POLYGON_POINT 48.230700749 54.270196355 48.230700749 54.270196355
END_WINDING
END_POLYGON
BEGIN_POLYGON 2 32 4
BEGIN_WINDING
POLYGON_POINT 48.227866688 54.270424046 48.227866688 54.270424046
POLYGON_POINT 48.228152122 54.269664408 48.228152122 54.269664408
POLYGON_POINT 48.228558237 54.269381073 48.228692236 54.269376954
POLYGON_POINT 48.229115784 54.269593975 48.229245888 54.269675747
POLYGON_POINT 48.229115784 54.269593975 48.229115784 54.269593975
POLYGON_POINT 48.236064914 54.276063632 48.236064914 54.276063632
POLYGON_POINT 48.236064914 54.276063632 48.236200855 54.276176430
POLYGON_POINT 48.236313323 54.276537890 48.236270394 54.276600555
POLYGON_POINT 48.235519651 54.276607634 48.235061548 54.276586561
POLYGON_POINT 48.235519651 54.276607634 48.235519651 54.276607634
POLYGON_POINT 48.233703731 54.276365514 48.233703731 54.276365514
POLYGON_POINT 48.233731644 54.276284202 48.233731644 54.276284202
POLYGON_POINT 48.235513246 54.276535428 48.235513246 54.276535428
POLYGON_POINT 48.235513246 54.276535428 48.235822299 54.276549526
POLYGON_POINT 48.236193872 54.276493212 48.236227675 54.276428360
POLYGON_POINT 48.235950543 54.276099368 48.235815332 54.276003500
POLYGON_POINT 48.235950543 54.276099368 48.235950543 54.276099368
POLYGON_POINT 48.232040412 54.272473930 48.232040412 54.272473930
POLYGON_POINT 48.232040412 54.272473930 48.231951147 54.272467131
POLYGON_POINT 48.231823379 54.272582934 48.231823379 54.272582934
POLYGON_POINT 48.231938816 54.272684660 48.231938816 54.272684660
POLYGON_POINT 48.231577486 54.272851737 48.231577486 54.272851737
POLYGON_POINT 48.231228418 54.272578662 48.231228418 54.272578662
POLYGON_POINT 48.231596907 54.272405676 48.231596907 54.272405676
POLYGON_POINT 48.231723810 54.272498762 48.231723810 54.272498762
POLYGON_POINT 48.231987071 54.272424742 48.231975428 54.272377150
POLYGON_POINT 48.231987071 54.272424742 48.231987071 54.272424742
POLYGON_POINT 48.229030364 54.269662883 48.229030364 54.269662883
POLYGON_POINT 48.229030364 54.269662883 48.228909657 54.269580643
POLYGON_POINT 48.228574201 54.269486837 48.228440082 54.269490753
POLYGON_POINT 48.228278709 54.269700003 48.228278709 54.269700003
POLYGON_POINT 48.227996742 54.270437578 48.227996742 54.270437578
END_WINDING
END_POLYGON
BEGIN_POLYGON 2 32 4
BEGIN_WINDING
POLYGON_POINT 48.243512775 54.280265613 48.243512775 54.280265613
POLYGON_POINT 48.243512775 54.280265613 48.243919266 54.280521731
POLYGON_POINT 48.244045779 54.280640864 48.244045779 54.280640864
POLYGON_POINT 48.244045779 54.280640864 48.244247012 54.280866436
POLYGON_POINT 48.243465944 54.281435019 48.243135922 54.281552504
POLYGON_POINT 48.243465944 54.281435019 48.243465944 54.281435019
POLYGON_POINT 48.241395826 54.282200657 48.241395826 54.282200657
POLYGON_POINT 48.241320412 54.282131153 48.241320412 54.282131153
POLYGON_POINT 48.241642419 54.282012897 48.241642419 54.282012897
POLYGON_POINT 48.243380325 54.281374655 48.243380325 54.281374655
POLYGON_POINT 48.243380325 54.281374655 48.243726519 54.281246551
POLYGON_POINT 48.243902044 54.280657270 48.243736261 54.280480770
POLYGON_POINT 48.243902044 54.280657270 48.243902044 54.280657270
POLYGON_POINT 48.243902044 54.280657270 48.243825655 54.280575943
END_WINDING
END_POLYGON
BEGIN_POLYGON 0 32 4
BEGIN_WINDING
POLYGON_POINT 48.236447078 54.284234240 48.236447078 54.284234240
POLYGON_POINT 48.237469356 54.285251189 48.237469356 54.285251189
POLYGON_POINT 48.237064301 54.285397350 48.237064301 54.285397350
POLYGON_POINT 48.236977713 54.285428595 48.236977713 54.285428595
POLYGON_POINT 48.235470928 54.285972308 48.235470928 54.285972308
POLYGON_POINT 48.235130844 54.285663987 48.235130844 54.285663987
POLYGON_POINT 48.236495043 54.285180085 48.236495043 54.285180085
POLYGON_POINT 48.236657328 54.285119191 48.236657328 54.285119191
POLYGON_POINT 48.236063783 54.284572372 48.236063783 54.284572372
POLYGON_POINT 48.236063783 54.284572372 48.236010116 54.284529294
POLYGON_POINT 48.236112468 54.284365297 48.236199677 54.284330051
POLYGON_POINT 48.236112468 54.284365297 48.236112468 54.284365297
END_WINDING
END_POLYGON
BEGIN_POLYGON 0 32 2
BEGIN_WINDING
POLYGON_POINT 48.229711776 54.287674509
POLYGON_POINT 48.230130580 54.288063822
POLYGON_POINT 48.230354320 54.287984646
POLYGON_POINT 48.230791368 54.288421128
POLYGON_POINT 48.230123624 54.288664746
POLYGON_POINT 48.230458656 54.289007165
POLYGON_POINT 48.229741062 54.289269731
POLYGON_POINT 48.229281988 54.288884002
POLYGON_POINT 48.228329061 54.289233188
POLYGON_POINT 48.228112276 54.289027466
POLYGON_POINT 48.229187238 54.288622514
POLYGON_POINT 48.228460480 54.288202910
POLYGON_POINT 48.228347077 54.288224918
POLYGON_POINT 48.226570879 54.286682351
POLYGON_POINT 48.227053961 54.286513339
POLYGON_POINT 48.227237421 54.286687309
POLYGON_POINT 48.228710292 54.288017082
END_WINDING
END_POLYGON
BEGIN_POLYGON 0 32 2
BEGIN_WINDING
POLYGON_POINT 48.237687311 54.272655015
POLYGON_POINT 48.238186061 54.273124372
POLYGON_POINT 48.237618927 54.273337927
POLYGON_POINT 48.237110764 54.272865499
END_WINDING
END_POLYGON
BEGIN_POLYGON 3 32 2
BEGIN_WINDING
POLYGON_POINT 48.234509721 54.287114394
POLYGON_POINT 48.234844581 54.287431642
POLYGON_POINT 48.233514783 54.287904714
POLYGON_POINT 48.233185413 54.287590670
POLYGON_POINT 48.233890161 54.287337603
POLYGON_POINT 48.233587711 54.287039911
POLYGON_POINT 48.233799433 54.286965645
POLYGON_POINT 48.234100442 54.287261941
END_WINDING
END_POLYGON
BEGIN_POLYGON 4 32 2
BEGIN_WINDING
POLYGON_POINT 48.234353765 54.286233942
POLYGON_POINT 48.234603328 54.286475962
POLYGON_POINT 48.234682205 54.286558782
POLYGON_POINT 48.234090070 54.286773870
POLYGON_POINT 48.234152693 54.286841733
POLYGON_POINT 48.233799433 54.286965645
POLYGON_POINT 48.233587711 54.287039911
POLYGON_POINT 48.232891752 54.287284032
POLYGON_POINT 48.232482043 54.286920057
END_WINDING
END_POLYGON
BEGIN_POLYGON 3 32 2
BEGIN_WINDING
POLYGON_POINT 48.230273991 54.262587047
POLYGON_POINT 48.230311324 54.262648559
POLYGON_POINT 48.225955543 54.262854544
POLYGON_POINT 48.226061706 54.263299386
POLYGON_POINT 48.225157010 54.263380266
POLYGON_POINT 48.224995457 54.262897680
POLYGON_POINT 48.223006527 54.262984122
POLYGON_POINT 48.222687167 54.263061866
POLYGON_POINT 48.222615643 54.262995461
POLYGON_POINT 48.222989930 54.262931294
END_WINDING
END_POLYGON
BEGIN_POLYGON 3 32 2
BEGIN_WINDING
POLYGON_POINT 48.239834754 54.271055197
POLYGON_POINT 48.239892998 54.271111988
POLYGON_POINT 48.236559709 54.272280513
POLYGON_POINT 48.236523121 54.272319180
POLYGON_POINT 48.236436621 54.272238763
POLYGON_POINT 48.236511467 54.272237175
POLYGON_POINT 48.237921521 54.271733391
POLYGON_POINT 48.237916177 54.271678784
POLYGON_POINT 48.237819854 54.271596149
POLYGON_POINT 48.237934636 54.271554733
POLYGON_POINT 48.238012362 54.271650701
POLYGON_POINT 48.238116562 54.271661622
END_WINDING
END_POLYGON
BEGIN_POLYGON 2 32 2
BEGIN_WINDING
POLYGON_POINT 48.243792367 54.282214389
POLYGON_POINT 48.244291112 54.282709377
POLYGON_POINT 48.244026892 54.282800109
POLYGON_POINT 48.243528147 54.282305122
END_WINDING
END_POLYGON
BEGIN_POLYGON 3 32 2
BEGIN_WINDING
POLYGON_POINT 48.236510814 54.267974399
POLYGON_POINT 48.236668543 54.268120433
POLYGON_POINT 48.236279912 54.268262583
POLYGON_POINT 48.236123648 54.268118643
END_WINDING
END_POLYGON
BEGIN_POLYGON 3 32 2
BEGIN_WINDING
POLYGON_POINT 48.241074742 54.272175909
POLYGON_POINT 48.241130050 54.272233753
POLYGON_POINT 48.240136493 54.272557677
POLYGON_POINT 48.240436663 54.272871611
POLYGON_POINT 48.241445438 54.272542725
POLYGON_POINT 48.241512582 54.272612949
POLYGON_POINT 48.239857838 54.273152437
POLYGON_POINT 48.239503358 54.272783848
POLYGON_POINT 48.237687127 54.273401331
POLYGON_POINT 48.237637245 54.273354957
POLYGON_POINT 48.239698777 54.272653522
POLYGON_POINT 48.238781562 54.271775294
POLYGON_POINT 48.239062847 54.271683588
POLYGON_POINT 48.239367728 54.271966603
POLYGON_POINT 48.239166193 54.272041764
POLYGON_POINT 48.239364609 54.272249279
POLYGON_POINT 48.239634140 54.272161405
POLYGON_POINT 48.240014000 54.272521531
END_WINDING
END_POLYGON
BEGIN_POLYGON 5 32 2
BEGIN_WINDING
POLYGON_POINT 48.237133990 54.269233026
POLYGON_POINT 48.237955741 54.270001389
POLYGON_POINT 48.237738762 54.270076877
POLYGON_POINT 48.237078591 54.269483755
POLYGON_POINT 48.234717748 54.270330230
POLYGON_POINT 48.234567146 54.270500754
POLYGON_POINT 48.234339830 54.270289424
POLYGON_POINT 48.234583095 54.270238116
POLYGON_POINT 48.236978803 54.269384849
END_WINDING
END_POLYGON
BEGIN_POLYGON 3 32 2
BEGIN_WINDING
POLYGON_POINT 48.242287693 54.275667925
POLYGON_POINT 48.244899185 54.278101229
POLYGON_POINT 48.247483310 54.278738141
POLYGON_POINT 48.249946164 54.280930955
POLYGON_POINT 48.250019693 54.281638033
POLYGON_POINT 48.247071790 54.283241209
POLYGON_POINT 48.247662589 54.287254306
POLYGON_POINT 48.248008567 54.287743687
POLYGON_POINT 48.248037968 54.288280370
POLYGON_POINT 48.249510482 54.288278885
POLYGON_POINT 48.249531102 54.289134693
POLYGON_POINT 48.248301479 54.289127984
POLYGON_POINT 48.248285588 54.288337568
POLYGON_POINT 48.248037168 54.288336377
POLYGON_POINT 48.248117611 54.289537205
POLYGON_POINT 48.247548313 54.289756682
POLYGON_POINT 48.247593716 54.290056521
POLYGON_POINT 48.247121941 54.290178984
POLYGON_POINT 48.247048042 54.290276040
POLYGON_POINT 48.243742567 54.290694434
POLYGON_POINT 48.243226800 54.290613554
POLYGON_POINT 48.240474174 54.287449861
POLYGON_POINT 48.238592096 54.286941286
POLYGON_POINT 48.236977713 54.285428595
POLYGON_POINT 48.237064301 54.285397350
POLYGON_POINT 48.238648802 54.286900548
POLYGON_POINT 48.240554685 54.287384221
POLYGON_POINT 48.243298667 54.290560844
POLYGON_POINT 48.243742942 54.290636936
POLYGON_POINT 48.246923026 54.290238323
POLYGON_POINT 48.246834163 54.290141644
POLYGON_POINT 48.247498329 54.289967212
POLYGON_POINT 48.247448448 54.289737512
POLYGON_POINT 48.248030402 54.289517518
POLYGON_POINT 48.247942342 54.287740622
POLYGON_POINT 48.247574640 54.287256488
POLYGON_POINT 48.246969854 54.283207743
POLYGON_POINT 48.249925990 54.281618223
POLYGON_POINT 48.249856400 54.280945182
POLYGON_POINT 48.247431565 54.278783269
POLYGON_POINT 48.244834508 54.278136219
POLYGON_POINT 48.242208237 54.275695538
END_WINDING
END_POLYGON
BEGIN_POLYGON 6 65535 4
BEGIN_WINDING
POLYGON_POINT 48.208183602 54.253837588 0.876000000 0.001000000
POLYGON_POINT 48.208488052 54.254126223 1.000000000 0.001000000
POLYGON_POINT 48.208250367 54.254212034 1.000000000 0.247000000
POLYGON_POINT 48.207935235 54.253923399 0.876000000 0.247000000
END_WINDING
END_POLYGON
BEGIN_POLYGON 6 65535 4
BEGIN_WINDING
POLYGON_POINT 48.210616966 54.256105736 0.876000000 0.001000000
POLYGON_POINT 48.210921433 54.256394371 1.000000000 0.001000000
POLYGON_POINT 48.210683735 54.256480181 1.000000000 0.247000000
POLYGON_POINT 48.210368586 54.256191546 0.876000000 0.247000000
END_WINDING
END_POLYGON
BEGIN_POLYGON 6 65535 4
BEGIN_WINDING
POLYGON_POINT 48.213061458 54.258384818 0.876000000 0.001000000
POLYGON_POINT 48.213365941 54.258673453 1.000000000 0.001000000
POLYGON_POINT 48.213128231 54.258759264 1.000000000 0.247000000
POLYGON_POINT 48.212813064 54.258470628 0.876000000 0.247000000
END_WINDING
END_POLYGON
BEGIN_POLYGON 7 1 2
BEGIN_WINDING
POLYGON_POINT 48.233061052 54.269528822
POLYGON_POINT 48.238916405 54.274982714
POLYGON_POINT 48.238883954 54.275051787
POLYGON_POINT 48.238826792 54.275074170
POLYGON_POINT 48.238697310 54.275068535
POLYGON_POINT 48.238593824 54.274976678
POLYGON_POINT 48.238619116 54.274892588
POLYGON_POINT 48.232910701 54.269581706
POLYGON_POINT 48.232916699 54.269543761
POLYGON_POINT 48.232990115 54.269515179
END_WINDING
END_POLYGON
BEGIN_POLYGON 7 1 2
BEGIN_WINDING
POLYGON_POINT 48.240115288 54.276026073
POLYGON_POINT 48.243879268 54.279533677
POLYGON_POINT 48.243861865 54.279572648
POLYGON_POINT 48.243758874 54.279607054
POLYGON_POINT 48.239981004 54.276081171
POLYGON_POINT 48.239990853 54.276055111
POLYGON_POINT 48.240080253 54.276021536
END_WINDING
END_POLYGON
BEGIN_POLYGON 7 1 2
BEGIN_WINDING
POLYGON_POINT 48.239708182 54.276205619
POLYGON_POINT 48.243522673 54.279770193
POLYGON_POINT 48.243443366 54.279799775
POLYGON_POINT 48.243373090 54.279795274
POLYGON_POINT 48.239581548 54.276281070
POLYGON_POINT 48.239608954 54.276239731
END_WINDING
END_POLYGON
BEGIN_POLYGON 8 0 4
BEGIN_WINDING
POLYGON_POINT 48.237422498 54.271133301 48.237422498 54.271133301
POLYGON_POINT 48.237526084 54.271161541 48.237546478 54.271179405
POLYGON_POINT 48.237526084 54.271161541 48.237526084 54.271161541
END_WINDING
END_POLYGON
BEGIN_POLYGON 8 0 2
BEGIN_WINDING
POLYGON_POINT 48.235951321 54.271726837
POLYGON_POINT 48.235968622 54.271681878
END_WINDING
END_POLYGON
BEGIN_POLYGON 9 1 2
BEGIN_WINDING
POLYGON_POINT 48.237422498 54.271133301
POLYGON_POINT 48.237233030 54.270963685
POLYGON_POINT 48.237136840 54.270956093
POLYGON_POINT 48.235797795 54.271469536
POLYGON_POINT 48.235789376 54.271509261
POLYGON_POINT 48.235968622 54.271681878
POLYGON_POINT 48.235978081 54.271668719
POLYGON_POINT 48.237386861 54.271131011
END_WINDING
END_POLYGON
BEGIN_POLYGON 9 0 2
BEGIN_WINDING
POLYGON_POINT 48.237684794 54.271356358
POLYGON_POINT 48.237621234 54.271251060
POLYGON_POINT 48.237526084 54.271161541
POLYGON_POINT 48.237265743 54.270930799
POLYGON_POINT 48.237135855 54.270919682
END_WINDING
END_POLYGON
BEGIN_POLYGON 9 0 4
BEGIN_WINDING
POLYGON_POINT 48.235768769 54.271443784 48.235768769 54.271443784
POLYGON_POINT 48.235768769 54.271443784 48.235740319 54.271455574
POLYGON_POINT 48.235744211 54.271527735 48.235768990 54.271552923
POLYGON_POINT 48.235744211 54.271527735 48.235744211 54.271527735
POLYGON_POINT 48.235951321 54.271726837 48.235951321 54.271726837
POLYGON_POINT 48.236025856 54.271799069 48.236025856 54.271799069
POLYGON_POINT 48.236141622 54.271811108 48.236141622 54.271811108
POLYGON_POINT 48.237476657 54.271306632 48.237476657 54.271306632
POLYGON_POINT 48.237522381 54.271310490 48.237522381 54.271310490
POLYGON_POINT 48.237857941 54.271605532 48.237857941 54.271605532
END_WINDING
END_POLYGON
BEGIN_POLYGON 9 1 2
BEGIN_WINDING
POLYGON_POINT 48.238591829 54.271123526
POLYGON_POINT 48.238669470 54.271198203
POLYGON_POINT 48.238664903 54.271218206
POLYGON_POINT 48.237857899 54.271512324
POLYGON_POINT 48.237736020 54.271401549
POLYGON_POINT 48.237752575 54.271366132
POLYGON_POINT 48.237970627 54.271296678
POLYGON_POINT 48.238211498 54.271258365
END_WINDING
END_POLYGON
BEGIN_POLYGON 9 0 2
BEGIN_WINDING
POLYGON_POINT 48.238148816 54.271231541
POLYGON_POINT 48.238004951 54.271250210
POLYGON_POINT 48.237684794 54.271356358
END_WINDING
END_POLYGON
BEGIN_POLYGON 9 0 2
BEGIN_WINDING
POLYGON_POINT 48.238580411 54.271054183
POLYGON_POINT 48.238760813 54.271216872
POLYGON_POINT 48.237897623 54.271536917
POLYGON_POINT 48.237938727 54.271576922
END_WINDING
END_POLYGON
BEGIN_POLYGON 10 0 2
BEGIN_WINDING
POLYGON_POINT 48.234402337 54.270399246
POLYGON_POINT 48.234161683 54.270491012
END_WINDING
END_POLYGON
BEGIN_POLYGON 10 0 2
BEGIN_WINDING
POLYGON_POINT 48.234240330 54.270567125
POLYGON_POINT 48.234074284 54.270412413
END_WINDING
END_POLYGON
BEGIN_POLYGON 10 0 2
BEGIN_WINDING
POLYGON_POINT 48.236268076 54.272456460
POLYGON_POINT 48.236136473 54.272333841
END_WINDING
END_POLYGON
BEGIN_POLYGON 9 0 4
BEGIN_WINDING
POLYGON_POINT 48.236426254 54.272283887 48.236426254 54.272283887
POLYGON_POINT 48.236250222 54.272345006 48.236250222 54.272345006
POLYGON_POINT 48.236250222 54.272345006 48.236229606 54.272353340
POLYGON_POINT 48.236136473 54.272333841 48.236115857 54.272317172
POLYGON_POINT 48.236136473 54.272333841 48.236136473 54.272333841
POLYGON_POINT 48.234240330 54.270567125 48.234240330 54.270567125
POLYGON_POINT 48.234240330 54.270567125 48.234222710 54.270548475
POLYGON_POINT 48.234284318 54.270501474 48.234315153 54.270487969
POLYGON_POINT 48.234284318 54.270501474 48.234284318 54.270501474
POLYGON_POINT 48.234455584 54.270437465 48.234455584 54.270437465
END_WINDING
END_POLYGON
BEGIN_POLYGON 10 0 2
BEGIN_WINDING
POLYGON_POINT 48.239886000 54.275583396
POLYGON_POINT 48.240071973 54.275650070
END_WINDING
END_POLYGON
BEGIN_POLYGON 10 0 2
BEGIN_WINDING
POLYGON_POINT 48.239873376 54.275536170
POLYGON_POINT 48.240152376 54.275788993
POLYGON_POINT 48.240457034 54.276062586
END_WINDING
END_POLYGON
BEGIN_POLYGON 10 0 4
BEGIN_WINDING
POLYGON_POINT 48.240293212 54.275605799 48.240293212 54.275605799
POLYGON_POINT 48.240293212 54.275605799 48.240250258 54.275622519
POLYGON_POINT 48.240014354 54.275595335 48.239968096 54.275579258
POLYGON_POINT 48.240014354 54.275595335 48.240014354 54.275595335
POLYGON_POINT 48.239873376 54.275536170 48.239873376 54.275536170
POLYGON_POINT 48.239122637 54.275114676 48.239122637 54.275114676
END_WINDING
END_POLYGON
BEGIN_POLYGON 10 0 4
BEGIN_WINDING
POLYGON_POINT 48.240690978 54.275458001 48.240690978 54.275458001
POLYGON_POINT 48.240293212 54.275605799 48.240293212 54.275605799
POLYGON_POINT 48.240293212 54.275605799 48.240195136 54.275641206
POLYGON_POINT 48.240152376 54.275788993 48.240158975 54.275836426
POLYGON_POINT 48.240075369 54.275957018 48.239979255 54.275988798
POLYGON_POINT 48.240075369 54.275957018 48.240075369 54.275957018
POLYGON_POINT 48.239620779 54.276123133 48.239620779 54.276123133
END_WINDING
END_POLYGON
BEGIN_POLYGON 9 1 2
BEGIN_WINDING
POLYGON_POINT 48.240071973 54.275650070
POLYGON_POINT 48.240149071 54.275648784
POLYGON_POINT 48.240114928 54.275691228
END_WINDING
END_POLYGON
BEGIN_POLYGON 9 0 4
BEGIN_WINDING
POLYGON_POINT 48.240724315 54.275485966 48.240724315 54.275485966
POLYGON_POINT 48.240319803 54.275637667 48.240319803 54.275637667
POLYGON_POINT 48.240319803 54.275637667 48.240217855 54.275676072
POLYGON_POINT 48.240263300 54.275833539 48.240322496 54.275896908
POLYGON_POINT 48.240263300 54.275833539 48.240263300 54.275833539
POLYGON_POINT 48.244156215 54.279461938 48.244156215 54.279461938
POLYGON_POINT 48.244156215 54.279461938 48.244206463 54.279513945
POLYGON_POINT 48.244055264 54.279617076 48.243977607 54.279649080
POLYGON_POINT 48.244055264 54.279617076 48.244055264 54.279617076
POLYGON_POINT 48.243467121 54.279837159 48.243467121 54.279837159
POLYGON_POINT 48.243467121 54.279837159 48.243432860 54.279851605
POLYGON_POINT 48.243326271 54.279813823 48.243303431 54.279788264
POLYGON_POINT 48.243326271 54.279813823 48.243326271 54.279813823
POLYGON_POINT 48.239432391 54.276190896 48.239432391 54.276190896
POLYGON_POINT 48.239432391 54.276190896 48.239404985 54.276165559
POLYGON_POINT 48.239458233 54.276116713 48.239490207 54.276106045
POLYGON_POINT 48.239458233 54.276116713 48.239458233 54.276116713
POLYGON_POINT 48.240002152 54.275921105 48.240002152 54.275921105
POLYGON_POINT 48.240002152 54.275921105 48.240080168 54.275886807
POLYGON_POINT 48.240062805 54.275757695 48.240024256 54.275716430
POLYGON_POINT 48.240062805 54.275757695 48.240062805 54.275757695
POLYGON_POINT 48.239886000 54.275583396 48.239886000 54.275583396
POLYGON_POINT 48.239090258 54.275138791 48.239090258 54.275138791
POLYGON_POINT 48.238665263 54.275093615 48.238665263 54.275093615
POLYGON_POINT 48.238541709 54.274982222 48.238541709 54.274982222
POLYGON_POINT 48.238485329 54.274826408 48.238485329 54.274826408
POLYGON_POINT 48.232865489 54.269600112 48.232865489 54.269600112
POLYGON_POINT 48.232865489 54.269600112 48.232833774 54.269570015
POLYGON_POINT 48.232918163 54.269493330 48.232988201 54.269469407
POLYGON_POINT 48.233103525 54.269507917 48.233139205 54.269541872
POLYGON_POINT 48.233103525 54.269507917 48.233103525 54.269507917
POLYGON_POINT 48.234074284 54.270412413 48.234074284 54.270412413
POLYGON_POINT 48.234074284 54.270412413 48.234100714 54.270434921
POLYGON_POINT 48.234183150 54.270424812 48.234209580 54.270415166
POLYGON_POINT 48.234183150 54.270424812 48.234183150 54.270424812
POLYGON_POINT 48.234358616 54.270356001 48.234358616 54.270356001
END_WINDING
END_POLYGON
BEGIN_POLYGON 9 1 2
BEGIN_WINDING
POLYGON_POINT 48.239708946 54.276203940
POLYGON_POINT 48.243525843 54.279770552
POLYGON_POINT 48.243443748 54.279801003
POLYGON_POINT 48.243371560 54.279796226
POLYGON_POINT 48.239579224 54.276281290
POLYGON_POINT 48.239607405 54.276238958
END_WINDING
END_POLYGON
BEGIN_POLYGON 9 1 4
BEGIN_WINDING
POLYGON_POINT 48.243763551 54.279613906 48.243763551 54.279613906
POLYGON_POINT 48.243915665 54.279634597 48.243915665 54.279634597
POLYGON_POINT 48.244071107 54.279566995 48.244071107 54.279566995
POLYGON_POINT 48.244071107 54.279566995 48.244109935 54.279546992
POLYGON_POINT 48.244101244 54.279467907 48.244076120 54.279431902
POLYGON_POINT 48.244101244 54.279467907 48.244101244 54.279467907
POLYGON_POINT 48.240457034 54.276062586 48.240457034 54.276062586
POLYGON_POINT 48.240457034 54.276062586 48.240391259 54.276004978
POLYGON_POINT 48.240120797 54.276005171 48.240049206 54.276032824
POLYGON_POINT 48.240120797 54.276005171 48.240120797 54.276005171
POLYGON_POINT 48.239989157 54.276054252 48.239989157 54.276054252
POLYGON_POINT 48.239978734 54.276081227 48.239978734 54.276081227
END_WINDING
END_POLYGON
BEGIN_POLYGON 9 1 2
BEGIN_WINDING
POLYGON_POINT 48.239957028 54.276109199
POLYGON_POINT 48.243717097 54.279620624
POLYGON_POINT 48.243680243 54.279711619
POLYGON_POINT 48.243565434 54.279758149
POLYGON_POINT 48.239744438 54.276186155
POLYGON_POINT 48.239758776 54.276138950
POLYGON_POINT 48.239877885 54.276096557
END_WINDING
END_POLYGON
BEGIN_POLYGON 9 0 4
BEGIN_WINDING
POLYGON_POINT 48.240671435 54.275425164 48.240671435 54.275425164
POLYGON_POINT 48.240260348 54.275575585 48.240260348 54.275575585
POLYGON_POINT 48.240260348 54.275575585 48.240200873 54.275594106
POLYGON_POINT 48.239969011 54.275549641 48.239909536 54.275520316
POLYGON_POINT 48.239969011 54.275549641 48.239969011 54.275549641
POLYGON_POINT 48.239001365 54.275003179 48.239001365 54.275003179
POLYGON_POINT 48.236268076 54.272456460 48.236268076 54.272456460
POLYGON_POINT 48.236268076 54.272456460 48.236250639 54.272439847
POLYGON_POINT 48.236290468 54.272383370 48.236317083 54.272373188
POLYGON_POINT 48.236290468 54.272383370 48.236290468 54.272383370
POLYGON_POINT 48.236465904 54.272321110 48.236465904 54.272321110
END_WINDING
END_POLYGON
BEGIN_POLYGON 7 1 2
BEGIN_WINDING
POLYGON_POINT 48.237026434 54.270831316
POLYGON_POINT 48.237098544 54.270838918
POLYGON_POINT 48.237146287 54.270876938
POLYGON_POINT 48.237135855 54.270919682
POLYGON_POINT 48.235768122 54.271442805
POLYGON_POINT 48.235701847 54.271436820
POLYGON_POINT 48.235647065 54.271392194
POLYGON_POINT 48.235656580 54.271355173
END_WINDING
END_POLYGON
BEGIN_POLYGON 7 1 2
BEGIN_WINDING
POLYGON_POINT 48.237392704 54.271166813
POLYGON_POINT 48.237464815 54.271174415
POLYGON_POINT 48.237512559 54.271212434
POLYGON_POINT 48.237502126 54.271255179
POLYGON_POINT 48.236134382 54.271778302
POLYGON_POINT 48.236068106 54.271772317
POLYGON_POINT 48.236013325 54.271727691
POLYGON_POINT 48.236022840 54.271690669
END_WINDING
END_POLYGON
BEGIN_POLYGON 7 1 2
BEGIN_WINDING
POLYGON_POINT 48.229247398 54.286682679
POLYGON_POINT 48.229420212 54.286619459
POLYGON_POINT 48.229662633 54.286662166
POLYGON_POINT 48.229794695 54.286787336
POLYGON_POINT 48.229754568 54.286932439
POLYGON_POINT 48.229579904 54.286996217
POLYGON_POINT 48.229336363 54.286954671
POLYGON_POINT 48.229204349 54.286829619
END_WINDING
END_POLYGON
BEGIN_POLYGON 7 1 2
BEGIN_WINDING
POLYGON_POINT 48.229706193 54.286514839
POLYGON_POINT 48.229890379 54.286447459
POLYGON_POINT 48.230124688 54.286492736
POLYGON_POINT 48.230256859 54.286618009
POLYGON_POINT 48.230235940 54.286756671
POLYGON_POINT 48.230032681 54.286830889
POLYGON_POINT 48.229816457 54.286779363
POLYGON_POINT 48.229684336 54.286654208
END_WINDING
END_POLYGON
BEGIN_POLYGON 7 1 2
BEGIN_WINDING
POLYGON_POINT 48.230174646 54.286343467
POLYGON_POINT 48.230340363 54.286282843
POLYGON_POINT 48.230586082 54.286323548
POLYGON_POINT 48.230718363 54.286448923
POLYGON_POINT 48.230676048 54.286595969
POLYGON_POINT 48.230509311 54.286656852
POLYGON_POINT 48.230277962 54.286610277
POLYGON_POINT 48.230145731 54.286485020
END_WINDING
END_POLYGON
BEGIN_POLYGON 7 1 2
BEGIN_WINDING
POLYGON_POINT 48.231694471 54.285651447
POLYGON_POINT 48.232035535 54.285698735
POLYGON_POINT 48.232155877 54.285812654
POLYGON_POINT 48.232093350 54.285978450
POLYGON_POINT 48.231759381 54.286101748
POLYGON_POINT 48.231491272 54.286062020
POLYGON_POINT 48.231356013 54.285944739
POLYGON_POINT 48.231428073 54.285748437
END_WINDING
END_POLYGON
BEGIN_POLYGON 7 1 2
BEGIN_WINDING
POLYGON_POINT 48.233159579 54.285118031
POLYGON_POINT 48.233499054 54.285163835
POLYGON_POINT 48.233615601 54.285281313
POLYGON_POINT 48.233508351 54.285456046
POLYGON_POINT 48.233239781 54.285555199
POLYGON_POINT 48.232943223 54.285523617
POLYGON_POINT 48.232819541 54.285409839
POLYGON_POINT 48.232893184 54.285215020
END_WINDING
END_POLYGON
BEGIN_POLYGON 7 1 2
BEGIN_WINDING
POLYGON_POINT 48.232153411 54.286031121
POLYGON_POINT 48.232413366 54.286056403
POLYGON_POINT 48.232532466 54.286169147
POLYGON_POINT 48.232458782 54.286321882
POLYGON_POINT 48.232179162 54.286424931
POLYGON_POINT 48.231888252 54.286406236
POLYGON_POINT 48.231773144 54.286306427
POLYGON_POINT 48.231821322 54.286154349
END_WINDING
END_POLYGON
BEGIN_POLYGON 7 1 2
BEGIN_WINDING
POLYGON_POINT 48.233857332 54.285524975
POLYGON_POINT 48.233969076 54.285637612
POLYGON_POINT 48.233897017 54.285791849
POLYGON_POINT 48.233617399 54.285894897
POLYGON_POINT 48.233324871 54.285874701
POLYGON_POINT 48.233198279 54.285758247
POLYGON_POINT 48.233297396 54.285606624
POLYGON_POINT 48.233566108 54.285506913
END_WINDING
END_POLYGON
BEGIN_POLYGON 7 1 2
BEGIN_WINDING
POLYGON_POINT 48.234660406 54.284751860
POLYGON_POINT 48.234818948 54.284769634
POLYGON_POINT 48.234947051 54.284890220
POLYGON_POINT 48.234916627 54.284993979
POLYGON_POINT 48.234692446 54.285114565
POLYGON_POINT 48.234514703 54.285093065
POLYGON_POINT 48.234386580 54.284975062
POLYGON_POINT 48.234451900 54.284828235
END_WINDING
END_POLYGON
BEGIN_POLYGON 7 1 2
BEGIN_WINDING
POLYGON_POINT 48.235452661 54.284533804
POLYGON_POINT 48.235760824 54.284584868
POLYGON_POINT 48.235925018 54.284736606
POLYGON_POINT 48.235793804 54.284967493
POLYGON_POINT 48.235662030 54.285016725
POLYGON_POINT 48.235250310 54.284980454
POLYGON_POINT 48.235091444 54.284836293
POLYGON_POINT 48.235143769 54.284647874
END_WINDING
END_POLYGON
BEGIN_POLYGON 10 0 2
BEGIN_WINDING
POLYGON_POINT 48.237892962 54.271588280
POLYGON_POINT 48.237553594 54.271287312
END_WINDING
END_POLYGON
BEGIN_POLYGON 9 0 4
BEGIN_WINDING
POLYGON_POINT 48.233345898 54.286125466 48.233345898 54.286125466
POLYGON_POINT 48.233419891 54.286194824 48.233419891 54.286194824
POLYGON_POINT 48.233419891 54.286194824 48.233453252 54.286222867
POLYGON_POINT 48.233740108 54.286243146 48.233822844 54.286215882
POLYGON_POINT 48.233740108 54.286243146 48.233740108 54.286243146
END_WINDING
END_POLYGON
BEGIN_POLYGON 9 0 4
BEGIN_WINDING
POLYGON_POINT 48.233266568 54.286158211 48.233266568 54.286158211
POLYGON_POINT 48.233416940 54.286294541 48.233416940 54.286294541
POLYGON_POINT 48.233416940 54.286294541 48.233441405 54.286317261
POLYGON_POINT 48.233372088 54.286384664 48.233338727 54.286398296
POLYGON_POINT 48.233372088 54.286384664 48.233372088 54.286384664
POLYGON_POINT 48.232995104 54.286516441 48.232995104 54.286516441
POLYGON_POINT 48.232995104 54.286516441 48.232961743 54.286529424
POLYGON_POINT 48.232852762 54.286498265 48.232829409 54.286480738
POLYGON_POINT 48.232852762 54.286498265 48.232852762 54.286498265
POLYGON_POINT 48.232702218 54.286361926 48.232702218 54.286361926
END_WINDING
END_POLYGON
BEGIN_POLYGON 9 0 4
BEGIN_WINDING
POLYGON_POINT 48.232592769 54.286678781 48.232592769 54.286678781
POLYGON_POINT 48.232692803 54.286643586 48.232692803 54.286643586
POLYGON_POINT 48.232692803 54.286643586 48.232735506 54.286624891
POLYGON_POINT 48.232762195 54.286517392 48.232728834 54.286484675
POLYGON_POINT 48.232762195 54.286517392 48.232762195 54.286517392
POLYGON_POINT 48.232623709 54.286390767 48.232623709 54.286390767
END_WINDING
END_POLYGON
BEGIN_POLYGON 8 0 2
BEGIN_WINDING
POLYGON_POINT 48.233222372 54.286170844
POLYGON_POINT 48.233345898 54.286125466
POLYGON_POINT 48.233533533 54.286056537
END_WINDING
END_POLYGON
BEGIN_POLYGON 8 0 2
BEGIN_WINDING
POLYGON_POINT 48.232473724 54.286445865
POLYGON_POINT 48.232623709 54.286390767
POLYGON_POINT 48.232702218 54.286361926
POLYGON_POINT 48.232735801 54.286349589
END_WINDING
END_POLYGON
BEGIN_POLYGON 10 0 2
BEGIN_WINDING
POLYGON_POINT 48.231090592 54.286590594
POLYGON_POINT 48.231101556 54.286527662
POLYGON_POINT 48.231199288 54.286613724
END_WINDING
END_POLYGON
BEGIN_POLYGON 10 0 4
BEGIN_WINDING
POLYGON_POINT 48.231871838 54.286464705 48.231871838 54.286464705
POLYGON_POINT 48.231871838 54.286464705 48.231907868 54.286499759
POLYGON_POINT 48.231819636 54.286612194 48.231764923 54.286635563
POLYGON_POINT 48.231819636 54.286612194 48.231819636 54.286612194
END_WINDING
END_POLYGON
BEGIN_POLYGON 10 0 4
BEGIN_WINDING
POLYGON_POINT 48.231548952 54.286713493 48.231548952 54.286713493
POLYGON_POINT 48.231548952 54.286713493 48.231457763 54.286747249
POLYGON_POINT 48.231288315 54.286692120 48.231252284 54.286660182
POLYGON_POINT 48.231288315 54.286692120 48.231288315 54.286692120
END_WINDING
END_POLYGON
BEGIN_POLYGON 10 0 4
BEGIN_WINDING
POLYGON_POINT 48.230361357 54.286238840 48.230361357 54.286238840
POLYGON_POINT 48.230361357 54.286238840 48.230422742 54.286215471
POLYGON_POINT 48.230611318 54.286285949 48.230611318 54.286285949
POLYGON_POINT 48.230616520 54.286146137 48.230659223 54.286129779
POLYGON_POINT 48.230616520 54.286146137 48.230616520 54.286146137
END_WINDING
END_POLYGON
BEGIN_POLYGON 10 0 4
BEGIN_WINDING
POLYGON_POINT 48.232113258 54.286502312 48.232113258 54.286502312
POLYGON_POINT 48.232113258 54.286502312 48.232060414 54.286521942
POLYGON_POINT 48.231871838 54.286464705 48.231835007 54.286431988
POLYGON_POINT 48.231871838 54.286464705 48.231871838 54.286464705
POLYGON_POINT 48.231346088 54.285991697 48.231346088 54.285991697
POLYGON_POINT 48.231346088 54.285991697 48.231315663 54.285971132
POLYGON_POINT 48.231084490 54.285976118 48.231017234 54.285999487
POLYGON_POINT 48.231084490 54.285976118 48.231084490 54.285976118
POLYGON_POINT 48.230616520 54.286146137 48.230616520 54.286146137
POLYGON_POINT 48.230361357 54.286238840 48.230361357 54.286238840
POLYGON_POINT 48.229202098 54.286660011 48.229202098 54.286660011
POLYGON_POINT 48.229202098 54.286660011 48.229112688 54.286698181
POLYGON_POINT 48.229155039 54.286842279 48.229200411 54.286889018
POLYGON_POINT 48.229155039 54.286842279 48.229155039 54.286842279
POLYGON_POINT 48.229342761 54.287011335 48.229342761 54.287011335
POLYGON_POINT 48.229342761 54.287011335 48.229394805 54.287053400
POLYGON_POINT 48.229615225 54.287020970 48.229669938 54.287000717
POLYGON_POINT 48.229615225 54.287020970 48.229615225 54.287020970
POLYGON_POINT 48.230706234 54.286624386 48.230706234 54.286624386
POLYGON_POINT 48.231090592 54.286590594 48.231090592 54.286590594
POLYGON_POINT 48.231199288 54.286613724 48.231199288 54.286613724
POLYGON_POINT 48.231288315 54.286692120 48.231288315 54.286692120
POLYGON_POINT 48.231288315 54.286692120 48.231322904 54.286731156
POLYGON_POINT 48.231186233 54.286849233 48.231114749 54.286873462
POLYGON_POINT 48.231186233 54.286849233 48.231186233 54.286849233
END_WINDING
END_POLYGON
BEGIN_POLYGON 10 0 4
BEGIN_WINDING
POLYGON_POINT 48.232591632 54.286155065 48.232591632 54.286155065
POLYGON_POINT 48.232591632 54.286155065 48.232642875 54.286198064
POLYGON_POINT 48.232533510 54.286345041 48.232459849 54.286374019
POLYGON_POINT 48.232533510 54.286345041 48.232533510 54.286345041
END_WINDING
END_POLYGON
BEGIN_POLYGON 10 0 4
BEGIN_WINDING
POLYGON_POINT 48.232943010 54.286191794 48.232943010 54.286191794
POLYGON_POINT 48.232943010 54.286191794 48.232869616 54.286219058
POLYGON_POINT 48.232591632 54.286155065 48.232535585 54.286111442
POLYGON_POINT 48.232591632 54.286155065 48.232591632 54.286155065
POLYGON_POINT 48.232035200 54.285637982 48.232035200 54.285637982
END_WINDING
END_POLYGON
BEGIN_POLYGON 10 0 4
BEGIN_WINDING
POLYGON_POINT 48.233273689 54.285891564 48.233273689 54.285891564
POLYGON_POINT 48.233273689 54.285891564 48.233319097 54.285929972
POLYGON_POINT 48.233219758 54.286088226 48.233134502 54.286121224
POLYGON_POINT 48.233219758 54.286088226 48.233219758 54.286088226
END_WINDING
END_POLYGON
BEGIN_POLYGON 10 0 2
BEGIN_WINDING
POLYGON_POINT 48.233600446 54.285945761
POLYGON_POINT 48.233219758 54.286088226
POLYGON_POINT 48.232943010 54.286191794
POLYGON_POINT 48.232533510 54.286345041
POLYGON_POINT 48.232113258 54.286502312
POLYGON_POINT 48.231819636 54.286612194
POLYGON_POINT 48.231548952 54.286713493
POLYGON_POINT 48.231186233 54.286849233
END_WINDING
END_POLYGON
BEGIN_POLYGON 10 0 4
BEGIN_WINDING
POLYGON_POINT 48.234077134 54.285635079 48.234077134 54.285635079
POLYGON_POINT 48.234077134 54.285635079 48.234122542 54.285679978
POLYGON_POINT 48.234346801 54.285666995 48.234424643 54.285651307
POLYGON_POINT 48.234346801 54.285666995 48.234346801 54.285666995
POLYGON_POINT 48.234346801 54.285666995 48.234274519 54.285685928
POLYGON_POINT 48.234037517 54.285782196 48.234037517 54.285782196
END_WINDING
END_POLYGON
BEGIN_POLYGON 10 0 4
BEGIN_WINDING
POLYGON_POINT 48.234037197 54.285398381 48.234037197 54.285398381
POLYGON_POINT 48.234037197 54.285398381 48.233977670 54.285418416
POLYGON_POINT 48.233979648 54.285554316 48.234010216 54.285582178
POLYGON_POINT 48.233979648 54.285554316 48.233979648 54.285554316
END_WINDING
END_POLYGON
BEGIN_POLYGON 10 0 4
BEGIN_WINDING
POLYGON_POINT 48.233781859 54.285371394 48.233781859 54.285371394
POLYGON_POINT 48.233979648 54.285554316 48.233979648 54.285554316
POLYGON_POINT 48.234068487 54.285636479 48.234068487 54.285636479
POLYGON_POINT 48.234068487 54.285636479 48.234097844 54.285662185
POLYGON_POINT 48.234037517 54.285782196 48.233994815 54.285797776
POLYGON_POINT 48.234037517 54.285782196 48.234037517 54.285782196
POLYGON_POINT 48.233600446 54.285945761 48.233600446 54.285945761
POLYGON_POINT 48.233600446 54.285945761 48.233521715 54.285972246
POLYGON_POINT 48.233273689 54.285891564 48.233224760 54.285850668
POLYGON_POINT 48.233273689 54.285891564 48.233273689 54.285891564
POLYGON_POINT 48.232721475 54.285383416 48.232721475 54.285383416
END_WINDING
END_POLYGON
BEGIN_POLYGON 10 0 4
BEGIN_WINDING
POLYGON_POINT 48.234475654 54.285122680 48.234475654 54.285122680
POLYGON_POINT 48.234475654 54.285122680 48.234509014 54.285155397
POLYGON_POINT 48.234428437 54.285254606 48.234383067 54.285273301
POLYGON_POINT 48.234428437 54.285254606 48.234428437 54.285254606
END_WINDING
END_POLYGON
BEGIN_POLYGON 10 0 4
BEGIN_WINDING
POLYGON_POINT 48.234330997 54.284979794 48.234330997 54.284979794
POLYGON_POINT 48.234475654 54.285122680 48.234475654 54.285122680
POLYGON_POINT 48.234475654 54.285122680 48.234506346 54.285152281
POLYGON_POINT 48.234697865 54.285155595 48.234741901 54.285139237
POLYGON_POINT 48.234697865 54.285155595 48.234697865 54.285155595
END_WINDING
END_POLYGON
BEGIN_POLYGON 10 0 4
BEGIN_WINDING
POLYGON_POINT 48.235244392 54.285103637 48.235244392 54.285103637
POLYGON_POINT 48.235244392 54.285103637 48.235205694 54.285070141
POLYGON_POINT 48.234947610 54.285063818 48.234887561 54.285087187
POLYGON_POINT 48.234947610 54.285063818 48.234947610 54.285063818
END_WINDING
END_POLYGON
BEGIN_POLYGON 10 0 4
BEGIN_WINDING
POLYGON_POINT 48.235027380 54.284904765 48.235027380 54.284904765
POLYGON_POINT 48.235027380 54.284904765 48.235073497 54.284949185
POLYGON_POINT 48.234947610 54.285063818 48.234885353 54.285086701
POLYGON_POINT 48.234947610 54.285063818 48.234947610 54.285063818
POLYGON_POINT 48.234697865 54.285155595 48.234697865 54.285155595
POLYGON_POINT 48.234428437 54.285254606 48.234428437 54.285254606
POLYGON_POINT 48.234037197 54.285398381 48.234037197 54.285398381
POLYGON_POINT 48.234037197 54.285398381 48.233949794 54.285421291
POLYGON_POINT 48.233781859 54.285371394 48.233747547 54.285336398
POLYGON_POINT 48.233781859 54.285371394 48.233781859 54.285371394
POLYGON_POINT 48.233593455 54.285189978 48.233593455 54.285189978
END_WINDING
END_POLYGON
BEGIN_POLYGON 10 0 2
BEGIN_WINDING
POLYGON_POINT 48.234854714 54.284746532
POLYGON_POINT 48.235027380 54.284904765
POLYGON_POINT 48.235244392 54.285103637
END_WINDING
END_POLYGON
BEGIN_POLYGON 10 0 2
BEGIN_WINDING
POLYGON_POINT 48.235052785 54.284646534
POLYGON_POINT 48.235478725 54.284488557
END_WINDING
END_POLYGON
BEGIN_POLYGON 8 0 4
BEGIN_WINDING
POLYGON_POINT 48.233725644 54.285052710 48.233725644 54.285052710
POLYGON_POINT 48.233659298 54.285083631 48.233659298 54.285083631
POLYGON_POINT 48.233659298 54.285083631 48.233624710 54.285097092
POLYGON_POINT 48.233593455 54.285189978 48.233608917 54.285205030
POLYGON_POINT 48.233593455 54.285189978 48.233593455 54.285189978
END_WINDING
END_POLYGON
BEGIN_POLYGON 8 0 4
BEGIN_WINDING
POLYGON_POINT 48.231206928 54.285930082 48.231206928 54.285930082
POLYGON_POINT 48.231206928 54.285930082 48.231256970 54.285930082
POLYGON_POINT 48.231298271 54.285943660 48.231298271 54.285943660
POLYGON_POINT 48.231346088 54.285991697 48.231346088 54.285991697
END_WINDING
END_POLYGON
BEGIN_POLYGON 8 0 4
BEGIN_WINDING
POLYGON_POINT 48.234043649 54.284936352 48.234043649 54.284936352
POLYGON_POINT 48.234043649 54.284936352 48.234081635 54.284922265
POLYGON_POINT 48.234175090 54.284929631 48.234200116 54.284933283
POLYGON_POINT 48.234175090 54.284929631 48.234175090 54.284929631
END_WINDING
END_POLYGON
BEGIN_POLYGON 10 0 2
BEGIN_WINDING
POLYGON_POINT 48.233615601 54.285281313
POLYGON_POINT 48.233857332 54.285524975
END_WINDING
END_POLYGON
BEGIN_POLYGON 10 0 2
BEGIN_WINDING
POLYGON_POINT 48.232943223 54.285523617
POLYGON_POINT 48.233198279 54.285758247
END_WINDING
END_POLYGON
BEGIN_POLYGON 10 0 2
BEGIN_WINDING
POLYGON_POINT 48.232155877 54.285812654
POLYGON_POINT 48.232413366 54.286056403
END_WINDING
END_POLYGON
BEGIN_POLYGON 10 0 2
BEGIN_WINDING
POLYGON_POINT 48.231491272 54.286062020
POLYGON_POINT 48.231773144 54.286306427
END_WINDING
END_POLYGON
BEGIN_POLYGON 10 0 2
BEGIN_WINDING
POLYGON_POINT 48.229890379 54.286447459
POLYGON_POINT 48.230174646 54.286343467
END_WINDING
END_POLYGON
BEGIN_POLYGON 10 0 2
BEGIN_WINDING
POLYGON_POINT 48.229420212 54.286619459
POLYGON_POINT 48.229706193 54.286514839
END_WINDING
END_POLYGON
BEGIN_POLYGON 10 0 2
BEGIN_WINDING
POLYGON_POINT 48.230235940 54.286756671
POLYGON_POINT 48.230509311 54.286656852
END_WINDING
END_POLYGON
BEGIN_POLYGON 10 0 2
BEGIN_WINDING
POLYGON_POINT 48.229754568 54.286932439
POLYGON_POINT 48.230032681 54.286830889
END_WINDING
END_POLYGON
BEGIN_POLYGON 11 0 2
BEGIN_WINDING
POLYGON_POINT 48.234440379 54.285694331
POLYGON_POINT 48.234073100 54.285826928
POLYGON_POINT 48.234309507 54.286043219
END_WINDING
END_POLYGON
BEGIN_POLYGON 11 1 2
BEGIN_WINDING
POLYGON_POINT 48.233960633 54.285867532
POLYGON_POINT 48.234156103 54.286055828
POLYGON_POINT 48.234129017 54.286104586
POLYGON_POINT 48.233740108 54.286243146
POLYGON_POINT 48.233505768 54.286031749
END_WINDING
END_POLYGON
BEGIN_POLYGON 11 1 2
BEGIN_WINDING
POLYGON_POINT 48.232735801 54.286349589
POLYGON_POINT 48.233222372 54.286170844
POLYGON_POINT 48.233372302 54.286305650
POLYGON_POINT 48.232889996 54.286482448
END_WINDING
END_POLYGON
BEGIN_POLYGON 11 1 2
BEGIN_WINDING
POLYGON_POINT 48.232473724 54.286445865
POLYGON_POINT 48.232614170 54.286579799
POLYGON_POINT 48.232592769 54.286678781
POLYGON_POINT 48.232375021 54.286758272
POLYGON_POINT 48.232269651 54.286746063
POLYGON_POINT 48.232093234 54.286585640
END_WINDING
END_POLYGON
BEGIN_POLYGON 11 0 2
BEGIN_WINDING
POLYGON_POINT 48.232346041 54.286952703
POLYGON_POINT 48.231962930 54.286605375
POLYGON_POINT 48.231511460 54.286770434
POLYGON_POINT 48.231744834 54.286978777
END_WINDING
END_POLYGON
BEGIN_POLYGON 9 0 4
BEGIN_WINDING
POLYGON_POINT 48.231217194 54.286879383 48.231217194 54.286879383
POLYGON_POINT 48.229948212 54.287357072 48.229948212 54.287357072
POLYGON_POINT 48.229948212 54.287357072 48.229893765 54.287381376
POLYGON_POINT 48.229881801 54.287463680 48.229881801 54.287463680
END_WINDING
END_POLYGON
BEGIN_POLYGON 9 0 4
BEGIN_WINDING
POLYGON_POINT 48.231148014 54.286822848 48.231148014 54.286822848
POLYGON_POINT 48.229879034 54.287300537 48.229879034 54.287300537
POLYGON_POINT 48.229879034 54.287300537 48.229824587 54.287324841
POLYGON_POINT 48.229812622 54.287407146 48.229812622 54.287407146
END_WINDING
END_POLYGON
BEGIN_POLYGON 9 0 4
BEGIN_WINDING
POLYGON_POINT 48.229336363 54.286954671 48.229336363 54.286954671
POLYGON_POINT 48.229336363 54.286954671 48.229383070 54.286998813
POLYGON_POINT 48.229579904 54.286996217 48.229653300 54.286972199
POLYGON_POINT 48.229579904 54.286996217 48.229579904 54.286996217
END_WINDING
END_POLYGON
BEGIN_POLYGON 9 0 4
BEGIN_WINDING
POLYGON_POINT 48.229684999 54.287032242 48.229684999 54.287032242
POLYGON_POINT 48.230735848 54.286650260 48.230735848 54.286650260
POLYGON_POINT 48.230735848 54.286650260 48.230791895 54.286631565
POLYGON_POINT 48.231099973 54.286629662 48.231146679 54.286634336
POLYGON_POINT 48.231099973 54.286629662 48.231099973 54.286629662
POLYGON_POINT 48.231099973 54.286629662 48.231177372 54.286633557
POLYGON_POINT 48.231229416 54.286716908 48.231240092 54.286753520
POLYGON_POINT 48.231148014 54.286822848 48.231091967 54.286842322
POLYGON_POINT 48.231148014 54.286822848 48.231148014 54.286822848
END_WINDING
END_POLYGON
BEGIN_POLYGON 9 0 4
BEGIN_WINDING
POLYGON_POINT 48.231206928 54.285930082 48.231206928 54.285930082
POLYGON_POINT 48.231206928 54.285930082 48.231133719 54.285926295
POLYGON_POINT 48.231067696 54.285943377 48.231067696 54.285943377
POLYGON_POINT 48.229177094 54.286632196 48.229177094 54.286632196
POLYGON_POINT 48.229177094 54.286632196 48.229077939 54.286667194
POLYGON_POINT 48.229090621 54.286841585 48.229155187 54.286898120
POLYGON_POINT 48.229090621 54.286841585 48.229090621 54.286841585
POLYGON_POINT 48.229498420 54.287217538 48.229498420 54.287217538
END_WINDING
END_POLYGON
BEGIN_POLYGON 9 0 4
BEGIN_WINDING
POLYGON_POINT 48.229247398 54.286682679 48.229247398 54.286682679
POLYGON_POINT 48.229247398 54.286682679 48.229170666 54.286708645
POLYGON_POINT 48.229204349 54.286829619 48.229254392 54.286875059
POLYGON_POINT 48.229204349 54.286829619 48.229204349 54.286829619
END_WINDING
END_POLYGON
BEGIN_POLYGON 9 0 4
BEGIN_WINDING
POLYGON_POINT 48.230676048 54.286595969 48.230676048 54.286595969
POLYGON_POINT 48.231005796 54.286566355 48.231005796 54.286566355
POLYGON_POINT 48.231005796 54.286566355 48.231040492 54.286562460
POLYGON_POINT 48.231038633 54.286520589 48.231025288 54.286508125
POLYGON_POINT 48.231038633 54.286520589 48.231038633 54.286520589
POLYGON_POINT 48.231005272 54.286491767 48.231005272 54.286491767
POLYGON_POINT 48.230946555 54.286471514 48.230946555 54.286471514
POLYGON_POINT 48.230718363 54.286448923 48.230718363 54.286448923
END_WINDING
END_POLYGON
BEGIN_POLYGON 9 0 4
BEGIN_WINDING
POLYGON_POINT 48.231356013 54.285944739 48.231356013 54.285944739
POLYGON_POINT 48.231356013 54.285944739 48.231288757 54.285885288
POLYGON_POINT 48.231428073 54.285748437 48.231526074 54.285712542
POLYGON_POINT 48.231428073 54.285748437 48.231428073 54.285748437
END_WINDING
END_POLYGON
BEGIN_POLYGON 9 0 4
BEGIN_WINDING
POLYGON_POINT 48.232819541 54.285409839 48.232819541 54.285409839
POLYGON_POINT 48.232819541 54.285409839 48.232752286 54.285350388
POLYGON_POINT 48.232893184 54.285215020 48.232991184 54.285179125
POLYGON_POINT 48.232893184 54.285215020 48.232893184 54.285215020
END_WINDING
END_POLYGON
BEGIN_POLYGON 9 0 4
BEGIN_WINDING
POLYGON_POINT 48.230586082 54.286323548 48.230586082 54.286323548
POLYGON_POINT 48.230586082 54.286323548 48.230534408 54.286275052
POLYGON_POINT 48.230340363 54.286282843 48.230270860 54.286309350
POLYGON_POINT 48.230340363 54.286282843 48.230340363 54.286282843
END_WINDING
END_POLYGON
BEGIN_POLYGON 9 1 4
BEGIN_WINDING
POLYGON_POINT 48.231406667 54.286308214 48.231406667 54.286308214
POLYGON_POINT 48.231406667 54.286308214 48.231458933 54.286290687
POLYGON_POINT 48.231683274 54.286356769 48.231725532 54.286395718
POLYGON_POINT 48.231683274 54.286356769 48.231683274 54.286356769
POLYGON_POINT 48.231786549 54.286452607 48.231786549 54.286452607
POLYGON_POINT 48.231786549 54.286452607 48.231815462 54.286487012
POLYGON_POINT 48.231734994 54.286603741 48.231683840 54.286627759
POLYGON_POINT 48.231734994 54.286603741 48.231734994 54.286603741
POLYGON_POINT 48.231541169 54.286677824 48.231541169 54.286677824
POLYGON_POINT 48.231541169 54.286677824 48.231490015 54.286696000
POLYGON_POINT 48.231288186 54.286637446 48.231258161 54.286607585
POLYGON_POINT 48.231288186 54.286637446 48.231288186 54.286637446
POLYGON_POINT 48.231176904 54.286543478 48.231176904 54.286543478
POLYGON_POINT 48.231176904 54.286543478 48.231132422 54.286499336
POLYGON_POINT 48.231210020 54.286381184 48.231266735 54.286359113
POLYGON_POINT 48.231210020 54.286381184 48.231210020 54.286381184
END_WINDING
END_POLYGON
BEGIN_POLYGON 9 1 4
BEGIN_WINDING
POLYGON_POINT 48.232847931 54.285773406 48.232847931 54.285773406
POLYGON_POINT 48.232847931 54.285773406 48.232900197 54.285755879
POLYGON_POINT 48.233126477 54.285809214 48.233168734 54.285848163
POLYGON_POINT 48.233126477 54.285809214 48.233126477 54.285809214
POLYGON_POINT 48.233231085 54.285906299 48.233231085 54.285906299
POLYGON_POINT 48.233231085 54.285906299 48.233259998 54.285940704
POLYGON_POINT 48.233166612 54.286061025 48.233115458 54.286085043
POLYGON_POINT 48.233166612 54.286061025 48.233166612 54.286061025
POLYGON_POINT 48.232906711 54.286156807 48.232906711 54.286156807
POLYGON_POINT 48.232906711 54.286156807 48.232855557 54.286174983
POLYGON_POINT 48.232633447 54.286126659 48.232603422 54.286096798
POLYGON_POINT 48.232633447 54.286126659 48.232633447 54.286126659
POLYGON_POINT 48.232528759 54.286030252 48.232528759 54.286030252
POLYGON_POINT 48.232528759 54.286030252 48.232484278 54.285986110
POLYGON_POINT 48.232587958 54.285869874 48.232644672 54.285847803
POLYGON_POINT 48.232587958 54.285869874 48.232587958 54.285869874
END_WINDING
END_POLYGON
BEGIN_POLYGON 9 1 4
BEGIN_WINDING
POLYGON_POINT 48.231080593 54.286013903 48.231080593 54.286013903
POLYGON_POINT 48.231080593 54.286013903 48.231132859 54.285996376
POLYGON_POINT 48.231324024 54.286027293 48.231366282 54.286066242
POLYGON_POINT 48.231324024 54.286027293 48.231324024 54.286027293
POLYGON_POINT 48.231406207 54.286105736 48.231406207 54.286105736
POLYGON_POINT 48.231406207 54.286105736 48.231435120 54.286140141
POLYGON_POINT 48.231342592 54.286255623 48.231291438 54.286279641
POLYGON_POINT 48.231342592 54.286255623 48.231342592 54.286255623
POLYGON_POINT 48.230991983 54.286385064 48.230991983 54.286385064
POLYGON_POINT 48.230991983 54.286385064 48.230940829 54.286403240
POLYGON_POINT 48.230746476 54.286349412 48.230716451 54.286319551
POLYGON_POINT 48.230746476 54.286349412 48.230746476 54.286349412
POLYGON_POINT 48.230659659 54.286272321 48.230659659 54.286272321
POLYGON_POINT 48.230659659 54.286272321 48.230615177 54.286228179
POLYGON_POINT 48.230727778 54.286142088 48.230784492 54.286120017
POLYGON_POINT 48.230727778 54.286142088 48.230727778 54.286142088
END_WINDING
END_POLYGON
BEGIN_POLYGON 9 1 4
BEGIN_WINDING
POLYGON_POINT 48.232432857 54.285382616 48.232432857 54.285382616
POLYGON_POINT 48.232432857 54.285382616 48.232485122 54.285365089
POLYGON_POINT 48.232708063 54.285424653 48.232750320 54.285463602
POLYGON_POINT 48.232708063 54.285424653 48.232708063 54.285424653
POLYGON_POINT 48.232856966 54.285568659 48.232856966 54.285568659
POLYGON_POINT 48.232856966 54.285568659 48.232885879 54.285603064
POLYGON_POINT 48.232794490 54.285719596 48.232743337 54.285743614
POLYGON_POINT 48.232794490 54.285719596 48.232794490 54.285719596
POLYGON_POINT 48.232534721 54.285815501 48.232534721 54.285815501
POLYGON_POINT 48.232534721 54.285815501 48.232483568 54.285833677
POLYGON_POINT 48.232264944 54.285787306 48.232234919 54.285757445
POLYGON_POINT 48.232264944 54.285787306 48.232264944 54.285787306
POLYGON_POINT 48.232110429 54.285645013 48.232110429 54.285645013
POLYGON_POINT 48.232110429 54.285645013 48.232065948 54.285600871
POLYGON_POINT 48.232171473 54.285477780 48.232228186 54.285455709
POLYGON_POINT 48.232171473 54.285477780 48.232171473 54.285477780
END_WINDING
END_POLYGON
BEGIN_POLYGON 9 0 4
BEGIN_WINDING
POLYGON_POINT 48.232179162 54.286424931 48.232179162 54.286424931
POLYGON_POINT 48.232179162 54.286424931 48.232111906 54.286452974
POLYGON_POINT 48.231888252 54.286406236 48.231830604 54.286358002
POLYGON_POINT 48.231888252 54.286406236 48.231888252 54.286406236
END_WINDING
END_POLYGON
BEGIN_POLYGON 9 0 4
BEGIN_WINDING
POLYGON_POINT 48.233617399 54.285894897 48.233617399 54.285894897
POLYGON_POINT 48.233617399 54.285894897 48.233550144 54.285922940
POLYGON_POINT 48.233324871 54.285874701 48.233267224 54.285826467
POLYGON_POINT 48.233324871 54.285874701 48.233324871 54.285874701
END_WINDING
END_POLYGON
BEGIN_POLYGON 9 0 4
BEGIN_WINDING
POLYGON_POINT 48.232532466 54.286169147 48.232532466 54.286169147
POLYGON_POINT 48.232532466 54.286169147 48.232584349 54.286217381
POLYGON_POINT 48.232458782 54.286321882 48.232383840 54.286351047
POLYGON_POINT 48.232458782 54.286321882 48.232458782 54.286321882
END_WINDING
END_POLYGON
BEGIN_POLYGON 9 0 4
BEGIN_WINDING
POLYGON_POINT 48.233969076 54.285637612 48.233969076 54.285637612
POLYGON_POINT 48.233969076 54.285637612 48.234020958 54.285685846
POLYGON_POINT 48.233897017 54.285791849 48.233822076 54.285821014
POLYGON_POINT 48.233897017 54.285791849 48.233897017 54.285791849
END_WINDING
END_POLYGON
BEGIN_POLYGON 9 0 4
BEGIN_WINDING
POLYGON_POINT 48.231694471 54.285651447 48.231694471 54.285651447
POLYGON_POINT 48.231694471 54.285651447 48.231804002 54.285613308
POLYGON_POINT 48.232035535 54.285698735 48.232100869 54.285759308
POLYGON_POINT 48.232035535 54.285698735 48.232035535 54.285698735
END_WINDING
END_POLYGON
BEGIN_POLYGON 9 0 4
BEGIN_WINDING
POLYGON_POINT 48.233159579 54.285118031 48.233159579 54.285118031
POLYGON_POINT 48.233159579 54.285118031 48.233269108 54.285079892
POLYGON_POINT 48.233499054 54.285163835 48.233564387 54.285224408
POLYGON_POINT 48.233499054 54.285163835 48.233499054 54.285163835
END_WINDING
END_POLYGON
BEGIN_POLYGON 9 0 4
BEGIN_WINDING
POLYGON_POINT 48.234631647 54.284721204 48.234631647 54.284721204
POLYGON_POINT 48.234043649 54.284936352 48.234043649 54.284936352
POLYGON_POINT 48.233725644 54.285052710 48.233725644 54.285052710
POLYGON_POINT 48.233217750 54.285052621 48.233217750 54.285052621
POLYGON_POINT 48.231367679 54.285732982 48.231367679 54.285732982
POLYGON_POINT 48.231367679 54.285732982 48.231341423 54.285741998
POLYGON_POINT 48.231301951 54.285792737 48.231291140 54.285808515
POLYGON_POINT 48.231301951 54.285792737 48.231301951 54.285792737
POLYGON_POINT 48.231206928 54.285930082 48.231206928 54.285930082
END_WINDING
END_POLYGON
BEGIN_POLYGON 9 1 4
BEGIN_WINDING
POLYGON_POINT 48.231876472 54.285585184 48.231876472 54.285585184
POLYGON_POINT 48.232028330 54.285529896 48.232028330 54.285529896
POLYGON_POINT 48.232035200 54.285637982 48.232061889 54.285666544
POLYGON_POINT 48.232035200 54.285637982 48.232035200 54.285637982
POLYGON_POINT 48.232035200 54.285637982 48.231997391 54.285612665
END_WINDING
END_POLYGON
BEGIN_POLYGON 9 1 4
BEGIN_WINDING
POLYGON_POINT 48.232566368 54.285334007 48.232566368 54.285334007
POLYGON_POINT 48.232718226 54.285278718 48.232718226 54.285278718
POLYGON_POINT 48.232721475 54.285383416 48.232748163 54.285411978
POLYGON_POINT 48.232721475 54.285383416 48.232721475 54.285383416
POLYGON_POINT 48.232721475 54.285383416 48.232683666 54.285358099
END_WINDING
END_POLYGON
BEGIN_POLYGON 9 1 4
BEGIN_WINDING
POLYGON_POINT 48.234175090 54.284929631 48.234175090 54.284929631
POLYGON_POINT 48.234326680 54.284874104 48.234326680 54.284874104
POLYGON_POINT 48.234330997 54.284979794 48.234357685 54.285008356
POLYGON_POINT 48.234330997 54.284979794 48.234330997 54.284979794
POLYGON_POINT 48.234330997 54.284979794 48.234293189 54.284954477
END_WINDING
END_POLYGON
BEGIN_POLYGON 9 0 4
BEGIN_WINDING
POLYGON_POINT 48.234386580 54.284975062 48.234386580 54.284975062
POLYGON_POINT 48.234386580 54.284975062 48.234341210 54.284932218
POLYGON_POINT 48.234451900 54.284828235 48.234513283 54.284805645
POLYGON_POINT 48.234451900 54.284828235 48.234451900 54.284828235
END_WINDING
END_POLYGON
BEGIN_POLYGON 9 0 4
BEGIN_WINDING
POLYGON_POINT 48.234854714 54.284746532 48.234854714 54.284746532
POLYGON_POINT 48.234854714 54.284746532 48.234839162 54.284733697
POLYGON_POINT 48.234764402 54.284720733 48.234741342 54.284718855
POLYGON_POINT 48.234764402 54.284720733 48.234764402 54.284720733
END_WINDING
END_POLYGON
BEGIN_POLYGON 9 0 4
BEGIN_WINDING
POLYGON_POINT 48.235784994 54.284548809 48.235784994 54.284548809
POLYGON_POINT 48.236061695 54.284808601 48.236061695 54.284808601
POLYGON_POINT 48.236061695 54.284808601 48.236093721 54.284839760
POLYGON_POINT 48.236010710 54.284922718 48.235960003 54.284942971
POLYGON_POINT 48.236010710 54.284922718 48.236010710 54.284922718
POLYGON_POINT 48.235506304 54.285107803 48.235506304 54.285107803
POLYGON_POINT 48.235506304 54.285107803 48.235459867 54.285126498
POLYGON_POINT 48.235312548 54.285090977 48.235274117 54.285062934
POLYGON_POINT 48.235312548 54.285090977 48.235312548 54.285090977
POLYGON_POINT 48.234942651 54.284749785 48.234942651 54.284749785
POLYGON_POINT 48.234942651 54.284749785 48.234909291 54.284719491
POLYGON_POINT 48.234970457 54.284638288 48.235007524 54.284622059
POLYGON_POINT 48.234970457 54.284638288 48.234970457 54.284638288
POLYGON_POINT 48.235503102 54.284443180 48.235503102 54.284443180
POLYGON_POINT 48.235503102 54.284443180 48.235570749 54.284422624
POLYGON_POINT 48.235720877 54.284489919 48.235757944 54.284529409
POLYGON_POINT 48.235720877 54.284489919 48.235720877 54.284489919
POLYGON_POINT 48.235760681 54.284526478 48.235760681 54.284526478
END_WINDING
END_POLYGON
BEGIN_POLYGON 9 1 4
BEGIN_WINDING
POLYGON_POINT 48.234063851 54.284970378 48.234063851 54.284970378
POLYGON_POINT 48.234063851 54.284970378 48.234125234 54.284948567
POLYGON_POINT 48.234292832 54.285004169 48.234324858 54.285033770
POLYGON_POINT 48.234292832 54.285004169 48.234292832 54.285004169
POLYGON_POINT 48.234414264 54.285121795 48.234414264 54.285121795
POLYGON_POINT 48.234414264 54.285121795 48.234442287 54.285152175
POLYGON_POINT 48.234346884 54.285246476 48.234277494 54.285272961
POLYGON_POINT 48.234346884 54.285246476 48.234346884 54.285246476
POLYGON_POINT 48.234010131 54.285368512 48.234010131 54.285368512
POLYGON_POINT 48.234010131 54.285368512 48.233947413 54.285387986
POLYGON_POINT 48.233812442 54.285333676 48.233776413 54.285304854
POLYGON_POINT 48.233812442 54.285333676 48.233812442 54.285333676
POLYGON_POINT 48.233689675 54.285223841 48.233689675 54.285223841
POLYGON_POINT 48.233689675 54.285223841 48.233656315 54.285188787
POLYGON_POINT 48.233727039 54.285093752 48.233796429 54.285067267
POLYGON_POINT 48.233727039 54.285093752 48.233727039 54.285093752
END_WINDING
END_POLYGON
BEGIN_POLYGON 9 0 4
BEGIN_WINDING
POLYGON_POINT 48.235210852 54.285128975 48.235210852 54.285128975
POLYGON_POINT 48.235210852 54.285128975 48.235174022 54.285095323
POLYGON_POINT 48.234983469 54.285090649 48.234919417 54.285116823
POLYGON_POINT 48.234983469 54.285090649 48.234983469 54.285090649
POLYGON_POINT 48.234087014 54.285416197 48.234087014 54.285416197
POLYGON_POINT 48.234087014 54.285416197 48.234008283 54.285452809
POLYGON_POINT 48.234075004 54.285582898 48.234136388 54.285634310
POLYGON_POINT 48.234321873 54.285630415 48.234396601 54.285600814
POLYGON_POINT 48.234321873 54.285630415 48.234321873 54.285630415
END_WINDING
END_POLYGON
BEGIN_POLYGON 9 0 4
BEGIN_WINDING
POLYGON_POINT 48.235091444 54.284836293 48.235091444 54.284836293
POLYGON_POINT 48.235016018 54.284767849 48.235016018 54.284767849
POLYGON_POINT 48.235016018 54.284767849 48.234994890 54.284743831
POLYGON_POINT 48.235041639 54.284685590 48.235078335 54.284669361
POLYGON_POINT 48.235041639 54.284685590 48.235041639 54.284685590
POLYGON_POINT 48.235143769 54.284647874 48.235143769 54.284647874
END_WINDING
END_POLYGON
BEGIN_POLYGON 9 0 4
BEGIN_WINDING
POLYGON_POINT 48.235662030 54.285016725 48.235662030 54.285016725
POLYGON_POINT 48.235489997 54.285080998 48.235489997 54.285080998
POLYGON_POINT 48.235489997 54.285080998 48.235442181 54.285097876
POLYGON_POINT 48.235339477 54.285061368 48.235313901 54.285039297
POLYGON_POINT 48.235339477 54.285061368 48.235339477 54.285061368
POLYGON_POINT 48.235250310 54.284980454 48.235250310 54.284980454
END_WINDING
END_POLYGON
BEGIN_POLYGON 9 0 4
BEGIN_WINDING
POLYGON_POINT 48.235925018 54.284736606 48.235925018 54.284736606
POLYGON_POINT 48.236010413 54.284815523 48.236010413 54.284815523
POLYGON_POINT 48.236010413 54.284815523 48.236033765 54.284838892
POLYGON_POINT 48.235970381 54.284901522 48.235932573 54.284915803
POLYGON_POINT 48.235970381 54.284901522 48.235970381 54.284901522
POLYGON_POINT 48.235793804 54.284967493 48.235793804 54.284967493
END_WINDING
END_POLYGON
BEGIN_POLYGON 9 0 4
BEGIN_WINDING
POLYGON_POINT 48.235452661 54.284533804 48.235452661 54.284533804
POLYGON_POINT 48.235537769 54.284502374 48.235537769 54.284502374
POLYGON_POINT 48.235537769 54.284502374 48.235579402 54.284487418
POLYGON_POINT 48.235685888 54.284515617 48.235706481 54.284532146
POLYGON_POINT 48.235685888 54.284515617 48.235685888 54.284515617
POLYGON_POINT 48.235760824 54.284584868 48.235760824 54.284584868
END_WINDING
END_POLYGON
BEGIN_POLYGON 12 511 2
BEGIN_WINDING
POLYGON_POINT 48.244814066 54.275957482
POLYGON_POINT 48.250538660 54.281422598
POLYGON_POINT 48.250796595 54.289658494
END_WINDING
END_POLYGON
BEGIN_POLYGON 12 255 2
BEGIN_WINDING
POLYGON_POINT 48.227014816 54.288700139
POLYGON_POINT 48.228453566 54.288261760
POLYGON_POINT 48.229117604 54.288626307
POLYGON_POINT 48.227591897 54.289290797
END_WINDING
END_POLYGON
BEGIN_POLYGON 12 767 2
BEGIN_WINDING
POLYGON_POINT 48.230608957 54.287966695
POLYGON_POINT 48.230825236 54.287833797
POLYGON_POINT 48.231166729 54.287793928
POLYGON_POINT 48.231166729 54.287654385
POLYGON_POINT 48.231587903 54.287680965
POLYGON_POINT 48.231553754 54.287554712
POLYGON_POINT 48.231849715 54.287554712
POLYGON_POINT 48.231838331 54.287435103
END_WINDING
END_POLYGON
BEGIN_POLYGON 12 255 2
BEGIN_WINDING
POLYGON_POINT 48.232657914 54.287999920
POLYGON_POINT 48.234160483 54.289335545
POLYGON_POINT 48.232441636 54.289873782
POLYGON_POINT 48.231257794 54.288717569
END_WINDING
END_POLYGON
BEGIN_POLYGON 12 767 2
BEGIN_WINDING
POLYGON_POINT 48.232107869 54.287315359
POLYGON_POINT 48.231923611 54.287235617
POLYGON_POINT 48.231774298 54.287063151
POLYGON_POINT 48.231647223 54.286849887
POLYGON_POINT 48.231888665 54.286768290
POLYGON_POINT 48.232107869 54.286901812
POLYGON_POINT 48.232234943 54.287011226
POLYGON_POINT 48.232384256 54.287165147
POLYGON_POINT 48.232546276 54.287291251
POLYGON_POINT 48.232789000 54.287491991
POLYGON_POINT 48.232861460 54.287576590
POLYGON_POINT 48.232953683 54.287649653
POLYGON_POINT 48.233118367 54.287780398
POLYGON_POINT 48.233217177 54.287891915
POLYGON_POINT 48.233289637 54.287957288
POLYGON_POINT 48.233483378 54.288148359
POLYGON_POINT 48.233574437 54.288281257
POLYGON_POINT 48.233745171 54.288387576
POLYGON_POINT 48.233858993 54.288493894
POLYGON_POINT 48.233950051 54.288580278
POLYGON_POINT 48.234116841 54.288703259
POLYGON_POINT 48.234212150 54.288808964
POLYGON_POINT 48.234316990 54.288881288
POLYGON_POINT 48.234361467 54.288974012
POLYGON_POINT 48.234405945 54.289037064
POLYGON_POINT 48.234532491 54.289170102
POLYGON_POINT 48.234741100 54.289311101
POLYGON_POINT 48.234867364 54.289436078
POLYGON_POINT 48.234944220 54.289583486
POLYGON_POINT 48.235125382 54.289673212
POLYGON_POINT 48.235218707 54.289833438
POLYGON_POINT 48.235540189 54.290086473
POLYGON_POINT 48.235847530 54.290372204
POLYGON_POINT 48.235961360 54.290518391
POLYGON_POINT 48.236211786 54.290731028
POLYGON_POINT 48.236382531 54.290917086
POLYGON_POINT 48.236598808 54.291136367
POLYGON_POINT 48.236825605 54.291333889
POLYGON_POINT 48.236979323 54.291471684
POLYGON_POINT 48.237265223 54.291757107
POLYGON_POINT 48.237390438 54.291923229
END_WINDING
END_POLYGON
BEGIN_POLYGON 12 767 2
BEGIN_WINDING
POLYGON_POINT 48.237108996 54.269626234
POLYGON_POINT 48.237247493 54.269713584
POLYGON_POINT 48.237358291 54.269768583
POLYGON_POINT 48.237408150 54.269875345
POLYGON_POINT 48.237530027 54.269952990
POLYGON_POINT 48.237596505 54.270043576
END_WINDING
END_POLYGON
BEGIN_POLYGON 12 767 2
BEGIN_WINDING
POLYGON_POINT 48.240757845 54.273689393
POLYGON_POINT 48.240686044 54.273605537
POLYGON_POINT 48.240582332 54.273535656
POLYGON_POINT 48.240478620 54.273428506
POLYGON_POINT 48.240303107 54.273321356
POLYGON_POINT 48.240231306 54.273214205
END_WINDING
END_POLYGON
BEGIN_POLYGON 12 255 2
BEGIN_WINDING
POLYGON_POINT 48.243080784 54.274372615
POLYGON_POINT 48.243770079 54.275043468
POLYGON_POINT 48.242506371 54.275459397
POLYGON_POINT 48.241851541 54.274842212
END_WINDING
END_POLYGON
BEGIN_POLYGON 12 255 2
BEGIN_WINDING
POLYGON_POINT 48.235119137 54.285797485
POLYGON_POINT 48.240107875 54.290130126
POLYGON_POINT 48.242470726 54.291057514
POLYGON_POINT 48.238598827 54.291428469
POLYGON_POINT 48.234721312 54.288397568
POLYGON_POINT 48.235537219 54.287491915
POLYGON_POINT 48.234686837 54.286492344
POLYGON_POINT 48.234813245 54.286277671
POLYGON_POINT 48.234284630 54.285861741
POLYGON_POINT 48.234744296 54.285673902
END_WINDING
END_POLYGON
FILTER -1
FILTER 0
FILTER -1
FILTER 0
FILTER -1
FILTER 0
FILTER -1
FILTER 0
FILTER -1
FILTER 0
BEGIN_POLYGON 13 5 3
BEGIN_WINDING
POLYGON_POINT 48.233025761 54.286968591 0.000000000
POLYGON_POINT 48.233042808 54.286985060 0.000000000
POLYGON_POINT 48.232939421 54.287021711 0.000000000
POLYGON_POINT 48.232921746 54.287006093 0.000000000
END_WINDING
END_POLYGON
BEGIN_POLYGON 13 5 3
BEGIN_WINDING
POLYGON_POINT 48.233742956 54.286717477 0.000000000
POLYGON_POINT 48.233774583 54.286747330 0.000000000
POLYGON_POINT 48.233346002 54.286904490 0.000000000
POLYGON_POINT 48.233314021 54.286874227 0.000000000
END_WINDING
END_POLYGON
BEGIN_POLYGON 14 15 3
BEGIN_WINDING
POLYGON_POINT 48.233971678 54.286657875 3.000000000
POLYGON_POINT 48.233875444 54.286693481 0.000000000
POLYGON_POINT 48.233856341 54.286677925 0.000000000
POLYGON_POINT 48.233953727 54.286641745 0.000000000
END_WINDING
END_POLYGON
BEGIN_POLYGON 14 15 3
BEGIN_WINDING
POLYGON_POINT 48.234354578 54.286482253 5.000000000
POLYGON_POINT 48.233942805 54.286631900 0.000000000
POLYGON_POINT 48.233953727 54.286641745 5.000000000
POLYGON_POINT 48.233638497 54.286756306 6.000000000
POLYGON_POINT 48.233314021 54.286874227 5.000000000
POLYGON_POINT 48.233170335 54.286926446 0.000000000
POLYGON_POINT 48.233162115 54.286918738 5.000000000
POLYGON_POINT 48.233004936 54.286975860 6.000000000
POLYGON_POINT 48.232921746 54.287006093 5.000000000
POLYGON_POINT 48.232765198 54.287062986 0.000000000
POLYGON_POINT 48.232743944 54.287043059 0.000000000
POLYGON_POINT 48.234336027 54.286464464 0.000000000
END_WINDING
END_POLYGON
BEGIN_POLYGON 15 15 3
BEGIN_WINDING
POLYGON_POINT 48.232548062 54.286866390 3.000000000
POLYGON_POINT 48.232951779 54.286719153 0.000000000
POLYGON_POINT 48.232925305 54.286694684 2.000000000
POLYGON_POINT 48.233699669 54.286411362 0.000000000
POLYGON_POINT 48.233723937 54.286433255 2.000000000
POLYGON_POINT 48.234158761 54.286275409 0.000000000
POLYGON_POINT 48.234338521 54.286463008 0.000000000
POLYGON_POINT 48.232741806 54.287043891 0.000000000
END_WINDING
END_POLYGON
BEGIN_POLYGON 16 5 3
BEGIN_WINDING
POLYGON_POINT 48.232576370 54.286888457 1.000000000
POLYGON_POINT 48.232974917 54.286743226 10.000000000
POLYGON_POINT 48.233747079 54.286459267 6.000000000
POLYGON_POINT 48.234179492 54.286301637 0.000000000
POLYGON_POINT 48.234336027 54.286464464 0.000000000
POLYGON_POINT 48.232743944 54.287043059 0.000000000
END_WINDING
END_POLYGON
OBJECT 0 48.233348941 54.286895845 0.000000
OBJECT 0 48.233756787 54.286747309 0.000000
OBJECT 1 48.243666556 54.278615531 0.000000
OBJECT 1 48.242408180 54.277424347 0.000000
OBJECT 1 48.241311951 54.276386653 0.000000
OBJECT 1 48.233718282 54.269198454 0.000000
OBJECT 1 48.235367137 54.270759267 0.000000
OBJECT 1 48.234446826 54.269888097 0.000000
OBJECT 1 48.238916199 54.274118823 0.000000
OBJECT 1 48.237125170 54.272423428 0.000000
OBJECT 2 48.232731041 54.287150987 30.959999
OBJECT 3 48.228288662 54.287187980 32.500000
OBJECT 3 48.227896157 54.286815217 32.500000
OBJECT 4 48.231265410 54.289757416 211.910004
OBJECT 4 48.230239837 54.290174107 212.350006
OBJECT 5 48.229055955 54.289018246 121.790001
OBJECT 6 48.233611090 54.287558448 212.100006
OBJECT 6 48.234248684 54.287325352 212.100006
OBJECT 6 48.234525340 54.287542891 32.099998
OBJECT 6 48.233892601 54.287770064 32.099998
OBJECT 6 48.233892601 54.287770064 32.099998
OBJECT 7 48.233290610 54.287368953 3.500000
OBJECT 7 48.233199116 54.287460193 319.760010
OBJECT 7 48.234802868 54.286868842 0.000000
OBJECT 7 48.234140742 54.287088557 0.000000
OBJECT 7 48.233793827 54.286153905 0.000000
OBJECT 8 48.238590879 54.280090496 215.550003
OBJECT 9 48.248880881 54.288658028 270.000000
OBJECT 10 48.237289762 54.269411839 211.399994
OBJECT 10 48.237659868 54.269769364 211.399994
OBJECT 11 48.237141341 54.270137402 122.990005
OBJECT 12 48.251671301 54.279305615 0.000000
OBJECT 12 48.251259045 54.279453141 0.000000
OBJECT 12 48.250501025 54.279072680 0.000000
OBJECT 12 48.250241702 54.278831980 0.000000
OBJECT 13 48.250866736 54.278948448 0.000000
OBJECT 13 48.250600764 54.278684454 0.000000
OBJECT 12 48.250853438 54.279577373 0.000000
OBJECT 14 48.243580195 54.282258600 29.120001
OBJECT 15 48.244045693 54.282678099 30.100000
OBJECT 15 48.243030835 54.277425117 209.369995
OBJECT 16 48.242239628 54.274649563 122.339996
OBJECT 17 48.241235424 54.274364236 122.199997
OBJECT 8 48.237466009 54.271754064 121.400002
OBJECT 8 48.237572196 54.272584435 121.400002
OBJECT 18 48.239413923 54.272116126 32.400002
OBJECT 19 48.241116347 54.273057492 121.550003
OBJECT 20 48.241592809 54.275786760 25.879999
OBJECT 21 48.240796827 54.275065450 26.559999
OBJECT 22 48.234219063 54.268589731 121.699997
OBJECT 23 48.237523705 54.273110453 295.690002
OBJECT 24 48.237835346 54.273105959 273.250000
OBJECT 25 48.237642975 54.272908252 310.399994
OBJECT 26 48.240844837 54.272939257 119.540001
OBJECT 11 48.239141509 54.271907793 213.690002
OBJECT 27 48.241701288 54.275089243 32.099998
OBJECT 27 48.241912016 54.275286166 32.099998
OBJECT 28 48.235942276 54.268191017 30.850000
OBJECT 29 48.220686508 54.259989525 214.320007
OBJECT 30 48.218037171 54.260972356 213.610001
OBJECT 31 48.218876619 54.260690792 207.570007
OBJECT 32 48.240305380 54.276346479 302.100006
OBJECT 32 48.242252973 54.278724649 302.100006
OBJECT 32 48.241705553 54.278217660 302.100006
OBJECT 32 48.241009299 54.277573817 302.100006
OBJECT 32 48.240473614 54.277061705 302.100006
OBJECT 32 48.242111159 54.278593748 302.100006
OBJECT 32 48.241563740 54.278086759 302.100006
OBJECT 32 48.240867489 54.277442917 302.100006
OBJECT 32 48.240331806 54.276930804 302.100006
OBJECT 32 48.241977448 54.278465213 302.100006
OBJECT 32 48.241430031 54.277958224 302.100006
OBJECT 32 48.240733782 54.277314381 302.100006
OBJECT 32 48.240198100 54.276802269 302.100006
OBJECT 32 48.242812961 54.279230983 302.100006
OBJECT 32 48.242944784 54.279362921 302.100006
OBJECT 32 48.243085098 54.279490177 302.100006
OBJECT 32 48.243225412 54.279623000 302.100006
OBJECT 32 48.239772228 54.276425967 302.100006
OBJECT 32 48.236430807 54.272714918 122.099998
OBJECT 32 48.234814456 54.271208483 122.099998
OBJECT 32 48.233927394 54.270386326 122.099998
OBJECT 32 48.236187027 54.272476428 122.099998
OBJECT 32 48.234570686 54.270969993 122.099998
OBJECT 32 48.233683628 54.270147836 122.099998
OBJECT 32 48.236056498 54.272363091 122.099998
OBJECT 32 48.234440161 54.270856656 122.099998
OBJECT 32 48.233553106 54.270034499 122.099998
OBJECT 32 48.235306906 54.271667114 122.099998
OBJECT 32 48.238551786 54.274684195 122.099998
OBJECT 33 48.236331664 54.285053266 212.100006
OBJECT 33 48.235550560 54.285349653 212.100006
OBJECT 33 48.233776174 54.286056650 212.100006
OBJECT 33 48.232453328 54.286546186 212.100006
OBJECT 34 48.230796229 54.286547688 194.570007
OBJECT 35 48.230941448 54.286547688 142.179993
OBJECT 36 48.234881947 54.290991836 108.440002
OBJECT 36 48.233931261 54.291814741 172.649994
OBJECT 37 48.233636220 54.290618659 170.759995
OBJECT 38 48.234455777 54.290322030 182.639999
OBJECT 39 48.232406884 54.290666502 30.959999
OBJECT 40 48.235701505 54.291087523 272.049988
OBJECT 41 48.234144346 54.290054108 37.180000
OBJECT 42 48.233865696 54.291058817 177.800003
OBJECT 24 48.233062530 54.290475129 22.160000
OBJECT 43 48.231947931 54.291164072 279.269989
OBJECT 44 48.232865836 54.291642505 91.639999
OBJECT 45 48.236029328 54.291326739 286.989990
OBJECT 45 48.235078641 54.291470269 219.199997
OBJECT 45 48.235504811 54.291355445 26.559999
OBJECT 45 48.233324788 54.290178500 28.440001
OBJECT 36 48.232783880 54.290829169 127.099998
OBJECT 36 48.233324788 54.291298033 177.399994
OBJECT 36 48.234636080 54.291671211 203.020004
OBJECT 46 48.235914590 54.291805172 180.000000
OBJECT 47 48.235373443 54.285856429 302.709991
OBJECT 48 48.223339571 54.271763994 214.139999
OBJECT 48 48.224638187 54.271250121 214.139999
OBJECT 48 48.223309330 54.271769880 215.710007
OBJECT 48 48.224607946 54.271256008 215.710007
OBJECT 48 48.223275329 54.271781575 220.270004
OBJECT 48 48.224573945 54.271267702 220.270004
OBJECT 49 48.225734254 54.274064568 0.000000
OBJECT 49 48.227121244 54.273592093 0.000000
OBJECT 49 48.225700651 54.274074379 0.000000
OBJECT 49 48.227087641 54.273601904 0.000000
OBJECT 49 48.224142446 54.272558339 0.000000
OBJECT 49 48.225453494 54.272046984 0.000000
OBJECT 49 48.224114444 54.272566515 0.000000
OBJECT 49 48.225425492 54.272055160 0.000000
OBJECT 50 48.224655919 54.272992803 215.470001
OBJECT 50 48.225912389 54.272543277 215.470001
OBJECT 50 48.225480241 54.273761026 215.470001
OBJECT 50 48.226736702 54.273311500 215.470001
OBJECT 50 48.223812379 54.272206669 215.470001
OBJECT 50 48.225068858 54.271757143 215.470001
OBJECT 50 48.226274832 54.274501542 214.240005
OBJECT 50 48.227531284 54.274052016 214.240005
OBJECT 50 48.227060923 54.275234136 212.210007
OBJECT 50 48.228317367 54.274784610 212.210007
OBJECT 50 48.227937629 54.276051178 214.110001
OBJECT 50 48.229194063 54.275601652 214.110001
OBJECT 50 48.228684014 54.276746769 214.990005
OBJECT 50 48.229940440 54.276297243 214.990005
OBJECT 50 48.229544765 54.277548942 214.259995
OBJECT 50 48.230801181 54.277099416 214.259995
OBJECT 50 48.230323205 54.278274406 213.940002
OBJECT 50 48.231579613 54.277824880 213.940002
OBJECT 50 48.231135005 54.279030959 213.690002
OBJECT 50 48.232391404 54.278581433 213.690002
OBJECT 50 48.231892682 54.279737073 217.259995
OBJECT 50 48.233149073 54.279287547 217.259995
OBJECT 50 48.232693021 54.280482946 211.000000
OBJECT 50 48.233949403 54.280033420 211.000000
OBJECT 50 48.233511578 54.281245797 211.809998
OBJECT 50 48.234767951 54.280796271 211.809998
OBJECT 50 48.234379221 54.282054393 208.190002
OBJECT 50 48.235635585 54.281604867 208.190002
OBJECT 49 48.232393647 54.280271069 0.000000
OBJECT 49 48.233780560 54.279798595 0.000000
OBJECT 49 48.234010424 54.281788729 0.000000
OBJECT 49 48.235397319 54.281316254 0.000000
OBJECT 49 48.232367714 54.280277693 0.000000
OBJECT 49 48.233754627 54.279805219 0.000000
OBJECT 49 48.233984490 54.281795353 0.000000
OBJECT 49 48.235371385 54.281322878 0.000000
OBJECT 48 48.234982590 54.282532143 212.179993
OBJECT 48 48.236140074 54.282123307 212.179993
OBJECT 48 48.234958952 54.282542657 210.259995
OBJECT 48 48.236116436 54.282133821 210.259995
OBJECT 48 48.234937268 54.282549765 214.669998
OBJECT 48 48.236094753 54.282140929 214.669998
BEGIN_POLYGON 17 17 3
BEGIN_WINDING
POLYGON_POINT 48.239619322 54.272214677 0.000000000
POLYGON_POINT 48.239958147 54.272548249 0.000000000
POLYGON_POINT 48.239771705 54.272612823 0.000000000
POLYGON_POINT 48.239432880 54.272279251 0.000000000
END_WINDING
END_POLYGON
BEGIN_POLYGON 18 2 3
BEGIN_WINDING
POLYGON_POINT 48.234174211 54.286286158 0.000000000
POLYGON_POINT 48.234600328 54.286138172 0.000000000
POLYGON_POINT 48.234681001 54.286204887 0.000000000
POLYGON_POINT 48.235390248 54.285977273 0.000000000
POLYGON_POINT 48.236772174 54.287209982 0.000000000
POLYGON_POINT 48.237798363 54.286831649 0.000000000
POLYGON_POINT 48.240610772 54.287748916 0.000000000
END_WINDING
END_POLYGON
BEGIN_POLYGON 19 2 3
BEGIN_WINDING
POLYGON_POINT 48.229667033 54.287549847 0.000000000
POLYGON_POINT 48.229749377 54.287521006 0.000000000
POLYGON_POINT 48.230270884 54.287998480 0.000000000
POLYGON_POINT 48.232483173 54.287213372 0.000000000
END_WINDING
END_POLYGON
BEGIN_POLYGON 17 17 3
BEGIN_WINDING
POLYGON_POINT 48.229569847 54.287543964 0.000000000
POLYGON_POINT 48.230128538 54.288046901 0.000000000
POLYGON_POINT 48.229960687 54.288110431 0.000000000
POLYGON_POINT 48.229724336 54.287897667 0.000000000
POLYGON_POINT 48.229409645 54.288016775 0.000000000
POLYGON_POINT 48.229302345 54.287920182 0.000000000
POLYGON_POINT 48.229615082 54.287801814 0.000000000
POLYGON_POINT 48.229400042 54.287608234 0.000000000
END_WINDING
END_POLYGON
BEGIN_POLYGON 20 15 3
BEGIN_WINDING
POLYGON_POINT 48.232702337 54.287594548 0.000000000
POLYGON_POINT 48.233149098 54.288034555 1.000000000
POLYGON_POINT 48.232945378 54.288105032 0.000000000
POLYGON_POINT 48.232498618 54.287665025 1.000000000
END_WINDING
END_POLYGON
BEGIN_POLYGON 21 2 3
BEGIN_WINDING
POLYGON_POINT 48.231653577 54.286751600 0.000000000
POLYGON_POINT 48.231929964 54.286647750 0.000000000
POLYGON_POINT 48.232299052 54.286979812 0.000000000
POLYGON_POINT 48.232695588 54.287309796 0.000000000
POLYGON_POINT 48.232206351 54.287489679 0.000000000
END_WINDING
END_POLYGON
BEGIN_POLYGON 21 2 3
BEGIN_WINDING
POLYGON_POINT 48.232558278 54.286893956 0.000000000
POLYGON_POINT 48.232299052 54.286979812 0.000000000
END_WINDING
END_POLYGON
BEGIN_POLYGON 22 20 3
BEGIN_WINDING
POLYGON_POINT 48.233759168 54.288585632 0.000000000
POLYGON_POINT 48.234145266 54.288959102 0.000000000
POLYGON_POINT 48.233946445 54.289029132 0.000000000
POLYGON_POINT 48.233560347 54.288655662 0.000000000
END_WINDING
END_POLYGON
BEGIN_POLYGON 23 5 3
BEGIN_WINDING
POLYGON_POINT 48.238185625 54.270430316 1.000000000
POLYGON_POINT 48.238777522 54.270977592 0.000000000
POLYGON_POINT 48.238165983 54.271203131 1.000000000
POLYGON_POINT 48.237574086 54.270655855 0.000000000
END_WINDING
END_POLYGON
BEGIN_POLYGON 21 2 3
BEGIN_WINDING
POLYGON_POINT 48.234681001 54.286204887 0.000000000
POLYGON_POINT 48.234728013 54.286253965 0.000000000
POLYGON_POINT 48.234575676 54.286308308 0.000000000
POLYGON_POINT 48.234707248 54.286442753 0.000000000
POLYGON_POINT 48.233759381 54.286781614 0.000000000
END_WINDING
END_POLYGON
BEGIN_POLYGON 21 2 3
BEGIN_WINDING
POLYGON_POINT 48.233340826 54.286927414 0.000000000
POLYGON_POINT 48.232743879 54.287145216 0.000000000
END_WINDING
END_POLYGON
OBJECT 51 48.240091989 54.272830732 121.610001
BEGIN_POLYGON 24 8 3
BEGIN_WINDING
POLYGON_POINT 48.239909046 54.272717068 5.000000000
POLYGON_POINT 48.239928766 54.272735512 5.000000000
END_WINDING
END_POLYGON
BEGIN_POLYGON 25 5 3
BEGIN_WINDING
POLYGON_POINT 48.240054498 54.272958992 0.000000000
POLYGON_POINT 48.239802803 54.272714200 0.000000000
POLYGON_POINT 48.240055838 54.272623276 0.000000000
POLYGON_POINT 48.240307533 54.272868069 0.000000000
END_WINDING
END_POLYGON
BEGIN_POLYGON 26 10 3
BEGIN_WINDING
POLYGON_POINT 48.240065047 54.272924659 2.000000000
POLYGON_POINT 48.239859703 54.272723851 2.000000000
POLYGON_POINT 48.240039162 54.272659366 2.000000000
POLYGON_POINT 48.240244508 54.272860175 2.000000000
END_WINDING
END_POLYGON
BEGIN_POLYGON 27 5 3
BEGIN_WINDING
POLYGON_POINT 48.240064083 54.272926141 8.000000000
POLYGON_POINT 48.240009002 54.272873875 4.000000000
POLYGON_POINT 48.239985031 54.272851129 8.000000000
POLYGON_POINT 48.239856656 54.272723357 8.000000000
POLYGON_POINT 48.240039072 54.272657809 8.000000000
POLYGON_POINT 48.240168293 54.272786383 4.000000000
POLYGON_POINT 48.240191493 54.272808399 8.000000000
POLYGON_POINT 48.240246499 54.272860593 8.000000000
END_WINDING
END_POLYGON
FILTER -1
OBJECT_DEF lib/airport/Modern_Airports/Terminal_kit/columns/column_4m_40a.obj
OBJECT_DEF lib/airport/landscape/apron_light.obj
OBJECT_DEF lib/constructions/fencing/barriers/barrier_8m_01.obj
OBJECT_DEF lib/g10/US/industrial/light/StorWd2.obj
OBJECT_DEF lib/g10/US/industrial/light/TinShed10x50.obj
OBJECT_DEF lib/g10/US/industrial/light/StorEnd2.obj
OBJECT_DEF lib/airport/Common_Elements/Parking_Items/14_Single_Spaces.agp
OBJECT_DEF lib/airport/Common_Elements/Miscellaneous/Tree.obj
OBJECT_DEF lib/g10/EU/suburban/gar1_6x12.obj
OBJECT_DEF lib/g10/US/industrial/light/Whs36x64L.obj
OBJECT_DEF lib/g10/US/industrial/light/StorEnd1.obj
OBJECT_DEF lib/g10/US/industrial/light/Shed13x24.obj
OBJECT_DEF lib/airport/Common_Elements/Fuel_Storage/Sing_Tank_Small.obj
OBJECT_DEF lib/airport/Common_Elements/Fuel_Storage/Sing_Tank_Medium.obj
OBJECT_DEF lib/g10/US/industrial/light/Warehse15x30Dk.obj
OBJECT_DEF lib/g10/US/industrial/light/WoodShed8x10.obj
OBJECT_DEF lib/g10/US/industrial/light/StorSml2p1.obj
OBJECT_DEF lib/g10/US/industrial/light/StorSml1p2.obj
OBJECT_DEF lib/g10/EU/suburban/gar1_6x4.obj
OBJECT_DEF lib/g10/US/industrial/light/SiteOffice8x14.obj
OBJECT_DEF lib/airport/aircraft/cargo/jet_c_cjt.obj
OBJECT_DEF lib/airport/aircraft/cargo/heavy_d.obj
OBJECT_DEF lib/airport/aircraft/airliners/jet_c.obj
OBJECT_DEF lib/airport/aircraft/airliners/turboprop_a.obj
OBJECT_DEF lib/airport/aircraft/airliners/turboprop_c.obj
OBJECT_DEF lib/airport/aircraft/airliners/turboprop_b.obj
OBJECT_DEF lib/g10/US/industrial/light/SiteOffice4x14.obj
OBJECT_DEF lib/airport/European_Airports/hangars/25x20x5.obj
OBJECT_DEF lib/airport/Common_Elements/Misc_Buildings/Fire_Station_Sm.agp
OBJECT_DEF lib/g10/EU/urban_mid/outBld1-2_6x9.obj
OBJECT_DEF lib/g10/EU/urban_mid/outBld1-2_6x18.obj
OBJECT_DEF lib/g10/US/industrial/light/StorHut3x3.obj
OBJECT_DEF lib/airport/aircraft/general_aviation/prop_a.obj
OBJECT_DEF lib/airport/Common_Elements/Lighting/Dir_Ramp_Lit_Tall.obj
OBJECT_DEF lib/airport/Ramp_Equipment/Stair_Maint_1.obj
OBJECT_DEF lib/airport/Ramp_Equipment/Air_Start_2.obj
OBJECT_DEF lib/airport/aircraft/airliners/jet_b_aua.obj
OBJECT_DEF lib/airport/aircraft/airliners/jet_b_afr.obj
OBJECT_DEF lib/airport/aircraft/airliners/heavy_e_uae.obj
OBJECT_DEF lib/airport/aircraft/military/helo_a.obj
OBJECT_DEF lib/airport/aircraft/military/prop_a.obj
OBJECT_DEF lib/airport/aircraft/military/jet_b.obj
OBJECT_DEF lib/airport/aircraft/military/heavy_d_aio.obj
OBJECT_DEF lib/airport/aircraft/airliners/jet_c_aza.obj
OBJECT_DEF lib/airport/aircraft/airliners/jet_c_aca.obj
OBJECT_DEF lib/airport/aircraft/airliners/jet_b_wlc.obj
OBJECT_DEF lib/airport/aircraft/airliners/heavy_d.obj
OBJECT_DEF lib/airport/Common_Elements/Hangars/Sm_Brown_Hangar.agp
OBJECT_DEF lib/airport/Common_Elements/Markers/Cones/Square_Red_White_2.obj
OBJECT_DEF lib/airport/Common_Elements/Markers/Cones/Square_Yellow_Black.obj
OBJECT_DEF lib/airport/Common_Elements/Markers/Cones/Square_Black_White_2.obj
OBJECT_DEF lib/airport/European_Airports/towers/Sweden_14m.obj
POLYGON_DEF lib/airport/pavement/concrete_1D.pol
POLYGON_DEF lib/airport/pavement/asphalt_6D.pol
POLYGON_DEF lib/airport/pavement/asphalt_2D.pol
POLYGON_DEF lib/airport/pavement/asphalt_1D.pol
POLYGON_DEF lib/airport/pavement/asphalt_2L.pol
POLYGON_DEF lib/airport/pavement/asphalt_4D.pol
POLYGON_DEF lib/airport/markings/DrapedDirSigns.pol
POLYGON_DEF lib/airport/lines/30_red_line.lin
POLYGON_DEF lib/airport/lines/21_road_edge_zipper.lin
POLYGON_DEF lib/airport/lines/20_road_edge.lin
POLYGON_DEF lib/airport/lines/22_road_edge_dash.lin
POLYGON_DEF lib/airport/lines/24_road_edge_wide.lin
POLYGON_DEF lib/g8/broad_tmp_sdry.for
POLYGON_DEF lib/airport/Modern_Airports/Terminal_kit/term_building_Slab_01.fac
POLYGON_DEF lib/airport/Modern_Airports/Terminal_kit/term_building_Tall_01.fac
POLYGON_DEF lib/airport/Modern_Airports/Terminal_kit/term_building_Levels_01.fac
POLYGON_DEF lib/airport/Modern_Airports/Terminal_kit/term_building_Ground_01.fac
POLYGON_DEF lib/buildings/facades/commercial/low_commercial_06.fac
POLYGON_DEF lib/constructions/fencing/fence_Wall-2m_02.fac
POLYGON_DEF lib/constructions/fencing/fence_Hedge_01.fac
POLYGON_DEF lib/buildings/facades/generic/high_modern_01.fac
POLYGON_DEF lib/constructions/fencing/fence_Mesh_02.fac
POLYGON_DEF lib/buildings/facades/generic/high_modern_02.fac
POLYGON_DEF lib/airport/Common_Elements/Hangars/White_Hangar.fac
POLYGON_DEF lib/airport/Modern_Airports/Terminal_kit/term_roof_long_skylight_01.fac
POLYGON_DEF lib/airport/Modern_Airports/Terminal_kit/term_building_Slab_03.fac
POLYGON_DEF lib/airport/Modern_Airports/Terminal_kit/term_building_Levels_02.fac
POLYGON_DEF lib/airport/Modern_Airports/Terminal_kit/term_building_Ground_02.fac
PROPERTY sim/filter/aptid UWLL
PROPERTY sim/exclude_obj 48.228233/54.265919/48.236698/54.292260
PROPERTY sim/exclude_obj 48.236285/54.281297/48.249910/54.289592
PROPERTY sim/exclude_for 48.236285/54.281297/48.249910/54.289592
PROPERTY sim/exclude_net 48.236285/54.281297/48.249910/54.289592
PROPERTY sim/exclude_net 48.233502/54.286128/48.235205/54.286750
PROPERTY sim/exclude_net 48.232130/54.286662/48.232796/54.287027
PROPERTY sim/exclude_obj 48.244256/54.276528/48.250712/54.283609
PROPERTY sim/exclude_for 48.244256/54.276528/48.250712/54.283609
PROPERTY sim/exclude_obj 48.235435/54.272303/48.245087/54.281627
PROPERTY sim/exclude_for 48.235435/54.272303/48.245087/54.281627
PROPERTY sim/exclude_obj 48.234081/54.265998/48.240541/54.273340
PROPERTY sim/exclude_for 48.234081/54.265998/48.240541/54.273340
PROPERTY sim/require_agpoint 1/0
PROPERTY sim/require_object 1/0
PROPERTY sim/require_facade 1/13
PROPERTY sim/require_facade 6/0
