PROPERTY sim/west -180
PROPERTY sim/east 180
PROPERTY sim/north 90
PROPERTY sim/south -90
PROPERTY sim/planet earth
PROPERTY sim/creation_agent WorldEditor1.6.1r1
PROPERTY laminar/internal_revision 0
PROPERTY sim/overlay 1
FILTER 0
BEGIN_POLYGON 0 0 2
BEGIN_WINDING
POLYGON_POINT 99.355453911 10.708195117
POLYGON_POINT 99.355610585 10.707957650
POLYGON_POINT 99.355635966 10.707973817
POLYGON_POINT 99.355479292 10.708211284
END_WINDING
END_POLYGON
BEGIN_POLYGON 0 0 2
BEGIN_WINDING
POLYGON_POINT 99.367750875 10.714333329
POLYGON_POINT 99.367896931 10.714116098
POLYGON_POINT 99.367926626 10.714135374
POLYGON_POINT 99.367780571 10.714352604
END_WINDING
END_POLYGON
BEGIN_POLYGON 1 0 2
BEGIN_WINDING
POLYGON_POINT 99.357238518 10.715128918
POLYGON_POINT 99.357172192 10.715219041
POLYGON_POINT 99.355086308 10.713923123
POLYGON_POINT 99.355117891 10.713868428
POLYGON_POINT 99.356026452 10.714432340
END_WINDING
END_POLYGON
BEGIN_POLYGON 2 0 4
BEGIN_WINDING
POLYGON_POINT 99.359912978 10.714392455 99.359912978 10.714392455
POLYGON_POINT 99.359828481 10.714559541 99.359828481 10.714559541
POLYGON_POINT 99.362385412 10.716044945 99.362385412 10.716044945
POLYGON_POINT 99.362227454 10.716289833 99.362227454 10.716289833
POLYGON_POINT 99.362313114 10.716345299 99.362313114 10.716345299
POLYGON_POINT 99.362156135 10.716585292 99.362156135 10.716585292
POLYGON_POINT 99.362069317 10.716532225 99.362069317 10.716532225
POLYGON_POINT 99.361943545 10.716735087 99.361943545 10.716735087
POLYGON_POINT 99.360933070 10.716165649 99.360759704 10.716082910
POLYGON_POINT 99.360591291 10.716136447 99.360591291 10.716136447
POLYGON_POINT 99.359590722 10.716394398 99.359268757 10.716477137
POLYGON_POINT 99.359095391 10.716365196 99.359095391 10.716365196
POLYGON_POINT 99.357172192 10.715219041 99.357172192 10.715219041
POLYGON_POINT 99.357238518 10.715128918 99.357238518 10.715128918
POLYGON_POINT 99.356026452 10.714432340 99.356026452 10.714432340
POLYGON_POINT 99.355117891 10.713868428 99.355117891 10.713868428
POLYGON_POINT 99.356235348 10.713539516 99.356235348 10.713539516
POLYGON_POINT 99.356603880 10.713610478 99.356831732 10.713727286
POLYGON_POINT 99.356886218 10.713586143 99.356886218 10.713586143
POLYGON_POINT 99.357064537 10.713250320 99.357257716 10.712904764
POLYGON_POINT 99.357545008 10.713021572 99.357545008 10.713021572
POLYGON_POINT 99.358334765 10.713490413 99.358334765 10.713490413
END_WINDING
BEGIN_WINDING
POLYGON_POINT 99.356574168 10.713775956 99.356574168 10.713775956
POLYGON_POINT 99.355980110 10.713911901 99.355747305 10.714233123
POLYGON_POINT 99.356026452 10.714432340 99.356026452 10.714432340
POLYGON_POINT 99.357238518 10.715128918 99.357238518 10.715128918
POLYGON_POINT 99.357693612 10.714379463 99.357693612 10.714379463
END_WINDING
BEGIN_WINDING
POLYGON_POINT 99.357351835 10.715255521 99.357351835 10.715255521
POLYGON_POINT 99.359139972 10.716297058 99.359139972 10.716297058
POLYGON_POINT 99.359749227 10.716121846 99.360001845 10.715786023
POLYGON_POINT 99.359778946 10.715567009 99.359778946 10.715567009
POLYGON_POINT 99.359439794 10.715381892 99.359439794 10.715381892
POLYGON_POINT 99.359199412 10.715776290 99.359199412 10.715776290
POLYGON_POINT 99.357569780 10.714909965 99.357569780 10.714909965
END_WINDING
BEGIN_WINDING
POLYGON_POINT 99.359915994 10.715623120 99.359915994 10.715623120
POLYGON_POINT 99.359915994 10.715623120 99.359987325 10.715712767
POLYGON_POINT 99.359949171 10.715981708 99.359922589 10.716090914
POLYGON_POINT 99.359821439 10.716252280 99.359821439 10.716252280
POLYGON_POINT 99.360523139 10.716079505 99.360679073 10.716037126
POLYGON_POINT 99.360551340 10.715957259 99.360551340 10.715957259
POLYGON_POINT 99.359915994 10.715623120 99.359987325 10.715712767
END_WINDING
BEGIN_WINDING
POLYGON_POINT 99.361881465 10.715875978 99.361881465 10.715875978
POLYGON_POINT 99.360507530 10.715056655 99.360507530 10.715056655
POLYGON_POINT 99.360347457 10.715304212 99.360347457 10.715304212
POLYGON_POINT 99.360070918 10.715140852 99.360070918 10.715140852
POLYGON_POINT 99.360139860 10.715017667 99.360139860 10.715017667
POLYGON_POINT 99.359787109 10.714821954 99.359787109 10.714821954
POLYGON_POINT 99.359530050 10.715267896 99.359530050 10.715267896
POLYGON_POINT 99.361539459 10.716411108 99.361539459 10.716411108
END_WINDING
BEGIN_WINDING
POLYGON_POINT 99.359495277 10.715126852 99.359495277 10.715126852
POLYGON_POINT 99.359711263 10.714744852 99.359780484 10.714620436
POLYGON_POINT 99.359684680 10.714578339 99.359684680 10.714578339
POLYGON_POINT 99.358322307 10.713791484 99.358188931 10.713715176
POLYGON_POINT 99.358146195 10.713820869 99.358146195 10.713820869
POLYGON_POINT 99.357900303 10.714235518 99.357900303 10.714235518
END_WINDING
BEGIN_WINDING
POLYGON_POINT 99.357824465 10.714193693 99.357824465 10.714193693
POLYGON_POINT 99.358051491 10.713820557 99.358051491 10.713820557
POLYGON_POINT 99.358029944 10.713653099 99.357931590 10.713613921
POLYGON_POINT 99.357873998 10.713731328 99.357873998 10.713731328
POLYGON_POINT 99.357325008 10.713419030 99.357325008 10.713419030
POLYGON_POINT 99.357325008 10.713248685 99.357226654 10.713191223
POLYGON_POINT 99.357164026 10.713313578 99.357164026 10.713313578
POLYGON_POINT 99.356949383 10.713711049 99.356949383 10.713711049
END_WINDING
BEGIN_WINDING
POLYGON_POINT 99.357998940 10.714604249 99.357998940 10.714604249
POLYGON_POINT 99.357998940 10.714604249 99.358028425 10.714557644
POLYGON_POINT 99.357983557 10.714519857 99.357983557 10.714519857
POLYGON_POINT 99.357875874 10.714461915 99.357818187 10.714427906
POLYGON_POINT 99.357781010 10.714514818 99.357781010 10.714514818
POLYGON_POINT 99.357657944 10.714730208 99.357615640 10.714799486
POLYGON_POINT 99.357713067 10.714853648 99.357713067 10.714853648
POLYGON_POINT 99.357814341 10.714910330 99.357814341 10.714910330
POLYGON_POINT 99.357998940 10.714604249 99.358028425 10.714557644
END_WINDING
BEGIN_WINDING
POLYGON_POINT 99.358950139 10.715541385 99.358950139 10.715541385
POLYGON_POINT 99.359062950 10.715604365 99.359062950 10.715604365
POLYGON_POINT 99.359197554 10.715594288 99.359244986 10.715518713
POLYGON_POINT 99.359325748 10.715380158 99.359325748 10.715380158
POLYGON_POINT 99.359307801 10.715271833 99.359251396 10.715237824
POLYGON_POINT 99.359224475 10.715223968 99.359224475 10.715223968
POLYGON_POINT 99.359116792 10.715251679 99.359068078 10.715319697
END_WINDING
END_POLYGON
BEGIN_POLYGON 3 255 2
BEGIN_WINDING
POLYGON_POINT 99.356069880 10.714373245
POLYGON_POINT 99.355974422 10.713909868
POLYGON_POINT 99.356567899 10.713765651
POLYGON_POINT 99.357684658 10.714380141
POLYGON_POINT 99.357231122 10.715066335
END_WINDING
END_POLYGON
BEGIN_POLYGON 3 255 2
BEGIN_WINDING
POLYGON_POINT 99.349118116 10.700852150
POLYGON_POINT 99.348955813 10.699467597
POLYGON_POINT 99.351327205 10.698985489
POLYGON_POINT 99.352086231 10.698156748
POLYGON_POINT 99.353949274 10.697833355
POLYGON_POINT 99.357074131 10.697507971
POLYGON_POINT 99.361877349 10.698265061
POLYGON_POINT 99.367391479 10.704179621
POLYGON_POINT 99.365813197 10.706649580
POLYGON_POINT 99.363544373 10.707092722
POLYGON_POINT 99.361187458 10.708441712
POLYGON_POINT 99.359428175 10.706775165
POLYGON_POINT 99.353725744 10.703458179
END_WINDING
END_POLYGON
BEGIN_POLYGON 3 255 2
BEGIN_WINDING
POLYGON_POINT 99.361047102 10.709438545
POLYGON_POINT 99.363756524 10.707547492
POLYGON_POINT 99.366127915 10.707065384
POLYGON_POINT 99.366886941 10.706236643
POLYGON_POINT 99.369265422 10.708445754
POLYGON_POINT 99.373961136 10.710821708
POLYGON_POINT 99.376727110 10.713315373
POLYGON_POINT 99.379197684 10.714478471
POLYGON_POINT 99.378110304 10.715211857
POLYGON_POINT 99.378786896 10.716378571
POLYGON_POINT 99.375988169 10.716521606
POLYGON_POINT 99.371357162 10.713842058
POLYGON_POINT 99.368231918 10.712816385
END_WINDING
END_POLYGON
BEGIN_POLYGON 3 255 2
BEGIN_WINDING
POLYGON_POINT 99.362692518 10.716068503
POLYGON_POINT 99.363744713 10.713677295
POLYGON_POINT 99.367666795 10.716033274
POLYGON_POINT 99.367904978 10.717484308
POLYGON_POINT 99.367111034 10.717983588
POLYGON_POINT 99.366491758 10.717858768
POLYGON_POINT 99.365189691 10.717515513
END_WINDING
END_POLYGON
FILTER -1
FILTER 0
FILTER -1
FILTER 0
FILTER -1
FILTER 0
FILTER -1
FILTER 0
FILTER -1
FILTER 0
OBJECT 0 99.359947163 10.714975375 59.549999
OBJECT 1 99.358616416 10.713010482 0.000000
OBJECT 1 99.358441643 10.712910178 0.000000
OBJECT 1 99.358281567 10.712819631 0.000000
OBJECT 1 99.358160815 10.712752891 0.000000
OBJECT 1 99.357987631 10.712655709 0.000000
OBJECT 1 99.357878001 10.712576481 44.999977
OBJECT 1 99.357791409 10.712453930 0.000000
OBJECT 1 99.357767974 10.712338405 0.000000
OBJECT 1 99.357783465 10.712208439 0.000000
OBJECT 1 99.357835897 10.712112428 0.000000
OBJECT 1 99.357901436 10.711994951 0.000000
OBJECT 1 99.357969359 10.711873571 0.000000
OBJECT 1 99.358025763 10.711775218 0.000000
OBJECT 1 99.358099644 10.711647204 0.000000
OBJECT 1 99.358152473 10.711555486 0.000000
OBJECT 1 99.358209274 10.711455182 0.000000
OBJECT 1 99.358263294 10.711360342 0.000000
OBJECT 1 99.358315726 10.711270575 0.000000
OBJECT 1 99.358366966 10.711180028 0.000000
OBJECT 1 99.358436080 10.711064503 0.000000
OBJECT 1 99.358489703 10.710970834 0.000000
OBJECT 1 99.358546901 10.710872871 0.000000
OBJECT 1 99.358602908 10.710773348 0.000000
OBJECT 1 99.358672022 10.710656261 0.000000
OBJECT 1 99.358735178 10.710521612 0.000000
OBJECT 1 99.358793965 10.710399842 0.000000
OBJECT 1 99.358843219 10.710291732 0.000000
OBJECT 1 99.358894856 10.710185573 0.000000
OBJECT 1 99.358940932 10.710045460 0.000000
OBJECT 1 99.358942918 10.709906517 0.000000
OBJECT 1 99.358873804 10.709787869 0.000000
OBJECT 1 99.359462068 10.710156302 0.000000
OBJECT 1 99.359347275 10.710204307 0.000000
OBJECT 1 99.359260286 10.710280413 0.000000
OBJECT 1 99.359168531 10.710395158 0.000000
OBJECT 1 99.359077174 10.710514586 270.000000
OBJECT 1 99.358982241 10.710641040 0.000000
OBJECT 1 99.358894061 10.710756565 0.000000
OBJECT 1 99.358828521 10.710845551 0.000000
OBJECT 1 99.358766557 10.710952100 270.000000
OBJECT 1 99.358702209 10.711059820 0.000000
OBJECT 1 99.358620781 10.711202275 0.000000
OBJECT 1 99.358562788 10.711304140 0.000000
OBJECT 1 99.358500824 10.711409908 0.000000
OBJECT 1 99.358436079 10.711523482 270.000000
OBJECT 1 99.358370936 10.711635105 0.000000
OBJECT 1 99.358303808 10.711751411 0.000000
OBJECT 1 99.358238268 10.711863033 0.000000
OBJECT 1 99.358181467 10.711962167 0.000000
OBJECT 1 99.358130227 10.712052323 0.000000
OBJECT 1 99.358071440 10.712151066 0.000000
OBJECT 1 99.358013050 10.712265421 0.000000
OBJECT 1 99.358018611 10.712369238 0.000000
OBJECT 1 99.358091698 10.712449247 0.000000
OBJECT 1 99.358216819 10.712523011 0.000000
OBJECT 1 99.358324860 10.712587019 0.000000
OBJECT 1 99.358453159 10.712661173 0.000000
OBJECT 1 99.358557229 10.712724010 0.000000
OBJECT 1 99.358646601 10.712777089 0.000000
OBJECT 1 99.358753054 10.712838755 0.000000
OBJECT 1 99.358876984 10.712909397 0.000000
OBJECT 1 99.358967548 10.712962086 270.000000
OBJECT 1 99.359057318 10.713013214 0.000000
OBJECT 1 99.359156620 10.713071757 0.000000
OBJECT 1 99.359247979 10.713124836 0.000000
OBJECT 1 99.359337749 10.713176354 0.000000
OBJECT 1 99.359429108 10.713228653 0.000000
OBJECT 1 99.359527616 10.713286025 0.000000
OBJECT 1 99.359622947 10.713341837 0.000000
OBJECT 1 99.359717880 10.713395696 0.000000
OBJECT 1 99.359819567 10.713455801 0.000000
OBJECT 1 99.359926814 10.713516686 0.000000
OBJECT 1 99.360031678 10.713550641 0.000000
OBJECT 1 99.360151238 10.713518637 0.000000
OBJECT 1 99.360216778 10.713462436 0.000000
OBJECT 1 99.360266827 10.713382036 0.000000
OBJECT 1 99.360322437 10.713288757 270.000000
OBJECT 1 99.360377252 10.713194698 0.000000
OBJECT 1 99.360432464 10.713099467 0.000000
OBJECT 1 99.360489266 10.713001895 0.000000
OBJECT 1 99.360546464 10.712901201 0.000000
OBJECT 1 99.360600088 10.712808312 0.000000
OBJECT 1 99.360654506 10.712714643 0.000000
OBJECT 1 99.360713293 10.712614729 0.000000
OBJECT 1 99.360768902 10.712517547 0.000000
OBJECT 1 99.360823718 10.712423097 0.000000
OBJECT 1 99.360888860 10.712311085 0.000000
OBJECT 1 99.360948442 10.712204926 0.000000
OBJECT 1 99.361011598 10.712094474 0.000000
OBJECT 1 99.361056880 10.711998073 0.000000
OBJECT 1 99.361103354 10.711894256 0.000000
OBJECT 1 99.361153799 10.711779121 0.000000
OBJECT 1 99.361194712 10.711688574 0.000000
OBJECT 1 99.361243966 10.711576562 0.000000
OBJECT 1 99.361278921 10.711496162 0.000000
OBJECT 1 99.361306725 10.711368928 0.000000
OBJECT 1 99.361283290 10.711245597 0.000000
OBJECT 1 99.361212189 10.711130071 0.000000
OBJECT 1 99.360300193 10.713723149 0.000000
OBJECT 1 99.360348256 10.713641969 0.000000
OBJECT 1 99.360406249 10.713544006 0.000000
OBJECT 1 99.360468611 10.713438238 0.000000
OBJECT 1 99.360528987 10.713336763 0.000000
OBJECT 1 99.360590952 10.713232166 0.000000
OBJECT 1 99.360654903 10.713125617 0.000000
OBJECT 1 99.360716868 10.713021410 0.000000
OBJECT 1 99.360778039 10.712918374 0.000000
OBJECT 1 99.360842784 10.712808703 0.000000
OBJECT 1 99.360906338 10.712701763 0.000000
OBJECT 1 99.360965125 10.712602630 270.000000
OBJECT 1 99.361021926 10.712507790 0.000000
OBJECT 1 99.361084288 10.712402412 0.000000
OBJECT 1 99.361147445 10.712296254 0.000000
OBJECT 1 99.361210601 10.712188534 0.000000
OBJECT 1 99.361274155 10.712092913 0.000000
OBJECT 1 99.361340489 10.711997293 0.000000
OBJECT 1 99.361406029 10.711904014 0.000000
OBJECT 1 99.361470377 10.711810735 0.000000
OBJECT 1 99.361532738 10.711720578 0.000000
OBJECT 1 99.361592320 10.711637056 0.000000
OBJECT 1 99.361691225 10.711572659 0.000000
OBJECT 1 99.361806416 10.711551973 0.000000
OBJECT 1 99.361920812 10.711558999 0.000000
OBJECT 2 99.360382747 10.715224463 192.380005
OBJECT 2 99.360117853 10.715074942 104.620003
OBJECT 2 99.359391916 10.714127018 150.779999
OBJECT 2 99.358988377 10.713887786 150.380005
OBJECT 2 99.358596110 10.713683995 150.660004
OBJECT 3 99.357837186 10.714481881 0.000000
OBJECT 3 99.357668105 10.714778706 0.000000
OBJECT 3 99.359144748 10.715611590 0.000000
OBJECT 3 99.359316084 10.715328055 0.000000
OBJECT 3 99.357981469 10.714566055 0.000000
OBJECT 3 99.359165038 10.715235020 0.000000
OBJECT 3 99.358980176 10.715531846 0.000000
OBJECT 3 99.357814642 10.714878387 0.000000
OBJECT 3 99.357175557 10.713419873 0.000000
OBJECT 3 99.357118153 10.713517297 0.000000
OBJECT 3 99.357060749 10.713618567 0.000000
OBJECT 3 99.357193822 10.713771112 0.000000
OBJECT 3 99.357422133 10.713901866 0.000000
OBJECT 3 99.357658272 10.714028774 0.000000
OBJECT 3 99.357859186 10.714042874 0.000000
OBJECT 3 99.357915285 10.713949296 0.000000
OBJECT 3 99.357966166 10.713850590 0.000000
OBJECT 3 99.358244054 10.714360785 0.000000
OBJECT 3 99.358117504 10.714294126 0.000000
OBJECT 3 99.357937464 10.714226185 0.000000
OBJECT 3 99.358036616 10.714101842 0.000000
OBJECT 3 99.358097934 10.713996726 0.000000
OBJECT 3 99.358280583 10.713859563 0.000000
OBJECT 3 99.358391477 10.713918530 0.000000
OBJECT 3 99.358499762 10.713978780 0.000000
OBJECT 3 99.359491287 10.715083774 0.000000
OBJECT 3 99.359204266 10.714906872 0.000000
OBJECT 3 99.359325598 10.714969685 0.000000
OBJECT 3 99.359547386 10.714928665 0.000000
OBJECT 3 99.359610009 10.714823549 0.000000
OBJECT 3 99.359613922 10.714612036 0.000000
OBJECT 3 99.359516075 10.714553069 0.000000
OBJECT 3 99.359413008 10.714500511 0.000000
BEGIN_POLYGON 4 6 2
BEGIN_WINDING
POLYGON_POINT 99.358532115 10.714440003
POLYGON_POINT 99.358643765 10.714241876
POLYGON_POINT 99.359151057 10.714519559
POLYGON_POINT 99.359033434 10.714723555
END_WINDING
END_POLYGON
BEGIN_POLYGON 5 6 5
BEGIN_WINDING
POLYGON_POINT 99.358385441 10.714477125 0.000000000 99.358385441 10.714477125
POLYGON_POINT 99.358594781 10.714104920 1.000000000 99.358594781 10.714104920
POLYGON_POINT 99.358687289 10.714155151 0.000000000 99.358687289 10.714155151
POLYGON_POINT 99.358749406 10.714044708 4.000000000 99.358749406 10.714044708
POLYGON_POINT 99.358839235 10.714093484 0.000000000 99.358839235 10.714093484
POLYGON_POINT 99.358781540 10.714196064 1.000000000 99.358781540 10.714196064
POLYGON_POINT 99.359090414 10.714363781 0.000000000 99.359090414 10.714363781
POLYGON_POINT 99.359141518 10.714272919 4.000000000 99.359141518 10.714272919
POLYGON_POINT 99.359241796 10.714327370 0.000000000 99.359241796 10.714327370
POLYGON_POINT 99.359182973 10.714431957 1.000000000 99.359182973 10.714431957
POLYGON_POINT 99.359283386 10.714486480 0.000000000 99.359283386 10.714486480
POLYGON_POINT 99.359065399 10.714866515 0.000000000 99.359065399 10.714866515
POLYGON_POINT 99.358782137 10.714699477 4.000000000 99.358782137 10.714699477
POLYGON_POINT 99.358632624 10.714713566 4.000000000 99.358543046 10.714666624
POLYGON_POINT 99.358576670 10.714580961 0.000000000 99.358576670 10.714580961
END_WINDING
END_POLYGON
OBJECT 4 99.361723454 10.715839745 0.000000
OBJECT 4 99.361651721 10.715962587 0.000000
OBJECT 4 99.361563591 10.716115636 0.000000
OBJECT 4 99.361444718 10.716262644 0.000000
OBJECT 4 99.361295101 10.716182091 0.000000
OBJECT 4 99.361149586 10.716091470 270.000000
OBJECT 4 99.361012951 10.716014275 0.000000
OBJECT 4 99.360871191 10.715935401 0.000000
OBJECT 4 99.360729432 10.715853170 0.000000
OBJECT 4 99.360582549 10.715767584 0.000000
OBJECT 4 99.360427126 10.715680319 0.000000
OBJECT 4 99.360271703 10.715594732 0.000000
OBJECT 4 99.360120834 10.715505230 0.000000
OBJECT 4 99.359967119 10.715422720 0.000000
OBJECT 4 99.359811981 10.715333217 0.000000
OBJECT 4 99.359649726 10.715240918 0.000000
OBJECT 4 99.359135993 10.714866653 0.000000
OBJECT 4 99.359268289 10.714933160 0.000000
OBJECT 4 99.359375972 10.714996643 0.000000
OBJECT 4 99.359511344 10.714973971 0.000000
OBJECT 4 99.359572877 10.714872699 0.000000
OBJECT 4 99.359643640 10.714765382 0.000000
OBJECT 4 99.359659023 10.714648996 0.000000
OBJECT 4 99.359562109 10.714580978 0.000000
OBJECT 4 99.359463656 10.714526564 0.000000
OBJECT 4 99.359362127 10.714469126 0.000000
OBJECT 4 99.358314529 10.714392039 0.000000
OBJECT 4 99.358180695 10.714325533 0.000000
OBJECT 4 99.358057629 10.714256003 0.000000
OBJECT 4 99.358006865 10.714153221 0.000000
OBJECT 4 99.358066859 10.714047415 0.000000
OBJECT 4 99.358134545 10.713938586 0.000000
OBJECT 4 99.358222230 10.713841850 0.000000
OBJECT 4 99.358337604 10.713888707 0.000000
OBJECT 4 99.358443748 10.713952190 0.000000
OBJECT 4 99.358552969 10.714014162 0.000000
OBJECT 4 99.357488450 10.713926494 0.000000
OBJECT 4 99.357365385 10.713855453 0.000000
OBJECT 4 99.357253087 10.713790458 0.000000
OBJECT 4 99.357605363 10.713993001 0.000000
OBJECT 4 99.357717660 10.714048927 0.000000
OBJECT 4 99.357143866 10.713734533 0.000000
OBJECT 4 99.357034645 10.713669538 0.000000
OBJECT 4 99.357090025 10.713569778 0.000000
OBJECT 4 99.357148481 10.713470018 0.000000
OBJECT 4 99.357202322 10.713371770 0.000000
OBJECT 4 99.357831496 10.714091249 0.000000
OBJECT 4 99.357885337 10.713993001 0.000000
OBJECT 4 99.357937640 10.713900799 0.000000
OBJECT 4 99.357996096 10.713802551 0.000000
OBJECT 4 99.359578990 10.716115831 0.000000
OBJECT 4 99.359760056 10.715786261 0.000000
OBJECT 4 99.359538918 10.715659392 0.000000
OBJECT 4 99.359353400 10.715991878 0.000000
OBJECT 4 99.358430260 10.715474191 0.000000
OBJECT 4 99.358890346 10.715730847 0.000000
OBJECT 4 99.357967207 10.715213161 0.000000
OBJECT 4 99.359123357 10.715863550 0.000000
OBJECT 4 99.358200218 10.715345863 0.000000
OBJECT 4 99.358660303 10.715602519 0.000000
OBJECT 4 99.357737164 10.715084833 0.000000
OBJECT 4 99.359464711 10.716050208 0.000000
OBJECT 4 99.359645777 10.715720639 0.000000
OBJECT 4 99.359424639 10.715593769 0.000000
OBJECT 4 99.359239120 10.715926255 0.000000
OBJECT 4 99.358315981 10.715408569 0.000000
OBJECT 4 99.358776067 10.715665225 0.000000
OBJECT 4 99.357852927 10.715147538 0.000000
OBJECT 4 99.359009078 10.715797927 0.000000
OBJECT 4 99.358085938 10.715280241 0.000000
OBJECT 4 99.358546024 10.715536897 0.000000
OBJECT 4 99.357622885 10.715019211 0.000000
OBJECT 4 99.359518140 10.716222284 180.000000
OBJECT 4 99.359699206 10.715892715 180.000000
OBJECT 4 99.359478068 10.715765846 180.000000
OBJECT 4 99.359292550 10.716098331 180.000000
OBJECT 4 99.358369410 10.715580645 180.000000
OBJECT 4 99.358829496 10.715837301 180.000000
OBJECT 4 99.357906357 10.715319615 180.000000
OBJECT 4 99.359062507 10.715970003 180.000000
OBJECT 4 99.358139368 10.715452317 180.000000
OBJECT 4 99.358599453 10.715708973 180.000000
OBJECT 4 99.357676314 10.715191287 180.000000
OBJECT 4 99.359403861 10.716156662 180.000000
OBJECT 4 99.359584927 10.715827093 180.000000
OBJECT 4 99.359363789 10.715700223 180.000000
OBJECT 4 99.359178270 10.716032709 180.000000
OBJECT 4 99.358255131 10.715515023 180.000000
OBJECT 4 99.358715217 10.715771679 180.000000
OBJECT 4 99.357792077 10.715253992 180.000000
OBJECT 4 99.358948228 10.715904381 180.000000
OBJECT 4 99.358025088 10.715386695 180.000000
OBJECT 4 99.358485174 10.715643351 180.000000
OBJECT 4 99.357562035 10.715125664 180.000000
OBJECT 4 99.359637193 10.716001642 0.000000
OBJECT 4 99.359416055 10.715874773 0.000000
OBJECT 4 99.359230536 10.716207258 0.000000
OBJECT 4 99.358307397 10.715689572 0.000000
OBJECT 4 99.358767482 10.715946228 0.000000
OBJECT 4 99.357844343 10.715428542 0.000000
OBJECT 4 99.359000493 10.716078931 0.000000
OBJECT 4 99.358077354 10.715561244 0.000000
OBJECT 4 99.358537440 10.715817900 0.000000
OBJECT 4 99.357614301 10.715300214 0.000000
OBJECT 4 99.359341847 10.716265589 0.000000
OBJECT 4 99.359522913 10.715936020 0.000000
OBJECT 4 99.359301775 10.715809150 0.000000
OBJECT 4 99.359116257 10.716141636 0.000000
OBJECT 4 99.358193118 10.715623950 0.000000
OBJECT 4 99.358653203 10.715880606 0.000000
OBJECT 4 99.357730064 10.715362919 0.000000
OBJECT 4 99.358886214 10.716013308 0.000000
OBJECT 4 99.357963075 10.715495622 0.000000
OBJECT 4 99.358423160 10.715752278 0.000000
OBJECT 4 99.357500021 10.715234591 0.000000
BEGIN_POLYGON 6 6 2
BEGIN_WINDING
POLYGON_POINT 99.358042246 10.713814643
POLYGON_POINT 99.357822266 10.714178916
POLYGON_POINT 99.356970036 10.713707325
POLYGON_POINT 99.357163864 10.713335494
END_WINDING
END_POLYGON
BEGIN_POLYGON 6 6 2
BEGIN_WINDING
POLYGON_POINT 99.358385012 10.714477986
POLYGON_POINT 99.357911763 10.714232366
POLYGON_POINT 99.358153195 10.713821949
POLYGON_POINT 99.358233316 10.713770516
POLYGON_POINT 99.358319847 10.713799906
POLYGON_POINT 99.358651014 10.713994093
END_WINDING
END_POLYGON
BEGIN_POLYGON 6 6 2
BEGIN_WINDING
POLYGON_POINT 99.359351879 10.714395575
POLYGON_POINT 99.359680407 10.714586736
POLYGON_POINT 99.359724846 10.714657748
POLYGON_POINT 99.359703810 10.714739222
POLYGON_POINT 99.359495975 10.715102714
POLYGON_POINT 99.359065399 10.714866515
END_WINDING
END_POLYGON
OBJECT 5 99.358898055 10.715302092 240.000000
OBJECT 5 99.358729899 10.715204902 240.000000
OBJECT 5 99.358566071 10.715113178 240.000000
OBJECT 5 99.358921194 10.715285696 60.000000
OBJECT 5 99.358753038 10.715188505 60.000000
OBJECT 5 99.358589210 10.715096782 60.000000
OBJECT 5 99.358385551 10.715012950 240.000000
OBJECT 5 99.358408690 10.714996554 60.000000
OBJECT 5 99.358203794 10.714911507 240.000000
OBJECT 5 99.358226933 10.714895111 60.000000
OBJECT 5 99.358022037 10.714809457 240.000000
OBJECT 5 99.358045176 10.714793061 60.000000
OBJECT 6 99.360230091 10.715180511 59.040001
OBJECT 6 99.362186130 10.716434873 147.300003
OBJECT 7 99.361952526 10.716171213 238.320007
OBJECT 7 99.361855713 10.716330653 238.019989
OBJECT 8 99.359293115 10.714369797 150.190002
OBJECT 8 99.358693818 10.714019070 149.860001
OBJECT 9 99.359413034 10.714133948 0.000000
OBJECT 9 99.358618356 10.713679849 0.000000
OBJECT 9 99.358977182 10.713871826 0.000000
OBJECT 10 99.360217319 10.713932865 0.000000
OBJECT 10 99.360173483 10.714000549 0.000000
OBJECT 10 99.360132778 10.714074387 0.000000
OBJECT 11 99.359694365 10.714293282 193.240005
OBJECT 11 99.359359992 10.714121035 199.289993
OBJECT 11 99.358928230 10.713859474 208.070007
OBJECT 12 99.358110155 10.713776540 123.019997
OBJECT 13 99.359441151 10.714159312 192.990005
OBJECT 13 99.359025620 10.713923269 79.699997
OBJECT 13 99.359278834 10.714073188 73.300003
FILTER -1
OBJECT_DEF lib/airport/European_Airports/towers/Bremgarten_20m.obj
OBJECT_DEF lib/airport/lights/slow/taxi_edge.obj
OBJECT_DEF lib/airport/Common_Elements/Lighting/Ovrhd_Flood_Med.obj
OBJECT_DEF lib/g10/streetlights/ResShort.obj
OBJECT_DEF lib/g10/forests/autogen_tree2.obj
OBJECT_DEF lib/airport/Common_Elements/Parking_Items/14_Single_Spaces.agp
OBJECT_DEF lib/g10/US/industrial/light/TinShed10x30Lt.obj
OBJECT_DEF lib/g10/US/industrial/light/TinShed10x30Dk.obj
OBJECT_DEF lib/airport/Common_Elements/Barriers/concrete/black_yellow_stripe_3m.obj
OBJECT_DEF lib/airport/Common_Elements/Miscellaneous/Stack_of_Cones.obj
OBJECT_DEF lib/airport/Common_Elements/Markers/Cones/Square_Yellow_Black_2.obj
OBJECT_DEF lib/airport/Ramp_Equipment/Towbar_1.obj
OBJECT_DEF lib/airport/Ramp_Equipment/Tow_Tractor_1.obj
OBJECT_DEF lib/airport/Ramp_Equipment/Stair_Maint_1.obj
POLYGON_DEF lib/airport/pavement/concrete_2D.pol
POLYGON_DEF lib/airport/pavement/asphalt_3L.pol
POLYGON_DEF lib/airport/pavement/concrete_6L.pol
POLYGON_DEF lib/g10/forests/AG_trees_EU1.for
POLYGON_DEF lib/airport/Modern_Airports/Terminal_kit/term_roof_level_01.fac
POLYGON_DEF lib/airport/Modern_Airports/Terminal_kit/term_building_Ground_01.fac
POLYGON_DEF lib/g10/global_objects/hedge_res.fac
PROPERTY sim/filter/aptid VTSE
PROPERTY sim/exclude_obj 99.360027/10.716191/99.362104/10.716921
PROPERTY sim/exclude_for 99.360027/10.716191/99.362104/10.716921
PROPERTY sim/exclude_net 99.360027/10.716191/99.362104/10.716921
PROPERTY sim/exclude_obj 99.358799/10.715460/99.361587/10.716588
PROPERTY sim/exclude_for 99.358799/10.715460/99.361587/10.716588
PROPERTY sim/exclude_net 99.358799/10.715460/99.361587/10.716588
PROPERTY sim/exclude_obj 99.357078/10.714651/99.359866/10.715778
PROPERTY sim/exclude_for 99.357078/10.714651/99.359866/10.715778
PROPERTY sim/exclude_net 99.357078/10.714651/99.359866/10.715778
PROPERTY sim/exclude_obj 99.355880/10.713905/99.357903/10.715032
PROPERTY sim/exclude_for 99.355880/10.713905/99.357903/10.715032
PROPERTY sim/exclude_net 99.355880/10.713905/99.357903/10.715032
PROPERTY sim/require_agpoint 1/0
PROPERTY sim/require_object 1/0
PROPERTY sim/require_facade 1/4
PROPERTY sim/require_facade 6/0
