PROPERTY sim/west -180
PROPERTY sim/east 180
PROPERTY sim/north 90
PROPERTY sim/south -90
PROPERTY sim/planet earth
PROPERTY sim/creation_agent WorldEditor2.2.0r2
PROPERTY laminar/internal_revision 0
PROPERTY sim/overlay 1
FILTER 0
BEGIN_POLYGON 0 0 4
BEGIN_WINDING
POLYGON_POINT 96.210725902 19.614650707 96.210725902 19.614650707
POLYGON_POINT 96.210940415 19.614835186 96.210980236 19.614872697
POLYGON_POINT 96.211021232 19.614837399 96.211021232 19.614837399
POLYGON_POINT 96.211123071 19.614737043 96.211123071 19.614737043
END_WINDING
END_POLYGON
BEGIN_POLYGON 0 0 4
BEGIN_WINDING
POLYGON_POINT 96.210667023 19.614723901 96.210667023 19.614723901
POLYGON_POINT 96.210745801 19.614795307 96.210745801 19.614795307
POLYGON_POINT 96.210733909 19.614940495 96.210679073 19.615001004
POLYGON_POINT 96.210239047 19.615481147 96.210239047 19.615481147
POLYGON_POINT 96.210331394 19.615555784 96.210331394 19.615555784
POLYGON_POINT 96.210348607 19.615653016 96.210322756 19.615715739
POLYGON_POINT 96.209982164 19.616477180 96.209946912 19.616550971
POLYGON_POINT 96.209827483 19.616536851 96.209827483 19.616536851
POLYGON_POINT 96.209633907 19.616456519 96.209633907 19.616456519
END_WINDING
END_POLYGON
BEGIN_POLYGON 0 0 4
BEGIN_WINDING
POLYGON_POINT 96.214197231 19.617926290 96.214197231 19.617926290
POLYGON_POINT 96.214451639 19.617334689 96.214451639 19.617334689
POLYGON_POINT 96.214611301 19.617226236 96.214714707 19.617230663
POLYGON_POINT 96.214823310 19.617237375 96.214823310 19.617237375
POLYGON_POINT 96.214892362 19.616548725 96.214892362 19.616548725
END_WINDING
END_POLYGON
BEGIN_POLYGON 1 0 2
BEGIN_WINDING
POLYGON_POINT 96.199721741 19.618702796
POLYGON_POINT 96.199469926 19.619258172
END_WINDING
END_POLYGON
BEGIN_POLYGON 1 0 2
BEGIN_WINDING
POLYGON_POINT 96.199073925 19.617425238
POLYGON_POINT 96.198509878 19.618772023
END_WINDING
END_POLYGON
BEGIN_POLYGON 1 0 4
BEGIN_WINDING
POLYGON_POINT 96.199386189 19.618547236 96.199386189 19.618547236
POLYGON_POINT 96.199276021 19.618568855 96.199276021 19.618568855
POLYGON_POINT 96.198470887 19.620378801 96.198460211 19.620403941
POLYGON_POINT 96.198507265 19.620444458 96.198533658 19.620455352
POLYGON_POINT 96.199093832 19.620678795 96.199093832 19.620678795
END_WINDING
END_POLYGON
BEGIN_POLYGON 1 0 4
BEGIN_WINDING
POLYGON_POINT 96.199572253 19.618201774 96.199572253 19.618201774
POLYGON_POINT 96.199627238 19.618271621 96.199679506 19.618293342
POLYGON_POINT 96.199950568 19.618403750 96.199979776 19.618414852
POLYGON_POINT 96.200084706 19.618338657 96.200109815 19.618282666
POLYGON_POINT 96.200048821 19.618209760 96.200019613 19.618194314
POLYGON_POINT 96.199702218 19.618061658 96.199656099 19.618042351
POLYGON_POINT 96.199623550 19.618078943 96.199623550 19.618078943
END_WINDING
END_POLYGON
BEGIN_POLYGON 1 0 4
BEGIN_WINDING
POLYGON_POINT 96.199780940 19.617709769 96.199780940 19.617709769
POLYGON_POINT 96.199439509 19.618508510 96.199439509 19.618508510
POLYGON_POINT 96.199408627 19.618619016 96.199408627 19.618619016
POLYGON_POINT 96.199185769 19.619150361 96.199175520 19.619174978
POLYGON_POINT 96.199197460 19.619187899 96.199197460 19.619187899
POLYGON_POINT 96.199673995 19.619375535 96.199673995 19.619375535
END_WINDING
END_POLYGON
BEGIN_POLYGON 1 0 4
BEGIN_WINDING
POLYGON_POINT 96.196982752 19.616531572 96.196982752 19.616531572
POLYGON_POINT 96.200543030 19.617974167 96.200588042 19.617993629
POLYGON_POINT 96.200562215 19.618080512 96.200540816 19.618124996
POLYGON_POINT 96.199949505 19.619373643 96.199949505 19.619373643
END_WINDING
END_POLYGON
BEGIN_POLYGON 0 1 4
BEGIN_WINDING
POLYGON_POINT 96.210984455 19.614982182 96.210984455 19.614982182
POLYGON_POINT 96.210810253 19.614976778 96.210747082 19.615040534
POLYGON_POINT 96.210429640 19.615384559 96.210364213 19.615456815
POLYGON_POINT 96.210443431 19.615556800 96.210443431 19.615556800
POLYGON_POINT 96.211182324 19.616162746 96.211247188 19.616218532
POLYGON_POINT 96.211233806 19.616390259 96.211200904 19.616468183
POLYGON_POINT 96.210856391 19.617232188 96.210804500 19.617352261
POLYGON_POINT 96.210921850 19.617411054 96.210921850 19.617411054
POLYGON_POINT 96.211429539 19.617623198 96.211429539 19.617623198
POLYGON_POINT 96.211593605 19.617566583 96.211635908 19.617479509
POLYGON_POINT 96.212182836 19.616229166 96.212182836 19.616229166
POLYGON_POINT 96.212185829 19.615950036 96.212185829 19.615950036
END_WINDING
END_POLYGON
BEGIN_POLYGON 0 1 4
BEGIN_WINDING
POLYGON_POINT 96.214660304 19.616388420 96.214660304 19.616388420
POLYGON_POINT 96.214801062 19.616502927 96.214794534 19.616594654
POLYGON_POINT 96.214752866 19.617046910 96.214739329 19.617143819
POLYGON_POINT 96.214627452 19.617152037 96.214627452 19.617152037
POLYGON_POINT 96.213512515 19.617063416 96.213427126 19.617057513
POLYGON_POINT 96.213302254 19.617161367 96.213269352 19.617228517
POLYGON_POINT 96.213302254 19.617161367 96.213302254 19.617161367
POLYGON_POINT 96.213302254 19.617161367 96.213270846 19.617225468
POLYGON_POINT 96.212901422 19.618059569 96.212856299 19.618162287
POLYGON_POINT 96.212741188 19.618132791 96.212741188 19.618132791
POLYGON_POINT 96.212206965 19.617926518 96.212206965 19.617926518
POLYGON_POINT 96.212146729 19.617780789 96.212179631 19.617699619
POLYGON_POINT 96.212733214 19.616449932 96.212733214 19.616449932
POLYGON_POINT 96.212936102 19.616254839 96.212936102 19.616254839
END_WINDING
END_POLYGON
BEGIN_POLYGON 0 0 4
BEGIN_WINDING
POLYGON_POINT 96.214837144 19.616040857 96.214837144 19.616040857
POLYGON_POINT 96.214827178 19.616254875 96.214822282 19.616302019
POLYGON_POINT 96.214748365 19.616304014 96.214748365 19.616304014
POLYGON_POINT 96.212892447 19.616159856 96.212892447 19.616159856
POLYGON_POINT 96.212651842 19.616406355 96.212651842 19.616406355
POLYGON_POINT 96.212053686 19.617752988 96.212018434 19.617828009
POLYGON_POINT 96.211885500 19.617809701 96.211885500 19.617809701
POLYGON_POINT 96.211751817 19.617755107 96.211751817 19.617755107
POLYGON_POINT 96.211692952 19.617589593 96.211734732 19.617494279
POLYGON_POINT 96.212274610 19.616272894 96.212274610 19.616272894
POLYGON_POINT 96.212295828 19.615942031 96.212295828 19.615942031
POLYGON_POINT 96.211052692 19.614931521 96.211052692 19.614931521
POLYGON_POINT 96.211181958 19.614787985 96.211181958 19.614787985
END_WINDING
END_POLYGON
BEGIN_POLYGON 0 0 4
BEGIN_WINDING
POLYGON_POINT 96.210368542 19.618180237 96.210368542 19.618180237
POLYGON_POINT 96.211172513 19.616358224 96.211172513 19.616358224
POLYGON_POINT 96.211135537 19.616215541 96.211069733 19.616162411
POLYGON_POINT 96.210553389 19.615743347 96.210462517 19.615676197
POLYGON_POINT 96.210378120 19.615772675 96.210378120 19.615772675
POLYGON_POINT 96.208892307 19.619135764 96.208892307 19.619135764
END_WINDING
END_POLYGON
BEGIN_POLYGON 0 0 4
BEGIN_WINDING
POLYGON_POINT 96.214108737 19.617897115 96.214108737 19.617897115
POLYGON_POINT 96.214355162 19.617328872 96.214355162 19.617328872
POLYGON_POINT 96.214244671 19.617197423 96.214129514 19.617190044
POLYGON_POINT 96.213497836 19.617132076 96.213395996 19.617123221
POLYGON_POINT 96.213361403 19.617200375 96.213361403 19.617200375
POLYGON_POINT 96.212884187 19.618292271 96.212884187 19.618292271
POLYGON_POINT 96.210905265 19.617498966 96.210782080 19.617444136
POLYGON_POINT 96.210722031 19.617537525 96.210722031 19.617537525
POLYGON_POINT 96.210427685 19.618207725 96.210427685 19.618207725
END_WINDING
END_POLYGON
BEGIN_POLYGON 0 1 2
BEGIN_WINDING
POLYGON_POINT 96.213814242 19.616410925
POLYGON_POINT 96.213799315 19.616651394
POLYGON_POINT 96.213823316 19.616670265
POLYGON_POINT 96.214014789 19.616547304
POLYGON_POINT 96.214024624 19.616424133
END_WINDING
END_POLYGON
BEGIN_POLYGON 0 1 2
BEGIN_WINDING
POLYGON_POINT 96.213055787 19.616371397
POLYGON_POINT 96.213040588 19.616613454
POLYGON_POINT 96.213243366 19.616653020
POLYGON_POINT 96.213382414 19.616565702
POLYGON_POINT 96.213401243 19.616389700
END_WINDING
END_POLYGON
BEGIN_POLYGON 0 1 2
BEGIN_WINDING
POLYGON_POINT 96.212534210 19.617138609
POLYGON_POINT 96.212727521 19.617212872
POLYGON_POINT 96.212605143 19.616980742
END_WINDING
END_POLYGON
BEGIN_POLYGON 0 0 2
BEGIN_WINDING
POLYGON_POINT 96.212236829 19.617936335
POLYGON_POINT 96.212278437 19.617850619
POLYGON_POINT 96.212341009 19.617870265
POLYGON_POINT 96.212367292 19.617986539
END_WINDING
END_POLYGON
BEGIN_POLYGON 0 0 4
BEGIN_WINDING
POLYGON_POINT 96.212063534 19.616493375 96.212063534 19.616493375
POLYGON_POINT 96.211837078 19.616405297 96.211837078 19.616405297
POLYGON_POINT 96.211693444 19.616622457 96.211692237 19.616622457
POLYGON_POINT 96.211520368 19.616680229 96.211520368 19.616680229
POLYGON_POINT 96.211649517 19.616938320 96.211649517 19.616938320
POLYGON_POINT 96.211726766 19.616966744 96.211726766 19.616966744
POLYGON_POINT 96.211900576 19.616551753 96.211900576 19.616551753
END_WINDING
END_POLYGON
BEGIN_POLYGON 0 0 2
BEGIN_WINDING
POLYGON_POINT 96.210569973 19.615227730
POLYGON_POINT 96.210732918 19.615239100
POLYGON_POINT 96.210903307 19.615070451
POLYGON_POINT 96.211029238 19.615175240
POLYGON_POINT 96.210871724 19.615343700
POLYGON_POINT 96.210852144 19.615444353
POLYGON_POINT 96.210899485 19.615482410
POLYGON_POINT 96.211040805 19.615490558
POLYGON_POINT 96.211216926 19.615303907
POLYGON_POINT 96.211356939 19.615419877
POLYGON_POINT 96.211205594 19.615591463
POLYGON_POINT 96.211174631 19.615706693
POLYGON_POINT 96.211214043 19.615740216
POLYGON_POINT 96.211373837 19.615741637
POLYGON_POINT 96.211525920 19.615575640
POLYGON_POINT 96.211665933 19.615681378
POLYGON_POINT 96.211506608 19.615870114
POLYGON_POINT 96.211548853 19.616044069
POLYGON_POINT 96.211809567 19.616188463
POLYGON_POINT 96.211895264 19.616166861
POLYGON_POINT 96.212085971 19.615972440
END_WINDING
END_POLYGON
BEGIN_POLYGON 1 0 4
BEGIN_WINDING
POLYGON_POINT 96.214782120 19.616361424 96.214782120 19.616361424
POLYGON_POINT 96.212926709 19.616205887 96.212926709 19.616205887
POLYGON_POINT 96.212687721 19.616433735 96.212687721 19.616433735
POLYGON_POINT 96.212097374 19.617776978 96.212049596 19.617878831
POLYGON_POINT 96.211889999 19.617852907 96.211889999 19.617852907
POLYGON_POINT 96.211707457 19.617780321 96.211707457 19.617780321
POLYGON_POINT 96.211639170 19.617595817 96.211682757 19.617493964
POLYGON_POINT 96.212230601 19.616247910 96.212230601 19.616247910
POLYGON_POINT 96.212240814 19.615946823 96.212240814 19.615946823
POLYGON_POINT 96.211019843 19.614953664 96.211019843 19.614953664
END_WINDING
END_POLYGON
BEGIN_POLYGON 2 246 4
BEGIN_WINDING
POLYGON_POINT 96.199087141 19.620704638 96.199087141 19.620704638
POLYGON_POINT 96.198415617 19.620438345 96.198415617 19.620438345
POLYGON_POINT 96.199255146 19.618516355 96.199255146 19.618516355
POLYGON_POINT 96.199402550 19.618496949 96.199402550 19.618496949
POLYGON_POINT 96.199730870 19.617742817 96.199730870 19.617742817
POLYGON_POINT 96.199716460 19.617682281 96.199683520 19.617668269
POLYGON_POINT 96.199169823 19.617464887 96.199112445 19.617443268
POLYGON_POINT 96.199074216 19.617511095 96.199074216 19.617511095
POLYGON_POINT 96.198529737 19.618796327 96.198529737 19.618796327
POLYGON_POINT 96.198478807 19.618776664 96.198478807 19.618776664
POLYGON_POINT 96.199012697 19.617483089 96.199012697 19.617483089
POLYGON_POINT 96.198990055 19.617392366 96.198932677 19.617364741
POLYGON_POINT 96.196966432 19.616560688 96.196966432 19.616560688
POLYGON_POINT 96.196991728 19.616501767 96.196991728 19.616501767
POLYGON_POINT 96.200840369 19.618052208 96.200840369 19.618052208
POLYGON_POINT 96.200805136 19.618131235 96.200805136 19.618131235
POLYGON_POINT 96.200658109 19.618071041 96.200617306 19.618054226
POLYGON_POINT 96.200587693 19.618101358 96.200587693 19.618101358
POLYGON_POINT 96.200000520 19.619348024 96.199989894 19.619371045
POLYGON_POINT 96.200002327 19.619406371 96.200002327 19.619406371
POLYGON_POINT 96.199889338 19.619356666 96.199889338 19.619356666
POLYGON_POINT 96.199943441 19.619319592 96.199953004 19.619301576
POLYGON_POINT 96.200151340 19.618880516 96.200151340 19.618880516
POLYGON_POINT 96.199746411 19.618714078 96.199746411 19.618714078
POLYGON_POINT 96.199496189 19.619264437 96.199496189 19.619264437
POLYGON_POINT 96.199645250 19.619324253 96.199678190 19.619337265
POLYGON_POINT 96.199715753 19.619284219 96.199715753 19.619284219
POLYGON_POINT 96.199649781 19.619436787 96.199649781 19.619436787
POLYGON_POINT 96.199620507 19.619387443 96.199587301 19.619368676
POLYGON_POINT 96.199120614 19.619193113 96.199074126 19.619175041
POLYGON_POINT 96.199018274 19.619211800 96.199018274 19.619211800
POLYGON_POINT 96.198513925 19.620355996 96.198494799 19.620396832
POLYGON_POINT 96.198546336 19.620431392 96.198546336 19.620431392
POLYGON_POINT 96.199108665 19.620657363 96.199108665 19.620657363
END_WINDING
BEGIN_WINDING
POLYGON_POINT 96.199443071 19.619253743 96.199443071 19.619253743
POLYGON_POINT 96.199696934 19.618692381 96.199696934 19.618692381
POLYGON_POINT 96.199492766 19.618601406 96.199466235 19.618590285
POLYGON_POINT 96.199449521 19.618609553 96.199449521 19.618609553
POLYGON_POINT 96.199226687 19.619139369 96.199218570 19.619160916
POLYGON_POINT 96.199235404 19.619172523 96.199235404 19.619172523
END_WINDING
BEGIN_WINDING
POLYGON_POINT 96.199385944 19.618596427 96.199385944 19.618596427
POLYGON_POINT 96.199297086 19.618609197 96.199297086 19.618609197
POLYGON_POINT 96.199097238 19.619098423 96.199097238 19.619098423
POLYGON_POINT 96.199120463 19.619130853 96.199138911 19.619138962
POLYGON_POINT 96.199163053 19.619127803 96.199163053 19.619127803
END_WINDING
BEGIN_WINDING
POLYGON_POINT 96.199716143 19.618345431 96.199716143 19.618345431
POLYGON_POINT 96.199591794 19.618293546 96.199574793 19.618286540
POLYGON_POINT 96.199562132 19.618310267 96.199562132 19.618310267
POLYGON_POINT 96.199485345 19.618482852 96.199478704 19.618499534
POLYGON_POINT 96.199518277 19.618523021 96.199534880 19.618529392
POLYGON_POINT 96.199612865 19.618561947 96.199612865 19.618561947
END_WINDING
BEGIN_WINDING
POLYGON_POINT 96.200051552 19.618324106 96.200051552 19.618324106
POLYGON_POINT 96.200051552 19.618324106 96.200080241 19.618267055
POLYGON_POINT 96.200009508 19.618223400 96.200009508 19.618223400
POLYGON_POINT 96.199709700 19.618097930 96.199709700 19.618097930
POLYGON_POINT 96.199626674 19.618144846 96.199599047 19.618204900
POLYGON_POINT 96.199652827 19.618242505 96.199652827 19.618242505
POLYGON_POINT 96.199948659 19.618366059 96.199948659 19.618366059
POLYGON_POINT 96.200051552 19.618324106 96.200080241 19.618267055
END_WINDING
BEGIN_WINDING
POLYGON_POINT 96.200025191 19.618499615 96.200025191 19.618499615
POLYGON_POINT 96.200212690 19.618582668 96.200212690 19.618582668
POLYGON_POINT 96.200290071 19.618566697 96.200302615 19.618542370
POLYGON_POINT 96.200530304 19.618073594 96.200530304 19.618073594
POLYGON_POINT 96.200516554 19.618005338 96.200477239 19.617988323
POLYGON_POINT 96.199863939 19.617739775 96.199830999 19.617726763
POLYGON_POINT 96.199790783 19.617766225 96.199790783 19.617766225
POLYGON_POINT 96.199702868 19.617975932 96.199686929 19.618011964
POLYGON_POINT 96.199731320 19.618042684 96.199731320 19.618042684
POLYGON_POINT 96.200084111 19.618194118 96.200084111 19.618194118
POLYGON_POINT 96.200127809 19.618339260 96.200096994 19.618417330
POLYGON_POINT 96.200021673 19.618432951 96.200021673 19.618432951
END_WINDING
END_POLYGON
BEGIN_POLYGON 2 247 4
BEGIN_WINDING
POLYGON_POINT 96.208500204 19.626517373 96.208500204 19.626517373
POLYGON_POINT 96.208149050 19.626630295 96.208149050 19.626630295
POLYGON_POINT 96.207840560 19.626528933 96.207840560 19.626528933
POLYGON_POINT 96.207661205 19.626214710 96.207661205 19.626214710
POLYGON_POINT 96.207696548 19.626060776 96.207696548 19.626060776
POLYGON_POINT 96.207092749 19.625820218 96.207092749 19.625820218
POLYGON_POINT 96.206789876 19.626462258 96.206789876 19.626462258
POLYGON_POINT 96.206857888 19.626596492 96.206922155 19.626631083
POLYGON_POINT 96.207339968 19.626815629 96.207474819 19.626887855
POLYGON_POINT 96.207656720 19.627293548 96.207691094 19.627525168
POLYGON_POINT 96.207551566 19.627875196 96.207551566 19.627875196
POLYGON_POINT 96.207677540 19.627996389 96.207677540 19.627996389
POLYGON_POINT 96.207647045 19.628068052 96.207647045 19.628068052
POLYGON_POINT 96.207800945 19.628131317 96.207800945 19.628131317
POLYGON_POINT 96.207684791 19.628378722 96.207684791 19.628378722
POLYGON_POINT 96.207150622 19.628170765 96.207150622 19.628170765
POLYGON_POINT 96.207302860 19.627836341 96.207302860 19.627836341
POLYGON_POINT 96.207443240 19.627825960 96.207443240 19.627825960
POLYGON_POINT 96.207573212 19.627328594 96.207541482 19.627174181
POLYGON_POINT 96.207303466 19.626891823 96.207158038 19.626812126
POLYGON_POINT 96.206685125 19.626610787 96.206685125 19.626610787
POLYGON_POINT 96.202866246 19.625097044 96.202805958 19.625072542
POLYGON_POINT 96.202742001 19.625071562 96.202742001 19.625071562
POLYGON_POINT 96.202810785 19.624925761 96.202810785 19.624925761
POLYGON_POINT 96.202909766 19.625009210 96.202988894 19.625041963
POLYGON_POINT 96.206609244 19.626472759 96.206639268 19.626481757
POLYGON_POINT 96.206609244 19.626472759 96.206609244 19.626472759
POLYGON_POINT 96.206609244 19.626472759 96.206642908 19.626482848
POLYGON_POINT 96.206710463 19.626430414 96.206710463 19.626430414
POLYGON_POINT 96.207051184 19.625701040 96.207051184 19.625701040
POLYGON_POINT 96.207642897 19.624314970 96.207733237 19.624088746
POLYGON_POINT 96.208124734 19.623075718 96.208193040 19.622899305
POLYGON_POINT 96.209400049 19.620042476 96.209400049 19.620042476
POLYGON_POINT 96.209419017 19.620050484 96.209419017 19.620050484
POLYGON_POINT 96.209456841 19.619982393 96.209456841 19.619982393
POLYGON_POINT 96.209490355 19.619993967 96.209490355 19.619993967
POLYGON_POINT 96.208195726 19.623102714 96.208120810 19.623289504
POLYGON_POINT 96.207716044 19.624345313 96.207627907 19.624567386
POLYGON_POINT 96.207131367 19.625750334 96.207131367 19.625750334
POLYGON_POINT 96.207722185 19.625988765 96.207722185 19.625988765
POLYGON_POINT 96.207793927 19.625880215 96.207793927 19.625880215
POLYGON_POINT 96.208156224 19.625745065 96.208156224 19.625745065
POLYGON_POINT 96.208496999 19.625859942 96.208496999 19.625859942
POLYGON_POINT 96.208629722 19.626157271 96.208629722 19.626157271
END_WINDING
END_POLYGON
BEGIN_POLYGON 3 51 2
BEGIN_WINDING
POLYGON_POINT 96.211040805 19.615490558
POLYGON_POINT 96.210899485 19.615482410
POLYGON_POINT 96.210852144 19.615444353
POLYGON_POINT 96.210871724 19.615343700
POLYGON_POINT 96.211029238 19.615175240
POLYGON_POINT 96.211216926 19.615303907
END_WINDING
END_POLYGON
BEGIN_POLYGON 3 46 2
BEGIN_WINDING
POLYGON_POINT 96.211373837 19.615741637
POLYGON_POINT 96.211214043 19.615740216
POLYGON_POINT 96.211174631 19.615706693
POLYGON_POINT 96.211205594 19.615591463
POLYGON_POINT 96.211356939 19.615419877
POLYGON_POINT 96.211525920 19.615575640
END_WINDING
END_POLYGON
BEGIN_POLYGON 3 50 2
BEGIN_WINDING
POLYGON_POINT 96.211895264 19.616166861
POLYGON_POINT 96.211809567 19.616188463
POLYGON_POINT 96.211548853 19.616044069
POLYGON_POINT 96.211506608 19.615870114
POLYGON_POINT 96.211665933 19.615681378
POLYGON_POINT 96.212085971 19.615972440
END_WINDING
END_POLYGON
BEGIN_POLYGON 3 87 2
BEGIN_WINDING
POLYGON_POINT 96.214389514 19.616633801
POLYGON_POINT 96.214246220 19.616627221
POLYGON_POINT 96.214255341 19.616450993
POLYGON_POINT 96.214398635 19.616457574
END_WINDING
END_POLYGON
BEGIN_POLYGON 3 86 2
BEGIN_WINDING
POLYGON_POINT 96.214014789 19.616547304
POLYGON_POINT 96.213823316 19.616670265
POLYGON_POINT 96.213799315 19.616651394
POLYGON_POINT 96.213814242 19.616410925
POLYGON_POINT 96.214024624 19.616424133
END_WINDING
END_POLYGON
BEGIN_POLYGON 3 86 2
BEGIN_WINDING
POLYGON_POINT 96.213243366 19.616653020
POLYGON_POINT 96.213040588 19.616613454
POLYGON_POINT 96.213055787 19.616371397
POLYGON_POINT 96.213401243 19.616389700
POLYGON_POINT 96.213382414 19.616565702
END_WINDING
END_POLYGON
BEGIN_POLYGON 3 337 2
BEGIN_WINDING
POLYGON_POINT 96.212341009 19.617870265
POLYGON_POINT 96.212367292 19.617986539
POLYGON_POINT 96.212236829 19.617936335
POLYGON_POINT 96.212278437 19.617850619
END_WINDING
END_POLYGON
BEGIN_POLYGON 3 337 2
BEGIN_WINDING
POLYGON_POINT 96.212727521 19.617212872
POLYGON_POINT 96.212534210 19.617138609
POLYGON_POINT 96.212605143 19.616980742
END_WINDING
END_POLYGON
BEGIN_POLYGON 3 339 2
BEGIN_WINDING
POLYGON_POINT 96.211778294 19.616842601
POLYGON_POINT 96.211723221 19.616967385
POLYGON_POINT 96.211649517 19.616938320
POLYGON_POINT 96.211520368 19.616680229
POLYGON_POINT 96.211693444 19.616622457
POLYGON_POINT 96.211837078 19.616405297
POLYGON_POINT 96.212063534 19.616493375
POLYGON_POINT 96.212016276 19.616596882
POLYGON_POINT 96.211900576 19.616551753
END_WINDING
END_POLYGON
BEGIN_POLYGON 3 337 2
BEGIN_WINDING
POLYGON_POINT 96.211710377 19.617234636
POLYGON_POINT 96.211655303 19.617359419
POLYGON_POINT 96.211482346 19.617291688
POLYGON_POINT 96.211537419 19.617166905
END_WINDING
END_POLYGON
BEGIN_POLYGON 4 0 2
BEGIN_WINDING
POLYGON_POINT 96.214803547 19.616016120
POLYGON_POINT 96.214822580 19.616046689
POLYGON_POINT 96.214818610 19.616116952
POLYGON_POINT 96.214804639 19.616124785
POLYGON_POINT 96.214762374 19.616112912
POLYGON_POINT 96.214757699 19.616174221
POLYGON_POINT 96.214812984 19.616176765
POLYGON_POINT 96.214809026 19.616251691
POLYGON_POINT 96.214783713 19.616273013
POLYGON_POINT 96.214676547 19.616266300
POLYGON_POINT 96.214685259 19.616151327
POLYGON_POINT 96.214739841 19.616154121
POLYGON_POINT 96.214743034 19.616101465
POLYGON_POINT 96.214711212 19.616077290
POLYGON_POINT 96.214712386 19.616024421
POLYGON_POINT 96.214516200 19.615953664
POLYGON_POINT 96.214527556 19.615924438
POLYGON_POINT 96.214726268 19.615998792
END_WINDING
END_POLYGON
BEGIN_POLYGON 4 0 4
BEGIN_WINDING
POLYGON_POINT 96.215094233 19.615983753 96.215094233 19.615983753
POLYGON_POINT 96.215157565 19.615963760 96.215170478 19.615958614
POLYGON_POINT 96.215180988 19.615973974 96.215180988 19.615973974
POLYGON_POINT 96.215180246 19.616022866 96.215179998 19.616039240
POLYGON_POINT 96.215154047 19.616043393 96.215145356 19.616045732
POLYGON_POINT 96.215020085 19.616029851 96.215010152 19.616026342
POLYGON_POINT 96.215011928 19.615999817 96.215025724 19.615996297
END_WINDING
END_POLYGON
BEGIN_POLYGON 4 0 2
BEGIN_WINDING
POLYGON_POINT 96.212198840 19.615161161
POLYGON_POINT 96.212070563 19.615317615
POLYGON_POINT 96.211743569 19.615057790
POLYGON_POINT 96.211833288 19.614949529
POLYGON_POINT 96.211431157 19.614794006
POLYGON_POINT 96.211442898 19.614768862
POLYGON_POINT 96.211724290 19.614872699
POLYGON_POINT 96.211787761 19.614851885
END_WINDING
END_POLYGON
BEGIN_POLYGON 4 0 4
BEGIN_WINDING
POLYGON_POINT 96.214707484 19.615844413 96.214707484 19.615844413
POLYGON_POINT 96.214719003 19.615876502 96.214713610 19.615891969
POLYGON_POINT 96.214685269 19.615887298 96.214685269 19.615887298
POLYGON_POINT 96.214109787 19.615675247 96.214109787 19.615675247
POLYGON_POINT 96.214088089 19.615640093 96.214095813 19.615622632
POLYGON_POINT 96.214130057 19.615631739 96.214130057 19.615631739
END_WINDING
END_POLYGON
BEGIN_POLYGON 4 0 4
BEGIN_WINDING
POLYGON_POINT 96.199163053 19.619127803 96.199163053 19.619127803
POLYGON_POINT 96.199122448 19.619130461 96.199106182 19.619124959
POLYGON_POINT 96.199097238 19.619098423 96.199097238 19.619098423
POLYGON_POINT 96.199297086 19.618609197 96.199297086 19.618609197
POLYGON_POINT 96.199385944 19.618596427 96.199385944 19.618596427
END_WINDING
END_POLYGON
BEGIN_POLYGON 4 0 4
BEGIN_WINDING
POLYGON_POINT 96.199948659 19.618366059 96.199948659 19.618366059
POLYGON_POINT 96.199652827 19.618242505 96.199652827 19.618242505
POLYGON_POINT 96.199626674 19.618144846 96.199648177 19.618093859
POLYGON_POINT 96.199709700 19.618097930 96.199709700 19.618097930
POLYGON_POINT 96.200009508 19.618223400 96.200009508 19.618223400
POLYGON_POINT 96.200051552 19.618324106 96.200031532 19.618373696
END_WINDING
END_POLYGON
BEGIN_POLYGON 4 0 4
BEGIN_WINDING
POLYGON_POINT 96.199715753 19.619284219 96.199715753 19.619284219
POLYGON_POINT 96.199645250 19.619324253 96.199615212 19.619314148
POLYGON_POINT 96.199496189 19.619264437 96.199496189 19.619264437
POLYGON_POINT 96.199746411 19.618714078 96.199746411 19.618714078
POLYGON_POINT 96.200151340 19.618880516 96.200151340 19.618880516
POLYGON_POINT 96.199943441 19.619319592 96.199935202 19.619334143
POLYGON_POINT 96.199889338 19.619356666 96.199889338 19.619356666
END_WINDING
END_POLYGON
BEGIN_POLYGON 4 0 4
BEGIN_WINDING
POLYGON_POINT 96.199612865 19.618561947 96.199612865 19.618561947
POLYGON_POINT 96.199518277 19.618523021 96.199484573 19.618505432
POLYGON_POINT 96.199485345 19.618482852 96.199485345 19.618482852
POLYGON_POINT 96.199562132 19.618310267 96.199562132 19.618310267
POLYGON_POINT 96.199591794 19.618293546 96.199606251 19.618297833
POLYGON_POINT 96.199716143 19.618345431 96.199716143 19.618345431
END_WINDING
END_POLYGON
BEGIN_POLYGON 4 0 4
BEGIN_WINDING
POLYGON_POINT 96.199443071 19.619253743 96.199443071 19.619253743
POLYGON_POINT 96.199235404 19.619172523 96.199222226 19.619166228
POLYGON_POINT 96.199226687 19.619139369 96.199226687 19.619139369
POLYGON_POINT 96.199449521 19.618609553 96.199449521 19.618609553
POLYGON_POINT 96.199492766 19.618601406 96.199515904 19.618610316
POLYGON_POINT 96.199696934 19.618692381 96.199696934 19.618692381
END_WINDING
END_POLYGON
BEGIN_POLYGON 4 0 4
BEGIN_WINDING
POLYGON_POINT 96.199108665 19.620657363 96.199108665 19.620657363
POLYGON_POINT 96.198546336 19.620431392 96.198507219 19.620414943
POLYGON_POINT 96.198513925 19.620355996 96.198513925 19.620355996
POLYGON_POINT 96.199018274 19.619211800 96.199018274 19.619211800
POLYGON_POINT 96.199120614 19.619193113 96.199176495 19.619212304
POLYGON_POINT 96.199620507 19.619387443 96.199647866 19.619399506
POLYGON_POINT 96.199649781 19.619436787 96.199649781 19.619436787
END_WINDING
END_POLYGON
BEGIN_POLYGON 5 155 4
BEGIN_WINDING
POLYGON_POINT 96.214912922 19.616295742 96.214912922 19.616295742
POLYGON_POINT 96.212528893 19.616124053 96.212528893 19.616124053
POLYGON_POINT 96.210987408 19.614857017 96.210987408 19.614857017
POLYGON_POINT 96.211170358 19.614669141 96.211170358 19.614669141
POLYGON_POINT 96.211170522 19.614617272 96.211170522 19.614617272
POLYGON_POINT 96.211236580 19.614538846 96.211236580 19.614538846
POLYGON_POINT 96.211231120 19.614508097 96.211231120 19.614508097
POLYGON_POINT 96.210863369 19.614361615 96.210863369 19.614361615
POLYGON_POINT 96.210911719 19.614271009 96.210911719 19.614271009
POLYGON_POINT 96.211363635 19.614442984 96.211363635 19.614442984
POLYGON_POINT 96.211560218 19.614533979 96.211594030 19.614559962
POLYGON_POINT 96.211688361 19.614639354 96.211688361 19.614639354
POLYGON_POINT 96.211891511 19.614796105 96.211904384 19.614807746
POLYGON_POINT 96.211958998 19.614791813 96.211975990 19.614776777
POLYGON_POINT 96.212006017 19.614718929 96.212010801 19.614697518
POLYGON_POINT 96.211996475 19.614673579 96.211996475 19.614673579
POLYGON_POINT 96.210928374 19.614235567 96.210928374 19.614235567
POLYGON_POINT 96.210966640 19.614156064 96.210966640 19.614156064
POLYGON_POINT 96.212347918 19.614648357 96.212347918 19.614648357
POLYGON_POINT 96.212167451 19.614671125 96.212167451 19.614671125
POLYGON_POINT 96.212019383 19.614832604 96.211997241 19.614860251
POLYGON_POINT 96.212035607 19.614910083 96.212035607 19.614910083
POLYGON_POINT 96.212130279 19.614914430 96.212158600 19.614883873
POLYGON_POINT 96.212299141 19.614730760 96.212299141 19.614730760
POLYGON_POINT 96.212462053 19.614867810 96.212462053 19.614867810
POLYGON_POINT 96.212552185 19.614766404 96.212552185 19.614766404
POLYGON_POINT 96.213602313 19.615176503 96.213602313 19.615176503
POLYGON_POINT 96.213537735 19.615908690 96.213537735 19.615908690
POLYGON_POINT 96.213898109 19.615944787 96.213898109 19.615944787
POLYGON_POINT 96.213921064 19.615644608 96.213921064 19.615644608
POLYGON_POINT 96.213997882 19.615455552 96.213997882 19.615455552
POLYGON_POINT 96.214620148 19.615685792 96.214620148 19.615685792
POLYGON_POINT 96.214639337 19.615742355 96.214639337 19.615742355
POLYGON_POINT 96.214852239 19.615820532 96.214852239 19.615820532
POLYGON_POINT 96.215037237 19.615816574 96.215139740 19.615799476
POLYGON_POINT 96.215222130 19.615725707 96.215287937 19.615679326
POLYGON_POINT 96.215417327 19.615369980 96.215417327 19.615369980
POLYGON_POINT 96.215505362 19.615404587 96.215505362 19.615404587
POLYGON_POINT 96.215319755 19.615813439 96.215293377 19.615853010
POLYGON_POINT 96.215227868 19.615928365 96.215227868 19.615928365
POLYGON_POINT 96.215279630 19.615985657 96.215279630 19.615985657
POLYGON_POINT 96.215282415 19.616099083 96.215282415 19.616099083
POLYGON_POINT 96.215213234 19.616100901 96.215213234 19.616100901
POLYGON_POINT 96.215209222 19.616158679 96.215209222 19.616158679
POLYGON_POINT 96.214929139 19.616142778 96.214929139 19.616142778
END_WINDING
BEGIN_WINDING
POLYGON_POINT 96.214676547 19.616266300 96.214676547 19.616266300
POLYGON_POINT 96.214783713 19.616273013 96.214783713 19.616273013
POLYGON_POINT 96.214809026 19.616251691 96.214809026 19.616251691
POLYGON_POINT 96.214813599 19.616177092 96.214813599 19.616177092
POLYGON_POINT 96.214757699 19.616174221 96.214757699 19.616174221
POLYGON_POINT 96.214762374 19.616112912 96.214762374 19.616112912
POLYGON_POINT 96.214804639 19.616124785 96.214804639 19.616124785
POLYGON_POINT 96.214818610 19.616116952 96.214818610 19.616116952
POLYGON_POINT 96.214822580 19.616046689 96.214822580 19.616046689
POLYGON_POINT 96.214803547 19.616016120 96.214785096 19.616012482
POLYGON_POINT 96.214726268 19.615998792 96.214726268 19.615998792
POLYGON_POINT 96.214527556 19.615924438 96.214527556 19.615924438
POLYGON_POINT 96.214516200 19.615953664 96.214516200 19.615953664
POLYGON_POINT 96.214712386 19.616024421 96.214712386 19.616024421
POLYGON_POINT 96.214711212 19.616077290 96.214711212 19.616077290
POLYGON_POINT 96.214743034 19.616101465 96.214743034 19.616101465
POLYGON_POINT 96.214739841 19.616154121 96.214739841 19.616154121
POLYGON_POINT 96.214685259 19.616151327 96.214685259 19.616151327
END_WINDING
BEGIN_WINDING
POLYGON_POINT 96.214719003 19.615876502 96.214719003 19.615876502
POLYGON_POINT 96.214719003 19.615876502 96.214725010 19.615858717
POLYGON_POINT 96.214707484 19.615844413 96.214707484 19.615844413
POLYGON_POINT 96.214130057 19.615631739 96.214130057 19.615631739
POLYGON_POINT 96.214088089 19.615640093 96.214079026 19.615661105
POLYGON_POINT 96.214109787 19.615675247 96.214109787 19.615675247
POLYGON_POINT 96.214685269 19.615887298 96.214685269 19.615887298
POLYGON_POINT 96.214719003 19.615876502 96.214725010 19.615858717
END_WINDING
BEGIN_WINDING
POLYGON_POINT 96.215180988 19.615973974 96.215180988 19.615973974
POLYGON_POINT 96.215180988 19.615973974 96.215180988 19.615961013
POLYGON_POINT 96.215157565 19.615963760 96.215157565 19.615963760
POLYGON_POINT 96.215094233 19.615983753 96.215061793 19.615991999
POLYGON_POINT 96.215011928 19.615999817 96.214995965 19.616003697
POLYGON_POINT 96.215020085 19.616029851 96.215029869 19.616035186
POLYGON_POINT 96.215154047 19.616043393 96.215161771 19.616040968
POLYGON_POINT 96.215180246 19.616022866 96.215180761 19.616007830
POLYGON_POINT 96.215180988 19.615973974 96.215180988 19.615961013
END_WINDING
BEGIN_WINDING
POLYGON_POINT 96.211556299 19.614786455 96.211556299 19.614786455
POLYGON_POINT 96.211607349 19.614729425 96.211615588 19.614717784
POLYGON_POINT 96.211605636 19.614688059 96.211589159 19.614667202
POLYGON_POINT 96.211439338 19.614564716 96.211411532 19.614551135
POLYGON_POINT 96.211360243 19.614565554 96.211338616 19.614587866
POLYGON_POINT 96.211175824 19.614771032 96.211175824 19.614771032
POLYGON_POINT 96.211189170 19.614783604 96.211189170 19.614783604
POLYGON_POINT 96.211287936 19.614685541 96.211287936 19.614685541
END_WINDING
BEGIN_WINDING
POLYGON_POINT 96.212198840 19.615161161 96.212198840 19.615161161
POLYGON_POINT 96.211787761 19.614851885 96.211787761 19.614851885
POLYGON_POINT 96.211724290 19.614872699 96.211724290 19.614872699
POLYGON_POINT 96.211442898 19.614768862 96.211442898 19.614768862
POLYGON_POINT 96.211431157 19.614794006 96.211431157 19.614794006
POLYGON_POINT 96.211833288 19.614949529 96.211833288 19.614949529
POLYGON_POINT 96.211743569 19.615057790 96.211743569 19.615057790
POLYGON_POINT 96.212070563 19.615317615 96.212070563 19.615317615
END_WINDING
END_POLYGON
BEGIN_POLYGON 6 90 4
BEGIN_WINDING
POLYGON_POINT 96.205193311 19.611772223 96.205193311 19.611772223
POLYGON_POINT 96.205193311 19.611772223 96.205195784 19.611733612
POLYGON_POINT 96.205265685 19.611707532 96.205304024 19.611708117
POLYGON_POINT 96.205332961 19.611773143 96.205332033 19.611806781
POLYGON_POINT 96.205260587 19.611839588 96.205217920 19.611839003
POLYGON_POINT 96.205260587 19.611839588 96.205260587 19.611839588
POLYGON_POINT 96.205260587 19.611839588 96.205223246 19.611839076
POLYGON_POINT 96.205193311 19.611772223 96.205195784 19.611733612
END_WINDING
END_POLYGON
BEGIN_POLYGON 6 90 4
BEGIN_WINDING
POLYGON_POINT 96.196727676 19.635246414 96.196727676 19.635246414
POLYGON_POINT 96.196727676 19.635246414 96.196730150 19.635207803
POLYGON_POINT 96.196800060 19.635181724 96.196838404 19.635182309
POLYGON_POINT 96.196867346 19.635247334 96.196866418 19.635280972
POLYGON_POINT 96.196794962 19.635313779 96.196752289 19.635313194
POLYGON_POINT 96.196794962 19.635313779 96.196794962 19.635313779
POLYGON_POINT 96.196794962 19.635313779 96.196757615 19.635313267
POLYGON_POINT 96.196727676 19.635246414 96.196730150 19.635207803
END_WINDING
END_POLYGON
FILTER -1
FILTER 0
FILTER -1
FILTER 0
FILTER -1
FILTER 0
FILTER -1
FILTER 0
FILTER -1
FILTER 0
OBJECT 0 96.197772950 19.623034464 67.660004
OBJECT 1 96.208666285 19.626458265 245.410004
OBJECT 2 96.187910084 19.629164491 292.570007
OBJECT 3 96.189102428 19.628073545 201.410004
OBJECT 3 96.186450651 19.630095312 201.660004
OBJECT 3 96.187946324 19.630693085 201.660004
OBJECT 3 96.184969528 19.630987022 292.380005
OBJECT 3 96.186725524 19.631690642 292.380005
OBJECT 4 96.193515361 19.619297981 156.850006
OBJECT 4 96.194312632 19.619621146 156.850006
OBJECT 5 96.200071097 19.618523721 335.929993
OBJECT 6 96.199018685 19.618686763 247.470001
OBJECT 7 96.207411145 19.628080647 156.979996
OBJECT 8 96.199258128 19.618396120 45.000000
OBJECT 8 96.198952728 19.618407087 135.000000
OBJECT 8 96.198670809 19.619663396 70.019997
OBJECT 8 96.212180458 19.614759346 75.379997
OBJECT 8 96.212106067 19.614841935 75.379997
OBJECT 8 96.213815506 19.615430212 75.379997
OBJECT 8 96.213684235 19.615372507 75.379997
OBJECT 8 96.213659881 19.615756253 75.379997
OBJECT 8 96.215312659 19.616127453 75.379997
OBJECT 8 96.215249876 19.616198662 75.379997
OBJECT 8 96.215135841 19.616190214 75.379997
OBJECT 8 96.215000025 19.616172110 75.379997
OBJECT 8 96.214173955 19.615670866 197.410004
OBJECT 8 96.214336910 19.615731603 166.820007
OBJECT 8 96.214495175 19.615789027 123.150002
OBJECT 8 96.214645234 19.615839825 75.379997
OBJECT 8 96.214770674 19.616069520 75.379997
OBJECT 8 96.200749281 19.617966497 75.379997
OBJECT 8 96.200895507 19.618032145 126.250000
OBJECT 8 96.207060012 19.628315139 302.910004
OBJECT 8 96.207590239 19.626613235 302.910004
OBJECT 8 96.198660033 19.619005702 302.910004
OBJECT 8 96.207234888 19.628377018 292.170013
OBJECT 8 96.208258762 19.626729143 292.170013
OBJECT 8 96.198636753 19.619182187 292.170013
OBJECT 8 96.198954875 19.619027937 53.970001
OBJECT 8 96.198617086 19.620352687 40.599998
OBJECT 8 96.207138909 19.628345399 54.709999
OBJECT 8 96.207667398 19.626640221 318.010010
OBJECT 8 96.198652020 19.619108000 318.010010
OBJECT 8 96.198962124 19.619526204 56.310001
OBJECT 8 96.199080885 19.619305393 41.980000
OBJECT 8 96.198758164 19.619495984 57.090000
OBJECT 8 96.198844530 19.619823192 45.000000
OBJECT 8 96.208346612 19.626742207 38.660000
OBJECT 8 96.198849743 19.619296759 38.660000
OBJECT 8 96.198875694 19.619741512 26.559999
OBJECT 8 96.199471866 19.618192650 49.759998
OBJECT 8 96.199398760 19.618405904 296.559998
OBJECT 8 96.199173908 19.618994407 326.309998
OBJECT 8 96.199279218 19.618755781 311.420013
OBJECT 9 96.200859156 19.619233963 0.000000
OBJECT 9 96.199009324 19.618929530 0.000000
OBJECT 9 96.207337198 19.628408981 66.800003
OBJECT 9 96.207813538 19.626548266 66.800003
OBJECT 9 96.198690391 19.618898165 66.800003
OBJECT 9 96.207000271 19.628186635 294.619995
OBJECT 9 96.207532237 19.626553495 294.619995
OBJECT 9 96.198834942 19.618986892 294.619995
OBJECT 9 96.199346546 19.618343569 77.279999
OBJECT 9 96.198806208 19.619925622 64.980003
OBJECT 9 96.207418512 19.628359708 313.149994
OBJECT 9 96.207900066 19.626595589 313.149994
OBJECT 9 96.198750842 19.619006066 313.149994
OBJECT 9 96.198650777 19.620269832 306.029999
OBJECT 9 96.199136854 19.618340250 309.089996
OBJECT 9 96.198718518 19.619597076 323.130005
OBJECT 9 96.199006818 19.619442521 72.349998
OBJECT 9 96.198729884 19.620039983 319.399994
OBJECT 9 96.199014171 19.619364764 43.020000
OBJECT 9 96.200245663 19.618186545 300.959991
OBJECT 9 96.198662185 19.619726098 339.440002
OBJECT 9 96.199408343 19.618247775 313.019989
OBJECT 9 96.198688545 19.620154277 150.259995
OBJECT 9 96.198910436 19.619653277 317.730011
OBJECT 9 96.199315325 19.618670799 296.790009
OBJECT 9 96.199322819 19.618451419 64.800003
OBJECT 9 96.199139425 19.619078427 65.220001
OBJECT 9 96.199429293 19.618333721 45.000000
OBJECT 9 96.199213715 19.618920960 51.340000
OBJECT 9 96.199245721 19.618836658 36.020000
OBJECT 10 96.211116929 19.616209121 143.479996
OBJECT 10 96.213668115 19.617214663 172.630005
OBJECT 10 96.212698562 19.617971126 334.790009
OBJECT 10 96.209013679 19.618811964 334.790009
OBJECT 10 96.210561786 19.617057883 334.790009
OBJECT 11 96.209352210 19.616213827 65.059998
OBJECT 11 96.208967112 19.616074369 337.859985
OBJECT 12 96.208556285 19.615919264 251.929993
OBJECT 13 96.211921147 19.617804058 359.260010
OBJECT 13 96.212058023 19.617723604 67.059998
OBJECT 13 96.211815204 19.617771883 335.260010
OBJECT 13 96.211867243 19.617794230 335.260010
OBJECT 13 96.211700004 19.617671676 291.959991
OBJECT 13 96.211766486 19.617749441 332.049988
OBJECT 13 96.211725939 19.617717040 305.519989
OBJECT 13 96.211694050 19.617620985 262.559998
OBJECT 13 96.211710531 19.617572107 67.400002
OBJECT 13 96.211977368 19.617795600 14.810000
OBJECT 13 96.212026712 19.617770714 43.590000
OBJECT 14 96.214839690 19.616162114 177.509995
OBJECT 14 96.211176646 19.614788128 319.369995
OBJECT 15 96.214488979 19.617956788 284.750000
OBJECT 15 96.214504294 19.617919168 279.630005
OBJECT 16 96.214425302 19.618002377 248.369995
OBJECT 16 96.214478249 19.617991358 248.369995
OBJECT 16 96.214470186 19.618019799 248.369995
OBJECT 17 96.214565712 19.617696853 248.369995
OBJECT 17 96.214584846 19.617669205 248.369995
OBJECT 17 96.214564037 19.617672400 248.369995
OBJECT 18 96.214640487 19.617602494 248.369995
OBJECT 18 96.214594222 19.617628438 248.369995
OBJECT 18 96.214606318 19.617600681 248.369995
OBJECT 19 96.214537638 19.617853386 248.369995
OBJECT 19 96.214549959 19.617821530 248.369995
OBJECT 19 96.214525951 19.617882440 248.369995
OBJECT 20 96.214559943 19.617790661 282.049988
OBJECT 20 96.214591769 19.617721531 248.369995
OBJECT 20 96.214585157 19.617739822 248.369995
OBJECT 21 96.214570687 19.617772901 288.609985
OBJECT 21 96.214577585 19.617755223 248.369995
OBJECT 21 96.214600160 19.617702891 241.659973
OBJECT 22 96.211077265 19.614715911 316.429993
OBJECT 22 96.211092306 19.614729544 316.429993
OBJECT 22 96.214808391 19.616157846 358.359985
OBJECT 23 96.211902495 19.617638913 0.000000
OBJECT 24 96.211924541 19.617658745 0.000000
OBJECT 25 96.211954971 19.617649667 0.000000
OBJECT 25 96.211885063 19.617662976 0.000000
OBJECT 26 96.211964533 19.617692980 22.379999
OBJECT 27 96.214681584 19.617449781 158.080002
OBJECT 28 96.211998222 19.617600193 0.000000
OBJECT 28 96.212064850 19.617600974 0.000000
OBJECT 29 96.211870814 19.617505329 0.000000
OBJECT 30 96.211757597 19.617599852 157.539993
OBJECT 31 96.211833930 19.617652548 45.000000
OBJECT 32 96.211855264 19.617640182 42.700001
OBJECT 33 96.208554499 19.616229827 157.289993
OBJECT 33 96.208996628 19.616398041 155.649994
OBJECT 34 96.199009325 19.620467545 0.000000
OBJECT 34 96.199247708 19.619920881 0.000000
OBJECT 34 96.199484842 19.619393028 0.000000
OBJECT 35 96.193108913 19.619162236 337.000000
OBJECT 35 96.193904887 19.619485611 337.000000
OBJECT 35 96.211925429 19.616810599 245.250000
OBJECT 35 96.214100627 19.616346986 354.420013
OBJECT 35 96.213412832 19.616293609 354.420013
OBJECT 35 96.212652364 19.616637894 65.800003
OBJECT 35 96.212545755 19.616875767 65.800003
OBJECT 35 96.212343110 19.617335902 65.800003
OBJECT 35 96.211027298 19.615019208 317.399994
OBJECT 35 96.214815835 19.616111992 87.190002
OBJECT 35 96.214146604 19.615776813 156.619995
OBJECT 35 96.214334177 19.615853010 156.619995
OBJECT 35 96.214552232 19.615946876 156.619995
OBJECT 35 96.212012477 19.615026904 139.699997
OBJECT 35 96.211199251 19.614766791 223.149994
OBJECT 35 96.211360187 19.615289433 317.399994
OBJECT 35 96.211694219 19.615555556 317.399994
OBJECT 35 96.212180525 19.615950976 296.290009
OBJECT 35 96.212178701 19.616226430 270.830017
OBJECT 35 96.211821561 19.617045655 245.250000
OBJECT 35 96.194708669 19.619809254 337.000000
OBJECT 36 96.211992537 19.617538022 343.230011
OBJECT 36 96.211881041 19.617488624 321.369995
OBJECT 37 96.208156197 19.625741821 1.780000
OBJECT 37 96.207836683 19.626532932 146.460007
OBJECT 37 96.192682311 19.636303303 158.149994
OBJECT 37 96.193147489 19.635489587 337.779999
OBJECT 37 96.200908143 19.632333591 337.779999
OBJECT 37 96.200878632 19.632410505 155.199997
OBJECT 38 96.209413774 19.620182302 247.470001
OBJECT 38 96.209078534 19.620986567 247.470001
OBJECT 38 96.208730276 19.621822625 247.470001
OBJECT 38 96.208382348 19.622658111 247.470001
OBJECT 38 96.208039961 19.623503500 247.470001
OBJECT 38 96.205320057 19.626073871 156.159973
OBJECT 38 96.207249259 19.626866704 156.159973
OBJECT 38 96.207728991 19.624318122 247.470001
OBJECT 38 96.204490185 19.625743668 156.159973
OBJECT 38 96.206431879 19.626511389 156.159973
OBJECT 38 96.207402887 19.625108395 247.470001
OBJECT 38 96.207529727 19.625994061 154.990005
OBJECT 38 96.207308307 19.625908610 154.990005
OBJECT 38 96.207058262 19.625900229 247.470001
OBJECT 38 96.209299529 19.620456507 247.470001
OBJECT 38 96.208965877 19.621255906 247.470001
OBJECT 38 96.208616479 19.622089277 247.470001
OBJECT 38 96.208269673 19.622929167 247.470001
OBJECT 38 96.207938820 19.623773780 247.470001
OBJECT 38 96.205037646 19.625959794 156.159973
OBJECT 38 96.206978179 19.626739632 156.159973
OBJECT 38 96.207618787 19.624588402 247.470001
OBJECT 38 96.204208361 19.625630972 156.159973
OBJECT 38 96.206149569 19.626399607 156.159973
OBJECT 38 96.207290210 19.625376347 247.470001
OBJECT 38 96.206933730 19.626163999 247.470001
OBJECT 38 96.209189262 19.620717644 247.470001
OBJECT 38 96.208856404 19.621519289 247.470001
OBJECT 38 96.208509209 19.622352853 247.470001
OBJECT 38 96.208162402 19.623191967 247.470001
OBJECT 38 96.205608929 19.626187080 156.159973
OBJECT 38 96.207621808 19.627941081 308.040009
OBJECT 38 96.207262207 19.627926798 63.730000
OBJECT 38 96.207521603 19.627621809 70.690002
OBJECT 38 96.207564178 19.627297629 118.290001
OBJECT 38 96.207457703 19.627045234 118.290001
OBJECT 38 96.207835668 19.624040460 247.470001
OBJECT 38 96.204760720 19.625850297 156.159973
OBJECT 38 96.206703134 19.626619206 156.159973
OBJECT 38 96.207509867 19.624851202 247.470001
OBJECT 38 96.199232394 19.618565831 68.790001
OBJECT 38 96.199793903 19.618134583 155.279999
OBJECT 38 96.199733168 19.618273788 333.790009
OBJECT 38 96.199879904 19.618335853 333.790009
OBJECT 38 96.199946702 19.618200075 155.279999
OBJECT 38 96.200050850 19.618322564 68.809998
OBJECT 38 96.197424793 19.616751357 157.520004
OBJECT 38 96.199077492 19.618917341 68.790001
OBJECT 38 96.199271932 19.617506131 157.520004
OBJECT 38 96.197635069 19.616837224 157.520004
OBJECT 38 96.198990988 19.619117257 68.790001
OBJECT 38 96.199642715 19.617654844 157.520004
OBJECT 38 96.198004638 19.616987841 157.520004
OBJECT 38 96.198839271 19.619468610 68.790001
OBJECT 38 96.199381991 19.618604471 68.790001
OBJECT 38 96.200111295 19.617840379 157.520004
OBJECT 38 96.198369015 19.617137494 157.520004
OBJECT 38 96.198686500 19.619814179 68.790001
OBJECT 38 96.199235304 19.618950260 68.790001
OBJECT 38 96.200472428 19.617989363 157.520004
OBJECT 38 96.198730147 19.617286478 157.520004
OBJECT 38 96.198535835 19.620157103 68.790001
OBJECT 38 96.199455844 19.617579097 157.520004
OBJECT 38 96.197817768 19.616912095 157.520004
OBJECT 38 96.198915549 19.619290960 68.790001
OBJECT 38 96.199633216 19.617966824 68.790001
OBJECT 38 96.199711170 19.617785226 68.790001
OBJECT 38 96.199488205 19.618297648 68.790001
OBJECT 38 96.199406712 19.618482974 68.790001
OBJECT 38 96.199928160 19.617766511 157.520004
OBJECT 38 96.198187337 19.617062711 157.520004
OBJECT 38 96.198763831 19.619642312 68.790001
OBJECT 38 96.199308423 19.618779936 68.790001
OBJECT 38 96.200294207 19.617915679 157.520004
OBJECT 38 96.198551927 19.617212794 157.520004
OBJECT 38 96.198610125 19.619988102 68.790001
OBJECT 38 96.199162204 19.619125284 68.790001
OBJECT 38 96.199564633 19.618118972 67.720001
OBJECT 38 96.198912561 19.617361797 157.520004
OBJECT 38 96.198460395 19.620330806 68.790001
OBJECT 38 96.199586418 19.619297136 337.329987
OBJECT 38 96.199484556 19.619150428 67.169998
OBJECT 38 96.199583532 19.618935542 67.169998
OBJECT 38 96.199670439 19.618739984 67.169998
OBJECT 38 96.200126695 19.618917350 67.169998
OBJECT 38 96.200038683 19.619108423 67.169998
OBJECT 38 96.199951853 19.619289820 67.169998
OBJECT 38 96.203359190 19.625293712 156.159973
OBJECT 38 96.203654924 19.625410250 156.159973
OBJECT 38 96.203931345 19.625520536 156.159973
OBJECT 38 96.205874007 19.626290998 156.159973
OBJECT 38 96.207178818 19.625638370 247.470001
OBJECT 38 96.206810872 19.626423220 247.470001
OBJECT 39 96.214383923 19.616498277 0.000000
OBJECT 39 96.213868530 19.616455072 0.000000
OBJECT 39 96.213065868 19.616389128 0.000000
OBJECT 39 96.212540819 19.617111099 90.000000
OBJECT 39 96.212354938 19.617512446 0.000000
OBJECT 39 96.212216857 19.617859629 0.000000
OBJECT 39 96.211592879 19.617330805 0.000000
OBJECT 39 96.211933618 19.616572566 0.000000
OBJECT 39 96.211817196 19.615797831 0.000000
OBJECT 39 96.211510134 19.615544062 0.000000
OBJECT 39 96.211162517 19.615268462 0.000000
OBJECT 39 96.210817798 19.614999684 0.000000
OBJECT 40 96.186806349 19.631882634 117.239998
OBJECT 40 96.185046510 19.631185418 117.239998
OBJECT 40 96.186245446 19.630164680 24.980000
OBJECT 40 96.187737302 19.630761916 24.980000
OBJECT 40 96.187897391 19.629320796 113.129997
OBJECT 40 96.207792765 19.625877349 10.334833
OBJECT 40 96.207656344 19.626215808 123.898338
OBJECT 40 96.198285768 19.622868572 315.830505
OBJECT 40 96.198042753 19.622802714 7.357068
OBJECT 40 96.188905356 19.628134899 23.469999
OBJECT 41 96.214100978 19.616350758 355.200012
OBJECT 41 96.213410329 19.616297142 355.200012
OBJECT 41 96.212654906 19.616639409 66.559998
OBJECT 41 96.212549340 19.616878492 66.559998
OBJECT 41 96.212346344 19.617336902 66.559998
OBJECT 41 96.211819146 19.617044199 66.559998
OBJECT 41 96.211922064 19.616810596 246.350006
OBJECT 41 96.212166142 19.616251969 246.350006
OBJECT 41 96.212177064 19.616203508 270.339996
OBJECT 41 96.212179423 19.615981779 270.339996
OBJECT 41 96.212161420 19.615938115 319.649994
OBJECT 41 96.211023931 19.615021286 319.649994
OBJECT 41 96.211358273 19.615290449 319.649994
OBJECT 41 96.211690175 19.615557581 319.649994
OBJECT 42 96.198762848 19.622125842 66.889999
OBJECT 42 96.214090646 19.616533582 355.433655
OBJECT 42 96.213548370 19.616525560 357.176117
OBJECT 42 96.212844660 19.616665602 28.618900
OBJECT 42 96.212525938 19.617434949 67.728416
OBJECT 42 96.212362299 19.617798894 66.936623
OBJECT 42 96.211679133 19.617043075 246.931717
OBJECT 42 96.211914560 19.616288441 273.177429
OBJECT 42 96.211526709 19.615698543 318.349609
OBJECT 42 96.211193835 19.615460155 320.986938
OBJECT 42 96.210860500 19.615230370 319.549316
OBJECT 42 96.199814206 19.619679237 66.889999
OBJECT 42 96.199541187 19.620289229 66.889999
OBJECT 42 96.198994938 19.621506278 66.889999
OBJECT 42 96.199307582 19.620911260 66.889999
OBJECT 43 96.206161675 19.627330100 337.309998
OBJECT 44 96.193640895 19.619600635 245.080002
OBJECT 45 96.193106625 19.619497331 66.320000
OBJECT 46 96.200721865 19.622525803 246.169998
OBJECT 47 96.188130698 19.629342032 111.059998
BEGIN_POLYGON 7 10 3
BEGIN_WINDING
POLYGON_POINT 96.211879714 19.616491063 0.000000000
POLYGON_POINT 96.211859114 19.616481868 2.000000000
POLYGON_POINT 96.211854658 19.616355777 3.000000000
POLYGON_POINT 96.211850322 19.616311918 3.000000000
END_WINDING
END_POLYGON
BEGIN_POLYGON 7 10 3
BEGIN_WINDING
POLYGON_POINT 96.211027815 19.615309723 0.000000000
POLYGON_POINT 96.211012717 19.615325400 2.000000000
POLYGON_POINT 96.210894915 19.615431626 3.000000000
POLYGON_POINT 96.210855541 19.615403837 3.000000000
END_WINDING
END_POLYGON
BEGIN_POLYGON 7 10 3
BEGIN_WINDING
POLYGON_POINT 96.211382848 19.615594648 0.000000000
POLYGON_POINT 96.211367749 19.615610325 2.000000000
POLYGON_POINT 96.211202507 19.615656527 3.000000000
POLYGON_POINT 96.211166335 19.615637221 3.000000000
END_WINDING
END_POLYGON
BEGIN_POLYGON 7 10 3
BEGIN_WINDING
POLYGON_POINT 96.211690472 19.615840846 0.000000000
POLYGON_POINT 96.211675373 19.615856523 2.000000000
POLYGON_POINT 96.211507301 19.615922525 3.000000000
POLYGON_POINT 96.211474767 19.615892177 3.000000000
END_WINDING
END_POLYGON
BEGIN_POLYGON 7 10 3
BEGIN_WINDING
POLYGON_POINT 96.214318970 19.616585847 0.000000000
POLYGON_POINT 96.214317840 19.616602206 2.000000000
POLYGON_POINT 96.214158830 19.616621909 3.000000000
POLYGON_POINT 96.214149006 19.616640579 3.000000000
END_WINDING
END_POLYGON
BEGIN_POLYGON 7 10 3
BEGIN_WINDING
POLYGON_POINT 96.213811019 19.616526974 0.000000000
POLYGON_POINT 96.213809402 19.616563379 2.000000000
POLYGON_POINT 96.213629051 19.616570373 3.000000000
POLYGON_POINT 96.213587697 19.616607320 3.000000000
END_WINDING
END_POLYGON
BEGIN_POLYGON 7 10 3
BEGIN_WINDING
POLYGON_POINT 96.214295771 19.616518939 0.000000000
POLYGON_POINT 96.214281051 19.616518496 2.000000000
POLYGON_POINT 96.214153542 19.616516230 3.000000000
POLYGON_POINT 96.214134510 19.616542515 3.000000000
END_WINDING
END_POLYGON
BEGIN_POLYGON 7 10 3
BEGIN_WINDING
POLYGON_POINT 96.212976342 19.616414626 0.000000000
POLYGON_POINT 96.212958113 19.616413816 2.000000000
POLYGON_POINT 96.212848460 19.616541495 3.000000000
POLYGON_POINT 96.212826913 19.616567781 3.000000000
END_WINDING
END_POLYGON
BEGIN_POLYGON 7 10 3
BEGIN_WINDING
POLYGON_POINT 96.213004704 19.616473286 0.000000000
POLYGON_POINT 96.213003497 19.616494299 2.000000000
POLYGON_POINT 96.212939945 19.616639093 3.000000000
POLYGON_POINT 96.212904816 19.616661267 3.000000000
END_WINDING
END_POLYGON
BEGIN_POLYGON 7 10 3
BEGIN_WINDING
POLYGON_POINT 96.212595738 19.617200001 0.000000000
POLYGON_POINT 96.212617774 19.617209014 2.000000000
POLYGON_POINT 96.212588290 19.617389699 3.000000000
POLYGON_POINT 96.212574814 19.617407266 3.000000000
END_WINDING
END_POLYGON
BEGIN_POLYGON 7 10 3
BEGIN_WINDING
POLYGON_POINT 96.212414591 19.617591123 0.000000000
POLYGON_POINT 96.212436627 19.617600136 2.000000000
POLYGON_POINT 96.212416845 19.617745409 3.000000000
POLYGON_POINT 96.212402561 19.617777446 3.000000000
END_WINDING
END_POLYGON
BEGIN_POLYGON 7 10 3
BEGIN_WINDING
POLYGON_POINT 96.211553166 19.617243047 0.000000000
POLYGON_POINT 96.211531084 19.617233954 2.000000000
POLYGON_POINT 96.211557236 19.617103731 3.000000000
POLYGON_POINT 96.211572731 19.617073905 3.000000000
END_WINDING
END_POLYGON
BEGIN_POLYGON 8 30 3
BEGIN_WINDING
POLYGON_POINT 96.213475175 19.616019676 1.000000000
POLYGON_POINT 96.212725928 19.616016316 1.000000000
POLYGON_POINT 96.212517220 19.615930926 1.000000000
POLYGON_POINT 96.212055933 19.615455455 0.000000000
POLYGON_POINT 96.212418836 19.615010688 3.000000000
POLYGON_POINT 96.212782240 19.615356262 3.000000000
POLYGON_POINT 96.213036638 19.615453989 3.000000000
POLYGON_POINT 96.213532355 19.615433464 0.000000000
END_WINDING
END_POLYGON
BEGIN_POLYGON 9 10 3
BEGIN_WINDING
POLYGON_POINT 96.212001271 19.617511414 8.000000000
POLYGON_POINT 96.211898984 19.617467908 10.000000000
POLYGON_POINT 96.211811427 19.617379700 10.000000000
POLYGON_POINT 96.212292290 19.616278134 10.000000000
POLYGON_POINT 96.212314461 19.615929981 10.000000000
POLYGON_POINT 96.211111372 19.614956917 9.000000000
POLYGON_POINT 96.211300393 19.614754254 1.000000000
POLYGON_POINT 96.211810905 19.614953230 1.000000000
POLYGON_POINT 96.211690850 19.615092866 1.000000000
POLYGON_POINT 96.212097291 19.615429562 1.000000000
POLYGON_POINT 96.212626988 19.614797817 7.000000000
POLYGON_POINT 96.213526873 19.615153605 1.000000000
POLYGON_POINT 96.213449268 19.615968903 1.000000000
POLYGON_POINT 96.213917153 19.616008251 1.000000000
POLYGON_POINT 96.213933997 19.615792963 1.000000000
POLYGON_POINT 96.214180781 19.615888009 1.000000000
POLYGON_POINT 96.214204685 19.615835098 0.000000000
POLYGON_POINT 96.214145742 19.615811339 0.000000000
POLYGON_POINT 96.214162239 19.615776215 4.000000000
POLYGON_POINT 96.214326712 19.615841677 0.000000000
POLYGON_POINT 96.214311248 19.615876192 0.000000000
POLYGON_POINT 96.214249828 19.615852067 1.000000000
POLYGON_POINT 96.214226399 19.615905578 1.000000000
POLYGON_POINT 96.214641622 19.616065495 9.000000000
POLYGON_POINT 96.214624540 19.616272078 10.000000000
POLYGON_POINT 96.212881076 19.616141661 10.000000000
POLYGON_POINT 96.212632495 19.616394871 10.000000000
POLYGON_POINT 96.212133809 19.617521340 10.000000000
END_WINDING
END_POLYGON
BEGIN_POLYGON 10 10 3
BEGIN_WINDING
POLYGON_POINT 96.211993926 19.617529950 1.000000000
POLYGON_POINT 96.211885313 19.617483872 1.000000000
POLYGON_POINT 96.211785027 19.617385505 1.000000000
POLYGON_POINT 96.212233488 19.616378905 1.000000000
POLYGON_POINT 96.212233085 19.615934963 1.000000000
POLYGON_POINT 96.211059857 19.614991503 1.000000000
POLYGON_POINT 96.211286405 19.614740258 4.000000000
POLYGON_POINT 96.212666644 19.615897216 4.000000000
POLYGON_POINT 96.214663176 19.616066123 1.000000000
POLYGON_POINT 96.214640316 19.616349671 1.000000000
POLYGON_POINT 96.212919574 19.616213646 1.000000000
POLYGON_POINT 96.212597649 19.616521706 1.000000000
POLYGON_POINT 96.212145231 19.617542156 1.000000000
END_WINDING
END_POLYGON
BEGIN_POLYGON 11 10 3
BEGIN_WINDING
POLYGON_POINT 96.192209355 19.637307228 0.000000000
POLYGON_POINT 96.192644490 19.636336852 0.000000000
POLYGON_POINT 96.193088046 19.636521937 0.000000000
POLYGON_POINT 96.193548446 19.635578002 0.000000000
POLYGON_POINT 96.193166651 19.635411425 0.000000000
POLYGON_POINT 96.193133615 19.635484073 0.000000000
END_WINDING
END_POLYGON
BEGIN_POLYGON 11 10 3
BEGIN_WINDING
POLYGON_POINT 96.200896053 19.632336663 0.000000000
POLYGON_POINT 96.201130781 19.631811984 0.000000000
POLYGON_POINT 96.201676508 19.632024568 0.000000000
POLYGON_POINT 96.201113937 19.633293725 0.000000000
POLYGON_POINT 96.200578316 19.633093833 0.000000000
POLYGON_POINT 96.200870374 19.632396977 0.000000000
END_WINDING
END_POLYGON
BEGIN_POLYGON 12 1 3
BEGIN_WINDING
POLYGON_POINT 96.199837061 19.619297246 0.000000000
POLYGON_POINT 96.199911533 19.619324945 0.000000000
POLYGON_POINT 96.199938980 19.619305242 0.000000000
POLYGON_POINT 96.200072038 19.619020617 0.000000000
END_WINDING
END_POLYGON
BEGIN_POLYGON 12 1 3
BEGIN_WINDING
POLYGON_POINT 96.214784020 19.616268258 0.000000000
POLYGON_POINT 96.214680216 19.616261688 0.000000000
POLYGON_POINT 96.214689200 19.616155603 0.000000000
POLYGON_POINT 96.214743329 19.616157900 0.000000000
POLYGON_POINT 96.214747706 19.616101122 0.000000000
POLYGON_POINT 96.214714096 19.616073080 0.000000000
POLYGON_POINT 96.214715788 19.616021226 0.000000000
POLYGON_POINT 96.214521979 19.615952566 0.000000000
END_WINDING
END_POLYGON
BEGIN_POLYGON 12 1 3
BEGIN_WINDING
POLYGON_POINT 96.199671296 19.619306342 0.000000000
POLYGON_POINT 96.199517438 19.619249716 0.000000000
POLYGON_POINT 96.199745335 19.618744525 0.000000000
END_WINDING
END_POLYGON
BEGIN_POLYGON 12 1 3
BEGIN_WINDING
POLYGON_POINT 96.200761413 19.619677470 0.000000000
POLYGON_POINT 96.200044944 19.619381327 0.000000000
POLYGON_POINT 96.200036263 19.619318414 0.000000000
POLYGON_POINT 96.200612541 19.618093817 0.000000000
END_WINDING
END_POLYGON
BEGIN_POLYGON 13 10 3
BEGIN_WINDING
POLYGON_POINT 96.214793554 19.616141070 0.000000000
POLYGON_POINT 96.214829363 19.616142573 0.000000000
POLYGON_POINT 96.214834149 19.616039086 0.000000000
POLYGON_POINT 96.214809832 19.616000909 0.000000000
POLYGON_POINT 96.214701970 19.615977885 0.000000000
POLYGON_POINT 96.214492391 19.615896696 0.000000000
END_WINDING
END_POLYGON
BEGIN_POLYGON 14 10 3
BEGIN_WINDING
POLYGON_POINT 96.212166428 19.617469686 2.000000000
POLYGON_POINT 96.212342605 19.617543457 0.000000000
POLYGON_POINT 96.212329394 19.617571452 2.000000000
POLYGON_POINT 96.212153216 19.617497681 0.000000000
END_WINDING
END_POLYGON
BEGIN_POLYGON 14 10 3
BEGIN_WINDING
POLYGON_POINT 96.212348929 19.617075388 2.000000000
POLYGON_POINT 96.212525106 19.617149159 0.000000000
POLYGON_POINT 96.212511894 19.617177154 2.000000000
POLYGON_POINT 96.212335717 19.617103383 0.000000000
END_WINDING
END_POLYGON
BEGIN_POLYGON 14 10 3
BEGIN_WINDING
POLYGON_POINT 96.214350646 19.616323763 2.000000000
POLYGON_POINT 96.214340540 19.616505123 0.000000000
POLYGON_POINT 96.214308061 19.616503517 2.000000000
POLYGON_POINT 96.214318166 19.616322157 0.000000000
END_WINDING
END_POLYGON
BEGIN_POLYGON 14 10 3
BEGIN_WINDING
POLYGON_POINT 96.213840684 19.616283022 2.000000000
POLYGON_POINT 96.213830579 19.616464381 0.000000000
POLYGON_POINT 96.213798099 19.616462776 2.000000000
POLYGON_POINT 96.213808204 19.616281416 0.000000000
END_WINDING
END_POLYGON
BEGIN_POLYGON 14 10 3
BEGIN_WINDING
POLYGON_POINT 96.213033195 19.616212530 2.000000000
POLYGON_POINT 96.213023089 19.616393890 0.000000000
POLYGON_POINT 96.212990610 19.616392284 2.000000000
POLYGON_POINT 96.213000715 19.616210924 0.000000000
END_WINDING
END_POLYGON
BEGIN_POLYGON 14 10 3
BEGIN_WINDING
POLYGON_POINT 96.211225546 19.615118703 2.000000000
POLYGON_POINT 96.211099352 19.615256004 0.000000000
POLYGON_POINT 96.211074763 19.615235951 2.000000000
POLYGON_POINT 96.211200958 19.615098650 0.000000000
END_WINDING
END_POLYGON
BEGIN_POLYGON 14 10 3
BEGIN_WINDING
POLYGON_POINT 96.211580405 19.615403853 2.000000000
POLYGON_POINT 96.211454210 19.615541154 0.000000000
POLYGON_POINT 96.211429622 19.615521101 2.000000000
POLYGON_POINT 96.211555816 19.615383800 0.000000000
END_WINDING
END_POLYGON
BEGIN_POLYGON 14 10 3
BEGIN_WINDING
POLYGON_POINT 96.211893260 19.615653530 2.000000000
POLYGON_POINT 96.211767065 19.615790831 0.000000000
POLYGON_POINT 96.211742476 19.615770778 2.000000000
POLYGON_POINT 96.211868671 19.615633477 0.000000000
END_WINDING
END_POLYGON
BEGIN_POLYGON 14 10 3
BEGIN_WINDING
POLYGON_POINT 96.212133896 19.616609983 2.000000000
POLYGON_POINT 96.211955273 19.616541630 0.000000000
POLYGON_POINT 96.211967514 19.616513246 2.000000000
POLYGON_POINT 96.212146137 19.616581599 0.000000000
END_WINDING
END_POLYGON
BEGIN_POLYGON 14 10 3
BEGIN_WINDING
POLYGON_POINT 96.211802907 19.617360525 2.000000000
POLYGON_POINT 96.211624284 19.617292172 0.000000000
POLYGON_POINT 96.211636525 19.617263788 2.000000000
POLYGON_POINT 96.211815148 19.617332141 0.000000000
END_WINDING
END_POLYGON
BEGIN_POLYGON 15 10 3
BEGIN_WINDING
POLYGON_POINT 96.212337611 19.617532147 3.000000000
POLYGON_POINT 96.212423887 19.617567238 1.000000000
POLYGON_POINT 96.212402282 19.617614368 3.000000000
POLYGON_POINT 96.212316006 19.617579276 0.000000000
END_WINDING
END_POLYGON
BEGIN_POLYGON 15 10 3
BEGIN_WINDING
POLYGON_POINT 96.212519118 19.617139144 3.000000000
POLYGON_POINT 96.212605394 19.617174236 1.000000000
POLYGON_POINT 96.212583790 19.617221365 3.000000000
POLYGON_POINT 96.212497514 19.617186273 0.000000000
END_WINDING
END_POLYGON
BEGIN_POLYGON 15 10 3
BEGIN_WINDING
POLYGON_POINT 96.214352932 19.616497659 3.000000000
POLYGON_POINT 96.214347935 19.616586054 1.000000000
POLYGON_POINT 96.214293514 19.616583325 3.000000000
POLYGON_POINT 96.214298511 19.616494929 0.000000000
END_WINDING
END_POLYGON
BEGIN_POLYGON 15 10 3
BEGIN_WINDING
POLYGON_POINT 96.213841628 19.616456865 3.000000000
POLYGON_POINT 96.213836631 19.616545261 1.000000000
POLYGON_POINT 96.213782210 19.616542531 3.000000000
POLYGON_POINT 96.213787207 19.616454135 0.000000000
END_WINDING
END_POLYGON
BEGIN_POLYGON 15 10 3
BEGIN_WINDING
POLYGON_POINT 96.213034329 19.616384572 3.000000000
POLYGON_POINT 96.213029332 19.616472968 1.000000000
POLYGON_POINT 96.212974911 19.616470239 3.000000000
POLYGON_POINT 96.212979908 19.616381843 0.000000000
END_WINDING
END_POLYGON
BEGIN_POLYGON 15 10 3
BEGIN_WINDING
POLYGON_POINT 96.211110446 19.615257207 3.000000000
POLYGON_POINT 96.211048783 19.615324006 1.000000000
POLYGON_POINT 96.211007658 19.615290322 3.000000000
POLYGON_POINT 96.211069321 19.615223522 0.000000000
END_WINDING
END_POLYGON
BEGIN_POLYGON 15 10 3
BEGIN_WINDING
POLYGON_POINT 96.211466110 19.615543610 3.000000000
POLYGON_POINT 96.211404447 19.615610410 1.000000000
POLYGON_POINT 96.211363322 19.615576726 3.000000000
POLYGON_POINT 96.211424985 19.615509926 0.000000000
END_WINDING
END_POLYGON
BEGIN_POLYGON 15 10 3
BEGIN_WINDING
POLYGON_POINT 96.211780193 19.615792631 3.000000000
POLYGON_POINT 96.211718530 19.615859431 1.000000000
POLYGON_POINT 96.211677405 19.615825747 3.000000000
POLYGON_POINT 96.211739068 19.615758947 0.000000000
END_WINDING
END_POLYGON
BEGIN_POLYGON 15 10 3
BEGIN_WINDING
POLYGON_POINT 96.211961488 19.616554588 3.000000000
POLYGON_POINT 96.211875276 19.616519359 1.000000000
POLYGON_POINT 96.211896965 19.616472264 3.000000000
POLYGON_POINT 96.211983177 19.616507493 0.000000000
END_WINDING
END_POLYGON
BEGIN_POLYGON 15 10 3
BEGIN_WINDING
POLYGON_POINT 96.211629699 19.617304667 3.000000000
POLYGON_POINT 96.211543486 19.617269438 1.000000000
POLYGON_POINT 96.211565175 19.617222343 3.000000000
POLYGON_POINT 96.211651388 19.617257572 0.000000000
END_WINDING
END_POLYGON
BEGIN_POLYGON 15 10 3
BEGIN_WINDING
POLYGON_POINT 96.207900230 19.626474862 2.000000000
POLYGON_POINT 96.207745321 19.626191569 2.000000000
POLYGON_POINT 96.207867036 19.625922488 2.000000000
POLYGON_POINT 96.208159753 19.625825846 3.000000000
POLYGON_POINT 96.208458507 19.625940490 3.000000000
POLYGON_POINT 96.208562114 19.626222835 3.000000000
POLYGON_POINT 96.208443418 19.626472967 3.000000000
POLYGON_POINT 96.208180877 19.626580031 3.000000000
END_WINDING
END_POLYGON
BEGIN_POLYGON 11 10 3
BEGIN_WINDING
POLYGON_POINT 96.211112615 19.614725474 0.000000000
POLYGON_POINT 96.211158537 19.614678801 0.000000000
POLYGON_POINT 96.211058727 19.614633267 0.000000000
POLYGON_POINT 96.211021610 19.614665040 0.000000000
POLYGON_POINT 96.209999724 19.613869470 0.000000000
POLYGON_POINT 96.210846007 19.611905005 0.000000000
POLYGON_POINT 96.209550459 19.611303072 0.000000000
POLYGON_POINT 96.210602458 19.608910247 0.000000000
END_WINDING
END_POLYGON
BEGIN_POLYGON 11 10 3
BEGIN_WINDING
POLYGON_POINT 96.214914741 19.616294496 0.000000000
POLYGON_POINT 96.214928829 19.616144328 0.000000000
POLYGON_POINT 96.215687605 19.616198676 0.000000000
POLYGON_POINT 96.215950548 19.616260112 0.000000000
POLYGON_POINT 96.215663331 19.616806678 0.000000000
POLYGON_POINT 96.212956093 19.620627273 0.000000000
POLYGON_POINT 96.212761930 19.620624318 0.000000000
POLYGON_POINT 96.212456019 19.620810336 0.000000000
POLYGON_POINT 96.210838412 19.619948932 0.000000000
POLYGON_POINT 96.209172562 19.624385050 0.000000000
POLYGON_POINT 96.209794546 19.624713981 0.000000000
POLYGON_POINT 96.207890974 19.629006847 0.000000000
POLYGON_POINT 96.205075683 19.627910321 0.000000000
POLYGON_POINT 96.198947383 19.641857108 0.000000000
END_WINDING
END_POLYGON
FILTER -1
OBJECT_DEF lib/airport/Classic_Airports/Control_Towers/Classic_Tower_1.agp
OBJECT_DEF lib/airport/Modern_Airports/Control_Towers/Modern_Tower_2.agp
OBJECT_DEF lib/airport/Common_Elements/Hangars/FBO_Modern1.agp
OBJECT_DEF lib/airport/Common_Elements/Hangars/Med_Blue_Hangar.agp
OBJECT_DEF lib/airport/Common_Elements/Hangars/Lg_Maint_Blue.agp
OBJECT_DEF lib/airport/Common_Elements/Misc_Buildings/Small_Office_2.agp
OBJECT_DEF lib/airport/Common_Elements/Misc_Buildings/Small_Office_1.agp
OBJECT_DEF lib/airport/Common_Elements/Misc_Buildings/Fire_Station_Lg.agp
OBJECT_DEF lib/g10/forests/autogen_tree2.obj
OBJECT_DEF lib/g10/forests/autogen_tree4.obj
OBJECT_DEF lib/airport/Common_Elements/Parking/Grunge2_XXLg.obj
OBJECT_DEF lib/airport/Common_Elements/Parking/Grunge1_Med.obj
OBJECT_DEF lib/airport/Common_Elements/Parking/Grunge2_Med.obj
OBJECT_DEF lib/airport/Common_Elements/Barriers/concrete/black_yellow_stripe_6m.obj
OBJECT_DEF lib/constructions/fencing/barriers/barrier_8m_01.obj
OBJECT_DEF lib/industrial_area/goods/pallets_us_stack_8x_full.obj
OBJECT_DEF lib/industrial_area/goods/pallets_eu_stack_8x.obj
OBJECT_DEF lib/industrial_area/goods/goods_various.obj
OBJECT_DEF lib/industrial_area/goods/goods_02_stack_4x.obj
OBJECT_DEF lib/industrial_area/goods/goods_01_stack_4x_full.obj
OBJECT_DEF lib/industrial_area/goods/barrels_8x_05.obj
OBJECT_DEF lib/industrial_area/goods/barrels_8x_04.obj
OBJECT_DEF lib/g10/US/industrial/light/GateHut3x3.obj
OBJECT_DEF lib/airport/Ramp_Equipment/Cargo_Palette_3.obj
OBJECT_DEF lib/airport/Ramp_Equipment/Cargo_Palette_2.obj
OBJECT_DEF lib/airport/Ramp_Equipment/Cargo_Palette_1.obj
OBJECT_DEF lib/airport/Ramp_Equipment/Cargo_Loader_1.obj
OBJECT_DEF lib/airport/Ramp_Equipment/Cargo_Pod_Lot.agp
OBJECT_DEF lib/airport/Ramp_Equipment/Cargo_Container_6.obj
OBJECT_DEF lib/airport/Ramp_Equipment/Lugg_Cart_Group.obj
OBJECT_DEF lib/airport/Ramp_Equipment/Lugg_Train_Group.obj
OBJECT_DEF lib/airport/Ramp_Equipment/Luggage_Truck.obj
OBJECT_DEF lib/airport/Ramp_Equipment/Luggage_Cart.obj
OBJECT_DEF lib/airport/Common_Elements/Lighting/Dir_Ramp_Lit_Tall.obj
OBJECT_DEF lib/street/streetlights/AreaFlood_HighMast.obj
OBJECT_DEF lib/street/streetlights/AreaFlood_Medium.obj
OBJECT_DEF lib/street/streetlights/AreaFlood_Large.obj
OBJECT_DEF lib/airport/Common_Elements/Lighting/Dir_Flood_Sm.obj
OBJECT_DEF lib/street/streetlights/ResidentialLight_04.obj
OBJECT_DEF lib/airport/landscape/apron_light.obj
OBJECT_DEF lib/airport/Common_Elements/Lighting/Dir_Ramp_Lit_Short.obj
OBJECT_DEF lib/airport/Common_Elements/Barriers/concrete/grey_6m.obj
OBJECT_DEF lib/airport/Ramp_Equipment/Ramp_Parking_Stripe.obj
OBJECT_DEF lib/airport/Common_Elements/Misc_Buildings/Med_Office_1.agp
OBJECT_DEF lib/airport/aircraft/military/jet_b.obj
OBJECT_DEF lib/airport/aircraft/general_aviation/heavy_d.obj
OBJECT_DEF lib/airport/aircraft/military/helo_a.obj
OBJECT_DEF lib/airport/aircraft/military/fighter_a.obj
POLYGON_DEF lib/airport/lines/74_road_edge_wide_b.lin
POLYGON_DEF lib/airport/lines/25_road_dash_wide.lin
POLYGON_DEF lib/airport/pavement/asphalt_1D.pol
POLYGON_DEF lib/airport/lines/safety_area_white.pol
POLYGON_DEF lib/g10/terrain10/apt_wrm_rain.pol
POLYGON_DEF lib/airport/pavement/concrete_2D.pol
POLYGON_DEF lib/airport/pavement/concrete_4L.pol
POLYGON_DEF lib/airport/Ramp_Equipment/Jetways/Jetway_2_glass.fac
POLYGON_DEF lib/airport/Modern_Airports/Terminal_kit/term_building_BigHall_01.fac
POLYGON_DEF lib/airport/Modern_Airports/Terminal_kit/term_building_Ground_01.fac
POLYGON_DEF lib/airport/Modern_Airports/Terminal_kit/term_building_Levels_01.fac
POLYGON_DEF lib/airport/Common_Elements/Fence_Facades/Fence.fac
POLYGON_DEF lib/constructions/fencing/fence_HedgeSmall_02.fac
POLYGON_DEF lib/constructions/fencing/fence_Mesh_03.fac
POLYGON_DEF lib/airport/Modern_Airports/Terminal_kit/term_bridge_02.fac
POLYGON_DEF lib/airport/Modern_Airports/Terminal_kit/term_building_Tall_02.fac
PROPERTY sim/filter/aptid VYNT
PROPERTY sim/exclude_net 96.196829/19.616361/96.198771/19.617347
PROPERTY sim/require_agpoint 1/0
PROPERTY sim/require_object 1/0
PROPERTY sim/require_facade 1/7
PROPERTY sim/require_facade 6/0
