PROPERTY sim/west -180
PROPERTY sim/east 180
PROPERTY sim/north 90
PROPERTY sim/south -90
PROPERTY sim/planet earth
PROPERTY sim/creation_agent WorldEditor1.7.21r1
PROPERTY laminar/internal_revision 0
PROPERTY sim/overlay 1
FILTER 0
BEGIN_POLYGON 0 346 2
BEGIN_WINDING
POLYGON_POINT -76.773866541 38.944179160
POLYGON_POINT -76.773852712 38.944181067
POLYGON_POINT -76.773855573 38.944189651
POLYGON_POINT -76.773868448 38.944187743
END_WINDING
END_POLYGON
BEGIN_POLYGON 0 346 2
BEGIN_WINDING
POLYGON_POINT -76.773862726 38.944166285
POLYGON_POINT -76.773848898 38.944168193
POLYGON_POINT -76.773851759 38.944176776
POLYGON_POINT -76.773864633 38.944174868
END_WINDING
END_POLYGON
BEGIN_POLYGON 0 346 2
BEGIN_WINDING
POLYGON_POINT -76.773858911 38.944150549
POLYGON_POINT -76.773845083 38.944152457
POLYGON_POINT -76.773847944 38.944161040
POLYGON_POINT -76.773860819 38.944159133
END_WINDING
END_POLYGON
BEGIN_POLYGON 0 346 2
BEGIN_WINDING
POLYGON_POINT -76.773841268 38.944153410
POLYGON_POINT -76.773827440 38.944155318
POLYGON_POINT -76.773830301 38.944163901
POLYGON_POINT -76.773843175 38.944161994
END_WINDING
END_POLYGON
BEGIN_POLYGON 0 346 2
BEGIN_WINDING
POLYGON_POINT -76.773886091 38.944276913
POLYGON_POINT -76.773872263 38.944278820
POLYGON_POINT -76.773875124 38.944287404
POLYGON_POINT -76.773887999 38.944285496
END_WINDING
END_POLYGON
BEGIN_POLYGON 0 346 2
BEGIN_WINDING
POLYGON_POINT -76.773893244 38.944300755
POLYGON_POINT -76.773879416 38.944302663
POLYGON_POINT -76.773882277 38.944311246
POLYGON_POINT -76.773895151 38.944309339
END_WINDING
END_POLYGON
BEGIN_POLYGON 0 346 2
BEGIN_WINDING
POLYGON_POINT -76.773889429 38.944289311
POLYGON_POINT -76.773875601 38.944291218
POLYGON_POINT -76.773878462 38.944299802
POLYGON_POINT -76.773891337 38.944297894
END_WINDING
END_POLYGON
BEGIN_POLYGON 0 346 2
BEGIN_WINDING
POLYGON_POINT -76.773877031 38.944304093
POLYGON_POINT -76.773863203 38.944306001
POLYGON_POINT -76.773866064 38.944314584
POLYGON_POINT -76.773878939 38.944312676
END_WINDING
END_POLYGON
FILTER -1
FILTER 0
FILTER -1
FILTER 0
FILTER -1
FILTER 0
FILTER -1
FILTER 0
FILTER -1
FILTER 0
OBJECT 0 -76.771104077 38.942326599 268.329987
OBJECT 0 -76.773163697 38.943425994 263.359985
OBJECT 1 -76.771943965 38.944361261 348.299988
OBJECT 2 -76.775230316 38.943932155 354.000000
OBJECT 3 -76.775160220 38.943849660 173.000000
OBJECT 4 -76.773847467 38.944229706 0.000000
OBJECT 5 -76.772313458 38.943962673 351.000000
OBJECT 6 -76.771556706 38.943367825 180.000000
OBJECT 7 -76.771726940 38.943577382 85.000000
OBJECT 8 -76.771852350 38.944001774 162.000000
OBJECT 9 -76.773990997 38.941889353 117.000000
OBJECT 9 -76.772686956 38.941716605 298.000000
OBJECT 10 -76.771913386 38.943697070 258.000000
OBJECT 11 -76.771991588 38.944156748 80.000000
OBJECT 12 -76.771154250 38.940530823 330.000000
OBJECT 12 -76.771203365 38.940458343 330.000000
OBJECT 12 -76.771246757 38.940394446 330.000000
OBJECT 12 -76.771174277 38.940341039 330.000000
OBJECT 12 -76.771072232 38.940525101 330.000000
OBJECT 12 -76.771017395 38.940455959 330.000000
OBJECT 12 -76.771287766 38.940295262 330.000000
OBJECT 12 -76.771286812 38.940116445 309.989990
OBJECT 12 -76.771310178 38.940208476 309.989990
OBJECT 12 -76.771173800 38.939945735 309.989990
OBJECT 12 -76.771241035 38.940032521 309.989990
OBJECT 12 -76.770872435 38.939905680 330.000000
OBJECT 12 -76.770822366 38.939941920 330.000000
OBJECT 12 -76.771085584 38.939898528 330.000000
OBJECT 12 -76.770942531 38.939889944 330.000000
OBJECT 12 -76.770675021 38.940128367 340.000000
OBJECT 12 -76.770613985 38.940191310 340.000000
OBJECT 12 -76.770786126 38.939982452 340.000000
OBJECT 12 -76.770728428 38.940073053 340.000000
OBJECT 12 -76.770809491 38.940205615 330.000000
OBJECT 12 -76.770496681 38.940262837 345.000000
OBJECT 12 -76.770449950 38.940304799 345.000000
OBJECT 12 -76.770589189 38.940122644 345.000000
OBJECT 12 -76.770538643 38.940227073 345.000000
OBJECT 12 -76.770546273 38.939919509 330.000000
OBJECT 12 -76.772947662 38.941984245 45.000000
OBJECT 12 -76.772791733 38.941930838 45.000000
OBJECT 12 -76.773203250 38.942101072 35.000000
OBJECT 12 -76.772719253 38.941733425 50.000000
OBJECT 12 -76.772727359 38.941878386 50.000000
OBJECT 12 -76.773007267 38.942027161 50.000000
OBJECT 12 -76.773159857 38.942044327 35.000000
OBJECT 12 -76.773054475 38.941999027 45.000000
OBJECT 12 -76.773944743 38.942176890 50.000000
OBJECT 12 -76.772875181 38.941958972 45.000000
OBJECT 12 -76.773105974 38.942014286 35.000000
OBJECT 12 -76.772947185 38.941967079 35.000000
OBJECT 12 -76.773311494 38.942110132 35.000000
OBJECT 12 -76.773781662 38.942133497 25.000000
OBJECT 12 -76.773622873 38.942202640 35.000000
OBJECT 12 -76.773687247 38.942243648 40.000000
OBJECT 12 -76.773514630 38.942180228 35.000000
OBJECT 12 -76.773815995 38.942288472 25.000000
OBJECT 12 -76.773396372 38.942129683 35.000000
OBJECT 12 -76.773859388 38.942158293 25.000000
OBJECT 12 -76.773374437 38.942173075 45.000000
OBJECT 12 -76.773707275 38.942183089 45.000000
OBJECT 12 -76.773655299 38.942142081 50.000000
OBJECT 12 -76.773592832 38.942239834 45.000000
OBJECT 12 -76.773457885 38.942201209 45.000000
OBJECT 12 -76.774099718 38.942392901 220.000000
OBJECT 12 -76.773771172 38.942284657 220.000000
OBJECT 12 -76.773881800 38.942295624 225.000000
OBJECT 12 -76.773945697 38.942332341 220.000000
OBJECT 12 -76.774020562 38.942353799 220.000000
OBJECT 12 -76.774071107 38.942308022 40.000000
OBJECT 12 -76.773927577 38.942255093 50.000000
OBJECT 12 -76.773767834 38.942195487 55.000000
OBJECT 12 -76.773835546 38.942218376 50.000000
OBJECT 12 -76.773995766 38.942281796 40.000000
OBJECT 12 -76.773976215 38.942400053 40.000000
OBJECT 12 -76.774855516 38.944556821 20.000000
OBJECT 12 -76.773743082 38.944694532 20.000000
OBJECT 12 -76.774656672 38.944607366 15.000000
OBJECT 12 -76.775292782 38.944552529 189.990005
OBJECT 12 -76.774118315 38.944658389 15.000000
OBJECT 12 -76.775443942 38.944492924 5.000000
OBJECT 12 -76.775163081 38.944513428 20.000000
OBJECT 12 -76.775217441 38.944571126 189.990005
OBJECT 12 -76.774994755 38.944541562 25.000000
OBJECT 12 -76.775381476 38.944546807 189.990005
OBJECT 12 -76.774502174 38.944616426 5.000000
OBJECT 12 -76.774227035 38.944622148 15.000000
OBJECT 12 -76.775712406 38.944461929 189.990005
OBJECT 12 -76.774310960 38.944655528 5.000000
OBJECT 12 -76.773997196 38.944616426 5.000000
OBJECT 12 -76.774936103 38.944561112 15.000000
OBJECT 12 -76.775538357 38.944565881 10.000000
OBJECT 12 -76.775736248 38.944519627 355.000000
OBJECT 12 -76.775143053 38.944571603 195.000000
OBJECT 12 -76.773820287 38.944681754 20.000000
OBJECT 12 -76.775313287 38.944487201 10.000000
OBJECT 12 -76.774744411 38.944576848 15.000000
OBJECT 12 -76.774786374 38.944556344 5.000000
OBJECT 12 -76.773874170 38.944676986 20.000000
OBJECT 12 -76.775511654 38.944477665 10.000000
OBJECT 12 -76.773956664 38.944689860 15.000000
OBJECT 12 -76.775640402 38.944510090 355.000000
OBJECT 12 -76.775464446 38.944571603 5.000000
OBJECT 12 -76.774593729 38.944638361 15.000000
OBJECT 12 -76.775235084 38.944502461 10.000000
OBJECT 12 -76.774342432 38.944598783 5.000000
OBJECT 12 -76.774192226 38.944665541 20.000000
OBJECT 12 -76.774430171 38.944638838 5.000000
OBJECT 12 -76.775580797 38.944518673 355.000000
OBJECT 12 -76.775065805 38.944527733 20.000000
OBJECT 12 -76.774042973 38.944672217 15.000000
OBJECT 12 -76.773909457 38.944623102 5.000000
OBJECT 12 -76.771375505 38.941251335 42.000000
OBJECT 12 -76.771754597 38.941003853 247.000000
OBJECT 12 -76.771553845 38.941052968 337.000000
OBJECT 12 -76.771314946 38.941163596 32.000000
OBJECT 12 -76.771806573 38.941073949 247.000000
OBJECT 12 -76.770780880 38.941039139 42.000000
OBJECT 12 -76.770504311 38.940924220 46.990002
OBJECT 12 -76.771382658 38.941191730 37.000000
OBJECT 12 -76.771042191 38.941143091 32.000000
OBJECT 12 -76.771694514 38.941024834 67.000000
OBJECT 12 -76.770597295 38.940881304 32.000000
OBJECT 12 -76.771764611 38.940927558 67.000000
OBJECT 12 -76.770995937 38.941088254 32.000000
OBJECT 12 -76.771818971 38.940985733 67.000000
OBJECT 12 -76.771150912 38.941146429 32.000000
OBJECT 12 -76.770555333 38.940945678 46.990002
OBJECT 12 -76.770316911 38.940793565 232.000000
OBJECT 12 -76.771301595 38.941229400 42.000000
OBJECT 12 -76.771553845 38.941323816 42.000000
OBJECT 12 -76.770888170 38.941048199 42.000000
OBJECT 12 -76.770445659 38.940902285 46.990002
OBJECT 12 -76.771499962 38.941187915 21.990000
OBJECT 12 -76.771216716 38.941206035 42.000000
OBJECT 12 -76.771697375 38.940950446 247.000000
OBJECT 12 -76.770842870 38.941079194 46.990002
OBJECT 12 -76.770331693 38.940705348 67.000000
OBJECT 12 -76.771238174 38.941155013 32.000000
OBJECT 12 -76.770474269 38.940854601 32.000000
OBJECT 12 -76.770475700 38.940796902 62.000000
OBJECT 12 -76.771441787 38.941168841 21.990000
OBJECT 12 -76.771482795 38.941284237 46.990002
OBJECT 12 -76.770622091 38.940994316 42.000000
OBJECT 12 -76.770422770 38.940827420 237.000000
OBJECT 12 -76.771421759 38.941251812 32.000000
OBJECT 12 -76.770393683 38.940741112 62.000000
OBJECT 12 -76.770940623 38.941061074 32.000000
OBJECT 12 -76.770706970 38.941018158 42.000000
OBJECT 12 -76.771443217 38.941193160 45.000000
OBJECT 12 -76.771930552 38.941230831 220.000000
OBJECT 12 -76.771507115 38.941013867 340.000000
OBJECT 12 -76.771387427 38.941102560 35.000000
OBJECT 12 -76.771721218 38.941253243 220.000000
OBJECT 12 -76.771792267 38.941338598 55.000000
OBJECT 12 -76.771659228 38.941347181 60.000000
OBJECT 12 -76.771453231 38.941134508 40.000000
OBJECT 12 -76.771627756 38.941221294 60.000000
OBJECT 12 -76.771886206 38.941277085 40.000000
OBJECT 12 -76.771759365 38.941325723 45.000000
OBJECT 12 -76.771905756 38.941158827 40.000000
OBJECT 12 -76.771612020 38.941151198 60.000000
OBJECT 12 -76.771801328 38.941264210 40.000000
OBJECT 12 -76.771457523 38.941071088 350.000000
OBJECT 12 -76.771704051 38.941378653 60.000000
OBJECT 12 -76.771681163 38.941161688 220.000000
OBJECT 12 -76.771370737 38.941167887 45.000000
OBJECT 12 -76.771604868 38.941052014 0.000000
OBJECT 12 -76.771894312 38.941371977 55.000000
OBJECT 12 -76.771607252 38.941311418 60.000000
OBJECT 12 -76.771570535 38.941136893 25.000000
OBJECT 12 -76.771547169 38.941070134 0.000000
OBJECT 12 -76.771855688 38.941209373 220.000000
OBJECT 12 -76.771843290 38.941391527 60.000000
OBJECT 12 -76.771677825 38.941072519 55.000000
OBJECT 12 -76.771407931 38.941031510 350.000000
OBJECT 12 -76.771645399 38.941272793 45.000000
OBJECT 12 -76.771837568 38.941132124 50.000000
OBJECT 12 -76.771513790 38.941114958 25.000000
OBJECT 12 -76.771549077 38.941231785 50.000000
OBJECT 12 -76.771758412 38.941441596 55.000000
OBJECT 12 -76.771791791 38.941172656 225.000000
OBJECT 12 -76.771489471 38.941196498 35.000000
OBJECT 12 -76.771745537 38.941095407 50.000000
OBJECT 12 -76.771942473 38.941395819 45.000000
OBJECT 12 -76.771835660 38.941483558 55.000000
OBJECT 12 -76.770084688 38.944373236 89.000000
OBJECT 12 -76.770259213 38.944894427 264.000000
OBJECT 12 -76.770232033 38.944516289 69.000000
OBJECT 12 -76.770107099 38.944270237 79.000000
OBJECT 12 -76.770142863 38.944789044 264.000000
OBJECT 12 -76.769833867 38.943794347 89.000000
OBJECT 12 -76.770049401 38.944047551 269.000000
OBJECT 12 -76.770133803 38.944338903 84.000000
OBJECT 12 -76.769936389 38.944056134 79.000000
OBJECT 12 -76.770195315 38.944896334 84.000000
OBJECT 12 -76.769901579 38.943753815 254.000000
OBJECT 12 -76.770290684 38.944825761 84.000000
OBJECT 12 -76.769945449 38.943984607 79.000000
OBJECT 12 -76.770327878 38.944896334 84.000000
OBJECT 12 -76.770007916 38.944137675 79.000000
OBJECT 12 -76.770025082 38.943996529 269.000000
OBJECT 12 -76.770128557 38.944671263 264.000000
OBJECT 12 -76.770050355 38.944305047 89.000000
OBJECT 12 -76.770153353 38.944553960 89.000000
OBJECT 12 -76.769901102 38.943878271 89.000000
OBJECT 12 -76.770075151 38.944102388 269.000000
OBJECT 12 -76.770215343 38.944421874 69.000000
OBJECT 12 -76.770009346 38.944226844 89.000000
OBJECT 12 -76.770220588 38.944826238 264.000000
OBJECT 12 -76.769847219 38.943867304 93.989998
OBJECT 12 -76.770186732 38.944604982 99.000000
OBJECT 12 -76.770061799 38.944207294 79.000000
OBJECT 12 -76.769945926 38.944141012 254.000000
OBJECT 12 -76.770262551 38.944758049 93.989998
OBJECT 12 -76.770190070 38.944366560 69.000000
OBJECT 12 -76.770134279 38.944474804 93.989998
OBJECT 12 -76.770009346 38.943915465 264.000000
OBJECT 12 -76.770200084 38.944756619 269.000000
OBJECT 12 -76.770115206 38.944408522 79.000000
OBJECT 12 -76.770220588 38.944667449 93.989998
OBJECT 12 -76.769925898 38.943925956 79.000000
OBJECT 12 -76.769959277 38.943841077 264.000000
OBJECT 13 -76.772470340 38.943479629 265.000000
OBJECT 13 -76.772504196 38.943602655 255.000000
OBJECT 13 -76.772363527 38.943261234 350.000000
OBJECT 13 -76.772176604 38.944499599 262.989990
OBJECT 13 -76.772207122 38.944625486 255.000000
OBJECT 13 -76.772130827 38.944255455 265.000000
OBJECT 13 -76.772164683 38.944378481 255.000000
OBJECT 13 -76.771918631 38.944463359 265.000000
OBJECT 13 -76.771952487 38.944586385 255.000000
OBJECT 13 -76.772521363 38.944283112 270.000000
OBJECT 13 -76.772544251 38.944408522 260.000000
OBJECT 13 -76.772570001 38.944530594 261.989990
OBJECT 13 -76.772610533 38.944652190 252.000000
OBJECT 13 -76.772228103 38.944088560 180.000000
OBJECT 13 -76.772352560 38.944068055 170.000000
OBJECT 13 -76.772511826 38.944050889 334.989990
OBJECT 13 -76.773090238 38.943184463 265.000000
OBJECT 13 -76.773117895 38.943307488 255.000000
OBJECT 13 -76.773211357 38.943672274 250.000000
OBJECT 13 -76.773047322 38.942947948 265.000000
OBJECT 13 -76.773081178 38.943070974 255.000000
OBJECT 13 -76.773020142 38.942836366 85.000000
OBJECT 13 -76.772987240 38.942713817 75.000000
OBJECT 13 -76.773692016 38.942626555 75.000000
OBJECT 13 -76.773724918 38.942749104 85.000000
OBJECT 13 -76.773340581 38.942916953 265.000000
OBJECT 13 -76.773375391 38.943155852 80.000000
OBJECT 13 -76.773430228 38.943392367 85.000000
OBJECT 13 -76.771575303 38.942824922 345.000000
OBJECT 13 -76.771713588 38.942825399 355.000000
OBJECT 13 -76.772145132 38.942778191 355.000000
OBJECT 13 -76.772000649 38.942796311 345.000000
OBJECT 13 -76.772183280 38.942991817 345.000000
OBJECT 13 -76.772021630 38.943005169 10.000000
OBJECT 13 -76.772223812 38.943247406 355.000000
OBJECT 13 -76.772087434 38.943301289 345.000000
OBJECT 13 -76.771761273 38.943235485 90.000000
OBJECT 13 -76.771718357 38.943099584 80.000000
OBJECT 13 -76.771737907 38.943012322 355.000000
OBJECT 13 -76.771592470 38.943029965 345.000000
OBJECT 13 -76.770913920 38.942679961 260.000000
OBJECT 13 -76.770915827 38.942802033 268.000000
OBJECT 13 -76.770891032 38.942554551 270.000000
OBJECT 13 -76.770934901 38.942929828 260.000000
OBJECT 13 -76.771137560 38.942626555 257.000000
OBJECT 13 -76.771164740 38.942834459 265.000000
OBJECT 13 -76.771108473 38.942502098 267.000000
OBJECT 13 -76.771178092 38.942944133 257.000000
OBJECT 13 -76.770879110 38.942440585 290.000000
OBJECT 13 -76.771203841 38.943176356 255.000000
OBJECT 13 -76.770963512 38.943195907 262.989990
OBJECT 13 -76.770665484 38.943210212 265.000000
OBJECT 13 -76.771203841 38.943285554 255.000000
OBJECT 13 -76.771721218 38.942510204 355.000000
OBJECT 13 -76.771568627 38.942515450 3.000000
OBJECT 13 -76.771432727 38.942843042 5.000000
OBJECT 13 -76.771416514 38.942520218 355.000000
OBJECT 13 -76.771509499 38.942326619 355.000000
OBJECT 13 -76.771814202 38.942316606 355.000000
OBJECT 13 -76.773232338 38.944032769 85.000000
OBJECT 14 -76.773744945 38.943798161 262.989990
OBJECT 15 -76.772254330 38.939592393 0.000000
OBJECT 16 -76.771153773 38.943606947 355.000000
OBJECT 17 -76.771714542 38.943180648 83.000000
OBJECT 18 -76.772122721 38.943957427 80.000000
OBJECT 18 -76.772130350 38.943990330 80.000000
OBJECT 18 -76.772135119 38.944027523 80.000000
OBJECT 19 -76.772452220 38.943905451 350.000000
OBJECT 20 -76.772618639 38.944002251 250.000000
OBJECT 20 -76.772580968 38.944080930 305.000000
OBJECT 20 -76.772190909 38.944050889 45.000000
OBJECT 21 -76.773704891 38.943011368 75.000000
OBJECT 21 -76.773723011 38.941952773 120.000000
OBJECT 21 -76.770901045 38.940115492 219.000000
OBJECT 22 -76.770938239 38.940398737 34.000000
OBJECT 23 -76.770828088 38.940046349 309.000000
OBJECT 24 -76.770975433 38.940030613 312.000000
OBJECT 25 -76.771024548 38.940170329 39.000000
OBJECT 26 -76.771087968 38.940209430 213.990005
FILTER -1
OBJECT_DEF lib/airport/aircraft/general_aviation/turboprop_b.obj
OBJECT_DEF lib/airport/Common_Elements/Miscellaneous/Const_Trailer.agp
OBJECT_DEF lib/airport/landscape/radar.obj
OBJECT_DEF lib/g10/US/industrial/light/StorHut3x3.obj
OBJECT_DEF lib/airport/landscape/windsock_lit.obj
OBJECT_DEF lib/airport/Vintage_Airports/Terminals/Admin_Bldg.obj
OBJECT_DEF lib/airport/Common_Elements/Parking_Items/7_Single_Spaces.agp
OBJECT_DEF lib/airport/Common_Elements/Parking_Items/Row_of_Cars_10.agp
OBJECT_DEF lib/airport/Common_Elements/Parking_Items/Row_of_Cars_6.agp
OBJECT_DEF lib/airport/Vintage_Airports/Hangars/Corrugated_Row.agp
OBJECT_DEF lib/airport/Common_Elements/Misc_Buildings/Small_Office_2.agp
OBJECT_DEF lib/airport/Common_Elements/Vehicles/Cargo_Trailer.obj
OBJECT_DEF lib/g10/forests/autogen_tree_any.obj
OBJECT_DEF lib/airport/aircraft/general_aviation/prop_a.obj
OBJECT_DEF lib/airport/Common_Elements/Hangars/Sm_Gray_Hangar.agp
OBJECT_DEF lib/airport/landscape/windsock.obj
OBJECT_DEF lib/airport/Common_Elements/Miscellaneous/Pad_Tansformer.obj
OBJECT_DEF lib/airport/Common_Elements/Fueling_Stations/Small_Fuel_Station.obj
OBJECT_DEF lib/airport/Common_Elements/Miscellaneous/Blue_Dumpster.obj
OBJECT_DEF lib/airport/beacons/beacon_airport_big.obj
OBJECT_DEF lib/airport/Common_Elements/Miscellaneous/Stack_of_Cones.obj
OBJECT_DEF lib/cars/car_static.obj
OBJECT_DEF lib/g10/US/suburban/dT-RnchLHGry.obj
OBJECT_DEF lib/g10/US/suburban/GrgSmlWht.obj
OBJECT_DEF lib/g10/US/industrial/light/WoodShed8x20.obj
OBJECT_DEF lib/cars/car.obj
OBJECT_DEF lib/g10/global_objects/ResPoolSmall.obj
POLYGON_DEF lib/airport/pavement/concrete_1L.pol
PROPERTY sim/filter/aptid W00
PROPERTY sim/exclude_fac -76.771507/38.940861/-76.769356/38.944206
PROPERTY sim/exclude_for -76.771507/38.940861/-76.769356/38.944206
PROPERTY sim/exclude_fac -76.775642/38.943642/-76.774338/38.944443
PROPERTY sim/exclude_for -76.775642/38.943642/-76.774338/38.944443
PROPERTY sim/exclude_fac -76.774429/38.941288/-76.772285/38.944637
PROPERTY sim/exclude_for -76.774429/38.941288/-76.772285/38.944637
PROPERTY sim/exclude_fac -76.773125/38.938004/-76.770981/38.944654
PROPERTY sim/exclude_for -76.773125/38.938004/-76.770981/38.944654
PROPERTY sim/require_agpoint 1/0
PROPERTY sim/require_object 1/0
PROPERTY sim/require_facade 6/0
