PROPERTY sim/west -180
PROPERTY sim/east 180
PROPERTY sim/north 90
PROPERTY sim/south -90
PROPERTY sim/planet earth
PROPERTY sim/creation_agent WorldEditor1.7.21r1
PROPERTY laminar/internal_revision 0
PROPERTY sim/overlay 1
FILTER 0
BEGIN_POLYGON 0 255 2
BEGIN_WINDING
POLYGON_POINT -87.747564565 43.764248538
POLYGON_POINT -87.747110282 43.764184909
POLYGON_POINT -87.746994646 43.763572479
POLYGON_POINT -87.745850146 43.763566372
POLYGON_POINT -87.745439826 43.763245573
POLYGON_POINT -87.745114190 43.763608270
POLYGON_POINT -87.745147229 43.764614406
POLYGON_POINT -87.747473709 43.764586568
END_WINDING
END_POLYGON
BEGIN_POLYGON 1 0 4
BEGIN_WINDING
POLYGON_POINT -87.745937989 43.763132359 -87.745937989 43.763132359
POLYGON_POINT -87.746116825 43.763126765 -87.746116825 43.763126765
POLYGON_POINT -87.746131669 43.763351903 -87.746131669 43.763351903
POLYGON_POINT -87.746156409 43.763444818 -87.746189447 43.763472656
POLYGON_POINT -87.746240525 43.763476980 -87.746240525 43.763476980
POLYGON_POINT -87.747012414 43.763487701 -87.747040076 43.763486036
POLYGON_POINT -87.747111374 43.763451965 -87.747136731 43.763431433
POLYGON_POINT -87.747136114 43.763373345 -87.747136114 43.763373345
POLYGON_POINT -87.747141062 43.763123191 -87.747141062 43.763123191
POLYGON_POINT -87.747294451 43.763101749 -87.747323649 43.763098974
POLYGON_POINT -87.748036987 43.763111319 -87.748036987 43.763111319
POLYGON_POINT -87.748173501 43.763110416 -87.748188869 43.763114855
POLYGON_POINT -87.748201774 43.763143841 -87.748201774 43.763143841
POLYGON_POINT -87.748297032 43.763143223 -87.748297032 43.763143223
POLYGON_POINT -87.748230759 43.763062810 -87.748182351 43.763046717
POLYGON_POINT -87.748037468 43.763048972 -87.748037468 43.763048972
POLYGON_POINT -87.748022391 43.762576426 -87.748022391 43.762576426
POLYGON_POINT -87.747744719 43.762583574 -87.747744719 43.762583574
POLYGON_POINT -87.747735664 43.762872008 -87.747735664 43.762872008
POLYGON_POINT -87.747126894 43.762873459 -87.747126894 43.762873459
POLYGON_POINT -87.747121270 43.763048145 -87.747121270 43.763048145
POLYGON_POINT -87.745955108 43.763033473 -87.745955108 43.763033473
END_WINDING
END_POLYGON
BEGIN_POLYGON 2 0 2
BEGIN_WINDING
POLYGON_POINT -87.749333029 43.762154738
POLYGON_POINT -87.749530949 43.762165459
POLYGON_POINT -87.749541766 43.762072667
POLYGON_POINT -87.749367665 43.762058251
POLYGON_POINT -87.749352821 43.761593679
POLYGON_POINT -87.749278601 43.761529354
POLYGON_POINT -87.749209329 43.761461455
POLYGON_POINT -87.748694736 43.761454308
POLYGON_POINT -87.748676537 43.761173993
POLYGON_POINT -87.748584119 43.761176172
POLYGON_POINT -87.748566088 43.761425719
POLYGON_POINT -87.748561140 43.761518633
POLYGON_POINT -87.748585880 43.761915305
POLYGON_POINT -87.748580932 43.762026088
POLYGON_POINT -87.748575984 43.762151165
END_WINDING
END_POLYGON
BEGIN_POLYGON 3 0 4
BEGIN_WINDING
POLYGON_POINT -87.748579507 43.763352689 -87.748579507 43.763352689
POLYGON_POINT -87.749179641 43.763348330 -87.749179641 43.763348330
POLYGON_POINT -87.749174693 43.763518495 -87.749174693 43.763518495
POLYGON_POINT -87.749490693 43.763519864 -87.749490693 43.763519864
POLYGON_POINT -87.749500252 43.763442637 -87.749500252 43.763442637
POLYGON_POINT -87.749288497 43.763434097 -87.749288497 43.763434097
POLYGON_POINT -87.749258809 43.763412655 -87.749255622 43.763394244
POLYGON_POINT -87.749253861 43.763361352 -87.749253861 43.763361352
POLYGON_POINT -87.749337977 43.763362624 -87.749337977 43.763362624
POLYGON_POINT -87.749318185 43.762680062 -87.749318185 43.762680062
POLYGON_POINT -87.749499331 43.762681698 -87.749499331 43.762681698
POLYGON_POINT -87.749499331 43.762603078 -87.749499331 43.762603078
POLYGON_POINT -87.749323133 43.762608589 -87.749323133 43.762608589
POLYGON_POINT -87.749266607 43.762525123 -87.749263421 43.762500959
POLYGON_POINT -87.749324143 43.762351432 -87.749335296 43.762305404
POLYGON_POINT -87.749336316 43.762152713 -87.749336316 43.762152713
POLYGON_POINT -87.749241309 43.762152284 -87.749241309 43.762152284
POLYGON_POINT -87.749229463 43.762346510 -87.749221496 43.762393688
POLYGON_POINT -87.749165550 43.762503561 -87.749165550 43.762503561
POLYGON_POINT -87.748734320 43.762515675 -87.748734320 43.762515675
POLYGON_POINT -87.748673145 43.762509058 -87.748658806 43.762498701
POLYGON_POINT -87.748668387 43.762151766 -87.748668387 43.762151766
POLYGON_POINT -87.748578294 43.762151080 -87.748578294 43.762151080
POLYGON_POINT -87.748584442 43.762274247 -87.748584442 43.762274247
POLYGON_POINT -87.748595889 43.762544469 -87.748621381 43.762577839
POLYGON_POINT -87.748652943 43.762571240 -87.748652943 43.762571240
POLYGON_POINT -87.748778852 43.762583574 -87.748778852 43.762583574
POLYGON_POINT -87.748778852 43.762690782 -87.748778852 43.762690782
POLYGON_POINT -87.748597289 43.762798113 -87.748597289 43.762798113
END_WINDING
END_POLYGON
BEGIN_POLYGON 2 0 4
BEGIN_WINDING
POLYGON_POINT -87.747849207 43.764685705 -87.747849207 43.764685705
POLYGON_POINT -87.747809435 43.764655545 -87.747809435 43.764655545
POLYGON_POINT -87.747805458 43.764181612 -87.747805458 43.764181612
POLYGON_POINT -87.747819378 43.764151453 -87.747829623 43.764140817
POLYGON_POINT -87.747875489 43.764127385 -87.747875489 43.764127385
POLYGON_POINT -87.747683515 43.764125487 -87.747683515 43.764125487
POLYGON_POINT -87.747711995 43.764151453 -87.747718398 43.764160239
POLYGON_POINT -87.747725982 43.764181124 -87.747725982 43.764181124
POLYGON_POINT -87.747717960 43.764654109 -87.747717960 43.764654109
POLYGON_POINT -87.747692109 43.764684269 -87.747692109 43.764684269
END_WINDING
END_POLYGON
BEGIN_POLYGON 4 0 4
BEGIN_WINDING
POLYGON_POINT -87.748474423 43.764689166 -87.748474423 43.764689166
POLYGON_POINT -87.748419929 43.764632567 -87.748419929 43.764618759
POLYGON_POINT -87.748427883 43.764534908 -87.748427883 43.764534908
POLYGON_POINT -87.749058263 43.764542089 -87.749058263 43.764542089
POLYGON_POINT -87.749193486 43.764519110 -87.749244472 43.764500699
POLYGON_POINT -87.749280984 43.764435813 -87.749292137 43.764412799
POLYGON_POINT -87.749306835 43.764230442 -87.749306835 43.764230442
POLYGON_POINT -87.749239224 43.764226133 -87.749239224 43.764226133
POLYGON_POINT -87.749227292 43.764032252 -87.749228885 43.764003484
POLYGON_POINT -87.749267064 43.763994912 -87.749267064 43.763994912
POLYGON_POINT -87.749491773 43.764002092 -87.749491773 43.764002092
POLYGON_POINT -87.749495751 43.763914487 -87.749495751 43.763914487
POLYGON_POINT -87.749288938 43.763917359 -87.749288938 43.763917359
POLYGON_POINT -87.749195475 43.763941774 -87.749154049 43.763965939
POLYGON_POINT -87.749149738 43.764019326 -87.749149738 43.764019326
POLYGON_POINT -87.749129852 43.764198846 -87.749129852 43.764198846
POLYGON_POINT -87.749125875 43.764359696 -87.749125875 43.764359696
POLYGON_POINT -87.748525323 43.764352516 -87.748525323 43.764352516
POLYGON_POINT -87.748531289 43.764033688 -87.748531289 43.764033688
POLYGON_POINT -87.748322157 43.764031949 -87.748322157 43.764031949
POLYGON_POINT -87.748327173 43.764177304 -87.748327173 43.764177304
POLYGON_POINT -87.748254944 43.764178375 -87.748254944 43.764178375
POLYGON_POINT -87.748256865 43.764435813 -87.748256865 43.764435813
POLYGON_POINT -87.748328454 43.764434377 -87.748328454 43.764434377
POLYGON_POINT -87.748322488 43.764644056 -87.748314521 43.764669371
POLYGON_POINT -87.748281124 43.764691173 -87.748281124 43.764691173
END_WINDING
END_POLYGON
BEGIN_POLYGON 5 0 2
BEGIN_WINDING
POLYGON_POINT -87.746905713 43.761418447
POLYGON_POINT -87.746914018 43.761179155
POLYGON_POINT -87.746787228 43.761176265
POLYGON_POINT -87.746796386 43.761417492
END_WINDING
END_POLYGON
BEGIN_POLYGON 5 0 4
BEGIN_WINDING
POLYGON_POINT -87.747232958 43.762603452 -87.747232958 43.762603452
POLYGON_POINT -87.747231336 43.762387895 -87.747231336 43.762387895
POLYGON_POINT -87.746927570 43.762387745 -87.746927570 43.762387745
POLYGON_POINT -87.746916303 43.762302421 -87.746916303 43.762302421
POLYGON_POINT -87.746759090 43.762300092 -87.746759090 43.762300092
POLYGON_POINT -87.746761357 43.762180675 -87.746761357 43.762180675
POLYGON_POINT -87.746908497 43.762182449 -87.746908497 43.762182449
POLYGON_POINT -87.746878375 43.762048559 -87.746859256 43.762025545
POLYGON_POINT -87.746814943 43.761991292 -87.746784671 43.761984388
POLYGON_POINT -87.746747546 43.761988429 -87.746747546 43.761988429
POLYGON_POINT -87.746705704 43.761935553 -87.746705704 43.761935553
POLYGON_POINT -87.746685398 43.761935201 -87.746685398 43.761935201
POLYGON_POINT -87.746717240 43.761988803 -87.746717240 43.761988803
POLYGON_POINT -87.746493818 43.761976976 -87.746482665 43.761959715
POLYGON_POINT -87.746477960 43.761931163 -87.746477960 43.761931163
POLYGON_POINT -87.746494559 43.761174579 -87.746494559 43.761174579
POLYGON_POINT -87.746382812 43.761176854 -87.746382812 43.761176854
POLYGON_POINT -87.746374742 43.762414309 -87.746374742 43.762414309
POLYGON_POINT -87.745947624 43.762411029 -87.745947624 43.762411029
POLYGON_POINT -87.745947400 43.762442391 -87.745947400 43.762442391
POLYGON_POINT -87.746374742 43.762448508 -87.746374742 43.762448508
POLYGON_POINT -87.746386131 43.762497875 -87.746386131 43.762497875
POLYGON_POINT -87.746426421 43.762572545 -87.746460230 43.762591967
POLYGON_POINT -87.746680149 43.762589725 -87.746680149 43.762589725
END_WINDING
END_POLYGON
BEGIN_POLYGON 5 0 4
BEGIN_WINDING
POLYGON_POINT -87.745938786 43.763133754 -87.745938786 43.763133754
POLYGON_POINT -87.745954644 43.763033538 -87.745954644 43.763033538
POLYGON_POINT -87.745938786 43.762941912 -87.745938786 43.762941912
POLYGON_POINT -87.745950679 43.762386429 -87.745950679 43.762386429
POLYGON_POINT -87.745891211 43.762306257 -87.745869082 43.762288677
POLYGON_POINT -87.745803991 43.762283350 -87.745807956 43.762283350
POLYGON_POINT -87.745892781 43.761177978 -87.745892781 43.761177978
POLYGON_POINT -87.745778272 43.761180042 -87.745778272 43.761180042
POLYGON_POINT -87.745740562 43.761533163 -87.745731711 43.761569122
POLYGON_POINT -87.745700917 43.761584702 -87.745679895 43.761595890
POLYGON_POINT -87.745488309 43.761608075 -87.745488309 43.761608075
POLYGON_POINT -87.745324290 43.761610472 -87.745324290 43.761610472
POLYGON_POINT -87.745316361 43.762349206 -87.745316361 43.762349206
POLYGON_POINT -87.745780207 43.762352070 -87.745780207 43.762352070
POLYGON_POINT -87.745847604 43.762369250 -87.745867520 43.762384432
POLYGON_POINT -87.745835710 43.762953365 -87.745835710 43.762953365
POLYGON_POINT -87.745408006 43.762956494 -87.745408006 43.762956494
POLYGON_POINT -87.745399615 43.763159524 -87.745399615 43.763159524
END_WINDING
END_POLYGON
FILTER -1
FILTER 0
FILTER -1
FILTER 0
FILTER -1
FILTER 0
FILTER -1
FILTER 0
FILTER -1
FILTER 0
BEGIN_POLYGON 6 10 3
BEGIN_WINDING
POLYGON_POINT -87.746766463 43.762293018 0.000000000
POLYGON_POINT -87.746926297 43.762296592 0.000000000
POLYGON_POINT -87.746934695 43.762382359 0.000000000
POLYGON_POINT -87.747241472 43.762382359 0.000000000
POLYGON_POINT -87.747251368 43.762603923 0.000000000
POLYGON_POINT -87.747313506 43.762604089 0.000000000
POLYGON_POINT -87.747313506 43.762764821 0.000000000
POLYGON_POINT -87.747073240 43.762764737 0.000000000
POLYGON_POINT -87.747073240 43.762864798 0.000000000
POLYGON_POINT -87.747719243 43.762856737 0.000000000
POLYGON_POINT -87.747718437 43.762437458 0.000000000
POLYGON_POINT -87.747598421 43.762436129 0.000000000
POLYGON_POINT -87.747601066 43.762298586 0.000000000
POLYGON_POINT -87.748035694 43.762301914 0.000000000
POLYGON_POINT -87.748036692 43.762112758 0.000000000
POLYGON_POINT -87.747751117 43.762110763 0.000000000
POLYGON_POINT -87.747749277 43.762081508 0.000000000
POLYGON_POINT -87.747553196 43.762082174 0.000000000
POLYGON_POINT -87.747552621 43.761997155 0.000000000
POLYGON_POINT -87.747422821 43.761996573 0.000000000
POLYGON_POINT -87.747423972 43.762081011 0.000000000
POLYGON_POINT -87.746954487 43.762082174 0.000000000
POLYGON_POINT -87.746924799 43.762189383 0.000000000
POLYGON_POINT -87.746766659 43.762184230 0.000000000
END_WINDING
END_POLYGON
BEGIN_POLYGON 6 20 3
BEGIN_WINDING
POLYGON_POINT -87.748033729 43.762436295 0.000000000
POLYGON_POINT -87.748038101 43.762711132 0.000000000
POLYGON_POINT -87.748240970 43.762707559 0.000000000
POLYGON_POINT -87.748240970 43.762464552 0.000000000
POLYGON_POINT -87.748526361 43.762458556 0.000000000
POLYGON_POINT -87.748523006 43.762336931 0.000000000
POLYGON_POINT -87.748245918 43.762339475 0.000000000
POLYGON_POINT -87.748240970 43.762085748 0.000000000
POLYGON_POINT -87.748043049 43.762089321 0.000000000
POLYGON_POINT -87.748043049 43.762302576 0.000000000
POLYGON_POINT -87.748135105 43.762302326 0.000000000
POLYGON_POINT -87.748140053 43.762436545 0.000000000
END_WINDING
END_POLYGON
BEGIN_POLYGON 6 25 3
BEGIN_WINDING
POLYGON_POINT -87.747604551 43.762433255 0.000000000
POLYGON_POINT -87.748132544 43.762432701 0.000000000
POLYGON_POINT -87.748127596 43.762305892 0.000000000
POLYGON_POINT -87.747606117 43.762301519 0.000000000
END_WINDING
END_POLYGON
BEGIN_POLYGON 7 10 3
BEGIN_WINDING
POLYGON_POINT -87.748538837 43.764341622 0.000000000
POLYGON_POINT -87.749114781 43.764345910 0.000000000
POLYGON_POINT -87.749114809 43.764191489 0.000000000
POLYGON_POINT -87.749007905 43.764191530 0.000000000
POLYGON_POINT -87.748996030 43.763947094 0.000000000
POLYGON_POINT -87.748550712 43.763938517 0.000000000
END_WINDING
END_POLYGON
BEGIN_POLYGON 8 10 3
BEGIN_WINDING
POLYGON_POINT -87.745421962 43.762905050 0.000000000
POLYGON_POINT -87.745540401 43.762904214 0.000000000
POLYGON_POINT -87.745540915 43.762949576 0.000000000
POLYGON_POINT -87.745672502 43.762946807 0.000000000
POLYGON_POINT -87.745671396 43.762903099 0.000000000
POLYGON_POINT -87.745810162 43.762905050 0.000000000
POLYGON_POINT -87.745807409 43.762465611 0.000000000
POLYGON_POINT -87.745627937 43.762466058 0.000000000
POLYGON_POINT -87.745628451 43.762360226 0.000000000
POLYGON_POINT -87.745424715 43.762364202 0.000000000
POLYGON_POINT -87.745419209 43.762464831 0.000000000
POLYGON_POINT -87.745364659 43.762465240 0.000000000
POLYGON_POINT -87.745361392 43.762630668 0.000000000
POLYGON_POINT -87.745413162 43.762629813 0.000000000
END_WINDING
END_POLYGON
BEGIN_POLYGON 9 10 3
BEGIN_WINDING
POLYGON_POINT -87.748266013 43.763019016 0.000000000
POLYGON_POINT -87.748483516 43.763020378 0.000000000
POLYGON_POINT -87.748486409 43.762936340 0.000000000
POLYGON_POINT -87.748577125 43.762936865 0.000000000
POLYGON_POINT -87.748576551 43.762777792 0.000000000
POLYGON_POINT -87.748480329 43.762778206 0.000000000
POLYGON_POINT -87.748482063 43.762710186 0.000000000
POLYGON_POINT -87.748433958 43.762707986 0.000000000
POLYGON_POINT -87.748403673 43.762678371 0.000000000
POLYGON_POINT -87.748355428 43.762677322 0.000000000
POLYGON_POINT -87.748326583 43.762706209 0.000000000
POLYGON_POINT -87.748279779 43.762708198 0.000000000
POLYGON_POINT -87.748227468 43.762738024 0.000000000
POLYGON_POINT -87.748230221 43.762823525 0.000000000
POLYGON_POINT -87.748269926 43.762825514 0.000000000
END_WINDING
END_POLYGON
BEGIN_POLYGON 10 3 3
BEGIN_WINDING
POLYGON_POINT -87.748402273 43.763501105 0.000000000
POLYGON_POINT -87.748414148 43.763672639 0.000000000
POLYGON_POINT -87.748608127 43.763668290 0.000000000
POLYGON_POINT -87.748612048 43.763824127 0.000000000
POLYGON_POINT -87.749061343 43.763822731 0.000000000
POLYGON_POINT -87.749064093 43.763766668 0.000000000
POLYGON_POINT -87.749275095 43.763771271 0.000000000
POLYGON_POINT -87.749269158 43.763566907 0.000000000
POLYGON_POINT -87.748942592 43.763565430 0.000000000
POLYGON_POINT -87.748940603 43.763358032 0.000000000
POLYGON_POINT -87.748804039 43.763359509 0.000000000
POLYGON_POINT -87.748804180 43.763492548 0.000000000
END_WINDING
END_POLYGON
OBJECT 0 -87.746943075 43.763363674 91.414055
OBJECT 0 -87.746951387 43.763215361 91.966904
OBJECT 0 -87.746699452 43.763208875 90.312683
OBJECT 0 -87.746696698 43.763360032 90.739288
OBJECT 0 -87.746443993 43.763357041 89.821320
OBJECT 0 -87.746441884 43.763202723 89.493385
OBJECT 1 -87.746986987 43.763195417 91.145767
OBJECT 1 -87.746474693 43.763157860 90.868057
OBJECT 1 -87.746475799 43.763256149 90.369644
OBJECT 1 -87.746475799 43.763207404 91.701363
OBJECT 1 -87.746297658 43.763267336 89.612869
OBJECT 1 -87.746735819 43.763188225 89.755936
OBJECT 1 -87.746669431 43.763168248 268.929169
OBJECT 1 -87.746918386 43.763215395 271.847626
OBJECT 2 -87.746264803 43.763147421 0.000000
BEGIN_POLYGON 11 10 3
BEGIN_WINDING
POLYGON_POINT -87.747294451 43.764120233 4.000000000
POLYGON_POINT -87.748323636 43.764134527 4.000000000
POLYGON_POINT -87.748298896 43.763144633 4.000000000
POLYGON_POINT -87.747274659 43.763130338 4.000000000
END_WINDING
END_POLYGON
OBJECT 3 -87.745343718 43.761788271 91.047981
OBJECT 2 -87.745430016 43.762964862 268.655273
OBJECT 3 -87.745558808 43.761762380 90.605133
BEGIN_POLYGON 11 10 5
BEGIN_WINDING
POLYGON_POINT -87.746796386 43.761415180 4.000000000 -87.746796386 43.761415180
POLYGON_POINT -87.746792950 43.761874292 4.000000000 -87.746792950 43.761874292
POLYGON_POINT -87.746858236 43.761956187 4.000000000 -87.746929933 43.761990708
POLYGON_POINT -87.747074712 43.761985967 4.000000000 -87.747074712 43.761985967
POLYGON_POINT -87.748466341 43.761983486 4.000000000 -87.748466341 43.761983486
POLYGON_POINT -87.748480085 43.761482185 4.000000000 -87.748480085 43.761482185
POLYGON_POINT -87.748480085 43.761439997 4.000000000 -87.748480085 43.761439997
END_WINDING
END_POLYGON
OBJECT 4 -87.749383145 43.763763432 0.000000
OBJECT 4 -87.749389752 43.763634583 0.000000
OBJECT 4 -87.747936053 43.764555615 0.000000
OBJECT 4 -87.748091335 43.764276442 0.000000
OBJECT 4 -87.747995523 43.764262126 180.000000
OBJECT 4 -87.747916230 43.764290759 0.000000
OBJECT 4 -87.749303822 43.761382111 0.000000
OBJECT 4 -87.747503266 43.761353478 270.000000
OBJECT 4 -87.747050649 43.761320073 0.000000
OBJECT 4 -87.747952579 43.761308143 0.000000
OBJECT 4 -87.748104552 43.761334390 0.000000
OBJECT 5 -87.748996571 43.761343934 0.000000
OBJECT 5 -87.748841294 43.761336776 0.000000
OBJECT 5 -87.746254437 43.762711165 187.124817
OBJECT 5 -87.746422929 43.762840014 176.186035
OBJECT 5 -87.746531954 43.762856717 0.000000
OBJECT 5 -87.746495613 43.762921141 0.000000
OBJECT 5 -87.746264348 43.762861489 0.000000
OBJECT 4 -87.746109070 43.762682532 0.000000
OBJECT 4 -87.746079336 43.762601405 0.000000
OBJECT 4 -87.746076039 43.762054990 0.000000
OBJECT 4 -87.746003357 43.762095553 0.000000
OBJECT 4 -87.746181759 43.762083623 0.000000
OBJECT 4 -87.746052913 43.761797292 0.000000
OBJECT 4 -87.746016572 43.761749570 0.000000
OBJECT 4 -87.746016572 43.761685145 0.000000
OBJECT 4 -87.746118988 43.761568227 0.000000
OBJECT 4 -87.746105773 43.761444150 0.000000
OBJECT 4 -87.746016572 43.761374953 0.000000
OBJECT 0 -87.749098237 43.761742895 270.000000
OBJECT 0 -87.748849954 43.762522494 358.549774
OBJECT 0 -87.748836675 43.761941390 90.504852
OBJECT 0 -87.748900409 43.763068118 270.000000
OBJECT 0 -87.749110193 43.762929075 89.427071
OBJECT 0 -87.749305371 43.763221545 89.292686
OBJECT 0 -87.749305371 43.763053734 90.000000
OBJECT 3 -87.749061066 43.762517700 358.295258
OBJECT 0 -87.745343202 43.761897105 90.000000
OBJECT 0 -87.745339625 43.762053755 90.553566
OBJECT 0 -87.745552320 43.762203159 270.603088
OBJECT 0 -87.745557631 43.762019474 91.051170
OBJECT 0 -87.745560397 43.761899316 270.000000
OBJECT 0 -87.745817718 43.761843299 272.746948
OBJECT 0 -87.745806912 43.761990813 272.063690
OBJECT 2 -87.748594919 43.764360873 270.279480
OBJECT 2 -87.748742297 43.761464300 270.609497
OBJECT 2 -87.748840562 43.761587718 0.000000
OBJECT 2 -87.749100031 43.761812956 0.000000
OBJECT 2 -87.749304074 43.762702577 359.898224
OBJECT 2 -87.749114151 43.763021179 359.155426
OBJECT 6 -87.749110193 43.762687428 0.000000
OBJECT 6 -87.748901737 43.762795786 0.000000
OBJECT 6 -87.748903064 43.763127571 0.000000
OBJECT 6 -87.748600338 43.763043186 180.468216
OBJECT 2 -87.748594067 43.763345352 180.790344
OBJECT 6 -87.745801126 43.762066731 1.448343
OBJECT 6 -87.745330299 43.762332196 181.262497
OBJECT 6 -87.746612945 43.762334683 178.967773
OBJECT 6 -87.746598923 43.762147732 0.000000
OBJECT 1 -87.749059804 43.761662688 270.000000
OBJECT 1 -87.749133989 43.761763849 90.511559
OBJECT 1 -87.748799273 43.761966656 269.283844
OBJECT 1 -87.748875083 43.761917415 88.658493
OBJECT 1 -87.748924196 43.762548164 180.000000
OBJECT 1 -87.749076980 43.762933214 270.000000
OBJECT 1 -87.748855134 43.762548079 180.666199
OBJECT 1 -87.748619092 43.764508613 0.000000
OBJECT 1 -87.748491120 43.764308401 270.000000
OBJECT 1 -87.748485809 43.764276228 268.363403
OBJECT 1 -87.748301286 43.764197095 90.000000
OBJECT 1 -87.747683573 43.762899235 180.000000
OBJECT 1 -87.747778011 43.762811848 91.287346
OBJECT 1 -87.747774177 43.762728893 90.861534
OBJECT 1 -87.747638243 43.762898702 181.516464
OBJECT 1 -87.745518764 43.762172586 269.518524
OBJECT 1 -87.745589429 43.762199214 90.355873
OBJECT 1 -87.745591771 43.762099424 90.000000
OBJECT 1 -87.747172291 43.762413570 270.000000
OBJECT 1 -87.746636032 43.762555472 0.000000
OBJECT 1 -87.746704825 43.762557840 0.000000
FILTER -1
OBJECT_DEF lib/airport/Common_Elements/Parking/6_CarStop.obj
OBJECT_DEF lib/cars/car.obj
OBJECT_DEF lib/airport/Common_Elements/Parking_Items/Row_of_Cars_10.agp
OBJECT_DEF lib/airport/Common_Elements/Parking/4_CarStop.obj
OBJECT_DEF lib/g10/forests/autogen_tree2.obj
OBJECT_DEF lib/g10/forests/autogen_tree3.obj
OBJECT_DEF lib/airport/Common_Elements/Parking_Items/Row_of_Cars_6.agp
POLYGON_DEF lib/g8/orch_hot_dry.for
POLYGON_DEF lib/airport/pavement/asphalt_5L.pol
POLYGON_DEF lib/airport/pavement/asphalt_2L.pol
POLYGON_DEF lib/airport/pavement/asphalt_1D.pol
POLYGON_DEF lib/airport/pavement/asphalt_4L.pol
POLYGON_DEF lib/airport/pavement/asphalt_3L.pol
POLYGON_DEF lib/buildings/facades/generic/high_modern_07.fac
POLYGON_DEF lib/buildings/facades/commercial/low_commercial_08.fac
POLYGON_DEF lib/buildings/facades/generic/mid_modern_04.fac
POLYGON_DEF lib/buildings/facades/generic/mid_modern_03.fac
POLYGON_DEF lib/buildings/facades/generic/mid_classic_01.fac
POLYGON_DEF lib/airport/Common_Elements/Fence_Facades/Fenced_Parking.fac
PROPERTY sim/filter/aptid WS56
PROPERTY sim/exclude_obj -87.749448/43.761087/-87.745792/43.763769
PROPERTY sim/exclude_fac -87.749448/43.761087/-87.745792/43.763769
PROPERTY sim/exclude_for -87.749448/43.761087/-87.745792/43.763769
PROPERTY sim/exclude_bch -87.749448/43.761087/-87.745792/43.763769
PROPERTY sim/exclude_lin -87.749448/43.761087/-87.745792/43.763769
PROPERTY sim/exclude_pol -87.749448/43.761087/-87.745792/43.763769
PROPERTY sim/exclude_str -87.749448/43.761087/-87.745792/43.763769
PROPERTY sim/require_agpoint 1/0
PROPERTY sim/require_object 1/0
PROPERTY sim/require_facade 1/6
PROPERTY sim/require_facade 6/0
