PROPERTY sim/west -180
PROPERTY sim/east 180
PROPERTY sim/north 90
PROPERTY sim/south -90
PROPERTY sim/planet earth
PROPERTY sim/creation_agent WorldEditor2.2.0r2
PROPERTY laminar/internal_revision 0
PROPERTY sim/overlay 1
FILTER 0
BEGIN_POLYGON 0 0 4
BEGIN_WINDING
POLYGON_POINT -80.697204695 43.063194815 -80.697204695 43.063194815
POLYGON_POINT -80.697118590 43.062985650 -80.697118171 43.062983534
POLYGON_POINT -80.697118590 43.062985650 -80.697118590 43.062985650
POLYGON_POINT -80.697118590 43.062985650 -80.697117990 43.062982620
POLYGON_POINT -80.697134620 43.062966560 -80.697145910 43.062956590
POLYGON_POINT -80.697165500 43.062952250 -80.697165500 43.062952250
POLYGON_POINT -80.697237360 43.062938800 -80.697237360 43.062938800
POLYGON_POINT -80.697219540 43.062879790 -80.697219540 43.062879790
POLYGON_POINT -80.697127500 43.062894980 -80.697082960 43.062898450
POLYGON_POINT -80.697082360 43.062889340 -80.697082360 43.062889340
POLYGON_POINT -80.697050890 43.062783040 -80.697050890 43.062779130
POLYGON_POINT -80.697072860 43.062753540 -80.697085330 43.062740960
POLYGON_POINT -80.697072860 43.062753540 -80.697072860 43.062753540
POLYGON_POINT -80.697072860 43.062753540 -80.697085331 43.062740958
POLYGON_POINT -80.697098920 43.062749755 -80.697098920 43.062749755
POLYGON_POINT -80.697107310 43.062761780 -80.697107310 43.062761780
POLYGON_POINT -80.697193320 43.062745130 -80.697193320 43.062745130
POLYGON_POINT -80.697178790 43.062709670 -80.697169280 43.062700130
POLYGON_POINT -80.697144120 43.062684990 -80.697129280 43.062676310
POLYGON_POINT -80.697130890 43.062662030 -80.697130890 43.062662030
POLYGON_POINT -80.697088900 43.062535740 -80.697088900 43.062535740
POLYGON_POINT -80.697069300 43.062530970 -80.697062170 43.062527490
POLYGON_POINT -80.697062400 43.062509640 -80.697062400 43.062509640
POLYGON_POINT -80.697117270 43.062350290 -80.697117270 43.062350290
POLYGON_POINT -80.697133050 43.062287030 -80.697133050 43.062267250
POLYGON_POINT -80.697118610 43.062191160 -80.697110410 43.062165500
POLYGON_POINT -80.697058780 43.062023020 -80.697058780 43.062023020
POLYGON_POINT -80.697058050 43.062014144 -80.697058980 43.062008254
POLYGON_POINT -80.697060027 43.061989137 -80.697060027 43.061989137
POLYGON_POINT -80.697013580 43.061996440 -80.697013580 43.061996440
POLYGON_POINT -80.697020690 43.062006070 -80.697024650 43.062010950
POLYGON_POINT -80.697028420 43.062020620 -80.697028420 43.062020620
POLYGON_POINT -80.697093110 43.062201470 -80.697106670 43.062245260
POLYGON_POINT -80.697106980 43.062299340 -80.697103870 43.062317370
POLYGON_POINT -80.697075120 43.062406200 -80.697058860 43.062443620
POLYGON_POINT -80.697044180 43.062485190 -80.697035310 43.062505920
POLYGON_POINT -80.697030360 43.062550780 -80.697030360 43.062550780
POLYGON_POINT -80.697060500 43.062675150 -80.697060500 43.062675150
POLYGON_POINT -80.697051640 43.062701060 -80.697037450 43.062712720
POLYGON_POINT -80.697012630 43.062691990 -80.697012630 43.062691990
POLYGON_POINT -80.696838860 43.062178970 -80.696838860 43.062178970
POLYGON_POINT -80.696830440 43.062105560 -80.696830440 43.062105560
POLYGON_POINT -80.696828660 43.062064100 -80.696828660 43.062057630
POLYGON_POINT -80.696828660 43.062064100 -80.696828660 43.062064100
POLYGON_POINT -80.696828660 43.062064100 -80.696828660 43.062057622
POLYGON_POINT -80.696859274 43.062020779 -80.696859274 43.062020779
POLYGON_POINT -80.696644470 43.062059280 -80.696644470 43.062059280
POLYGON_POINT -80.696672140 43.062060840 -80.696682780 43.062062390
POLYGON_POINT -80.696724690 43.062078950 -80.696736490 43.062084470
POLYGON_POINT -80.696766250 43.062103800 -80.696766250 43.062103800
POLYGON_POINT -80.697143485 43.063209156 -80.697143485 43.063209156
END_WINDING
END_POLYGON
BEGIN_POLYGON 0 0 4
BEGIN_WINDING
POLYGON_POINT -80.697480621 43.063742415 -80.697480621 43.063742415
POLYGON_POINT -80.697538430 43.063742400 -80.697538430 43.063742400
POLYGON_POINT -80.697538430 43.063731990 -80.697538430 43.063731990
POLYGON_POINT -80.697522750 43.063727300 -80.697517760 43.063725220
POLYGON_POINT -80.697512770 43.063714810 -80.697512770 43.063714810
POLYGON_POINT -80.697484270 43.063715330 -80.697474290 43.063715330
POLYGON_POINT -80.697475000 43.063709600 -80.697475000 43.063709600
POLYGON_POINT -80.697475710 43.063680970 -80.697475710 43.063680970
POLYGON_POINT -80.697469300 43.063635670 -80.697469300 43.063635670
POLYGON_POINT -80.697460040 43.063637750 -80.697460040 43.063637750
POLYGON_POINT -80.697430110 43.063609120 -80.697428680 43.063601830
POLYGON_POINT -80.697440080 43.063591940 -80.697440080 43.063591940
POLYGON_POINT -80.697412290 43.063549770 -80.697412290 43.063549770
POLYGON_POINT -80.697400890 43.063547680 -80.697396610 43.063546120
POLYGON_POINT -80.697381780 43.063531850 -80.697381780 43.063531850
POLYGON_POINT -80.697310850 43.063426910 -80.697293120 43.063401000
POLYGON_POINT -80.697239930 43.063289590 -80.697239930 43.063289590
POLYGON_POINT -80.697470530 43.063178210 -80.697470530 43.063178210
POLYGON_POINT -80.697500410 43.063146830 -80.697500410 43.063146830
POLYGON_POINT -80.697227510 43.063252020 -80.697227510 43.063252020
POLYGON_POINT -80.697204695 43.063194815 -80.697204695 43.063194815
POLYGON_POINT -80.697143485 43.063209156 -80.697143485 43.063209156
POLYGON_POINT -80.697130720 43.063244910 -80.697126460 43.063252690
POLYGON_POINT -80.697111570 43.063255790 -80.697111570 43.063255790
POLYGON_POINT -80.697028580 43.063272890 -80.697028580 43.063272890
POLYGON_POINT -80.696979640 43.063251130 -80.696943470 43.063235580
POLYGON_POINT -80.696864740 43.063241800 -80.696864740 43.063241800
POLYGON_POINT -80.696886020 43.063311760 -80.696886020 43.063311760
POLYGON_POINT -80.696911550 43.063310210 -80.696924320 43.063310210
POLYGON_POINT -80.696953780 43.063315290 -80.696953780 43.063315290
POLYGON_POINT -80.696980530 43.063420990 -80.696984790 43.063425650
POLYGON_POINT -80.696969890 43.063447420 -80.696969890 43.063447420
POLYGON_POINT -80.696925897 43.063479927 -80.696925897 43.063479927
POLYGON_POINT -80.697063517 43.063823632 -80.697063517 43.063823632
POLYGON_POINT -80.697063517 43.063823632 -80.697080540 43.063815859
POLYGON_POINT -80.697116715 43.063804977 -80.697116715 43.063804977
POLYGON_POINT -80.697431340 43.063750783 -80.697431340 43.063750783
END_WINDING
BEGIN_WINDING
POLYGON_POINT -80.697064889 43.063717440 -80.697064889 43.063717440
POLYGON_POINT -80.697064889 43.063717440 -80.697063459 43.063713880
POLYGON_POINT -80.697069970 43.063693700 -80.697068420 43.063682790
POLYGON_POINT -80.697069970 43.063693700 -80.697069970 43.063693700
POLYGON_POINT -80.697069970 43.063693700 -80.697065870 43.063664750
POLYGON_POINT -80.697036280 43.063597930 -80.697021870 43.063576900
POLYGON_POINT -80.697036280 43.063597930 -80.697036280 43.063597930
POLYGON_POINT -80.697036280 43.063597930 -80.697030330 43.063589250
POLYGON_POINT -80.697004830 43.063601350 -80.696998470 43.063599860
POLYGON_POINT -80.697004830 43.063601350 -80.697004830 43.063601350
POLYGON_POINT -80.697004830 43.063601350 -80.696977260 43.063594900
POLYGON_POINT -80.696976910 43.063563720 -80.696975400 43.063548940
POLYGON_POINT -80.696976910 43.063563720 -80.696976910 43.063563720
POLYGON_POINT -80.696976910 43.063563720 -80.696972060 43.063516160
POLYGON_POINT -80.697046060 43.063448490 -80.697066860 43.063435750
POLYGON_POINT -80.697046060 43.063448490 -80.697046060 43.063448490
POLYGON_POINT -80.697046060 43.063448490 -80.697096180 43.063417800
POLYGON_POINT -80.697234400 43.063454740 -80.697270690 43.063481250
POLYGON_POINT -80.697337380 43.063539960 -80.697347480 43.063557700
POLYGON_POINT -80.697390910 43.063694330 -80.697379210 43.063712290
POLYGON_POINT -80.697235630 43.063758350 -80.697142150 43.063777160
POLYGON_POINT -80.697064889 43.063717440 -80.697049989 43.063680320
END_WINDING
END_POLYGON
BEGIN_POLYGON 0 0 4
BEGIN_WINDING
POLYGON_POINT -80.697556550 43.064123050 -80.697556550 43.064123050
POLYGON_POINT -80.697826960 43.064083100 -80.697886070 43.064064750
POLYGON_POINT -80.698150580 43.063866110 -80.698150580 43.063866110
POLYGON_POINT -80.698154130 43.063722370 -80.698148220 43.063693220
POLYGON_POINT -80.698049220 43.063637080 -80.697998980 43.063620890
POLYGON_POINT -80.697911790 43.063618730 -80.697911790 43.063618730
POLYGON_POINT -80.697860070 43.063621970 -80.697843820 43.063631680
POLYGON_POINT -80.697845300 43.063667310 -80.697834950 43.063679190
POLYGON_POINT -80.697814270 43.063675950 -80.697814270 43.063675950
POLYGON_POINT -80.697681270 43.063687820 -80.697681270 43.063687820
POLYGON_POINT -80.697669450 43.063715890 -80.697669450 43.063715890
POLYGON_POINT -80.697925090 43.063702940 -80.697966470 43.063705100
POLYGON_POINT -80.697979770 43.063767710 -80.697988560 43.063815040
POLYGON_POINT -80.697976810 43.063921010 -80.697949290 43.063961300
POLYGON_POINT -80.697817220 43.064010620 -80.697734470 43.064035450
POLYGON_POINT -80.697690820 43.064017270 -80.697678170 43.064014820
POLYGON_POINT -80.697605410 43.063980330 -80.697582610 43.063964710
POLYGON_POINT -80.697577620 43.063940760 -80.697577620 43.063940760
POLYGON_POINT -80.697556950 43.063810080 -80.697556950 43.063810080
POLYGON_POINT -80.697510630 43.063795510 -80.697492100 43.063784570
POLYGON_POINT -80.697480621 43.063742415 -80.697480621 43.063742415
POLYGON_POINT -80.697431340 43.063750783 -80.697431340 43.063750783
POLYGON_POINT -80.697514620 43.063975980 -80.697518880 43.063979090
POLYGON_POINT -80.697514624 43.064022623 -80.697510374 43.064045943
POLYGON_POINT -80.697514624 43.064022623 -80.697514624 43.064022623
END_WINDING
END_POLYGON
BEGIN_POLYGON 1 255 2
BEGIN_WINDING
POLYGON_POINT -80.693913939 43.061245730
POLYGON_POINT -80.692785762 43.061408133
POLYGON_POINT -80.693154831 43.062489803
POLYGON_POINT -80.694299783 43.062287564
END_WINDING
END_POLYGON
BEGIN_POLYGON 1 511 2
BEGIN_WINDING
POLYGON_POINT -80.696733183 43.061728399
POLYGON_POINT -80.695824417 43.059110148
POLYGON_POINT -80.695668629 43.059167066
POLYGON_POINT -80.696525465 43.061804291
END_WINDING
END_POLYGON
BEGIN_POLYGON 1 511 2
BEGIN_WINDING
POLYGON_POINT -80.696320017 43.061875737
POLYGON_POINT -80.693116285 43.062409470
POLYGON_POINT -80.693116285 43.062500967
POLYGON_POINT -80.696320023 43.061951984
END_WINDING
END_POLYGON
BEGIN_POLYGON 1 511 2
BEGIN_WINDING
POLYGON_POINT -80.696528736 43.062089230
POLYGON_POINT -80.694723374 43.062340847
POLYGON_POINT -80.694745649 43.062411389
POLYGON_POINT -80.696549607 43.062165477
END_WINDING
END_POLYGON
BEGIN_POLYGON 1 511 2
BEGIN_WINDING
POLYGON_POINT -80.698357479 43.063487556
POLYGON_POINT -80.697834070 43.061910096
POLYGON_POINT -80.697728383 43.061913774
POLYGON_POINT -80.698287023 43.063505942
END_WINDING
END_POLYGON
BEGIN_POLYGON 1 511 2
BEGIN_WINDING
POLYGON_POINT -80.705806341 43.073131347
POLYGON_POINT -80.703351377 43.065845198
POLYGON_POINT -80.703243178 43.065845198
POLYGON_POINT -80.705761205 43.073142878
END_WINDING
END_POLYGON
BEGIN_POLYGON 1 255 2
BEGIN_WINDING
POLYGON_POINT -80.689957706 43.060538309
POLYGON_POINT -80.688649268 43.060429025
POLYGON_POINT -80.688424964 43.059363511
POLYGON_POINT -80.681322014 43.054800923
POLYGON_POINT -80.680462183 43.054773602
POLYGON_POINT -80.680499567 43.053790050
POLYGON_POINT -80.681396781 43.053516841
POLYGON_POINT -80.681733237 43.052970424
POLYGON_POINT -80.681284630 43.052041513
POLYGON_POINT -80.679490200 43.052314722
POLYGON_POINT -80.679714504 43.052997744
POLYGON_POINT -80.676872560 43.053571483
POLYGON_POINT -80.677657690 43.055675191
POLYGON_POINT -80.680087853 43.055183415
POLYGON_POINT -80.680611273 43.056303572
POLYGON_POINT -80.679190562 43.056686064
POLYGON_POINT -80.678854078 43.056276251
POLYGON_POINT -80.677807238 43.056276251
POLYGON_POINT -80.677582916 43.057560332
POLYGON_POINT -80.679190562 43.057560332
POLYGON_POINT -80.679713982 43.058461922
POLYGON_POINT -80.680087853 43.059500115
POLYGON_POINT -80.680013079 43.060483667
POLYGON_POINT -80.682443243 43.060647592
POLYGON_POINT -80.683328011 43.063862051
POLYGON_POINT -80.690655889 43.062860456
END_WINDING
END_POLYGON
BEGIN_POLYGON 1 255 2
BEGIN_WINDING
POLYGON_POINT -80.686780204 43.066904075
POLYGON_POINT -80.687714935 43.066466941
POLYGON_POINT -80.687640157 43.065647314
POLYGON_POINT -80.688387942 43.065428747
POLYGON_POINT -80.688799223 43.064718404
POLYGON_POINT -80.688574888 43.063434323
POLYGON_POINT -80.681844824 43.064390554
POLYGON_POINT -80.682031770 43.064773046
POLYGON_POINT -80.683639507 43.064609121
POLYGON_POINT -80.684125568 43.065483389
POLYGON_POINT -80.685695916 43.065155539
POLYGON_POINT -80.685995030 43.065975165
POLYGON_POINT -80.684275125 43.066357658
POLYGON_POINT -80.684686406 43.067505135
POLYGON_POINT -80.685322023 43.067832985
POLYGON_POINT -80.686742815 43.067860306
END_WINDING
END_POLYGON
BEGIN_POLYGON 1 255 2
BEGIN_WINDING
POLYGON_POINT -80.696352196 43.068570649
POLYGON_POINT -80.697698287 43.068297440
POLYGON_POINT -80.697084343 43.066541899
POLYGON_POINT -80.692389174 43.067637976
POLYGON_POINT -80.692820885 43.068881908
POLYGON_POINT -80.694036787 43.068884649
POLYGON_POINT -80.696158100 43.070218081
POLYGON_POINT -80.699493074 43.070647037
END_WINDING
END_POLYGON
BEGIN_POLYGON 1 511 2
BEGIN_WINDING
POLYGON_POINT -80.703146532 43.065286970
POLYGON_POINT -80.701788818 43.061395614
POLYGON_POINT -80.701716967 43.061400608
POLYGON_POINT -80.703075999 43.065289414
END_WINDING
END_POLYGON
BEGIN_POLYGON 2 0 4
BEGIN_WINDING
POLYGON_POINT -80.698294804 43.063691201 -80.698294804 43.063691201
POLYGON_POINT -80.698049217 43.063637083 -80.698049217 43.063637083
POLYGON_POINT -80.698049217 43.063637083 -80.698099458 43.063653277
POLYGON_POINT -80.698154132 43.063722370 -80.698160043 43.063751519
POLYGON_POINT -80.698150576 43.063866106 -80.698150576 43.063866106
POLYGON_POINT -80.698202940 43.063883630 -80.698202940 43.063883630
END_WINDING
END_POLYGON
BEGIN_POLYGON 2 0 4
BEGIN_WINDING
POLYGON_POINT -80.697979766 43.063767713 -80.697979766 43.063767713
POLYGON_POINT -80.697979766 43.063767713 -80.697970968 43.063720381
POLYGON_POINT -80.697925091 43.063702938 -80.697883716 43.063700779
POLYGON_POINT -80.697669453 43.063715893 -80.697669453 43.063715893
POLYGON_POINT -80.697681274 43.063687823 -80.697681274 43.063687823
POLYGON_POINT -80.697512770 43.063714807 -80.697512770 43.063714807
POLYGON_POINT -80.697522747 43.063727303 -80.697527735 43.063729386
POLYGON_POINT -80.697538425 43.063731988 -80.697538425 43.063731988
POLYGON_POINT -80.697538425 43.063742401 -80.697538425 43.063742401
POLYGON_POINT -80.697483553 43.063741880 -80.697483553 43.063741880
POLYGON_POINT -80.697510633 43.063795506 -80.697529161 43.063806439
POLYGON_POINT -80.697556953 43.063810084 -80.697556953 43.063810084
POLYGON_POINT -80.697577619 43.063940763 -80.697577619 43.063940763
POLYGON_POINT -80.697605411 43.063980332 -80.697628215 43.063995951
POLYGON_POINT -80.697690818 43.064017271 -80.697703467 43.064019719
POLYGON_POINT -80.697817221 43.064010621 -80.697899972 43.063985790
POLYGON_POINT -80.697976811 43.063921015 -80.698004333 43.063880730
POLYGON_POINT -80.697979766 43.063767713 -80.697970968 43.063720381
END_WINDING
END_POLYGON
BEGIN_POLYGON 2 0 4
BEGIN_WINDING
POLYGON_POINT -80.697390915 43.063694330 -80.697390915 43.063694330
POLYGON_POINT -80.697390915 43.063694330 -80.697402620 43.063676371
POLYGON_POINT -80.697337378 43.063539964 -80.697327272 43.063522230
POLYGON_POINT -80.697234403 43.063454740 -80.697198118 43.063428230
POLYGON_POINT -80.697046058 43.063448487 -80.696995932 43.063479170
POLYGON_POINT -80.697046058 43.063448487 -80.697046058 43.063448487
POLYGON_POINT -80.697046058 43.063448487 -80.697025251 43.063461224
POLYGON_POINT -80.696976906 43.063563719 -80.696981749 43.063611277
POLYGON_POINT -80.696976906 43.063563719 -80.696976906 43.063563719
POLYGON_POINT -80.696976906 43.063563719 -80.696978412 43.063578502
POLYGON_POINT -80.697004831 43.063601346 -80.697032404 43.063607794
POLYGON_POINT -80.697004831 43.063601346 -80.697004831 43.063601346
POLYGON_POINT -80.697004831 43.063601346 -80.697011192 43.063602834
POLYGON_POINT -80.697036280 43.063597926 -80.697042232 43.063606607
POLYGON_POINT -80.697036280 43.063597926 -80.697036280 43.063597926
POLYGON_POINT -80.697036280 43.063597926 -80.697050693 43.063618949
POLYGON_POINT -80.697069971 43.063693704 -80.697074074 43.063722660
POLYGON_POINT -80.697069971 43.063693704 -80.697069971 43.063693704
POLYGON_POINT -80.697069971 43.063693704 -80.697071518 43.063704620
POLYGON_POINT -80.697064889 43.063717440 -80.697066320 43.063721004
POLYGON_POINT -80.697064889 43.063717440 -80.697064889 43.063717440
POLYGON_POINT -80.697064889 43.063717440 -80.697079791 43.063754557
POLYGON_POINT -80.697235632 43.063758352 -80.697329110 43.063739546
POLYGON_POINT -80.697390915 43.063694330 -80.697402620 43.063676371
END_WINDING
END_POLYGON
BEGIN_POLYGON 3 0 4
BEGIN_WINDING
POLYGON_POINT -80.697030359 43.062550778 -80.697030359 43.062550778
POLYGON_POINT -80.697044177 43.062485188 -80.697053043 43.062464460
POLYGON_POINT -80.697075116 43.062406204 -80.697091373 43.062368790
POLYGON_POINT -80.697106976 43.062299341 -80.697110080 43.062281311
POLYGON_POINT -80.697093108 43.062201466 -80.697079547 43.062157669
POLYGON_POINT -80.697028420 43.062020624 -80.697028420 43.062020624
POLYGON_POINT -80.697020688 43.062006072 -80.697016730 43.062001191
POLYGON_POINT -80.697012826 43.062001971 -80.697012826 43.062001971
POLYGON_POINT -80.697013580 43.061996440 -80.697013580 43.061996440
POLYGON_POINT -80.696859274 43.062020779 -80.696859274 43.062020779
POLYGON_POINT -80.696828660 43.062064100 -80.696828660 43.062070578
POLYGON_POINT -80.696828660 43.062064100 -80.696828660 43.062064100
POLYGON_POINT -80.696830741 43.062104677 -80.696830741 43.062104677
POLYGON_POINT -80.696840105 43.062178221 -80.696840105 43.062178221
POLYGON_POINT -80.697012627 43.062691988 -80.697012627 43.062691988
POLYGON_POINT -80.697051637 43.062701057 -80.697065822 43.062689397
POLYGON_POINT -80.697060503 43.062675147 -80.697060503 43.062675147
END_WINDING
END_POLYGON
BEGIN_POLYGON 4 0 2
BEGIN_WINDING
POLYGON_POINT -80.701701064 43.061279107
POLYGON_POINT -80.697804828 43.061885319
POLYGON_POINT -80.697795649 43.061912776
POLYGON_POINT -80.698138970 43.062868879
POLYGON_POINT -80.698352274 43.063462900
POLYGON_POINT -80.698294804 43.063691201
POLYGON_POINT -80.698202534 43.063884247
POLYGON_POINT -80.697905930 43.064384560
POLYGON_POINT -80.703175830 43.065344760
END_WINDING
END_POLYGON
BEGIN_POLYGON 4 80 4
BEGIN_WINDING
POLYGON_POINT -80.703299830 43.065734620 -80.703299830 43.065734620
POLYGON_POINT -80.696793230 43.064576730 -80.696793230 43.064576730
POLYGON_POINT -80.696642504 43.064109268 -80.696642504 43.064109268
POLYGON_POINT -80.696429852 43.063654288 -80.696429852 43.063654288
POLYGON_POINT -80.696422570 43.063563851 -80.696422570 43.063563851
POLYGON_POINT -80.696608460 43.063524306 -80.696608460 43.063524306
POLYGON_POINT -80.696466348 43.063040037 -80.696466348 43.063040037
POLYGON_POINT -80.696469719 43.062999400 -80.696484889 43.062990780
POLYGON_POINT -80.696530397 43.062984622 -80.696530397 43.062984622
POLYGON_POINT -80.696845586 43.062915662 -80.696902893 43.062888570
POLYGON_POINT -80.696914691 43.062876256 -80.696928175 43.062854090
POLYGON_POINT -80.696924804 43.062830692 -80.696924804 43.062829461
POLYGON_POINT -80.696693894 43.062181723 -80.696693894 43.062181723
POLYGON_POINT -80.696663555 43.062142317 -80.696636587 43.062126308
POLYGON_POINT -80.696601192 43.062127539 -80.696601192 43.062127539
POLYGON_POINT -80.695983283 43.062197081 -80.695983283 43.062197081
POLYGON_POINT -80.694482552 43.062427177 -80.694482552 43.062427177
POLYGON_POINT -80.695950123 43.066830883 -80.695950123 43.066830883
POLYGON_POINT -80.697072000 43.066544095 -80.697072000 43.066544095
POLYGON_POINT -80.697673070 43.068289859 -80.697673070 43.068289859
POLYGON_POINT -80.696365549 43.068597289 -80.696365549 43.068597289
POLYGON_POINT -80.699686953 43.070485789 -80.699686953 43.070485789
POLYGON_POINT -80.702418867 43.071060741 -80.702418867 43.071060741
POLYGON_POINT -80.703384341 43.073450905 -80.703384341 43.073450905
POLYGON_POINT -80.705749954 43.073128085 -80.705749954 43.073128085
END_WINDING
END_POLYGON
BEGIN_POLYGON 3 0 4
BEGIN_WINDING
POLYGON_POINT -80.696980533 43.063420988 -80.696980533 43.063420988
POLYGON_POINT -80.696980533 43.063420988 -80.696976277 43.063416324
POLYGON_POINT -80.696953777 43.063315288 -80.696953777 43.063315288
POLYGON_POINT -80.696911550 43.063310205 -80.696898783 43.063310205
POLYGON_POINT -80.696886016 43.063311760 -80.696886016 43.063311760
POLYGON_POINT -80.696864737 43.063241802 -80.696864737 43.063241802
POLYGON_POINT -80.696979641 43.063251130 -80.697015814 43.063266676
POLYGON_POINT -80.697028581 43.063272895 -80.697028581 43.063272895
POLYGON_POINT -80.697111567 43.063255794 -80.697111567 43.063255794
POLYGON_POINT -80.697130718 43.063244912 -80.697134974 43.063237139
POLYGON_POINT -80.697143485 43.063209156 -80.697143485 43.063209156
POLYGON_POINT -80.696766253 43.062103803 -80.696766253 43.062103803
POLYGON_POINT -80.696724690 43.062078947 -80.696712885 43.062073425
POLYGON_POINT -80.696672137 43.062060838 -80.696661498 43.062059283
POLYGON_POINT -80.696644475 43.062059284 -80.696644475 43.062059284
POLYGON_POINT -80.696552033 43.062069825 -80.696552033 43.062069825
POLYGON_POINT -80.694423712 43.062397960 -80.694423712 43.062397960
POLYGON_POINT -80.694482552 43.062427177 -80.694482552 43.062427177
POLYGON_POINT -80.695983283 43.062197081 -80.695983283 43.062197081
POLYGON_POINT -80.696601192 43.062127539 -80.696601192 43.062127539
POLYGON_POINT -80.696663555 43.062142317 -80.696690523 43.062158326
POLYGON_POINT -80.696693894 43.062181723 -80.696693894 43.062181723
POLYGON_POINT -80.696924804 43.062830692 -80.696924804 43.062831923
POLYGON_POINT -80.696914691 43.062876256 -80.696901207 43.062898422
POLYGON_POINT -80.696845586 43.062915662 -80.696788279 43.062942754
POLYGON_POINT -80.696530397 43.062984622 -80.696530397 43.062984622
POLYGON_POINT -80.696469719 43.062999400 -80.696454549 43.063008020
POLYGON_POINT -80.696466348 43.063040037 -80.696466348 43.063040037
POLYGON_POINT -80.696608460 43.063524306 -80.696608460 43.063524306
POLYGON_POINT -80.696969893 43.063447416 -80.696969893 43.063447416
POLYGON_POINT -80.696980533 43.063420988 -80.696976277 43.063416324
END_WINDING
END_POLYGON
BEGIN_POLYGON 3 0 4
BEGIN_WINDING
POLYGON_POINT -80.698352274 43.063462900 -80.698352274 43.063462900
POLYGON_POINT -80.698138970 43.062868879 -80.698138970 43.062868879
POLYGON_POINT -80.697655467 43.062957873 -80.697655467 43.062957873
POLYGON_POINT -80.697608867 43.062791894 -80.697608867 43.062791894
POLYGON_POINT -80.697518579 43.062806790 -80.697518579 43.062806790
POLYGON_POINT -80.697256128 43.061990762 -80.697256128 43.061990762
POLYGON_POINT -80.697731163 43.061921661 -80.697731163 43.061921661
POLYGON_POINT -80.697795649 43.061912776 -80.697795649 43.061912776
POLYGON_POINT -80.697804828 43.061885319 -80.697804828 43.061885319
POLYGON_POINT -80.697060027 43.061989137 -80.697060027 43.061989137
POLYGON_POINT -80.697059052 43.062000635 -80.697059052 43.062000635
POLYGON_POINT -80.697058257 43.062014228 -80.697057462 43.062027820
POLYGON_POINT -80.697058780 43.062023020 -80.697058780 43.062023020
POLYGON_POINT -80.697118610 43.062191160 -80.697126810 43.062216820
POLYGON_POINT -80.697133050 43.062287030 -80.697133050 43.062306810
POLYGON_POINT -80.697117270 43.062350290 -80.697117270 43.062350290
POLYGON_POINT -80.697062400 43.062509640 -80.697062400 43.062509640
POLYGON_POINT -80.697069300 43.062530970 -80.697076430 43.062534450
POLYGON_POINT -80.697088900 43.062535740 -80.697088900 43.062535740
POLYGON_POINT -80.697106052 43.062585462 -80.697106052 43.062585462
POLYGON_POINT -80.697130890 43.062662030 -80.697130890 43.062662030
POLYGON_POINT -80.697144120 43.062684990 -80.697158960 43.062693670
POLYGON_POINT -80.697178790 43.062709670 -80.697188300 43.062719210
POLYGON_POINT -80.697193320 43.062745130 -80.697193320 43.062745130
POLYGON_POINT -80.697107310 43.062761780 -80.697107310 43.062761780
POLYGON_POINT -80.697098920 43.062749755 -80.697098920 43.062749755
POLYGON_POINT -80.697072860 43.062753540 -80.697060389 43.062766122
POLYGON_POINT -80.697072860 43.062753540 -80.697072860 43.062753540
POLYGON_POINT -80.697072860 43.062753540 -80.697060390 43.062766120
POLYGON_POINT -80.697050890 43.062783040 -80.697050890 43.062786950
POLYGON_POINT -80.697082360 43.062889340 -80.697082360 43.062889340
POLYGON_POINT -80.697127494 43.062894975 -80.697172032 43.062891504
POLYGON_POINT -80.697219540 43.062879790 -80.697219540 43.062879790
POLYGON_POINT -80.697237360 43.062938800 -80.697237360 43.062938800
POLYGON_POINT -80.697165500 43.062952250 -80.697165500 43.062952250
POLYGON_POINT -80.697134620 43.062966560 -80.697123330 43.062976530
POLYGON_POINT -80.697118590 43.062985650 -80.697119190 43.062988680
POLYGON_POINT -80.697118590 43.062985650 -80.697118590 43.062985650
POLYGON_POINT -80.697118590 43.062985650 -80.697119009 43.062987766
POLYGON_POINT -80.697204695 43.063194815 -80.697204695 43.063194815
POLYGON_POINT -80.697227510 43.063252020 -80.697227510 43.063252020
POLYGON_POINT -80.697500410 43.063146830 -80.697500410 43.063146830
POLYGON_POINT -80.697470530 43.063178210 -80.697470530 43.063178210
POLYGON_POINT -80.697239930 43.063289590 -80.697239930 43.063289590
POLYGON_POINT -80.697310850 43.063426910 -80.697328580 43.063452820
POLYGON_POINT -80.697381780 43.063531850 -80.697381780 43.063531850
POLYGON_POINT -80.697400890 43.063547680 -80.697405170 43.063549240
POLYGON_POINT -80.697412290 43.063549770 -80.697412290 43.063549770
POLYGON_POINT -80.697440080 43.063591940 -80.697440080 43.063591940
POLYGON_POINT -80.697430110 43.063609120 -80.697431540 43.063616410
POLYGON_POINT -80.697460040 43.063637750 -80.697460040 43.063637750
POLYGON_POINT -80.697469300 43.063635670 -80.697469300 43.063635670
POLYGON_POINT -80.697475710 43.063680970 -80.697475710 43.063680970
POLYGON_POINT -80.697475000 43.063709600 -80.697475000 43.063709600
POLYGON_POINT -80.697484270 43.063715330 -80.697494250 43.063715330
POLYGON_POINT -80.697484270 43.063715330 -80.697484270 43.063715330
POLYGON_POINT -80.697512770 43.063714807 -80.697512770 43.063714807
POLYGON_POINT -80.697681270 43.063687820 -80.697681270 43.063687820
POLYGON_POINT -80.697814270 43.063675950 -80.697814270 43.063675950
POLYGON_POINT -80.697845300 43.063667310 -80.697855650 43.063655430
POLYGON_POINT -80.697860070 43.063621970 -80.697876320 43.063612260
POLYGON_POINT -80.697860070 43.063621970 -80.697860070 43.063621970
POLYGON_POINT -80.697911899 43.063608204 -80.697911899 43.063608204
POLYGON_POINT -80.698049220 43.063637080 -80.698049220 43.063637080
POLYGON_POINT -80.698294804 43.063691201 -80.698294804 43.063691201
END_WINDING
END_POLYGON
BEGIN_POLYGON 2 0 4
BEGIN_WINDING
POLYGON_POINT -80.697005838 43.064114834 -80.697005838 43.064114834
POLYGON_POINT -80.696990899 43.064094268 -80.696990899 43.064094268
POLYGON_POINT -80.697036465 43.064058676 -80.697044037 43.064034947
POLYGON_POINT -80.697033727 43.064008631 -80.697016704 43.063989976
POLYGON_POINT -80.696986914 43.063856279 -80.696957124 43.063845397
POLYGON_POINT -80.696869882 43.063892035 -80.696869882 43.063892035
POLYGON_POINT -80.696848603 43.063890481 -80.696844347 43.063884263
POLYGON_POINT -80.696803918 43.063711700 -80.696803918 43.063711700
POLYGON_POINT -80.696784769 43.063694600 -80.696761363 43.063689936
POLYGON_POINT -80.696752851 43.063697709 -80.696752851 43.063697709
POLYGON_POINT -80.696712422 43.063591995 -80.696712422 43.063591995
POLYGON_POINT -80.696818815 43.063550021 -80.696867756 43.063525147
POLYGON_POINT -80.696818815 43.063550021 -80.696818815 43.063550021
POLYGON_POINT -80.696818815 43.063550021 -80.696846797 43.063535799
POLYGON_POINT -80.696925897 43.063479927 -80.696959626 43.063455555
POLYGON_POINT -80.696925897 43.063479927 -80.696925897 43.063479927
POLYGON_POINT -80.696925897 43.063479927 -80.696951161 43.063461672
POLYGON_POINT -80.696969893 43.063447416 -80.696969893 43.063447416
POLYGON_POINT -80.696608460 43.063524306 -80.696608460 43.063524306
POLYGON_POINT -80.696422570 43.063563851 -80.696422570 43.063563851
POLYGON_POINT -80.696429852 43.063654288 -80.696429852 43.063654288
POLYGON_POINT -80.696642504 43.064109268 -80.696642504 43.064109268
END_WINDING
END_POLYGON
BEGIN_POLYGON 2 0 4
BEGIN_WINDING
POLYGON_POINT -80.697259280 43.064041280 -80.697259280 43.064041280
POLYGON_POINT -80.697389080 43.064039723 -80.697389080 43.064039723
POLYGON_POINT -80.697389080 43.064061488 -80.697389080 43.064061488
POLYGON_POINT -80.697448660 43.064063042 -80.697448660 43.064063042
POLYGON_POINT -80.697514624 43.064022623 -80.697518880 43.063999304
POLYGON_POINT -80.697514624 43.063975984 -80.697510368 43.063972875
POLYGON_POINT -80.697429510 43.063752120 -80.697429510 43.063752120
POLYGON_POINT -80.697116715 43.063804977 -80.697116715 43.063804977
POLYGON_POINT -80.697063517 43.063823632 -80.697046494 43.063831405
POLYGON_POINT -80.697089006 43.063926911 -80.697089006 43.063926911
POLYGON_POINT -80.697128843 43.064004854 -80.697139140 43.064020392
END_WINDING
END_POLYGON
BEGIN_POLYGON 2 0 2
BEGIN_WINDING
POLYGON_POINT -80.697795649 43.061912776
POLYGON_POINT -80.697731163 43.061921661
POLYGON_POINT -80.697256128 43.061990762
POLYGON_POINT -80.697518579 43.062806790
POLYGON_POINT -80.697608867 43.062791894
POLYGON_POINT -80.697655467 43.062957873
POLYGON_POINT -80.698138970 43.062868879
END_WINDING
END_POLYGON
FILTER -1
FILTER 0
FILTER -1
FILTER 0
FILTER -1
FILTER 0
FILTER -1
FILTER 0
FILTER -1
FILTER 0
OBJECT 0 -80.696946383 43.064213886 0.000000
OBJECT 1 -80.697658124 43.063693543 0.000000
OBJECT 1 -80.697607728 43.063698888 0.000000
OBJECT 1 -80.697550015 43.063710765 0.000000
OBJECT 1 -80.697814181 43.063792254 0.000000
OBJECT 1 -80.697697678 43.063930569 0.000000
OBJECT 1 -80.697665640 43.063834812 0.000000
OBJECT 2 -80.697831260 43.063447880 0.000000
OBJECT 3 -80.697783504 43.063309343 0.000000
OBJECT 4 -80.697406219 43.062882333 76.940002
OBJECT 5 -80.697165854 43.062796353 344.799988
OBJECT 6 -80.697418882 43.063310507 169.320007
OBJECT 7 -80.697478190 43.063238147 339.500000
OBJECT 5 -80.697164227 43.063502034 75.959999
OBJECT 5 -80.697841803 43.063221265 75.959999
OBJECT 5 -80.697077255 43.063516811 75.959999
OBJECT 5 -80.697754831 43.063236043 75.959999
OBJECT 8 -80.696737643 43.063640989 73.519997
OBJECT 9 -80.696891733 43.063391056 166.750000
OBJECT 4 -80.697224167 43.063826407 256.920013
OBJECT 10 -80.696864262 43.063278162 254.889999
OBJECT 11 -80.697106052 43.062585462 77.120003
OBJECT 4 -80.697120541 43.063602088 347.630005
OBJECT 4 -80.697264146 43.063571056 347.630005
OBJECT 4 -80.697632262 43.063231178 347.630005
OBJECT 12 -80.697559673 43.063431248 257.940002
FILTER -1
OBJECT_DEF lib/airport/landscape/windsock.obj
OBJECT_DEF lib/industrial_area/storage_tanks/silo_340_2.obj
OBJECT_DEF lib/industrial_area/storage_tanks/silo_340_1.obj
OBJECT_DEF lib/industrial_area/storage_tanks/silo_260.obj
OBJECT_DEF lib/g10/US/industrial/light/WoodShed8x20.obj
OBJECT_DEF lib/g10/US/industrial/light/WoodShed8x10.obj
OBJECT_DEF lib/cars/car_or_truck.obj
OBJECT_DEF lib/airport/Common_Elements/Vehicles/Cargo_Trailer.obj
OBJECT_DEF lib/g10/US/industrial/light/Shed13x24.obj
OBJECT_DEF lib/garden/pools/pool_Small_7x10.obj
OBJECT_DEF lib/g10/US/suburban/dh-RnchRHGryDk.obj
OBJECT_DEF lib/g10/US/suburban/dB-RnchLH.obj
OBJECT_DEF lib/g10/US/industrial/light/TinShed10x30Lt.obj
POLYGON_DEF lib/airport/pavement/asphalt_3L.pol
POLYGON_DEF lib/g8/broad_cld_rain.for
POLYGON_DEF lib/g10/terrain10/apt_tmp_rain.pol
POLYGON_DEF lib/g8/pol/apt_wet_vhot.pol
POLYGON_DEF lib/g8/pol/apt_wet_cool.pol
PROPERTY sim/filter/aptid XC006Q
PROPERTY sim/require_agpoint 1/0
PROPERTY sim/require_object 1/0
PROPERTY sim/require_facade 6/0
