PROPERTY sim/west -180
PROPERTY sim/east 180
PROPERTY sim/north 90
PROPERTY sim/south -90
PROPERTY sim/planet earth
PROPERTY sim/creation_agent WorldEditor2.2.0r2
PROPERTY laminar/internal_revision 0
PROPERTY sim/overlay 1
FILTER 0
BEGIN_POLYGON 0 0 2
BEGIN_WINDING
POLYGON_POINT -114.095144648 52.279687027
POLYGON_POINT -114.095144410 52.279569671
POLYGON_POINT -114.095142268 52.279559915
POLYGON_POINT -114.094872628 52.279560061
POLYGON_POINT -114.094872390 52.279694598
POLYGON_POINT -114.095142268 52.279694453
END_WINDING
END_POLYGON
BEGIN_POLYGON 1 0 4
BEGIN_WINDING
POLYGON_POINT -114.095944743 52.279219906 -114.095944743 52.279219906
POLYGON_POINT -114.095972746 52.279049389 -114.095972746 52.279049389
POLYGON_POINT -114.095964934 52.279028876 -114.095951599 52.279024797
POLYGON_POINT -114.095939408 52.279042046 -114.095939408 52.279042046
POLYGON_POINT -114.095682039 52.279301493 -114.095672562 52.279311532
POLYGON_POINT -114.095666037 52.279335760 -114.095666037 52.279343103
POLYGON_POINT -114.095692707 52.279361868 -114.095703375 52.279367579
POLYGON_POINT -114.095759384 52.279380633 -114.095791389 52.279387976
POLYGON_POINT -114.095850063 52.279370842 -114.095867399 52.279365947
POLYGON_POINT -114.095911405 52.279314547 -114.095927407 52.279290071
END_WINDING
END_POLYGON
BEGIN_POLYGON 1 0 4
BEGIN_WINDING
POLYGON_POINT -114.096332802 52.278909059 -114.096332802 52.278909059
POLYGON_POINT -114.096107438 52.278946589 -114.096028761 52.278980856
POLYGON_POINT -114.096022093 52.279073865 -114.096022093 52.279073865
POLYGON_POINT -114.095991421 52.279291703 -114.095991421 52.279291703
POLYGON_POINT -114.095882071 52.279420611 -114.095791391 52.279456509
POLYGON_POINT -114.095690056 52.279475617 -114.095690056 52.279475617
POLYGON_POINT -114.095643930 52.279486414 -114.095633262 52.279491309
POLYGON_POINT -114.095614593 52.279504180 -114.095614593 52.279504180
POLYGON_POINT -114.095399333 52.279649871 -114.095399333 52.279649871
POLYGON_POINT -114.095351325 52.279673531 -114.095323321 52.279679242
POLYGON_POINT -114.095142584 52.279680058 -114.095142584 52.279680058
POLYGON_POINT -114.095141927 52.279694350 -114.095141927 52.279694350
POLYGON_POINT -114.094872554 52.279694369 -114.094872554 52.279694369
POLYGON_POINT -114.094869131 52.279587430 -114.094869131 52.279587430
POLYGON_POINT -114.094691227 52.279587048 -114.094691227 52.279587048
POLYGON_POINT -114.094755237 52.279517422 -114.094842134 52.279480078
POLYGON_POINT -114.094969017 52.279494068 -114.094993068 52.279495248
POLYGON_POINT -114.095196399 52.279513255 -114.095196399 52.279513255
POLYGON_POINT -114.095328608 52.279508025 -114.095372094 52.279498541
POLYGON_POINT -114.095474010 52.279405925 -114.095474010 52.279405925
POLYGON_POINT -114.095476677 52.279380633 -114.095466009 52.279371658
POLYGON_POINT -114.095457317 52.279368192 -114.095457317 52.279368192
POLYGON_POINT -114.095334151 52.279321189 -114.095316556 52.279318923
POLYGON_POINT -114.095310073 52.279322322 -114.095310073 52.279322322
POLYGON_POINT -114.095112822 52.279254899 -114.095101709 52.279252633
POLYGON_POINT -114.095083188 52.279269064 -114.095073927 52.279270764
POLYGON_POINT -114.095045220 52.279258865 -114.095032255 52.279254332
POLYGON_POINT -114.094974840 52.279258299 -114.094960949 52.279263398
POLYGON_POINT -114.094912794 52.279252633 -114.094903533 52.279250933
POLYGON_POINT -114.094930389 52.279203340 -114.094952614 52.279198241
POLYGON_POINT -114.094968357 52.279215805 -114.094974839 52.279222604
POLYGON_POINT -114.094990583 52.279214105 -114.095002622 52.279210706
POLYGON_POINT -114.095020217 52.279214105 -114.095035960 52.279218071
POLYGON_POINT -114.095047072 52.279225437 -114.095057259 52.279229970
POLYGON_POINT -114.095077632 52.279227137 -114.095084114 52.279227704
POLYGON_POINT -114.095106340 52.279193709 -114.095108192 52.279186343
POLYGON_POINT -114.095093375 52.279181811 -114.095086893 52.279175012
POLYGON_POINT -114.095088745 52.279129685 -114.095091523 52.279125719
POLYGON_POINT -114.095116526 52.279127419 -114.095127639 52.279127419
POLYGON_POINT -114.095169113 52.279115523 -114.095179300 52.279116090
POLYGON_POINT -114.095185609 52.279118581 -114.095192101 52.279118463
POLYGON_POINT -114.095207280 52.279107589 -114.095213382 52.279101015
POLYGON_POINT -114.095203576 52.279093424 -114.095203576 52.279093424
POLYGON_POINT -114.095148938 52.279069062 -114.095138751 52.279065663
POLYGON_POINT -114.095120231 52.279057730 -114.095110044 52.279045265
POLYGON_POINT -114.095154495 52.279028268 -114.095167460 52.279024302
POLYGON_POINT -114.095191537 52.279034500 -114.095210058 52.279037899
POLYGON_POINT -114.095206354 52.279054897 -114.095210058 52.279061129
POLYGON_POINT -114.095239692 52.279067928 -114.095247100 52.279074727
POLYGON_POINT -114.095253583 52.279081526 -114.095258213 52.279086059
POLYGON_POINT -114.095290859 52.279087442 -114.095304301 52.279093316
POLYGON_POINT -114.095306221 52.279126212 -114.095308141 52.279135611
POLYGON_POINT -114.095361908 52.279140311 -114.095371509 52.279145010
POLYGON_POINT -114.095375350 52.279160283 -114.095377270 52.279163808
POLYGON_POINT -114.095390712 52.279179081 -114.095392632 52.279182606
POLYGON_POINT -114.095386872 52.279206103 -114.095384952 52.279211977
POLYGON_POINT -114.095394553 52.279226075 -114.095394553 52.279226075
POLYGON_POINT -114.095409915 52.279247223 -114.095413756 52.279256622
POLYGON_POINT -114.095410958 52.279264460 -114.095417594 52.279272581
POLYGON_POINT -114.095520683 52.279308836 -114.095520683 52.279308836
POLYGON_POINT -114.095557331 52.279310132 -114.095584002 52.279306053
POLYGON_POINT -114.095586025 52.279300677 -114.095586025 52.279300677
POLYGON_POINT -114.095886208 52.279020104 -114.095886208 52.279020104
POLYGON_POINT -114.096019559 52.278925463 -114.096043014 52.278912860
POLYGON_POINT -114.096186106 52.278877240 -114.096251448 52.278869897
POLYGON_POINT -114.096803522 52.278860106 -114.096803522 52.278860106
POLYGON_POINT -114.096896877 52.278847205 -114.096937106 52.278834487
POLYGON_POINT -114.096981089 52.278785547 -114.096981089 52.278785547
POLYGON_POINT -114.096990728 52.277228300 -114.096990728 52.277228300
POLYGON_POINT -114.096876931 52.277151121 -114.096831064 52.277130072
POLYGON_POINT -114.096550128 52.277080959 -114.096550128 52.277080959
POLYGON_POINT -114.089767552 52.276786279 -114.089664352 52.276786279
POLYGON_POINT -114.089199951 52.276747690 -114.089091017 52.276733658
POLYGON_POINT -114.088609416 52.276765230 -114.088374349 52.276768738
POLYGON_POINT -114.088007414 52.276610874 -114.088007414 52.276610874
POLYGON_POINT -114.086012204 52.276438977 -114.085748464 52.276410912
POLYGON_POINT -114.085656729 52.276575793 -114.085507659 52.276642447
POLYGON_POINT -114.085146450 52.276558252 -114.084865510 52.276523171
POLYGON_POINT -114.084710707 52.276438977 -114.084607505 52.276453009
POLYGON_POINT -114.084691984 52.276696090 -114.084703451 52.276727663
POLYGON_POINT -114.084823854 52.276713631 -114.084823854 52.276713631
POLYGON_POINT -114.084823854 52.276713631 -114.084931184 52.276713631
POLYGON_POINT -114.085071540 52.276728786 -114.085071540 52.276728786
POLYGON_POINT -114.096622721 52.277134220 -114.096901993 52.277181590
POLYGON_POINT -114.096622721 52.277134220 -114.096622721 52.277134220
POLYGON_POINT -114.096622721 52.277134220 -114.096824571 52.277186666
POLYGON_POINT -114.096893706 52.277295330 -114.096924122 52.277359618
POLYGON_POINT -114.096851978 52.278345088 -114.096832776 52.278381509
POLYGON_POINT -114.096727362 52.278389323 -114.096681276 52.278408121
POLYGON_POINT -114.096639283 52.278656005 -114.096585516 52.278691251
POLYGON_POINT -114.096446099 52.278686932 -114.096446099 52.278686932
POLYGON_POINT -114.094693652 52.278657011 -114.094693652 52.278657011
POLYGON_POINT -114.094379901 52.278736053 -114.094241334 52.278806215
POLYGON_POINT -114.094171249 52.278939265 -114.094135302 52.279017087
POLYGON_POINT -114.094191619 52.279602704 -114.094191619 52.279602704
POLYGON_POINT -114.094319493 52.279750996 -114.094438949 52.279824081
POLYGON_POINT -114.094569205 52.279829302 -114.094569205 52.279829302
POLYGON_POINT -114.095696302 52.279817909 -114.095696302 52.279817909
POLYGON_POINT -114.096665551 52.279810846 -114.096665551 52.279810846
POLYGON_POINT -114.096788880 52.279802997 -114.096859557 52.279798918
POLYGON_POINT -114.096906231 52.279792391 -114.096906231 52.279792391
POLYGON_POINT -114.096936902 52.279785864 -114.096962180 52.279778943
POLYGON_POINT -114.096974182 52.279759360 -114.096974182 52.279759360
POLYGON_POINT -114.096990717 52.279002717 -114.096990717 52.279002717
POLYGON_POINT -114.096898211 52.278938430 -114.096860873 52.278920481
POLYGON_POINT -114.096803531 52.278913138 -114.096803531 52.278913138
POLYGON_POINT -114.096730188 52.278900900 -114.096708852 52.278900900
END_WINDING
END_POLYGON
BEGIN_POLYGON 2 511 2
BEGIN_WINDING
POLYGON_POINT -114.095408806 52.278728926
POLYGON_POINT -114.094764353 52.278715383
POLYGON_POINT -114.094563670 52.278736432
POLYGON_POINT -114.094428778 52.278787592
POLYGON_POINT -114.094328584 52.278862723
POLYGON_POINT -114.094276979 52.278992523
POLYGON_POINT -114.094296902 52.279615504
POLYGON_POINT -114.094391656 52.279704668
POLYGON_POINT -114.094471929 52.279750273
POLYGON_POINT -114.094629460 52.279769861
POLYGON_POINT -114.096544537 52.279755828
POLYGON_POINT -114.096544672 52.279724338
POLYGON_POINT -114.094824408 52.279734780
POLYGON_POINT -114.094652395 52.279724256
POLYGON_POINT -114.094480382 52.279678650
POLYGON_POINT -114.094377174 52.279604980
POLYGON_POINT -114.094348505 52.279008603
POLYGON_POINT -114.094387443 52.278891530
POLYGON_POINT -114.094470782 52.278831648
POLYGON_POINT -114.094600391 52.278783106
POLYGON_POINT -114.094777204 52.278768340
POLYGON_POINT -114.095408890 52.278769623
END_WINDING
END_POLYGON
BEGIN_POLYGON 2 511 2
BEGIN_WINDING
POLYGON_POINT -114.096544537 52.279755828
POLYGON_POINT -114.094629460 52.279769861
POLYGON_POINT -114.094471929 52.279750273
POLYGON_POINT -114.094391656 52.279704668
POLYGON_POINT -114.094299915 52.279616965
POLYGON_POINT -114.094276979 52.278992523
POLYGON_POINT -114.094328584 52.278862723
POLYGON_POINT -114.094431792 52.278789053
POLYGON_POINT -114.094563670 52.278736432
POLYGON_POINT -114.094764353 52.278715383
POLYGON_POINT -114.095408806 52.278728926
POLYGON_POINT -114.095412273 52.278697843
POLYGON_POINT -114.095218117 52.278692376
POLYGON_POINT -114.095016640 52.278690827
POLYGON_POINT -114.094770087 52.278687318
POLYGON_POINT -114.094546468 52.278711875
POLYGON_POINT -114.094408857 52.278771513
POLYGON_POINT -114.094288847 52.278844040
POLYGON_POINT -114.094219641 52.278989015
POLYGON_POINT -114.094231109 52.279522247
POLYGON_POINT -114.094248310 52.279620473
POLYGON_POINT -114.094322850 52.279718700
POLYGON_POINT -114.094431792 52.279778338
POLYGON_POINT -114.094609540 52.279806403
POLYGON_POINT -114.094787288 52.279813419
POLYGON_POINT -114.096553300 52.279813419
END_WINDING
END_POLYGON
BEGIN_POLYGON 3 0 4
BEGIN_WINDING
POLYGON_POINT -114.096838168 52.281287085 -114.096838168 52.281287085
POLYGON_POINT -114.096808805 52.281196188 -114.096808805 52.281196188
POLYGON_POINT -114.085084792 52.281397105 -114.085070645 52.281405760
POLYGON_POINT -114.085084792 52.281397105 -114.085084792 52.281397105
POLYGON_POINT -114.085084792 52.281397105 -114.085048843 52.281419098
POLYGON_POINT -114.085052455 52.281436667 -114.085052455 52.281436667
POLYGON_POINT -114.085057062 52.282022907 -114.085057062 52.282022907
POLYGON_POINT -114.085076855 52.282123767 -114.085092218 52.282154313
POLYGON_POINT -114.085155109 52.282167922 -114.085155109 52.282167922
POLYGON_POINT -114.088642062 52.282382457 -114.088642062 52.282382457
POLYGON_POINT -114.096261876 52.282231870 -114.096261876 52.282231870
POLYGON_POINT -114.096647834 52.282162633 -114.096803386 52.282095666
POLYGON_POINT -114.096841861 52.282008247 -114.096841861 52.282008247
END_WINDING
END_POLYGON
BEGIN_POLYGON 4 0 4
BEGIN_WINDING
POLYGON_POINT -114.085071540 52.276728786 -114.085071540 52.276728786
POLYGON_POINT -114.085096526 52.276840914 -114.085099844 52.276849035
POLYGON_POINT -114.085133025 52.276857155 -114.085133025 52.276857155
POLYGON_POINT -114.096366575 52.277254159 -114.096449137 52.277269314
POLYGON_POINT -114.096498674 52.277355193 -114.096539955 52.277405710
POLYGON_POINT -114.096498712 52.278274596 -114.096506969 52.278294803
POLYGON_POINT -114.096391378 52.278481714 -114.096333582 52.278547386
POLYGON_POINT -114.096110656 52.278532231 -114.096110656 52.278532231
POLYGON_POINT -114.094640998 52.278537282 -114.094252942 52.278577695
POLYGON_POINT -114.094054787 52.278810072 -114.093963965 52.278890899
POLYGON_POINT -114.093939170 52.279512254 -114.093947427 52.279764837
POLYGON_POINT -114.094178613 52.279870922 -114.094319444 52.279961994
POLYGON_POINT -114.094657501 52.279961852 -114.094657501 52.279961852
POLYGON_POINT -114.095342805 52.279966904 -114.095433628 52.279982059
POLYGON_POINT -114.095425372 52.280072989 -114.095425372 52.280072989
POLYGON_POINT -114.095425372 52.280623620 -114.095425372 52.280623620
POLYGON_POINT -114.095384089 52.280714550 -114.095344872 52.280743113
POLYGON_POINT -114.095243725 52.280739809 -114.095243725 52.280739809
POLYGON_POINT -114.085178760 52.280946927 -114.085071422 52.280911565
POLYGON_POINT -114.085079678 52.280855997 -114.085079678 52.280855997
POLYGON_POINT -114.085071540 52.276728786 -114.085071540 52.276728786
POLYGON_POINT -114.084823854 52.276713631 -114.084716524 52.276713631
POLYGON_POINT -114.084741292 52.276799509 -114.084741292 52.276799509
POLYGON_POINT -114.084592420 52.282103759 -114.084584163 52.282169431
POLYGON_POINT -114.084627513 52.282365182 -114.084718341 52.282461164
POLYGON_POINT -114.084983025 52.282465514 -114.085141286 52.282485721
POLYGON_POINT -114.087618864 52.282558830 -114.088161996 52.282573564
POLYGON_POINT -114.090215482 52.282528099 -114.090215482 52.282528099
POLYGON_POINT -114.096081767 52.282438431 -114.096081767 52.282438431
POLYGON_POINT -114.096617988 52.282406364 -114.096727495 52.282386062
POLYGON_POINT -114.096887380 52.282310100 -114.096947111 52.282271527
POLYGON_POINT -114.096970839 52.282138831 -114.096970839 52.282138831
POLYGON_POINT -114.096989477 52.279921116 -114.096989477 52.279921116
POLYGON_POINT -114.096913535 52.279877742 -114.096889611 52.279871132
POLYGON_POINT -114.096823428 52.279873002 -114.096785613 52.279883861
POLYGON_POINT -114.096698186 52.279922451 -114.096698186 52.279922451
POLYGON_POINT -114.096698186 52.279922451 -114.096846649 52.279882485
POLYGON_POINT -114.096851597 52.279908440 -114.096853784 52.279911745
POLYGON_POINT -114.096858650 52.281194102 -114.096858650 52.281194102
POLYGON_POINT -114.096808805 52.281196188 -114.096768710 52.281176914
POLYGON_POINT -114.096808805 52.281196188 -114.096808805 52.281196188
POLYGON_POINT -114.096838168 52.281287085 -114.096838168 52.281287085
POLYGON_POINT -114.096841861 52.282008247 -114.096841861 52.282008247
POLYGON_POINT -114.096647834 52.282162633 -114.096492282 52.282229600
POLYGON_POINT -114.096261876 52.282231870 -114.096261876 52.282231870
POLYGON_POINT -114.088642062 52.282382457 -114.088642062 52.282382457
POLYGON_POINT -114.085155109 52.282167922 -114.085155109 52.282167922
POLYGON_POINT -114.085076855 52.282123767 -114.085061492 52.282093221
POLYGON_POINT -114.085057062 52.282022907 -114.085057062 52.282022907
POLYGON_POINT -114.085052455 52.281436667 -114.085052455 52.281436667
POLYGON_POINT -114.085084792 52.281397105 -114.085120741 52.281375112
POLYGON_POINT -114.085084792 52.281397105 -114.085084792 52.281397105
POLYGON_POINT -114.085084792 52.281397105 -114.085098939 52.281388450
POLYGON_POINT -114.096808805 52.281196188 -114.096808805 52.281196188
POLYGON_POINT -114.096808805 52.281196188 -114.096768710 52.281176914
POLYGON_POINT -114.096657016 52.281115589 -114.096582554 52.281101572
POLYGON_POINT -114.096364894 52.281099819 -114.096364894 52.281099819
POLYGON_POINT -114.085197270 52.281353280 -114.085197270 52.281353280
POLYGON_POINT -114.085085699 52.281345613 -114.085053877 52.281328578
POLYGON_POINT -114.085043933 52.281233669 -114.085049900 52.281204466
POLYGON_POINT -114.085125477 52.281102257 -114.085163266 52.281075488
POLYGON_POINT -114.085210998 52.281073054 -114.085210998 52.281073054
POLYGON_POINT -114.095449768 52.280833574 -114.095472843 52.280830842
POLYGON_POINT -114.095512320 52.280810118 -114.095542170 52.280795112
POLYGON_POINT -114.095626375 52.280715303 -114.095638308 52.280687560
POLYGON_POINT -114.095638308 52.280137088 -114.095638308 52.280137088
POLYGON_POINT -114.095652627 52.280046560 -114.095688426 52.280029038
POLYGON_POINT -114.095765964 52.280020550 -114.095765964 52.280020550
POLYGON_POINT -114.095696302 52.279817909 -114.095696302 52.279817909
POLYGON_POINT -114.094569205 52.279829302 -114.094569205 52.279829302
POLYGON_POINT -114.094319493 52.279750996 -114.094200037 52.279677911
POLYGON_POINT -114.094191619 52.279602704 -114.094191619 52.279602704
POLYGON_POINT -114.094171249 52.278939265 -114.094207196 52.278861443
POLYGON_POINT -114.094379901 52.278736053 -114.094518468 52.278665891
POLYGON_POINT -114.094693652 52.278657011 -114.094693652 52.278657011
POLYGON_POINT -114.096446099 52.278686932 -114.096446099 52.278686932
POLYGON_POINT -114.096639283 52.278656005 -114.096693050 52.278620759
POLYGON_POINT -114.096727362 52.278389323 -114.096773448 52.278370525
POLYGON_POINT -114.096851978 52.278345088 -114.096871180 52.278308667
POLYGON_POINT -114.096893706 52.277295330 -114.096863290 52.277231042
POLYGON_POINT -114.096622721 52.277134220 -114.096420871 52.277081774
POLYGON_POINT -114.096622721 52.277134220 -114.096622721 52.277134220
POLYGON_POINT -114.096622721 52.277134220 -114.096343449 52.277086850
END_WINDING
END_POLYGON
BEGIN_POLYGON 3 0 4
BEGIN_WINDING
POLYGON_POINT -114.095384089 52.280714550 -114.095384089 52.280714550
POLYGON_POINT -114.095384089 52.280714550 -114.095423306 52.280685987
POLYGON_POINT -114.095425372 52.280623620 -114.095425372 52.280623620
POLYGON_POINT -114.095425372 52.280072989 -114.095425372 52.280072989
POLYGON_POINT -114.095342805 52.279966904 -114.095251982 52.279951749
POLYGON_POINT -114.094657501 52.279961852 -114.094657501 52.279961852
POLYGON_POINT -114.094178613 52.279870922 -114.094037782 52.279779850
POLYGON_POINT -114.093939170 52.279512254 -114.093930913 52.279259671
POLYGON_POINT -114.094054787 52.278810072 -114.094145609 52.278729245
POLYGON_POINT -114.094640998 52.278537282 -114.095029054 52.278496869
POLYGON_POINT -114.096110656 52.278532231 -114.096110656 52.278532231
POLYGON_POINT -114.096391378 52.278481714 -114.096449174 52.278416042
POLYGON_POINT -114.096498712 52.278274596 -114.096490455 52.278254389
POLYGON_POINT -114.096498674 52.277355193 -114.096457393 52.277304676
POLYGON_POINT -114.096366575 52.277254159 -114.096284013 52.277239004
POLYGON_POINT -114.085133025 52.276857155 -114.085133025 52.276857155
POLYGON_POINT -114.085096526 52.276840914 -114.085093208 52.276832793
POLYGON_POINT -114.085071540 52.276728786 -114.085071540 52.276728786
POLYGON_POINT -114.085075997 52.280859400 -114.085075997 52.280859400
POLYGON_POINT -114.085171113 52.280953967 -114.085171113 52.280953967
POLYGON_POINT -114.095243725 52.280739809 -114.095243725 52.280739809
POLYGON_POINT -114.095384089 52.280714550 -114.095423306 52.280685987
END_WINDING
END_POLYGON
BEGIN_POLYGON 5 0 4
BEGIN_WINDING
POLYGON_POINT -114.096803522 52.278860106 -114.096803522 52.278860106
POLYGON_POINT -114.096186106 52.278877240 -114.096120764 52.278884583
POLYGON_POINT -114.096019559 52.278925463 -114.095996104 52.278938066
POLYGON_POINT -114.095886208 52.279020104 -114.095886208 52.279020104
POLYGON_POINT -114.095586025 52.279300677 -114.095586025 52.279300677
POLYGON_POINT -114.095557331 52.279310132 -114.095530660 52.279314211
POLYGON_POINT -114.095520683 52.279308836 -114.095520683 52.279308836
POLYGON_POINT -114.095457317 52.279368192 -114.095457317 52.279368192
POLYGON_POINT -114.095476677 52.279380633 -114.095487345 52.279389608
POLYGON_POINT -114.095474010 52.279405925 -114.095474010 52.279405925
POLYGON_POINT -114.095328608 52.279508025 -114.095285122 52.279517509
POLYGON_POINT -114.095196399 52.279513255 -114.095196399 52.279513255
POLYGON_POINT -114.094969017 52.279494068 -114.094944966 52.279492888
POLYGON_POINT -114.094755237 52.279517422 -114.094668340 52.279554766
POLYGON_POINT -114.094691227 52.279587048 -114.094691227 52.279587048
POLYGON_POINT -114.094881923 52.279587864 -114.094881923 52.279587864
POLYGON_POINT -114.094883256 52.279555229 -114.094883256 52.279555229
POLYGON_POINT -114.094903117 52.279538096 -114.094924236 52.279530521
POLYGON_POINT -114.094972461 52.279527519 -114.095005705 52.279528190
POLYGON_POINT -114.095069950 52.279539728 -114.095069950 52.279539728
POLYGON_POINT -114.095083286 52.279545439 -114.095089954 52.279547887
POLYGON_POINT -114.095092620 52.279561756 -114.095092620 52.279561756
POLYGON_POINT -114.095141270 52.279561872 -114.095141270 52.279561872
POLYGON_POINT -114.095142584 52.279680058 -114.095142584 52.279680058
POLYGON_POINT -114.095351325 52.279673531 -114.095379329 52.279667820
POLYGON_POINT -114.095399333 52.279649871 -114.095399333 52.279649871
POLYGON_POINT -114.095614593 52.279504180 -114.095614593 52.279504180
POLYGON_POINT -114.095643930 52.279486414 -114.095654598 52.279481519
POLYGON_POINT -114.095690056 52.279475617 -114.095690056 52.279475617
POLYGON_POINT -114.095882071 52.279420611 -114.095972751 52.279384713
POLYGON_POINT -114.095991421 52.279291703 -114.095991421 52.279291703
POLYGON_POINT -114.096022093 52.279073865 -114.096022093 52.279073865
POLYGON_POINT -114.096107438 52.278946589 -114.096186115 52.278912322
POLYGON_POINT -114.096332802 52.278909059 -114.096332802 52.278909059
POLYGON_POINT -114.096730188 52.278900900 -114.096751524 52.278900900
POLYGON_POINT -114.096803531 52.278913138 -114.096803531 52.278913138
END_WINDING
BEGIN_WINDING
POLYGON_POINT -114.095944743 52.279219906 -114.095944743 52.279219906
POLYGON_POINT -114.095911405 52.279314547 -114.095895403 52.279339023
POLYGON_POINT -114.095850063 52.279370842 -114.095832727 52.279375737
POLYGON_POINT -114.095759384 52.279380633 -114.095727379 52.279373290
POLYGON_POINT -114.095692707 52.279361868 -114.095682039 52.279356157
POLYGON_POINT -114.095666037 52.279335760 -114.095666037 52.279328417
POLYGON_POINT -114.095682039 52.279301493 -114.095691516 52.279291454
POLYGON_POINT -114.095939408 52.279042046 -114.095939408 52.279042046
POLYGON_POINT -114.095964934 52.279028876 -114.095978269 52.279032955
POLYGON_POINT -114.095972746 52.279049389 -114.095972746 52.279049389
END_WINDING
END_POLYGON
BEGIN_POLYGON 6 0 4
BEGIN_WINDING
POLYGON_POINT -114.095520683 52.279308836 -114.095520683 52.279308836
POLYGON_POINT -114.095410958 52.279264460 -114.095404322 52.279256339
POLYGON_POINT -114.095409915 52.279247223 -114.095406074 52.279237824
POLYGON_POINT -114.095394553 52.279226075 -114.095394553 52.279226075
POLYGON_POINT -114.095386872 52.279206103 -114.095388792 52.279200229
POLYGON_POINT -114.095390712 52.279179081 -114.095388792 52.279175556
POLYGON_POINT -114.095375350 52.279160283 -114.095373430 52.279156758
POLYGON_POINT -114.095361908 52.279140311 -114.095352307 52.279135612
POLYGON_POINT -114.095306221 52.279126212 -114.095304301 52.279116813
POLYGON_POINT -114.095290859 52.279087442 -114.095277417 52.279081568
POLYGON_POINT -114.095253583 52.279081526 -114.095248953 52.279076993
POLYGON_POINT -114.095239692 52.279067928 -114.095232284 52.279061129
POLYGON_POINT -114.095206354 52.279054897 -114.095202650 52.279048665
POLYGON_POINT -114.095191537 52.279034500 -114.095173016 52.279031101
POLYGON_POINT -114.095154495 52.279028268 -114.095141530 52.279032234
POLYGON_POINT -114.095120231 52.279057730 -114.095130418 52.279070195
POLYGON_POINT -114.095148938 52.279069062 -114.095159125 52.279072461
POLYGON_POINT -114.095203576 52.279093424 -114.095203576 52.279093424
POLYGON_POINT -114.095207280 52.279107589 -114.095201178 52.279114163
POLYGON_POINT -114.095185609 52.279118581 -114.095179117 52.279118699
POLYGON_POINT -114.095169113 52.279115523 -114.095158926 52.279114956
POLYGON_POINT -114.095116526 52.279127419 -114.095105413 52.279127419
POLYGON_POINT -114.095088745 52.279129685 -114.095085967 52.279133651
POLYGON_POINT -114.095093375 52.279181811 -114.095099857 52.279188610
POLYGON_POINT -114.095106340 52.279193709 -114.095104488 52.279201075
POLYGON_POINT -114.095077632 52.279227137 -114.095071150 52.279226570
POLYGON_POINT -114.095047072 52.279225437 -114.095036885 52.279220904
POLYGON_POINT -114.095020217 52.279214105 -114.095004474 52.279210139
POLYGON_POINT -114.094990583 52.279214105 -114.094978544 52.279217504
POLYGON_POINT -114.094968357 52.279215805 -114.094961875 52.279209006
POLYGON_POINT -114.094930389 52.279203340 -114.094908164 52.279208439
POLYGON_POINT -114.094912794 52.279252633 -114.094922055 52.279254333
POLYGON_POINT -114.094974840 52.279258299 -114.094988731 52.279253200
POLYGON_POINT -114.095045220 52.279258865 -114.095058185 52.279263398
POLYGON_POINT -114.095083188 52.279269064 -114.095092449 52.279267364
POLYGON_POINT -114.095112822 52.279254899 -114.095123935 52.279257165
POLYGON_POINT -114.095310073 52.279322322 -114.095310073 52.279322322
POLYGON_POINT -114.095334151 52.279321189 -114.095351746 52.279323455
POLYGON_POINT -114.095457317 52.279368192 -114.095457317 52.279368192
END_WINDING
END_POLYGON
BEGIN_POLYGON 6 0 4
BEGIN_WINDING
POLYGON_POINT -114.096981089 52.278785547 -114.096981089 52.278785547
POLYGON_POINT -114.096896877 52.278847205 -114.096856648 52.278859923
POLYGON_POINT -114.096803522 52.278860106 -114.096803522 52.278860106
POLYGON_POINT -114.096803531 52.278913138 -114.096803531 52.278913138
POLYGON_POINT -114.096898211 52.278938430 -114.096935549 52.278956379
POLYGON_POINT -114.096990717 52.279002717 -114.096990717 52.279002717
END_WINDING
END_POLYGON
BEGIN_POLYGON 6 0 4
BEGIN_WINDING
POLYGON_POINT -114.096974182 52.279759360 -114.096974182 52.279759360
POLYGON_POINT -114.096936902 52.279785864 -114.096911624 52.279792785
POLYGON_POINT -114.096906231 52.279792391 -114.096906231 52.279792391
POLYGON_POINT -114.096788880 52.279802997 -114.096718203 52.279807076
POLYGON_POINT -114.096665551 52.279810846 -114.096665551 52.279810846
POLYGON_POINT -114.095696302 52.279817909 -114.095696302 52.279817909
POLYGON_POINT -114.095765964 52.280020550 -114.095765964 52.280020550
POLYGON_POINT -114.096130207 52.280028320 -114.096214480 52.280036819
POLYGON_POINT -114.096386198 52.280051549 -114.096533120 52.280044381
POLYGON_POINT -114.096698186 52.279922451 -114.096846649 52.279882485
POLYGON_POINT -114.096698186 52.279922451 -114.096698186 52.279922451
POLYGON_POINT -114.096823428 52.279873002 -114.096861243 52.279862143
POLYGON_POINT -114.096913535 52.279877742 -114.096937459 52.279884352
POLYGON_POINT -114.096985660 52.279921116 -114.096985660 52.279921116
END_WINDING
END_POLYGON
FILTER -1
FILTER 0
FILTER -1
FILTER 0
FILTER -1
FILTER 0
FILTER -1
FILTER 0
FILTER -1
FILTER 0
OBJECT 0 -114.096942345 52.282232957 0.000000
OBJECT 1 -114.098378897 52.278253732 88.830002
OBJECT 2 -114.094789856 52.279624829 90.180000
OBJECT 3 -114.095128891 52.279684697 301.750000
OBJECT 4 -114.094980251 52.279572783 301.750000
OBJECT 5 -114.095046775 52.279692271 180.509995
OBJECT 6 -114.095114363 52.279699260 359.899994
OBJECT 7 -114.095124142 52.279567749 301.750000
OBJECT 8 -114.094923746 52.279677963 301.750000
OBJECT 8 -114.094898334 52.279677844 301.750000
OBJECT 9 -114.095023667 52.279566636 180.279999
OBJECT 10 -114.095082582 52.279688747 180.110001
OBJECT 11 -114.095113449 52.279688287 179.549988
BEGIN_POLYGON 7 5 3
BEGIN_WINDING
POLYGON_POINT -114.094872529 52.279559863 0.000000000
POLYGON_POINT -114.094872552 52.279683317 0.000000000
POLYGON_POINT -114.094872554 52.279694369 0.000000000
POLYGON_POINT -114.095141927 52.279694350 0.000000000
POLYGON_POINT -114.095141902 52.279559844 0.000000000
END_WINDING
END_POLYGON
BEGIN_POLYGON 8 5 3
BEGIN_WINDING
POLYGON_POINT -114.095144750 52.279696481 0.000000000
POLYGON_POINT -114.095144759 52.279686669 0.000000000
POLYGON_POINT -114.095139865 52.279686666 0.000000000
POLYGON_POINT -114.095139860 52.279693041 0.000000000
POLYGON_POINT -114.094950015 52.279692974 1.000000000
POLYGON_POINT -114.094921354 52.279692964 0.000000000
POLYGON_POINT -114.094875153 52.279692948 0.000000000
POLYGON_POINT -114.094874923 52.279627816 0.000000000
POLYGON_POINT -114.094869333 52.279627800 0.000000000
POLYGON_POINT -114.094869259 52.279696475 0.000000000
POLYGON_POINT -114.094920869 52.279696493 1.000000000
POLYGON_POINT -114.094950530 52.279696503 0.000000000
END_WINDING
END_POLYGON
BEGIN_POLYGON 8 5 3
BEGIN_WINDING
POLYGON_POINT -114.094869436 52.279557917 0.000000000
POLYGON_POINT -114.094869333 52.279627800 0.000000000
POLYGON_POINT -114.094874923 52.279627816 0.000000000
POLYGON_POINT -114.094874916 52.279561381 0.000000000
POLYGON_POINT -114.095064891 52.279561350 1.000000000
POLYGON_POINT -114.095094704 52.279561344 0.000000000
POLYGON_POINT -114.095140161 52.279561337 0.000000000
POLYGON_POINT -114.095140164 52.279569579 0.000000000
POLYGON_POINT -114.095144294 52.279569579 0.000000000
POLYGON_POINT -114.095144290 52.279557872 0.000000000
POLYGON_POINT -114.095094766 52.279557880 1.000000000
POLYGON_POINT -114.095064969 52.279557885 0.000000000
END_WINDING
END_POLYGON
OBJECT 12 -114.095336165 52.279284830 299.619995
OBJECT 13 -114.098514710 52.277661559 89.669998
OBJECT 14 -114.095235569 52.279242157 300.070007
OBJECT 15 -114.094822164 52.279548164 178.089996
OBJECT 15 -114.095383432 52.279323115 120.169998
OBJECT 15 -114.095446977 52.279344984 122.010002
OBJECT 16 -114.095509737 52.279545689 47.930000
OBJECT 17 -114.095900713 52.279853567 0.000000
OBJECT 17 -114.095906458 52.279887315 0.000000
OBJECT 17 -114.095916801 52.279916844 0.000000
OBJECT 17 -114.095794988 52.279851458 0.000000
OBJECT 17 -114.095812225 52.279891533 0.000000
OBJECT 17 -114.095848999 52.279918953 0.000000
OBJECT 18 -114.095817974 52.280227115 0.000000
FILTER -1
OBJECT_DEF lib/airport/Common_Elements/Traffic_Signs/German/no_base/stop.obj
OBJECT_DEF lib/g10/US/industrial/light/WoodShed8x20.obj
OBJECT_DEF lib/g10/US/industrial/light/WoodShed8x10.obj
OBJECT_DEF lib/airport/Common_Elements/Miscellaneous/One_Traffic_Cone.obj
OBJECT_DEF lib/airport/Common_Elements/Miscellaneous/Stack_of_Cones.obj
OBJECT_DEF lib/airport/Common_Elements/Miscellaneous/container_fire_extinguisher_metal.obj
OBJECT_DEF lib/airport/Common_Elements/Miscellaneous/Blue_Dumpster.obj
OBJECT_DEF lib/airport/Common_Elements/Miscellaneous/Barrel_Trash_Can.obj
OBJECT_DEF lib/g10/US/industrial/light/OilDrums.obj
OBJECT_DEF lib/g10/US/commercial/tool_locker2.obj
OBJECT_DEF lib/g10/global_objects/park_bench_1.obj
OBJECT_DEF lib/g10/global_objects/vending_machine.obj
OBJECT_DEF lib/g10/US/suburban/T-RnchRHRd.obj
OBJECT_DEF lib/g10/US/suburban/B-RnchLH.obj
OBJECT_DEF lib/g10/EU/suburban/hRes1_12x9.obj
OBJECT_DEF lib/cars/car.obj
OBJECT_DEF lib/airport/Common_Elements/Vehicles/Cargo_Truck.obj
OBJECT_DEF lib/industrial_area/goods/lumber_stack_4m.obj
OBJECT_DEF lib/airport/landscape/windsock.obj
POLYGON_DEF lib/airport/pavement/concrete_6L.pol
POLYGON_DEF lib/g8/pol/apt_wet_vhot.pol
POLYGON_DEF lib/g8/coni_cld_rain.for
POLYGON_DEF lib/g8/pol/apt_wet_cool.pol
POLYGON_DEF lib/g10/terrain10/apt_tmp_rain.pol
POLYGON_DEF lib/airport/pavement/asphalt_1D.pol
POLYGON_DEF lib/airport/pavement/asphalt_4L.pol
POLYGON_DEF lib/airport/Modern_Airports/Terminal_kit/term_building_Levels_01.fac
POLYGON_DEF lib/airport/Modern_Airports/Terminal_kit/term_building_Ground_02.fac
PROPERTY sim/filter/aptid XC0072
PROPERTY sim/require_agpoint 1/0
PROPERTY sim/require_object 1/0
PROPERTY sim/require_facade 1/7
PROPERTY sim/require_facade 6/0
