PROPERTY sim/west -180
PROPERTY sim/east 180
PROPERTY sim/north 90
PROPERTY sim/south -90
PROPERTY sim/planet earth
PROPERTY sim/creation_agent WorldEditor2.2.0r2
PROPERTY laminar/internal_revision 0
PROPERTY sim/overlay 1
FILTER 0
BEGIN_POLYGON 0 0 4
BEGIN_WINDING
POLYGON_POINT -81.863998431 42.422892751 -81.863998431 42.422892751
POLYGON_POINT -81.864015329 42.422924683 -81.864015329 42.422924683
POLYGON_POINT -81.864049124 42.422975077 -81.864049124 42.422975077
POLYGON_POINT -81.864036306 42.422988909 -81.864036306 42.422988909
POLYGON_POINT -81.864155437 42.423078920 -81.864155437 42.423078920
POLYGON_POINT -81.864245136 42.423007508 -81.864245136 42.423007508
POLYGON_POINT -81.864259329 42.422851339 -81.864259329 42.422851339
POLYGON_POINT -81.864502652 42.422587898 -81.864502652 42.422587898
POLYGON_POINT -81.864518911 42.422561664 -81.864519127 42.422550999
POLYGON_POINT -81.864508059 42.422537505 -81.864508059 42.422537505
POLYGON_POINT -81.864424248 42.422481124 -81.864420193 42.422478629
POLYGON_POINT -81.864424924 42.422469150 -81.864424924 42.422466156
POLYGON_POINT -81.864401268 42.422440211 -81.864399240 42.422439213
POLYGON_POINT -81.864370852 42.422426739 -81.864353987 42.422422067
POLYGON_POINT -81.864346520 42.422421750 -81.864346520 42.422421750
POLYGON_POINT -81.864232970 42.422345412 -81.864232970 42.422345412
POLYGON_POINT -81.864223109 42.422324871 -81.864225156 42.422318693
POLYGON_POINT -81.864237702 42.422309523 -81.864237702 42.422309523
POLYGON_POINT -81.864740235 42.421913228 -81.864740235 42.421913228
POLYGON_POINT -81.869502665 42.425705523 -81.869502665 42.425705523
POLYGON_POINT -81.868381843 42.426521225 -81.868381843 42.426521225
POLYGON_POINT -81.868199459 42.426644222 -81.868199459 42.426644222
POLYGON_POINT -81.867315268 42.427305724 -81.867315268 42.427305724
POLYGON_POINT -81.867343804 42.427327414 -81.867343804 42.427327414
POLYGON_POINT -81.867350779 42.427348009 -81.867350779 42.427348009
POLYGON_POINT -81.869621237 42.425692651 -81.869621237 42.425692651
POLYGON_POINT -81.864843011 42.421819216 -81.864843011 42.421819216
POLYGON_POINT -81.864830696 42.421811511 -81.864830696 42.421811511
POLYGON_POINT -81.864795409 42.421812047 -81.864770181 42.421815151
POLYGON_POINT -81.864747707 42.421832666 -81.864747707 42.421832666
POLYGON_POINT -81.863939800 42.422473769 -81.863939800 42.422473769
POLYGON_POINT -81.863926411 42.422496882 -81.863922207 42.422513436
POLYGON_POINT -81.863958647 42.422529990 -81.863958647 42.422529990
POLYGON_POINT -81.864210925 42.422702769 -81.864210925 42.422702769
POLYGON_POINT -81.864065164 42.422822783 -81.864065164 42.422822783
POLYGON_POINT -81.863950238 42.422740015 -81.863950238 42.422740015
POLYGON_POINT -81.863901184 42.422744153 -81.863894176 42.422752430
POLYGON_POINT -81.863909593 42.422760707 -81.863909593 42.422760707
END_WINDING
END_POLYGON
BEGIN_POLYGON 0 0 4
BEGIN_WINDING
POLYGON_POINT -81.863677511 42.422898899 -81.863677511 42.422898899
POLYGON_POINT -81.863696363 42.422875187 -81.863703122 42.422865707
POLYGON_POINT -81.863740972 42.422846747 -81.863753139 42.422841258
POLYGON_POINT -81.863810590 42.422792861 -81.863815997 42.422788371
POLYGON_POINT -81.863826136 42.422759931 -81.863830867 42.422747956
POLYGON_POINT -81.863825460 42.422742468 -81.863825460 42.422742468
POLYGON_POINT -81.863743169 42.422657191 -81.863740991 42.422641723
POLYGON_POINT -81.863753139 42.422625217 -81.863753139 42.422625217
POLYGON_POINT -81.863826811 42.422537902 -81.863826811 42.422537902
POLYGON_POINT -81.863829515 42.422512955 -81.863826811 42.422504972
POLYGON_POINT -81.863807886 42.422501978 -81.863807886 42.422501978
POLYGON_POINT -81.863747732 42.422457572 -81.863747732 42.422457572
POLYGON_POINT -81.863688253 42.422401192 -81.863688253 42.422401192
POLYGON_POINT -81.863671355 42.422344312 -81.863685549 42.422331340
POLYGON_POINT -81.863757870 42.422336329 -81.863757870 42.422336329
POLYGON_POINT -81.863997813 42.422339822 -81.863997813 42.422339822
POLYGON_POINT -81.864043773 42.422332338 -81.864061347 42.422328845
POLYGON_POINT -81.864094466 42.422308389 -81.864094466 42.422308389
POLYGON_POINT -81.864679088 42.421836372 -81.864681092 42.421834617
POLYGON_POINT -81.864710203 42.421815434 -81.864710203 42.421815434
POLYGON_POINT -81.864743321 42.421785997 -81.864743321 42.421785997
POLYGON_POINT -81.864762246 42.421764043 -81.864771033 42.421752567
POLYGON_POINT -81.864753460 42.421736102 -81.864753460 42.421736102
POLYGON_POINT -81.864058888 42.421137547 -81.864058888 42.421137547
POLYGON_POINT -81.863925205 42.421109658 -81.863875800 42.421105367
POLYGON_POINT -81.863794428 42.421171873 -81.863794428 42.421171873
POLYGON_POINT -81.861399726 42.422847398 -81.861399726 42.422847398
POLYGON_POINT -81.867108462 42.427263951 -81.867108462 42.427263951
POLYGON_POINT -81.867139851 42.427361780 -81.867139851 42.427395247
POLYGON_POINT -81.867056146 42.427444161 -81.867056146 42.427444161
POLYGON_POINT -81.867080560 42.427464757 -81.867080560 42.427464757
POLYGON_POINT -81.867343804 42.427327414 -81.867343804 42.427327414
POLYGON_POINT -81.867315268 42.427305724 -81.867315268 42.427305724
POLYGON_POINT -81.861455674 42.422851907 -81.861455674 42.422851907
POLYGON_POINT -81.862744966 42.421959109 -81.862744966 42.421959109
POLYGON_POINT -81.863754475 42.421260051 -81.863754475 42.421260051
POLYGON_POINT -81.863888158 42.421262197 -81.863963718 42.421272924
POLYGON_POINT -81.864042185 42.421339430 -81.864042185 42.421339430
POLYGON_POINT -81.864620957 42.421819570 -81.864620957 42.421819570
POLYGON_POINT -81.864062674 42.422233602 -81.864062674 42.422233602
POLYGON_POINT -81.863637348 42.421903821 -81.863637348 42.421903821
POLYGON_POINT -81.863139609 42.422241193 -81.863139609 42.422241193
POLYGON_POINT -81.863629563 42.422594995 -81.863641243 42.422607209
POLYGON_POINT -81.863692827 42.422733661 -81.863709373 42.422803353
POLYGON_POINT -81.863645275 42.422880276 -81.863645275 42.422880276
END_WINDING
END_POLYGON
BEGIN_POLYGON 0 0 4
BEGIN_WINDING
POLYGON_POINT -81.863954557 42.422902129 -81.863954557 42.422902129
POLYGON_POINT -81.863954557 42.422902129 -81.863957937 42.422898138
POLYGON_POINT -81.863958612 42.422889157 -81.863958612 42.422889157
POLYGON_POINT -81.863882236 42.422784379 -81.863882236 42.422784379
POLYGON_POINT -81.863870069 42.422782383 -81.863859931 42.422780887
POLYGON_POINT -81.863851144 42.422786874 -81.863851144 42.422786874
POLYGON_POINT -81.863737593 42.422880675 -81.863737593 42.422880675
POLYGON_POINT -81.863720695 42.422904624 -81.863717992 42.422919093
POLYGON_POINT -81.863739620 42.422932565 -81.863739620 42.422932565
POLYGON_POINT -81.863821405 42.422985952 -81.863833571 42.422991939
POLYGON_POINT -81.863843709 42.422985952 -81.863843709 42.422985952
POLYGON_POINT -81.863942391 42.422910611 -81.863942391 42.422910611
POLYGON_POINT -81.863954557 42.422902129 -81.863957937 42.422898138
END_WINDING
END_POLYGON
BEGIN_POLYGON 1 45 4
BEGIN_WINDING
POLYGON_POINT -81.863474286 42.423065470 -81.863474286 42.423065470
POLYGON_POINT -81.863645275 42.422880276 -81.863645275 42.422880276
POLYGON_POINT -81.863692827 42.422733661 -81.863676281 42.422663969
POLYGON_POINT -81.863629563 42.422594995 -81.863617884 42.422582781
POLYGON_POINT -81.863139609 42.422241193 -81.863139609 42.422241193
POLYGON_POINT -81.862744966 42.421959109 -81.862744966 42.421959109
POLYGON_POINT -81.861455674 42.422851907 -81.861455674 42.422851907
POLYGON_POINT -81.867315268 42.427305724 -81.867315268 42.427305724
POLYGON_POINT -81.868199459 42.426644222 -81.868199459 42.426644222
END_WINDING
END_POLYGON
BEGIN_POLYGON 1 315 4
BEGIN_WINDING
POLYGON_POINT -81.863139609 42.422241193 -81.863139609 42.422241193
POLYGON_POINT -81.863642139 42.421904491 -81.863642139 42.421904491
POLYGON_POINT -81.864062674 42.422233602 -81.864062674 42.422233602
POLYGON_POINT -81.864620957 42.421819570 -81.864620957 42.421819570
POLYGON_POINT -81.864042185 42.421339430 -81.864042185 42.421339430
POLYGON_POINT -81.863888158 42.421262197 -81.863812598 42.421251470
POLYGON_POINT -81.863754475 42.421260051 -81.863754475 42.421260051
POLYGON_POINT -81.862744966 42.421959109 -81.862744966 42.421959109
END_WINDING
END_POLYGON
BEGIN_POLYGON 1 45 4
BEGIN_WINDING
POLYGON_POINT -81.869502665 42.425705523 -81.869502665 42.425705523
POLYGON_POINT -81.864740235 42.421913228 -81.864740235 42.421913228
POLYGON_POINT -81.864237702 42.422309523 -81.864237702 42.422309523
POLYGON_POINT -81.864223109 42.422324871 -81.864221063 42.422331050
POLYGON_POINT -81.864223109 42.422324871 -81.864223109 42.422324871
POLYGON_POINT -81.864233767 42.422344767 -81.864233767 42.422344767
POLYGON_POINT -81.864346520 42.422421750 -81.864346520 42.422421750
POLYGON_POINT -81.864370852 42.422426739 -81.864387718 42.422431412
POLYGON_POINT -81.864401268 42.422440211 -81.864403295 42.422441209
POLYGON_POINT -81.864424924 42.422469150 -81.864424924 42.422472143
POLYGON_POINT -81.864424248 42.422481124 -81.864428304 42.422483619
POLYGON_POINT -81.864508059 42.422537505 -81.864508059 42.422537505
POLYGON_POINT -81.864518911 42.422561664 -81.864518695 42.422572329
POLYGON_POINT -81.864502652 42.422587898 -81.864502652 42.422587898
POLYGON_POINT -81.864259329 42.422851339 -81.864259329 42.422851339
POLYGON_POINT -81.864245136 42.423007508 -81.864245136 42.423007508
POLYGON_POINT -81.864155437 42.423078920 -81.864155437 42.423078920
POLYGON_POINT -81.864009585 42.423195892 -81.864009585 42.423195892
POLYGON_POINT -81.868381843 42.426521225 -81.868381843 42.426521225
END_WINDING
END_POLYGON
BEGIN_POLYGON 2 0 4
BEGIN_WINDING
POLYGON_POINT -81.864753460 42.421736102 -81.864753460 42.421736102
POLYGON_POINT -81.864762246 42.421764043 -81.864753460 42.421775519
POLYGON_POINT -81.864743321 42.421785997 -81.864743321 42.421785997
POLYGON_POINT -81.864710203 42.421815434 -81.864710203 42.421815434
POLYGON_POINT -81.864681092 42.421834617 -81.864681092 42.421834617
POLYGON_POINT -81.864094466 42.422308389 -81.864094466 42.422308389
POLYGON_POINT -81.864043773 42.422332338 -81.864026200 42.422335830
POLYGON_POINT -81.863997813 42.422339822 -81.863997813 42.422339822
POLYGON_POINT -81.863757870 42.422336329 -81.863757870 42.422336329
POLYGON_POINT -81.863671355 42.422344312 -81.863657162 42.422357285
POLYGON_POINT -81.863688253 42.422401192 -81.863688253 42.422401192
POLYGON_POINT -81.863747732 42.422457572 -81.863747732 42.422457572
POLYGON_POINT -81.863807886 42.422501978 -81.863807886 42.422501978
POLYGON_POINT -81.863829515 42.422512955 -81.863832219 42.422520938
POLYGON_POINT -81.863826811 42.422537902 -81.863826811 42.422537902
POLYGON_POINT -81.863753139 42.422625217 -81.863753139 42.422625217
POLYGON_POINT -81.863743169 42.422657191 -81.863745347 42.422672658
POLYGON_POINT -81.863825460 42.422742468 -81.863825460 42.422742468
POLYGON_POINT -81.863826136 42.422759931 -81.863821404 42.422771906
POLYGON_POINT -81.863810590 42.422792861 -81.863805183 42.422797352
POLYGON_POINT -81.863740972 42.422846747 -81.863728806 42.422852235
POLYGON_POINT -81.863696363 42.422875187 -81.863689604 42.422884666
POLYGON_POINT -81.863677511 42.422898899 -81.863677511 42.422898899
POLYGON_POINT -81.863694329 42.422953733 -81.863713951 42.422970287
POLYGON_POINT -81.863935395 42.423077886 -81.863935395 42.423077886
POLYGON_POINT -81.864036306 42.422988909 -81.864036306 42.422988909
POLYGON_POINT -81.864049124 42.422975077 -81.864049124 42.422975077
POLYGON_POINT -81.864015329 42.422924683 -81.864015329 42.422924683
POLYGON_POINT -81.863998431 42.422892751 -81.863998431 42.422892751
POLYGON_POINT -81.863907349 42.422760529 -81.863907349 42.422760529
POLYGON_POINT -81.863900590 42.422744064 -81.863900590 42.422744064
POLYGON_POINT -81.863951282 42.422740073 -81.863951282 42.422740073
POLYGON_POINT -81.864065164 42.422822783 -81.864065164 42.422822783
POLYGON_POINT -81.864210925 42.422702769 -81.864210925 42.422702769
POLYGON_POINT -81.863958647 42.422529990 -81.863958647 42.422529990
POLYGON_POINT -81.863926411 42.422496882 -81.863930616 42.422480329
POLYGON_POINT -81.863939800 42.422473769 -81.863939800 42.422473769
POLYGON_POINT -81.864747707 42.421832666 -81.864747707 42.421832666
POLYGON_POINT -81.864795409 42.421812047 -81.864820636 42.421808943
POLYGON_POINT -81.864830696 42.421811511 -81.864830696 42.421811511
POLYGON_POINT -81.864843011 42.421819216 -81.864843011 42.421819216
END_WINDING
BEGIN_WINDING
POLYGON_POINT -81.863843709 42.422985952 -81.863843709 42.422985952
POLYGON_POINT -81.863821405 42.422985952 -81.863809238 42.422979964
POLYGON_POINT -81.863739620 42.422932565 -81.863739620 42.422932565
POLYGON_POINT -81.863720695 42.422904624 -81.863723399 42.422890155
POLYGON_POINT -81.863737593 42.422880675 -81.863737593 42.422880675
POLYGON_POINT -81.863851144 42.422786874 -81.863851144 42.422786874
POLYGON_POINT -81.863870069 42.422782383 -81.863880208 42.422783880
POLYGON_POINT -81.863882236 42.422784379 -81.863882236 42.422784379
POLYGON_POINT -81.863958612 42.422889157 -81.863958612 42.422889157
POLYGON_POINT -81.863954557 42.422902129 -81.863951178 42.422906121
POLYGON_POINT -81.863942391 42.422910611 -81.863942391 42.422910611
END_WINDING
BEGIN_WINDING
POLYGON_POINT -81.864021471 42.422366035 -81.864021471 42.422366035
POLYGON_POINT -81.863949447 42.422423513 -81.863935821 42.422429979
POLYGON_POINT -81.863885210 42.422442194 -81.863868664 42.422440757
POLYGON_POINT -81.863841412 42.422429979 -81.863831679 42.422422076
POLYGON_POINT -81.863821947 42.422395493 -81.863826813 42.422381123
POLYGON_POINT -81.863844332 42.422378968 -81.863852118 42.422375375
POLYGON_POINT -81.863886184 42.422368909 -81.863892023 42.422368190
POLYGON_POINT -81.863950421 42.422364598 -81.863950421 42.422364598
END_WINDING
END_POLYGON
BEGIN_POLYGON 3 0 4
BEGIN_WINDING
POLYGON_POINT -81.863950421 42.422364598 -81.863950421 42.422364598
POLYGON_POINT -81.863886184 42.422368909 -81.863880344 42.422369627
POLYGON_POINT -81.863844332 42.422378968 -81.863836546 42.422382560
POLYGON_POINT -81.863821947 42.422395493 -81.863817080 42.422409862
POLYGON_POINT -81.863841412 42.422429979 -81.863851145 42.422437883
POLYGON_POINT -81.863885210 42.422442194 -81.863901756 42.422443630
POLYGON_POINT -81.863949447 42.422423513 -81.863963073 42.422417047
POLYGON_POINT -81.864021471 42.422366035 -81.864021471 42.422366035
END_WINDING
END_POLYGON
FILTER -1
FILTER 0
FILTER -1
FILTER 0
FILTER -1
FILTER 0
FILTER -1
FILTER 0
FILTER -1
FILTER 0
OBJECT 0 -81.864017203 42.423098793 44.189999
OBJECT 1 -81.863852256 42.423001586 73.470001
OBJECT 2 -81.863991521 42.423004261 73.470001
OBJECT 3 -81.863879524 42.422970031 312.230011
OBJECT 4 -81.863846521 42.422989053 131.619995
OBJECT 5 -81.863937160 42.423055224 73.470001
OBJECT 6 -81.863940865 42.422936241 73.470001
OBJECT 6 -81.863951270 42.422927771 73.470001
OBJECT 7 -81.863978814 42.423022071 312.000000
OBJECT 8 -81.863867811 42.422983907 311.829987
OBJECT 9 -81.863855655 42.422994514 311.269989
OBJECT 10 -81.863671818 42.422276995 258.149994
OBJECT 11 -81.863697491 42.422363797 257.869995
OBJECT 12 -81.829302785 42.443214028 0.000000
OBJECT 12 -81.827165446 42.440418960 0.000000
OBJECT 12 -81.896305127 42.402867821 0.000000
OBJECT 12 -81.898388782 42.406155486 0.000000
OBJECT 13 -81.867351622 42.427350642 0.000000
OBJECT 13 -81.867804884 42.426995220 0.000000
OBJECT 13 -81.867863284 42.426953598 0.000000
OBJECT 13 -81.867903561 42.426922382 0.000000
OBJECT 13 -81.868030432 42.426831706 0.000000
OBJECT 13 -81.868870171 42.426229234 0.000000
OBJECT 13 -81.869218559 42.425986935 0.000000
OBJECT 13 -81.864665925 42.421951060 0.000000
OBJECT 13 -81.864314705 42.422569195 0.000000
OBJECT 13 -81.864261985 42.422588355 0.000000
OBJECT 13 -81.864234408 42.422538660 0.000000
OBJECT 13 -81.864280640 42.422515309 0.000000
OBJECT 13 -81.864216565 42.422487169 249.440002
OBJECT 13 -81.864174389 42.422510520 213.690002
OBJECT 13 -81.864105586 42.422551481 0.000000
OBJECT 13 -81.864152086 42.422577225 0.000000
OBJECT 13 -81.864189866 42.422600824 0.000000
OBJECT 13 -81.864239272 42.422635150 0.000000
OBJECT 13 -81.864294490 42.422688784 0.000000
OBJECT 13 -81.864259616 42.422740272 0.000000
OBJECT 13 -81.864201491 42.422796052 0.000000
OBJECT 13 -81.864128836 42.422830377 0.000000
OBJECT 13 -81.863676446 42.422588377 0.000000
OBJECT 13 -81.863704476 42.422641142 0.000000
OBJECT 13 -81.863808190 42.422518024 0.000000
OBJECT 13 -81.863766144 42.422571823 0.000000
OBJECT 13 -81.863481633 42.422257303 0.000000
OBJECT 13 -81.863562922 42.422063832 0.000000
OBJECT 13 -81.863333071 42.422216954 0.000000
OBJECT 13 -81.863830614 42.422168327 0.000000
OBJECT 13 -81.864500545 42.421934506 90.000000
OBJECT 13 -81.864354786 42.422042105 0.000000
OBJECT 13 -81.864200618 42.422167293 0.000000
OBJECT 13 -81.864230051 42.422294549 0.000000
OBJECT 13 -81.864373006 42.422182812 0.000000
OBJECT 13 -81.864520166 42.422063832 0.000000
OBJECT 14 -81.863970625 42.422598349 137.050003
OBJECT 15 -81.863682052 42.423113050 134.190002
OBJECT 15 -81.863705254 42.423095645 134.899994
OBJECT_MSL 16 -81.863935781 42.423063974 226.466000000 0.000000
OBJECT 17 -81.864123182 42.422710064 42.259998
OBJECT 17 -81.864067805 42.422754384 42.259998
BEGIN_POLYGON 4 5 3
BEGIN_WINDING
POLYGON_POINT -81.864045542 42.422974881 0.000000000
POLYGON_POINT -81.863957360 42.422916236 0.000000000
POLYGON_POINT -81.863948534 42.422910427 0.000000000
POLYGON_POINT -81.863839259 42.423000890 0.000000000
POLYGON_POINT -81.863936267 42.423065343 0.000000000
END_WINDING
END_POLYGON
BEGIN_POLYGON 5 5 3
BEGIN_WINDING
POLYGON_POINT -81.863836412 42.423000718 0.000000000
POLYGON_POINT -81.863844244 42.423005878 0.000000000
POLYGON_POINT -81.863846231 42.423004236 0.000000000
POLYGON_POINT -81.863841143 42.423000883 0.000000000
POLYGON_POINT -81.863918220 42.422937171 1.000000000
POLYGON_POINT -81.863929857 42.422927553 0.000000000
POLYGON_POINT -81.863948614 42.422912047 0.000000000
POLYGON_POINT -81.863990309 42.422939965 0.000000000
POLYGON_POINT -81.863992590 42.422938096 0.000000000
POLYGON_POINT -81.863948189 42.422908214 0.000000000
POLYGON_POINT -81.863926820 42.422925878 1.000000000
POLYGON_POINT -81.863915194 42.422935489 0.000000000
END_WINDING
END_POLYGON
BEGIN_POLYGON 5 5 3
BEGIN_WINDING
POLYGON_POINT -81.864048351 42.422974865 0.000000000
POLYGON_POINT -81.863992590 42.422938096 0.000000000
POLYGON_POINT -81.863990309 42.422939965 0.000000000
POLYGON_POINT -81.864043361 42.422974885 0.000000000
POLYGON_POINT -81.863966310 42.423038692 1.000000000
POLYGON_POINT -81.863954218 42.423048706 0.000000000
POLYGON_POINT -81.863935781 42.423063974 0.000000000
POLYGON_POINT -81.863929199 42.423059642 0.000000000
POLYGON_POINT -81.863927523 42.423061029 0.000000000
POLYGON_POINT -81.863936873 42.423067182 0.000000000
POLYGON_POINT -81.863956959 42.423050548 1.000000000
POLYGON_POINT -81.863969045 42.423040540 0.000000000
END_WINDING
END_POLYGON
BEGIN_POLYGON 6 8 3
BEGIN_WINDING
POLYGON_POINT -81.863527671 42.421999193 0.000000000
POLYGON_POINT -81.863161871 42.422242325 0.000000000
POLYGON_POINT -81.863627648 42.422581503 0.000000000
POLYGON_POINT -81.863632787 42.422576503 0.000000000
POLYGON_POINT -81.863170748 42.422244049 0.000000000
POLYGON_POINT -81.863534445 42.422004883 0.000000000
END_WINDING
END_POLYGON
FILTER -1
OBJECT_DEF lib/airport/aircraft/general_aviation/prop_a.obj
OBJECT_DEF lib/airport/Common_Elements/Miscellaneous/One_Traffic_Cone.obj
OBJECT_DEF lib/airport/Common_Elements/Miscellaneous/Stack_of_Cones.obj
OBJECT_DEF lib/airport/Common_Elements/Miscellaneous/container_fire_extinguisher_metal.obj
OBJECT_DEF lib/airport/Common_Elements/Miscellaneous/Blue_Dumpster.obj
OBJECT_DEF lib/airport/Common_Elements/Miscellaneous/Barrel_Trash_Can.obj
OBJECT_DEF lib/g10/US/industrial/light/OilDrums.obj
OBJECT_DEF lib/g10/US/commercial/tool_locker2.obj
OBJECT_DEF lib/g10/global_objects/park_bench_1.obj
OBJECT_DEF lib/g10/global_objects/vending_machine.obj
OBJECT_DEF lib/g10/US/suburban/dU-RnchLHGry.obj
OBJECT_DEF lib/g10/US/suburban/dU-RnchRHGry.obj
OBJECT_DEF lib/g10/US/industrial/power/WindTbn2M5.obj
OBJECT_DEF lib/g10/forests/autogen_tree3.obj
OBJECT_DEF lib/ships/sail/over_10mt/Sail_1000_01.obj
OBJECT_DEF lib/airport/Common_Elements/Barriers/movable_plastic/steady_light_3m.obj
OBJECT_DEF lib/airport/landscape/windsock.obj
OBJECT_DEF lib/g10/US/industrial/light/WoodShed8x10.obj
POLYGON_DEF lib/g10/terrain10/apt_tmp_rain.pol
POLYGON_DEF lib/g8/pol/apt_wet_cool.pol
POLYGON_DEF lib/airport/pavement/asphalt_4L.pol
POLYGON_DEF lib/g8/pol/apt_wet_vhot.pol
POLYGON_DEF lib/airport/Modern_Airports/Terminal_kit/term_building_Levels_01.fac
POLYGON_DEF lib/airport/Modern_Airports/Terminal_kit/term_building_Ground_02.fac
POLYGON_DEF lib/constructions/fencing/fence_Hedge_04.fac
PROPERTY sim/filter/aptid XC0051
PROPERTY sim/require_agpoint 1/0
PROPERTY sim/require_object 1/0
PROPERTY sim/require_facade 1/4
PROPERTY sim/require_facade 6/0
