PROPERTY sim/west -180
PROPERTY sim/east 180
PROPERTY sim/north 90
PROPERTY sim/south -90
PROPERTY sim/planet earth
PROPERTY sim/creation_agent WorldEditor2.2.0r2
PROPERTY laminar/internal_revision 0
PROPERTY sim/overlay 1
FILTER 0
BEGIN_POLYGON 0 329 2
BEGIN_WINDING
POLYGON_POINT -74.620050878 45.329967589
POLYGON_POINT -74.619854640 45.330050724
POLYGON_POINT -74.619975067 45.330192356
POLYGON_POINT -74.620170959 45.330109197
END_WINDING
END_POLYGON
BEGIN_POLYGON 0 330 2
BEGIN_WINDING
POLYGON_POINT -74.620706976 45.330391932
POLYGON_POINT -74.620661050 45.330333672
POLYGON_POINT -74.620616147 45.330276850
POLYGON_POINT -74.620580793 45.330290516
POLYGON_POINT -74.620559194 45.330298828
POLYGON_POINT -74.620414482 45.330355170
POLYGON_POINT -74.620418915 45.330360764
POLYGON_POINT -74.620499890 45.330463528
POLYGON_POINT -74.620505265 45.330470290
END_WINDING
END_POLYGON
BEGIN_POLYGON 1 328 4
BEGIN_WINDING
POLYGON_POINT -74.628805080 45.328709397 -74.628805080 45.328709397
POLYGON_POINT -74.626955824 45.326460102 -74.626955824 45.326460102
POLYGON_POINT -74.626790693 45.326339701 -74.626711185 45.326318201
POLYGON_POINT -74.626558286 45.326331101 -74.626558286 45.326331101
POLYGON_POINT -74.625481873 45.326374102 -74.625200538 45.326395602
POLYGON_POINT -74.624784650 45.326571903 -74.624784650 45.326571903
POLYGON_POINT -74.624613401 45.326675103 -74.624540009 45.326743903
POLYGON_POINT -74.624668452 45.326937404 -74.624668452 45.326937404
POLYGON_POINT -74.624803006 45.327608208 -74.624754077 45.327810309
POLYGON_POINT -74.623512515 45.328334911 -74.622723526 45.328451012
POLYGON_POINT -74.621885609 45.327866209 -74.621885609 45.327866209
POLYGON_POINT -74.621371851 45.327651208 -74.621163901 45.327642608
POLYGON_POINT -74.621023230 45.327720008 -74.621023230 45.327720008
POLYGON_POINT -74.620637911 45.327935009 -74.620637911 45.327935009
POLYGON_POINT -74.623197547 45.331133566 -74.623197547 45.331133566
END_WINDING
END_POLYGON
BEGIN_POLYGON 2 0 4
BEGIN_WINDING
POLYGON_POINT -74.628263376 45.329330583 -74.628263376 45.329330583
POLYGON_POINT -74.628206942 45.329322628 -74.628172894 45.329315263
POLYGON_POINT -74.628162592 45.329299797 -74.628162592 45.329299797
POLYGON_POINT -74.628097453 45.329307250 -74.628097453 45.329307250
POLYGON_POINT -74.626536393 45.329954080 -74.626536393 45.329954080
POLYGON_POINT -74.626537614 45.330010534 -74.626559440 45.330037387
POLYGON_POINT -74.626599250 45.330033010 -74.626599250 45.330033010
END_WINDING
END_POLYGON
BEGIN_POLYGON 2 0 4
BEGIN_WINDING
POLYGON_POINT -74.625886640 45.330333803 -74.625886640 45.330333803
POLYGON_POINT -74.625895693 45.330276141 -74.625881506 45.330259262
POLYGON_POINT -74.625816523 45.330252360 -74.625816523 45.330252360
POLYGON_POINT -74.623350350 45.331290538 -74.623350350 45.331290538
POLYGON_POINT -74.622939095 45.331470046 -74.622819643 45.331529529
POLYGON_POINT -74.622551975 45.331673458 -74.622551975 45.331673458
POLYGON_POINT -74.622531886 45.331745173 -74.622531886 45.331745173
POLYGON_POINT -74.622566449 45.331736659 -74.622566449 45.331736659
POLYGON_POINT -74.623355681 45.331402120 -74.623355681 45.331402120
END_WINDING
END_POLYGON
BEGIN_POLYGON 2 0 4
BEGIN_WINDING
POLYGON_POINT -74.626781211 45.325993037 -74.626781211 45.325993037
POLYGON_POINT -74.626638794 45.326204001 -74.626524120 45.326263724
POLYGON_POINT -74.625115335 45.326195124 -74.624945448 45.326180193
POLYGON_POINT -74.624608096 45.326293999 -74.624518905 45.326344763
POLYGON_POINT -74.624312117 45.326651193 -74.624329106 45.326776610
POLYGON_POINT -74.624605184 45.327240170 -74.624613679 45.327296906
POLYGON_POINT -74.624127915 45.328037822 -74.623431357 45.328536505
POLYGON_POINT -74.622566049 45.328133957 -74.622566049 45.328133957
POLYGON_POINT -74.621561694 45.327623643 -74.621394496 45.327536256
POLYGON_POINT -74.621129699 45.327589130 -74.621094305 45.327595351
POLYGON_POINT -74.620822524 45.327724818 -74.620739937 45.327772513
POLYGON_POINT -74.620578526 45.327884324 -74.620578526 45.327884324
POLYGON_POINT -74.620637911 45.327935009 -74.620637911 45.327935009
POLYGON_POINT -74.621023230 45.327720008 -74.621023230 45.327720008
POLYGON_POINT -74.621371851 45.327651208 -74.621579801 45.327659808
POLYGON_POINT -74.621885609 45.327866209 -74.621885609 45.327866209
POLYGON_POINT -74.623512515 45.328334911 -74.624301504 45.328218810
POLYGON_POINT -74.624803006 45.327608208 -74.624851935 45.327406107
POLYGON_POINT -74.624668452 45.326937404 -74.624668452 45.326937404
POLYGON_POINT -74.624613401 45.326675103 -74.624686793 45.326606303
POLYGON_POINT -74.624784650 45.326571903 -74.624784650 45.326571903
POLYGON_POINT -74.625481873 45.326374102 -74.625763208 45.326352602
POLYGON_POINT -74.626558286 45.326331101 -74.626558286 45.326331101
POLYGON_POINT -74.626790693 45.326339701 -74.626870201 45.326361201
POLYGON_POINT -74.626955824 45.326460102 -74.626955824 45.326460102
POLYGON_POINT -74.628805080 45.328709397 -74.628805080 45.328709397
POLYGON_POINT -74.623199547 45.331132778 -74.623199547 45.331132778
POLYGON_POINT -74.623308606 45.331236542 -74.623308606 45.331236542
POLYGON_POINT -74.628052765 45.329259127 -74.628052765 45.329259127
POLYGON_POINT -74.628099795 45.329225909 -74.628099795 45.329225909
POLYGON_POINT -74.628119797 45.329148986 -74.628148607 45.329105715
POLYGON_POINT -74.628220502 45.329079571 -74.628220502 45.329079571
POLYGON_POINT -74.628634815 45.328931305 -74.628727793 45.328928543
POLYGON_POINT -74.628916323 45.329220943 -74.628916323 45.329220943
POLYGON_POINT -74.629010592 45.329338918 -74.629010592 45.329338918
POLYGON_POINT -74.628941717 45.329431980 -74.628908978 45.329455636
POLYGON_POINT -74.628722796 45.329475399 -74.628679144 45.329485629
POLYGON_POINT -74.628372068 45.329623421 -74.628372068 45.329623421
POLYGON_POINT -74.627157481 45.330133782 -74.627157481 45.330133782
POLYGON_POINT -74.626590379 45.330376054 -74.626590379 45.330376054
POLYGON_POINT -74.625067194 45.331017987 -74.625067194 45.331017987
POLYGON_POINT -74.624466016 45.331274219 -74.624466016 45.331274219
POLYGON_POINT -74.623976074 45.331491100 -74.623976074 45.331491100
POLYGON_POINT -74.623682879 45.331607583 -74.623682879 45.331607583
POLYGON_POINT -74.623506305 45.331687399 -74.623506305 45.331687399
POLYGON_POINT -74.622244848 45.332211886 -74.622233480 45.332219878
POLYGON_POINT -74.622244848 45.332211886 -74.622244848 45.332211886
POLYGON_POINT -74.622244848 45.332211886 -74.622232848 45.332219434
POLYGON_POINT -74.622198793 45.332252302 -74.622176688 45.332265178
POLYGON_POINT -74.621888723 45.332381420 -74.621888723 45.332381420
POLYGON_POINT -74.621889430 45.332438741 -74.621881572 45.332467282
POLYGON_POINT -74.621840136 45.332478432 -74.621840136 45.332478432
POLYGON_POINT -74.621875756 45.332510570 -74.621882426 45.332517268
POLYGON_POINT -74.621906145 45.332543819 -74.621914244 45.332559225
POLYGON_POINT -74.621927148 45.332593035 -74.621936246 45.332605827
POLYGON_POINT -74.622012159 45.332652796 -74.622012159 45.332652796
POLYGON_POINT -74.622104161 45.332706231 -74.622104161 45.332706231
POLYGON_POINT -74.629762003 45.329429438 -74.629762003 45.329429438
END_WINDING
END_POLYGON
BEGIN_POLYGON 3 0 4
BEGIN_WINDING
POLYGON_POINT -74.620637911 45.327935009 -74.620637911 45.327935009
POLYGON_POINT -74.620578526 45.327884324 -74.620578526 45.327884324
POLYGON_POINT -74.620360606 45.328074199 -74.620284154 45.328185283
POLYGON_POINT -74.619937580 45.328407450 -74.619835643 45.328482700
POLYGON_POINT -74.619652157 45.328554368 -74.619529833 45.328600952
POLYGON_POINT -74.619346346 45.328658285 -74.619203634 45.328708452
POLYGON_POINT -74.619045634 45.328955703 -74.618979374 45.329020203
POLYGON_POINT -74.619167960 45.329156371 -74.619280092 45.329310455
POLYGON_POINT -74.619397320 45.329342705 -74.619448289 45.329475289
POLYGON_POINT -74.619317457 45.329507210 -74.619317457 45.329507210
POLYGON_POINT -74.621725788 45.332544153 -74.621725788 45.332544153
POLYGON_POINT -74.621752817 45.332760164 -74.621741437 45.332826167
POLYGON_POINT -74.621666041 45.332824167 -74.621666041 45.332824167
POLYGON_POINT -74.621721521 45.332875169 -74.621721521 45.332875169
POLYGON_POINT -74.621927138 45.332782163 -74.621927138 45.332782163
POLYGON_POINT -74.621947141 45.332731542 -74.621947141 45.332718425
POLYGON_POINT -74.621915137 45.332631001 -74.621901242 45.332612023
POLYGON_POINT -74.621845128 45.332562802 -74.621840158 45.332556961
POLYGON_POINT -74.621725113 45.332395469 -74.621721113 45.332389844
POLYGON_POINT -74.621725113 45.332395469 -74.621725113 45.332395469
POLYGON_POINT -74.621601099 45.332196497 -74.621601099 45.332196497
POLYGON_POINT -74.621475084 45.332007368 -74.621475084 45.332007368
POLYGON_POINT -74.621371073 45.331870267 -74.621371073 45.331870267
POLYGON_POINT -74.621236058 45.331694496 -74.621236058 45.331694496
POLYGON_POINT -74.621071040 45.331492868 -74.621071040 45.331492868
POLYGON_POINT -74.620923886 45.331300693 -74.620923886 45.331300693
POLYGON_POINT -74.620823014 45.331158748 -74.620823014 45.331158748
POLYGON_POINT -74.620713004 45.330995633 -74.620713004 45.330995633
POLYGON_POINT -74.620614994 45.330869079 -74.620614994 45.330869079
POLYGON_POINT -74.620548988 45.330769241 -74.620548988 45.330769241
POLYGON_POINT -74.620503985 45.330689090 -74.620503985 45.330689090
POLYGON_POINT -74.620395975 45.330556910 -74.620395975 45.330556910
POLYGON_POINT -74.620292966 45.330432465 -74.620292966 45.330432465
POLYGON_POINT -74.620187235 45.330309481 -74.620187235 45.330309481
POLYGON_POINT -74.620073062 45.330354926 -74.620025877 45.330358532
POLYGON_POINT -74.620073062 45.330354926 -74.620073062 45.330354926
POLYGON_POINT -74.620073062 45.330354926 -74.620064674 45.330348154
POLYGON_POINT -74.620033274 45.330302082 -74.620035557 45.330292124
POLYGON_POINT -74.620033274 45.330302082 -74.620033274 45.330302082
POLYGON_POINT -74.620033274 45.330302082 -74.620038442 45.330290981
POLYGON_POINT -74.620115228 45.330263152 -74.620107804 45.330261747
POLYGON_POINT -74.620115228 45.330263152 -74.620115228 45.330263152
POLYGON_POINT -74.620115228 45.330263152 -74.620111762 45.330261879
POLYGON_POINT -74.620105950 45.330258804 -74.620102922 45.330258231
POLYGON_POINT -74.620105950 45.330258804 -74.620105950 45.330258804
POLYGON_POINT -74.620105950 45.330258804 -74.620079948 45.330253882
POLYGON_POINT -74.620005942 45.330243336 -74.619968939 45.330220837
POLYGON_POINT -74.619960370 45.330198381 -74.619960370 45.330198381
POLYGON_POINT -74.619975067 45.330192356 -74.619975067 45.330192356
POLYGON_POINT -74.619854640 45.330050724 -74.619854640 45.330050724
POLYGON_POINT -74.620050878 45.329967589 -74.620050878 45.329967589
POLYGON_POINT -74.620170591 45.330109232 -74.620170591 45.330109232
POLYGON_POINT -74.620258963 45.330264428 -74.620258963 45.330264428
POLYGON_POINT -74.620265964 45.330290442 -74.620261964 45.330310128
POLYGON_POINT -74.620254963 45.330324893 -74.620262964 45.330344579
POLYGON_POINT -74.620306718 45.330398971 -74.620306718 45.330398971
POLYGON_POINT -74.620333970 45.330402232 -74.620349443 45.330400591
POLYGON_POINT -74.620418896 45.330360716 -74.620418896 45.330360716
POLYGON_POINT -74.620414482 45.330355170 -74.620414482 45.330355170
POLYGON_POINT -74.620559194 45.330298828 -74.620559194 45.330298828
POLYGON_POINT -74.620479851 45.330226394 -74.620479851 45.330226394
POLYGON_POINT -74.620446142 45.330168830 -74.620434548 45.330126371
POLYGON_POINT -74.620333254 45.330026568 -74.620314732 45.330005830
POLYGON_POINT -74.620165434 45.329827378 -74.620144854 45.329801817
POLYGON_POINT -74.619938093 45.329539127 -74.619935336 45.329507341
POLYGON_POINT -74.619990120 45.329434910 -74.619990947 45.329417079
POLYGON_POINT -74.619959921 45.329334921 -74.619958818 45.329316315
POLYGON_POINT -74.619966264 45.329248897 -74.619975086 45.329232229
POLYGON_POINT -74.620017525 45.329210958 -74.620022212 45.329196228
POLYGON_POINT -74.619974766 45.329133804 -74.619962636 45.329120237
POLYGON_POINT -74.619880289 45.329053245 -74.619870364 45.329038709
POLYGON_POINT -74.619874628 45.329025638 -74.619876833 45.329013428
POLYGON_POINT -74.619909229 45.328992474 -74.619919705 45.328980457
POLYGON_POINT -74.619988748 45.328931473 -74.619992056 45.328919069
POLYGON_POINT -74.619979601 45.328888418 -74.619976017 45.328880472
POLYGON_POINT -74.619893593 45.328765514 -74.619893593 45.328765514
POLYGON_POINT -74.619939619 45.328624996 -74.620012882 45.328555548
POLYGON_POINT -74.620088177 45.328649334 -74.620112872 45.328673641
POLYGON_POINT -74.620178533 45.328692368 -74.620197466 45.328703364
POLYGON_POINT -74.620178533 45.328692368 -74.620178533 45.328692368
POLYGON_POINT -74.622437808 45.331517790 -74.622437808 45.331517790
POLYGON_POINT -74.622889112 45.331389221 -74.622889112 45.331389221
POLYGON_POINT -74.623310919 45.331235767 -74.623310919 45.331235767
END_WINDING
END_POLYGON
BEGIN_POLYGON 4 330 4
BEGIN_WINDING
POLYGON_POINT -74.622012159 45.332652796 -74.622012159 45.332652796
POLYGON_POINT -74.621927148 45.332593035 -74.621918050 45.332580243
POLYGON_POINT -74.621906145 45.332543819 -74.621898046 45.332528413
POLYGON_POINT -74.621875756 45.332510570 -74.621869086 45.332503872
POLYGON_POINT -74.621840136 45.332478432 -74.621840136 45.332478432
POLYGON_POINT -74.621788031 45.332398136 -74.621788031 45.332398136
POLYGON_POINT -74.621610119 45.332138000 -74.621610119 45.332138000
POLYGON_POINT -74.621551100 45.332040412 -74.621551100 45.332040412
POLYGON_POINT -74.621425223 45.331848745 -74.621425223 45.331848745
POLYGON_POINT -74.621078045 45.331423810 -74.621078045 45.331423810
POLYGON_POINT -74.620880023 45.331154530 -74.620880023 45.331154530
POLYGON_POINT -74.620876023 45.331099689 -74.620892025 45.331084221
POLYGON_POINT -74.620982614 45.331045649 -74.620982614 45.331045649
POLYGON_POINT -74.620888422 45.330915448 -74.620883422 45.330917557
POLYGON_POINT -74.620785574 45.330927383 -74.620753571 45.330921055
POLYGON_POINT -74.620704006 45.330852908 -74.620704006 45.330852908
POLYGON_POINT -74.620803130 45.330812742 -74.620803130 45.330812742
POLYGON_POINT -74.620766756 45.330769226 -74.620766756 45.330769226
POLYGON_POINT -74.620645000 45.330812129 -74.620645000 45.330812129
POLYGON_POINT -74.620437858 45.330548599 -74.620380708 45.330466745
POLYGON_POINT -74.620437858 45.330548599 -74.620437858 45.330548599
POLYGON_POINT -74.620437858 45.330548599 -74.620422729 45.330526930
POLYGON_POINT -74.620423978 45.330505585 -74.620431605 45.330488420
POLYGON_POINT -74.620499890 45.330463528 -74.620499890 45.330463528
POLYGON_POINT -74.620418896 45.330360716 -74.620418896 45.330360716
POLYGON_POINT -74.620415168 45.330362164 -74.620415168 45.330362164
POLYGON_POINT -74.620333970 45.330402232 -74.620318497 45.330403873
POLYGON_POINT -74.620306718 45.330398971 -74.620306718 45.330398971
POLYGON_POINT -74.620254963 45.330324893 -74.620246962 45.330305207
POLYGON_POINT -74.620265964 45.330290442 -74.620269964 45.330270756
POLYGON_POINT -74.620258963 45.330264428 -74.620258963 45.330264428
POLYGON_POINT -74.620170591 45.330109232 -74.620170591 45.330109232
POLYGON_POINT -74.619975067 45.330192356 -74.619975067 45.330192356
POLYGON_POINT -74.619960370 45.330198381 -74.619960370 45.330198381
POLYGON_POINT -74.620005942 45.330243336 -74.620042945 45.330265835
POLYGON_POINT -74.620115228 45.330263152 -74.620141230 45.330268074
POLYGON_POINT -74.620115228 45.330263152 -74.620115228 45.330263152
POLYGON_POINT -74.620115228 45.330263152 -74.620122652 45.330264557
POLYGON_POINT -74.620033274 45.330302082 -74.620028106 45.330313183
POLYGON_POINT -74.620033274 45.330302082 -74.620033274 45.330302082
POLYGON_POINT -74.620033274 45.330302082 -74.620030991 45.330312040
POLYGON_POINT -74.620073062 45.330354926 -74.620081450 45.330361698
POLYGON_POINT -74.620073062 45.330354926 -74.620073062 45.330354926
POLYGON_POINT -74.620073062 45.330354926 -74.620120247 45.330351320
POLYGON_POINT -74.620187235 45.330309481 -74.620187235 45.330309481
POLYGON_POINT -74.620292966 45.330432465 -74.620292966 45.330432465
POLYGON_POINT -74.620395975 45.330556910 -74.620395975 45.330556910
POLYGON_POINT -74.620503985 45.330689090 -74.620503985 45.330689090
POLYGON_POINT -74.620548988 45.330769241 -74.620548988 45.330769241
POLYGON_POINT -74.620614994 45.330869079 -74.620614994 45.330869079
POLYGON_POINT -74.620713004 45.330995633 -74.620713004 45.330995633
POLYGON_POINT -74.620823014 45.331158748 -74.620823014 45.331158748
POLYGON_POINT -74.620923886 45.331300693 -74.620923886 45.331300693
POLYGON_POINT -74.621071040 45.331492868 -74.621071040 45.331492868
POLYGON_POINT -74.621236058 45.331694496 -74.621236058 45.331694496
POLYGON_POINT -74.621371073 45.331870267 -74.621371073 45.331870267
POLYGON_POINT -74.621475084 45.332007368 -74.621475084 45.332007368
POLYGON_POINT -74.621603099 45.332198606 -74.621605099 45.332200715
POLYGON_POINT -74.621725113 45.332395469 -74.621729113 45.332401094
POLYGON_POINT -74.621845128 45.332562802 -74.621850098 45.332568643
POLYGON_POINT -74.621915137 45.332631001 -74.621929032 45.332649979
POLYGON_POINT -74.621947141 45.332731542 -74.621947141 45.332744659
POLYGON_POINT -74.621927138 45.332782163 -74.621927138 45.332782163
POLYGON_POINT -74.622104161 45.332706231 -74.622104161 45.332706231
END_WINDING
END_POLYGON
FILTER -1
FILTER 0
FILTER -1
FILTER 0
FILTER -1
FILTER 0
FILTER -1
FILTER 0
FILTER -1
FILTER 0
OBJECT 0 -74.620428608 45.330359187 92.769989
OBJECT 1 -74.620618885 45.330413046 92.769989
OBJECT 2 -74.620485909 45.330328225 331.529999
OBJECT 3 -74.620429635 45.330342141 150.920013
OBJECT 4 -74.620512802 45.330460092 92.769989
OBJECT 5 -74.620589436 45.330304283 92.769989
OBJECT 5 -74.620608865 45.330296857 92.769989
OBJECT 6 -74.620590065 45.330431289 331.299988
OBJECT 7 -74.620461076 45.330341920 331.130005
OBJECT 8 -74.620437892 45.330351470 330.570007
BEGIN_POLYGON 5 5 3
BEGIN_WINDING
POLYGON_POINT -74.620709802 45.330392425 0.000000000
POLYGON_POINT -74.620624723 45.330284428 0.000000000
POLYGON_POINT -74.620617107 45.330274760 0.000000000
POLYGON_POINT -74.620412032 45.330354605 0.000000000
POLYGON_POINT -74.620504727 45.330472271 0.000000000
END_WINDING
END_POLYGON
BEGIN_POLYGON 6 5 3
BEGIN_WINDING
POLYGON_POINT -74.620408414 45.330353578 0.000000000
POLYGON_POINT -74.620415168 45.330362164 0.000000000
POLYGON_POINT -74.620418896 45.330360716 0.000000000
POLYGON_POINT -74.620414507 45.330355137 0.000000000
POLYGON_POINT -74.620559093 45.330298935 1.000000000
POLYGON_POINT -74.620580921 45.330290451 0.000000000
POLYGON_POINT -74.620616107 45.330276773 0.000000000
POLYGON_POINT -74.620661158 45.330333686 0.000000000
POLYGON_POINT -74.620665425 45.330332043 0.000000000
POLYGON_POINT -74.620618164 45.330271941 0.000000000
POLYGON_POINT -74.620578859 45.330287220 1.000000000
POLYGON_POINT -74.620556269 45.330296001 0.000000000
END_WINDING
END_POLYGON
BEGIN_POLYGON 6 5 3
BEGIN_WINDING
POLYGON_POINT -74.620713497 45.330393211 0.000000000
POLYGON_POINT -74.620665425 45.330332043 0.000000000
POLYGON_POINT -74.620661158 45.330333686 0.000000000
POLYGON_POINT -74.620706938 45.330391805 0.000000000
POLYGON_POINT -74.620562322 45.330448131 1.000000000
POLYGON_POINT -74.620539628 45.330456971 0.000000000
POLYGON_POINT -74.620505024 45.330470448 0.000000000
POLYGON_POINT -74.620499343 45.330463239 0.000000000
POLYGON_POINT -74.620496198 45.330464463 0.000000000
POLYGON_POINT -74.620504268 45.330474704 0.000000000
POLYGON_POINT -74.620541967 45.330460020 1.000000000
POLYGON_POINT -74.620564650 45.330451186 0.000000000
END_WINDING
END_POLYGON
OBJECT 9 -74.620863669 45.330810353 152.520004
OBJECT 0 -74.619980971 45.330180545 0.959991
OBJECT 1 -74.620082780 45.330030890 0.959991
OBJECT 2 -74.619935141 45.330141261 239.720001
OBJECT 3 -74.619956704 45.330180363 59.109985
OBJECT 4 -74.620153020 45.330103944 0.959991
OBJECT 5 -74.619897829 45.330069273 0.959991
OBJECT 5 -74.619886657 45.330055855 0.959991
OBJECT 6 -74.620109628 45.330050564 239.490005
OBJECT 7 -74.619955397 45.330158277 239.320007
OBJECT 8 -74.619969707 45.330174266 238.760010
BEGIN_POLYGON 5 5 3
BEGIN_WINDING
POLYGON_POINT -74.620050589 45.329967658 0.000000000
POLYGON_POINT -74.619868485 45.330045105 0.000000000
POLYGON_POINT -74.619854980 45.330050763 0.000000000
POLYGON_POINT -74.619974982 45.330192337 0.000000000
POLYGON_POINT -74.620170591 45.330109232 0.000000000
END_WINDING
END_POLYGON
BEGIN_POLYGON 6 5 3
BEGIN_WINDING
POLYGON_POINT -74.619973636 45.330194912 0.000000000
POLYGON_POINT -74.619985630 45.330189895 0.000000000
POLYGON_POINT -74.619983453 45.330187321 0.000000000
POLYGON_POINT -74.619975660 45.330190581 0.000000000
POLYGON_POINT -74.619891185 45.330090763 1.000000000
POLYGON_POINT -74.619878433 45.330075693 0.000000000
POLYGON_POINT -74.619857874 45.330051402 0.000000000
POLYGON_POINT -74.619968616 45.330003695 0.000000000
POLYGON_POINT -74.619966145 45.330000749 0.000000000
POLYGON_POINT -74.619850939 45.330050109 0.000000000
POLYGON_POINT -74.619873904 45.330077244 1.000000000
POLYGON_POINT -74.619887102 45.330092840 0.000000000
END_WINDING
END_POLYGON
BEGIN_POLYGON 6 5 3
BEGIN_WINDING
POLYGON_POINT -74.620051589 45.329965036 0.000000000
POLYGON_POINT -74.619966145 45.330000749 0.000000000
POLYGON_POINT -74.619968616 45.330003695 0.000000000
POLYGON_POINT -74.620049797 45.329969690 0.000000000
POLYGON_POINT -74.620134449 45.330069526 1.000000000
POLYGON_POINT -74.620147735 45.330085193 0.000000000
POLYGON_POINT -74.620167990 45.330109082 0.000000000
POLYGON_POINT -74.620157919 45.330113301 0.000000000
POLYGON_POINT -74.620159760 45.330115472 0.000000000
POLYGON_POINT -74.620174064 45.330109478 0.000000000
POLYGON_POINT -74.620151996 45.330083453 1.000000000
POLYGON_POINT -74.620138719 45.330067793 0.000000000
END_WINDING
END_POLYGON
OBJECT 10 -74.620492672 45.328577373 0.000000
OBJECT 10 -74.627432268 45.329396274 0.000000
OBJECT 10 -74.627136638 45.329509641 180.000000
OBJECT 10 -74.625670426 45.330126862 0.000000
OBJECT 10 -74.625921266 45.330028191 0.000000
OBJECT 10 -74.625550979 45.330173049 0.000000
OBJECT 10 -74.623941411 45.330849052 0.000000
OBJECT 10 -74.624437218 45.331541315 0.000000
OBJECT 10 -74.627769857 45.330117928 0.000000
OBJECT 10 -74.628050568 45.330040388 0.000000
OBJECT 11 -74.628361392 45.329934926 0.000000
OBJECT 11 -74.629154914 45.329562992 0.000000
OBJECT 12 -74.629237000 45.329535657 0.000000
OBJECT 12 -74.629382930 45.329470523 0.000000
OBJECT 11 -74.629468135 45.329452805 90.000000
OBJECT 10 -74.629512930 45.329410899 90.000000
OBJECT 10 -74.619437264 45.328643637 0.000000
OBJECT 10 -74.629626922 45.329399736 0.000000
OBJECT 10 -74.628553147 45.328932424 0.000000
OBJECT 10 -74.624425489 45.330684027 0.000000
OBJECT 11 -74.619304603 45.329304402 0.000000
OBJECT 11 -74.619295699 45.329383695 0.000000
OBJECT 11 -74.619880406 45.329389954 0.000000
OBJECT 11 -74.619772856 45.329354927 0.000000
OBJECT 11 -74.621071625 45.331655146 0.000000
OBJECT 11 -74.619853511 45.329473675 0.000000
OBJECT 11 -74.628702465 45.328521435 0.000000
OBJECT 12 -74.628191303 45.329090918 0.000000
OBJECT 13 -74.628166820 45.329687042 0.000000
OBJECT 13 -74.626327826 45.330469344 0.000000
OBJECT 13 -74.624490351 45.331251000 0.000000
OBJECT 13 -74.622708020 45.332009198 0.000000
OBJECT 13 -74.623600923 45.331629360 0.000000
OBJECT 13 -74.627248150 45.330077841 0.000000
OBJECT 13 -74.625437537 45.330848070 0.000000
OBJECT 13 -74.627980852 45.329469560 0.000000
OBJECT 13 -74.626024736 45.330202604 0.000000
OBJECT 13 -74.624285276 45.331020692 0.000000
OBJECT 13 -74.622530777 45.331757102 0.000000
OBJECT 13 -74.623414531 45.331386167 0.000000
OBJECT 13 -74.627230909 45.329787981 0.000000
OBJECT 13 -74.625228261 45.330624896 0.000000
OBJECT 14 -74.628586374 45.329197684 149.770004
OBJECT 14 -74.628592564 45.329205269 150.000000
OBJECT 14 -74.628778233 45.329431399 148.330002
OBJECT 14 -74.628785552 45.329440037 148.839996
OBJECT 14 -74.622177093 45.332238083 148.759995
OBJECT 14 -74.622170886 45.332231021 147.990005
OBJECT 14 -74.621984474 45.331993965 148.990005
OBJECT 14 -74.621979816 45.331988657 149.169998
OBJECT 15 -74.622258281 45.331703656 0.000000
OBJECT 15 -74.621989812 45.331367615 0.000000
OBJECT 15 -74.621509382 45.330769442 0.000000
OBJECT 15 -74.621219137 45.330416808 0.000000
OBJECT 15 -74.620864461 45.329979493 0.000000
OBJECT 15 -74.619900021 45.328682805 0.000000
OBJECT 15 -74.620030713 45.328936076 0.000000
OBJECT 15 -74.620389746 45.329381830 0.000000
OBJECT 15 -74.622421982 45.331619876 0.000000
OBJECT 15 -74.622156132 45.331287517 0.000000
OBJECT 15 -74.621686223 45.330696843 0.000000
OBJECT 15 -74.621400296 45.330340853 180.000000
OBJECT 15 -74.621049983 45.329905840 0.000000
OBJECT 15 -74.620024165 45.328622284 0.000000
OBJECT 15 -74.620230418 45.328879302 0.000000
OBJECT 15 -74.620570901 45.329305108 0.000000
OBJECT 16 -74.620686845 45.330637448 59.980000
OBJECT 17 -74.621020584 45.331019579 331.700012
OBJECT 18 -74.621529405 45.332115268 152.320007
OBJECT 18 -74.621870036 45.332523882 333.290009
OBJECT 19 -74.620594610 45.330946257 245.559998
OBJECT 19 -74.621185729 45.331328984 246.460007
OBJECT 19 -74.620988688 45.330654850 237.380005
OBJECT 19 -74.620608897 45.330505370 246.990005
OBJECT 19 -74.620264285 45.330473899 247.990005
BEGIN_POLYGON 7 8 3
BEGIN_WINDING
POLYGON_POINT -74.623173682 45.331154210 0.000000000
POLYGON_POINT -74.623091234 45.331049877 0.000000000
END_WINDING
END_POLYGON
BEGIN_POLYGON 7 8 3
BEGIN_WINDING
POLYGON_POINT -74.628853737 45.329081459 0.000000000
POLYGON_POINT -74.628674803 45.328879636 0.000000000
POLYGON_POINT -74.628055058 45.329132092 0.000000000
END_WINDING
END_POLYGON
FILTER -1
OBJECT_DEF lib/airport/Common_Elements/Miscellaneous/One_Traffic_Cone.obj
OBJECT_DEF lib/airport/Common_Elements/Miscellaneous/Stack_of_Cones.obj
OBJECT_DEF lib/airport/Common_Elements/Miscellaneous/container_fire_extinguisher_metal.obj
OBJECT_DEF lib/airport/Common_Elements/Miscellaneous/Blue_Dumpster.obj
OBJECT_DEF lib/airport/Common_Elements/Miscellaneous/Barrel_Trash_Can.obj
OBJECT_DEF lib/g10/US/industrial/light/OilDrums.obj
OBJECT_DEF lib/g10/US/commercial/tool_locker2.obj
OBJECT_DEF lib/g10/global_objects/park_bench_1.obj
OBJECT_DEF lib/g10/global_objects/vending_machine.obj
OBJECT_DEF lib/g10/US/industrial/light/TinShed10x30Lt.obj
OBJECT_DEF lib/g10/forests/autogen_tree2.obj
OBJECT_DEF lib/g10/forests/autogen_tree3.obj
OBJECT_DEF lib/g10/forests/autogen_tree4.obj
OBJECT_DEF lib/airport/Common_Elements/Markers/Cones/Red_White_Closed_1.obj
OBJECT_DEF lib/airport/Common_Elements/Runway_Markers/Sheet_Metal/White_Red_1.obj
OBJECT_DEF lib/airport/Common_Elements/Markers/Cones/Red_White_Closed.obj
OBJECT_DEF lib/g10/EU/suburban/hRes1_9x12.obj
OBJECT_DEF lib/g10/EU/suburban/hRes1_12x9.obj
OBJECT_DEF lib/airport/Common_Elements/Traffic_Signs/German/with_base/stop.obj
OBJECT_DEF lib/airport/aircraft/general_aviation/prop_a.obj
POLYGON_DEF lib/airport/pavement/concrete_1D.pol
POLYGON_DEF lib/g8/pol/apt_wet_cool.pol
POLYGON_DEF lib/g8/pol/apt_wet_vhot.pol
POLYGON_DEF lib/g10/terrain10/apt_tmp_rain.pol
POLYGON_DEF lib/airport/pavement/asphalt_5L.pol
POLYGON_DEF lib/airport/Modern_Airports/Terminal_kit/term_building_Levels_01.fac
POLYGON_DEF lib/airport/Modern_Airports/Terminal_kit/term_building_Ground_02.fac
POLYGON_DEF lib/g10/global_objects/hedge_res.fac
PROPERTY sim/filter/aptid XC0010
PROPERTY sim/require_agpoint 1/0
PROPERTY sim/require_object 1/0
PROPERTY sim/require_facade 1/5
PROPERTY sim/require_facade 6/0
