PROPERTY sim/west -180
PROPERTY sim/east 180
PROPERTY sim/north 90
PROPERTY sim/south -90
PROPERTY sim/planet earth
PROPERTY sim/creation_agent WorldEditor1.6.0r1
PROPERTY laminar/internal_revision 0
PROPERTY sim/overlay 1
FILTER 0
BEGIN_POLYGON 0 0 4
BEGIN_WINDING
POLYGON_POINT -113.947077770 50.883763758 -113.947077770 50.883763758
POLYGON_POINT -113.947274658 50.883734412 -113.947274658 50.883734412
POLYGON_POINT -113.947334377 50.883864896 -113.947334377 50.883864896
POLYGON_POINT -113.947394549 50.883853507 -113.947394549 50.883853507
POLYGON_POINT -113.947437525 50.883948340 -113.947437525 50.883948340
POLYGON_POINT -113.948036385 50.883861099 -113.948036385 50.883861099
POLYGON_POINT -113.948079638 50.883825413 -113.948079638 50.883825413
POLYGON_POINT -113.948011914 50.883702882 -113.948011914 50.883702882
POLYGON_POINT -113.947709450 50.883153723 -113.947709450 50.883153723
POLYGON_POINT -113.947394549 50.883223322 -113.947394549 50.883223322
POLYGON_POINT -113.947654627 50.883712949 -113.947654627 50.883712949
POLYGON_POINT -113.947351363 50.883776727 -113.947351363 50.883776727
POLYGON_POINT -113.947177930 50.883530822 -113.947079298 50.883487506
POLYGON_POINT -113.946922942 50.883541357 -113.946922942 50.883541357
POLYGON_POINT -113.946943232 50.883621906 -113.946943232 50.883621906
POLYGON_POINT -113.946814891 50.883645976 -113.946814891 50.883645976
POLYGON_POINT -113.946782818 50.883670267 -113.946782818 50.883670267
POLYGON_POINT -113.946816698 50.883801290 -113.946816698 50.883801290
END_WINDING
END_POLYGON
BEGIN_POLYGON 1 0 4
BEGIN_WINDING
POLYGON_POINT -113.945489314 50.883665409 -113.945489314 50.883665409
POLYGON_POINT -113.945617146 50.883891791 -113.945617146 50.883891791
POLYGON_POINT -113.945790375 50.883779346 -113.945790375 50.883779346
POLYGON_POINT -113.946922942 50.883541357 -113.946922942 50.883541357
POLYGON_POINT -113.947178192 50.883530565 -113.947277086 50.883573625
POLYGON_POINT -113.947351363 50.883776727 -113.947351363 50.883776727
POLYGON_POINT -113.947654627 50.883712949 -113.947654627 50.883712949
POLYGON_POINT -113.947395536 50.883224823 -113.947395536 50.883224823
POLYGON_POINT -113.947348784 50.883237537 -113.947348784 50.883237537
POLYGON_POINT -113.946966266 50.883404690 -113.946968186 50.883404639
POLYGON_POINT -113.945765422 50.883675436 -113.945765422 50.883675436
POLYGON_POINT -113.945660616 50.883675436 -113.945660616 50.883675436
END_WINDING
END_POLYGON
BEGIN_POLYGON 2 0 4
BEGIN_WINDING
POLYGON_POINT -113.944951934 50.882463148 -113.944951934 50.882463148
POLYGON_POINT -113.945489314 50.883665409 -113.945489314 50.883665409
POLYGON_POINT -113.945660616 50.883675436 -113.945660616 50.883675436
POLYGON_POINT -113.945765422 50.883675436 -113.945765422 50.883675436
POLYGON_POINT -113.946968186 50.883404639 -113.946968186 50.883404639
POLYGON_POINT -113.947348784 50.883237537 -113.947348784 50.883237537
POLYGON_POINT -113.947395536 50.883224823 -113.947395536 50.883224823
POLYGON_POINT -113.947710843 50.883153341 -113.947710843 50.883153341
POLYGON_POINT -113.947487221 50.882752837 -113.947487221 50.882752837
POLYGON_POINT -113.947986293 50.882648927 -113.947986293 50.882648927
POLYGON_POINT -113.948492355 50.883598866 -113.948492355 50.883598866
POLYGON_POINT -113.948560597 50.883725700 -113.948560597 50.883725700
POLYGON_POINT -113.948079638 50.883825413 -113.948079638 50.883825413
POLYGON_POINT -113.948036201 50.883861215 -113.948036201 50.883861215
POLYGON_POINT -113.947437525 50.883948340 -113.947437525 50.883948340
POLYGON_POINT -113.946089819 50.884147756 -113.946089819 50.884147756
POLYGON_POINT -113.946014958 50.883921042 -113.946014958 50.883921042
POLYGON_POINT -113.946816698 50.883801290 -113.946816698 50.883801290
POLYGON_POINT -113.946778538 50.883672287 -113.946778538 50.883672287
POLYGON_POINT -113.946813473 50.883647097 -113.946813473 50.883647097
POLYGON_POINT -113.946943232 50.883621906 -113.946943232 50.883621906
POLYGON_POINT -113.946923269 50.883540037 -113.946923269 50.883540037
POLYGON_POINT -113.945790375 50.883779346 -113.945790375 50.883779346
POLYGON_POINT -113.945617146 50.883891791 -113.945617146 50.883891791
POLYGON_POINT -113.945980023 50.884248517 -113.946276637 50.884328225
POLYGON_POINT -113.946494067 50.884268994 -113.946494067 50.884268994
POLYGON_POINT -113.946938241 50.884229960 -113.946938241 50.884229960
POLYGON_POINT -113.948452911 50.884053964 -113.948452911 50.884053964
POLYGON_POINT -113.948702006 50.884017445 -113.948702006 50.884017445
POLYGON_POINT -113.949257998 50.883932255 -113.949257998 50.883932255
POLYGON_POINT -113.949021456 50.883450265 -113.949021456 50.883450265
POLYGON_POINT -113.948861487 50.883212851 -113.948861487 50.883212851
POLYGON_POINT -113.948023401 50.881718165 -113.948023401 50.881718165
POLYGON_POINT -113.947802169 50.881737932 -113.947802169 50.881737932
POLYGON_POINT -113.947587035 50.881768492 -113.947587035 50.881768492
POLYGON_POINT -113.947040536 50.881847193 -113.947040536 50.881847193
POLYGON_POINT -113.945743451 50.882144131 -113.945743451 50.882144131
POLYGON_POINT -113.945072654 50.882324265 -113.945072654 50.882324265
END_WINDING
END_POLYGON
BEGIN_POLYGON 1 0 4
BEGIN_WINDING
POLYGON_POINT -113.955303835 50.882696126 -113.955303835 50.882696126
POLYGON_POINT -113.955190481 50.882653216 -113.955190481 50.882653216
POLYGON_POINT -113.955118691 50.882507797 -113.955118691 50.882507797
POLYGON_POINT -113.955118691 50.882438663 -113.955118691 50.882438663
POLYGON_POINT -113.955114602 50.882291708 -113.955114602 50.882291708
POLYGON_POINT -113.954875873 50.882289398 -113.954875873 50.882289398
POLYGON_POINT -113.954869316 50.882426743 -113.954869316 50.882426743
POLYGON_POINT -113.954839089 50.882457734 -113.954839089 50.882457734
POLYGON_POINT -113.954771078 50.882469654 -113.954771078 50.882469654
POLYGON_POINT -113.954653948 50.882445815 -113.954653948 50.882445815
POLYGON_POINT -113.954038069 50.882510180 -113.954038069 50.882510180
POLYGON_POINT -113.953925903 50.882526349 -113.953925903 50.882526349
POLYGON_POINT -113.953873094 50.882155053 -113.953873094 50.882155053
POLYGON_POINT -113.953698347 50.882154956 -113.953698347 50.882154956
POLYGON_POINT -113.953658393 50.882521740 -113.953658393 50.882521740
POLYGON_POINT -113.953463751 50.882491109 -113.953463751 50.882491109
POLYGON_POINT -113.953448638 50.882421975 -113.953448638 50.882421975
POLYGON_POINT -113.953024225 50.882415494 -113.953024225 50.882415494
POLYGON_POINT -113.953035107 50.882065344 -113.953035107 50.882065344
POLYGON_POINT -113.953035107 50.882055045 -113.953035107 50.882055045
POLYGON_POINT -113.952578228 50.882134487 -113.952578228 50.882134487
POLYGON_POINT -113.952610873 50.882220308 -113.952610873 50.882220308
POLYGON_POINT -113.952681604 50.882216876 -113.952681604 50.882216876
POLYGON_POINT -113.952700513 50.882269405 -113.952700513 50.882269405
POLYGON_POINT -113.952768656 50.882268368 -113.952768656 50.882268368
POLYGON_POINT -113.952806742 50.882488070 -113.952806742 50.882488070
POLYGON_POINT -113.952677842 50.882495877 -113.952677842 50.882495877
POLYGON_POINT -113.952500257 50.882526868 -113.952500257 50.882526868
POLYGON_POINT -113.952428470 50.882565011 -113.952428470 50.882565011
POLYGON_POINT -113.952050628 50.882638912 -113.952050628 50.882638912
POLYGON_POINT -113.952054407 50.882688974 -113.952054407 50.882688974
POLYGON_POINT -113.952179095 50.882934518 -113.952179095 50.882934518
POLYGON_POINT -113.952265998 50.882920215 -113.952265998 50.882920215
POLYGON_POINT -113.952315118 50.883010803 -113.952315118 50.883010803
POLYGON_POINT -113.951944833 50.883115696 -113.951944833 50.883115696
POLYGON_POINT -113.951744577 50.883137151 -113.951744577 50.883137151
POLYGON_POINT -113.951733242 50.883103776 -113.951733242 50.883103776
POLYGON_POINT -113.951763469 50.883063250 -113.951763469 50.883063250
POLYGON_POINT -113.951910827 50.883001268 -113.951910827 50.883001268
POLYGON_POINT -113.951774804 50.882741421 -113.951774804 50.882741421
POLYGON_POINT -113.951616111 50.882820090 -113.951616111 50.882820090
POLYGON_POINT -113.951695457 50.882982196 -113.951695457 50.882982196
POLYGON_POINT -113.951684122 50.883039411 -113.951684122 50.883039411
POLYGON_POINT -113.951653895 50.883079937 -113.951653895 50.883079937
POLYGON_POINT -113.951627446 50.883110928 -113.951627446 50.883110928
POLYGON_POINT -113.951540542 50.883115696 -113.951540542 50.883115696
POLYGON_POINT -113.951483866 50.883075169 -113.951483866 50.883075169
POLYGON_POINT -113.951502758 50.883010803 -113.951502758 50.883010803
POLYGON_POINT -113.951551878 50.882939286 -113.951551878 50.882939286
POLYGON_POINT -113.951589662 50.882846313 -113.951589662 50.882846313
POLYGON_POINT -113.951551878 50.882784331 -113.951551878 50.882784331
POLYGON_POINT -113.951544321 50.882767644 -113.951544321 50.882767644
POLYGON_POINT -113.951604775 50.882717581 -113.951604775 50.882717581
POLYGON_POINT -113.951695457 50.882686590 -113.951695457 50.882686590
POLYGON_POINT -113.951725685 50.882653216 -113.951725685 50.882653216
POLYGON_POINT -113.951491423 50.882636528 -113.951491423 50.882636528
POLYGON_POINT -113.951004007 50.882741421 -113.951004007 50.882741421
POLYGON_POINT -113.950966223 50.882750956 -113.950966223 50.882750956
POLYGON_POINT -113.950781081 50.882433895 -113.950781081 50.882433895
POLYGON_POINT -113.950622387 50.882140673 -113.950622387 50.882140673
POLYGON_POINT -113.950561933 50.882019093 -113.950561933 50.882019093
POLYGON_POINT -113.950539262 50.881983334 -113.950539262 50.881983334
POLYGON_POINT -113.950429688 50.882011941 -113.950429688 50.882011941
POLYGON_POINT -113.950456137 50.882047700 -113.950456137 50.882047700
POLYGON_POINT -113.950482586 50.882085843 -113.950482586 50.882085843
POLYGON_POINT -113.950459915 50.882107298 -113.950459915 50.882107298
POLYGON_POINT -113.950584603 50.882357610 -113.950584603 50.882357610
POLYGON_POINT -113.950637501 50.882455350 -113.950637501 50.882455350
POLYGON_POINT -113.950781075 50.882724733 -113.950781075 50.882724733
POLYGON_POINT -113.950611045 50.882765260 -113.950611045 50.882765260
POLYGON_POINT -113.950663943 50.882865384 -113.950663943 50.882865384
POLYGON_POINT -113.950109528 50.882971907 -113.950109528 50.882971907
POLYGON_POINT -113.950194832 50.883103203 -113.950194832 50.883103203
POLYGON_POINT -113.950524140 50.883013187 -113.950524140 50.883013187
POLYGON_POINT -113.951034233 50.882898759 -113.951034233 50.882898759
POLYGON_POINT -113.951306281 50.882853465 -113.951306281 50.882853465
POLYGON_POINT -113.951317616 50.882886840 -113.951317616 50.882886840
POLYGON_POINT -113.951344065 50.882922598 -113.951344065 50.882922598
POLYGON_POINT -113.951291167 50.882946438 -113.951291167 50.882946438
POLYGON_POINT -113.951276053 50.883048946 -113.951276053 50.883048946
POLYGON_POINT -113.951291167 50.883087089 -113.951291167 50.883087089
POLYGON_POINT -113.951132472 50.883532882 -113.951132472 50.883532882
POLYGON_POINT -113.950981334 50.883566257 -113.950981334 50.883566257
POLYGON_POINT -113.950939771 50.883623471 -113.950939771 50.883623471
POLYGON_POINT -113.951699239 50.883487587 -113.951699239 50.883487587
POLYGON_POINT -113.951589664 50.883470900 -113.951589664 50.883470900
POLYGON_POINT -113.951362957 50.883385079 -113.951362957 50.883385079
POLYGON_POINT -113.951393185 50.883222972 -113.951393185 50.883222972
POLYGON_POINT -113.951453640 50.883206285 -113.951453640 50.883206285
POLYGON_POINT -113.951831485 50.883244428 -113.951831485 50.883244428
POLYGON_POINT -113.952277344 50.883149071 -113.952277344 50.883149071
POLYGON_POINT -113.952606068 50.882963125 -113.952606068 50.882963125
POLYGON_POINT -113.952681637 50.882734269 -113.952681637 50.882734269
POLYGON_POINT -113.952734535 50.882655600 -113.952734535 50.882655600
POLYGON_POINT -113.952791211 50.882650832 -113.952791211 50.882650832
POLYGON_POINT -113.952813882 50.882657983 -113.952813882 50.882657983
POLYGON_POINT -113.952813882 50.882703278 -113.952813882 50.882703278
POLYGON_POINT -113.952840331 50.882901143 -113.952840331 50.882908295
POLYGON_POINT -113.952874337 50.883015571 -113.952874337 50.883015571
POLYGON_POINT -113.952942349 50.883125232 -113.952942349 50.883125232
POLYGON_POINT -113.952893229 50.883199133 -113.952889451 50.883199133
POLYGON_POINT -113.952579619 50.883299258 -113.952579619 50.883299258
POLYGON_POINT -113.954257242 50.882984580 -113.954257242 50.882984580
POLYGON_POINT -113.953815168 50.883022723 -113.953815168 50.883022723
POLYGON_POINT -113.953505338 50.883044178 -113.953505338 50.883044178
POLYGON_POINT -113.953323974 50.882998884 -113.953323974 50.882998884
POLYGON_POINT -113.953225735 50.882886840 -113.953225735 50.882886840
POLYGON_POINT -113.953199286 50.882660367 -113.953199286 50.882660367
POLYGON_POINT -113.953312638 50.882607921 -113.953312638 50.882607921
POLYGON_POINT -113.953614912 50.882636528 -113.953614912 50.882636528
POLYGON_POINT -113.954030537 50.882631760 -113.954030537 50.882631760
POLYGON_POINT -113.954782442 50.882567395 -113.954782442 50.882567395
POLYGON_POINT -113.954873124 50.882562627 -113.954873124 50.882562627
POLYGON_POINT -113.954944914 50.882719965 -113.954944914 50.882719965
POLYGON_POINT -113.954876902 50.882805786 -113.954876902 50.882805786
POLYGON_POINT -113.954816447 50.882872536 -113.954816447 50.882872536
POLYGON_POINT -113.955481448 50.882712814 -113.955481448 50.882712814
END_WINDING
BEGIN_WINDING
POLYGON_POINT -113.955046904 50.882781947 -113.955046904 50.882781947
POLYGON_POINT -113.955077131 50.882691358 -113.955077131 50.882691358
POLYGON_POINT -113.955164034 50.882755724 -113.955164034 50.882755724
END_WINDING
BEGIN_WINDING
POLYGON_POINT -113.952371789 50.882979813 -113.952371789 50.882979813
POLYGON_POINT -113.952337783 50.882896375 -113.952337783 50.882896375
POLYGON_POINT -113.952386903 50.882920215 -113.952386903 50.882920215
POLYGON_POINT -113.952447357 50.882646064 -113.952447357 50.882646064
POLYGON_POINT -113.952458693 50.882617457 -113.952458693 50.882617457
POLYGON_POINT -113.952575824 50.882603153 -113.952575824 50.882603153
POLYGON_POINT -113.952473806 50.882803403 -113.952473806 50.882803403
POLYGON_POINT -113.952436022 50.882896375 -113.952436022 50.882896375
END_WINDING
END_POLYGON
BEGIN_POLYGON 1 0 2
BEGIN_WINDING
POLYGON_POINT -113.949854603 50.883029204
POLYGON_POINT -113.949815820 50.883035636
POLYGON_POINT -113.949461267 50.883112702
POLYGON_POINT -113.949366050 50.883161334
POLYGON_POINT -113.949066798 50.883227130
POLYGON_POINT -113.948995988 50.883235524
POLYGON_POINT -113.948861487 50.883212851
POLYGON_POINT -113.949021456 50.883450265
POLYGON_POINT -113.949094002 50.883344419
POLYGON_POINT -113.949837601 50.883164195
POLYGON_POINT -113.949950954 50.883158473
POLYGON_POINT -113.949964556 50.883189941
POLYGON_POINT -113.949946420 50.883201384
POLYGON_POINT -113.949918034 50.883178204
POLYGON_POINT -113.949307107 50.883312951
POLYGON_POINT -113.949293504 50.883332976
POLYGON_POINT -113.949312496 50.883372160
POLYGON_POINT -113.949237590 50.883397610
POLYGON_POINT -113.949302573 50.883490315
POLYGON_POINT -113.949363486 50.883477793
POLYGON_POINT -113.949370585 50.883493176
POLYGON_POINT -113.949311641 50.883513201
POLYGON_POINT -113.949357356 50.883624292
POLYGON_POINT -113.949456733 50.883604743
POLYGON_POINT -113.949737850 50.883596161
POLYGON_POINT -113.949761898 50.883650039
POLYGON_POINT -113.950227417 50.883565936
POLYGON_POINT -113.950213934 50.883513201
POLYGON_POINT -113.950340890 50.883496036
POLYGON_POINT -113.950376696 50.883543694
POLYGON_POINT -113.951089966 50.883430633
POLYGON_POINT -113.951093556 50.883375887
POLYGON_POINT -113.951160050 50.883379140
POLYGON_POINT -113.951274492 50.883095927
POLYGON_POINT -113.951179705 50.883015438
POLYGON_POINT -113.951288524 50.882943921
POLYGON_POINT -113.951338399 50.882923896
POLYGON_POINT -113.951315729 50.882883846
POLYGON_POINT -113.950644677 50.883021160
POLYGON_POINT -113.950526789 50.883012577
POLYGON_POINT -113.950194832 50.883103203
POLYGON_POINT -113.950109528 50.882971907
END_WINDING
END_POLYGON
BEGIN_POLYGON 1 0 4
BEGIN_WINDING
POLYGON_POINT -113.948995367 50.881580342 -113.948995367 50.881580342
POLYGON_POINT -113.948995367 50.881580342 -113.948903532 50.881567098
POLYGON_POINT -113.948998604 50.881480473 -113.948998604 50.881480473
POLYGON_POINT -113.948485837 50.881596133 -113.948485837 50.881596133
POLYGON_POINT -113.948497382 50.881644143 -113.948497382 50.881644143
POLYGON_POINT -113.948646419 50.881625270 -113.948722511 50.881620304
POLYGON_POINT -113.948775514 50.881651096 -113.948846358 50.881675928
POLYGON_POINT -113.948852294 50.881701490 -113.948846192 50.881715607
POLYGON_POINT -113.948794406 50.881712680 -113.948794406 50.881712680
POLYGON_POINT -113.948756622 50.881657056 -113.948756622 50.881657056
POLYGON_POINT -113.948562926 50.881702557 -113.948562926 50.881702557
POLYGON_POINT -113.948473015 50.881833512 -113.948499377 50.881896716
POLYGON_POINT -113.948616347 50.882087605 -113.948639546 50.882124197
POLYGON_POINT -113.948542266 50.882146559 -113.948555974 50.882179159
POLYGON_POINT -113.948712541 50.882449709 -113.948712541 50.882449709
POLYGON_POINT -113.949030556 50.882366271 -113.949030556 50.882366271
POLYGON_POINT -113.949046300 50.882392097 -113.949046300 50.882392097
POLYGON_POINT -113.948954988 50.882413950 -113.948954988 50.882413950
POLYGON_POINT -113.949058894 50.882578838 -113.949058894 50.882578838
POLYGON_POINT -113.949147057 50.882562945 -113.949147057 50.882562945
POLYGON_POINT -113.949184841 50.882606650 -113.949184841 50.882606650
POLYGON_POINT -113.949496560 50.882537119 -113.949496560 50.882537119
POLYGON_POINT -113.949474519 50.882489441 -113.949474519 50.882489441
POLYGON_POINT -113.949556384 50.882463615 -113.949556384 50.882463615
POLYGON_POINT -113.949452478 50.882262968 -113.949452478 50.882262968
POLYGON_POINT -113.949509154 50.882245089 -113.949509154 50.882245089
POLYGON_POINT -113.949383207 50.882026563 -113.949383207 50.882026563
POLYGON_POINT -113.949317085 50.882028550 -113.949317085 50.882028550
POLYGON_POINT -113.949291896 50.881998751 -113.949291896 50.881998751
POLYGON_POINT -113.949228923 50.882018617 -113.949228923 50.882018617
POLYGON_POINT -113.949055746 50.881698774 -113.949040561 50.881665242
POLYGON_POINT -113.949095141 50.881640017 -113.949160941 50.881621654
POLYGON_POINT -113.949475768 50.881547706 -113.949475768 50.881547706
POLYGON_POINT -113.949757127 50.881451967 -113.949793861 50.881410580
POLYGON_POINT -113.949796208 50.881310725 -113.949796208 50.881310725
POLYGON_POINT -113.949523791 50.881367188 -113.949523791 50.881367188
POLYGON_POINT -113.949617971 50.881440829 -113.949541879 50.881473939
POLYGON_POINT -113.949339435 50.881527755 -113.949338000 50.881526535
POLYGON_POINT -113.948995367 50.881580342 -113.948903532 50.881567098
END_WINDING
END_POLYGON
BEGIN_POLYGON 1 0 2
BEGIN_WINDING
POLYGON_POINT -113.950490190 50.881271903
POLYGON_POINT -113.950563890 50.881122511
POLYGON_POINT -113.950060876 50.881234760
POLYGON_POINT -113.950290112 50.881317155
POLYGON_POINT -113.950490532 50.881659642
POLYGON_POINT -113.950680667 50.881617123
END_WINDING
END_POLYGON
BEGIN_POLYGON 1 0 2
BEGIN_WINDING
POLYGON_POINT -113.949854603 50.883029204
POLYGON_POINT -113.950109528 50.882971907
POLYGON_POINT -113.949855845 50.882590389
POLYGON_POINT -113.949699958 50.882623448
END_WINDING
END_POLYGON
BEGIN_POLYGON 1 0 2
BEGIN_WINDING
POLYGON_POINT -113.954184452 50.882344228
POLYGON_POINT -113.954792773 50.882346612
POLYGON_POINT -113.954797518 50.882288936
POLYGON_POINT -113.954875873 50.882289398
POLYGON_POINT -113.955114602 50.882291708
POLYGON_POINT -113.955174391 50.882291782
POLYGON_POINT -113.955181948 50.882353764
POLYGON_POINT -113.956338140 50.882365684
POLYGON_POINT -113.956341918 50.882315621
POLYGON_POINT -113.956496832 50.882313237
POLYGON_POINT -113.956500611 50.881671963
POLYGON_POINT -113.956409929 50.881419268
POLYGON_POINT -113.956357025 50.881240474
POLYGON_POINT -113.956292794 50.880963939
POLYGON_POINT -113.956277680 50.880932948
POLYGON_POINT -113.956175665 50.880935332
POLYGON_POINT -113.956179443 50.880892422
POLYGON_POINT -113.955178180 50.880887654
POLYGON_POINT -113.955108031 50.880977132
POLYGON_POINT -113.955115623 50.881314349
POLYGON_POINT -113.955119353 50.881444651
POLYGON_POINT -113.955189515 50.881447875
POLYGON_POINT -113.955191478 50.881559194
POLYGON_POINT -113.955119696 50.881558297
POLYGON_POINT -113.955117693 50.881646460
POLYGON_POINT -113.955118594 50.881824610
POLYGON_POINT -113.955207387 50.881829378
POLYGON_POINT -113.955196052 50.881905663
POLYGON_POINT -113.955131820 50.881908047
POLYGON_POINT -113.955120485 50.881860369
POLYGON_POINT -113.954345924 50.881855601
POLYGON_POINT -113.954334589 50.881903280
POLYGON_POINT -113.954270357 50.881898512
POLYGON_POINT -113.954192031 50.881903203
END_WINDING
END_POLYGON
BEGIN_POLYGON 1 0 2
BEGIN_WINDING
POLYGON_POINT -113.955230880 50.880793552
POLYGON_POINT -113.954802682 50.880783206
POLYGON_POINT -113.954884677 50.880888974
POLYGON_POINT -113.954913831 50.880964851
POLYGON_POINT -113.954915653 50.881116605
POLYGON_POINT -113.955088755 50.881116605
POLYGON_POINT -113.955090577 50.880966000
POLYGON_POINT -113.955127019 50.880886674
END_WINDING
END_POLYGON
BEGIN_POLYGON 2 0 2
BEGIN_WINDING
POLYGON_POINT -113.948023401 50.881718165
POLYGON_POINT -113.949257998 50.883932255
POLYGON_POINT -113.953205460 50.883214726
POLYGON_POINT -113.955041111 50.882825210
POLYGON_POINT -113.956909252 50.882353691
POLYGON_POINT -113.956746805 50.881820669
POLYGON_POINT -113.956454400 50.880816128
POLYGON_POINT -113.952815587 50.880754626
POLYGON_POINT -113.952295757 50.880764876
END_WINDING
BEGIN_WINDING
POLYGON_POINT -113.950680667 50.881617123
POLYGON_POINT -113.950490532 50.881659642
POLYGON_POINT -113.950290112 50.881317155
POLYGON_POINT -113.950490190 50.881271903
END_WINDING
END_POLYGON
FILTER -1
FILTER 0
FILTER -1
FILTER 0
FILTER -1
FILTER 0
FILTER -1
FILTER 0
FILTER -1
FILTER 0
OBJECT_MSL 0 -113.952006631 50.882830403 1059.119000000 71.000000
OBJECT 1 -113.951601831 50.882646814 187.500000
OBJECT 1 -113.951846895 50.881271377 352.500000
OBJECT_MSL 1 -113.953072197 50.881675217 1049.426000000 89.500000
OBJECT 2 -113.950272092 50.883284208 160.000000
OBJECT 3 -113.950165195 50.883324810 71.000000
OBJECT 4 -113.950241654 50.883104781 252.179993
OBJECT 5 -113.950561778 50.883321652 75.000000
OBJECT 5 -113.950902894 50.883293508 256.609985
OBJECT 6 -113.950454195 50.883351451 255.000000
OBJECT 6 -113.950220662 50.883560044 75.540001
OBJECT 4 -113.950661489 50.883478924 74.550003
OBJECT 4 -113.950002873 50.883238877 339.570007
OBJECT 4 -113.949680125 50.883503757 252.160004
OBJECT 6 -113.949903162 50.883354762 71.099998
OBJECT 7 -113.949708988 50.883228944 250.770004
OBJECT 7 -113.949304897 50.883500446 159.619995
OBJECT 7 -113.949373120 50.883613020 160.500000
OBJECT 7 -113.950417460 50.883195834 255.960007
OBJECT 7 -113.950926510 50.882993863 255.000000
OBJECT 7 -113.950703472 50.883025317 255.000000
OBJECT 6 -113.949292973 50.883324282 250.000000
OBJECT 6 -113.950583965 50.883170321 254.519989
OBJECT 6 -113.951255698 50.883092512 14.650000
OBJECT 6 -113.950998550 50.883249785 75.459999
OBJECT 6 -113.951093013 50.883405402 75.459999
OBJECT 3 -113.948988682 50.881809788 72.000000
OBJECT 2 -113.949096508 50.881769122 160.000000
OBJECT 4 -113.949459097 50.882534098 70.000000
OBJECT 4 -113.949152922 50.882262794 340.000000
OBJECT 4 -113.949287285 50.882427642 160.000000
OBJECT 4 -113.949035750 50.882055923 340.000000
OBJECT 4 -113.949169882 50.882225287 160.000000
OBJECT 4 -113.948803800 50.882116143 340.000000
OBJECT 4 -113.948915513 50.882287772 160.000000
OBJECT 5 -113.948853207 50.881712215 340.000000
OBJECT 4 -113.948651552 50.881845436 340.000000
OBJECT 4 -113.948776453 50.882016292 160.000000
OBJECT 4 -113.948882537 50.881760794 340.000000
OBJECT 6 -113.948709057 50.882421624 160.000000
OBJECT 7 -113.948570890 50.881712614 250.000000
OBJECT 8 -113.950410427 50.881332574 341.000000
OBJECT 9 -113.950570002 50.881608440 161.000000
OBJECT 9 -113.950595973 50.881655549 161.000000
OBJECT 8 -113.949962535 50.882961404 341.000000
OBJECT 9 -113.949780153 50.882610764 341.000000
OBJECT 9 -113.949753911 50.882562362 341.000000
OBJECT 10 -113.949754096 50.882004815 160.000000
OBJECT 10 -113.949779385 50.881591094 250.000000
OBJECT 10 -113.949738602 50.881600179 250.000000
OBJECT_MSL 11 -113.949367373 50.881884529 1043.026000000 161.020004
OBJECT_MSL 11 -113.949495670 50.881856808 1043.026000000 161.020004
OBJECT_MSL 11 -113.949412301 50.881684811 1043.026000000 251.000000
OBJECT_MSL 11 -113.949671957 50.881626371 1043.026000000 251.000000
OBJECT_MSL 11 -113.949671957 50.881626371 1043.026000000 251.000000
OBJECT_MSL 11 -113.949506191 50.882138258 1043.026000000 161.020004
OBJECT_MSL 11 -113.949633871 50.882109476 1043.026000000 161.020004
OBJECT_MSL 12 -113.950051759 50.882446236 1043.026000000 161.000000
OBJECT_MSL 12 -113.950033391 50.881878399 1043.026000000 71.019997
OBJECT 2 -113.954871070 50.882196624 0.000000
OBJECT 2 -113.955114191 50.882160587 180.000000
OBJECT 3 -113.954993739 50.882180984 270.000000
OBJECT 13 -113.954174364 50.881957686 90.000000
OBJECT 13 -113.954177513 50.881985499 90.000000
OBJECT 13 -113.954174364 50.881919941 90.000000
OBJECT 13 -113.954372729 50.881848423 180.000000
OBJECT 13 -113.954413662 50.881850410 180.000000
OBJECT 13 -113.954473486 50.881852397 180.000000
OBJECT 13 -113.954530162 50.881850410 180.000000
OBJECT 13 -113.954583689 50.881852397 180.000000
OBJECT 4 -113.955126786 50.881813410 180.000000
OBJECT 4 -113.955132034 50.881136311 180.690002
OBJECT 6 -113.955126786 50.881426023 180.000000
OBJECT 4 -113.956476030 50.882106681 0.000000
OBJECT 6 -113.955729799 50.880898829 268.720001
OBJECT 7 -113.954454594 50.882182172 270.000000
OBJECT 7 -113.955414934 50.882347060 91.000000
OBJECT 4 -113.955118960 50.882259649 180.000000
OBJECT 4 -113.954870217 50.882064963 1.740000
OBJECT 6 -113.954199553 50.882291435 180.429993
OBJECT 6 -113.954725378 50.882347060 90.430000
OBJECT 7 -113.954448297 50.882025231 270.000000
OBJECT 6 -113.954630919 50.881858356 270.380005
OBJECT 6 -113.955273244 50.880894856 270.000000
OBJECT 5 -113.956441395 50.881504742 349.089996
OBJECT 7 -113.956450841 50.881566326 346.459991
OBJECT 6 -113.956346935 50.881220658 350.130005
OBJECT 6 -113.956268219 50.880940547 350.130005
OBJECT 7 -113.956488625 50.881693469 0.000000
OBJECT 6 -113.956472881 50.881816638 359.380005
OBJECT 4 -113.955814813 50.881383559 270.000000
OBJECT 4 -113.955814813 50.881220658 270.000000
OBJECT 7 -113.955880934 50.881057757 270.000000
OBJECT 6 -113.955436974 50.881053784 271.000000
OBJECT 6 -113.955361407 50.881216685 271.000000
OBJECT 6 -113.955361407 50.881377599 271.000000
OBJECT 6 -113.955799069 50.881544474 271.000000
OBJECT 6 -113.955358258 50.881542487 271.000000
OBJECT 6 -113.955814813 50.881709361 271.000000
OBJECT 6 -113.955364555 50.881701415 271.000000
OBJECT 6 -113.955355109 50.881858356 271.000000
OBJECT 6 -113.955795921 50.881864316 271.000000
OBJECT 6 -113.955795921 50.882029204 271.000000
OBJECT 6 -113.955351961 50.882027217 271.000000
OBJECT 6 -113.955811664 50.882190118 271.000000
OBJECT 6 -113.955370852 50.882184159 271.000000
OBJECT 7 -113.954627770 50.882013311 90.000000
OBJECT 7 -113.954630919 50.882176212 90.000000
OBJECT 7 -113.955619421 50.881046223 90.699997
OBJECT 4 -113.955647846 50.881207635 90.000000
OBJECT 5 -113.955440122 50.881371805 90.000000
OBJECT 4 -113.955724376 50.881371805 90.000000
OBJECT 5 -113.955461988 50.881534596 88.320000
OBJECT 4 -113.955748428 50.881537355 90.709999
OBJECT 6 -113.956058133 50.881046886 91.000000
OBJECT 6 -113.956090932 50.881211056 91.000000
OBJECT 6 -113.956167462 50.881376606 91.000000
OBJECT 6 -113.956200260 50.881536638 91.000000
OBJECT 6 -113.955824170 50.881695290 91.000000
OBJECT 6 -113.956271277 50.881699263 91.000000
OBJECT 6 -113.955783238 50.881854218 91.000000
OBJECT 6 -113.956246088 50.881860177 91.000000
OBJECT 6 -113.955821022 50.882019105 91.000000
OBJECT 6 -113.956264980 50.882021092 91.000000
OBJECT 6 -113.955802130 50.882180020 91.000000
OBJECT 6 -113.956264980 50.882182007 91.000000
OBJECT 6 -113.955871400 50.882352854 91.000000
OBJECT 6 -113.956321655 50.882354841 91.000000
OBJECT 10 -113.953149511 50.881004356 0.000000
OBJECT 10 -113.953228226 50.881717545 180.000000
OBJECT 10 -113.953227201 50.881636094 0.000000
OBJECT 10 -113.955023243 50.881500616 90.000000
OBJECT 10 -113.955023609 50.881526756 90.000000
OBJECT 10 -113.955025440 50.881597940 90.000000
OBJECT 10 -113.954229387 50.881746545 180.000000
OBJECT 10 -113.954263797 50.881746544 180.000000
OBJECT 10 -113.954083508 50.881642054 180.000000
OBJECT 10 -113.954035404 50.881425459 180.000000
OBJECT 10 -113.954023791 50.882031720 270.000000
OBJECT 10 -113.954023791 50.882006888 270.000000
OBJECT 10 -113.954115627 50.881528449 90.000000
OBJECT 10 -113.954742996 50.881010164 0.000000
OBJECT 9 -113.953787177 50.882160822 0.000000
OBJECT 9 -113.953786945 50.882111367 0.000000
OBJECT 8 -113.953790286 50.882490316 180.000000
OBJECT 9 -113.955001469 50.881112617 180.000000
OBJECT 9 -113.955001265 50.881163695 180.000000
OBJECT 8 -113.955006196 50.880926532 0.000000
OBJECT_MSL 11 -113.954984875 50.881652988 1043.635000000 0.000000
OBJECT_MSL 11 -113.954986393 50.881616583 1043.635000000 0.000000
OBJECT_MSL 11 -113.954848214 50.881652030 1043.635000000 0.000000
OBJECT_MSL 11 -113.954956024 50.881351205 1043.026000000 0.000000
OBJECT_MSL 11 -113.955034983 50.881351205 1043.026000000 0.000000
OBJECT_MSL 11 -113.954846695 50.881383778 1043.026000000 0.000000
OBJECT_MSL 11 -113.954846695 50.881115526 1043.026000000 0.000000
OBJECT_MSL 12 -113.953495923 50.882061669 1043.026000000 90.000000
OBJECT_MSL 12 -113.953627664 50.881791624 1043.026000000 0.000000
OBJECT_MSL 12 -113.953491939 50.881522973 1043.026000000 0.000000
OBJECT_MSL 12 -113.954348171 50.881521322 1043.026000000 0.000000
OBJECT_MSL 12 -113.954349332 50.881250474 1043.026000000 0.000000
OBJECT_MSL 12 -113.953492385 50.881251432 1043.026000000 0.000000
OBJECT_MSL 12 -113.954348569 50.880981080 1043.026000000 0.000000
OBJECT_MSL 12 -113.953493991 50.880981489 1043.026000000 0.000000
OBJECT 14 -113.947451456 50.883819089 340.000000
OBJECT 14 -113.947502993 50.883810301 340.000000
OBJECT 14 -113.947551743 50.883801513 340.000000
OBJECT 14 -113.947603280 50.883793604 340.000000
OBJECT 15 -113.947754577 50.883509491 70.910004
OBJECT 16 -113.947642105 50.883456711 250.000000
OBJECT 17 -113.947666996 50.883305426 250.000000
OBJECT_MSL 18 -113.948378986 50.883693975 1045.464000000 72.000000
OBJECT_MSL 18 -113.948129394 50.883712099 1045.464000000 162.000000
OBJECT 19 -113.947003377 50.883615053 347.000000
OBJECT 19 -113.946859454 50.883636422 347.000000
BEGIN_POLYGON 3 10 2
BEGIN_WINDING
POLYGON_POINT -113.950080382 50.883361789
POLYGON_POINT -113.949965940 50.883189958
POLYGON_POINT -113.949918034 50.883178204
POLYGON_POINT -113.949306788 50.883312534
POLYGON_POINT -113.949237590 50.883397610
POLYGON_POINT -113.949357356 50.883624292
POLYGON_POINT -113.949761898 50.883650039
POLYGON_POINT -113.950376696 50.883543694
POLYGON_POINT -113.951089966 50.883430633
POLYGON_POINT -113.951160050 50.883379140
POLYGON_POINT -113.951274492 50.883095927
POLYGON_POINT -113.951257636 50.883064583
POLYGON_POINT -113.951136984 50.882920738
POLYGON_POINT -113.950646391 50.883021485
POLYGON_POINT -113.950561225 50.883021485
POLYGON_POINT -113.950194832 50.883103203
POLYGON_POINT -113.950270240 50.883280071
END_WINDING
END_POLYGON
BEGIN_POLYGON 3 10 2
BEGIN_WINDING
POLYGON_POINT -113.949175663 50.881673158
POLYGON_POINT -113.949059112 50.881701570
POLYGON_POINT -113.949095026 50.881765856
END_WINDING
END_POLYGON
BEGIN_POLYGON 3 10 2
BEGIN_WINDING
POLYGON_POINT -113.948852497 50.881699898
POLYGON_POINT -113.948757137 50.881658116
POLYGON_POINT -113.948566416 50.881703241
POLYGON_POINT -113.948502842 50.881753380
POLYGON_POINT -113.948473705 50.881838615
POLYGON_POINT -113.948611447 50.882085965
POLYGON_POINT -113.948574363 50.882116048
POLYGON_POINT -113.948537278 50.882146131
POLYGON_POINT -113.948712106 50.882448634
POLYGON_POINT -113.948953156 50.882415208
POLYGON_POINT -113.949059112 50.882580665
POLYGON_POINT -113.949149174 50.882565623
POLYGON_POINT -113.949180961 50.882609077
POLYGON_POINT -113.949498829 50.882538883
POLYGON_POINT -113.949472340 50.882490416
POLYGON_POINT -113.949554456 50.882462004
POLYGON_POINT -113.949596838 50.882455319
END_WINDING
END_POLYGON
BEGIN_POLYGON 3 10 2
BEGIN_WINDING
POLYGON_POINT -113.949816624 50.882503664
POLYGON_POINT -113.950463243 50.882356764
POLYGON_POINT -113.950316457 50.882100487
POLYGON_POINT -113.950177263 50.882130825
POLYGON_POINT -113.950116524 50.882022247
END_WINDING
END_POLYGON
BEGIN_POLYGON 3 10 2
BEGIN_WINDING
POLYGON_POINT -113.949985865 50.881779818
POLYGON_POINT -113.949859326 50.881525893
POLYGON_POINT -113.949593450 50.881577618
POLYGON_POINT -113.949177998 50.881671430
POLYGON_POINT -113.949641555 50.882532290
END_WINDING
END_POLYGON
BEGIN_POLYGON 3 10 2
BEGIN_WINDING
POLYGON_POINT -113.949963099 50.882962775
POLYGON_POINT -113.949840101 50.882726139
POLYGON_POINT -113.949777843 50.882607341
END_WINDING
END_POLYGON
BEGIN_POLYGON 3 10 2
BEGIN_WINDING
POLYGON_POINT -113.949699446 50.882624396
POLYGON_POINT -113.949701269 50.882629413
POLYGON_POINT -113.949856155 50.883032523
END_WINDING
END_POLYGON
BEGIN_POLYGON 3 10 2
BEGIN_WINDING
POLYGON_POINT -113.950109284 50.882972286
POLYGON_POINT -113.949855146 50.882589734
POLYGON_POINT -113.949854091 50.882591065
END_WINDING
END_POLYGON
BEGIN_POLYGON 3 10 2
BEGIN_WINDING
POLYGON_POINT -113.953873708 50.882156495
POLYGON_POINT -113.953878367 50.882152008
POLYGON_POINT -113.953925903 50.882526349
END_WINDING
END_POLYGON
BEGIN_POLYGON 3 10 2
BEGIN_WINDING
POLYGON_POINT -113.953700348 50.882156495
POLYGON_POINT -113.953697817 50.882156495
POLYGON_POINT -113.953657324 50.882523745
END_WINDING
END_POLYGON
BEGIN_POLYGON 3 10 2
BEGIN_WINDING
POLYGON_POINT -113.954870217 50.882426913
POLYGON_POINT -113.954876075 50.882290155
POLYGON_POINT -113.954861429 50.882246725
POLYGON_POINT -113.954870949 50.882071158
END_WINDING
END_POLYGON
BEGIN_POLYGON 3 10 2
BEGIN_WINDING
POLYGON_POINT -113.955118669 50.882077602
POLYGON_POINT -113.955117992 50.882274781
POLYGON_POINT -113.955114602 50.882291708
POLYGON_POINT -113.955118691 50.882438663
END_WINDING
END_POLYGON
BEGIN_POLYGON 3 10 2
BEGIN_WINDING
POLYGON_POINT -113.953787938 50.882160287
POLYGON_POINT -113.953787938 50.882242679
POLYGON_POINT -113.953790975 50.882490812
END_WINDING
END_POLYGON
BEGIN_POLYGON 3 10 2
BEGIN_WINDING
POLYGON_POINT -113.955001872 50.881114516
POLYGON_POINT -113.955005533 50.880963898
POLYGON_POINT -113.955006265 50.880924164
END_WINDING
END_POLYGON
BEGIN_POLYGON 3 10 2
BEGIN_WINDING
POLYGON_POINT -113.955088281 50.881123294
POLYGON_POINT -113.955090478 50.881116364
POLYGON_POINT -113.955108052 50.880977296
END_WINDING
END_POLYGON
BEGIN_POLYGON 3 10 2
BEGIN_WINDING
POLYGON_POINT -113.954912603 50.880980687
POLYGON_POINT -113.953922582 50.880978771
POLYGON_POINT -113.953066184 50.880978771
POLYGON_POINT -113.953057602 50.881352546
POLYGON_POINT -113.953064795 50.881385111
END_WINDING
END_POLYGON
BEGIN_POLYGON 4 10 3
BEGIN_WINDING
POLYGON_POINT -113.946012962 50.883916266 0.000000000
POLYGON_POINT -113.946090818 50.884142979 0.000000000
POLYGON_POINT -113.947437525 50.883948340 0.000000000
POLYGON_POINT -113.947394811 50.883853622 0.000000000
POLYGON_POINT -113.947331457 50.883864958 0.000000000
POLYGON_POINT -113.947274658 50.883734412 2.000000000
POLYGON_POINT -113.947077770 50.883763758 0.000000000
END_WINDING
END_POLYGON
BEGIN_POLYGON 4 10 3
BEGIN_WINDING
POLYGON_POINT -113.948011914 50.883702882 0.000000000
POLYGON_POINT -113.948492355 50.883598866 0.000000000
POLYGON_POINT -113.947983301 50.882642891 0.000000000
POLYGON_POINT -113.947489325 50.882746868 0.000000000
POLYGON_POINT -113.947710843 50.883153341 2.000000000
END_WINDING
END_POLYGON
BEGIN_POLYGON 5 10 2
BEGIN_WINDING
POLYGON_POINT -113.951574155 50.881342437
POLYGON_POINT -113.951359506 50.881389376
POLYGON_POINT -113.951374445 50.881418206
POLYGON_POINT -113.951576791 50.881373484
END_WINDING
END_POLYGON
BEGIN_POLYGON 5 10 3
BEGIN_WINDING
POLYGON_POINT -113.952132082 50.882457175 0.000000000
POLYGON_POINT -113.951942409 50.882479516 0.000000000
POLYGON_POINT -113.951972413 50.882532456 0.000000000
POLYGON_POINT -113.952202812 50.882508676 0.000000000
END_WINDING
END_POLYGON
BEGIN_POLYGON 6 6 3
BEGIN_WINDING
POLYGON_POINT -113.949984211 50.881778967 0.000000000
POLYGON_POINT -113.950115959 50.882021332 0.000000000
POLYGON_POINT -113.950226496 50.882003867 0.000000000
POLYGON_POINT -113.950270577 50.882081556 0.000000000
POLYGON_POINT -113.950455356 50.882040674 0.000000000
POLYGON_POINT -113.950411260 50.881966514 0.000000000
POLYGON_POINT -113.950515254 50.881939543 0.000000000
POLYGON_POINT -113.950395397 50.881749570 0.000000000
POLYGON_POINT -113.950467226 50.881732696 0.000000000
POLYGON_POINT -113.950432755 50.881671743 0.000000000
END_WINDING
END_POLYGON
BEGIN_POLYGON 7 10 2
BEGIN_WINDING
POLYGON_POINT -113.950632908 50.881998560
POLYGON_POINT -113.950700784 50.882120140
POLYGON_POINT -113.951279914 50.881979139
POLYGON_POINT -113.951206011 50.881854062
END_WINDING
END_POLYGON
BEGIN_POLYGON 7 50 3
BEGIN_WINDING
POLYGON_POINT -113.951495602 50.882631802 0.000000000
POLYGON_POINT -113.951723826 50.882650430 0.000000000
POLYGON_POINT -113.952002417 50.882588604 0.000000000
POLYGON_POINT -113.951972413 50.882532456 0.000000000
POLYGON_POINT -113.951942409 50.882479516 0.000000000
POLYGON_POINT -113.951802015 50.882228832 0.000000000
POLYGON_POINT -113.952196474 50.882183060 0.000000000
POLYGON_POINT -113.952586398 50.882137289 0.000000000
POLYGON_POINT -113.953069203 50.882057576 0.000000000
POLYGON_POINT -113.953066621 50.881810048 0.000000000
POLYGON_POINT -113.953064795 50.881385111 0.000000000
POLYGON_POINT -113.952749623 50.881201839 0.000000000
POLYGON_POINT -113.951569761 50.881298637 0.000000000
POLYGON_POINT -113.951574155 50.881342437 0.000000000
POLYGON_POINT -113.951576791 50.881373484 0.000000000
POLYGON_POINT -113.951588916 50.881487909 0.000000000
POLYGON_POINT -113.951420139 50.881513013 0.000000000
POLYGON_POINT -113.951374445 50.881418206 0.000000000
POLYGON_POINT -113.951359506 50.881389376 0.000000000
POLYGON_POINT -113.951236691 50.881156677 0.000000000
POLYGON_POINT -113.950750125 50.881267635 0.000000000
POLYGON_POINT -113.950940909 50.881630720 0.000000000
POLYGON_POINT -113.950467226 50.881732696 0.000000000
POLYGON_POINT -113.950395397 50.881749570 0.000000000
POLYGON_POINT -113.950515254 50.881939543 0.000000000
POLYGON_POINT -113.950556106 50.882016210 0.000000000
POLYGON_POINT -113.950632908 50.881998560 0.000000000
POLYGON_POINT -113.951206011 50.881854062 0.000000000
POLYGON_POINT -113.951279914 50.881979139 0.000000000
POLYGON_POINT -113.950700784 50.882120140 0.000000000
POLYGON_POINT -113.950620814 50.882139713 0.000000000
POLYGON_POINT -113.950783658 50.882429418 0.000000000
POLYGON_POINT -113.950839964 50.882417021 0.000000000
POLYGON_POINT -113.951311927 50.882303461 0.000000000
END_WINDING
END_POLYGON
BEGIN_POLYGON 7 33 3
BEGIN_WINDING
POLYGON_POINT -113.950839964 50.882417021 0.000000000
POLYGON_POINT -113.951010175 50.882735270 0.000000000
POLYGON_POINT -113.951495602 50.882631802 0.000000000
POLYGON_POINT -113.951311927 50.882303461 0.000000000
END_WINDING
END_POLYGON
BEGIN_POLYGON 7 33 3
BEGIN_WINDING
POLYGON_POINT -113.952202812 50.882508676 0.000000000
POLYGON_POINT -113.952208253 50.882543004 0.000000000
POLYGON_POINT -113.952273543 50.882549861 0.000000000
POLYGON_POINT -113.952257220 50.882518966 0.000000000
POLYGON_POINT -113.952676163 50.882474339 0.000000000
POLYGON_POINT -113.952681604 50.882494936 0.000000000
POLYGON_POINT -113.952806742 50.882488070 0.000000000
POLYGON_POINT -113.952768656 50.882268368 0.000000000
POLYGON_POINT -113.952697926 50.882268368 0.000000000
POLYGON_POINT -113.952681604 50.882216876 0.000000000
POLYGON_POINT -113.952610873 50.882220308 0.000000000
POLYGON_POINT -113.952578228 50.882134487 0.000000000
POLYGON_POINT -113.952191931 50.882182547 0.000000000
POLYGON_POINT -113.952191931 50.882302697 0.000000000
POLYGON_POINT -113.952164727 50.882302697 0.000000000
POLYGON_POINT -113.952175608 50.882354189 0.000000000
POLYGON_POINT -113.952110319 50.882357622 0.000000000
POLYGON_POINT -113.952132082 50.882457175 0.000000000
END_WINDING
END_POLYGON
BEGIN_POLYGON 8 10 3
BEGIN_WINDING
POLYGON_POINT -113.952002417 50.882588604 0.000000000
POLYGON_POINT -113.951723826 50.882650430 0.000000000
POLYGON_POINT -113.951771719 50.882734920 2.000000000
POLYGON_POINT -113.951908806 50.882990398 0.000000000
POLYGON_POINT -113.951947823 50.883065397 0.000000000
POLYGON_POINT -113.952218718 50.883005635 0.000000000
POLYGON_POINT -113.952180486 50.882931970 2.000000000
POLYGON_POINT -113.952050444 50.882681972 0.000000000
END_WINDING
END_POLYGON
FILTER -1
OBJECT_DEF lib/g10/global_objects/rooftop_helipad_4.obj
OBJECT_DEF lib/g10/US/industrial/light/FactCLobby.obj
OBJECT_DEF lib/g10/US/industrial/light/SecBarrier.obj
OBJECT_DEF lib/airport/Common_Elements/Parking/Ticket_Dispense_Station.obj
OBJECT_DEF lib/airport/Common_Elements/Parking_Items/Row_of_Cars_6.agp
OBJECT_DEF lib/airport/Common_Elements/Parking_Items/Row_of_Cars_2.agp
OBJECT_DEF lib/airport/Common_Elements/Parking_Items/Row_of_Cars_10.agp
OBJECT_DEF lib/airport/Common_Elements/Parking_Items/Row_of_Cars_4.agp
OBJECT_DEF lib/g10/US/commercial/canopy_76.obj
OBJECT_DEF lib/g10/EU/suburban/gar1_6x12.obj
OBJECT_DEF lib/g10/US/industrial/light/GateHut3x3.obj
OBJECT_DEF lib/g10/US/industrial/light/FactB10x30D.obj
OBJECT_DEF lib/g10/US/industrial/light/FactA60x30.obj
OBJECT_DEF lib/airport/Common_Elements/Parking/Handicap_Sign.obj
OBJECT_DEF lib/airport/Common_Elements/Vehicles/Cargo_Trailer.obj
OBJECT_DEF lib/cars/car_or_truck_static.obj
OBJECT_DEF lib/airport/Common_Elements/Vehicles/Cargo_Truck.obj
OBJECT_DEF lib/airport/Common_Elements/Vehicles/Cargo_Truck_Long.agp
OBJECT_DEF lib/g10/US/industrial/light/FactA15x22.obj
OBJECT_DEF lib/airport/Common_Elements/Fueling_Stations/2_horiz_tanks.agp
POLYGON_DEF lib/airport/pavement/concrete_3L.pol
POLYGON_DEF lib/airport/pavement/asphalt_3D.pol
POLYGON_DEF lib/g10/terrain10/grass_hot_wet_fl_tp.pol
POLYGON_DEF lib/airport/Common_Elements/Fence_Facades/Fence.fac
POLYGON_DEF lib/airport/Common_Elements/Misc_Buildings/Blue_Warehouse.fac
POLYGON_DEF lib/airport/Ramp_Equipment/Covered_Walkway.fac
POLYGON_DEF lib/g10/US/urban_high/30x40x210scv1.fac
POLYGON_DEF lib/g10/US/urban_high/25x30x500v0.fac
POLYGON_DEF lib/airport/Common_Elements/Misc_Buildings/White_Warehouse.fac
PROPERTY sim/filter/aptid XCSH3
PROPERTY sim/exclude_obj -113.948880/50.882126/-113.948644/50.882627
PROPERTY sim/exclude_for -113.948880/50.882126/-113.948644/50.882627
PROPERTY sim/exclude_net -113.948880/50.882126/-113.948644/50.882627
PROPERTY sim/exclude_obj -113.956560/50.881691/-113.956294/50.882347
PROPERTY sim/exclude_for -113.956560/50.881691/-113.956294/50.882347
PROPERTY sim/exclude_net -113.956560/50.881691/-113.956294/50.882347
PROPERTY sim/exclude_obj -113.950612/50.883238/-113.949303/50.883551
PROPERTY sim/exclude_for -113.950612/50.883238/-113.949303/50.883551
PROPERTY sim/exclude_net -113.950612/50.883238/-113.949303/50.883551
PROPERTY sim/exclude_obj -113.949179/50.882234/-113.948830/50.882775
PROPERTY sim/exclude_for -113.949179/50.882234/-113.948830/50.882775
PROPERTY sim/exclude_net -113.949179/50.882234/-113.948830/50.882775
PROPERTY sim/exclude_obj -113.954503/50.881576/-113.952772/50.882422
PROPERTY sim/exclude_for -113.954503/50.881576/-113.952772/50.882422
PROPERTY sim/exclude_net -113.954503/50.881576/-113.952772/50.882422
PROPERTY sim/exclude_obj -113.950919/50.883211/-113.950585/50.883542
PROPERTY sim/exclude_for -113.950919/50.883211/-113.950585/50.883542
PROPERTY sim/exclude_net -113.950919/50.883211/-113.950585/50.883542
PROPERTY sim/exclude_obj -113.948627/50.881691/-113.948417/50.882125
PROPERTY sim/exclude_for -113.948627/50.881691/-113.948417/50.882125
PROPERTY sim/exclude_net -113.948627/50.881691/-113.948417/50.882125
PROPERTY sim/exclude_obj -113.949906/50.881703/-113.948562/50.882250
PROPERTY sim/exclude_for -113.949906/50.881703/-113.948562/50.882250
PROPERTY sim/exclude_net -113.949906/50.881703/-113.948562/50.882250
PROPERTY sim/exclude_obj -113.952180/50.881373/-113.949856/50.881835
PROPERTY sim/exclude_for -113.952180/50.881373/-113.949856/50.881835
PROPERTY sim/exclude_net -113.952180/50.881373/-113.949856/50.881835
PROPERTY sim/exclude_obj -113.953150/50.881159/-113.951368/50.881622
PROPERTY sim/exclude_for -113.953150/50.881159/-113.951368/50.881622
PROPERTY sim/exclude_net -113.953150/50.881159/-113.951368/50.881622
PROPERTY sim/exclude_obj -113.953241/50.881323/-113.952169/50.883095
PROPERTY sim/exclude_for -113.953241/50.881323/-113.952169/50.883095
PROPERTY sim/exclude_net -113.953241/50.881323/-113.952169/50.883095
PROPERTY sim/exclude_obj -113.952199/50.881835/-113.949086/50.883287
PROPERTY sim/exclude_for -113.952199/50.881835/-113.949086/50.883287
PROPERTY sim/exclude_net -113.952199/50.881835/-113.949086/50.883287
PROPERTY sim/exclude_obj -113.956320/50.880896/-113.953207/50.882348
PROPERTY sim/exclude_for -113.956320/50.880896/-113.953207/50.882348
PROPERTY sim/exclude_net -113.956320/50.880896/-113.953207/50.882348
PROPERTY sim/require_agpoint 1/0
PROPERTY sim/require_object 1/0
PROPERTY sim/require_facade 1/3
PROPERTY sim/require_facade 6/0
