PROPERTY sim/west -180
PROPERTY sim/east 180
PROPERTY sim/north 90
PROPERTY sim/south -90
PROPERTY sim/planet earth
PROPERTY sim/creation_agent WorldEditor2.0.0r4
PROPERTY laminar/internal_revision 0
PROPERTY sim/overlay 1
FILTER 0
BEGIN_POLYGON 0 255 2
BEGIN_WINDING
POLYGON_POINT -2.561757097 52.502673401
POLYGON_POINT -2.562212606 52.501881139
POLYGON_POINT -2.562029589 52.501551855
POLYGON_POINT -2.560268561 52.501150772
END_WINDING
END_POLYGON
BEGIN_POLYGON 1 0 4
BEGIN_WINDING
POLYGON_POINT -2.564655694 52.504315189 -2.564655694 52.504315189
POLYGON_POINT -2.564622401 52.504269447 -2.564622401 52.504269447
POLYGON_POINT -2.565488052 52.503705420 -2.565573661 52.503720475
POLYGON_POINT -2.565573935 52.503731534 -2.565573935 52.503731534
POLYGON_POINT -2.565655107 52.503702393 -2.565655107 52.503702393
POLYGON_POINT -2.565650086 52.503647161 -2.565680525 52.503612420
POLYGON_POINT -2.565868654 52.503548631 -2.565966576 52.503514983
POLYGON_POINT -2.566108994 52.503484392 -2.566152274 52.503491244
POLYGON_POINT -2.566177323 52.503548760 -2.566177323 52.503548760
POLYGON_POINT -2.566267054 52.503523669 -2.566267054 52.503523669
POLYGON_POINT -2.566037812 52.503358069 -2.566037812 52.503358069
POLYGON_POINT -2.565722009 52.503441448 -2.565722009 52.503441448
POLYGON_POINT -2.565737228 52.503544513 -2.565696749 52.503580187
POLYGON_POINT -2.565370060 52.503697375 -2.565214061 52.503787702
POLYGON_POINT -2.564566340 52.504243457 -2.564566340 52.504243457
POLYGON_POINT -2.564559054 52.504289647 -2.564559054 52.504289647
POLYGON_POINT -2.564473992 52.504351055 -2.564473992 52.504351055
POLYGON_POINT -2.564543529 52.504396259 -2.564543529 52.504396259
END_WINDING
END_POLYGON
FILTER -1
FILTER 0
FILTER -1
FILTER 0
FILTER -1
FILTER 0
FILTER -1
FILTER 0
FILTER -1
FILTER 0
OBJECT 0 -2.563955031 52.504371041 216.630005
OBJECT 1 -2.563700105 52.504219338 130.399994
OBJECT 2 -2.563822253 52.504037673 129.339996
OBJECT 3 -2.567616949 52.502848149 327.510010
OBJECT 4 -2.566766911 52.503074216 331.179993
OBJECT 4 -2.567006242 52.502973741 329.089996
OBJECT 5 -2.567191930 52.502924760 330.670013
OBJECT 5 -2.566636931 52.503177202 329.260010
OBJECT 4 -2.566282060 52.503281444 332.519989
OBJECT 3 -2.565857040 52.503427132 335.670013
OBJECT 6 -2.563336928 52.504034223 80.019997
OBJECT 7 -2.563389173 52.503982642 82.040001
OBJECT 8 -2.564188438 52.504545484 313.160004
OBJECT 8 -2.564155409 52.504560227 313.929993
OBJECT 9 -2.563299338 52.504228135 131.570007
OBJECT 10 -2.563414021 52.504074944 77.470001
OBJECT 10 -2.563389810 52.504095499 136.470001
OBJECT 11 -2.563230385 52.504052914 132.389999
OBJECT 12 -2.563814542 52.504319692 130.539993
OBJECT 12 -2.566096224 52.502754437 139.149994
OBJECT 13 -2.564180403 52.504499949 302.769989
OBJECT 13 -2.565884892 52.503450232 245.039993
OBJECT 14 -2.564422354 52.504401823 225.000000
OBJECT 14 -2.564386881 52.504423895 180.000000
OBJECT 14 -2.564335643 52.504457963 0.000000
OBJECT 14 -2.564314359 52.504479555 0.000000
OBJECT 14 -2.564271792 52.504505466 0.000000
OBJECT 14 -2.564244990 52.504525139 0.000000
OBJECT 14 -2.564218920 52.504544125 0.000000
OBJECT 14 -2.564196111 52.504561896 0.000000
OBJECT 14 -2.564172389 52.504578279 0.000000
OBJECT 14 -2.564143193 52.504593552 0.000000
OBJECT 14 -2.564115886 52.504596237 333.440002
OBJECT 14 -2.564087641 52.504579043 333.440002
OBJECT 14 -2.564024089 52.504557552 270.000000
OBJECT 14 -2.563969952 52.504537493 243.429993
OBJECT 14 -2.563894631 52.504501674 288.440002
OBJECT 14 -2.563824017 52.504480183 303.690002
OBJECT 14 -2.563758111 52.504458691 270.000000
OBJECT 14 -2.563722805 52.504438632 0.000000
OBJECT 14 -2.563673375 52.504440065 0.000000
OBJECT 14 -2.563574516 52.504399948 0.000000
OBJECT 14 -2.563475652 52.504341204 0.000000
OBJECT 14 -2.563395624 52.504313982 0.000000
OBJECT 14 -2.563301474 52.504276730 0.000000
OBJECT 14 -2.563186140 52.504235180 0.000000
OBJECT 14 -2.563033146 52.504147781 311.630005
OBJECT 14 -2.562957826 52.504103365 341.570007
OBJECT 14 -2.562882506 52.504063248 0.000000
OBJECT 14 -2.562767172 52.503988744 329.040009
OBJECT 14 -2.562696559 52.503945761 270.000000
OBJECT 14 -2.562640069 52.503914240 0.000000
OBJECT 14 -2.562553702 52.503890189 0.000000
OBJECT 14 -2.562401426 52.503772538 0.000000
OBJECT 14 -2.561461288 52.503538913 0.000000
OBJECT 14 -2.561363216 52.503485184 0.000000
OBJECT 14 -2.561292604 52.503464887 0.000000
OBJECT 14 -2.561290643 52.503409964 0.000000
OBJECT 14 -2.561198455 52.503370563 26.559999
OBJECT 14 -2.561127843 52.503326386 270.000000
OBJECT 14 -2.561033694 52.503300119 270.000000
OBJECT 14 -2.561014079 52.503266687 0.000000
OBJECT 14 -2.560835588 52.503184303 270.000000
OBJECT 14 -2.560786552 52.503152066 0.000000
OBJECT 14 -2.566108850 52.501752396 270.000000
OBJECT 14 -2.567816192 52.502561321 0.000000
OBJECT 14 -2.567708587 52.502515718 270.000000
OBJECT 14 -2.567610516 52.502463482 225.000000
OBJECT 14 -2.567327201 52.502371447 0.000000
OBJECT 14 -2.567282253 52.502441095 0.000000
OBJECT 14 -2.566493601 52.502614387 0.000000
OBJECT 14 -2.566779641 52.502674085 0.000000
OBJECT 14 -2.566850470 52.502732126 270.000000
OBJECT 14 -2.566798711 52.502757000 180.000000
OBJECT 14 -2.566647518 52.502843231 180.000000
OBJECT 14 -2.566572603 52.502888005 180.000000
OBJECT 14 -2.566395530 52.502889663 296.570007
OBJECT 14 -2.566336960 52.502837427 0.000000
OBJECT 14 -2.566300184 52.502778558 0.000000
OBJECT 14 -2.566298822 52.502710568 225.000000
OBJECT 14 -2.566249786 52.502724663 0.000000
OBJECT 14 -2.566183043 52.502747879 0.000000
OBJECT 14 -2.566044108 52.502857327 0.000000
OBJECT 14 -2.566169422 52.502970091 0.000000
OBJECT 14 -2.566188492 52.503013206 180.000000
OBJECT 14 -2.566139456 52.503039739 206.559998
OBJECT 14 -2.566090420 52.503055493 225.000000
OBJECT 14 -2.566027763 52.503082025 225.000000
OBJECT 14 -2.565980089 52.503107729 225.000000
OBJECT 14 -2.565943312 52.503129287 0.000000
OBJECT 14 -2.566153077 52.503357302 0.000000
OBJECT 14 -2.566123110 52.503326624 338.200012
OBJECT 14 -2.566101317 52.503298433 345.959991
OBJECT 14 -2.566068626 52.503269413 323.130005
OBJECT 14 -2.566035935 52.503243709 341.570007
OBJECT 14 -2.565989623 52.503213860 333.440002
OBJECT 14 -2.565954209 52.503189815 270.000000
OBJECT 14 -2.565906535 52.503149186 0.000000
OBJECT 14 -2.566084971 52.503363106 330.260010
OBJECT 14 -2.566044108 52.503336574 323.130005
OBJECT 14 -2.566016866 52.503311699 338.200012
OBJECT 14 -2.565995072 52.503291800 0.000000
OBJECT 14 -2.565962381 52.503265267 0.000000
OBJECT 14 -2.565941950 52.503246197 0.000000
OBJECT 14 -2.565602784 52.503340719 0.000000
OBJECT 14 -2.565711311 52.503611431 0.000000
OBJECT 14 -2.565427205 52.503726723 0.000000
OBJECT 14 -2.565190625 52.503869814 0.000000
OBJECT 14 -2.565392171 52.503744151 0.000000
OBJECT 14 -2.564022837 52.504039494 270.000000
OBJECT 14 -2.563980037 52.504034530 90.000000
OBJECT 14 -2.564083995 52.504048857 90.000000
OBJECT 14 -2.564146762 52.504066767 108.440002
OBJECT 14 -2.564201683 52.504089452 90.000000
OBJECT 14 -2.564246797 52.504116914 135.000000
OBJECT 14 -2.564303680 52.504153927 146.309998
OBJECT 14 -2.564368408 52.504179000 90.000000
OBJECT 14 -2.564415483 52.504208850 0.000000
OBJECT 14 -2.564466481 52.504221983 0.000000
BEGIN_POLYGON 2 10 3
BEGIN_WINDING
POLYGON_POINT -2.566342919 52.503168729 0.000000000
POLYGON_POINT -2.566272089 52.503067573 0.000000000
POLYGON_POINT -2.566485633 52.503006654 0.000000000
POLYGON_POINT -2.566214957 52.502727264 0.000000000
POLYGON_POINT -2.566657454 52.502604047 0.000000000
POLYGON_POINT -2.566810445 52.502702907 0.000000000
POLYGON_POINT -2.567107006 52.502533841 0.000000000
POLYGON_POINT -2.567365910 52.502294569 0.000000000
POLYGON_POINT -2.567038750 52.502177082 0.000000000
POLYGON_POINT -2.566742188 52.502129801 0.000000000
POLYGON_POINT -2.566436215 52.501955004 0.000000000
POLYGON_POINT -2.566120826 52.501750118 0.000000000
POLYGON_POINT -2.565817211 52.501550964 0.000000000
POLYGON_POINT -2.565685408 52.501379032 0.000000000
POLYGON_POINT -2.565499472 52.501218562 0.000000000
POLYGON_POINT -2.565238221 52.501026572 0.000000000
END_WINDING
END_POLYGON
BEGIN_POLYGON 3 10 3
BEGIN_WINDING
POLYGON_POINT -2.565372636 52.503678520 0.000000000
POLYGON_POINT -2.565662654 52.503571007 0.000000000
POLYGON_POINT -2.565593842 52.503337710 0.000000000
POLYGON_POINT -2.565078147 52.503487429 0.000000000
POLYGON_POINT -2.564638782 52.503618766 0.000000000
POLYGON_POINT -2.564183725 52.503746521 0.000000000
POLYGON_POINT -2.563705519 52.503875161 1.000000000
POLYGON_POINT -2.563780387 52.503892877 1.000000000
END_WINDING
END_POLYGON
FILTER -1
OBJECT_DEF lib/g10/US/industrial/light/Warehse30x30Dk.obj
OBJECT_DEF lib/g10/US/industrial/light/Shed13x24.obj
OBJECT_DEF lib/g10/US/industrial/light/WoodShed8x20.obj
OBJECT_DEF lib/g10/EU/urban_mid/outBld1-2_9x18.obj
OBJECT_DEF lib/g10/EU/suburban/hRes1_9x12.obj
OBJECT_DEF lib/g10/EU/suburban/hApt1_9x12.obj
OBJECT_DEF lib/street/waste_management/Dumpster_30Y_empty_2.obj
OBJECT_DEF lib/street/waste_management/Dumpster_30Y_empty_4.obj
OBJECT_DEF lib/airport/Ramp_Equipment/Cargo_Palette_1.obj
OBJECT_DEF lib/industrial_area/goods/barrels_4x_01.obj
OBJECT_DEF lib/industrial_area/goods/pallet_eu.obj
OBJECT_DEF lib/airport/Ramp_Equipment/Tow_Tractor_1.obj
OBJECT_DEF lib/airport/Ramp_Equipment/Towbar_1.obj
OBJECT_DEF lib/cars/car.obj
OBJECT_DEF lib/g10/forests/autogen_tree_any.obj
POLYGON_DEF lib/g8/broad_cld_rain.for
POLYGON_DEF lib/g10/terrain10/sand_tmp_wet_fl.pol
POLYGON_DEF lib/constructions/fencing/fence_Hedge_02.fac
POLYGON_DEF lib/constructions/fencing/fence_Mesh_02.fac
PROPERTY sim/filter/aptid XEG001R
PROPERTY sim/exclude_for -2.569481/52.500647/-2.562722/52.502299
PROPERTY sim/require_agpoint 1/0
PROPERTY sim/require_object 1/0
PROPERTY sim/require_facade 1/2
PROPERTY sim/require_facade 6/0
