PROPERTY sim/west -180
PROPERTY sim/east 180
PROPERTY sim/north 90
PROPERTY sim/south -90
PROPERTY sim/planet earth
PROPERTY sim/creation_agent WorldEditor1.6.1r1
PROPERTY laminar/internal_revision 0
PROPERTY sim/overlay 1
FILTER 0
BEGIN_POLYGON 0 0 2
BEGIN_WINDING
POLYGON_POINT -2.320652817 53.143164793
POLYGON_POINT -2.320622073 53.143160183
POLYGON_POINT -2.320601111 53.143148029
POLYGON_POINT -2.320588971 53.143041203
POLYGON_POINT -2.320452405 53.142152082
POLYGON_POINT -2.320416351 53.141922241
POLYGON_POINT -2.320402936 53.141801537
POLYGON_POINT -2.319925393 53.141732740
POLYGON_POINT -2.319826168 53.141747807
POLYGON_POINT -2.319787523 53.141773994
POLYGON_POINT -2.319702839 53.141913810
POLYGON_POINT -2.319779138 53.141941974
POLYGON_POINT -2.320258732 53.142035520
POLYGON_POINT -2.320321616 53.142056140
POLYGON_POINT -2.320357670 53.142078772
POLYGON_POINT -2.320383662 53.142115486
POLYGON_POINT -2.320405935 53.142155702
POLYGON_POINT -2.320487654 53.142695915
POLYGON_POINT -2.320536335 53.143041109
POLYGON_POINT -2.320518949 53.143121411
POLYGON_POINT -2.320475483 53.143169384
POLYGON_POINT -2.320331176 53.143240300
END_WINDING
END_POLYGON
OBJECT 0 -2.318931570 53.143960217 0.000000
OBJECT 0 -2.316094880 53.143725142 0.000000
OBJECT 0 -2.315882171 53.143299125 270.000000
OBJECT 0 -2.316170590 53.143087198 0.000000
OBJECT 0 -2.315860525 53.142836345 0.000000
OBJECT 0 -2.315665849 53.142176776 348.690002
OBJECT 0 -2.315489192 53.141428543 341.570007
OBJECT 0 -2.315204393 53.140587322 0.000000
OBJECT 0 -2.315344987 53.140345120 45.000000
OBJECT 0 -2.316004851 53.139434041 0.000000
OBJECT 0 -2.316315692 53.139222545 0.000000
OBJECT 0 -2.317014840 53.139778645 0.000000
OBJECT 0 -2.317405373 53.139848927 0.000000
OBJECT 0 -2.317417389 53.139443454 0.000000
OBJECT 0 -2.317597633 53.139360558 0.000000
OBJECT 0 -2.317783887 53.139856136 90.000000
OBJECT 0 -2.320729804 53.140940892 0.000000
BEGIN_POLYGON 1 0 4
BEGIN_WINDING
POLYGON_POINT -2.319995878 53.140809067 -2.319995878 53.140809067
POLYGON_POINT -2.320042239 53.140746494 -2.320043688 53.140743887
POLYGON_POINT -2.320039342 53.140674361 -2.320039342 53.140672623
POLYGON_POINT -2.319987185 53.140636122 -2.319987185 53.140636122
POLYGON_POINT -2.319950965 53.140590931 -2.319950965 53.140590931
POLYGON_POINT -2.319920540 53.140564859 -2.319920540 53.140564859
POLYGON_POINT -2.319837959 53.140574418 -2.319837959 53.140574418
POLYGON_POINT -2.319804637 53.140601360 -2.319804637 53.140601360
POLYGON_POINT -2.319723504 53.140627432 -2.319723504 53.140627432
POLYGON_POINT -2.319659757 53.140668278 -2.319659757 53.140668278
POLYGON_POINT -2.319629333 53.140704779 -2.319629333 53.140704779
POLYGON_POINT -2.319632230 53.140745625 -2.319632230 53.140745625
POLYGON_POINT -2.319693079 53.140772566 -2.319693079 53.140772566
POLYGON_POINT -2.319769866 53.140773435 -2.319769866 53.140773435
POLYGON_POINT -2.319817676 53.140795162 -2.319817676 53.140795162
POLYGON_POINT -2.319877076 53.140825579 -2.319877076 53.140825579
END_WINDING
END_POLYGON
FILTER -1
FILTER 0
OBJECT 1 -2.321049352 53.143826482 0.000000
OBJECT 1 -2.319014157 53.143886346 0.000000
OBJECT 1 -2.315897176 53.144971965 0.000000
OBJECT 1 -2.315608173 53.143195324 0.000000
OBJECT 1 -2.316318405 53.143098010 0.000000
OBJECT 1 -2.315925417 53.142927171 0.000000
OBJECT 1 -2.315752372 53.142382215 0.000000
OBJECT 1 -2.315514427 53.141534507 0.000000
OBJECT 1 -2.315262072 53.140753836 0.000000
OBJECT 1 -2.315399061 53.140425133 0.000000
OBJECT 1 -2.315390587 53.139888903 0.000000
OBJECT 1 -2.316065350 53.139131188 0.000000
OBJECT 1 -2.316232245 53.139128685 0.000000
OBJECT 1 -2.317150024 53.139888573 0.000000
OBJECT 1 -2.317351299 53.139906594 0.000000
OBJECT 1 -2.317339283 53.139511934 0.000000
OBJECT 1 -2.318069277 53.138899220 0.000000
OBJECT 1 -2.317801912 53.139120878 0.000000
OBJECT 1 -2.317600637 53.139834510 0.000000
OBJECT 1 -2.320814924 53.140733650 0.000000
OBJECT 1 -2.320559564 53.141428961 0.000000
FILTER -1
FILTER 0
OBJECT 2 -2.319791368 53.141907959 108.809998
OBJECT 3 -2.320892873 53.143717606 315.000000
OBJECT 3 -2.319516864 53.143456539 0.000000
OBJECT 3 -2.316328077 53.144778895 0.000000
OBJECT 3 -2.315763198 53.143292637 0.000000
OBJECT 3 -2.316325615 53.143167211 0.000000
OBJECT 3 -2.315813659 53.142920683 0.000000
OBJECT 3 -2.315781213 53.142611443 0.000000
OBJECT 3 -2.315543267 53.141603708 0.000000
OBJECT 3 -2.315319755 53.140946301 0.000000
OBJECT 3 -2.315337777 53.140483521 0.000000
OBJECT 3 -2.315192106 53.139977548 270.000000
OBJECT 3 -2.315919317 53.139186252 0.000000
OBJECT 3 -2.316858626 53.139520945 0.000000
OBJECT 3 -2.317513521 53.139901188 0.000000
OBJECT 3 -2.317282205 53.139632675 0.000000
OBJECT 3 -2.318213474 53.138791093 0.000000
OBJECT 3 -2.317423395 53.139758822 0.000000
OBJECT 3 -2.320834950 53.140706618 0.000000
OBJECT 3 -2.320609635 53.141334350 0.000000
OBJECT 3 -2.320532025 53.141507052 0.000000
OBJECT 3 -2.320305718 53.141826173 270.000000
FILTER -1
FILTER 0
OBJECT 4 -2.319640489 53.141913226 17.150000
OBJECT 5 -2.320759344 53.143584951 0.000000
OBJECT 5 -2.319644134 53.143406481 0.000000
OBJECT 5 -2.317217604 53.144382901 0.000000
OBJECT 5 -2.315939855 53.143407251 0.000000
OBJECT 5 -2.316224669 53.143305612 11.310000
OBJECT 5 -2.316278747 53.143227761 0.000000
OBJECT 5 -2.315867750 53.143009347 0.000000
OBJECT 5 -2.315817264 53.142732544 225.000000
OBJECT 5 -2.315554091 53.141806985 0.000000
OBJECT 5 -2.315377436 53.141065240 0.000000
OBJECT 5 -2.315168343 53.140425133 0.000000
OBJECT 5 -2.314944835 53.140208881 0.000000
OBJECT 5 -2.316190521 53.139270100 0.000000
OBJECT 5 -2.316708421 53.139456069 0.000000
OBJECT 5 -2.317041876 53.139609248 0.000000
OBJECT 5 -2.318378699 53.138686572 225.000000
OBJECT 5 -2.317372325 53.139681332 0.000000
OBJECT 5 -2.321249608 53.139837345 0.000000
OBJECT 5 -2.320877510 53.140637538 0.000000
OBJECT 5 -2.320624656 53.141266772 0.000000
OBJECT 5 -2.320572082 53.141574631 0.000000
OBJECT 5 -2.320356427 53.141858329 270.000000
OBJECT 5 -2.320144898 53.141761862 0.000000
OBJECT 5 -2.320011605 53.141744480 0.000000
FILTER -1
FILTER 0
BEGIN_POLYGON 2 10 3
BEGIN_WINDING
POLYGON_POINT -2.320760225 53.140981251 0.000000000
POLYGON_POINT -2.320969316 53.140566047 0.000000000
POLYGON_POINT -2.321145961 53.140060017 0.000000000
POLYGON_POINT -2.320464614 53.139936753 0.000000000
POLYGON_POINT -2.319931073 53.139874040 0.000000000
POLYGON_POINT -2.319300210 53.139863228 0.000000000
POLYGON_POINT -2.318986579 53.139865390 0.000000000
POLYGON_POINT -2.318139414 53.139848090 0.000000000
POLYGON_POINT -2.317900436 53.140438977 0.000000000
POLYGON_POINT -2.317619250 53.141028048 0.000000000
POLYGON_POINT -2.317378655 53.141565097 0.000000000
END_WINDING
END_POLYGON
BEGIN_POLYGON 2 10 3
BEGIN_WINDING
POLYGON_POINT -2.316029745 53.143414534 0.000000000
POLYGON_POINT -2.316091034 53.143821088 0.000000000
POLYGON_POINT -2.316184771 53.144154117 0.000000000
POLYGON_POINT -2.316325376 53.144532558 0.000000000
POLYGON_POINT -2.316398653 53.144733476 0.000000000
POLYGON_POINT -2.316635949 53.144613275 0.000000000
POLYGON_POINT -2.316918259 53.144492755 0.000000000
POLYGON_POINT -2.317211192 53.144393639 0.000000000
POLYGON_POINT -2.317596763 53.144279506 0.000000000
POLYGON_POINT -2.318072466 53.144156362 0.000000000
POLYGON_POINT -2.318282778 53.144090285 0.000000000
POLYGON_POINT -2.318673355 53.144003184 0.000000000
POLYGON_POINT -2.318886167 53.143997177 0.000000000
POLYGON_POINT -2.319153437 53.143776530 0.000000000
POLYGON_POINT -2.319469872 53.143468880 0.000000000
POLYGON_POINT -2.319895843 53.143262389 0.000000000
END_WINDING
END_POLYGON
OBJECT 6 -2.320239361 53.142115227 106.160004
OBJECT 7 -2.319798526 53.143331394 0.000000
OBJECT 7 -2.317542402 53.144280061 0.000000
OBJECT 7 -2.316033591 53.143491589 0.000000
OBJECT 7 -2.316145353 53.143353188 26.559999
OBJECT 7 -2.315892987 53.143048272 0.000000
OBJECT 7 -2.315712716 53.142739032 0.000000
OBJECT 7 -2.315593747 53.141878348 315.000000
OBJECT 7 -2.315399066 53.141138765 0.000000
OBJECT 7 -2.315251257 53.140544072 270.000000
OBJECT 7 -2.315121478 53.140252131 0.000000
OBJECT 7 -2.316127936 53.139305141 0.000000
OBJECT 7 -2.316511794 53.139347690 0.000000
OBJECT 7 -2.317174057 53.139760624 0.000000
OBJECT 7 -2.317258172 53.139847125 0.000000
OBJECT 7 -2.317267184 53.139717374 0.000000
OBJECT 7 -2.318456805 53.138630706 225.000000
OBJECT 7 -2.317423395 53.139620060 180.000000
OBJECT 7 -2.318120503 53.139852482 0.000000
OBJECT 7 -2.321386596 53.139683806 0.000000
OBJECT 7 -2.321027719 53.140284626 0.000000
OBJECT 7 -2.320694755 53.140991951 270.000000
OBJECT 7 -2.320464430 53.141673746 0.000000
OBJECT 7 -2.320055070 53.141769683 0.000000
FILTER -1
FILTER 0
BEGIN_POLYGON 3 10 3
BEGIN_WINDING
POLYGON_POINT -2.320612214 53.143119500 2.000000000
POLYGON_POINT -2.320537305 53.142618394 2.000000000
POLYGON_POINT -2.320470543 53.142152851 2.000000000
POLYGON_POINT -2.320415888 53.141795730 2.000000000
POLYGON_POINT -2.319934161 53.141720168 2.000000000
POLYGON_POINT -2.319826201 53.141747090 2.000000000
POLYGON_POINT -2.319634542 53.141879032 2.000000000
POLYGON_POINT -2.319820945 53.141929238 2.000000000
POLYGON_POINT -2.319835969 53.141903126 2.000000000
END_WINDING
END_POLYGON
OBJECT 8 -2.320076356 53.141899976 287.059998
OBJECT 9 -2.319834291 53.141835244 16.730000
OBJECT 10 -2.319907019 53.143286341 0.000000
OBJECT 10 -2.318809862 53.143989765 0.000000
OBJECT 10 -2.316069644 53.143634316 0.000000
OBJECT 10 -2.315968697 53.143247224 0.000000
OBJECT 10 -2.316069644 53.143056922 0.000000
OBJECT 10 -2.315741557 53.142799582 0.000000
OBJECT 10 -2.315622588 53.142021074 0.000000
OBJECT 10 -2.315449536 53.141281492 0.000000
OBJECT 10 -2.315081824 53.140472709 0.000000
OBJECT 10 -2.315240442 53.140299707 71.559998
OBJECT 10 -2.316006937 53.139348942 0.000000
OBJECT 10 -2.316515966 53.139276357 0.000000
OBJECT 10 -2.317059901 53.139690342 0.000000
OBJECT 10 -2.317336279 53.139787656 0.000000
OBJECT 10 -2.318591988 53.138553216 180.000000
OBJECT 10 -2.317513518 53.139499319 0.000000
OBJECT 10 -2.318798235 53.139861132 0.000000
OBJECT 10 -2.319695869 53.139861132 0.000000
OBJECT 10 -2.321386596 53.139573517 90.000000
OBJECT 10 -2.320935090 53.140033834 0.000000
OBJECT 10 -2.321112837 53.140018816 0.000000
OBJECT 10 -2.320684741 53.141053523 0.000000
OBJECT 10 -2.320671148 53.142011367 0.000000
OBJECT 10 -2.320500910 53.141917218 0.000000
OBJECT 10 -2.319893602 53.141773232 0.000000
OBJECT 10 -2.319750731 53.141801598 0.000000
OBJECT 10 -2.319684870 53.141882126 0.000000
OBJECT 11 -2.317373992 53.141577546 0.000000
FILTER -1
OBJECT_DEF lib/g10/forests/autogen_tree_any.obj
OBJECT_DEF lib/g10/forests/autogen_tree_any.obj
OBJECT_DEF lib/cars/car.obj
OBJECT_DEF lib/g10/forests/autogen_tree_any.obj
OBJECT_DEF lib/g10/global_objects/DkGrpMed.obj
OBJECT_DEF lib/g10/forests/autogen_tree_any.obj
OBJECT_DEF lib/airport/aircraft/cargo/prop_a.obj
OBJECT_DEF lib/g10/forests/autogen_tree_any.obj
OBJECT_DEF lib/g10/US/industrial/light/TinShed10x30Lt.obj
OBJECT_DEF lib/g10/US/industrial/light/SiteOffice4x14.obj
OBJECT_DEF lib/g10/forests/autogen_tree_any.obj
OBJECT_DEF lib/airport/landscape/windsock.obj
POLYGON_DEF lib/airport/pavement/asphalt_5D.pol
POLYGON_DEF lib/g10/terrain10/wetl_hot_rain_lo.pol
POLYGON_DEF lib/g10/global_objects/fencing_SU_Garden_1.fac
POLYGON_DEF lib/g10/global_objects/fencing_SU_Garden_1.fac
PROPERTY sim/filter/aptid XEGARC
PROPERTY sim/require_agpoint 1/8
PROPERTY sim/require_object 1/8
PROPERTY sim/require_facade 1/3
PROPERTY sim/require_agpoint 2/6
PROPERTY sim/require_object 2/6
PROPERTY sim/require_facade 2/2
PROPERTY sim/require_agpoint 3/4
PROPERTY sim/require_object 3/4
PROPERTY sim/require_agpoint 4/2
PROPERTY sim/require_object 4/2
PROPERTY sim/require_agpoint 5/1
PROPERTY sim/require_object 5/1
PROPERTY sim/require_agpoint 6/0
PROPERTY sim/require_object 6/0
PROPERTY sim/require_facade 6/0
