PROPERTY sim/west -180
PROPERTY sim/east 180
PROPERTY sim/north 90
PROPERTY sim/south -90
PROPERTY sim/planet earth
PROPERTY sim/creation_agent WorldEditor2.2.0r2
PROPERTY laminar/internal_revision 0
PROPERTY sim/overlay 1
FILTER 0
BEGIN_POLYGON 0 255 2
BEGIN_WINDING
POLYGON_POINT -6.271760266 53.609523290
POLYGON_POINT -6.271600235 53.609159737
POLYGON_POINT -6.271444267 53.608639481
POLYGON_POINT -6.270775855 53.608906445
POLYGON_POINT -6.271046700 53.609466191
END_WINDING
END_POLYGON
BEGIN_POLYGON 1 255 2
BEGIN_WINDING
POLYGON_POINT -6.271444267 53.608639481
POLYGON_POINT -6.271173422 53.608216324
POLYGON_POINT -6.271119241 53.607616405
POLYGON_POINT -6.271119241 53.606938818
POLYGON_POINT -6.270744594 53.606962922
POLYGON_POINT -6.270464738 53.607118258
POLYGON_POINT -6.270432786 53.607607513
POLYGON_POINT -6.270703616 53.607786953
POLYGON_POINT -6.270780362 53.608392229
POLYGON_POINT -6.270775855 53.608906445
END_WINDING
END_POLYGON
BEGIN_POLYGON 1 255 2
BEGIN_WINDING
POLYGON_POINT -6.272599922 53.611440888
POLYGON_POINT -6.272469011 53.610934706
POLYGON_POINT -6.272180103 53.610875786
POLYGON_POINT -6.271882162 53.610358891
POLYGON_POINT -6.271999511 53.610149991
POLYGON_POINT -6.271760266 53.609523290
POLYGON_POINT -6.271046700 53.609466191
POLYGON_POINT -6.271078302 53.609790254
POLYGON_POINT -6.271520693 53.610676741
POLYGON_POINT -6.271805089 53.611105254
POLYGON_POINT -6.272103031 53.611774807
POLYGON_POINT -6.272500284 53.611608758
END_WINDING
END_POLYGON
BEGIN_POLYGON 2 0 4
BEGIN_WINDING
POLYGON_POINT -6.270280095 53.612343797 -6.270280095 53.612343797
POLYGON_POINT -6.269994731 53.611907629 -6.269994731 53.611907629
POLYGON_POINT -6.269841243 53.611688016 -6.269841243 53.611688016
POLYGON_POINT -6.269690729 53.611435163 -6.269690729 53.611435163
POLYGON_POINT -6.269620037 53.611302354 -6.269620037 53.611302354
POLYGON_POINT -6.269588437 53.611200582 -6.269588437 53.611200582
POLYGON_POINT -6.269565866 53.611031855 -6.269560803 53.611018338
POLYGON_POINT -6.269519625 53.610978916 -6.269499879 53.610969003
POLYGON_POINT -6.269412380 53.610943474 -6.269412380 53.610943474
POLYGON_POINT -6.269100894 53.610867186 -6.269076834 53.610858535
POLYGON_POINT -6.268914053 53.610807108 -6.268914053 53.610807108
POLYGON_POINT -6.268804330 53.610755032 -6.268804330 53.610755032
POLYGON_POINT -6.268738497 53.610684357 -6.268738497 53.610684357
POLYGON_POINT -6.268683270 53.610606973 -6.268683270 53.610606973
POLYGON_POINT -6.268845083 53.610557886 -6.268845083 53.610557886
POLYGON_POINT -6.268800208 53.610487013 -6.268800208 53.610487013
POLYGON_POINT -6.268964209 53.610442574 -6.268964209 53.610442574
POLYGON_POINT -6.268910423 53.610358493 -6.268910423 53.610358493
POLYGON_POINT -6.268644216 53.610433043 -6.268644216 53.610433043
POLYGON_POINT -6.268431278 53.610384918 -6.268431278 53.610384918
POLYGON_POINT -6.268232154 53.610443057 -6.268232154 53.610443057
POLYGON_POINT -6.268405087 53.610680373 -6.268405087 53.610680373
POLYGON_POINT -6.268615095 53.610625901 -6.268615095 53.610625901
POLYGON_POINT -6.268677704 53.610700609 -6.268677704 53.610700609
POLYGON_POINT -6.268757952 53.610775585 -6.268757952 53.610775585
POLYGON_POINT -6.268878671 53.610832864 -6.268878671 53.610832864
POLYGON_POINT -6.269077744 53.610896000 -6.269103991 53.610905083
POLYGON_POINT -6.269393053 53.610978181 -6.269393053 53.610978181
POLYGON_POINT -6.269472686 53.611003472 -6.269491934 53.611015929
POLYGON_POINT -6.269509689 53.611054471 -6.269509689 53.611054471
POLYGON_POINT -6.269519094 53.611149324 -6.269519094 53.611149324
POLYGON_POINT -6.269531637 53.611236738 -6.269531637 53.611236738
POLYGON_POINT -6.269555062 53.611312269 -6.269555062 53.611312269
POLYGON_POINT -6.269771988 53.611700620 -6.269771988 53.611700620
POLYGON_POINT -6.269922991 53.611927627 -6.269922991 53.611927627
POLYGON_POINT -6.270209585 53.612359374 -6.270209585 53.612359374
END_WINDING
END_POLYGON
BEGIN_POLYGON 2 0 4
BEGIN_WINDING
POLYGON_POINT -6.268807598 53.612670156 -6.268807598 53.612670156
POLYGON_POINT -6.268727060 53.612567641 -6.268715394 53.612550339
POLYGON_POINT -6.268644426 53.612403841 -6.268644426 53.612403841
POLYGON_POINT -6.268370526 53.611888010 -6.268370526 53.611888010
POLYGON_POINT -6.268222247 53.611595176 -6.268218703 53.611583461
POLYGON_POINT -6.268216830 53.611521258 -6.268216830 53.611521258
POLYGON_POINT -6.268230939 53.611439118 -6.268239338 53.611422301
POLYGON_POINT -6.268563759 53.610930891 -6.268563759 53.610930891
POLYGON_POINT -6.268626323 53.610817319 -6.268626323 53.610817319
POLYGON_POINT -6.268672935 53.610746268 -6.268672935 53.610746268
POLYGON_POINT -6.268710343 53.610717940 -6.268710343 53.610717940
POLYGON_POINT -6.268678595 53.610685830 -6.268678595 53.610685830
POLYGON_POINT -6.268614191 53.610739466 -6.268614191 53.610739466
POLYGON_POINT -6.268508121 53.610921076 -6.268508121 53.610921076
POLYGON_POINT -6.268169350 53.611431750 -6.268160951 53.611449813
POLYGON_POINT -6.268156289 53.611518285 -6.268156289 53.611518285
POLYGON_POINT -6.268158466 53.611600946 -6.268161504 53.611615965
POLYGON_POINT -6.268671478 53.612580964 -6.268678769 53.612592210
POLYGON_POINT -6.268701716 53.612619604 -6.268701716 53.612619604
POLYGON_POINT -6.268757718 53.612684302 -6.268757718 53.612684302
END_WINDING
END_POLYGON
BEGIN_POLYGON 3 0 4
BEGIN_WINDING
POLYGON_POINT -6.268778363 53.609821536 -6.268778363 53.609821536
POLYGON_POINT -6.268779623 53.609782669 -6.268784483 53.609774379
POLYGON_POINT -6.268811119 53.609756508 -6.268818410 53.609751462
POLYGON_POINT -6.268823851 53.609737515 -6.268822028 53.609726341
POLYGON_POINT -6.268807541 53.609725325 -6.268807541 53.609725325
POLYGON_POINT -6.268774886 53.609722096 -6.268755444 53.609722096
POLYGON_POINT -6.268638825 53.609730707 -6.268617560 53.609733230
POLYGON_POINT -6.268577204 53.609740744 -6.268558977 53.609743988
POLYGON_POINT -6.268568073 53.609761920 -6.268574756 53.609769850
POLYGON_POINT -6.268597100 53.609772683 -6.268597100 53.609772683
POLYGON_POINT -6.268686771 53.609795175 -6.268701352 53.609807791
POLYGON_POINT -6.268719881 53.609836229 -6.268719881 53.609836229
POLYGON_POINT -6.268746005 53.609919923 -6.268757379 53.609941723
POLYGON_POINT -6.268811314 53.609986568 -6.268811314 53.609986568
POLYGON_POINT -6.268916400 53.610051678 -6.268916400 53.610051678
POLYGON_POINT -6.269132587 53.610168278 -6.269132587 53.610168278
POLYGON_POINT -6.269344240 53.610279497 -6.269344240 53.610279497
POLYGON_POINT -6.269415613 53.610351282 -6.269423633 53.610367286
POLYGON_POINT -6.269433900 53.610448925 -6.269433900 53.610448925
POLYGON_POINT -6.269460024 53.610562067 -6.269460024 53.610562067
POLYGON_POINT -6.269478311 53.610715506 -6.269478311 53.610715506
POLYGON_POINT -6.269486148 53.610853446 -6.269486148 53.610853446
POLYGON_POINT -6.269480924 53.610975887 -6.269480924 53.610975887
POLYGON_POINT -6.269543622 53.611022384 -6.269543622 53.611022384
POLYGON_POINT -6.269554071 53.610906142 -6.269554071 53.610906142
POLYGON_POINT -6.269554071 53.610718606 -6.269554071 53.610718606
POLYGON_POINT -6.269535784 53.610563617 -6.269535784 53.610563617
POLYGON_POINT -6.269504435 53.610448925 -6.269504435 53.610448925
POLYGON_POINT -6.269504436 53.610360581 -6.269508810 53.610347086
POLYGON_POINT -6.269525335 53.610318734 -6.269536709 53.610309391
POLYGON_POINT -6.269564521 53.610295486 -6.269579394 53.610290815
POLYGON_POINT -6.269614156 53.610284637 -6.269614156 53.610284637
POLYGON_POINT -6.270646053 53.610146696 -6.270646053 53.610146696
POLYGON_POINT -6.270622541 53.610076951 -6.270622541 53.610076951
POLYGON_POINT -6.270593805 53.610050603 -6.270593805 53.610050603
POLYGON_POINT -6.270525883 53.610027355 -6.270525883 53.610027355
POLYGON_POINT -6.270437061 53.610027355 -6.270437061 53.610027355
POLYGON_POINT -6.270230682 53.610039754 -6.270230682 53.610039754
POLYGON_POINT -6.270120962 53.610022705 -6.270120962 53.610022705
POLYGON_POINT -6.269726596 53.609866538 -6.269726596 53.609866538
POLYGON_POINT -6.269220550 53.609928026 -6.269220550 53.609928026
POLYGON_POINT -6.268949037 53.609960212 -6.268918416 53.609961250
POLYGON_POINT -6.268861957 53.609950137 -6.268838335 53.609938199
POLYGON_POINT -6.268805906 53.609889692 -6.268805906 53.609889692
END_WINDING
END_POLYGON
FILTER -1
FILTER 0
FILTER -1
FILTER 0
FILTER -1
FILTER 0
FILTER -1
FILTER 0
FILTER -1
FILTER 0
BEGIN_POLYGON 4 2 2
BEGIN_WINDING
POLYGON_POINT -6.268486690 53.609756151
POLYGON_POINT -6.267917911 53.609817750
POLYGON_POINT -6.267425872 53.609865958
POLYGON_POINT -6.266694583 53.609957017
POLYGON_POINT -6.266044546 53.610018616
POLYGON_POINT -6.265534448 53.610072180
POLYGON_POINT -6.264925037 53.610144491
POLYGON_POINT -6.264437508 53.610200734
POLYGON_POINT -6.263882266 53.610265011
POLYGON_POINT -6.263150971 53.610356070
POLYGON_POINT -6.262609269 53.610420347
POLYGON_POINT -6.262099166 53.610468555
POLYGON_POINT -6.261453637 53.610538188
END_WINDING
END_POLYGON
BEGIN_POLYGON 4 2 2
BEGIN_WINDING
POLYGON_POINT -6.262664293 53.610156985
POLYGON_POINT -6.263002311 53.610114562
POLYGON_POINT -6.263561338 53.610045143
POLYGON_POINT -6.264016360 53.609987294
POLYGON_POINT -6.264594886 53.609933301
POLYGON_POINT -6.265309918 53.609844599
POLYGON_POINT -6.266070450 53.609759753
POLYGON_POINT -6.267071489 53.609640198
POLYGON_POINT -6.267864518 53.609555352
POLYGON_POINT -6.268787549 53.609439654
POLYGON_POINT -6.269632576 53.609323955
END_WINDING
END_POLYGON
BEGIN_POLYGON 4 2 2
BEGIN_WINDING
POLYGON_POINT -6.270665391 53.609196258
POLYGON_POINT -6.269861885 53.609292673
END_WINDING
END_POLYGON
BEGIN_POLYGON 5 7 3
BEGIN_WINDING
POLYGON_POINT -6.270071615 53.609773819 0.000000000
POLYGON_POINT -6.269634455 53.609820907 0.000000000
POLYGON_POINT -6.269713634 53.610079643 0.000000000
POLYGON_POINT -6.270150795 53.610032554 3.000000000
END_WINDING
END_POLYGON
BEGIN_POLYGON 6 2 2
BEGIN_WINDING
POLYGON_POINT -6.268964209 53.610442574
POLYGON_POINT -6.268800208 53.610487013
END_WINDING
END_POLYGON
BEGIN_POLYGON 6 2 2
BEGIN_WINDING
POLYGON_POINT -6.270056650 53.609811083
POLYGON_POINT -6.270448895 53.609761756
POLYGON_POINT -6.270929205 53.609699989
END_WINDING
END_POLYGON
BEGIN_POLYGON 6 2 2
BEGIN_WINDING
POLYGON_POINT -6.268644216 53.610433043
POLYGON_POINT -6.268910423 53.610358493
END_WINDING
END_POLYGON
BEGIN_POLYGON 7 2 3
BEGIN_WINDING
POLYGON_POINT -6.270103407 53.610156258 0.000000000
POLYGON_POINT -6.269595441 53.610215455 0.000000000
END_WINDING
END_POLYGON
OBJECT 0 -6.269071313 53.610141915 132.000000
OBJECT 0 -6.269236440 53.610229973 132.000000
OBJECT 0 -6.269153250 53.610185672 132.000000
OBJECT 0 -6.269318376 53.610273731 132.000000
OBJECT 0 -6.269030234 53.610120030 132.000000
OBJECT 0 -6.269195360 53.610208089 132.000000
OBJECT 0 -6.269112170 53.610163788 132.000000
OBJECT 0 -6.269277297 53.610251846 132.000000
OBJECT 0 -6.268943542 53.610073970 132.000000
OBJECT 0 -6.268987695 53.610097398 132.000000
OBJECT 1 -6.270212099 53.609672150 166.240005
OBJECT 2 -6.269827792 53.609635181 169.240005
OBJECT 3 -6.269670304 53.609610273 352.869995
OBJECT 3 -6.269754292 53.609598853 352.869995
OBJECT 4 -6.261437117 53.611010127 0.000000
OBJECT 4 -6.261807573 53.610224711 0.000000
OBJECT 4 -6.262082936 53.610200607 0.000000
OBJECT 4 -6.262078421 53.609922074 270.000000
OBJECT 4 -6.261830143 53.609598010 0.000000
OBJECT 4 -6.261685690 53.609458743 0.000000
OBJECT 4 -6.261554781 53.609410536 0.000000
OBJECT 4 -6.261437415 53.609431961 243.429993
OBJECT 4 -6.261252337 53.609381075 0.000000
OBJECT 4 -6.263675477 53.607945277 0.000000
OBJECT 4 -6.263815876 53.607908253 90.000000
OBJECT 4 -6.264182475 53.607861974 0.000000
OBJECT 4 -6.264330675 53.607815694 0.000000
OBJECT 4 -6.264541274 53.607806438 0.000000
OBJECT 4 -6.264978072 53.607792554 270.000000
OBJECT 4 -6.265118471 53.607769415 270.000000
OBJECT 4 -6.266920257 53.607750903 0.000000
OBJECT 4 -6.267068455 53.607746275 0.000000
OBJECT 4 -6.267271254 53.607699996 0.000000
OBJECT 4 -6.267435052 53.607579669 0.000000
OBJECT 4 -6.267552050 53.607491738 0.000000
OBJECT 4 -6.267801647 53.607454714 0.000000
OBJECT 4 -6.268152645 53.607357528 0.000000
OBJECT 4 -6.268355441 53.607306620 0.000000
OBJECT 4 -6.268558238 53.607269597 0.000000
OBJECT 4 -6.269743816 53.607075223 0.000000
OBJECT 4 -6.270001211 53.607033571 0.000000
OBJECT 4 -6.270213099 53.606951683 0.000000
OBJECT 4 -6.270418930 53.606974179 0.000000
OBJECT 4 -6.270576012 53.607015960 0.000000
OBJECT 5 -6.269637327 53.610064387 256.410004
OBJECT 5 -6.269586623 53.609916539 250.110001
OBJECT 6 -6.269947317 53.610165527 0.000000
OBJECT 6 -6.269972835 53.610162499 0.000000
OBJECT 6 -6.269981842 53.610157757 0.000000
OBJECT 7 -6.269369241 53.609873972 349.209991
OBJECT 7 -6.269544270 53.609852748 349.209991
OBJECT 5 -6.268815760 53.610454844 326.000000
OBJECT 5 -6.268856467 53.610443669 322.839996
OBJECT 5 -6.268898389 53.610431414 320.529999
OBJECT 4 -6.269683564 53.611186162 90.000000
OBJECT 4 -6.269728707 53.611282577 0.000000
OBJECT 4 -6.269746764 53.611346854 180.000000
OBJECT 4 -6.269800936 53.611424522 168.690002
OBJECT 4 -6.269832532 53.611507547 0.000000
OBJECT 4 -6.269886704 53.611585215 180.000000
OBJECT 4 -6.269927334 53.611673596 0.000000
OBJECT 4 -6.269981506 53.611751264 180.000000
OBJECT 4 -6.270053736 53.611861071 225.000000
OBJECT 4 -6.270134994 53.611960164 0.000000
OBJECT 4 -6.270225279 53.612040511 0.000000
OBJECT 4 -6.270324596 53.612136926 180.000000
OBJECT 4 -6.270455512 53.612177099 0.000000
OBJECT 4 -6.270595458 53.612206560 90.000000
OBJECT 4 -6.270730889 53.612209238 0.000000
OBJECT 4 -6.270870835 53.612182456 0.000000
OBJECT 4 -6.271002943 53.612147366 0.000000
OBJECT 4 -6.271152879 53.612103250 0.000000
OBJECT 4 -6.271342481 53.612055464 0.000000
OBJECT 4 -6.271501905 53.612019804 0.000000
OBJECT 4 -6.271652781 53.611978503 0.000000
OBJECT 4 -6.271796279 53.611930010 0.000000
OBJECT 4 -6.271967824 53.611885174 0.000000
OBJECT 4 -6.272116797 53.611847680 0.000000
OBJECT 4 -6.272256741 53.611794115 0.000000
OBJECT 4 -6.272378629 53.611724482 0.000000
OBJECT 4 -6.272505030 53.611652170 0.000000
OBJECT 8 -6.268544154 53.612571807 315.000000
OBJECT 8 -6.268509669 53.612495553 0.000000
OBJECT 8 -6.268453238 53.612421158 0.000000
OBJECT 8 -6.268412482 53.612343043 0.000000
OBJECT 8 -6.268371727 53.612272368 0.000000
OBJECT 8 -6.268340377 53.612197974 0.000000
OBJECT 8 -6.268302757 53.612127299 0.000000
OBJECT 8 -6.268252596 53.612045465 0.000000
OBJECT 8 -6.268205571 53.611963630 0.000000
OBJECT 8 -6.268155411 53.611885516 0.000000
OBJECT 8 -6.268117791 53.611794383 0.000000
OBJECT 8 -6.268051957 53.611684650 0.000000
OBJECT 8 -6.268042553 53.611597237 0.000000
OBJECT 8 -6.268083307 53.611504243 0.000000
OBJECT 8 -6.268098982 53.611414970 0.000000
OBJECT 8 -6.268133466 53.611329416 0.000000
OBJECT 8 -6.268164816 53.611251301 0.000000
OBJECT 8 -6.268218110 53.611162028 0.000000
OBJECT 8 -6.268274539 53.611089493 0.000000
OBJECT 8 -6.268315293 53.611028117 0.000000
OBJECT 8 -6.268362317 53.610953722 45.000000
OBJECT 8 -6.268409341 53.610875608 0.000000
OBJECT 8 -6.268484579 53.610799353 0.000000
OBJECT 8 -6.268707160 53.610894207 0.000000
OBJECT 8 -6.268672675 53.610970461 0.000000
OBJECT 8 -6.268606841 53.611039276 0.000000
OBJECT 8 -6.268581762 53.611117391 0.000000
OBJECT 8 -6.268528467 53.611193645 0.000000
OBJECT 8 -6.268475173 53.611253161 0.000000
OBJECT 8 -6.268415609 53.611318256 0.000000
OBJECT 8 -6.268368583 53.611398231 0.000000
OBJECT 8 -6.268340369 53.611480065 0.000000
OBJECT 8 -6.268321558 53.611563759 0.000000
OBJECT 8 -6.268327828 53.611636294 0.000000
OBJECT 8 -6.268340367 53.611705109 225.000000
OBJECT 8 -6.268403066 53.611796242 0.000000
OBJECT 8 -6.268421876 53.611881796 0.000000
OBJECT 8 -6.268465766 53.611946892 0.000000
OBJECT 8 -6.268515926 53.612021286 180.000000
OBJECT 8 -6.268547276 53.612101261 90.000000
OBJECT 8 -6.268628786 53.612162636 0.000000
OBJECT 8 -6.268659758 53.612254886 0.000000
OBJECT 8 -6.268734998 53.612349739 0.000000
OBJECT 8 -6.268794563 53.612437153 180.000000
OBJECT 8 -6.268876074 53.612496668 0.000000
OBJECT 8 -6.269004610 53.612524566 0.000000
OBJECT 8 -6.269114336 53.612507828 0.000000
OBJECT 8 -6.269255413 53.612489229 0.000000
OBJECT 8 -6.269352598 53.612453892 0.000000
OBJECT 8 -6.269490539 53.612425994 45.000000
OBJECT 8 -6.269597130 53.612405535 90.000000
OBJECT 8 -6.269719395 53.612383217 0.000000
OBJECT 8 -6.269851066 53.612351599 0.000000
OBJECT 8 -6.269954521 53.612331140 0.000000
OBJECT 8 -6.270089326 53.612288363 0.000000
OBJECT 4 -6.267697418 53.610072994 0.000000
OBJECT 4 -6.267841099 53.610082293 90.000000
OBJECT 4 -6.267992618 53.610102442 0.000000
OBJECT 4 -6.268183322 53.610113291 0.000000
OBJECT 4 -6.268311329 53.610108641 90.000000
OBJECT 4 -6.268462848 53.610076094 90.000000
OBJECT 4 -6.268611754 53.610091593 0.000000
OBJECT 4 -6.268776335 53.610088493 0.000000
OBJECT 4 -6.268863802 53.610135879 180.000000
OBJECT 4 -6.268952623 53.610186703 180.000000
OBJECT 4 -6.269063843 53.610246000 90.000000
OBJECT 4 -6.269183868 53.610310127 0.000000
OBJECT 4 -6.269186481 53.610373672 0.000000
OBJECT 4 -6.269102884 53.610407770 243.429993
OBJECT 4 -6.268998388 53.610404670 0.000000
OBJECT 4 -6.268883443 53.610353524 0.000000
OBJECT 4 -6.268888668 53.610604606 0.000000
OBJECT 4 -6.269377187 53.610806092 0.000000
OBJECT 4 -6.269390249 53.610720848 0.000000
OBJECT 4 -6.269343226 53.610612355 270.000000
OBJECT 4 -6.269251792 53.610520912 0.000000
OBJECT 4 -6.269661939 53.610637154 153.440002
OBJECT 4 -6.269664551 53.610762695 180.000000
OBJECT 4 -6.269677613 53.610860338 180.000000
OBJECT 4 -6.269672388 53.610931633 0.000000
OBJECT 4 -6.269724636 53.610998278 0.000000
OBJECT 8 -6.268560330 53.609860871 0.000000
OBJECT 8 -6.268466285 53.609873890 0.000000
OBJECT 8 -6.268325217 53.609894348 0.000000
OBJECT 8 -6.268212363 53.609899928 315.000000
OBJECT 8 -6.268105779 53.609907367 180.000000
OBJECT 8 -6.267999194 53.609918526 0.000000
OBJECT 8 -6.267911419 53.609924106 180.000000
OBJECT 8 -6.267817373 53.609933405 270.000000
OBJECT 8 -6.267742137 53.609952004 0.000000
OBJECT 8 -6.267644957 53.609953864 225.000000
OBJECT 8 -6.267557182 53.609965023 0.000000
OBJECT 8 -6.267488210 53.610048717 0.000000
OBJECT 8 -6.267550907 53.610111953 180.000000
OBJECT 8 -6.267613604 53.610164029 0.000000
OBJECT 8 -6.267663762 53.610240284 180.000000
OBJECT 8 -6.267720189 53.610299799 180.000000
OBJECT 8 -6.267773482 53.610364895 0.000000
OBJECT 8 -6.267829909 53.610433710 315.000000
OBJECT 8 -6.267880067 53.610498805 180.000000
OBJECT 8 -6.267952168 53.610545302 116.570000
OBJECT 8 -6.268011731 53.610597378 135.000000
OBJECT 8 -6.268137125 53.610671773 0.000000
OBJECT 8 -6.268212361 53.610714550 180.000000
OBJECT 8 -6.268315812 53.610755467 153.440002
OBJECT 8 -6.269209681 53.610847969 0.000000
OBJECT 8 -6.269309462 53.610885640 120.959999
OBJECT 8 -6.269407428 53.610912548 0.000000
OBJECT 8 -6.268698591 53.610820547 0.000000
OBJECT 8 -6.268827121 53.610870764 180.000000
OBJECT 8 -6.268921168 53.610906101 90.000000
OBJECT 8 -6.269002675 53.610945158 180.000000
OBJECT 8 -6.269099856 53.610969337 153.440002
OBJECT 8 -6.269190768 53.611004674 0.000000
OBJECT 8 -6.269278545 53.611038152 0.000000
OBJECT 8 -6.269378861 53.611075349 0.000000
OBJECT 8 -6.269641228 53.611104627 0.000000
OBJECT 8 -6.269751637 53.611099771 0.000000
OBJECT 8 -6.269847426 53.611099771 90.000000
OBJECT 8 -6.269958454 53.611086855 0.000000
OBJECT 8 -6.270067305 53.611084272 0.000000
OBJECT 8 -6.270191395 53.611067482 0.000000
OBJECT 8 -6.270298070 53.611053274 0.000000
OBJECT 8 -6.270404743 53.611041650 0.000000
OBJECT 8 -6.270528833 53.611031318 90.000000
OBJECT 8 -6.270637684 53.611020985 0.000000
OBJECT 8 -6.270744358 53.611011944 0.000000
OBJECT 8 -6.270844501 53.611010652 0.000000
OBJECT 8 -6.270951174 53.610996445 0.000000
OBJECT 8 -6.271055671 53.610975780 0.000000
OBJECT 8 -6.271151460 53.610966739 90.000000
OBJECT 8 -6.271266841 53.610953823 0.000000
OBJECT 8 -6.271369161 53.610934449 0.000000
OBJECT 8 -6.271475835 53.610917659 0.000000
OBJECT 9 -6.270378106 53.610791430 170.000000
OBJECT 10 -6.268648060 53.610511669 156.000000
OBJECT 11 -6.268357854 53.610439051 156.000000
OBJECT 9 -6.270712197 53.610757274 170.000000
OBJECT 9 -6.269964035 53.609715018 79.199997
FILTER -1
OBJECT_DEF lib/g10/US/suburban/dGreenhse.obj
OBJECT_DEF lib/airport/aircraft/military/prop_a.obj
OBJECT_DEF lib/g10/US/industrial/light/OilDrums.obj
OBJECT_DEF lib/airport/Common_Elements/Parking/Asphalt_CracksSm.obj
OBJECT_DEF lib/g10/forests/autogen_tree2.obj
OBJECT_DEF lib/cars/car_static.obj
OBJECT_DEF lib/industrial_area/goods/barrel_open_01.obj
OBJECT_DEF lib/industrial_area/goods/lumber_rack_11m.obj
OBJECT_DEF lib/g10/forests/autogen_tree3.obj
OBJECT_DEF lib/airport/Common_Elements/Hangars/Long_Row_Beige.agp
OBJECT_DEF lib/g10/US/suburban/SmlRnchGry.obj
OBJECT_DEF lib/g10/US/suburban/B-RnchLHGry.obj
POLYGON_DEF lib/g8/broad_vcld_wet.for
POLYGON_DEF lib/g8/broad_tmp_wet.for
POLYGON_DEF lib/airport/pavement/asphalt_2D.pol
POLYGON_DEF lib/g10/terrain10/grass_vcld_dry_fl.pol
POLYGON_DEF lib/constructions/fencing/fence_Hedge_02.fac
POLYGON_DEF lib/buildings/facades/industrial/warehouse_03_60x60.fac
POLYGON_DEF lib/constructions/fencing/fence_Hedge_04.fac
POLYGON_DEF lib/constructions/fencing/fence_Wall-2m_03.fac
PROPERTY sim/filter/aptid XEI0009
PROPERTY sim/require_agpoint 1/0
PROPERTY sim/require_object 1/0
PROPERTY sim/require_facade 1/4
PROPERTY sim/require_facade 6/0
