PROPERTY sim/west -180
PROPERTY sim/east 180
PROPERTY sim/north 90
PROPERTY sim/south -90
PROPERTY sim/planet earth
PROPERTY sim/creation_agent WorldEditor2.1.0r1
PROPERTY laminar/internal_revision 0
PROPERTY sim/overlay 1
FILTER 0
BEGIN_POLYGON 0 60 4
BEGIN_WINDING
POLYGON_POINT 18.349849888 68.857552241 18.349849888 68.857552241
POLYGON_POINT 18.349849888 68.857552241 18.349835293 68.857554215
POLYGON_POINT 18.349775091 68.857557505 18.349762321 68.857558163
POLYGON_POINT 18.349703942 68.857560137 18.349691172 68.857556847
POLYGON_POINT 18.349638267 68.857537764 18.349638267 68.857537764
POLYGON_POINT 18.349581713 68.857507495 18.349565294 68.857498283
POLYGON_POINT 18.349516037 68.857482490 18.349497794 68.857478542
POLYGON_POINT 18.349444888 68.857471303 18.349412050 68.857461433
POLYGON_POINT 18.349350023 68.857448272 18.349340901 68.857444324
POLYGON_POINT 18.349326307 68.857431163 18.349329956 68.857425899
POLYGON_POINT 18.349329956 68.857412739 18.349333605 68.857410765
POLYGON_POINT 18.349366442 68.857379837 18.349379212 68.857374573
POLYGON_POINT 18.349390158 68.857362728 18.349388334 68.857360754
POLYGON_POINT 18.349317185 68.857347594 18.349298942 68.857345620
POLYGON_POINT 18.349235091 68.857329827 18.349235091 68.857316666
POLYGON_POINT 18.349194956 68.857303506 18.349182186 68.857298900
POLYGON_POINT 18.349162118 68.857291661 18.349158469 68.857289029
POLYGON_POINT 18.349109212 68.857283107 18.349096442 68.857283107
POLYGON_POINT 18.348963267 68.857285739 18.348961443 68.857287713
POLYGON_POINT 18.348881173 68.857295610 18.348870227 68.857295610
POLYGON_POINT 18.348820970 68.857279159 18.348819146 68.857278501
POLYGON_POINT 18.349291651 68.857054113 18.349291651 68.857055429
POLYGON_POINT 18.349267935 68.857090305 18.349266111 68.857092937
POLYGON_POINT 18.349278881 68.857100833 18.349289827 68.857104781
POLYGON_POINT 18.349320840 68.857112678 18.349329962 68.857116626
POLYGON_POINT 18.349326313 68.857128470 18.349329962 68.857131760
POLYGON_POINT 18.349371920 68.857143605 18.349391987 68.857146237
POLYGON_POINT 18.349428474 68.857157424 18.349433947 68.857160056
POLYGON_POINT 18.349464960 68.857179139 18.349477730 68.857181771
POLYGON_POINT 18.349516041 68.857187035 18.349534284 68.857190325
POLYGON_POINT 18.349578067 68.857197563 18.349609080 68.857196247
POLYGON_POINT 18.349636445 68.857192957 18.349643742 68.857192299
POLYGON_POINT 18.349669283 68.857185061 18.349696648 68.857177165
POLYGON_POINT 18.349744079 68.857171900 18.349789687 68.857176506
POLYGON_POINT 18.349833470 68.857183745 18.349853537 68.857183745
POLYGON_POINT 18.349895497 68.857179797 18.349895497 68.857179797
POLYGON_POINT 18.349970294 68.857190325 18.350008604 68.857200853
POLYGON_POINT 18.350180089 68.857239677 18.350196508 68.857248231
POLYGON_POINT 18.350214751 68.857260734 18.350223873 68.857262708
POLYGON_POINT 18.350254886 68.857269946 18.350284075 68.857271262
POLYGON_POINT 18.350342453 68.857275869 18.350388061 68.857281791
POLYGON_POINT 18.350433669 68.857302848 18.350453736 68.857311402
POLYGON_POINT 18.350508465 68.857334433 18.350512114 68.857335749
POLYGON_POINT 18.350630694 68.857348252 18.350656235 68.857354832
POLYGON_POINT 18.350721911 68.857376547 18.350729208 68.857382469
POLYGON_POINT 18.350785762 68.857396946 18.350813127 68.857400236
POLYGON_POINT 18.350869681 68.857418003 18.350889749 68.857425899
POLYGON_POINT 18.350935356 68.857436428 18.350962721 68.857439718
POLYGON_POINT 18.350990086 68.857448930 18.351017451 68.857456168
POLYGON_POINT 18.351030221 68.857468013 18.351030221 68.857469987
POLYGON_POINT 18.351022924 68.857491702 18.351022924 68.857491702
POLYGON_POINT 18.349849888 68.857552241 18.349835293 68.857554215
END_WINDING
END_POLYGON
BEGIN_POLYGON 0 60 4
BEGIN_WINDING
POLYGON_POINT 18.347506383 68.858055770 18.347506383 68.858055770
POLYGON_POINT 18.347506383 68.858055770 18.347494621 68.858069028
POLYGON_POINT 18.347472567 68.858083346 18.347451983 68.858089179
POLYGON_POINT 18.347404934 68.858091831 18.347397583 68.858091301
POLYGON_POINT 18.347322599 68.858085467 18.347303485 68.858082285
POLYGON_POINT 18.347259377 68.858081755 18.347202036 68.858075391
POLYGON_POINT 18.347181452 68.858066906 18.347166749 68.858059482
POLYGON_POINT 18.347147636 68.858043573 18.347140285 68.858038800
POLYGON_POINT 18.347116760 68.858023951 18.347104998 68.858020239
POLYGON_POINT 18.347096176 68.858012284 18.347085884 68.858005390
POLYGON_POINT 18.347078533 68.857998496 18.347074122 68.857988420
POLYGON_POINT 18.347131463 68.857952360 18.347131463 68.857952360
POLYGON_POINT 18.347146166 68.857945466 18.347188804 68.857932739
POLYGON_POINT 18.347241734 68.857908874 18.347285842 68.857892965
POLYGON_POINT 18.347354945 68.857860616 18.347385821 68.857844707
POLYGON_POINT 18.347410815 68.857825086 18.347425518 68.857811828
POLYGON_POINT 18.347438750 68.857787434 18.347466685 68.857769934
POLYGON_POINT 18.347521086 68.857739706 18.347575486 68.857713191
POLYGON_POINT 18.347650470 68.857679251 18.347688697 68.857662811
POLYGON_POINT 18.347821019 68.857597053 18.347847484 68.857586447
POLYGON_POINT 18.347940110 68.857553567 18.347988628 68.857531294
POLYGON_POINT 18.348069492 68.857497355 18.348109189 68.857479325
POLYGON_POINT 18.348159177 68.857448036 18.348200344 68.857426824
POLYGON_POINT 18.348234160 68.857405081 18.348259154 68.857387051
POLYGON_POINT 18.348370893 68.857330838 18.348412059 68.857312277
POLYGON_POINT 18.348485571 68.857277277 18.348510565 68.857262428
POLYGON_POINT 18.348562023 68.857230079 18.348594368 68.857207276
POLYGON_POINT 18.348647296 68.857184473 18.348682581 68.857169624
POLYGON_POINT 18.348725218 68.857145760 18.348736980 68.857137805
POLYGON_POINT 18.348892825 68.857050305 18.348945752 68.857032275
POLYGON_POINT 18.349004560 68.856999395 18.349035434 68.856981365
POLYGON_POINT 18.349081011 68.856954319 18.349114826 68.856937349
POLYGON_POINT 18.349170694 68.856898106 18.349191277 68.856883257
POLYGON_POINT 18.349422099 68.856777726 18.349476496 68.856749089
POLYGON_POINT 18.349570589 68.856701892 18.349594112 68.856691816
POLYGON_POINT 18.349682323 68.856652043 18.349748482 68.856614921
POLYGON_POINT 18.349802879 68.856588406 18.349873448 68.856559769
POLYGON_POINT 18.349973421 68.856504087 18.350008705 68.856487647
POLYGON_POINT 18.350098386 68.856442571 18.350116028 68.856428253
POLYGON_POINT 18.350154252 68.856394313 18.350171894 68.856376813
POLYGON_POINT 18.350257164 68.856339691 18.350268925 68.856332797
POLYGON_POINT 18.350457109 68.856245826 18.350496803 68.856224614
POLYGON_POINT 18.350577661 68.856188023 18.350626176 68.856159386
POLYGON_POINT 18.350695274 68.856121204 18.350736438 68.856097870
POLYGON_POINT 18.350779072 68.856072415 18.350823177 68.856048551
POLYGON_POINT 18.350898154 68.856009839 18.350901094 68.856007718
POLYGON_POINT 18.351089277 68.855895292 18.351120150 68.855882034
POLYGON_POINT 18.351261282 68.855810973 18.351271573 68.855802488
POLYGON_POINT 18.351306856 68.855775973 18.351328908 68.855761655
POLYGON_POINT 18.351368601 68.855737790 18.351409765 68.855719229
POLYGON_POINT 18.351506793 68.855680517 18.351630284 68.855639153
POLYGON_POINT 18.351692029 68.855609986 18.351744954 68.855581349
POLYGON_POINT 18.351790528 68.855556955 18.351809640 68.855543167
POLYGON_POINT 18.351983113 68.855450893 18.352022806 68.855428620
POLYGON_POINT 18.352111012 68.855376120 18.352143354 68.855352256
POLYGON_POINT 18.352221269 68.855310892 18.352297714 68.855279604
POLYGON_POINT 18.352596145 68.855116269 18.352641718 68.855098769
POLYGON_POINT 18.352779906 68.855028237 18.352815188 68.855007025
POLYGON_POINT 18.352888692 68.854983161 18.352978367 68.854943918
POLYGON_POINT 18.353107737 68.854862781 18.353134198 68.854846341
POLYGON_POINT 18.353244452 68.854782174 18.353285614 68.854764674
POLYGON_POINT 18.353350296 68.854736037 18.353376757 68.854722249
POLYGON_POINT 18.353514943 68.854649597 18.353529644 68.854643233
POLYGON_POINT 18.353589916 68.854614597 18.353597266 68.854610885
POLYGON_POINT 18.353641367 68.854603460 18.353691349 68.854605581
POLYGON_POINT 18.353770732 68.854646415 18.353826594 68.854660733
POLYGON_POINT 18.353869226 68.854680885 18.353883927 68.854693612
POLYGON_POINT 18.353825125 68.854720658 18.353769263 68.854743992
POLYGON_POINT 18.353700170 68.854773159 18.353686939 68.854783765
POLYGON_POINT 18.353638427 68.854816644 18.353557574 68.854854296
POLYGON_POINT 18.353487012 68.854880281 18.353459081 68.854903084
POLYGON_POINT 18.353425269 68.854927479 18.353338536 68.854969373
POLYGON_POINT 18.353148897 68.855063238 18.353129786 68.855072253
POLYGON_POINT 18.353035701 68.855125284 18.353013650 68.855144375
POLYGON_POINT 18.352940146 68.855195285 18.352828420 68.855245664
POLYGON_POINT 18.352781378 68.855268467 18.352749036 68.855283316
POLYGON_POINT 18.352724045 68.855296574 18.352701994 68.855312483
POLYGON_POINT 18.352482950 68.855406348 18.352434437 68.855442409
POLYGON_POINT 18.352372693 68.855480060 18.352330060 68.855505515
POLYGON_POINT 18.352235973 68.855554304 18.352196280 68.855574986
POLYGON_POINT 18.352108074 68.855622713 18.352036039 68.855666198
POLYGON_POINT 18.351894909 68.855725063 18.351821402 68.855761124
POLYGON_POINT 18.351721434 68.855816806 18.351696442 68.855842261
POLYGON_POINT 18.351586182 68.855912262 18.351487683 68.855950444
POLYGON_POINT 18.351396535 68.855990217 18.351348021 68.856019384
POLYGON_POINT 18.351311267 68.856036885 18.351236290 68.856079310
POLYGON_POINT 18.351005474 68.856180068 18.350899622 68.856250599
POLYGON_POINT 18.350845226 68.856282948 18.350809942 68.856304691
POLYGON_POINT 18.350739374 68.856344994 18.350693799 68.856370979
POLYGON_POINT 18.350611470 68.856404919 18.350560014 68.856425071
POLYGON_POINT 18.350480625 68.856464844 18.350408587 68.856507269
POLYGON_POINT 18.350245399 68.856595830 18.350199824 68.856626058
POLYGON_POINT 18.350093966 68.856664240 18.350026337 68.856709316
POLYGON_POINT 18.349929304 68.856768711 18.349858734 68.856802651
POLYGON_POINT 18.349738177 68.856862575 18.349622031 68.856921439
POLYGON_POINT 18.349548521 68.856951667 18.349491183 68.856975001
POLYGON_POINT 18.349280946 68.857089017 18.349242720 68.857107047
POLYGON_POINT 18.349066292 68.857188185 18.349025125 68.857210458
POLYGON_POINT 18.348935442 68.857268261 18.348876633 68.857311746
POLYGON_POINT 18.348806061 68.857347277 18.348731079 68.857383868
POLYGON_POINT 18.348622282 68.857424702 18.348584056 68.857445914
POLYGON_POINT 18.348506134 68.857491521 18.348473789 68.857508491
POLYGON_POINT 18.348332646 68.857575310 18.348300300 68.857599174
POLYGON_POINT 18.348210614 68.857654326 18.348131220 68.857690387
POLYGON_POINT 18.348090053 68.857708948 18.348044475 68.857739706
POLYGON_POINT 18.347868043 68.857836222 18.347840108 68.857850010
POLYGON_POINT 18.347741601 68.857907814 18.347694553 68.857937511
POLYGON_POINT 18.347629861 68.857976223 18.347585753 68.858005920
POLYGON_POINT 18.347554878 68.858034027 18.347548997 68.858040921
POLYGON_POINT 18.347506383 68.858055770 18.347494621 68.858069028
END_WINDING
END_POLYGON
BEGIN_POLYGON 1 255 2
BEGIN_WINDING
POLYGON_POINT 18.356337924 68.860244327
POLYGON_POINT 18.357851504 68.860700653
POLYGON_POINT 18.358721248 68.860586571
POLYGON_POINT 18.359839490 68.860228029
POLYGON_POINT 18.360551099 68.859942826
POLYGON_POINT 18.360765711 68.859466128
POLYGON_POINT 18.360833484 68.858647186
POLYGON_POINT 18.361804886 68.858614591
POLYGON_POINT 18.361601569 68.859405013
POLYGON_POINT 18.361443434 68.860008015
POLYGON_POINT 18.360867370 68.860342111
POLYGON_POINT 18.360765711 68.860810660
POLYGON_POINT 18.359658764 68.860928816
POLYGON_POINT 18.358359796 68.861165127
POLYGON_POINT 18.357783732 68.861177350
POLYGON_POINT 18.356947874 68.861120310
POLYGON_POINT 18.355682792 68.860749545
END_WINDING
END_POLYGON
BEGIN_POLYGON 1 255 2
BEGIN_WINDING
POLYGON_POINT 18.355242282 68.858989430
POLYGON_POINT 18.356959173 68.859433533
POLYGON_POINT 18.356834925 68.859722811
POLYGON_POINT 18.354779174 68.859303155
END_WINDING
END_POLYGON
BEGIN_POLYGON 1 255 2
BEGIN_WINDING
POLYGON_POINT 18.353773959 68.857673419
POLYGON_POINT 18.354892172 68.857848616
POLYGON_POINT 18.354135402 68.858357908
POLYGON_POINT 18.354542024 68.858390503
POLYGON_POINT 18.354316123 68.858765342
POLYGON_POINT 18.353514173 68.858724598
POLYGON_POINT 18.353333452 68.858912018
POLYGON_POINT 18.353773959 68.858993505
POLYGON_POINT 18.353661009 68.859087215
POLYGON_POINT 18.352350780 68.858850903
END_WINDING
END_POLYGON
BEGIN_POLYGON 1 255 2
BEGIN_WINDING
POLYGON_POINT 18.350159536 68.858471989
POLYGON_POINT 18.351594010 68.858663483
POLYGON_POINT 18.351424584 68.858981282
POLYGON_POINT 18.350972781 68.858928315
POLYGON_POINT 18.351040552 68.858826457
POLYGON_POINT 18.350001405 68.858639037
END_WINDING
END_POLYGON
BEGIN_POLYGON 1 255 2
BEGIN_WINDING
POLYGON_POINT 18.353978332 68.854288043
POLYGON_POINT 18.351669672 68.855290768
POLYGON_POINT 18.351013777 68.855721820
POLYGON_POINT 18.345367369 68.858854922
POLYGON_POINT 18.344826957 68.858776493
POLYGON_POINT 18.347098879 68.856137619
POLYGON_POINT 18.345682445 68.856072087
POLYGON_POINT 18.344919750 68.856517708
POLYGON_POINT 18.343866504 68.857474481
POLYGON_POINT 18.342704301 68.857369629
POLYGON_POINT 18.340888359 68.857343416
POLYGON_POINT 18.338818186 68.857906995
POLYGON_POINT 18.338636592 68.851157154
POLYGON_POINT 18.343103808 68.851235793
POLYGON_POINT 18.342450069 68.852035289
POLYGON_POINT 18.344048098 68.852258099
POLYGON_POINT 18.345864039 68.852258099
POLYGON_POINT 18.346917285 68.852690613
POLYGON_POINT 18.348769546 68.853503216
POLYGON_POINT 18.346227228 68.853660493
POLYGON_POINT 18.345210300 68.853044488
POLYGON_POINT 18.343721228 68.852808572
POLYGON_POINT 18.342994852 68.853149340
POLYGON_POINT 18.343939141 68.853660493
POLYGON_POINT 18.344810793 68.854302711
POLYGON_POINT 18.345791402 68.854695906
POLYGON_POINT 18.346554097 68.854551735
POLYGON_POINT 18.346663054 68.854197859
POLYGON_POINT 18.346428869 68.853704170
POLYGON_POINT 18.349252031 68.853510489
POLYGON_POINT 18.350693952 68.853904336
END_WINDING
END_POLYGON
BEGIN_POLYGON 1 255 2
BEGIN_WINDING
POLYGON_POINT 18.355312033 68.854292102
POLYGON_POINT 18.357360933 68.853014209
POLYGON_POINT 18.358285126 68.853031382
POLYGON_POINT 18.358975156 68.853044488
POLYGON_POINT 18.359701504 68.853057595
POLYGON_POINT 18.360028360 68.852716826
POLYGON_POINT 18.357422740 68.852914523
POLYGON_POINT 18.358162634 68.852598938
POLYGON_POINT 18.358491650 68.852272185
POLYGON_POINT 18.356674691 68.852107598
POLYGON_POINT 18.355645866 68.852103206
POLYGON_POINT 18.355293296 68.852347665
POLYGON_POINT 18.355158028 68.853121772
POLYGON_POINT 18.354223599 68.854110766
POLYGON_POINT 18.351239556 68.853699813
POLYGON_POINT 18.349205784 68.853070701
POLYGON_POINT 18.346954107 68.851851798
POLYGON_POINT 18.347353598 68.851825585
POLYGON_POINT 18.348878927 68.851484816
POLYGON_POINT 18.350476892 68.851419284
POLYGON_POINT 18.352438030 68.851157154
POLYGON_POINT 18.353527551 68.850711534
POLYGON_POINT 18.354290216 68.849741654
POLYGON_POINT 18.356541892 68.849715441
POLYGON_POINT 18.357958270 68.850252807
POLYGON_POINT 18.359846773 68.850475617
POLYGON_POINT 18.362606893 68.850174168
POLYGON_POINT 18.367400836 68.850462510
POLYGON_POINT 18.367945605 68.852402271
POLYGON_POINT 18.366529205 68.853057595
POLYGON_POINT 18.364059585 68.853765345
POLYGON_POINT 18.361553646 68.854250285
POLYGON_POINT 18.357411242 68.854833747
END_WINDING
END_POLYGON
FILTER -1
FILTER 0
FILTER -1
FILTER 0
FILTER -1
FILTER 0
FILTER -1
FILTER 0
FILTER -1
FILTER 0
OBJECT 0 18.349043746 68.857375714 0.000000
OBJECT 0 18.350570970 68.859567164 0.000000
OBJECT 0 18.350045124 68.859463463 0.000000
OBJECT 0 18.349746262 68.859440267 0.000000
OBJECT 0 18.351017371 68.859249238 0.000000
OBJECT 0 18.359181067 68.856550261 0.000000
OBJECT 0 18.359337934 68.856479526 323.619995
OBJECT 0 18.359549704 68.856476697 167.470001
OBJECT 0 18.359463427 68.856541773 157.380005
OBJECT 0 18.359228127 68.856649290 161.570007
OBJECT 0 18.355510203 68.860053061 180.000000
OBJECT 0 18.355729841 68.860112478 0.000000
OBJECT 0 18.356145585 68.860166237 225.000000
OBJECT 0 18.357894845 68.859685239 0.000000
OBJECT 0 18.358208614 68.859781438 246.029999
OBJECT 0 18.358185081 68.859891785 180.000000
OBJECT 0 18.357981132 68.859973838 147.529999
OBJECT 0 18.357753649 68.860055890 0.000000
OBJECT 0 18.358710632 68.858542160 0.000000
OBJECT 0 18.358624350 68.858618554 258.690002
OBJECT 0 18.358859665 68.858570454 0.000000
OBJECT 0 18.360310776 68.858717583 309.809998
OBJECT 0 18.360499028 68.858627042 270.000000
OBJECT 0 18.360004818 68.858185656 0.000000
OBJECT 0 18.360067566 68.858264879 0.000000
OBJECT 0 18.359996974 68.858417667 90.000000
OBJECT 0 18.359494989 68.858264879 0.000000
OBJECT 0 18.359479302 68.858163020 0.000000
OBJECT 0 18.360491117 68.857976280 45.000000
OBJECT 0 18.360295029 68.858001745 225.000000
OBJECT 0 18.360444056 68.858075309 0.000000
OBJECT 0 18.360600926 68.857461329 0.000000
OBJECT 0 18.360208750 68.857042577 90.000000
OBJECT 0 18.360122471 68.857062383 143.130005
OBJECT 0 18.359589111 68.857127459 90.000000
OBJECT 0 18.359024401 68.857492452 90.000000
OBJECT 0 18.359228339 68.857701828 0.000000
OBJECT 0 18.359377370 68.857588652 330.950012
OBJECT 0 18.359283245 68.857396252 90.000000
OBJECT 0 18.359259714 68.857529234 175.240005
OBJECT 0 18.359291089 68.857599969 0.000000
OBJECT 0 18.359040089 68.857676363 0.000000
OBJECT 0 18.357887097 68.858293173 0.000000
OBJECT 0 18.358310675 68.858137556 108.440002
OBJECT 0 18.357981226 68.858137556 0.000000
OBJECT 0 18.357738061 68.858202632 135.000000
OBJECT 0 18.357604713 68.858247902 141.339996
OBJECT 0 18.357251731 68.858677972 161.570007
OBJECT 0 18.357204667 68.858669483 56.310001
OBJECT 0 18.357094851 68.858632701 36.869999
OBJECT 0 18.357110539 68.858502549 0.000000
OBJECT 0 18.357071319 68.858508207 116.570000
OBJECT 0 18.356992879 68.858556307 174.289993
OBJECT 0 18.356788934 68.858621384 119.750000
OBJECT 0 18.356843842 68.858663825 180.000000
OBJECT 0 18.356710494 68.858861883 0.000000
OBJECT 0 18.356420265 68.858898665 118.080002
OBJECT 0 18.356247696 68.858955253 140.910004
OBJECT 0 18.356357513 68.858926959 306.869995
OBJECT 0 18.355188753 68.858675142 333.440002
OBJECT 0 18.354914212 68.858638360 99.459999
OBJECT 0 18.354867148 68.858697777 180.000000
OBJECT 0 18.354945588 68.858726071 0.000000
OBJECT 0 18.350120785 68.859211033 0.000000
OBJECT 0 18.349874886 68.859041836 0.000000
OBJECT 0 18.349697082 68.859022733 0.000000
OBJECT 0 18.349530628 68.858994079 0.000000
OBJECT 0 18.349146329 68.857392075 0.000000
OBJECT 0 18.349044085 68.857466780 135.000000
OBJECT 0 18.348840185 68.857856369 0.000000
OBJECT 0 18.350807297 68.858069229 0.000000
OBJECT 0 18.350678678 68.858126537 0.000000
OBJECT 0 18.351022922 68.858119715 270.000000
OBJECT 0 18.350981310 68.858065135 0.000000
OBJECT 0 18.350459270 68.858254799 0.000000
OBJECT 0 18.350572757 68.858257528 0.000000
OBJECT 0 18.350856474 68.858253435 270.000000
OBJECT 0 18.351268810 68.858231603 0.000000
OBJECT 0 18.351828679 68.858092425 0.000000
OBJECT 0 18.351961080 68.858118350 0.000000
OBJECT 0 18.352146442 68.858156556 270.000000
OBJECT 0 18.352267495 68.858055584 0.000000
OBJECT 0 18.352006475 68.857966892 0.000000
OBJECT 0 18.350576540 68.857794967 0.000000
OBJECT 0 18.350508448 68.857755397 26.559999
OBJECT 0 18.356526161 68.856039277 298.299988
OBJECT 0 18.356658549 68.856018809 296.570007
OBJECT 0 18.356775808 68.855962865 321.339996
OBJECT 0 18.356877937 68.855919202 318.579987
OBJECT 0 18.357150279 68.855830510 290.859985
OBJECT 0 18.357165410 68.855909650 153.440002
OBJECT 0 18.357089759 68.855957407 153.440002
OBJECT 0 18.356923327 68.856050193 156.500000
OBJECT 0 18.356772026 68.856172997 180.000000
OBJECT 0 18.356601811 68.856168903 45.000000
OBJECT 0 18.356276513 68.856114324 53.130001
OBJECT 0 18.356817416 68.855795033 345.959991
OBJECT 0 18.356915762 68.855736360 315.000000
OBJECT 0 18.357309146 68.855786846 0.000000
OBJECT 0 18.357505838 68.855721351 0.000000
OBJECT 0 18.357596619 68.855512584 0.000000
OBJECT 0 18.358235868 68.855160547 180.000000
OBJECT 0 18.358054306 68.855198752 90.000000
OBJECT 0 18.357823571 68.855279257 150.259995
OBJECT 0 18.357653357 68.855331108 135.000000
OBJECT 0 18.357426405 68.855410248 125.540001
OBJECT 0 18.357324276 68.855438902 131.990005
OBJECT 0 18.357161627 68.855507126 153.440002
OBJECT 0 18.356904414 68.855587631 90.000000
OBJECT 0 18.356707722 68.855672229 144.460007
OBJECT 0 18.356563986 68.855725444 147.270004
OBJECT 0 18.356480770 68.855763650 140.199997
OBJECT 0 18.356363511 68.855827781 180.000000
OBJECT 0 18.356155472 68.855900099 116.570000
OBJECT 0 18.356023083 68.855990155 153.440002
OBJECT 0 18.355943650 68.856036548 0.000000
OBJECT 0 18.355705330 68.856178454 140.710007
OBJECT 0 18.355644809 68.856234398 180.000000
OBJECT 0 18.355523766 68.856301258 153.440002
OBJECT 0 18.355432984 68.856389950 0.000000
OBJECT 0 18.356060888 68.856253501 0.000000
OBJECT 0 18.356204627 68.856429520 0.000000
OBJECT 0 18.355728011 68.856860698 0.000000
OBJECT 0 18.355599399 68.856800661 90.000000
OBJECT 0 18.355478353 68.856808848 0.000000
OBJECT 0 18.355160606 68.856567333 0.000000
OBJECT 0 18.355130344 68.856594623 0.000000
OBJECT 0 18.354895817 68.856759726 0.000000
OBJECT 0 18.354767205 68.856849782 135.000000
OBJECT 0 18.354702899 68.856907091 0.000000
OBJECT 0 18.354615897 68.856975315 90.000000
OBJECT 0 18.354517547 68.857055820 0.000000
OBJECT 0 18.354158169 68.857331447 0.000000
OBJECT 0 18.354074948 68.857360101 90.000000
OBJECT 0 18.354025772 68.857441970 180.000000
OBJECT 0 18.353942551 68.857518381 0.000000
OBJECT 0 18.353836634 68.857577054 0.000000
OBJECT 0 18.353764761 68.857630269 0.000000
OBJECT 0 18.340938701 68.859584013 153.440002
OBJECT 0 18.340914247 68.859586953 63.430000
OBJECT 0 18.340828659 68.859570783 0.000000
OBJECT 0 18.339834205 68.859472294 0.000000
OBJECT 0 18.339858659 68.859463474 309.809998
OBJECT 0 18.339936096 68.859416435 345.070007
OBJECT 0 18.339597819 68.859413495 78.110001
OBJECT 0 18.339512230 68.859432605 125.839996
OBJECT 0 18.339467399 68.859454654 135.000000
OBJECT 0 18.338811222 68.859447304 270.000000
OBJECT 0 18.338892735 68.859450244 270.000000
OBJECT 0 18.339112819 68.859460534 270.000000
OBJECT 0 18.339243239 68.859473764 274.760010
OBJECT 0 18.339373659 68.859504634 270.000000
OBJECT 0 18.339430718 68.859494344 293.200012
OBJECT 0 18.339667104 68.859519333 257.899994
OBJECT 0 18.339785298 68.859441425 351.470001
OBJECT 0 18.339789373 68.859447304 284.040009
OBJECT 0 18.340005382 68.859031300 45.000000
OBJECT 0 18.339369583 68.859003371 83.309998
OBJECT 0 18.339235088 68.859007780 66.040001
OBJECT 0 18.338811222 68.859022480 90.000000
OBJECT 0 18.338778617 68.859029830 0.000000
OBJECT 0 18.339165802 68.859041590 264.809998
OBJECT 0 18.339267693 68.859038650 273.369995
OBJECT 0 18.339467399 68.859040120 267.269989
OBJECT 0 18.339663029 68.859044530 270.000000
OBJECT 0 18.339850508 68.859046000 270.000000
OBJECT 0 18.340037987 68.859050410 274.190002
OBJECT 0 18.340180634 68.859065110 253.300003
OBJECT 0 18.340351810 68.859087159 256.500000
OBJECT 0 18.340535213 68.859094509 270.000000
OBJECT 0 18.340726768 68.859122439 259.220001
OBJECT 0 18.341020213 68.859166538 257.000000
OBJECT 0 18.341158785 68.859170948 270.000000
OBJECT 0 18.341419625 68.859235627 233.130005
OBJECT 0 18.341631558 68.859337056 225.000000
OBJECT 0 18.341692692 68.859381155 225.000000
OBJECT 0 18.341737524 68.859419375 187.119995
OBJECT 0 18.341847566 68.859492874 251.559998
OBJECT 0 18.341545978 68.859290017 180.000000
OBJECT 0 18.341611189 68.859323826 225.000000
OBJECT 0 18.340449609 68.859417905 245.559998
OBJECT 0 18.340535199 68.859470824 198.429993
OBJECT 0 18.340686001 68.859585483 26.559999
OBJECT 0 18.340669698 68.859576663 45.000000
OBJECT 0 18.340653395 68.859563433 23.959999
OBJECT 0 18.340787894 68.859531093 302.010010
OBJECT 0 18.341154709 68.859581073 270.000000
OBJECT 0 18.341431858 68.859542853 180.000000
OBJECT 0 18.341590811 68.859614882 180.000000
OBJECT 0 18.341574508 68.859594302 19.980000
OBJECT 0 18.341252526 68.859600182 109.650002
OBJECT 0 18.341142482 68.859604592 114.440002
OBJECT 0 18.341065043 68.859626642 168.690002
OBJECT 0 18.341040589 68.859648692 161.570007
OBJECT 0 18.341142482 68.859766290 196.699997
OBJECT 0 18.341440009 68.859876539 146.309998
OBJECT 0 18.341521524 68.859935338 228.809998
OBJECT 0 18.341570432 68.859930928 243.429993
OBJECT 0 18.341770143 68.859905938 300.649994
OBJECT 0 18.341814975 68.859891238 180.000000
OBJECT 0 18.341505221 68.859925048 108.440002
OBJECT 0 18.341321813 68.859936808 116.570000
OBJECT 0 18.341346268 68.859982377 210.259995
OBJECT 0 18.341342180 68.860110265 188.130005
OBJECT 0 18.341366635 68.860135255 255.960007
OBJECT 0 18.341439999 68.860160245 237.990005
OBJECT 0 18.341452227 68.860230804 167.589996
OBJECT 0 18.341627487 68.860385152 206.559998
OBJECT 0 18.341603032 68.860360162 17.520000
OBJECT 0 18.341468530 68.860298423 38.230000
OBJECT 0 18.341346256 68.860230804 296.570007
OBJECT 0 18.341260664 68.860301363 170.130005
OBJECT 0 18.341423696 68.860357222 219.089996
OBJECT 0 18.341497061 68.860438071 194.740005
OBJECT 0 18.341431848 68.860524800 145.710007
OBJECT 0 18.341395165 68.860511570 35.540001
OBJECT 0 18.341472606 68.860499810 165.960007
OBJECT 0 18.341488909 68.860552729 221.179993
OBJECT 0 18.341403286 68.860899644 159.440002
OBJECT 0 18.341464425 68.860949624 270.000000
OBJECT 0 18.342030977 68.860986373 0.000000
OBJECT 0 18.341977990 68.860952564 27.549999
OBJECT 0 18.341949459 68.860887885 9.090000
OBJECT 0 18.342100268 68.860798216 0.000000
OBJECT 0 18.341704904 68.860865835 109.290001
OBJECT 0 18.341611158 68.860865835 45.000000
OBJECT 0 18.341631537 68.860662978 11.890000
OBJECT 0 18.341545943 68.860614468 180.000000
OBJECT 0 18.341541867 68.860648278 153.440002
OBJECT 0 18.341517412 68.860671798 90.000000
OBJECT 0 18.341558171 68.860735007 212.470001
OBJECT 0 18.341529639 68.860779106 153.440002
OBJECT 0 18.341545943 68.860861425 196.929993
OBJECT 0 18.341741587 68.860946684 217.869995
OBJECT 0 18.341737511 68.861017243 161.570007
OBJECT 0 18.341223946 68.860923164 53.570000
OBJECT 0 18.341085365 68.860877595 0.000000
OBJECT 0 18.341223946 68.860899644 258.690002
OBJECT 0 18.341309540 68.860936394 206.559998
OBJECT 0 18.341607082 68.860961384 270.000000
OBJECT 0 18.341884244 68.860967264 243.429993
OBJECT 0 18.341973914 68.860996663 251.559998
OBJECT 0 18.342165482 68.861039293 260.540009
OBJECT 0 18.343005121 68.861039293 90.000000
OBJECT 0 18.342842084 68.861058402 97.129997
OBJECT 0 18.342707579 68.861077512 116.570000
OBJECT 0 18.342524163 68.861084862 77.000000
OBJECT 0 18.342141027 68.861042232 116.570000
OBJECT 0 18.342075812 68.861064282 0.000000
OBJECT 0 18.342198090 68.861093682 258.690002
OBJECT 0 18.342789097 68.861096622 273.899994
OBJECT 0 18.343270056 68.861101032 286.700012
OBJECT 0 18.343107019 68.861109852 110.559998
OBJECT 0 18.342992893 68.861123081 93.370003
OBJECT 0 18.342626061 68.861123081 82.150002
OBJECT 0 18.342577150 68.861133371 270.000000
OBJECT 0 18.344085237 68.861127491 135.000000
OBJECT 0 18.343983340 68.861156891 126.870003
OBJECT 0 18.343865139 68.861159831 90.000000
OBJECT 0 18.343661345 68.861177471 102.809998
OBJECT 0 18.343522764 68.861184821 92.290001
OBJECT 0 18.343339349 68.861190700 83.660004
OBJECT 0 18.343221149 68.861239210 90.000000
OBJECT 0 18.343539068 68.861005483 61.389999
OBJECT 0 18.343339349 68.861053992 128.660004
OBJECT 0 18.343225224 68.861064282 101.309998
OBJECT 0 18.343115176 68.861068692 45.000000
OBJECT 0 18.343176314 68.861020183 342.899994
OBJECT 0 18.343241528 68.860976083 336.040009
OBJECT 0 18.343429019 68.860933454 246.369995
OBJECT 0 18.343510537 68.860946684 245.220001
OBJECT 0 18.343628737 68.860979023 216.869995
OBJECT 0 18.343698028 68.860989313 262.869995
OBJECT 0 18.343836608 68.861020183 241.389999
OBJECT 0 18.343946657 68.861037823 255.960007
OBJECT 0 18.344223817 68.861052522 267.950012
OBJECT 0 18.344337942 68.861061342 270.000000
OBJECT 0 18.344415384 68.861059872 278.130005
OBJECT 0 18.344757759 68.861049582 274.239990
OBJECT 0 18.344916718 68.861051052 288.440002
OBJECT 0 18.345434356 68.860617408 135.000000
OBJECT 0 18.345422128 68.860652688 180.000000
OBJECT 0 18.345446584 68.860701197 180.000000
OBJECT 0 18.345462887 68.860782046 180.000000
OBJECT 0 18.346595984 68.860629168 252.350006
OBJECT 0 18.346673426 68.860667388 214.690002
OBJECT 0 18.346795703 68.860736477 211.610001
OBJECT 0 18.346897600 68.860805566 78.690002
OBJECT 0 18.346514467 68.860795276 148.389999
OBJECT 0 18.346665275 68.860814386 260.540009
OBJECT 0 18.346885372 68.860807036 273.010010
OBJECT 0 18.346926131 68.860862895 146.309998
OBJECT 0 18.346901676 68.860942274 0.000000
OBJECT 0 18.346567453 68.860921694 71.559998
OBJECT 0 18.346485935 68.860920224 86.989998
OBJECT 0 18.346343279 68.860915814 90.000000
OBJECT 0 18.346074271 68.860930514 90.000000
OBJECT 0 18.342087415 68.859570380 195.940002
OBJECT 0 18.342152627 68.859604190 208.070007
OBJECT 0 18.342242293 68.859652699 211.429993
OBJECT 0 18.342291202 68.859707088 185.710007
OBJECT 0 18.342352338 68.859755598 207.759995
OBJECT 0 18.342486837 68.859817337 223.529999
OBJECT 0 18.342556124 68.859874666 202.619995
OBJECT 0 18.342658017 68.859954045 203.199997
OBJECT 0 18.342784365 68.859992264 232.429993
OBJECT 0 18.342975924 68.860061353 284.040009
OBJECT 0 18.341899931 68.859523341 199.979996
OBJECT 0 18.341924386 68.859560090 200.559998
OBJECT 0 18.342005900 68.859615950 199.440002
OBJECT 0 18.342050733 68.859649759 214.990005
OBJECT 0 18.342124097 68.859686509 218.160004
OBJECT 0 18.342201536 68.859777647 191.979996
OBJECT 0 18.342327883 68.859845266 225.000000
OBJECT 0 18.342376792 68.859898186 194.039993
OBJECT 0 18.342389019 68.859973155 190.009995
OBJECT 0 18.342490912 68.860026074 0.000000
OBJECT 0 18.342144475 68.859538041 225.000000
OBJECT 0 18.342189308 68.859573320 210.960007
OBJECT 0 18.342360489 68.859620359 233.839996
OBJECT 0 18.342401246 68.859662989 191.309998
OBJECT 0 18.342458307 68.859710028 200.559998
OBJECT 0 18.342556124 68.859767357 215.839996
OBJECT 0 18.342715078 68.859854086 216.570007
OBJECT 0 18.342829198 68.859908476 226.550003
OBJECT 0 18.342906637 68.859931995 225.000000
OBJECT 0 18.343191938 68.860048124 225.000000
OBJECT 0 18.343224544 68.860070173 0.000000
OBJECT 0 18.342527584 68.860121623 201.800003
OBJECT 0 18.342600948 68.860142202 225.000000
OBJECT 0 18.342633554 68.860149552 258.690002
OBJECT 0 18.342808813 68.860140732 281.769989
OBJECT 0 18.342971844 68.860145142 258.690002
OBJECT 0 18.343281604 68.860140732 277.130005
OBJECT 0 18.343550606 68.860155432 254.050003
OBJECT 0 18.343640273 68.860170132 249.440002
OBJECT 0 18.343892972 68.860211291 225.000000
OBJECT 0 18.343925579 68.860239221 195.250000
OBJECT 0 18.344043776 68.860270091 236.309998
OBJECT 0 18.344182353 68.860300960 242.240005
OBJECT 0 18.344312778 68.860321540 249.139999
OBJECT 0 18.344516568 68.860350939 251.559998
OBJECT 0 18.344724433 68.860361229 267.799988
OBJECT 0 18.344789645 68.860356819 278.130005
OBJECT 0 18.343876669 68.860168662 261.869995
OBJECT 0 18.344031549 68.860205411 242.520004
OBJECT 0 18.344194580 68.860225991 255.960007
OBJECT 0 18.344337233 68.860239221 254.740005
OBJECT 0 18.344414673 68.860256861 243.429993
OBJECT 0 18.344528795 68.860259801 270.000000
OBJECT 0 18.344594008 68.860264211 270.000000
OBJECT 0 18.344989359 68.860317130 253.300003
OBJECT 0 18.345164618 68.860353879 252.899994
OBJECT 0 18.345511060 68.860408269 239.029999
OBJECT 0 18.345780062 68.860461188 243.429993
OBJECT 0 18.345934941 68.860480298 251.559998
OBJECT 0 18.345963472 68.860496467 270.000000
OBJECT 0 18.346130579 68.860517047 251.559998
OBJECT 0 18.346305838 68.860565556 233.130005
OBJECT 0 18.348955077 68.859886426 0.000000
OBJECT 0 18.349228153 68.859798227 0.000000
OBJECT 0 18.349896578 68.859905536 0.000000
OBJECT 0 18.349297441 68.860009904 0.000000
OBJECT 0 18.349003986 68.860001084 0.000000
OBJECT 0 18.348482295 68.860158372 0.000000
OBJECT 0 18.348164383 68.860227461 0.000000
OBJECT 0 18.347650832 68.860261271 153.440002
OBJECT 0 18.347777182 68.860239221 303.690002
OBJECT 0 18.347585620 68.860187772 45.000000
OBJECT 0 18.347524483 68.860186302 90.000000
OBJECT 0 18.347357375 68.860164252 79.690002
OBJECT 0 18.347308466 68.860218641 111.800003
OBJECT 0 18.347137282 68.860215701 0.000000
OBJECT 0 18.347312538 68.859774707 251.559998
OBJECT 0 18.347422582 68.859787937 251.559998
OBJECT 0 18.347451111 68.859802637 243.429993
OBJECT 0 18.347593760 68.859812927 273.579987
OBJECT 0 18.347764939 68.859815867 270.000000
OBJECT 0 18.347923890 68.859815867 277.130005
OBJECT 0 18.348005404 68.859815867 277.130005
OBJECT 0 18.348164355 68.859818807 0.000000
OBJECT 0 18.348857176 68.859299904 0.000000
OBJECT 0 18.348914234 68.859320484 0.000000
OBJECT 0 18.347157653 68.859142616 94.089996
OBJECT 0 18.347157653 68.859149966 225.000000
OBJECT 0 18.347239165 68.859166136 243.429993
OBJECT 0 18.347414415 68.859154376 291.250000
OBJECT 0 18.347532607 68.859161726 0.000000
OBJECT 0 18.347491852 68.859208765 159.440002
OBJECT 0 18.347385886 68.859260214 125.540001
OBJECT 0 18.346998705 68.859110276 324.459991
OBJECT 0 18.347059839 68.859097047 293.959991
OBJECT 0 18.347100595 68.859095577 270.000000
OBJECT 0 18.347332903 68.859101457 258.690002
OBJECT 0 18.347471474 68.859119096 253.610001
OBJECT 0 18.347630422 68.859130856 256.609985
OBJECT 0 18.347736387 68.859136736 270.000000
OBJECT 0 18.347903487 68.859154376 261.869995
OBJECT 0 18.348099115 68.859185245 270.000000
OBJECT 0 18.348200981 68.858781001 165.960007
OBJECT 0 18.348148000 68.858807461 0.000000
OBJECT 0 18.348029810 68.858842740 127.699997
OBJECT 0 18.347984979 68.858888310 164.479996
OBJECT 0 18.347850488 68.858898599 68.959999
OBJECT 0 18.347638562 68.858861850 0.000000
OBJECT 0 18.347463315 68.858866260 0.000000
OBJECT 0 18.347589656 68.858905949 180.000000
OBJECT 0 18.347732298 68.858957399 240.250000
OBJECT 0 18.347862714 68.858945639 299.750000
OBJECT 0 18.347956451 68.858910359 9.460000
OBJECT 0 18.348339548 68.858657523 0.000000
OBJECT 0 18.348335473 68.858625183 0.000000
OBJECT 0 18.348311020 68.858539924 0.000000
OBJECT 0 18.348253963 68.858484065 2.290000
OBJECT 0 18.348527021 68.858457605 288.440002
OBJECT 0 18.348449587 68.858582554 0.000000
OBJECT 0 18.348624833 68.858534044 315.000000
OBJECT 0 18.348747098 68.858507585 306.869995
OBJECT 0 18.348763382 68.858125390 0.000000
OBJECT 0 18.348738930 68.858260628 0.000000
OBJECT 0 18.348743005 68.858315017 189.460007
OBJECT 0 18.348808212 68.858367937 225.000000
OBJECT 0 18.348816363 68.858316487 323.970001
OBJECT 0 18.348995683 68.858285618 305.540009
OBJECT 0 18.348938626 68.858269448 36.869999
OBJECT 0 18.348832665 68.858215059 40.240002
OBJECT 0 18.348677798 68.858242988 144.460007
OBJECT 0 18.348579988 68.858297378 0.000000
OBJECT 0 18.347614108 68.858322367 0.000000
OBJECT 0 18.347756749 68.858301788 270.000000
OBJECT 0 18.348001275 68.858295908 26.559999
OBJECT 0 18.352738010 68.852355164 336.040009
OBJECT 0 18.352899937 68.852317062 309.100006
OBJECT 0 18.352949220 68.852289120 326.309998
OBJECT 0 18.353399801 68.852223077 305.540009
OBJECT 0 18.354082713 68.852124012 295.640015
OBJECT 0 18.354434730 68.852103691 284.929993
OBJECT 0 18.354765626 68.852040188 303.179993
OBJECT 0 18.355272530 68.851981765 287.970001
OBJECT 0 18.355293667 68.851958904 306.869995
OBJECT 0 18.355575274 68.851913182 304.380005
OBJECT 0 18.355835760 68.851892861 279.459991
OBJECT 0 18.356434174 68.851829358 284.380005
OBJECT 0 18.356596098 68.851816657 284.040009
OBJECT 0 18.357011468 68.851819197 283.000000
OBJECT 0 18.357278995 68.851781095 299.750000
OBJECT 0 18.357631003 68.851722672 303.690002
OBJECT 0 18.357912610 68.851682030 305.540009
OBJECT 0 18.358320940 68.851615987 309.470001
OBJECT 0 18.358532145 68.851524543 323.130005
OBJECT 0 18.358834872 68.851443259 303.029999
OBJECT 0 18.358975676 68.851400077 308.160004
OBJECT 0 18.359151680 68.851356894 304.290009
OBJECT 0 18.359567050 68.851247669 312.399994
OBJECT 0 18.360130264 68.851171465 291.250000
OBJECT 0 18.360961004 68.851316252 153.440002
OBJECT 0 18.360841321 68.851367055 132.509995
OBJECT 0 18.360763879 68.851382296 129.809998
OBJECT 0 18.360249947 68.851481361 113.629997
OBJECT 0 18.360151384 68.851519462 180.000000
OBJECT 0 18.360327388 68.851420398 90.000000
OBJECT 0 18.360228826 68.851410237 153.440002
OBJECT 0 18.360299228 68.851496601 198.429993
OBJECT 0 18.360271067 68.851565185 169.699997
OBJECT 0 18.360200665 68.851638848 146.309998
OBJECT 0 18.360144344 68.851682030 153.440002
OBJECT 0 18.360123224 68.851758234 180.000000
OBJECT 0 18.359989460 68.851948744 168.229996
OBJECT 0 18.359904978 68.852037648 150.259995
OBJECT 0 18.359707853 68.852124012 161.570007
OBJECT 0 18.359841617 68.852149413 0.000000
OBJECT 0 18.360109251 68.852157034 175.600006
OBJECT 0 18.359940279 68.852299281 163.070007
OBJECT 0 18.359834672 68.852426287 159.080002
OBJECT 0 18.359743146 68.852596475 177.610001
OBJECT 0 18.359736105 68.852771744 168.690002
OBJECT 0 18.359475607 68.853043537 138.580002
OBJECT 0 18.359489688 68.852959713 354.640015
OBJECT 0 18.359489688 68.852830167 357.269989
OBJECT 0 18.359637539 68.852626957 352.570007
OBJECT 0 18.359644579 68.852464389 0.000000
OBJECT 0 18.359581215 68.852306901 135.000000
OBJECT 0 18.359665700 68.852365324 180.000000
OBJECT 0 18.359475607 68.852581235 158.809998
OBJECT 0 18.359454486 68.852693000 180.000000
OBJECT 0 18.359348879 68.852789525 141.949997
OBJECT 0 18.359193988 68.852809846 90.000000
OBJECT 0 18.358834923 68.852385645 121.610001
OBJECT 0 18.358806761 68.852436448 174.289993
OBJECT 0 18.358665951 68.852545673 160.350006
OBJECT 0 18.358377292 68.852634577 138.369995
OBJECT 0 18.358166077 68.852703161 124.830002
OBJECT 0 18.357983024 68.852728562 105.949997
OBJECT 0 18.357884458 68.852822547 165.070007
OBJECT 0 18.357814053 68.852875889 135.000000
OBJECT 0 18.357659162 68.852934312 124.699997
OBJECT 0 18.357483150 68.852992735 135.000000
OBJECT 0 18.357447947 68.853028297 187.119995
OBJECT 0 18.357476109 68.853117201 180.000000
OBJECT 0 18.357349381 68.853175624 153.440002
OBJECT 0 18.357278976 68.853211186 0.000000
OBJECT 0 18.357194490 68.853239127 153.440002
OBJECT 0 18.357053680 68.853297550 0.000000
OBJECT 0 18.356976235 68.853353433 135.000000
OBJECT 0 18.356905830 68.853427096 161.570007
OBJECT 0 18.356997356 68.853475359 206.559998
OBJECT 0 18.356613670 68.853508683 99.459999
OBJECT 0 18.356582664 68.853546482 180.000000
OBJECT 0 18.356504522 68.853604905 225.000000
OBJECT 0 18.357380991 68.852051583 56.310001
OBJECT 0 18.357201721 68.852083923 119.750000
OBJECT 0 18.356985781 68.852105973 0.000000
OBJECT 0 18.353893395 68.852263260 298.299988
OBJECT 0 18.354137852 68.852250031 274.760010
OBJECT 0 18.354321195 68.852232391 289.540009
OBJECT 0 18.354484167 68.852213281 287.750000
OBJECT 0 18.354679733 68.852182412 300.380005
OBJECT 0 18.354879373 68.852151542 299.980011
OBJECT 0 18.355115682 68.852130962 293.959991
OBJECT 0 18.355339768 68.852110383 289.980011
OBJECT 0 18.355494591 68.852085393 300.959991
OBJECT 0 18.355592374 68.852064813 306.869995
OBJECT 0 18.355922391 68.852028064 294.440002
OBJECT 0 18.356276854 68.852006014 283.709991
OBJECT 0 18.356431677 68.851989844 294.440002
OBJECT 0 18.356586500 68.851963385 312.510010
OBJECT 0 18.356863552 68.851923695 300.529999
OBJECT 0 18.357124307 68.851866366 308.160004
OBJECT 0 18.357262848 68.851838436 333.440002
OBJECT 0 18.357401372 68.851814917 295.019989
OBJECT 0 18.357503227 68.851797277 291.040009
OBJECT 0 18.357890279 68.851742888 293.959991
OBJECT 0 18.358045100 68.851716428 303.690002
OBJECT 0 18.358261034 68.851687028 286.390015
OBJECT 0 18.358550305 68.851635579 309.809998
OBJECT 0 18.358701052 68.851606179 303.690002
OBJECT 0 18.358859947 68.851569430 312.510010
OBJECT 0 18.359014767 68.851525331 309.809998
OBJECT 0 18.359222553 68.851475351 304.290009
OBJECT 0 18.359308112 68.851453302 311.630005
OBJECT 0 18.359491452 68.851410672 312.880005
OBJECT 0 18.359780723 68.851340113 313.920013
OBJECT 0 18.360302225 68.851348933 153.440002
OBJECT 0 18.360200369 68.851390092 135.000000
OBJECT 0 18.360069993 68.851440072 133.029999
OBJECT 0 18.359894821 68.851516511 180.000000
OBJECT 0 18.359894821 68.851537090 170.539993
OBJECT 0 18.359907044 68.851663509 180.000000
OBJECT 0 18.359907044 68.851738478 180.000000
OBJECT 0 18.359902970 68.851797277 169.990005
OBJECT 0 18.359890747 68.851847256 159.440002
OBJECT 0 18.359825557 68.851892826 148.570007
OBJECT 0 18.359744070 68.851960445 169.380005
OBJECT 0 18.359528130 68.852067753 147.270004
OBJECT 0 18.359401826 68.852130962 139.399994
OBJECT 0 18.359238852 68.852175062 116.570000
OBJECT 0 18.358965872 68.852226511 110.559998
OBJECT 0 18.358868087 68.852238271 80.540001
OBJECT 0 18.358224342 68.852205931 0.000000
OBJECT 0 18.358313977 68.852191231 294.230011
OBJECT 0 18.358460653 68.852163302 299.980011
OBJECT 0 18.358737709 68.852107443 303.369995
OBJECT 0 18.358888459 68.852067753 319.760010
OBJECT 0 18.358998466 68.852004544 334.799988
OBJECT 0 18.359124771 68.851919285 333.440002
OBJECT 0 18.359149217 68.851798747 0.000000
OBJECT 0 18.359128845 68.851792867 90.000000
OBJECT 0 18.358892533 68.851797277 105.949997
OBJECT 0 18.358770303 68.851826676 158.199997
OBJECT 0 18.358668445 68.851864896 126.870003
OBJECT 0 18.358432133 68.851916345 116.570000
OBJECT 0 18.358228416 68.851938395 105.260002
OBJECT 0 18.357967658 68.851961915 100.309998
OBJECT 0 18.357816908 68.851981024 93.010002
OBJECT 0 18.357690603 68.852007484 124.989998
OBJECT 0 18.357511332 68.852035414 116.570000
OBJECT 0 18.357596894 68.852067753 183.179993
OBJECT 0 18.357499109 68.852073633 104.040001
OBJECT 0 18.357332062 68.852154482 135.000000
OBJECT 0 18.358758085 68.852311770 128.660004
OBJECT 0 18.358684745 68.852341169 139.399994
OBJECT 0 18.358562513 68.852360279 116.570000
OBJECT 0 18.358476950 68.852402908 158.960007
OBJECT 0 18.358358792 68.852467588 144.460007
OBJECT 0 18.358167294 68.852545497 129.809998
OBJECT 0 18.358000245 68.852649865 153.440002
OBJECT 0 18.357983947 68.852671915 153.440002
OBJECT 0 18.357886159 68.852673385 123.690002
OBJECT 0 18.357751701 68.852732184 132.270004
OBJECT 0 18.357592795 68.852802743 139.899994
OBJECT 0 18.357486859 68.852851252 144.460007
OBJECT 0 18.357384996 68.852893882 135.000000
OBJECT 0 18.357132378 68.852995310 139.539993
OBJECT 0 18.357181272 68.853004130 0.000000
OBJECT 0 18.357128302 68.853102619 196.699997
OBJECT 0 18.357095705 68.853176118 165.960007
OBJECT 0 18.357063109 68.853206987 161.570007
OBJECT 0 18.356977542 68.853239327 129.809998
OBJECT 0 18.356814557 68.853279016 153.440002
OBJECT 0 18.356781960 68.853290776 180.000000
OBJECT 0 18.356745289 68.853408375 165.960007
OBJECT 0 18.356659722 68.853431894 130.600006
OBJECT 0 18.356500812 68.853452474 105.519997
OBJECT 0 18.356512727 68.853404051 70.349998
OBJECT 0 18.355612234 68.852324997 135.000000
OBJECT 0 18.356279790 68.853612859 270.000000
OBJECT 0 18.356403993 68.853518490 141.339996
OBJECT 0 18.354980776 68.853281929 123.690002
OBJECT 0 18.356617120 68.853373750 239.039993
OBJECT 0 18.356362276 68.853678851 0.000000
OBJECT 0 18.356272634 68.853683261 116.570000
OBJECT 0 18.356146321 68.853740590 147.529999
OBJECT 0 18.356109650 68.853774400 169.380005
OBJECT 0 18.356072978 68.853840549 142.130005
OBJECT 0 18.355869248 68.853874358 96.580002
OBJECT 0 18.344762147 68.858966249 0.000000
OBJECT 0 18.345033837 68.859363144 143.130005
OBJECT 0 18.353256024 68.852761709 180.000000
OBJECT 0 18.353228860 68.852836433 167.910004
OBJECT 0 18.353154161 68.852911157 20.219999
OBJECT 0 18.353086253 68.852894007 36.029999
OBJECT 0 18.352773875 68.852879308 85.989998
OBJECT 0 18.352403774 68.852902582 110.559998
OBJECT 0 18.352346052 68.852887883 0.000000
OBJECT 0 18.352369820 68.852862158 341.570007
OBJECT 0 18.352930064 68.852712710 298.390015
OBJECT 0 18.352977600 68.852704135 270.000000
OBJECT 0 18.353191511 68.852731085 261.570007
OBJECT 0 18.353480121 68.852772734 252.960007
OBJECT 0 18.353497098 68.852832758 183.580002
OBJECT 0 18.353480121 68.852954032 182.440002
OBJECT 0 18.353466539 68.853164729 177.610001
OBJECT 0 18.353700823 68.853316627 232.690002
OBJECT 0 18.353860408 68.853276202 322.529999
OBJECT 0 18.353890967 68.853176979 349.459991
OBJECT 0 18.353853617 68.853077755 3.810000
OBJECT 0 18.353860408 68.852965056 4.760000
OBJECT 0 18.353585379 68.852811934 29.049999
OBJECT 0 18.353534448 68.852748234 353.989990
OBJECT 0 18.353775522 68.852695560 307.239990
OBJECT 0 18.353911339 68.852633086 321.339996
OBJECT 0 18.354135436 68.852607361 251.559998
OBJECT 0 18.354104878 68.852691885 175.600006
OBJECT 0 18.354101482 68.852748234 167.470001
OBJECT 0 18.353992829 68.852824183 167.199997
OBJECT 0 18.354019992 68.852905032 189.869995
OBJECT 0 18.354030179 68.852955257 186.009995
OBJECT 0 18.354081110 68.853081430 189.460007
OBJECT 0 18.354233920 68.853233328 174.809998
OBJECT 0 18.354206756 68.853260277 155.559998
OBJECT 0 18.354291644 68.853300702 228.809998
OBJECT 0 18.354539516 68.853386451 240.250000
OBJECT 0 18.354593844 68.853513849 0.000000
OBJECT 0 18.354624404 68.853474649 78.370003
OBJECT 0 18.354505561 68.853452600 64.980003
OBJECT 0 18.354332390 68.853448925 91.190002
OBJECT 0 18.354216942 68.853489349 140.199997
OBJECT 0 18.353965675 68.853384001 169.380005
OBJECT 0 18.353894369 68.853448925 161.570007
OBJECT 0 18.353857018 68.853530999 177.710007
OBJECT 0 18.353785712 68.853625322 172.149994
OBJECT 0 18.353809481 68.853685347 180.000000
OBJECT 0 18.353768735 68.853791920 172.880005
OBJECT 0 18.352610865 68.853777220 198.429993
OBJECT 0 18.352794223 68.853801720 259.290009
OBJECT 0 18.352902879 68.853811520 266.420013
OBJECT 0 18.353126983 68.853838469 265.239990
OBJECT 0 18.353673660 68.853888694 257.589996
OBJECT 0 18.354053958 68.853936468 267.399994
OBJECT 0 18.352515791 68.853862969 254.050003
OBJECT 0 18.352604074 68.853886244 243.429993
OBJECT 0 18.352855342 68.853940143 243.429993
OBJECT 0 18.353008140 68.853960968 254.929993
OBJECT 0 18.353211871 68.853978118 258.410004
OBJECT 0 18.353558213 68.853989142 265.239990
OBJECT 0 18.353867205 68.854006292 263.160004
OBJECT 0 18.354087913 68.854024667 267.269989
OBJECT 0 18.354195515 68.853998639 270.000000
OBJECT 0 18.353222098 68.852598787 296.570007
OBJECT 0 18.353340937 68.852584087 288.440002
OBJECT 0 18.353548054 68.852537537 301.500000
OBJECT 0 18.353707637 68.852500788 303.109985
OBJECT 0 18.353867220 68.852488538 282.380005
OBJECT 0 18.354094710 68.852468938 288.890015
OBJECT 0 18.354213548 68.852443214 308.660004
OBJECT 0 18.354474992 68.852416264 290.320007
OBJECT 0 18.354620993 68.852394214 307.880005
OBJECT 0 18.354777181 68.852395439 194.039993
OBJECT 0 18.354733041 68.852477513 173.520004
OBJECT 0 18.354604016 68.852588987 150.750000
OBJECT 0 18.354481783 68.852664936 156.800003
OBJECT 0 18.354369735 68.852797234 165.259995
OBJECT 0 18.354278048 68.852931982 171.869995
OBJECT 0 18.354267862 68.852968731 180.000000
OBJECT 0 18.354308608 68.853018956 199.979996
OBJECT 0 18.354427449 68.853114504 198.779999
OBJECT 0 18.354451217 68.853232103 184.509995
OBJECT 0 18.354576850 68.853328876 209.470001
OBJECT 0 18.354671923 68.853386451 230.190002
OBJECT 0 18.355293296 68.852508138 0.000000
OBJECT 0 18.355279715 68.852527738 165.070007
OBJECT 0 18.355245761 68.852553462 155.229996
OBJECT 0 18.355218599 68.852607361 169.880005
OBJECT 0 18.355194831 68.852694335 175.910004
OBJECT 0 18.355160877 68.852767834 175.029999
OBJECT 0 18.355147296 68.852848683 174.470001
OBJECT 0 18.355113342 68.852946682 171.869995
OBJECT 0 18.355116738 68.853083880 185.440002
OBJECT 0 18.355052226 68.853225978 0.000000
OBJECT 0 18.354997900 68.853184328 13.490000
OBJECT 0 18.354875667 68.853058155 18.180000
OBJECT 0 18.354868876 68.853006706 0.000000
OBJECT 0 18.354845109 68.852960157 5.710000
OBJECT 0 18.354845109 68.852875633 351.029999
OBJECT 0 18.354896039 68.852799684 341.570007
OBJECT 0 18.354940179 68.852742110 347.470001
OBJECT 0 18.354940179 68.852657586 1.100000
OBJECT 0 18.355001295 68.852562037 344.750000
OBJECT 0 18.355072598 68.852489763 343.809998
OBJECT 0 18.355092970 68.852446889 352.570007
OBJECT 0 18.355174459 68.852380740 334.720001
OBJECT 0 18.355293296 68.852347665 302.010010
OBJECT 0 18.355361204 68.852421164 225.000000
OBJECT 0 18.355401948 68.852432189 216.869995
OBJECT 0 18.355459669 68.852476288 203.429993
OBJECT 0 18.355503809 68.852541212 204.770004
OBJECT 0 18.355334860 68.852593128 161.570007
OBJECT 0 18.355271037 68.852673371 180.000000
OBJECT 0 18.355418925 68.852733535 183.580002
OBJECT 0 18.355443380 68.852775712 194.039993
OBJECT 0 18.355341735 68.852802351 174.809998
OBJECT 0 18.355329013 68.852886736 160.350006
OBJECT 0 18.355177119 68.853000734 173.660004
OBJECT 0 18.355167465 68.853065778 164.059998
OBJECT 0 18.355058895 68.853125631 146.979996
OBJECT 0 18.355062149 68.853168254 172.410004
OBJECT 0 18.354913846 68.853226708 0.000000
OBJECT 0 18.354997891 68.853386451 180.000000
OBJECT 0 18.354923190 68.853442800 156.039993
OBJECT 0 18.354902818 68.853470975 180.000000
OBJECT 0 18.354780580 68.853540799 147.270004
OBJECT 0 18.354709274 68.853556723 135.000000
OBJECT 0 18.354617596 68.853573873 79.690002
OBJECT 0 18.354417262 68.853546923 56.310001
OBJECT 0 18.354345956 68.853553048 129.809998
OBJECT 0 18.354043757 68.853595923 122.470001
OBJECT 0 18.354009802 68.853631447 185.710007
OBJECT 0 18.354070921 68.853714746 176.050003
OBJECT 0 18.354098084 68.853838469 215.839996
OBJECT 0 18.354125249 68.853862969 206.559998
OBJECT 0 18.354169391 68.853894819 198.429993
OBJECT 0 18.354433317 68.853875890 245.770004
OBJECT 0 18.354395739 68.853931228 215.539993
OBJECT 0 18.354244345 68.853975276 183.949997
OBJECT 0 18.354215350 68.854059159 135.000000
OBJECT 0 18.354096260 68.854074462 90.000000
OBJECT 0 18.354151432 68.854109045 90.000000
OBJECT 0 18.353938493 68.854065091 63.430000
OBJECT 0 18.353795879 68.854061416 75.959999
OBJECT 0 18.353649870 68.854058966 73.300003
OBJECT 0 18.353289941 68.854039367 77.900002
OBJECT 0 18.353113372 68.854034467 84.290001
OBJECT 0 18.353062438 68.854039367 90.000000
OBJECT 0 18.356580274 68.854384812 206.559998
OBJECT 0 18.356607439 68.854411762 221.630005
OBJECT 0 18.356719495 68.854438711 247.380005
OBJECT 0 18.356811178 68.854459536 252.899994
OBJECT 0 18.356984356 68.854476686 267.799988
OBJECT 0 18.357126974 68.854498735 261.869995
OBJECT 0 18.357279778 68.854524460 254.360001
OBJECT 0 18.357368065 68.854536710 240.250000
OBJECT 0 18.357914765 68.854617559 254.360001
OBJECT 0 18.357958908 68.854629809 0.000000
OBJECT 0 18.356879091 68.854666558 209.050003
OBJECT 0 18.356947004 68.854691058 237.529999
OBJECT 0 18.357065852 68.854719232 255.960007
OBJECT 0 18.357283174 68.854743732 276.709991
OBJECT 0 18.357493704 68.854755982 270.000000
OBJECT 0 18.356240709 68.854680033 243.429993
OBJECT 0 18.356254291 68.854684933 0.000000
OBJECT 0 18.356376535 68.854695958 266.630005
OBJECT 0 18.356468217 68.854726582 241.389999
OBJECT 0 18.356553109 68.854746182 243.429993
OBJECT 0 18.356621022 68.854767007 0.000000
OBJECT 0 18.356654966 68.854599184 180.000000
OBJECT 0 18.356756834 68.854623684 239.029999
OBJECT 0 18.356828141 68.854638383 270.000000
OBJECT 0 18.355514052 68.854191265 225.000000
OBJECT 0 18.355534425 68.854208414 198.429993
OBJECT 0 18.355636293 68.854230464 255.380005
OBJECT 0 18.355768720 68.854243939 273.809998
OBJECT 0 18.356057345 68.854311313 243.429993
OBJECT 0 18.356261079 68.854363987 255.960007
OBJECT 0 18.356356155 68.854399512 254.050003
OBJECT 0 18.355705662 68.853972509 135.000000
OBJECT 0 18.356109108 68.853976367 140.199997
OBJECT 0 18.355599950 68.854055595 153.440002
OBJECT 0 18.355687253 68.854146910 253.300003
OBJECT 0 18.355660062 68.853925443 123.690002
OBJECT 0 18.355594365 68.853965463 114.779999
OBJECT 0 18.355576122 68.854009156 71.820000
OBJECT 0 18.355871782 68.854029456 154.979996
OBJECT 0 18.355454696 68.854047365 186.339996
OBJECT 0 18.355516267 68.854106771 220.600006
OBJECT 0 18.355755807 68.854100394 251.559998
OBJECT 0 18.351524028 68.856108363 0.000000
OBJECT 0 18.350834654 68.856475858 0.000000
OBJECT 0 18.350277702 68.856779654 0.000000
OBJECT 0 18.350216574 68.856809054 0.000000
OBJECT 0 18.349704611 68.857084311 0.000000
OBJECT 0 18.348970211 68.857443595 153.440002
OBJECT 0 18.348888704 68.857488919 149.860001
OBJECT 0 18.348844554 68.857523219 153.440002
OBJECT 0 18.348763047 68.857551393 137.490005
OBJECT 0 18.348671351 68.857604068 156.369995
OBJECT 0 18.348630598 68.857650617 158.199997
OBJECT 0 18.348572864 68.857681242 140.199997
OBJECT 0 18.348504941 68.857716766 146.309998
OBJECT 0 18.348355512 68.857774340 135.000000
OBJECT 0 18.348284193 68.857820890 143.130005
OBJECT 0 18.348243440 68.857840489 141.339996
OBJECT 0 18.348104198 68.857900514 143.130005
OBJECT 0 18.348005711 68.857949513 135.000000
OBJECT 0 18.348107595 68.857942163 315.000000
OBJECT 0 18.348134764 68.857942163 270.000000
OBJECT 0 18.348253628 68.857947063 243.429993
OBJECT 0 18.348338531 68.857978913 0.000000
OBJECT 0 18.348386077 68.857997287 0.000000
OBJECT 0 18.347852897 68.857281897 153.440002
OBJECT 0 18.347788372 68.857324772 163.300003
OBJECT 0 18.347717054 68.857371321 152.449997
OBJECT 0 18.347625360 68.857432570 153.440002
OBJECT 0 18.347503102 68.857499944 145.839996
OBJECT 0 18.347377447 68.857569768 139.770004
OBJECT 0 18.347302733 68.857595493 116.570000
OBJECT 0 18.347951394 68.856832328 187.429993
OBJECT 0 18.347954790 68.856886228 180.000000
OBJECT 0 18.347934414 68.856932777 168.690002
OBJECT 0 18.347931018 68.857014851 176.190002
OBJECT 0 18.347914038 68.857090800 173.990005
OBJECT 0 18.347822346 68.857209623 171.869995
OBJECT 0 18.347784990 68.857250048 0.000000
OBJECT 0 18.350433819 68.855988315 128.660004
OBJECT 0 18.350369297 68.856000565 116.570000
OBJECT 0 18.350284400 68.856011590 108.440002
OBJECT 0 18.350141774 68.856023839 99.459999
OBJECT 0 18.349900666 68.856065489 104.930000
OBJECT 0 18.349751248 68.856074064 101.309998
OBJECT 0 18.351435564 68.855372148 116.570000
OBJECT 0 18.351415189 68.855379498 135.000000
OBJECT 0 18.351296337 68.855403998 106.699997
OBJECT 0 18.351174088 68.855428498 120.959999
OBJECT 0 18.351099381 68.855459122 135.000000
OBJECT 0 18.350325142 68.855601220 119.750000
OBJECT 0 18.351394810 68.855187176 263.660004
OBJECT 0 18.352260723 68.854956879 0.000000
OBJECT 0 18.352219974 68.854971579 140.199997
OBJECT 0 18.351978193 68.854987427 135.000000
OBJECT 0 18.351897379 68.855067128 120.070000
OBJECT 0 18.351747966 68.855094077 95.190002
OBJECT 0 18.351822673 68.854907880 298.809998
OBJECT 0 18.351989064 68.854878480 301.429993
OBJECT 0 18.352070562 68.854856430 309.470001
OBJECT 0 18.352352408 68.854803756 296.570007
OBJECT 0 18.352389761 68.854793956 315.000000
OBJECT 0 18.352464467 68.854770682 319.089996
OBJECT 0 18.352562944 68.854732707 320.200012
OBJECT 0 18.352675003 68.854692283 310.029999
OBJECT 0 18.352817624 68.854656758 306.869995
OBJECT 0 18.352953454 68.854629809 297.470001
OBJECT 0 18.352440703 68.854567334 299.980011
OBJECT 0 18.352515408 68.854542835 313.149994
OBJECT 0 18.352681795 68.854522010 298.070007
OBJECT 0 18.352878744 68.854495060 290.929993
OBJECT 0 18.352977219 68.854476686 303.019989
OBJECT 0 18.353153793 68.854449736 289.980011
OBJECT 0 18.353523921 68.854361537 318.010010
OBJECT 0 18.353731057 68.854326013 0.000000
OBJECT 0 18.354040063 68.854251289 0.000000
OBJECT 0 18.353666767 68.854424990 123.690002
OBJECT 0 18.353546732 68.854455521 123.690002
OBJECT 0 18.353409945 68.854498301 131.990005
OBJECT 0 18.352653398 68.854772881 132.509995
OBJECT 0 18.353209114 68.854554656 135.000000
OBJECT 0 18.353136815 68.854616334 128.660004
OBJECT 0 18.353057025 68.854585991 135.000000
OBJECT 0 18.352817611 68.854768232 138.580002
OBJECT 0 18.352780258 68.854785381 135.000000
OBJECT 0 18.352483399 68.854882864 140.199997
OBJECT 0 18.352402859 68.854938334 146.309998
OBJECT 0 18.352285715 68.854989169 144.779999
OBJECT 0 18.352236941 68.855043853 141.339996
OBJECT 0 18.352098462 68.855043601 132.270004
OBJECT 0 18.352073946 68.855094077 123.690002
OBJECT 0 18.352009427 68.855116127 129.809998
OBJECT 0 18.351846432 68.855150426 114.779999
OBJECT 0 18.351761538 68.855165126 111.040001
OBJECT 0 18.351673249 68.855183501 111.800003
OBJECT 0 18.351513650 68.855227600 123.690002
OBJECT 0 18.351408382 68.855249650 122.010002
OBJECT 0 18.351292928 68.855279050 116.570000
OBJECT 0 18.351058622 68.855299874 93.180000
OBJECT 0 18.350875253 68.855323149 90.000000
OBJECT 0 18.351470467 68.855403219 0.000000
OBJECT 0 18.351476268 68.855450547 150.259995
OBJECT 0 18.351318888 68.855451602 153.440002
OBJECT 0 18.351357413 68.855505672 151.389999
OBJECT 0 18.351248519 68.855515835 137.729996
OBJECT 0 18.351177936 68.855551090 121.610001
OBJECT 0 18.351133288 68.855618370 153.440002
OBJECT 0 18.351031412 68.855663694 139.899994
OBJECT 0 18.350839343 68.855708239 153.440002
OBJECT 0 18.350890233 68.855681746 135.000000
OBJECT 0 18.350786927 68.855704582 128.660004
OBJECT 0 18.350672687 68.855762233 135.000000
OBJECT 0 18.350528827 68.855836417 119.059998
OBJECT 0 18.350304701 68.855874392 97.129997
OBJECT 0 18.350398597 68.855830650 0.000000
OBJECT 0 18.350712203 68.855912366 153.440002
OBJECT 0 18.350586556 68.855967490 138.820007
OBJECT 0 18.350464306 68.856017715 140.199997
OBJECT 0 18.350355619 68.856114488 156.039993
OBJECT 0 18.350287700 68.856147563 145.009995
OBJECT 0 18.350212990 68.856185537 145.009995
OBJECT 0 18.350151863 68.856218612 150.259995
OBJECT 0 18.350070360 68.856257811 139.399994
OBJECT 0 18.349975274 68.856308036 144.690002
OBJECT 0 18.349815665 68.856392559 151.389999
OBJECT 0 18.349656046 68.856473408 135.000000
OBJECT 0 18.349520207 68.856532207 142.130005
OBJECT 0 18.349452287 68.856560382 128.660004
OBJECT 0 18.349424195 68.856612067 153.440002
OBJECT 0 18.349285883 68.856664506 150.259995
OBJECT 0 18.349217963 68.856693905 139.089996
OBJECT 0 18.349153439 68.856728205 146.309998
OBJECT 0 18.349078727 68.856760054 141.339996
OBJECT 0 18.349034579 68.856805379 163.300003
OBJECT 0 18.348868165 68.856898477 148.000000
OBJECT 0 18.348745907 68.856949927 143.130005
OBJECT 0 18.348694966 68.856973201 144.460007
OBJECT 0 18.348664401 68.856983001 126.870003
OBJECT 0 18.348542143 68.857052825 143.130005
OBJECT 0 18.348402905 68.857118974 145.979996
OBJECT 0 18.348348568 68.857159399 154.979996
OBJECT 0 18.348216121 68.857220648 143.130005
OBJECT 0 18.348134616 68.857263522 143.130005
OBJECT 0 18.348025942 68.857311297 135.000000
OBJECT 0 18.347811982 68.857444820 154.360001
OBJECT 0 18.347744060 68.857481569 146.309998
OBJECT 0 18.347676137 68.857520769 144.779999
OBJECT 0 18.347587837 68.857542819 118.070000
OBJECT 0 18.347451991 68.857583243 137.729996
OBJECT 0 18.347248222 68.857666542 148.000000
OBJECT 0 18.347193883 68.857697166 123.690002
OBJECT 0 18.347108980 68.857721666 126.870003
OBJECT 0 18.346932380 68.857613868 135.000000
OBJECT 0 18.346833891 68.857697166 167.910004
OBJECT 0 18.346816911 68.857720441 0.000000
OBJECT 0 18.346596161 68.857828240 127.570000
OBJECT 0 18.346660682 68.857966663 0.000000
OBJECT 0 18.346501061 68.857894389 147.270004
OBJECT 0 18.346446722 68.857912763 135.000000
OBJECT 0 18.346368609 68.857956863 156.039993
OBJECT 0 18.346266723 68.858024237 160.020004
OBJECT 0 18.346212384 68.858068336 153.440002
OBJECT 0 18.346154648 68.858106311 160.020004
OBJECT 0 18.346066347 68.858190835 161.220001
OBJECT 0 18.345974649 68.858276583 162.649994
OBJECT 0 18.345947472 68.858374582 180.000000
OBJECT 0 18.345944076 68.858422356 184.089996
OBJECT 0 18.345876150 68.858464006 146.309998
OBJECT 0 18.345791242 68.858503205 138.369995
OBJECT 0 18.345777657 68.858509330 0.000000
OBJECT 0 18.345692749 68.858579154 158.199997
OBJECT 0 18.345550105 68.858651428 150.639999
OBJECT 0 18.345539916 68.858745752 169.110001
OBJECT 0 18.345488971 68.858765352 141.339996
OBJECT 0 18.345373497 68.858826601 145.619995
OBJECT 0 18.345275004 68.858869475 126.870003
OBJECT 0 18.345237632 68.859040973 206.559998
OBJECT 0 18.345227443 68.859087522 169.699997
OBJECT 0 18.345122155 68.859196546 151.190002
OBJECT 0 18.345342920 68.859201446 0.000000
OBJECT 0 18.345995025 68.859303119 315.000000
OBJECT 0 18.344979494 68.859386418 156.800003
OBJECT 0 18.344789294 68.859462367 138.369995
OBJECT 0 18.344711176 68.859510142 151.389999
OBJECT 0 18.344660230 68.859544441 146.309998
OBJECT 0 18.344823258 68.859573841 239.039993
OBJECT 0 18.344894583 68.859606915 213.690002
OBJECT 0 18.345030440 68.859637540 243.429993
OBJECT 0 18.345149315 68.859669389 243.429993
OBJECT 0 18.345400651 68.859677964 268.149994
OBJECT 0 18.345587454 68.859684089 270.000000
OBJECT 0 18.346049368 68.859230845 180.000000
OBJECT 0 18.346827150 68.859085072 136.169998
OBJECT 0 18.346782997 68.859108347 127.879997
OBJECT 0 18.346667518 68.859178171 150.259995
OBJECT 0 18.346562229 68.859265145 0.000000
OBJECT 0 18.346535057 68.859337419 0.000000
OBJECT 0 18.346494300 68.859437868 0.000000
OBJECT 0 18.346467129 68.859538316 0.000000
OBJECT 0 18.345998422 68.859795563 0.000000
OBJECT 0 18.345852376 68.859815162 0.000000
OBJECT 0 18.340411678 68.858591486 45.000000
OBJECT 0 18.340129981 68.858642289 90.000000
OBJECT 0 18.340101811 68.858657530 0.000000
OBJECT 0 18.340425763 68.858682931 255.070007
OBJECT 0 18.340714502 68.858743894 211.610001
OBJECT 0 18.340918732 68.858804857 204.440002
OBJECT 0 18.341038453 68.858850579 263.660004
OBJECT 0 18.341496210 68.858809937 291.799988
OBJECT 0 18.341679313 68.858799777 281.309998
OBJECT 0 18.342277919 68.858842959 161.570007
OBJECT 0 18.342263834 68.858883601 206.559998
OBJECT 0 18.342003265 68.858886141 93.809998
OBJECT 0 18.341784950 68.858896301 104.040001
OBJECT 0 18.341242683 68.858789616 61.560001
OBJECT 0 18.341172259 68.858759135 270.000000
OBJECT 0 18.341362404 68.858718493 293.200012
OBJECT 0 18.341545507 68.858715953 248.199997
OBJECT 0 18.341749737 68.858713412 275.709991
OBJECT 0 18.342221580 68.858688011 277.600006
OBJECT 0 18.342601870 68.858665150 280.619995
OBJECT 0 18.342665252 68.858698172 198.429993
OBJECT 0 18.342686379 68.858875980 176.350006
OBJECT 0 18.342665252 68.858934403 180.000000
OBJECT 0 18.342608913 68.858954724 116.570000
OBJECT 0 18.342580743 68.859018227 206.559998
OBJECT 0 18.342820185 68.859295101 195.250000
OBJECT 0 18.342876525 68.859358604 206.559998
OBJECT 0 18.342932864 68.859384006 255.960007
OBJECT 0 18.343277943 68.859521172 210.960007
OBJECT 0 18.343461045 68.859592296 231.339996
OBJECT 0 18.343594851 68.859650719 235.009995
OBJECT 0 18.343848379 68.859696441 241.389999
OBJECT 0 18.344115991 68.859747243 243.429993
OBJECT 0 18.344425857 68.859825987 240.639999
OBJECT 0 18.344707554 68.859902191 243.429993
OBJECT 0 18.345059675 68.859963154 265.600006
OBJECT 0 18.343594851 68.859432268 270.000000
OBJECT 0 18.343763870 68.859472910 233.970001
OBJECT 0 18.343841336 68.859513552 210.960007
OBJECT 0 18.344024439 68.859579595 229.899994
OBJECT 0 18.344186415 68.859627858 240.940002
OBJECT 0 18.344292051 68.859671040 225.000000
OBJECT 0 18.344418815 68.859711682 236.309998
OBJECT 0 18.344594875 68.859737083 254.740005
OBJECT 0 18.344904742 68.859777725 243.429993
OBJECT 0 18.345137141 68.859841228 206.559998
OBJECT 0 18.345277990 68.859894571 231.339996
OBJECT 0 18.345383626 68.859930132 231.339996
OBJECT 0 18.345475178 68.859968234 215.529999
OBJECT 0 18.345763917 68.860085080 223.919998
OBJECT 0 18.345996317 68.860176525 213.690002
OBJECT 0 18.346094910 68.860207006 239.029999
OBJECT 0 18.343383579 68.859450049 45.000000
OBJECT 0 18.343235688 68.859411947 55.619999
OBJECT 0 18.343080755 68.859340823 34.990002
OBJECT 0 18.343017373 68.859312882 38.660000
OBJECT 0 18.342953991 68.859190956 0.000000
OBJECT 0 18.342932864 68.859122373 349.989990
OBJECT 0 18.342996246 68.859074110 330.950012
OBJECT 0 18.343031458 68.859020768 345.959991
OBJECT 0 18.343059628 68.858959805 347.010010
OBJECT 0 18.343073712 68.858881061 351.869995
OBJECT 0 18.343080755 68.858809937 0.000000
OBJECT 0 18.343045543 68.858726113 0.000000
OBJECT 0 18.343045543 68.858654990 354.809998
OBJECT 0 18.343080824 68.858505122 0.000000
OBJECT 0 18.343144203 68.858421298 343.609985
OBJECT 0 18.343214624 68.858357795 321.339996
OBJECT 0 18.343418844 68.858284131 315.000000
OBJECT 0 18.343496307 68.858177446 345.380005
OBJECT 0 18.343566728 68.858121563 0.000000
OBJECT 0 18.343454055 68.858055520 21.799999
OBJECT 0 18.343397718 68.857971696 4.970000
OBJECT 0 18.343404760 68.857900572 0.000000
OBJECT 0 18.343439971 68.857804048 348.690002
OBJECT 0 18.343101950 68.857671961 243.429993
OBJECT 0 18.343263918 68.857722764 232.119995
OBJECT 0 18.343383634 68.857750705 243.429993
OBJECT 0 18.343608981 68.857707523 0.000000
OBJECT 0 18.343489265 68.857656720 35.540001
OBJECT 0 18.343292087 68.857583057 41.180000
OBJECT 0 18.343059698 68.857547495 57.259998
OBJECT 0 18.342862504 68.857527174 129.809998
OBJECT 0 18.342644196 68.857616078 151.699997
OBJECT 0 18.342770956 68.857638940 240.940002
OBJECT 0 18.342982221 68.857725304 180.000000
OBJECT 0 18.343080812 68.857819288 200.559998
OBJECT 0 18.343165318 68.857915813 180.000000
OBJECT 0 18.343256866 68.857997097 194.039993
OBJECT 0 18.343263908 68.858086002 189.460007
OBJECT 0 18.343277993 68.858172366 174.809998
OBJECT 0 18.343200554 68.858306992 153.440002
OBJECT 0 18.342989282 68.858365415 110.559998
OBJECT 0 18.342735755 68.858332394 69.440002
OBJECT 0 18.342601949 68.858340014 194.039993
OBJECT 0 18.342658288 68.858362875 248.199997
OBJECT 0 18.342742797 68.858395897 209.740005
OBJECT 0 18.342848434 68.858421298 270.000000
OBJECT 0 18.342876603 68.858515283 172.149994
OBJECT 0 18.342813221 68.858533064 120.959999
OBJECT 0 18.342700543 68.858568625 128.160004
OBJECT 0 18.342461101 68.858583866 100.620003
OBJECT 0 18.342348422 68.858588946 98.129997
OBJECT 0 18.342193489 68.858604187 90.000000
OBJECT 0 18.341862495 68.858573706 60.250000
OBJECT 0 18.341742774 68.858568625 194.039993
OBJECT 0 18.341538544 68.858621968 130.600006
OBJECT 0 18.341376568 68.858680391 146.309998
OBJECT 0 18.341137126 68.858703252 72.650002
OBJECT 0 18.340848387 68.858614348 26.559999
OBJECT 0 18.340742751 68.858566085 59.029999
OBJECT 0 18.340573733 68.858502582 37.869999
OBJECT 0 18.340334291 68.858446699 50.709999
OBJECT 0 18.341686435 68.858317153 0.000000
OBJECT 0 18.341608968 68.858375576 135.000000
OBJECT 0 18.340623030 68.858299372 0.000000
OBJECT 0 18.340277952 68.858444159 110.559998
OBJECT 0 18.340123018 68.858467020 104.930000
OBJECT 0 18.339961043 68.858502582 118.610001
OBJECT 0 18.339911746 68.858512743 116.570000
OBJECT 0 18.339876534 68.858530523 135.000000
OBJECT 0 18.339841322 68.858571165 156.800003
OBJECT 0 18.339799067 68.858670230 180.000000
OBJECT 0 18.339813152 68.858766755 184.399994
OBJECT 0 18.339890619 68.858764215 276.339996
OBJECT 0 18.340165273 68.858784536 255.070007
OBJECT 0 18.340510351 68.858848039 241.389999
OBJECT 0 18.340876537 68.858886141 270.000000
OBJECT 0 18.340975132 68.858898842 251.559998
OBJECT 0 18.341066685 68.858916622 239.029999
OBJECT 0 18.341214578 68.858936943 246.039993
OBJECT 0 18.341418810 68.858982666 240.639999
OBJECT 0 18.341559661 68.858997906 251.559998
OBJECT 0 18.341813191 68.859030928 243.429993
OBJECT 0 18.341876573 68.859051249 225.000000
OBJECT 0 18.342031509 68.859076650 249.440002
OBJECT 0 18.342172359 68.859117292 220.600006
OBJECT 0 18.342334337 68.859168095 230.190002
OBJECT 0 18.342390677 68.859201117 216.869995
OBJECT 0 18.342468144 68.859239218 219.800003
OBJECT 0 18.342637164 68.859325583 200.550003
OBJECT 0 18.342672377 68.859384006 195.940002
OBJECT 0 18.342756887 68.859444969 216.029999
OBJECT 0 18.342827312 68.859511012 192.529999
OBJECT 0 18.342890695 68.859554194 221.179993
OBJECT 0 18.343052672 68.859615157 209.740005
OBJECT 0 18.343172395 68.859650719 235.009995
OBJECT 0 18.343242820 68.859688821 216.869995
OBJECT 0 18.343292118 68.859706601 225.000000
OBJECT 0 18.343425925 68.859762484 219.800003
OBJECT 0 18.343587903 68.859808206 237.259995
OBJECT 0 18.343672413 68.859851389 220.600006
OBJECT 0 18.343911858 68.859881870 255.960007
OBJECT 0 18.344031581 68.859869169 270.000000
OBJECT 0 18.344249899 68.859866629 273.010010
OBJECT 0 18.344369621 68.859886950 221.179993
OBJECT 0 18.344461174 68.859950453 219.289993
OBJECT 0 18.344517514 68.859983475 216.869995
OBJECT 0 18.344679492 68.860024117 234.460007
OBJECT 0 18.344848512 68.860062219 245.550003
OBJECT 0 18.344968235 68.860069839 260.540009
OBJECT 0 18.345362615 68.860135883 251.559998
OBJECT 0 18.345552763 68.860158744 254.050003
OBJECT 0 18.345665443 68.860168904 270.000000
OBJECT 0 18.345862633 68.860214626 225.000000
OBJECT 0 18.345940101 68.860240028 231.339996
OBJECT 0 18.346123206 68.860295910 249.440002
OBJECT 0 18.346257014 68.860316231 236.309998
OBJECT 0 18.346418991 68.860349253 0.000000
OBJECT 0 18.338908382 68.858678238 0.000000
OBJECT 0 18.338873171 68.858622355 197.520004
OBJECT 0 18.338978802 68.858617275 288.440002
OBJECT 0 18.339084433 68.858563932 317.119995
OBJECT 0 18.339366115 68.858543611 180.000000
OBJECT 0 18.339352031 68.858581713 146.309998
OBJECT 0 18.339309779 68.858635056 180.000000
OBJECT 0 18.339218232 68.858701099 155.229996
OBJECT 0 18.339063307 68.858723960 90.000000
OBJECT 0 18.338880214 68.858759522 90.000000
OBJECT 0 18.341028080 68.857464058 333.440002
OBJECT 0 18.340823866 68.857464058 90.000000
OBJECT 0 18.340619652 68.857474218 0.000000
OBJECT 0 18.340274600 68.857552962 124.830002
OBJECT 0 18.339774628 68.857697749 138.580002
OBJECT 0 18.339485911 68.857824756 0.000000
OBJECT 0 18.339556330 68.857847617 288.440002
OBJECT 0 18.339978842 68.857796814 293.200012
OBJECT 0 18.340260517 68.857695209 316.850006
OBJECT 0 18.341077373 68.857606305 0.000000
OBJECT 0 18.341197085 68.857591064 270.000000
OBJECT 0 18.341401299 68.857606305 237.990005
OBJECT 0 18.341528053 68.857641867 246.039993
OBJECT 0 18.341647764 68.857662188 251.559998
OBJECT 0 18.341964648 68.857685049 257.470001
OBJECT 0 18.342077318 68.857685049 303.690002
OBJECT 0 18.340697112 68.857522481 123.690002
OBJECT 0 18.340584442 68.857545342 126.870003
OBJECT 0 18.340302768 68.857616465 127.570000
OBJECT 0 18.340133763 68.857659648 135.000000
OBJECT 0 18.339823921 68.857720611 118.300003
OBJECT 0 18.339781670 68.857725691 108.440002
OBJECT 0 18.339147902 68.857921280 131.639999
OBJECT 0 18.339133818 68.857946682 296.570007
OBJECT 0 18.348761723 68.856567662 161.570007
OBJECT 0 18.348751942 68.856606470 180.000000
OBJECT 0 18.348766613 68.856669973 183.270004
OBJECT 0 18.348766613 68.856729948 180.000000
OBJECT 0 18.348321617 68.856927513 67.379997
OBJECT 0 18.348267826 68.856828731 0.000000
OBJECT 0 18.349617483 68.856206047 315.000000
OBJECT 0 18.349602813 68.856214867 0.000000
OBJECT 0 18.349426771 68.856243091 119.360001
OBJECT 0 18.349162708 68.856325998 135.000000
OBJECT 0 18.348810623 68.856465352 78.690002
OBJECT 0 18.348839964 68.856400085 345.260010
OBJECT 0 18.348839964 68.856350693 0.000000
OBJECT 0 18.348781283 68.856223687 356.190002
OBJECT 0 18.348991555 68.856197227 288.440002
OBJECT 0 18.349265399 68.856181352 283.239990
OBJECT 0 18.349441441 68.856174296 283.239990
OBJECT 0 18.349754405 68.856137252 295.350006
OBJECT 0 18.350140720 68.856073749 281.309998
OBJECT 0 18.349211621 68.856574718 154.800003
OBJECT 0 18.348996454 68.856652333 139.899994
OBJECT 0 18.348854639 68.856717600 144.160004
OBJECT 0 18.348751946 68.856754644 135.000000
OBJECT 0 18.348561229 68.856860482 148.820007
OBJECT 0 18.348390073 68.856939861 153.440002
OBJECT 0 18.348223808 68.857013948 90.000000
OBJECT 0 18.345710196 68.858306942 143.570007
OBJECT 0 18.345563481 68.858412781 163.300003
OBJECT 0 18.345387423 68.858472756 118.610001
OBJECT 0 18.345328737 68.858508036 180.000000
OBJECT 0 18.344350636 68.858601526 90.000000
OBJECT 0 18.344423993 68.858596234 283.000000
OBJECT 0 18.344917935 68.858784980 141.339996
OBJECT 0 18.344746767 68.858756756 60.020000
OBJECT 0 18.344565818 68.858725005 64.980003
OBJECT 0 18.344404431 68.858709129 85.599998
OBJECT 0 18.344111001 68.858740880 97.599998
OBJECT 0 18.343871366 68.858788508 124.379997
OBJECT 0 18.343709980 68.858830843 114.779999
OBJECT 0 18.343543702 68.858799092 33.689999
OBJECT 0 18.343695308 68.858696781 331.049988
OBJECT 0 18.343983848 68.858624458 303.690002
OBJECT 0 18.344032753 68.858605054 315.000000
OBJECT 0 18.344086549 68.858546843 347.200012
OBJECT 0 18.344125673 68.858493924 352.880005
OBJECT 0 18.344071877 68.858419837 0.000000
OBJECT 0 18.344189249 68.858418073 261.869995
OBJECT 0 18.344301731 68.858428657 270.000000
OBJECT 0 18.344350636 68.858435713 270.000000
OBJECT 0 18.344839686 68.858502744 265.100006
OBJECT 0 18.345084212 68.858497452 276.119995
OBJECT 0 18.345304284 68.858419837 323.130005
OBJECT 0 18.345587938 68.858179936 333.440002
OBJECT 0 18.346854551 68.857536085 153.839996
OBJECT 0 18.346355730 68.857846545 180.000000
OBJECT 0 18.346120992 68.857971787 149.539993
OBJECT 0 18.345793338 68.858197576 159.449997
OBJECT 0 18.345617269 68.858409253 142.600006
OBJECT 0 18.345583035 68.858485104 180.000000
OBJECT 0 18.345470554 68.858543315 153.440002
OBJECT 0 18.345421649 68.858642098 170.839996
OBJECT 0 18.345196686 68.858712657 146.309998
OBJECT 0 18.345128219 68.858799092 192.800003
OBJECT 0 18.345123328 68.858890818 183.179993
OBJECT 0 18.345079314 68.858917278 135.000000
OBJECT 0 18.344971723 68.858917278 0.000000
OBJECT 1 18.350572139 68.857524434 233.699997
OBJECT 2 18.354334307 68.854378319 60.939999
OBJECT 2 18.354307042 68.854371178 63.430000
OBJECT 2 18.354276960 68.854363158 51.340000
OBJECT 3 18.347244398 68.857891992 236.019989
OBJECT 3 18.347270750 68.857898062 239.039993
OBJECT 3 18.347619514 68.857992315 53.130001
OBJECT 2 18.347107235 68.858096632 231.339996
OBJECT 2 18.347139620 68.858105748 228.009995
OBJECT 2 18.347174374 68.858114295 59.040001
OBJECT 3 18.347592687 68.857984768 57.529999
OBJECT 3 18.353090604 68.854842382 232.089996
OBJECT 3 18.353120963 68.854850833 230.029999
OBJECT 3 18.353445675 68.854942478 49.119999
OBJECT 3 18.353418702 68.854934134 50.709999
OBJECT 4 18.352538976 68.855133230 53.410000
OBJECT 4 18.348027735 68.857485411 56.770000
OBJECT 4 18.353493326 68.854627126 54.220001
OBJECT 4 18.352878233 68.855224697 53.970001
OBJECT 4 18.351731452 68.855559421 55.709999
OBJECT 4 18.349047203 68.856973712 56.310001
OBJECT 4 18.349817311 68.856566004 57.529999
OBJECT 4 18.350702113 68.856086798 54.580002
OBJECT 4 18.351059783 68.856183182 56.150002
OBJECT 4 18.350130436 68.856656264 55.349998
OBJECT 4 18.349345441 68.857058835 56.290001
OBJECT 4 18.348365729 68.857578566 58.169998
OBJECT 4 18.352074292 68.855649375 57.029999
OBJECT 5 18.347707898 68.858597356 159.759995
FILTER -1
OBJECT_DEF lib/g10/forests/autogen_tree_any.obj
OBJECT_DEF lib/airport/European_Airports/hangars/28x26x6_Norway.obj
OBJECT_DEF lib/airport/Common_Elements/Runway_Markers/Sheet_Metal/Yellow_Black_Bent_1.obj
OBJECT_DEF lib/airport/Common_Elements/Runway_Markers/Sheet_Metal/White_Red_Bent_2.obj
OBJECT_DEF lib/airport/Common_Elements/Runway_Markers/Barrels/White_Black.obj
OBJECT_DEF lib/g10/US/industrial/light/TinShed10x30Dk.obj
POLYGON_DEF lib/g10/terrain10/apt_cld_sdry.pol
POLYGON_DEF lib/g8/broad_vcld_dry.for
PROPERTY sim/filter/aptid XEN000V
PROPERTY sim/exclude_net 18.352547/68.854427/18.352547/68.854427
PROPERTY sim/exclude_obj 18.354172/68.851203/18.360588/68.853481
PROPERTY sim/exclude_fac 18.354172/68.851203/18.360588/68.853481
PROPERTY sim/exclude_for 18.354172/68.851203/18.360588/68.853481
PROPERTY sim/exclude_obj 18.351656/68.853463/18.356662/68.854843
PROPERTY sim/exclude_fac 18.351656/68.853463/18.356662/68.854843
PROPERTY sim/exclude_for 18.351656/68.853463/18.356662/68.854843
PROPERTY sim/exclude_for 18.338754/68.851135/18.360762/68.861413
PROPERTY sim/exclude_fac 18.347212/68.854843/18.353726/68.857656
PROPERTY sim/exclude_for 18.347212/68.854843/18.353726/68.857656
PROPERTY sim/exclude_fac 18.346740/68.857638/18.348865/68.857924
PROPERTY sim/exclude_for 18.346740/68.857638/18.348865/68.857924
PROPERTY sim/exclude_obj 18.344737/68.857884/18.348151/68.859283
PROPERTY sim/exclude_fac 18.344737/68.857884/18.348151/68.859283
PROPERTY sim/exclude_for 18.344737/68.857884/18.348151/68.859283
PROPERTY sim/require_agpoint 1/0
PROPERTY sim/require_object 1/0
PROPERTY sim/require_facade 6/0
