PROPERTY sim/west -180
PROPERTY sim/east 180
PROPERTY sim/north 90
PROPERTY sim/south -90
PROPERTY sim/planet earth
PROPERTY sim/creation_agent WorldEditor2.1.0r1
PROPERTY laminar/internal_revision 0
PROPERTY sim/overlay 1
FILTER 0
BEGIN_POLYGON 0 60 4
BEGIN_WINDING
POLYGON_POINT 17.337453348 68.787442248 17.337453348 68.787442248
POLYGON_POINT 17.337453348 68.787442248 17.337448765 68.787425665
POLYGON_POINT 17.337410574 68.787407701 17.337383076 68.787386420
POLYGON_POINT 17.337354051 68.787383656 17.337332664 68.787374536
POLYGON_POINT 17.337328081 68.787326170 17.337331136 68.787287201
POLYGON_POINT 17.337278432 68.787277804 17.337257045 68.787258458
POLYGON_POINT 17.337247882 68.787235794 17.337221148 68.787202905
POLYGON_POINT 17.337180666 68.787187981 17.337134073 68.787155092
POLYGON_POINT 17.337108103 68.787126902 17.337065329 68.787088762
POLYGON_POINT 17.337061513 68.787077154 17.337039362 68.787060848
POLYGON_POINT 17.337016448 68.787046476 17.336990478 68.787031275
POLYGON_POINT 17.336940066 68.786997004 17.336901875 68.786971854
POLYGON_POINT 17.336884308 68.786942558 17.336851464 68.786913538
POLYGON_POINT 17.336801820 68.786850248 17.336770504 68.786820952
POLYGON_POINT 17.336723912 68.786794143 17.336697943 68.786770927
POLYGON_POINT 17.336644476 68.786726154 17.336616979 68.786701556
POLYGON_POINT 17.336604762 68.786692436 17.336580320 68.786675853
POLYGON_POINT 17.336573446 68.786662311 17.336558170 68.786646834
POLYGON_POINT 17.336529909 68.786612287 17.336507759 68.786587689
POLYGON_POINT 17.336432143 68.786527439 17.336390898 68.786496485
POLYGON_POINT 17.336355000 68.786468847 17.336330558 68.786445631
POLYGON_POINT 17.336279388 68.786386486 17.336251128 68.786351386
POLYGON_POINT 17.336235853 68.786345030 17.336215231 68.786334251
POLYGON_POINT 17.336197663 68.786309654 17.336176277 68.786294730
POLYGON_POINT 17.336139615 68.786265157 17.336114410 68.786246363
POLYGON_POINT 17.336036504 68.786195786 17.336005189 68.786155159
POLYGON_POINT 17.335987625 68.786140234 17.335973877 68.786129455
POLYGON_POINT 17.335952491 68.786096566 17.335934924 68.786081642
POLYGON_POINT 17.335857018 68.786029959 17.335837923 68.786007572
POLYGON_POINT 17.335818069 68.785978001 17.335798211 68.785967222
POLYGON_POINT 17.335775298 68.785935991 17.335751621 68.785912499
POLYGON_POINT 17.335736345 68.785904484 17.335714196 68.785890112
POLYGON_POINT 17.335634000 68.785843405 17.335588937 68.785817426
POLYGON_POINT 17.335588173 68.785779285 17.335569842 68.785742250
POLYGON_POINT 17.335563737 68.785751095 17.335559154 68.785747226
POLYGON_POINT 17.335517147 68.785714613 17.335479723 68.785690292
POLYGON_POINT 17.335459101 68.785670392 17.335440771 68.785656850
POLYGON_POINT 17.335392653 68.785625896 17.335365157 68.785600469
POLYGON_POINT 17.335349885 68.785574766 17.335320862 68.785552379
POLYGON_POINT 17.335315516 68.785543535 17.335305587 68.785530822
POLYGON_POINT 17.335284202 68.785507053 17.335272746 68.785495998
POLYGON_POINT 17.335235322 68.785468084 17.335229976 68.785464767
POLYGON_POINT 17.335203245 68.785432708 17.335199426 68.785429115
POLYGON_POINT 17.335145199 68.785410045 17.335113885 68.785402030
POLYGON_POINT 17.335072642 68.785381302 17.335042856 68.785368589
POLYGON_POINT 17.335068060 68.785368312 17.335071879 68.785365548
POLYGON_POINT 17.335105484 68.785348689 17.335112358 68.785345372
POLYGON_POINT 17.335152837 68.785332935 17.335168112 68.785327407
POLYGON_POINT 17.335184151 68.785309443 17.335195607 68.785303086
POLYGON_POINT 17.335235322 68.785292861 17.335255180 68.785291479
POLYGON_POINT 17.335270455 68.785302534 17.335281148 68.785307785
POLYGON_POINT 17.335310171 68.785324921 17.335320864 68.785331278
POLYGON_POINT 17.335375853 68.785367206 17.335386546 68.785374115
POLYGON_POINT 17.335404875 68.785405899 17.335413276 68.785412532
POLYGON_POINT 17.335441536 68.785450396 17.335453756 68.785463109
POLYGON_POINT 17.335493472 68.785493511 17.335514094 68.785507883
POLYGON_POINT 17.335541587 68.785540771 17.335546933 68.785545746
POLYGON_POINT 17.335573665 68.785569515 17.335588940 68.785584163
POLYGON_POINT 17.335629420 68.785616222 17.335658443 68.785633910
POLYGON_POINT 17.335662259 68.785653257 17.335674479 68.785660719
POLYGON_POINT 17.335706558 68.785681447 17.335724125 68.785694160
POLYGON_POINT 17.335740928 68.785722904 17.335752385 68.785734235
POLYGON_POINT 17.335767659 68.785754964 17.335770714 68.785762150
POLYGON_POINT 17.335828761 68.785793380 17.335835635 68.785801671
POLYGON_POINT 17.335888334 68.785840641 17.335895972 68.785848656
POLYGON_POINT 17.335944853 68.785877123 17.335958601 68.785889560
POLYGON_POINT 17.335989152 68.785920514 17.336007483 68.785936544
POLYGON_POINT 17.336029630 68.785964182 17.336042614 68.785975237
POLYGON_POINT 17.336059417 68.786006191 17.336076984 68.786028301
POLYGON_POINT 17.336102189 68.786037974 17.336113646 68.786048200
POLYGON_POINT 17.336159472 68.786072522 17.336184677 68.786087999
POLYGON_POINT 17.336212171 68.786121440 17.336220573 68.786135535
POLYGON_POINT 17.336261053 68.786152947 17.336276329 68.786162897
POLYGON_POINT 17.336300006 68.786190811 17.336311463 68.786202142
POLYGON_POINT 17.336351180 68.786237519 17.336354235 68.786240836
POLYGON_POINT 17.336409226 68.786294729 17.336422974 68.786303849
POLYGON_POINT 17.336445888 68.786325407 17.336455817 68.786334251
POLYGON_POINT 17.336503936 68.786375431 17.336539070 68.786393948
POLYGON_POINT 17.336551291 68.786410531 17.336558929 68.786417993
POLYGON_POINT 17.336634543 68.786480178 17.336641417 68.786488193
POLYGON_POINT 17.336698701 68.786528821 17.336737654 68.786550655
POLYGON_POINT 17.336764385 68.786607588 17.336781952 68.786617261
POLYGON_POINT 17.336796465 68.786635226 17.336804103 68.786641583
POLYGON_POINT 17.336817088 68.786666180 17.336822435 68.786676682
POLYGON_POINT 17.336860624 68.786705150 17.336883538 68.786719522
POLYGON_POINT 17.336885066 68.786728365 17.336894232 68.786734169
POLYGON_POINT 17.336971372 68.786796631 17.336983593 68.786810450
POLYGON_POINT 17.337008035 68.786836705 17.337027894 68.786851629
POLYGON_POINT 17.337059210 68.786873464 17.337069903 68.786881755
POLYGON_POINT 17.337087471 68.786901101 17.337092054 68.786909392
POLYGON_POINT 17.337120315 68.786932608 17.337130245 68.786938688
POLYGON_POINT 17.337166904 68.786987884 17.337180653 68.786999768
POLYGON_POINT 17.337201275 68.787018009 17.337210441 68.787028235
POLYGON_POINT 17.337238703 68.787052003 17.337245577 68.787062782
POLYGON_POINT 17.337291406 68.787096224 17.337301336 68.787104792
POLYGON_POINT 17.337346401 68.787128284 17.337369316 68.787137957
POLYGON_POINT 17.337369315 68.787163660 17.337375426 68.787178032
POLYGON_POINT 17.337405978 68.787197102 17.337419727 68.787206775
POLYGON_POINT 17.337447988 68.787225016 17.337457154 68.787232202
POLYGON_POINT 17.337532007 68.787280568 17.337535826 68.787282503
POLYGON_POINT 17.337603043 68.787292728 17.337639707 68.787299361
POLYGON_POINT 17.337665676 68.787312627 17.337679425 68.787317325
POLYGON_POINT 17.337706159 68.787346345 17.337709978 68.787352149
POLYGON_POINT 17.337687827 68.787382827 17.337667968 68.787402173
POLYGON_POINT 17.337681717 68.787408530 17.337679426 68.787413228
POLYGON_POINT 17.337652691 68.787422626 17.337651927 68.787422626
POLYGON_POINT 17.337630540 68.787438932 17.337629776 68.787440314
POLYGON_POINT 17.337615264 68.787451922 17.337609917 68.787456068
POLYGON_POINT 17.337580892 68.787461042 17.337571726 68.787462977
POLYGON_POINT 17.337546520 68.787466017 17.337532007 68.787465741
POLYGON_POINT 17.337453348 68.787442248 17.337448765 68.787425665
END_WINDING
END_POLYGON
BEGIN_POLYGON 0 60 4
BEGIN_WINDING
POLYGON_POINT 17.335220485 68.785298674 17.335220485 68.785298674
POLYGON_POINT 17.335220485 68.785298674 17.335234782 68.785291908
POLYGON_POINT 17.335290873 68.785260866 17.335329366 68.785233803
POLYGON_POINT 17.335334865 68.785230619 17.335359061 68.785217486
POLYGON_POINT 17.335410752 68.785194801 17.335453644 68.785177290
POLYGON_POINT 17.335476740 68.785160972 17.335499836 68.785157788
POLYGON_POINT 17.335544928 68.785172912 17.335579022 68.785177688
POLYGON_POINT 17.335646110 68.785186045 17.335684603 68.785191219
POLYGON_POINT 17.335719797 68.785213108 17.335753891 68.785227435
POLYGON_POINT 17.335783586 68.785245345 17.335806682 68.785257682
POLYGON_POINT 17.335828678 68.785281561 17.335824279 68.785289919
POLYGON_POINT 17.335773688 68.785296286 17.335745093 68.785304246
POLYGON_POINT 17.335716498 68.785316982 17.335686803 68.785326932
POLYGON_POINT 17.335713198 68.785334095 17.335712098 68.785339269
POLYGON_POINT 17.335646110 68.785353994 17.335620814 68.785359964
POLYGON_POINT 17.335574623 68.785369515 17.335563625 68.785372301
POLYGON_POINT 17.335473441 68.785365536 17.335386556 68.785363148
POLYGON_POINT 17.335394254 68.785348422 17.335364559 68.785346830
POLYGON_POINT 17.335346963 68.785349616 17.335335965 68.785355984
POLYGON_POINT 17.335220485 68.785298674 17.335234782 68.785291908
END_WINDING
END_POLYGON
FILTER -1
FILTER 0
FILTER -1
FILTER 0
FILTER -1
FILTER 0
FILTER -1
FILTER 0
FILTER -1
FILTER 0
OBJECT 0 17.332976870 68.785422192 0.000000
OBJECT 0 17.331294799 68.785036637 0.000000
OBJECT 0 17.331726261 68.785172634 0.000000
OBJECT 0 17.333141068 68.785488543 0.000000
OBJECT 0 17.333833421 68.785962901 0.000000
OBJECT 0 17.333510491 68.785945076 90.000000
OBJECT 0 17.340394904 68.786294244 0.000000
OBJECT 0 17.339878206 68.786500721 0.000000
OBJECT 0 17.339597873 68.786606171 0.000000
OBJECT 0 17.338059494 68.785929471 270.000000
OBJECT 0 17.337947746 68.785893985 0.000000
OBJECT 0 17.337546366 68.785602668 0.000000
OBJECT 0 17.337409533 68.785555629 0.000000
OBJECT 0 17.337227089 68.785502812 0.000000
OBJECT 0 17.338146096 68.784728719 0.000000
OBJECT 0 17.337430032 68.784468763 0.000000
OBJECT 0 17.337302327 68.784444005 81.870003
OBJECT 0 17.337156378 68.784392839 0.000000
OBJECT 0 17.337076562 68.784438228 153.440002
OBJECT 0 17.336837114 68.784488569 0.000000
OBJECT 0 17.336873598 68.784604105 0.000000
OBJECT 0 17.336510999 68.784661048 128.660004
OBJECT 0 17.336417499 68.784718816 0.000000
OBJECT 0 17.336232779 68.784808769 315.000000
OBJECT 1 17.336812024 68.784905325 0.000000
OBJECT 1 17.336716244 68.784954840 0.000000
OBJECT 1 17.336554329 68.785042318 0.000000
OBJECT 1 17.332650863 68.784254233 0.000000
OBJECT 1 17.332937814 68.784414471 0.000000
OBJECT 1 17.333528828 68.784263861 0.000000
OBJECT 1 17.333686558 68.784306499 0.000000
OBJECT 1 17.333772074 68.784339510 0.000000
OBJECT 1 17.333914602 68.784396590 0.000000
OBJECT 0 17.332259897 68.785216207 0.000000
OBJECT 0 17.332807199 68.785454872 0.000000
OBJECT 2 17.332939716 68.784292057 135.119995
OBJECT 3 17.333316993 68.784497648 136.149994
OBJECT 3 17.335629825 68.784308510 135.119995
OBJECT 3 17.336772690 68.784773650 136.169998
OBJECT 2 17.342198792 68.787597464 60.520000
OBJECT 4 17.333303706 68.784400837 197.350006
OBJECT 4 17.337024563 68.784705207 220.600006
OBJECT 4 17.336972112 68.784725013 56.310001
OBJECT 4 17.334139681 68.785498499 47.009998
OBJECT 5 17.335003562 68.785639213 0.000000
OBJECT 6 17.334932294 68.785724605 104.860001
OBJECT 7 17.334416006 68.785660991 129.809998
OBJECT 8 17.334921216 68.785651248 197.240005
OBJECT 9 17.335612894 68.785286569 268.850006
OBJECT 10 17.334086010 68.785611636 45.730000
OBJECT 11 17.333419166 68.785399287 226.389999
OBJECT 12 17.334473706 68.785800679 135.880005
FILTER -1
OBJECT_DEF lib/g10/forests/autogen_tree3.obj
OBJECT_DEF lib/g10/forests/autogen_tree2.obj
OBJECT_DEF lib/g10/EU/suburban/gar1_6x8.obj
OBJECT_DEF lib/g10/EU/suburban/hApt1_9x12.obj
OBJECT_DEF lib/cars/car_static.obj
OBJECT_DEF lib/airport/Ramp_Equipment/Cargo_Palette_3.obj
OBJECT_DEF lib/airport/Ramp_Equipment/Cargo_Container_6.obj
OBJECT_DEF lib/airport/Common_Elements/Vehicles/caravans/caravan_new_10m_double.obj
OBJECT_DEF lib/airport/Common_Elements/Vehicles/forklifts/forklift_green_barrel.obj
OBJECT_DEF lib/airport/aircraft/general_aviation/prop_a.obj
OBJECT_DEF lib/g10/EU/suburban/hApt1_9x16.obj
OBJECT_DEF lib/g10/US/industrial/light/TinShed10x50.obj
OBJECT_DEF lib/airport/European_Airports/hangars/25x20x5.obj
POLYGON_DEF lib/g10/terrain10/apt_cld_rain.pol
PROPERTY sim/filter/aptid XEN000U
PROPERTY sim/exclude_fac 17.332417/68.784988/17.335983/68.786087
PROPERTY sim/exclude_for 17.330715/68.784126/17.339712/68.788025
PROPERTY sim/require_agpoint 1/0
PROPERTY sim/require_object 1/0
PROPERTY sim/require_facade 6/0
