PROPERTY sim/west -180
PROPERTY sim/east 180
PROPERTY sim/north 90
PROPERTY sim/south -90
PROPERTY sim/planet earth
PROPERTY sim/creation_agent WorldEditor1.7.21r1
PROPERTY laminar/internal_revision 0
PROPERTY sim/overlay 1
FILTER 0
BEGIN_POLYGON 0 255 2
BEGIN_WINDING
POLYGON_POINT 7.798952792 58.607825373
POLYGON_POINT 7.799811035 58.607156587
POLYGON_POINT 7.800619620 58.606660245
POLYGON_POINT 7.800544569 58.607185783
POLYGON_POINT 7.799524564 58.607763805
POLYGON_POINT 7.799030643 58.607933620
END_WINDING
END_POLYGON
BEGIN_POLYGON 0 255 2
BEGIN_WINDING
POLYGON_POINT 7.801229610 58.606628864
POLYGON_POINT 7.801313510 58.606240348
POLYGON_POINT 7.801753070 58.605990771
POLYGON_POINT 7.804024969 58.604519040
POLYGON_POINT 7.803945949 58.605275489
POLYGON_POINT 7.803432316 58.605939312
POLYGON_POINT 7.802029672 58.606613427
POLYGON_POINT 7.801437002 58.606963349
POLYGON_POINT 7.801150636 58.607030246
END_WINDING
END_POLYGON
BEGIN_POLYGON 0 255 2
BEGIN_WINDING
POLYGON_POINT 7.813937339 58.604211638
POLYGON_POINT 7.814565862 58.604070897
POLYGON_POINT 7.814419758 58.603882764
POLYGON_POINT 7.814020039 58.603963187
POLYGON_POINT 7.813913462 58.603846033
POLYGON_POINT 7.813531948 58.603840631
POLYGON_POINT 7.812140115 58.603816691
POLYGON_POINT 7.810611540 58.603853055
POLYGON_POINT 7.810504870 58.603525775
POLYGON_POINT 7.811856028 58.603315822
POLYGON_POINT 7.814202766 58.603192320
POLYGON_POINT 7.814747968 58.603056468
POLYGON_POINT 7.816265052 58.602568635
POLYGON_POINT 7.817900658 58.602852690
POLYGON_POINT 7.818765870 58.603704853
POLYGON_POINT 7.818125878 58.603834530
POLYGON_POINT 7.817414736 58.604266787
POLYGON_POINT 7.816692826 58.604511217
POLYGON_POINT 7.815910869 58.604562677
POLYGON_POINT 7.814404574 58.604841414
END_WINDING
END_POLYGON
FILTER -1
FILTER 0
FILTER -1
FILTER 0
FILTER -1
FILTER 0
FILTER -1
FILTER 0
FILTER -1
FILTER 0
OBJECT 0 7.812954265 58.603990358 23.000000
OBJECT 1 7.812954265 58.603990358 293.000000
OBJECT 1 7.813777641 58.603927567 203.000000
OBJECT 0 7.813777641 58.603927567 293.000000
OBJECT 2 7.813977345 58.603966545 0.000000
OBJECT 2 7.813993230 58.603960130 98.750000
OBJECT 2 7.813995803 58.603967352 0.000000
OBJECT 3 7.813996831 58.603981390 252.899994
OBJECT 4 7.814356699 58.604879424 0.000000
OBJECT 4 7.814230938 58.604915159 135.000000
OBJECT 4 7.814145193 58.604956851 270.000000
OBJECT 4 7.813962268 58.605007476 0.000000
OBJECT 4 7.813807926 58.605040233 146.309998
OBJECT 4 7.813682165 58.605141484 180.000000
OBJECT 4 7.813539255 58.605162330 0.000000
OBJECT 4 7.813699314 58.605075969 270.000000
OBJECT 4 7.813579270 58.605090859 0.000000
OBJECT 4 7.813419211 58.605120638 180.000000
OBJECT 4 7.813322032 58.605162330 0.000000
OBJECT 4 7.813327749 58.605224867 0.000000
OBJECT 4 7.813144824 58.605192109 0.000000
OBJECT 4 7.813007631 58.605233801 0.000000
OBJECT 4 7.812864721 58.605257624 0.000000
OBJECT 4 7.812618915 58.605287404 0.000000
OBJECT 4 7.812430273 58.605314206 0.000000
OBJECT 4 7.812241632 58.605332073 0.000000
OBJECT 4 7.812035840 58.605346963 0.000000
OBJECT 4 7.811984393 58.605427368 180.000000
OBJECT 4 7.812218766 58.605433324 135.000000
OBJECT 4 7.812047273 58.605486927 0.000000
OBJECT 4 7.811870064 58.605507773 0.000000
OBJECT 4 7.811767168 58.605454170 0.000000
OBJECT 4 7.811812899 58.605367809 90.000000
OBJECT 4 7.811647123 58.605382699 0.000000
OBJECT 4 7.811595675 58.605519685 0.000000
OBJECT 4 7.811492779 58.605448214 0.000000
OBJECT 4 7.811772884 58.605582222 270.000000
OBJECT 4 7.811555660 58.605594134 180.000000
OBJECT 4 7.811395600 58.605525641 45.000000
OBJECT 4 7.811241256 58.605501817 0.000000
OBJECT 4 7.811327002 58.605603068 0.000000
OBJECT 4 7.811172659 58.605597112 0.000000
OBJECT 4 7.811064046 58.605528619 0.000000
OBJECT 4 7.810989733 58.605638803 0.000000
OBJECT 4 7.810921135 58.605594134 180.000000
OBJECT 4 7.810715344 58.605629869 90.000000
OBJECT 4 7.811727153 58.605677517 0.000000
OBJECT 4 7.811584242 58.605680495 90.000000
OBJECT 4 7.811349868 58.605686451 0.000000
OBJECT 4 7.811189808 58.605686451 90.000000
OBJECT 4 7.811064046 58.605701340 0.000000
OBJECT 4 7.810875404 58.605701340 0.000000
OBJECT 4 7.810669610 58.605713252 0.000000
OBJECT 4 7.810458101 58.605695384 0.000000
OBJECT 4 7.810280891 58.605737076 0.000000
OBJECT 4 7.810115114 58.605784723 0.000000
OBJECT 4 7.809817857 58.605862150 0.000000
OBJECT 4 7.809652079 58.605894908 0.000000
OBJECT 4 7.809486302 58.605921709 0.000000
OBJECT 4 7.809503452 58.606064651 180.000000
OBJECT 4 7.809309090 58.605984246 0.000000
OBJECT 4 7.809183327 58.606055717 0.000000
OBJECT 4 7.809034697 58.606052739 90.000000
OBJECT 4 7.808903217 58.606091453 0.000000
OBJECT 4 7.808703139 58.606133144 0.000000
OBJECT 4 7.808531643 58.606156968 270.000000
OBJECT 4 7.808400163 58.606207593 225.000000
OBJECT 4 7.808137202 58.606246307 270.000000
OBJECT 4 7.807554113 58.606395205 0.000000
OBJECT 4 7.807371184 58.606419028 0.000000
OBJECT 4 7.807222552 58.606475610 0.000000
OBJECT 4 7.806976738 58.606538147 0.000000
OBJECT 4 7.806742357 58.606579838 0.000000
OBJECT 4 7.806536560 58.606648331 0.000000
OBJECT 4 7.806359344 58.606701935 0.000000
OBJECT 4 7.805513280 58.606919326 0.000000
OBJECT 4 7.805170280 58.607011642 0.000000
OBJECT 4 7.805021646 58.607038444 0.000000
OBJECT 4 7.804752962 58.607109915 0.000000
OBJECT 4 7.804261325 58.607240945 0.000000
OBJECT 4 7.803929754 58.607357086 296.570007
OBJECT 4 7.803763969 58.607425579 0.000000
OBJECT 4 7.803575315 58.607485138 0.000000
OBJECT 4 7.803478132 58.607589366 90.000000
OBJECT 4 7.803306627 58.607598300 90.000000
OBJECT 4 7.803135123 58.607613190 0.000000
OBJECT 4 7.802712078 58.607774000 0.000000
OBJECT 4 7.802912168 58.607765066 0.000000
OBJECT 4 7.802780681 58.607666793 0.000000
OBJECT 4 7.802569158 58.607812713 0.000000
OBJECT 4 7.802454821 58.607866317 0.000000
OBJECT 4 7.802317619 58.607928854 0.000000
OBJECT 4 7.802340486 58.608012237 0.000000
OBJECT 4 7.802197564 58.608036060 0.000000
OBJECT 4 7.802157545 58.607958633 0.000000
OBJECT 4 7.802020340 58.608018192 0.000000
OBJECT 4 7.802043208 58.608110509 0.000000
OBJECT 4 7.802071792 58.608176024 0.000000
OBJECT 4 7.801896406 58.608143267 0.000000
OBJECT 4 7.801871710 58.608066078 0.000000
OBJECT 4 7.801715298 58.608126114 0.000000
OBJECT 4 7.801597763 58.608203779 0.000000
OBJECT 4 7.801437689 58.608245470 0.000000
OBJECT 4 7.801374803 58.608370545 0.000000
OBJECT 4 7.801128975 58.608319919 0.000000
OBJECT 4 7.810430631 58.603589521 0.000000
OBJECT 4 7.810322024 58.603610366 0.000000
OBJECT 4 7.810201985 58.603610366 0.000000
OBJECT 4 7.809979057 58.603643124 0.000000
OBJECT 4 7.809784706 58.603693749 0.000000
OBJECT 4 7.809601787 58.603729485 0.000000
OBJECT 4 7.809447449 58.603780110 0.000000
OBJECT 4 7.809333125 58.603803934 0.000000
OBJECT 4 7.809218800 58.603842647 0.000000
OBJECT 4 7.808464260 58.604152355 90.000000
OBJECT 4 7.807371313 58.604627042 0.000000
OBJECT 4 7.807062630 58.604692557 0.000000
OBJECT 4 7.806879706 58.604740204 0.000000
OBJECT 4 7.806148013 58.605038000 0.000000
OBJECT 4 7.805987957 58.605157118 0.000000
OBJECT 4 7.805799314 58.605216677 0.000000
OBJECT 4 7.805542075 58.605332818 180.000000
OBJECT 4 7.805301984 58.605451936 180.000000
OBJECT 4 7.805147641 58.605541275 0.000000
OBJECT 4 7.804999015 58.605654437 0.000000
OBJECT 4 7.804808469 58.605727894 0.000000
OBJECT 4 7.804675083 58.605775045 0.000000
OBJECT 4 7.804536934 58.605807306 90.000000
OBJECT 4 7.804417840 58.605814751 0.000000
OBJECT 4 7.804293982 58.605787453 0.000000
OBJECT 4 7.804241581 58.605849494 0.000000
OBJECT 4 7.804117723 58.605814751 0.000000
OBJECT 4 7.804009258 58.605864638 0.000000
OBJECT 4 7.798868751 58.607966291 0.000000
OBJECT 4 7.798782996 58.608028332 0.000000
OBJECT 4 7.798692478 58.608090373 0.000000
OBJECT 4 7.798616252 58.608159859 0.000000
OBJECT 4 7.798536599 58.608221701 0.000000
OBJECT 4 7.798453704 58.608287712 0.000000
OBJECT 5 7.807201063 58.606290190 213.179993
OBJECT 6 7.807448938 58.606179232 25.350000
OBJECT 6 7.807320285 58.606206757 25.350000
OBJECT 6 7.807266040 58.606222548 25.350000
OBJECT 7 7.814261762 58.604029637 293.000000
FILTER -1
OBJECT_DEF lib/airport/aircraft/general_aviation/prop_a.obj
OBJECT_DEF lib/airport/Ramp_Equipment/Chocks_2.obj
OBJECT_DEF lib/industrial_area/goods/barrel_01.obj
OBJECT_DEF lib/airport/Common_Elements/Miscellaneous/Stack_of_Cones.obj
OBJECT_DEF lib/g10/forests/autogen_tree3.obj
OBJECT_DEF lib/cars/car_static_invar.obj
OBJECT_DEF lib/airport/Common_Elements/Vehicles/sailplane_trailer/sailplane_trailer.obj
OBJECT_DEF lib/airport/European_Airports/hangars/25x20x5.obj
POLYGON_DEF lib/g8/coni_tmp_wet.for
PROPERTY sim/filter/aptid XEN0003
PROPERTY sim/require_agpoint 1/0
PROPERTY sim/require_object 1/0
PROPERTY sim/require_facade 6/0
