PROPERTY sim/west -180
PROPERTY sim/east 180
PROPERTY sim/north 90
PROPERTY sim/south -90
PROPERTY sim/planet earth
PROPERTY sim/creation_agent WorldEditor2.1.0r1
PROPERTY laminar/internal_revision 0
PROPERTY sim/overlay 1
FILTER 0
BEGIN_POLYGON 0 60 4
BEGIN_WINDING
POLYGON_POINT 10.194744821 59.475177443 10.194744821 59.475177443
POLYGON_POINT 10.194775432 59.475219644 10.194771059 59.475229639
POLYGON_POINT 10.194819162 59.475280725 10.194847587 59.475302936
POLYGON_POINT 10.194954726 59.475328479 10.195018135 59.475346248
POLYGON_POINT 10.195142767 59.475384007 10.195179938 59.475392891
POLYGON_POINT 10.195302382 59.475423987 10.195354858 59.475437314
POLYGON_POINT 10.195521034 59.475488399 10.195547272 59.475499505
POLYGON_POINT 10.195693769 59.475535043 10.195695956 59.475536154
POLYGON_POINT 10.195691582 59.475605008 10.195685022 59.475629440
POLYGON_POINT 10.195628173 59.475702737 10.195608494 59.475727169
POLYGON_POINT 10.195457625 59.475925960 10.195392030 59.475989262
POLYGON_POINT 10.195365791 59.476037016 10.195337366 59.476052564
POLYGON_POINT 10.195276144 59.476070333 10.195232414 59.476078107
POLYGON_POINT 10.195085917 59.476040348 10.195011575 59.476034795
POLYGON_POINT 10.194860706 59.476025910 10.194747007 59.476014804
POLYGON_POINT 10.194596138 59.475997036 10.194550221 59.475990373
POLYGON_POINT 10.194349061 59.475960387 10.194259414 59.475960387
POLYGON_POINT 10.194198192 59.475978156 10.194150089 59.475988151
POLYGON_POINT 10.194082306 59.476000367 10.194067000 59.476007030
END_WINDING
END_POLYGON
BEGIN_POLYGON 1 60 4
BEGIN_WINDING
POLYGON_POINT 10.193430703 59.476769985 10.193430703 59.476769985
POLYGON_POINT 10.193430703 59.476769985 10.193415397 59.476772206
POLYGON_POINT 10.193395719 59.476771096 10.193393532 59.476769985
POLYGON_POINT 10.193345428 59.476752216 10.193345428 59.476749995
POLYGON_POINT 10.193336682 59.476720010 10.193343242 59.476712236
POLYGON_POINT 10.193356361 59.476671146 10.193362921 59.476664483
POLYGON_POINT 10.193393532 59.476626723 10.193404465 59.476617839
POLYGON_POINT 10.193421957 59.476582301 10.193435076 59.476566753
POLYGON_POINT 10.193467875 59.476513446 10.193470062 59.476512335
POLYGON_POINT 10.193476621 59.476505672 10.193476621 59.476505672
POLYGON_POINT 10.193509419 59.476472355 10.193540031 59.476450144
POLYGON_POINT 10.193550964 59.476423491 10.193572830 59.476401280
POLYGON_POINT 10.193599068 59.476367963 10.193599068 59.476365742
POLYGON_POINT 10.193627493 59.476330204 10.193634053 59.476320209
POLYGON_POINT 10.193682157 59.476284671 10.193690903 59.476272455
POLYGON_POINT 10.193710582 59.476238027 10.193717142 59.476224700
POLYGON_POINT 10.193787115 59.476144740 10.193791488 59.476138077
POLYGON_POINT 10.193854897 59.476084770 10.193854897 59.476082549
POLYGON_POINT 10.193878948 59.476044790 10.193878948 59.476029242
POLYGON_POINT 10.193920492 59.475980377 10.193940171 59.475957055
POLYGON_POINT 10.193983901 59.475908191 10.193994834 59.475900417
POLYGON_POINT 10.194032005 59.475858216 10.194034192 59.475849332
POLYGON_POINT 10.194058243 59.475817125 10.194071362 59.475794914
POLYGON_POINT 10.194097600 59.475759376 10.194106346 59.475744939
POLYGON_POINT 10.194119465 59.475713843 10.194126025 59.475698295
POLYGON_POINT 10.194222235 59.475613893 10.194222235 59.475612782
POLYGON_POINT 10.194257219 59.475570581 10.194261592 59.475556144
POLYGON_POINT 10.194259405 59.475525048 10.194252846 59.475508390
POLYGON_POINT 10.194226608 59.475488399 10.194228794 59.475472851
POLYGON_POINT 10.194283456 59.475450640 10.194362169 59.475438424
POLYGON_POINT 10.194366543 59.475432871 10.194366543 59.475429539
POLYGON_POINT 10.194379662 59.475389559 10.194388408 59.475375122
POLYGON_POINT 10.194423391 59.475339584 10.194445256 59.475326257
POLYGON_POINT 10.194471494 59.475288498 10.194480240 59.475268508
POLYGON_POINT 10.194502104 59.475225197 10.194521782 59.475201875
POLYGON_POINT 10.194556766 59.475169669 10.194561139 59.475161895
POLYGON_POINT 10.194613615 59.475106367 10.194624547 59.475087487
POLYGON_POINT 10.194696707 59.474987537 10.194701080 59.474977542
POLYGON_POINT 10.194746995 59.474938672 10.194757927 59.474920903
POLYGON_POINT 10.194801656 59.474875370 10.194819148 59.474849827
POLYGON_POINT 10.194847571 59.474802073 10.194860690 59.474782083
POLYGON_POINT 10.194900046 59.474743214 10.194910978 59.474733219
POLYGON_POINT 10.194950334 59.474696570 10.194967826 59.474681022
POLYGON_POINT 10.195011554 59.474634379 10.195024673 59.474618831
POLYGON_POINT 10.195074961 59.474564413 10.195094639 59.474545533
POLYGON_POINT 10.195164610 59.474460021 10.195168983 59.474453358
POLYGON_POINT 10.195199592 59.474404493 10.195208338 59.474391166
POLYGON_POINT 10.195260812 59.474330085 10.195267371 59.474325643
POLYGON_POINT 10.195332964 59.474269005 10.195337337 59.474256789
POLYGON_POINT 10.195367946 59.474214587 10.195374505 59.474204592
POLYGON_POINT 10.195398556 59.474159059 10.195407302 59.474146843
POLYGON_POINT 10.195442284 59.474095757 10.195446657 59.474089094
POLYGON_POINT 10.195490385 59.474034676 10.195510063 59.474014686
POLYGON_POINT 10.195560351 59.473965822 10.195569097 59.473955827
POLYGON_POINT 10.195599706 59.473913625 10.195606265 59.473903630
POLYGON_POINT 10.195628129 59.473875866 10.195634688 59.473865871
POLYGON_POINT 10.195669671 59.473823670 10.195678417 59.473817007
POLYGON_POINT 10.195765874 59.473807012 10.195781179 59.473808123
POLYGON_POINT 10.195848957 59.473829223 10.195866448 59.473841439
POLYGON_POINT 10.195877381 59.473866982 10.195870822 59.473884751
POLYGON_POINT 10.195840212 59.473918068 10.195809602 59.473951385
POLYGON_POINT 10.195746196 59.474020239 10.195737450 59.474033566
POLYGON_POINT 10.195698095 59.474087983 10.195682790 59.474140179
POLYGON_POINT 10.195641248 59.474201260 10.195606265 59.474235687
POLYGON_POINT 10.195553791 59.474275668 10.195527554 59.474295658
POLYGON_POINT 10.195486013 59.474336749 10.195466335 59.474371176
POLYGON_POINT 10.195431352 59.474413377 10.195416047 59.474425593
POLYGON_POINT 10.195381065 59.474473348 10.195332964 59.474512218
POLYGON_POINT 10.195313286 59.474545534 10.195295795 59.474575519
POLYGON_POINT 10.195254253 59.474637710 10.195241135 59.474649926
POLYGON_POINT 10.195116507 59.474768756 10.195099015 59.474797631
POLYGON_POINT 10.195048727 59.474877591 10.195026862 59.474915350
POLYGON_POINT 10.194983133 59.474977542 10.194941590 59.475021964
POLYGON_POINT 10.194823523 59.475178553 10.194797285 59.475207428
POLYGON_POINT 10.194725131 59.475272951 10.194703266 59.475301826
POLYGON_POINT 10.194663910 59.475370680 10.194650791 59.475400665
POLYGON_POINT 10.194482433 59.475579465 10.194464941 59.475602787
POLYGON_POINT 10.194412465 59.475684968 10.194397159 59.475724948
POLYGON_POINT 10.194327191 59.475786029 10.194276901 59.475827120
POLYGON_POINT 10.194228798 59.475872653 10.194191627 59.475923739
POLYGON_POINT 10.194158830 59.475969272 10.194117286 59.476021468
POLYGON_POINT 10.194077929 59.476062559 10.194045131 59.476100318
POLYGON_POINT 10.194016707 59.476140298 10.193997028 59.476170283
POLYGON_POINT 10.193970790 59.476213595 10.193935806 59.476250243
POLYGON_POINT 10.193898636 59.476279118 10.193889890 59.476292445
POLYGON_POINT 10.193857091 59.476330204 10.193846158 59.476340199
POLYGON_POINT 10.193782748 59.476422380 10.193774002 59.476454586
POLYGON_POINT 10.193739017 59.476490124 10.193717151 59.476514556
POLYGON_POINT 10.193673420 59.476556758 10.193655927 59.476577859
POLYGON_POINT 10.193612196 59.476642271 10.193594703 59.476667814
POLYGON_POINT 10.193577211 59.476695578 10.193566278 59.476713347
POLYGON_POINT 10.193535666 59.476735558 10.193515987 59.476742221
POLYGON_POINT 10.193430703 59.476769985 10.193415397 59.476772206
END_WINDING
END_POLYGON
FILTER -1
FILTER 0
FILTER -1
FILTER 0
FILTER -1
FILTER 0
FILTER -1
FILTER 0
FILTER -1
FILTER 0
OBJECT 0 10.195068782 59.470457396 175.600006
OBJECT 0 10.195895057 59.472668469 87.339996
OBJECT 1 10.196239501 59.472479482 249.139999
OBJECT 1 10.197782916 59.471978802 248.539993
OBJECT 1 10.194965642 59.471750306 237.179993
OBJECT 0 10.194978103 59.469398082 69.849998
OBJECT 1 10.191376142 59.472536633 61.930000
OBJECT 2 10.190843346 59.473235033 252.949997
OBJECT 2 10.195044081 59.469247715 72.250000
OBJECT 2 10.195922888 59.469123777 67.169998
OBJECT 2 10.195562791 59.469472901 65.660004
OBJECT 2 10.196146305 59.469861562 167.009995
OBJECT 3 10.194750558 59.470764420 172.240005
OBJECT 2 10.196015858 59.470228047 170.539993
OBJECT 2 10.194672996 59.471628860 58.770000
OBJECT 4 10.193339895 59.476683254 249.149994
OBJECT 4 10.193365322 59.476688162 243.429993
OBJECT 4 10.193558057 59.476726387 62.529999
OBJECT 4 10.193535173 59.476721480 64.029999
OBJECT 4 10.195640156 59.473836884 243.429993
OBJECT 4 10.195665784 59.473841645 243.850006
OBJECT 4 10.195857995 59.473882445 63.430000
OBJECT 4 10.195834197 59.473876866 65.089996
OBJECT 5 10.195762626 59.473827964 244.710007
OBJECT 5 10.195790451 59.473834421 66.980003
OBJECT 5 10.195248974 59.474343364 243.429993
OBJECT 5 10.195441128 59.474383664 66.910004
OBJECT 5 10.194799457 59.474881232 252.220001
OBJECT 5 10.195004000 59.474924121 69.970001
OBJECT 5 10.194421868 59.475345062 239.740005
OBJECT 5 10.194631514 59.475387057 66.589996
OBJECT 5 10.193991042 59.475881860 247.380005
OBJECT 5 10.194200251 59.475925195 69.440002
OBJECT 5 10.193637997 59.476324535 244.979996
OBJECT 5 10.193836486 59.476365326 68.199997
OBJECT 5 10.193402631 59.476756512 249.860001
OBJECT 5 10.193428411 59.476760817 67.889999
OBJECT 6 10.194863732 59.475759572 67.680000
OBJECT 1 10.191113783 59.472685448 77.470001
OBJECT 0 10.190716177 59.473405461 344.059998
OBJECT 0 10.190827376 59.472499984 153.440002
OBJECT 3 10.190772716 59.472686558 255.380005
OBJECT 7 10.193287886 59.477690074 112.720001
OBJECT 8 10.200535903 59.475053648 180.000000
OBJECT 8 10.200522367 59.475225555 180.000000
OBJECT 8 10.200562975 59.475479978 198.429993
OBJECT 8 10.200454686 59.475816917 161.570007
OBJECT 8 10.201063808 59.475755030 270.000000
OBJECT 8 10.199155227 59.476174484 103.239998
OBJECT 8 10.198992795 59.476201989 0.000000
OBJECT 7 10.192916098 59.477713102 93.239998
OBJECT 7 10.192358416 59.477648622 69.070000
OBJECT 7 10.192090910 59.477549599 53.130001
OBJECT 7 10.191891414 59.477475908 42.270000
OBJECT 7 10.192063706 59.477300891 191.309998
OBJECT 7 10.192140784 59.477363068 222.710007
OBJECT 7 10.192235998 59.477450576 204.229996
OBJECT 7 10.192675796 59.477563416 248.839996
OBJECT 7 10.192816350 59.477597959 246.800003
OBJECT 7 10.193020380 59.477600262 270.000000
OBJECT 7 10.193473780 59.477505845 308.160004
OBJECT 7 10.193383100 59.477427548 118.610001
OBJECT 7 10.193247080 59.477452879 104.040001
OBJECT 7 10.192657660 59.477457485 79.379997
OBJECT 7 10.192512572 59.477422942 45.000000
OBJECT 7 10.192308542 59.477250228 9.210000
OBJECT 7 10.192335746 59.477192657 341.570007
OBJECT 7 10.192530708 59.477116662 181.820007
OBJECT 7 10.192644058 59.477289377 204.770004
OBJECT 7 10.192693932 59.477321617 236.309998
OBJECT 7 10.192947836 59.477326222 262.869995
OBJECT 7 10.193478314 59.477317011 276.790009
OBJECT 7 10.193460178 59.477201868 111.800003
OBJECT 7 10.192761942 59.477008428 180.000000
OBJECT 7 10.192757408 59.477151205 173.660004
OBJECT 7 10.192984108 59.477211079 263.290009
OBJECT 7 10.193242546 59.477222594 276.010010
OBJECT 8 10.198965723 59.476050711 4.760000
OBJECT 8 10.199074011 59.475651886 355.709991
OBJECT 8 10.199344732 59.475191174 344.750000
OBJECT 8 10.199385340 59.475115535 0.000000
OBJECT 8 10.199209371 59.474152853 352.089996
OBJECT 8 10.199222907 59.474035956 0.000000
OBJECT 8 10.199547827 59.478037960 182.199997
OBJECT 8 10.199534290 59.478739342 180.000000
OBJECT 8 10.198952184 59.478746218 66.800003
OBJECT 8 10.197882733 59.478017331 22.620001
OBJECT 8 10.198058719 59.478182362 201.029999
OBJECT 8 10.198248242 59.478333640 0.000000
OBJECT 8 10.195797982 59.478952507 126.349998
OBJECT 8 10.195554309 59.478918125 39.799999
OBJECT 8 10.195500160 59.478677455 5.190000
OBJECT 8 10.196014579 59.478409279 222.699997
OBJECT 8 10.196420700 59.478656826 224.990005
OBJECT 8 10.196894507 59.479138167 194.929993
OBJECT 8 10.196867432 59.479708899 167.740005
OBJECT 8 10.196407162 59.479894559 120.970001
OBJECT 8 10.196298864 59.479055651 355.760010
OBJECT 8 10.196610223 59.479158795 220.910004
OBJECT 8 10.196853895 59.479241311 209.050003
OBJECT 8 10.197273553 59.479310074 263.660004
OBJECT 8 10.198234704 59.479440724 246.029999
OBJECT 8 10.199344767 59.479454476 274.089996
OBJECT 8 10.199669663 59.479248187 339.779999
OBJECT 8 10.200332993 59.478973136 306.880005
OBJECT 8 10.200671427 59.478010454 352.959991
OBJECT 8 10.200752651 59.476917124 0.000000
OBJECT 8 10.200549591 59.477185299 158.970001
OBJECT 8 10.199750887 59.477969197 156.039993
OBJECT 8 10.199209393 59.478086094 98.129997
OBJECT 8 10.198870960 59.477811042 15.640000
OBJECT 8 10.198911572 59.477549743 355.239990
OBJECT 8 10.199060483 59.477034021 347.589996
OBJECT 8 10.199480140 59.476442659 345.200012
OBJECT 8 10.199601976 59.475479978 352.079987
OBJECT 8 10.200752651 59.475328700 223.020004
OBJECT 8 10.200942174 59.475686267 189.460007
OBJECT 8 10.201064010 59.475926937 194.929993
OBJECT 8 10.201226458 59.476367020 184.089996
OBJECT 8 10.201375369 59.477095907 176.009995
OBJECT 8 10.201253533 59.478574310 182.860001
OBJECT 8 10.201253533 59.478842486 172.240005
OBJECT 8 10.201185846 59.479303198 173.889999
OBJECT 8 10.200847412 59.479970198 164.410004
OBJECT 8 10.200671427 59.480142105 135.009995
OBJECT 8 10.200292381 59.480128353 90.000000
OBJECT 8 10.199439528 59.480142105 104.040001
OBJECT 8 10.198654362 59.480155858 71.559998
OBJECT 8 10.198072256 59.480093971 56.299999
OBJECT 8 10.196366550 59.480121477 90.000000
OBJECT 8 10.195757370 59.480197116 128.669998
OBJECT 8 10.191304086 59.474586060 0.000000
OBJECT 8 10.191358230 59.474476039 0.000000
OBJECT 8 10.191547733 59.474262874 336.040009
OBJECT 8 10.191615413 59.474077214 350.540009
OBJECT 8 10.191601877 59.473898431 0.000000
OBJECT 8 10.191764309 59.473472100 333.440002
OBJECT 8 10.191412374 59.473644008 206.559998
OBJECT 8 10.191073974 59.473980946 135.000000
OBJECT 8 10.190843862 59.474235369 156.800003
OBJECT 8 10.190722039 59.474544802 172.240005
OBJECT 8 10.190654359 59.474757967 0.000000
OBJECT 8 10.197593773 59.472515638 180.000000
OBJECT 8 10.197469742 59.472734501 159.449997
OBJECT 8 10.197424047 59.472814088 0.000000
OBJECT 8 10.197273904 59.472963313 90.000000
OBJECT 8 10.201745469 59.470522653 45.000000
OBJECT 8 10.201262413 59.470579027 81.870003
OBJECT 8 10.201007829 59.470658614 123.690002
OBJECT 8 10.201060051 59.470857581 0.000000
OBJECT 8 10.200903385 59.471020070 171.869995
OBJECT 8 10.200988246 59.471126186 233.610001
OBJECT 8 10.201157968 59.471192508 180.000000
OBJECT 8 10.201236301 59.471457797 181.679993
OBJECT 8 10.201144913 59.471587126 146.309998
OBJECT 8 10.201791253 59.472290142 180.000000
OBJECT 8 10.201778197 59.472326619 161.570007
OBJECT 8 10.201908758 59.472396257 254.050003
OBJECT 8 10.201706389 59.472850565 180.000000
OBJECT 8 10.201379987 59.472956681 63.430000
OBJECT 8 10.201295123 59.472867146 0.000000
OBJECT 8 10.201817365 59.472910255 270.000000
OBJECT 8 10.199421577 59.473056164 104.040001
OBJECT 8 10.199258376 59.473003106 45.000000
OBJECT 8 10.199108231 59.473072745 162.259995
OBJECT 8 10.199310600 59.473142383 260.540009
OBJECT 8 10.201771549 59.469826269 352.410004
OBJECT 8 10.201849881 59.469756631 329.040009
OBJECT 8 10.201849881 59.469643883 0.000000
OBJECT 8 10.201660579 59.469444916 24.440001
OBJECT 8 10.201543081 59.469600773 163.740005
OBJECT 8 10.201536553 59.469696941 180.000000
OBJECT 8 10.201458221 59.469892591 154.649994
OBJECT 8 10.201432111 59.469952281 180.000000
OBJECT 8 10.201817243 59.470028552 262.230011
OBJECT 8 10.198768823 59.469803056 326.309998
OBJECT 8 10.198873266 59.469740050 339.440002
OBJECT 8 10.199375896 59.469643883 287.420013
OBJECT 8 10.200080884 59.469501290 108.440002
OBJECT 8 10.199800194 59.469574244 113.629997
OBJECT 8 10.199480339 59.469604089 101.309998
OBJECT 8 10.199082151 59.469580877 74.050003
OBJECT 8 10.198546883 59.469537767 75.070000
OBJECT 8 10.198683963 59.469342116 280.619995
OBJECT 8 10.198932015 59.469358697 266.420013
OBJECT 8 10.199219232 59.469368645 267.709991
OBJECT 8 10.199617420 59.469391858 274.399994
OBJECT 8 10.200211437 59.469381910 272.859985
OBJECT 8 10.200498654 59.469348749 275.190002
OBJECT 8 10.200870731 59.469352065 243.429993
OBJECT 8 10.200759761 59.469451548 140.199997
OBJECT 8 10.200590042 59.469524503 129.809998
OBJECT 8 10.200420322 59.469590825 126.870003
OBJECT 8 10.200028663 59.469703573 123.690002
OBJECT 8 10.199343258 59.469852798 119.360001
OBJECT 8 10.199036457 59.469958914 127.879997
OBJECT 8 10.198540355 59.470002023 96.949997
OBJECT 8 10.198422857 59.469796424 18.430000
OBJECT 8 10.198305359 59.469693625 32.470001
OBJECT 8 10.198122584 59.469570928 45.000000
OBJECT 8 10.198429385 59.469302323 30.959999
OBJECT 8 10.198044252 59.469305639 101.309998
OBJECT 8 10.197639537 59.469312271 91.910004
OBJECT 8 10.197417596 59.469308955 88.320000
OBJECT 8 10.197195656 59.469345433 180.000000
OBJECT 8 10.197358847 59.469421703 209.740005
OBJECT 8 10.197776618 59.469441600 263.089996
OBJECT 8 10.198011614 59.469673728 135.000000
OBJECT 8 10.197887588 59.469726786 126.870003
OBJECT 8 10.197430652 59.469733418 153.440002
OBJECT 8 10.197280515 59.469746682 102.529999
OBJECT 8 10.197169545 59.469796424 143.130005
OBJECT 8 10.196934549 59.469982126 163.070007
OBJECT 8 10.197189128 59.469948965 243.429993
OBJECT 8 10.197633009 59.470051765 250.020004
OBJECT 8 10.197776618 59.470220887 135.000000
OBJECT 8 10.197580788 59.470373428 180.000000
OBJECT 8 10.197195656 59.470386692 60.939999
OBJECT 8 10.196993298 59.470257364 48.009998
OBJECT 8 10.196784413 59.470181093 53.130001
OBJECT 8 10.196183868 59.471049915 90.000000
OBJECT 8 10.195844429 59.471063180 96.709999
OBJECT 8 10.195602906 59.471020070 90.000000
OBJECT 8 10.195615961 59.471006806 0.000000
OBJECT 8 10.195831374 59.470817787 328.570007
OBJECT 8 10.195890123 59.470827736 180.000000
OBJECT 8 10.196444974 59.470499440 315.000000
OBJECT 8 10.196529834 59.470539234 243.429993
OBJECT 8 10.196608166 59.470625453 185.190002
OBJECT 8 10.196679970 59.470774678 191.309998
OBJECT 8 10.196601638 59.470904006 143.130005
OBJECT 8 10.196523306 59.470857581 180.000000
OBJECT 8 10.196418864 59.471069812 153.440002
OBJECT 7 10.199336730 59.470980277 0.000000
OBJECT 7 10.199343258 59.470986909 0.000000
OBJECT 7 10.199147428 59.471079760 131.880005
OBJECT 7 10.199036457 59.471132818 0.000000
OBJECT 7 10.199075623 59.470562446 90.000000
OBJECT 7 10.198938542 59.470555814 90.000000
OBJECT 7 10.198788406 59.470618820 135.000000
OBJECT 7 10.198866738 59.470701723 241.389999
OBJECT 7 10.199036457 59.470678510 305.540009
OBJECT 7 10.198070363 59.470539234 90.000000
OBJECT 7 10.198403274 59.470429802 0.000000
OBJECT 7 10.198253138 59.470399957 270.000000
OBJECT 7 10.198311887 59.470535917 270.000000
OBJECT 7 10.195498430 59.470880793 90.000000
OBJECT 7 10.195498430 59.470837684 0.000000
OBJECT 7 10.195524541 59.470807839 0.000000
OBJECT 7 10.196190368 59.470761413 275.059998
OBJECT 7 10.196484115 59.470807839 213.690002
OBJECT 7 10.196425366 59.470867529 126.870003
OBJECT 7 10.196353561 59.470880793 90.000000
OBJECT 7 10.196053286 59.470904006 0.000000
OBJECT 7 10.195811760 59.470950432 135.000000
OBJECT 7 10.195289543 59.471036651 105.070000
OBJECT 7 10.195217738 59.471016754 63.430000
OBJECT 7 10.195302598 59.470913954 333.440002
OBJECT 7 10.195544124 59.470701723 0.000000
OBJECT 7 10.195642040 59.470655298 270.000000
OBJECT 7 10.195916204 59.470638717 258.690002
OBJECT 7 10.196229534 59.470658614 270.000000
OBJECT 7 10.196386199 59.470525969 332.100006
OBJECT 7 10.196497170 59.470390008 345.959991
OBJECT 7 10.196575503 59.470406589 253.300003
OBJECT 7 10.196679947 59.470462963 183.809998
OBJECT 7 10.196777862 59.470685143 199.979996
OBJECT 7 10.196856195 59.470797890 185.710007
OBJECT 7 10.196823556 59.470933851 198.429993
OBJECT 7 10.196784390 59.471020070 90.000000
OBJECT 7 10.196725641 59.471026702 110.559998
OBJECT 7 10.196699530 59.471036651 270.000000
OBJECT 7 10.196196896 59.471096341 116.570000
OBJECT 7 10.195994536 59.471258830 90.000000
OBJECT 7 10.195850927 59.471255514 116.570000
OBJECT 7 10.195655095 59.471301940 120.970001
OBJECT 7 10.195524541 59.471364946 145.309998
OBJECT 7 10.195472319 59.471504223 180.000000
OBJECT 7 10.195557179 59.471593758 180.000000
OBJECT 7 10.195420097 59.471663396 180.000000
OBJECT 7 10.196875778 59.471796041 198.429993
OBJECT 7 10.196588558 59.472127652 156.800003
OBJECT 7 10.196347033 59.471908789 142.130005
OBJECT 7 10.191869465 59.478349842 242.350006
OBJECT 7 10.191979040 59.478367114 258.109985
OBJECT 7 10.192602482 59.478334490 282.269989
OBJECT 7 10.192753620 59.478117637 135.000000
OBJECT 7 10.192651602 59.478113799 90.000000
OBJECT 7 10.192224639 59.478090771 82.059998
OBJECT 7 10.191895915 59.478023604 315.000000
OBJECT 7 10.192167962 59.478000575 228.809998
OBJECT 7 10.192636488 59.478002495 268.089996
OBJECT 7 10.192776290 59.477916137 0.000000
OBJECT 7 10.192383333 59.477908461 87.400002
OBJECT 7 10.192081058 59.477850890 59.040001
OBJECT 7 10.191858130 59.477756856 37.230000
OBJECT 7 10.191718328 59.477563033 180.000000
OBJECT 7 10.192088615 59.477714637 237.529999
OBJECT 7 10.192201968 59.477745342 252.350006
OBJECT 7 10.192440009 59.477789480 245.089996
OBJECT 7 10.192696943 59.477820185 246.800003
OBJECT 7 10.193142799 59.477800995 273.950012
OBJECT 8 10.192589662 59.479144049 225.000000
OBJECT 8 10.192576603 59.479170578 180.000000
OBJECT 8 10.192890006 59.479203739 274.760010
OBJECT 8 10.194306850 59.479618253 78.690002
OBJECT 8 10.194274203 59.479604988 0.000000
OBJECT 8 10.194058739 59.479558563 57.990002
OBJECT 8 10.193804099 59.479518769 72.639999
OBJECT 8 10.193085883 59.479548615 0.000000
OBJECT 8 10.193503754 59.479628201 280.619995
OBJECT 8 10.193621280 59.480258263 135.000000
OBJECT 8 10.193373170 59.480317953 118.300003
OBJECT 8 10.192700659 59.480407488 103.570000
OBJECT 8 10.192034677 59.480364379 90.000000
OBJECT 8 10.191675569 59.480218470 16.700001
OBJECT 8 10.190905226 59.477194174 36.869999
OBJECT 8 10.190800765 59.477121219 28.299999
OBJECT 8 10.190520026 59.476610538 21.799999
OBJECT 8 10.190487382 59.476521002 10.620000
OBJECT 8 10.190461267 59.476341932 0.000000
OBJECT 8 10.190448209 59.476136333 352.880005
OBJECT 8 10.190683247 59.476023585 306.869995
OBJECT 8 10.190866053 59.475801406 345.959991
OBJECT 8 10.190905226 59.475645548 350.540009
OBJECT 8 10.192113057 59.475366995 135.000000
OBJECT 8 10.191891077 59.475526168 153.440002
OBJECT 8 10.191492820 59.475910837 161.369995
OBJECT 8 10.191447118 59.475937366 36.869999
OBJECT 8 10.191447118 59.475648864 0.000000
OBJECT 8 10.190670189 59.475396840 189.460007
OBJECT 8 10.190689775 59.475735083 180.000000
OBJECT 8 10.190624487 59.475861096 180.000000
OBJECT 8 10.190689775 59.476156230 188.369995
OBJECT 8 10.190813823 59.476338616 180.000000
OBJECT 8 10.191061848 59.477346715 201.800003
OBJECT 8 10.191323012 59.477814287 0.000000
OBJECT 8 10.191290367 59.478646632 165.960007
OBJECT 8 10.192589643 59.479896806 353.660004
OBJECT 8 10.192674522 59.479435867 0.000000
OBJECT 8 10.192602702 59.479316487 2.860000
OBJECT 8 10.192707168 59.478683109 330.640015
OBJECT 8 10.192916099 59.478606838 303.109985
OBJECT 8 10.193040152 59.478467561 334.720001
OBJECT 8 10.193144618 59.478261962 341.570007
OBJECT 8 10.193366608 59.478106105 320.709991
OBJECT 8 10.193653889 59.477933667 320.359985
OBJECT 8 10.193673476 59.477956880 161.570007
OBJECT 8 10.193569011 59.478198956 180.000000
OBJECT 8 10.193066269 59.479041249 160.229996
OBJECT 8 10.192798575 59.479034617 23.200001
OBJECT 8 10.192707168 59.478872127 353.420013
OBJECT 8 10.192811633 59.478301756 354.910004
OBJECT 8 10.193033623 59.477903822 235.619995
OBJECT 8 10.193471074 59.477837500 297.480011
OBJECT 8 10.192243600 59.478212221 180.000000
OBJECT 8 10.192197897 59.478500722 174.289993
OBJECT 8 10.192204426 59.478759379 182.490005
OBJECT 8 10.192224013 59.479037933 186.949997
OBJECT 8 10.192302362 59.479260113 188.529999
OBJECT 8 10.192406828 59.479472344 195.119995
OBJECT 8 10.192465590 59.479790691 177.139999
OBJECT 8 10.192452532 59.479959813 180.000000
OBJECT 8 10.192798575 59.480281476 270.000000
OBJECT 8 10.192243600 59.480258263 20.549999
OBJECT 8 10.192041198 59.480132251 43.020000
OBJECT 8 10.191969378 59.480079193 29.049999
OBJECT 8 10.191949790 59.479833800 1.570000
OBJECT 8 10.191917145 59.479694524 13.240000
OBJECT 8 10.191858383 59.479067778 353.540009
OBJECT 8 10.191858383 59.478948398 0.000000
OBJECT 8 10.191773504 59.478789224 13.320000
OBJECT 8 10.191655980 59.478557096 14.350000
OBJECT 8 10.191629864 59.478321652 0.000000
OBJECT 8 10.191571102 59.478126002 6.340000
OBJECT 8 10.191590689 59.477963512 356.529999
OBJECT 8 10.191518869 59.477777810 15.750000
OBJECT 8 10.191460107 59.477439566 0.000000
OBJECT 8 10.191388287 59.477227335 10.490000
OBJECT 8 10.191231588 59.476855930 6.790000
OBJECT 8 10.190768021 59.476507738 34.220001
OBJECT 8 10.190585206 59.476607221 206.559998
OBJECT 8 10.190715788 59.476733234 199.179993
OBJECT 8 10.190826783 59.477011787 188.130005
OBJECT 8 10.191055302 59.477320186 207.699997
OBJECT 8 10.191081418 59.477824235 183.729996
OBJECT 8 10.191114064 59.477986725 180.000000
OBJECT 8 10.191133651 59.478189008 184.509995
OBJECT 8 10.191290350 59.478414504 192.089996
OBJECT 8 10.191283821 59.478872127 186.339996
OBJECT 8 10.191329525 59.479081042 180.000000
OBJECT 8 10.191329525 59.479197106 180.000000
OBJECT 8 10.191329525 59.479339699 180.000000
OBJECT 8 10.191388287 59.479565195 188.130005
OBJECT 8 10.191414403 59.479797323 184.089996
OBJECT 8 10.191264233 59.480138883 174.089996
OBJECT 8 10.191355641 59.480337850 0.000000
OBJECT 8 10.193790990 59.477598739 308.660004
OBJECT 8 10.193820894 59.473261610 270.000000
OBJECT 8 10.193527127 59.473334565 116.570000
OBJECT 8 10.193762141 59.473351146 270.000000
OBJECT 8 10.193722972 59.473032799 0.000000
OBJECT 8 10.194219111 59.472578491 0.000000
OBJECT 8 10.193853535 59.472150712 0.000000
OBJECT 8 10.192254137 59.472936631 0.000000
OBJECT 8 10.192293306 59.472827199 347.470001
OBJECT 8 10.192463038 59.472757561 296.570007
OBJECT 8 10.192593601 59.472668026 324.459991
OBJECT 8 10.192795974 59.472551962 336.799988
OBJECT 8 10.192848199 59.472505536 323.130005
OBJECT 8 10.193305170 59.472246880 253.300003
OBJECT 8 10.193266001 59.472280041 149.039993
OBJECT 8 10.193168079 59.472392789 156.800003
OBJECT 8 10.193122382 59.472455795 180.000000
OBJECT 8 10.192939593 59.472561910 147.529999
OBJECT 8 10.192678467 59.472764193 153.440002
OBJECT 8 10.192443454 59.472933315 147.380005
OBJECT 8 10.192384700 59.472973109 0.000000
OBJECT 8 10.193252840 59.474830132 153.440002
OBJECT 8 10.193181026 59.474883190 146.309998
OBJECT 8 10.193050454 59.474966093 141.339996
OBJECT 8 10.192554283 59.475178324 133.729996
OBJECT 8 10.192169097 59.475314285 86.190002
OBJECT 8 10.192169097 59.475287756 0.000000
OBJECT 8 10.192306197 59.475198221 329.040009
OBJECT 8 10.192384540 59.475112002 344.059998
OBJECT 8 10.192639154 59.475005886 309.809998
OBJECT 8 10.192724026 59.474949512 323.130005
OBJECT 8 10.192998226 59.474060794 213.690002
OBJECT 8 10.192743611 59.474170226 137.729996
OBJECT 8 10.192697911 59.474190122 0.000000
OBJECT 8 10.192299668 59.474405670 136.820007
OBJECT 8 10.192169097 59.474422250 0.000000
OBJECT 8 10.192188683 59.474276341 352.410004
OBJECT 8 10.192129926 59.474117168 15.250000
OBJECT 8 10.192188683 59.473984523 330.260010
OBJECT 8 10.192364954 59.473851879 296.570007
OBJECT 8 10.192900297 59.473878408 252.649994
OBJECT 8 10.193135326 59.473931465 246.800003
OBJECT 8 10.193194083 59.474021001 171.869995
OBJECT 8 10.193011283 59.474170226 143.970001
OBJECT 8 10.193024340 59.474312819 218.660004
OBJECT 8 10.193239783 59.474551579 191.309998
OBJECT 8 10.193265897 59.474594688 180.000000
OBJECT 8 10.193409525 59.474760494 208.929993
OBJECT 8 10.193448697 59.474866610 180.000000
OBJECT 8 10.193324654 59.474952829 140.199997
OBJECT 8 10.193324654 59.475128583 173.660004
OBJECT 8 10.192456354 59.476120101 0.000000
OBJECT 8 10.192475940 59.476120101 0.000000
OBJECT 8 10.192848068 59.475931082 313.450012
OBJECT 8 10.192926411 59.475904553 0.000000
OBJECT 8 10.192665268 59.476060411 145.309998
OBJECT 8 10.192508583 59.476146630 136.330002
OBJECT 8 10.192280083 59.476203004 0.000000
OBJECT 8 10.197542141 59.475496671 187.429993
OBJECT 8 10.197555198 59.475675741 180.000000
OBJECT 8 10.197502969 59.476076991 180.000000
OBJECT 8 10.197659656 59.476335648 194.929993
OBJECT 8 10.197640070 59.476634098 165.960007
OBJECT 8 10.197607427 59.476872859 170.539993
OBJECT 8 10.197555198 59.476942497 143.130005
OBJECT 8 10.197463797 59.476995555 135.000000
OBJECT 8 10.197065549 59.477300637 135.000000
OBJECT 8 10.196961091 59.477267476 5.190000
OBJECT 8 10.197019848 59.477141464 341.570007
OBJECT 8 10.197026377 59.477051929 0.000000
OBJECT 8 10.197065549 59.476047146 354.290009
OBJECT 8 10.197052492 59.476083623 168.690002
OBJECT 8 10.196993734 59.476212952 168.690002
OBJECT 8 10.196784817 59.476508086 160.440002
OBJECT 8 10.196686887 59.476581041 90.000000
OBJECT 8 10.196863161 59.476617518 150.639999
OBJECT 8 10.196765231 59.476700421 90.000000
OBJECT 8 10.197359338 59.477250896 0.000000
OBJECT 8 10.197640070 59.477151412 189.779999
OBJECT 8 10.197692300 59.477284057 191.889999
OBJECT 8 10.197685771 59.477333798 198.429993
OBJECT 8 10.197496440 59.477456495 104.470001
OBJECT 8 10.197215708 59.477479707 111.800003
OBJECT 8 10.196732588 59.477473075 85.760002
OBJECT 8 10.196471442 59.477396805 0.000000
OBJECT 8 10.196445327 59.477383540 0.000000
OBJECT 8 10.196366983 59.477118251 14.030000
OBJECT 8 10.196347397 59.477035348 0.000000
OBJECT 8 10.196386569 59.476939181 347.910004
OBJECT 8 10.196334340 59.476789956 2.290000
OBJECT 8 10.196432270 59.476557828 345.959991
OBJECT 8 10.196471442 59.476501454 341.570007
OBJECT 8 10.196569371 59.476398654 0.000000
OBJECT 8 10.196706473 59.476279274 328.000000
OBJECT 8 10.196882747 59.476159894 327.529999
OBJECT 8 10.196948034 59.475924450 135.000000
OBJECT 8 10.196810934 59.475990772 0.000000
OBJECT 8 10.196934977 59.476020617 261.869995
OBJECT 8 10.197006791 59.476007353 296.570007
OBJECT 8 10.197209176 59.475815018 353.829987
OBJECT 8 10.197235290 59.475712219 0.000000
OBJECT 8 10.197215704 59.475629316 0.000000
OBJECT 8 10.197248347 59.475543097 349.220001
OBJECT 8 10.197280990 59.475347446 349.700012
OBJECT 8 10.197424618 59.475380607 237.259995
OBJECT 8 10.197587831 59.475470142 219.470001
OBJECT 8 10.197770631 59.475519884 284.040009
OBJECT 8 10.197953430 59.475350762 350.540009
OBJECT 8 10.197940373 59.475221434 0.000000
OBJECT 8 10.197744508 59.475141847 7.590000
OBJECT 8 10.197744508 59.474850029 357.399994
OBJECT 8 10.197757565 59.474710752 345.070007
OBJECT 8 10.197764093 59.474631166 0.000000
OBJECT 8 10.197842432 59.474544947 333.440002
OBJECT 8 10.197848961 59.474501837 0.000000
OBJECT 8 10.197920771 59.474292922 0.000000
OBJECT 8 10.197920771 59.474259761 0.000000
OBJECT 8 10.198234128 59.474067426 320.709991
OBJECT 8 10.198299410 59.474001104 333.440002
OBJECT 8 10.198469145 59.473977891 281.309998
OBJECT 8 10.199037103 59.473828666 293.549988
OBJECT 8 10.198129676 59.473679441 0.000000
OBJECT 8 10.198208015 59.473652912 293.200012
OBJECT 8 10.198567069 59.473633015 264.809998
OBJECT 8 10.198893482 59.473669492 247.169998
OBJECT 8 10.199135027 59.473749079 120.970001
OBJECT 8 10.198762917 59.473778924 100.410004
OBJECT 8 10.198547484 59.473785556 125.540001
OBJECT 8 10.198214543 59.473845246 118.440002
OBJECT 8 10.197953413 59.473888356 9.460000
OBJECT 8 10.197946884 59.473782240 353.989990
OBJECT 8 10.198064393 59.473589906 348.690002
OBJECT 8 10.198149260 59.473503687 329.040009
OBJECT 8 10.198279826 59.473467209 289.980011
OBJECT 8 10.198619295 59.473490422 253.740005
OBJECT 8 10.198782501 59.473543480 216.869995
OBJECT 8 10.199272121 59.473609802 0.000000
OBJECT 8 10.199206838 59.473596538 63.430000
OBJECT 8 10.198932651 59.473483790 55.919998
OBJECT 8 10.198488730 59.473357778 50.189999
OBJECT 8 10.198423447 59.473334565 0.000000
OBJECT 8 10.198299410 59.473152179 347.010010
OBJECT 8 10.198325523 59.473046063 0.000000
OBJECT 8 10.198495258 59.472890206 328.000000
OBJECT 8 10.198619295 59.472780774 341.570007
OBJECT 8 10.198586654 59.472654762 153.440002
OBJECT 8 10.198416919 59.472780774 148.669998
OBJECT 8 10.198358165 59.472857045 165.960007
OBJECT 8 10.198351636 59.472943263 180.000000
OBJECT 8 10.198273297 59.473119018 151.389999
OBJECT 8 10.198083978 59.473264927 150.639999
OBJECT 8 10.198044808 59.473301404 156.800003
OBJECT 8 10.197946884 59.473380991 156.800003
OBJECT 8 10.197835904 59.473487106 156.039993
OBJECT 8 10.197848961 59.473616435 180.000000
OBJECT 8 10.197777162 59.473948046 180.000000
OBJECT 8 10.197783691 59.474087323 180.000000
OBJECT 8 10.197757577 59.474170226 161.570007
OBJECT 8 10.197692292 59.474302870 135.000000
OBJECT 8 10.197672707 59.474342664 165.960007
OBJECT 8 10.197594365 59.474485256 163.070007
OBJECT 8 10.197555194 59.474578108 171.250000
OBJECT 8 10.197574779 59.474717384 171.250000
OBJECT 8 10.197483392 59.474863293 188.130005
OBJECT 8 10.197489921 59.474929616 185.710007
OBJECT 8 10.197568265 59.474966093 228.369995
OBJECT 8 10.197672723 59.475184957 198.429993
OBJECT 8 10.197731480 59.475370659 0.000000
OBJECT 8 10.197659665 59.475350762 60.939999
OBJECT 8 10.197516036 59.475307653 75.959999
OBJECT 8 10.197274476 59.475214802 63.430000
OBJECT 8 10.197111261 59.475138531 153.440002
OBJECT 8 10.197104732 59.475198221 180.000000
OBJECT 8 10.197104732 59.475281124 180.000000
OBJECT 8 10.197078618 59.475370659 165.960007
OBJECT 8 10.197026389 59.475519884 180.000000
OBJECT 8 10.196686908 59.475748696 161.570007
OBJECT 8 10.196647735 59.475874708 176.630005
OBJECT 8 10.196634677 59.475974192 171.869995
OBJECT 8 10.196628148 59.476060411 176.190002
OBJECT 8 10.196608562 59.476156578 172.410004
OBJECT 8 10.196477985 59.476252745 142.699997
OBJECT 8 10.196334350 59.476431815 152.699997
OBJECT 8 10.196184186 59.476531299 140.910004
OBJECT 8 10.196105840 59.476637414 165.259995
OBJECT 8 10.196066667 59.476806536 172.880005
OBJECT 8 10.196125427 59.476859594 210.960007
OBJECT 8 10.196190715 59.477138148 169.880005
OBJECT 8 10.196164600 59.477207786 180.000000
OBJECT 8 10.196282119 59.477323850 211.610001
OBJECT 8 10.196360465 59.477463127 198.429993
OBJECT 8 10.196086254 59.477357011 0.000000
OBJECT 8 10.196158071 59.477483024 0.000000
OBJECT 8 10.195648820 59.477479707 39.799999
OBJECT 8 10.195622705 59.477393488 4.760000
OBJECT 8 10.195452955 59.477297321 33.689999
OBJECT 8 10.196034023 59.477254212 315.000000
OBJECT 8 10.196034023 59.477194522 0.000000
OBJECT 8 10.195994850 59.477045297 8.970000
OBJECT 8 10.195949148 59.476919284 21.799999
OBJECT 8 10.195896917 59.476826433 18.430000
OBJECT 8 10.195877330 59.476687156 0.000000
OBJECT 8 10.195877330 59.476511402 0.000000
OBJECT 8 10.196073196 59.476431815 304.700012
OBJECT 8 10.196223359 59.476335648 319.399994
OBJECT 8 10.196347408 59.476226216 347.470001
OBJECT 8 10.196484514 59.476057095 0.000000
OBJECT 8 10.196399636 59.475960927 0.000000
OBJECT 8 10.196412693 59.475841547 0.000000
OBJECT 8 10.196360465 59.475752012 5.190000
OBJECT 8 10.196595489 59.475536465 328.000000
OBJECT 8 10.196719529 59.475503303 285.260010
OBJECT 8 10.196843569 59.475380607 338.200012
OBJECT 8 10.196882740 59.475218118 345.959991
OBJECT 8 10.196921910 59.475128583 345.959991
OBJECT 8 10.197169991 59.474949512 303.690002
OBJECT 8 10.197280974 59.474816868 353.660004
OBJECT 8 10.197307088 59.474687539 348.690002
OBJECT 8 10.197294031 59.474515102 0.000000
OBJECT 8 10.197372372 59.474405670 326.309998
OBJECT 8 10.197555168 59.474253129 318.820007
OBJECT 8 10.197574754 59.474143697 3.180000
OBJECT 8 10.197594339 59.474024317 354.809998
OBJECT 8 10.197620453 59.473904937 0.000000
OBJECT 8 10.197672680 59.473808769 347.470001
OBJECT 8 10.197705322 59.473672809 0.000000
OBJECT 8 10.196542904 59.472396367 0.000000
OBJECT 8 10.195669255 59.472662901 318.809998
OBJECT 8 10.195973589 59.472399032 180.000000
OBJECT 8 10.196348760 59.472612260 0.000000
OBJECT 8 10.192263202 59.476939660 164.750000
OBJECT 8 10.192244835 59.477010291 168.690002
OBJECT 8 10.192034924 59.476931664 21.799999
OBJECT 8 10.192095273 59.476871693 343.609985
OBJECT 8 10.194724400 59.477207527 180.000000
OBJECT 8 10.194527609 59.477234180 110.320000
OBJECT 8 10.194412159 59.477248840 108.440002
OBJECT 8 10.194207496 59.477315473 125.940002
OBJECT 8 10.193929365 59.477412758 124.629997
OBJECT 8 10.191856500 59.477044941 40.099998
OBJECT 8 10.191769912 59.476859699 0.000000
OBJECT 8 10.191835509 59.476850371 285.260010
OBJECT 8 10.191943088 59.476791733 311.880005
OBJECT 8 10.192297312 59.476743757 279.269989
OBJECT 8 10.192494103 59.476699779 276.339996
OBJECT 8 10.192614801 59.476698446 255.960007
OBJECT 8 10.192491479 59.476801062 153.440002
OBJECT 8 10.193855896 59.477250172 300.070007
OBJECT 8 10.194157643 59.477140893 295.510010
OBJECT 8 10.194317700 59.477118238 282.799988
OBJECT 8 10.194574841 59.477100913 274.570007
OBJECT 8 10.194863469 59.477126234 251.199997
OBJECT 8 10.195070756 59.477171545 258.690002
OBJECT 8 10.195112738 59.476474557 0.000000
OBJECT 8 10.195060260 59.476495880 146.309998
OBJECT 8 10.195076004 59.476531862 270.000000
OBJECT 8 10.195005159 59.476651803 0.000000
OBJECT 8 10.194926442 59.476737094 161.570007
OBJECT 8 10.194947433 59.476737094 270.000000
OBJECT 8 10.195451219 59.477139560 51.340000
OBJECT 8 10.195259676 59.477083588 61.700001
OBJECT 8 10.195117986 59.477054269 76.330002
OBJECT 8 10.194797872 59.477002295 73.300003
OBJECT 8 10.194587961 59.476968978 74.050003
OBJECT 8 10.194317700 59.476979640 100.620003
OBJECT 8 10.194128781 59.477022285 122.010002
OBJECT 8 10.193848025 59.476737094 345.959991
OBJECT 8 10.193937237 59.476711773 299.359985
OBJECT 8 10.194031697 59.476634478 330.260010
OBJECT 8 10.194105166 59.476666462 165.960007
OBJECT 8 10.193952980 59.476755751 144.250000
OBJECT 8 10.193876887 59.476802394 153.440002
OBJECT 8 10.193971347 59.477006293 160.020004
OBJECT 8 10.193869016 59.477095582 147.380005
OBJECT 8 10.193740445 59.477138228 118.180000
OBJECT 8 10.192727625 59.476869028 352.880005
OBJECT 8 10.192766983 59.476827715 336.040009
OBJECT 8 10.192829957 59.476766412 339.440002
OBJECT 8 10.192987390 59.476689117 312.089996
OBJECT 8 10.194053507 59.474711309 153.440002
OBJECT 8 10.194048067 59.474783158 180.000000
OBJECT 8 10.194015423 59.474827373 180.000000
OBJECT 8 10.194031745 59.474863297 198.429993
OBJECT 8 10.194069829 59.474929620 180.000000
OBJECT 8 10.194015423 59.475012522 164.050003
OBJECT 8 10.193933814 59.475098189 158.199997
OBJECT 8 10.193906611 59.475164511 172.410004
OBJECT 8 10.193808680 59.475272285 161.570007
OBJECT 8 10.193634580 59.475429800 154.289993
OBJECT 8 10.193634580 59.475540337 180.000000
OBJECT 8 10.193607377 59.475656401 168.690002
OBJECT 8 10.193542090 59.475747594 0.000000
OBJECT 8 10.193373431 59.475686799 45.000000
OBJECT 8 10.193373431 59.475667455 0.000000
OBJECT 8 10.193389752 59.475509939 356.989990
OBJECT 8 10.193433277 59.475421510 334.980011
OBJECT 8 10.193455040 59.475374531 341.570007
OBJECT 8 10.193504005 59.475299919 337.380005
OBJECT 8 10.193596496 59.475211489 333.440002
OBJECT 8 10.193640021 59.475164511 333.440002
OBJECT 8 10.193748833 59.475042920 336.250000
OBJECT 8 10.193808680 59.474910276 353.989990
OBJECT 8 10.193776036 59.474832900 0.000000
OBJECT 8 10.193672664 59.474719599 0.000000
OBJECT 8 10.193688986 59.474694728 333.440002
OBJECT 8 10.193776036 59.474639460 315.000000
OBJECT 8 10.193928373 59.474542740 329.040009
OBJECT 8 10.194048067 59.474556557 225.000000
OBJECT 8 10.194129676 59.474598008 206.559998
OBJECT 8 10.194303775 59.474669857 229.089996
OBJECT 8 10.194445231 59.474730653 153.440002
OBJECT 8 10.194396266 59.474785921 154.979996
OBJECT 8 10.194363622 59.474819082 160.020004
OBJECT 8 10.194254810 59.474890932 140.910004
OBJECT 8 10.194211285 59.474937910 165.960007
OBJECT 8 10.194151438 59.475031866 175.240005
OBJECT 8 10.194118795 59.475092662 165.960007
OBJECT 8 10.194086151 59.475189382 168.690002
OBJECT 8 10.194020864 59.475330317 153.440002
OBJECT 8 10.193890289 59.475415983 144.460007
OBJECT 8 10.193830442 59.475501649 167.009995
OBJECT 8 10.193781477 59.475598369 168.690002
OBJECT 8 10.193781477 59.475686799 180.000000
OBJECT 8 10.201130585 59.469010522 0.000000
OBJECT 8 10.200284654 59.468900693 315.000000
OBJECT 8 10.200331651 59.468881592 296.570007
OBJECT 8 10.201017794 59.469043949 213.690002
OBJECT 8 10.200914403 59.469086926 123.690002
OBJECT 8 10.200820410 59.469091701 90.000000
OBJECT 8 10.200463240 59.469101251 90.000000
OBJECT 8 10.199692503 59.469082150 90.000000
OBJECT 8 10.199542116 59.469067825 71.559998
OBJECT 8 10.198799577 59.469082150 90.000000
OBJECT 8 10.198724383 59.469077375 63.430000
OBJECT 8 10.198113434 59.469000972 146.309998
OBJECT 8 10.198057038 59.469058274 160.020004
OBJECT 8 10.197981845 59.469153778 90.000000
OBJECT 8 10.196318182 59.468766987 0.000000
OBJECT 8 10.196449771 59.468781313 251.559998
OBJECT 8 10.196590759 59.468819514 206.559998
OBJECT 8 10.196985527 59.468862491 252.899994
OBJECT 8 10.197389693 59.468957995 270.000000
OBJECT 8 10.197389693 59.468986646 180.000000
OBJECT 8 10.197276903 59.469153778 135.000000
OBJECT 8 10.194062368 59.468957995 0.000000
OBJECT 8 10.194156360 59.469015298 270.000000
OBJECT 8 10.194231554 59.469139453 116.570000
OBJECT 8 10.193864984 59.469134678 45.000000
OBJECT 8 10.193902581 59.469077375 0.000000
OBJECT 8 10.193554810 59.468929344 41.180000
OBJECT 8 10.193658201 59.468790863 251.559998
OBJECT 8 10.193949577 59.468790863 270.000000
OBJECT 8 10.194306748 59.468809964 259.690002
OBJECT 8 10.194551128 59.468905468 180.000000
OBJECT 8 10.194532329 59.469005747 180.000000
OBJECT 8 10.194457135 59.469144228 0.000000
OBJECT 8 10.196005564 59.471369783 118.610001
OBJECT 8 10.195846901 59.471441171 126.389999
OBJECT 8 10.195778902 59.471572434 180.000000
OBJECT 8 10.194894920 59.471026657 0.000000
OBJECT 8 10.194582126 59.471028960 98.129997
OBJECT 8 10.194500528 59.471035868 110.559998
OBJECT 8 10.194183201 59.471081926 0.000000
OBJECT 8 10.194355464 59.471084228 180.000000
OBJECT 8 10.194115202 59.471641520 126.870003
OBJECT 8 10.193788808 59.471627703 180.000000
OBJECT 8 10.193988271 59.471613886 281.309998
OBJECT 8 10.194151468 59.471717514 199.289993
OBJECT 8 10.194033604 59.471805023 131.990005
OBJECT 8 10.193870407 59.471913257 155.770004
OBJECT 8 10.193802408 59.471986948 180.000000
OBJECT 8 10.194183201 59.472065246 270.000000
OBJECT 8 10.194187734 59.472083668 0.000000
OBJECT 8 10.194074403 59.471993857 0.000000
OBJECT 8 10.194977799 59.471154843 0.000000
OBJECT 8 10.194868136 59.471138926 72.900002
OBJECT 8 10.194593979 59.471107091 81.870003
OBJECT 8 10.194202326 59.471174740 243.429993
OBJECT 8 10.194327655 59.471198616 254.740005
OBJECT 8 10.194515649 59.471282182 243.429993
OBJECT 8 10.194797639 59.471329934 261.250000
OBJECT 8 10.195009132 59.471282182 300.970001
OBJECT 8 10.195165793 59.471126988 350.540009
OBJECT 8 10.194962133 59.471007608 54.459999
OBJECT 8 10.194742807 59.470951897 58.389999
OBJECT 8 10.194437318 59.470943938 90.000000
OBJECT 8 10.194100496 59.469559129 153.440002
OBJECT 8 10.194029999 59.469622799 180.000000
OBJECT 8 10.194037832 59.469758096 182.490005
OBJECT 8 10.194022166 59.470020732 173.660004
OBJECT 8 10.193936002 59.470167968 164.059998
OBJECT 8 10.194022166 59.470370914 184.759995
OBJECT 8 10.193912503 59.470625591 170.539993
OBJECT 8 10.193614846 59.470900166 152.529999
OBJECT 8 10.193591347 59.470924042 161.570007
OBJECT 8 10.193356355 59.471266265 149.750000
OBJECT 8 10.193184028 59.471365748 351.250000
OBJECT 8 10.193199694 59.471349831 315.000000
OBJECT 8 10.193246692 59.471238409 347.910004
OBJECT 8 10.193332856 59.470951897 347.320007
OBJECT 8 10.193403354 59.470776806 354.809998
OBJECT 8 10.193411187 59.470705178 355.239990
OBJECT 8 10.193560015 59.470358976 340.350006
OBJECT 8 10.193607013 59.470235616 353.660004
OBJECT 8 10.193614846 59.470171947 341.570007
OBJECT 8 10.193583514 59.470080422 0.000000
OBJECT 8 10.193583514 59.469949104 0.000000
OBJECT 8 10.193544349 59.469865538 8.130000
OBJECT 8 10.193489517 59.469670551 0.000000
OBJECT 8 10.193583514 59.469431790 348.309998
OBJECT 8 10.193552182 59.469324348 0.000000
OBJECT 8 10.194045665 59.469312410 270.000000
OBJECT 8 10.194413819 59.469324348 180.000000
OBJECT 8 10.194492149 59.469455666 186.339996
OBJECT 8 10.194750641 59.469718303 183.809998
OBJECT 8 10.194727141 59.469821765 135.000000
OBJECT 8 10.194531315 59.469972980 153.440002
OBJECT 8 10.194445151 59.470187864 158.199997
OBJECT 8 10.194398153 59.470295306 174.289993
OBJECT 8 10.194155328 59.470514170 149.039993
OBJECT 8 10.194029999 59.470701199 171.869995
OBJECT 8 10.194029999 59.470733034 180.000000
OBJECT 8 10.193810673 59.470947918 152.990005
OBJECT 8 10.193748008 59.471123009 176.630005
OBJECT 8 10.193513016 59.471461252 0.000000
OBJECT 8 10.191938571 59.471473190 0.000000
OBJECT 8 10.192306725 59.471532880 277.130005
OBJECT 8 10.192353723 59.471437376 26.559999
OBJECT 8 10.192275392 59.471389624 45.000000
OBJECT 8 10.192212728 59.471373707 0.000000
OBJECT 8 10.191781909 59.471349831 83.879997
OBJECT 8 10.191672246 59.471477170 0.000000
OBJECT 8 10.191789742 59.471556756 0.000000
OBJECT 8 10.192063900 59.471648281 259.690002
OBJECT 8 10.192502551 59.471823372 345.970001
OBJECT 8 10.192635713 59.471664198 336.040009
OBJECT 8 10.192808041 59.471365748 341.570007
OBJECT 8 10.192627880 59.471298099 63.430000
OBJECT 8 10.192267559 59.471230451 71.559998
OBJECT 8 10.193349886 59.476266604 0.000000
OBJECT 8 10.193236776 59.476335624 143.130005
OBJECT 8 10.193111513 59.476404518 118.610001
OBJECT 8 10.193074197 59.476482666 120.970001
OBJECT 8 10.192910978 59.476562806 180.000000
OBJECT 8 10.193019791 59.476604257 228.009995
OBJECT 8 10.193106840 59.476626365 251.559998
OBJECT 8 10.193280940 59.476576623 341.570007
OBJECT 8 10.193315477 59.476479581 330.950012
OBJECT 8 10.193520327 59.476291990 0.000000
OBJECT 8 10.193561185 59.476151055 272.809998
OBJECT 8 10.193700495 59.475939103 341.570007
OBJECT 8 10.193753573 59.475850161 336.799988
OBJECT 8 10.193475068 59.476201262 348.690002
OBJECT 8 10.193823672 59.475756526 348.690002
OBJECT 8 10.193874032 59.475711670 351.869995
OBJECT 8 10.193890353 59.475650874 343.299988
OBJECT 8 10.193928437 59.475601133 329.040009
OBJECT 8 10.194004603 59.475523757 328.000000
OBJECT 8 10.194097091 59.475449144 333.440002
OBJECT 8 10.194167817 59.475360714 338.959991
OBJECT 8 10.194222222 59.475272285 341.570007
OBJECT 8 10.194233102 59.475200435 0.000000
OBJECT 8 10.194276626 59.475128586 340.350006
OBJECT 8 10.194309269 59.475062264 344.059998
OBJECT 8 10.194385435 59.474993178 326.309998
OBJECT 8 10.194439840 59.474946200 333.440002
OBJECT 8 10.194526887 59.474888168 315.000000
OBJECT 8 10.194570411 59.474767537 0.000000
OBJECT 8 10.194717399 59.474686438 336.369995
OBJECT 8 10.194782682 59.474592481 341.570007
OBJECT 8 10.194842525 59.474492998 340.019989
OBJECT 8 10.194897935 59.474379245 309.809998
OBJECT 8 10.195049254 59.474296794 343.609985
OBJECT 8 10.195092776 59.474197311 341.570007
OBJECT 8 10.195207021 59.474117172 321.339996
OBJECT 8 10.195163738 59.474064088 90.000000
OBJECT 8 10.195109097 59.474028742 78.690002
OBJECT 8 10.196001296 59.473929258 53.740002
OBJECT 8 10.195990416 59.473992817 81.870003
OBJECT 8 10.196050258 59.474061903 157.380005
OBJECT 8 10.196822772 59.473431841 0.000000
OBJECT 8 10.196926137 59.473434605 296.570007
OBJECT 8 10.197024061 59.473390390 311.190002
OBJECT 8 10.197160067 59.473290907 330.260010
OBJECT 8 10.197219910 59.473219057 338.200012
OBJECT 8 10.197404878 59.473111284 323.130005
OBJECT 8 10.197491922 59.472997983 344.750000
OBJECT 8 10.197540884 59.472904027 0.000000
OBJECT 8 10.197714972 59.472740984 334.540009
OBJECT 8 10.197791135 59.472605576 0.000000
OBJECT 8 10.197807456 59.472478459 354.809998
OBJECT 8 10.197834657 59.472373448 347.470001
OBJECT 8 10.197889059 59.472307126 325.010010
OBJECT 8 10.197812896 59.472177245 90.000000
OBJECT 8 10.197600727 59.472235277 149.039993
OBJECT 8 10.197481041 59.472362395 180.000000
OBJECT 8 10.197388557 59.472472932 161.570007
OBJECT 8 10.197334155 59.472528200 168.690002
OBJECT 8 10.197203589 59.472619393 135.000000
OBJECT 8 10.197034942 59.472694006 225.000000
OBJECT 8 10.197143747 59.472710587 270.000000
OBJECT 8 10.197138306 59.472787963 168.690002
OBJECT 8 10.197062143 59.472956532 173.660004
OBJECT 8 10.197100225 59.473039435 191.309998
OBJECT 8 10.197002300 59.473163789 163.300003
OBJECT 8 10.196877175 59.473243928 135.000000
OBJECT 8 10.196795571 59.473288143 131.630005
OBJECT 8 10.196757489 59.473382100 158.199997
OBJECT 8 10.196735728 59.473453949 168.690002
OBJECT 8 10.191766243 59.471182699 77.470001
OBJECT 8 10.191507752 59.471178719 90.000000
OBJECT 8 10.191429421 59.471278203 168.690002
OBJECT 8 10.191319758 59.471413500 161.570007
OBJECT 8 10.191233595 59.471636343 180.000000
OBJECT 8 10.191421588 59.471692054 254.050003
OBJECT 8 10.191664413 59.471763682 0.000000
OBJECT 8 10.192181396 59.471859186 0.000000
OBJECT 8 10.193743392 59.475750358 146.309998
OBJECT 8 10.193661783 59.475830497 158.199997
OBJECT 8 10.193618258 59.475883002 158.199997
OBJECT 8 10.193580174 59.475993539 260.540009
OBJECT 8 10.193645461 59.476057098 165.960007
OBJECT 7 10.192662194 59.477690074 69.440002
OBJECT 7 10.193646072 59.477591051 120.260002
OBJECT 7 10.193537256 59.477627896 122.470001
OBJECT 8 10.193072825 59.479117520 0.000000
OBJECT 8 10.193653926 59.479004772 122.830002
OBJECT 8 10.193670747 59.473271559 0.000000
BEGIN_POLYGON 2 10 3
BEGIN_WINDING
POLYGON_POINT 10.195801856 59.470388564 0.000000000
POLYGON_POINT 10.196247832 59.470439206 0.000000000
POLYGON_POINT 10.196192741 59.470575138 0.000000000
POLYGON_POINT 10.195738894 59.470529827 0.000000000
END_WINDING
END_POLYGON
BEGIN_POLYGON 3 10 3
BEGIN_WINDING
POLYGON_POINT 10.194547122 59.476040010 0.000000000
POLYGON_POINT 10.194712935 59.476078879 0.000000000
POLYGON_POINT 10.194650983 59.476151066 0.000000000
POLYGON_POINT 10.194485170 59.476119600 0.000000000
END_WINDING
END_POLYGON
BEGIN_POLYGON 4 10 3
BEGIN_WINDING
POLYGON_POINT 10.197171075 59.472161970 0.000000000
POLYGON_POINT 10.197478032 59.472216609 0.000000000
POLYGON_POINT 10.197226170 59.472537783 0.000000000
POLYGON_POINT 10.196927084 59.472471150 0.000000000
END_WINDING
END_POLYGON
BEGIN_POLYGON 5 10 3
BEGIN_WINDING
POLYGON_POINT 10.197115899 59.471604254 0.000000000
POLYGON_POINT 10.197238329 59.471484314 0.000000000
POLYGON_POINT 10.197590315 59.471563163 0.000000000
POLYGON_POINT 10.197481002 59.471686435 0.000000000
END_WINDING
END_POLYGON
BEGIN_POLYGON 5 10 3
BEGIN_WINDING
POLYGON_POINT 10.193388989 59.472556843 0.000000000
POLYGON_POINT 10.193514920 59.472571008 0.000000000
POLYGON_POINT 10.193541350 59.472502166 0.000000000
POLYGON_POINT 10.193701192 59.472526191 0.000000000
POLYGON_POINT 10.193609368 59.472670120 0.000000000
POLYGON_POINT 10.193349636 59.472638135 0.000000000
END_WINDING
END_POLYGON
FILTER -1
OBJECT_DEF lib/g10/EU/suburban/gar1_6x8.obj
OBJECT_DEF lib/g10/EU/suburban/gar1_6x6.obj
OBJECT_DEF lib/g10/EU/suburban/hRes1_9x12.obj
OBJECT_DEF lib/g10/EU/suburban/hApt1_9x12.obj
OBJECT_DEF lib/airport/Common_Elements/Runway_Markers/Barrels/White_Red_2.obj
OBJECT_DEF lib/airport/Common_Elements/Runway_Markers/Barrels/White_Black.obj
OBJECT_DEF lib/airport/Common_Elements/Hangars/Med_Gray_Hangar.agp
OBJECT_DEF lib/g10/forests/autogen_tree1.obj
OBJECT_DEF lib/g10/forests/autogen_tree_any.obj
POLYGON_DEF lib/g10/terrain10/apt_vcld_rain.pol
POLYGON_DEF lib/g10/terrain10/apt_vcld_sdry.pol
POLYGON_DEF lib/buildings/facades/industrial/warehouse_10_90x90.fac
POLYGON_DEF lib/buildings/facades/industrial/warehouse_07_90x40.fac
POLYGON_DEF lib/airport/Common_Elements/Misc_Buildings/White_Warehouse.fac
POLYGON_DEF lib/airport/Common_Elements/Misc_Buildings/White_Office.fac
PROPERTY sim/filter/aptid XEN001M
PROPERTY sim/exclude_net 10.193889/59.475407/10.195880/59.476158
PROPERTY sim/exclude_fac 10.190260/59.468788/10.202122/59.480469
PROPERTY sim/exclude_for 10.190260/59.468788/10.202122/59.480469
PROPERTY sim/require_agpoint 1/0
PROPERTY sim/require_object 1/0
PROPERTY sim/require_facade 1/2
PROPERTY sim/require_facade 6/0
