PROPERTY sim/west -180
PROPERTY sim/east 180
PROPERTY sim/north 90
PROPERTY sim/south -90
PROPERTY sim/planet earth
PROPERTY sim/creation_agent WorldEditor1.7.21r1
PROPERTY laminar/internal_revision 0
PROPERTY sim/overlay 1
FILTER 0
BEGIN_POLYGON 0 0 4
BEGIN_WINDING
POLYGON_POINT -89.666053914 38.932800937 -89.666053914 38.932800937
POLYGON_POINT -89.665954513 38.932873107 -89.665954513 38.932873107
POLYGON_POINT -89.662786928 38.932914348 -89.662786928 38.932914348
POLYGON_POINT -89.662183894 38.932940123 -89.662183894 38.932940123
POLYGON_POINT -89.662042006 38.932816951 -89.662032419 38.932685191
POLYGON_POINT -89.662042006 38.932816951 -89.662042006 38.932816951
POLYGON_POINT -89.661991248 38.931594469 -89.661991248 38.931594469
POLYGON_POINT -89.661852556 38.931388450 -89.661852556 38.931388450
POLYGON_POINT -89.660957945 38.931331744 -89.660957945 38.931331744
POLYGON_POINT -89.660957945 38.931331744 -89.660817704 38.931289216
POLYGON_POINT -89.660811509 38.931119994 -89.660811509 38.931119994
POLYGON_POINT -89.660807549 38.930871318 -89.660807549 38.930871318
POLYGON_POINT -89.660633236 38.930878098 -89.660633236 38.930878098
POLYGON_POINT -89.660637343 38.931137894 -89.660637343 38.931137894
POLYGON_POINT -89.658638586 38.931182247 -89.658638586 38.931182247
POLYGON_POINT -89.658340382 38.931424535 -89.658366889 38.931641048
POLYGON_POINT -89.658340382 38.931424535 -89.658340382 38.931424535
POLYGON_POINT -89.658439784 38.932507098 -89.658439784 38.932507098
POLYGON_POINT -89.658439784 38.932507098 -89.658453038 38.932759696
POLYGON_POINT -89.658784374 38.932725784 -89.658784374 38.932725784
POLYGON_POINT -89.659234993 38.932720629 -89.659234993 38.932720629
POLYGON_POINT -89.659231817 38.932921974 -89.659231817 38.932921974
POLYGON_POINT -89.661488087 38.932909193 -89.661488087 38.932909193
POLYGON_POINT -89.662113117 38.933036315 -89.662113117 38.933036315
POLYGON_POINT -89.662740542 38.932996829 -89.662740542 38.932996829
POLYGON_POINT -89.665974394 38.932955588 -89.665974394 38.932955588
POLYGON_POINT -89.666053915 38.933022604 -89.666053915 38.933022604
END_WINDING
BEGIN_WINDING
POLYGON_POINT -89.660109717 38.932608964 -89.660109717 38.932608964
POLYGON_POINT -89.658758406 38.932634740 -89.658758406 38.932634740
POLYGON_POINT -89.658758406 38.932634740 -89.658578001 38.932628563
POLYGON_POINT -89.658731349 38.932477617 -89.658922594 38.932455251
POLYGON_POINT -89.658731349 38.932477617 -89.658731349 38.932477617
POLYGON_POINT -89.659427160 38.932465858 -89.659427160 38.932465858
POLYGON_POINT -89.659877780 38.932393687 -89.659877780 38.932393687
POLYGON_POINT -89.660288640 38.932264810 -89.660288640 38.932264810
POLYGON_POINT -89.660288640 38.932264810 -89.660569873 38.932195201
POLYGON_POINT -89.660649211 38.932302284 -89.660649211 38.932302284
POLYGON_POINT -89.660653112 38.932594734 -89.660653112 38.932594734
POLYGON_POINT -89.660653112 38.932594734 -89.660653112 38.932708145
POLYGON_POINT -89.660447683 38.932666905 -89.660447683 38.932666905
END_WINDING
BEGIN_WINDING
POLYGON_POINT -89.661806171 38.932862797 -89.661806171 38.932862797
POLYGON_POINT -89.661276029 38.932775161 -89.661276029 38.932775161
POLYGON_POINT -89.660785648 38.932744231 -89.660785648 38.932744231
POLYGON_POINT -89.660785648 38.932532873 -89.660785648 38.932532873
POLYGON_POINT -89.660785648 38.932532873 -89.660862661 38.932617190
POLYGON_POINT -89.661130240 38.932682370 -89.661130240 38.932682370
END_WINDING
BEGIN_WINDING
POLYGON_POINT -89.661932079 38.932728766 -89.661932079 38.932728766
POLYGON_POINT -89.661850685 38.932793259 -89.661757983 38.932784014
POLYGON_POINT -89.661850685 38.932793259 -89.661850685 38.932793259
POLYGON_POINT -89.661134634 38.932618884 -89.661134634 38.932618884
POLYGON_POINT -89.660743366 38.932294283 -89.660730055 38.932084970
POLYGON_POINT -89.660743366 38.932294283 -89.660743366 38.932294283
POLYGON_POINT -89.660749993 38.932077771 -89.660749993 38.932077771
POLYGON_POINT -89.660749993 38.932077771 -89.660765972 38.931948497
POLYGON_POINT -89.660961042 38.931918244 -89.660961042 38.931918244
POLYGON_POINT -89.661315084 38.931954043 -89.661517900 38.931997005
POLYGON_POINT -89.661315084 38.931954043 -89.661315084 38.931954043
POLYGON_POINT -89.661834559 38.932079960 -89.661834559 38.932079960
POLYGON_POINT -89.661834559 38.932079960 -89.661919209 38.932107758
POLYGON_POINT -89.661922492 38.932167230 -89.661922492 38.932167230
END_WINDING
BEGIN_WINDING
POLYGON_POINT -89.659109075 38.932388532 -89.659109075 38.932388532
POLYGON_POINT -89.658718095 38.932398842 -89.658718095 38.932398842
POLYGON_POINT -89.658718095 38.932398842 -89.658532545 38.932403997
POLYGON_POINT -89.658532545 38.932269965 -89.658532545 38.932269965
POLYGON_POINT -89.658453024 38.931440000 -89.658453024 38.931440000
POLYGON_POINT -89.658453024 38.931440000 -89.658472904 38.931295658
POLYGON_POINT -89.658624389 38.931270822 -89.658624389 38.931270822
POLYGON_POINT -89.659300319 38.931251947 -89.659300319 38.931251947
POLYGON_POINT -89.659254864 38.931424535 -89.659254864 38.931424535
POLYGON_POINT -89.659131210 38.931572644 -89.659131210 38.931572644
POLYGON_POINT -89.658963286 38.931749304 -89.658950503 38.931876092
POLYGON_POINT -89.658963286 38.931749304 -89.658963286 38.931749304
POLYGON_POINT -89.659009673 38.932239035 -89.659009673 38.932239035
POLYGON_POINT -89.659009673 38.932239035 -89.659016065 38.932323561
END_WINDING
BEGIN_WINDING
POLYGON_POINT -89.660308520 38.931934886 -89.660308520 38.931934886
POLYGON_POINT -89.660288640 38.931816320 -89.660288640 38.931816320
POLYGON_POINT -89.660381415 38.931646203 -89.660381415 38.931646203
POLYGON_POINT -89.660566964 38.931630737 -89.660566964 38.931630737
POLYGON_POINT -89.660766003 38.931704845 -89.660810745 38.931771968
POLYGON_POINT -89.660772629 38.931926513 -89.660772629 38.931926513
POLYGON_POINT -89.660606725 38.932022522 -89.660606725 38.932022522
POLYGON_POINT -89.660427802 38.932027677 -89.660427802 38.932027677
END_WINDING
BEGIN_WINDING
POLYGON_POINT -89.660213020 38.931366549 -89.660213020 38.931366549
POLYGON_POINT -89.660213020 38.931366549 -89.660232195 38.931301912
POLYGON_POINT -89.660368161 38.931285348 -89.660467232 38.931290320
POLYGON_POINT -89.660553711 38.931393605 -89.660588865 38.931470672
POLYGON_POINT -89.660527204 38.931543101 -89.660527204 38.931543101
POLYGON_POINT -89.660335027 38.931543101 -89.660239152 38.931505810
POLYGON_POINT -89.660213020 38.931366549 -89.660232195 38.931301912
END_WINDING
END_POLYGON
BEGIN_POLYGON 1 88 4
BEGIN_WINDING
POLYGON_POINT -89.665519906 38.926858178 -89.665519906 38.926858178
POLYGON_POINT -89.665464427 38.926882636 -89.665425592 38.926884075
POLYGON_POINT -89.665464427 38.926882636 -89.665464427 38.926882636
POLYGON_POINT -89.664841210 38.926898461 -89.664841210 38.926898461
POLYGON_POINT -89.664841210 38.926898461 -89.664713608 38.926884074
POLYGON_POINT -89.664556416 38.926823650 -89.664430663 38.926829405
POLYGON_POINT -89.664584156 38.926968957 -89.664713608 38.926966080
POLYGON_POINT -89.664848607 38.926941622 -89.664981757 38.926938745
POLYGON_POINT -89.664848607 38.926941622 -89.664848607 38.926941622
POLYGON_POINT -89.665464427 38.926925796 -89.665464427 38.926925796
POLYGON_POINT -89.665464427 38.926925796 -89.665499564 38.926925796
POLYGON_POINT -89.665527303 38.926945938 -89.665527303 38.926945938
END_WINDING
BEGIN_WINDING
POLYGON_POINT -89.664721005 38.926911410 -89.664721005 38.926911410
POLYGON_POINT -89.664582307 38.926930112 -89.664582307 38.926930112
POLYGON_POINT -89.664524978 38.926884075 -89.664534225 38.926845231
POLYGON_POINT -89.664602649 38.926862494 -89.664602649 38.926862494
END_WINDING
END_POLYGON
BEGIN_POLYGON 2 0 4
BEGIN_WINDING
POLYGON_POINT -89.662467298 38.929204323 -89.662467298 38.929204323
POLYGON_POINT -89.662287071 38.926934067 -89.662287071 38.926934067
POLYGON_POINT -89.662636027 38.926919151 -89.662636027 38.926919151
POLYGON_POINT -89.663510333 38.926954950 -89.663510333 38.926954950
POLYGON_POINT -89.663519618 38.927110521 -89.663519618 38.927110521
POLYGON_POINT -89.663682894 38.927514379 -89.663682894 38.927514379
POLYGON_POINT -89.664572539 38.927482985 -89.664595547 38.927482985
POLYGON_POINT -89.664902322 38.927402438 -89.664902322 38.927402438
POLYGON_POINT -89.665535044 38.927390505 -89.665535044 38.927390505
POLYGON_POINT -89.665477524 38.926853519 -89.665477524 38.926853519
POLYGON_POINT -89.664929165 38.926889318 -89.664929165 38.926889318
POLYGON_POINT -89.664810289 38.926802804 -89.664810289 38.926802804
POLYGON_POINT -89.664794951 38.926513428 -89.664794951 38.926513428
POLYGON_POINT -89.664468997 38.926477629 -89.664468997 38.926477629
POLYGON_POINT -89.664258092 38.926477629 -89.664258092 38.926477629
POLYGON_POINT -89.664051021 38.926322500 -89.664051021 38.926322500
POLYGON_POINT -89.663774926 38.926298634 -89.663774926 38.926298634
POLYGON_POINT -89.663602367 38.926462713 -89.663602367 38.926462713
POLYGON_POINT -89.662248735 38.926510445 -89.662248735 38.926510445
POLYGON_POINT -89.661949599 38.923231849 -89.661949599 38.923231849
POLYGON_POINT -89.661823061 38.922954407 -89.661823061 38.922954407
POLYGON_POINT -89.661826865 38.922688897 -89.661826865 38.922688897
POLYGON_POINT -89.661842203 38.922650115 -89.661842203 38.922650115
POLYGON_POINT -89.661765514 38.922462170 -89.661765514 38.922462170
POLYGON_POINT -89.661788521 38.922375655 -89.661788521 38.922375655
POLYGON_POINT -89.661734839 38.922199643 -89.661734839 38.922199643
POLYGON_POINT -89.661784686 38.921940100 -89.661784686 38.921940100
POLYGON_POINT -89.661738673 38.921820770 -89.661738673 38.921820770
POLYGON_POINT -89.661750159 38.921146555 -89.661750159 38.921146555
POLYGON_POINT -89.661715650 38.920884029 -89.661715650 38.920884029
POLYGON_POINT -89.661627459 38.920725916 -89.661627459 38.920725916
POLYGON_POINT -89.661650466 38.920615536 -89.661650466 38.920615536
POLYGON_POINT -89.661619791 38.920430574 -89.661619791 38.920430574
POLYGON_POINT -89.661642761 38.919857789 -89.661642761 38.919857789
POLYGON_POINT -89.661566076 38.919690727 -89.661566076 38.919690727
POLYGON_POINT -89.661516231 38.919535598 -89.661516231 38.919535598
POLYGON_POINT -89.661592916 38.919365552 -89.661592916 38.919365552
POLYGON_POINT -89.661550739 38.919219373 -89.661550739 38.919219373
POLYGON_POINT -89.661504728 38.919168658 -89.661504728 38.919168658
POLYGON_POINT -89.661535402 38.919097060 -89.661535402 38.919097060
POLYGON_POINT -89.661535402 38.918783818 -89.661535402 38.918783818
POLYGON_POINT -89.661470219 38.918655538 -89.661470219 38.918655538
POLYGON_POINT -89.661531568 38.918521292 -89.661531568 38.918521292
POLYGON_POINT -89.661566076 38.918279648 -89.661566076 38.918279648
POLYGON_POINT -89.661477888 38.918136452 -89.661477888 38.918136452
POLYGON_POINT -89.660496316 38.918160318 -89.660496316 38.918160318
POLYGON_POINT -89.661436401 38.929227473 -89.661436401 38.929227473
END_WINDING
END_POLYGON
BEGIN_POLYGON 3 767 2
BEGIN_WINDING
POLYGON_POINT -89.673856211 38.926332949
POLYGON_POINT -89.673745775 38.926277103
POLYGON_POINT -89.673734731 38.926277103
POLYGON_POINT -89.673607730 38.926328653
POLYGON_POINT -89.673591164 38.926242736
POLYGON_POINT -89.673535946 38.926216960
POLYGON_POINT -89.673397901 38.926191185
POLYGON_POINT -89.673298509 38.926109563
POLYGON_POINT -89.673309552 38.926135338
POLYGON_POINT -89.673232247 38.926156818
POLYGON_POINT -89.673160463 38.926131042
POLYGON_POINT -89.673149420 38.926019349
POLYGON_POINT -89.673022418 38.926058012
POLYGON_POINT -89.672967200 38.926053717
POLYGON_POINT -89.672956156 38.925899065
POLYGON_POINT -89.672873329 38.925967799
POLYGON_POINT -89.672713197 38.925976391
POLYGON_POINT -89.672779459 38.925881881
POLYGON_POINT -89.672707675 38.925890473
POLYGON_POINT -89.672530977 38.925765892
POLYGON_POINT -89.672608282 38.925873289
POLYGON_POINT -89.672431585 38.925881881
POLYGON_POINT -89.672597239 38.925765892
POLYGON_POINT -89.672392922 38.925864698
POLYGON_POINT -89.672503357 38.925744413
POLYGON_POINT -89.672282487 38.925632720
POLYGON_POINT -89.672282487 38.925800259
POLYGON_POINT -89.672398444 38.925679975
POLYGON_POINT -89.672205182 38.925761596
POLYGON_POINT -89.672265922 38.925568282
POLYGON_POINT -89.672083704 38.925662791
POLYGON_POINT -89.672011921 38.925654199
POLYGON_POINT -89.671923573 38.925624128
POLYGON_POINT -89.671901486 38.925585465
POLYGON_POINT -89.672105791 38.925542506
POLYGON_POINT -89.672050573 38.925490956
POLYGON_POINT -89.671995355 38.925426517
POLYGON_POINT -89.671923573 38.925396446
POLYGON_POINT -89.671846268 38.925551098
POLYGON_POINT -89.671774485 38.925538210
POLYGON_POINT -89.671669572 38.925482364
POLYGON_POINT -89.671537050 38.925417926
POLYGON_POINT -89.671746876 38.925353487
POLYGON_POINT -89.671658528 38.925284753
POLYGON_POINT -89.671542571 38.925297641
POLYGON_POINT -89.671161570 38.925327712
POLYGON_POINT -89.671316179 38.925237498
POLYGON_POINT -89.670786085 38.925280457
POLYGON_POINT -89.670526564 38.925306233
POLYGON_POINT -89.670349869 38.925353487
POLYGON_POINT -89.670051695 38.925340600
POLYGON_POINT -89.670206304 38.925267570
POLYGON_POINT -89.670327782 38.925246090
POLYGON_POINT -89.670636999 38.925241794
POLYGON_POINT -89.670653564 38.925280457
POLYGON_POINT -89.670703259 38.925327712
POLYGON_POINT -89.671122911 38.925314824
POLYGON_POINT -89.671106346 38.925138693
POLYGON_POINT -89.671045607 38.925160172
POLYGON_POINT -89.670951737 38.925203131
POLYGON_POINT -89.670819216 38.925134397
POLYGON_POINT -89.670752955 38.925134397
POLYGON_POINT -89.670642520 38.925164468
POLYGON_POINT -89.670548651 38.925138693
POLYGON_POINT -89.670427173 38.925134397
POLYGON_POINT -89.670300173 38.925130101
POLYGON_POINT -89.670233912 38.925173060
POLYGON_POINT -89.670101391 38.925147285
POLYGON_POINT -89.670002000 38.925022704
POLYGON_POINT -89.669902608 38.924923899
POLYGON_POINT -89.669814261 38.925074255
POLYGON_POINT -89.669786652 38.925297641
POLYGON_POINT -89.669659652 38.925198835
POLYGON_POINT -89.669256566 38.925044184
POLYGON_POINT -89.669256566 38.924975449
POLYGON_POINT -89.669466392 38.925074255
POLYGON_POINT -89.669190305 38.924790726
POLYGON_POINT -89.669466392 38.924945378
POLYGON_POINT -89.669538174 38.925108622
POLYGON_POINT -89.669654130 38.925117214
POLYGON_POINT -89.669847391 38.925228907
POLYGON_POINT -89.669919174 38.925323416
POLYGON_POINT -89.669803217 38.925366375
POLYGON_POINT -89.669637565 38.925327712
POLYGON_POINT -89.669499522 38.925293345
POLYGON_POINT -89.669477435 38.925224611
POLYGON_POINT -89.669460870 38.925138693
POLYGON_POINT -89.669405653 38.925065663
POLYGON_POINT -89.669118523 38.924958266
POLYGON_POINT -89.669118523 38.925078551
POLYGON_POINT -89.669217914 38.924859461
POLYGON_POINT -89.668859003 38.924807910
POLYGON_POINT -89.668660221 38.925031296
POLYGON_POINT -89.668682308 38.924966858
POLYGON_POINT -89.668870047 38.924949674
POLYGON_POINT -89.668997047 38.924837981
POLYGON_POINT -89.669002568 38.925095734
POLYGON_POINT -89.668930786 38.925100030
POLYGON_POINT -89.668748568 38.925048479
POLYGON_POINT -89.668494569 38.925181652
POLYGON_POINT -89.668533221 38.925087142
POLYGON_POINT -89.668577395 38.924936786
POLYGON_POINT -89.668748568 38.924820798
POLYGON_POINT -89.668704395 38.924709105
POLYGON_POINT -89.668610525 38.924721992
POLYGON_POINT -89.668538743 38.924614595
POLYGON_POINT -89.668406221 38.924515790
POLYGON_POINT -89.668378612 38.924588820
POLYGON_POINT -89.668395177 38.924764951
POLYGON_POINT -89.668549786 38.924833685
POLYGON_POINT -89.668439351 38.924936786
POLYGON_POINT -89.668301308 38.924893828
POLYGON_POINT -89.668345482 38.925031296
POLYGON_POINT -89.668273699 38.925091438
POLYGON_POINT -89.668212960 38.924928195
POLYGON_POINT -89.668085960 38.924996929
POLYGON_POINT -89.668052830 38.925100030
POLYGON_POINT -89.667953439 38.925104326
POLYGON_POINT -89.667782265 38.925035592
POLYGON_POINT -89.667710482 38.925117214
POLYGON_POINT -89.667710482 38.925198835
POLYGON_POINT -89.667589004 38.925220315
POLYGON_POINT -89.667428874 38.925198835
POLYGON_POINT -89.667500656 38.924966858
POLYGON_POINT -89.667312917 38.925052775
POLYGON_POINT -89.667213526 38.925100030
POLYGON_POINT -89.667340526 38.925293345
POLYGON_POINT -89.667219048 38.925357783
POLYGON_POINT -89.667152787 38.925306233
POLYGON_POINT -89.667003700 38.925121509
POLYGON_POINT -89.666898787 38.925190244
POLYGON_POINT -89.666760744 38.925327712
POLYGON_POINT -89.666782831 38.925228907
POLYGON_POINT -89.666573005 38.925142989
POLYGON_POINT -89.666346613 38.925147285
POLYGON_POINT -89.666512266 38.925306233
POLYGON_POINT -89.666385266 38.925387854
POLYGON_POINT -89.666346613 38.925241794
POLYGON_POINT -89.666147831 38.925190244
POLYGON_POINT -89.665893831 38.925138693
POLYGON_POINT -89.665982179 38.925203131
POLYGON_POINT -89.666042918 38.925250386
POLYGON_POINT -89.665971135 38.925340600
POLYGON_POINT -89.665739223 38.925280457
END_WINDING
END_POLYGON
BEGIN_POLYGON 3 767 2
BEGIN_WINDING
POLYGON_POINT -89.661746666 38.918223089
POLYGON_POINT -89.661660798 38.918237936
POLYGON_POINT -89.661632176 38.918289899
POLYGON_POINT -89.661613094 38.918327015
POLYGON_POINT -89.661660798 38.918371555
POLYGON_POINT -89.661737125 38.918364132
POLYGON_POINT -89.661708503 38.918393825
POLYGON_POINT -89.661670339 38.918430941
POLYGON_POINT -89.661632176 38.918482904
POLYGON_POINT -89.661622635 38.918512597
POLYGON_POINT -89.661641717 38.918520021
POLYGON_POINT -89.661698962 38.918534867
POLYGON_POINT -89.661727584 38.918586830
POLYGON_POINT -89.661689421 38.918594254
POLYGON_POINT -89.661641717 38.918638793
POLYGON_POINT -89.661603553 38.918720449
POLYGON_POINT -89.661660798 38.918727873
POLYGON_POINT -89.661718044 38.918779836
POLYGON_POINT -89.661622635 38.918868915
POLYGON_POINT -89.661632176 38.918906032
POLYGON_POINT -89.661746666 38.918950571
POLYGON_POINT -89.661698962 38.919009958
POLYGON_POINT -89.661670339 38.919024804
POLYGON_POINT -89.661660798 38.919032228
POLYGON_POINT -89.661660798 38.919069344
POLYGON_POINT -89.661775289 38.919076767
POLYGON_POINT -89.661803911 38.919076767
POLYGON_POINT -89.661822993 38.919180693
POLYGON_POINT -89.661861156 38.919217810
POLYGON_POINT -89.661765748 38.919232656
POLYGON_POINT -89.661708503 38.919232656
POLYGON_POINT -89.661651258 38.919202963
POLYGON_POINT -89.661651258 38.919358852
POLYGON_POINT -89.661689421 38.919440509
POLYGON_POINT -89.661842074 38.919433085
POLYGON_POINT -89.661842074 38.919499895
POLYGON_POINT -89.661718044 38.919559281
POLYGON_POINT -89.661622635 38.919640937
POLYGON_POINT -89.661670339 38.919670630
POLYGON_POINT -89.661784829 38.919685477
POLYGON_POINT -89.661794370 38.919737440
POLYGON_POINT -89.661775289 38.919871059
POLYGON_POINT -89.661765748 38.919937869
POLYGON_POINT -89.661927942 38.919997255
POLYGON_POINT -89.661822993 38.920034372
POLYGON_POINT -89.661756207 38.920071488
POLYGON_POINT -89.661756207 38.920086335
POLYGON_POINT -89.661794370 38.920175414
POLYGON_POINT -89.661861156 38.920182837
POLYGON_POINT -89.661918401 38.920234800
POLYGON_POINT -89.661832534 38.920264494
POLYGON_POINT -89.661718044 38.920309033
POLYGON_POINT -89.661727584 38.920360996
POLYGON_POINT -89.661746666 38.920398113
POLYGON_POINT -89.661861156 38.920450076
POLYGON_POINT -89.661851615 38.920568849
POLYGON_POINT -89.661746666 38.920613388
POLYGON_POINT -89.661746666 38.920665351
POLYGON_POINT -89.661765748 38.920724738
POLYGON_POINT -89.661889788 38.920784124
POLYGON_POINT -89.661794377 38.920836087
POLYGON_POINT -89.661880247 38.920910320
POLYGON_POINT -89.661899329 38.920932590
POLYGON_POINT -89.661947034 38.920991976
POLYGON_POINT -89.661889788 38.921029092
POLYGON_POINT -89.661794377 38.921058786
POLYGON_POINT -89.661842082 38.921133019
POLYGON_POINT -89.661899329 38.921170135
POLYGON_POINT -89.662080610 38.921133019
POLYGON_POINT -89.661908870 38.921251791
POLYGON_POINT -89.661861165 38.921303754
POLYGON_POINT -89.661832541 38.921400257
POLYGON_POINT -89.661832541 38.921429950
POLYGON_POINT -89.661914531 38.921406271
POLYGON_POINT -89.661925574 38.921505077
POLYGON_POINT -89.661815143 38.921565219
POLYGON_POINT -89.661804100 38.921642545
POLYGON_POINT -89.661809621 38.921702687
POLYGON_POINT -89.661886923 38.921694095
POLYGON_POINT -89.661925574 38.921638249
POLYGON_POINT -89.661870358 38.921633953
POLYGON_POINT -89.661958703 38.921711279
POLYGON_POINT -89.661914531 38.921754238
POLYGON_POINT -89.661853794 38.921788605
POLYGON_POINT -89.661826186 38.921792901
POLYGON_POINT -89.661848272 38.921900298
POLYGON_POINT -89.661903487 38.921822972
POLYGON_POINT -89.662080177 38.921857339
POLYGON_POINT -89.662036004 38.921934665
POLYGON_POINT -89.661986311 38.921904594
POLYGON_POINT -89.661947660 38.921960440
POLYGON_POINT -89.661870358 38.921986216
POLYGON_POINT -89.661842750 38.922037766
POLYGON_POINT -89.661837229 38.922089317
POLYGON_POINT -89.661914531 38.922089317
POLYGON_POINT -89.661964224 38.922054950
POLYGON_POINT -89.662052569 38.922050654
POLYGON_POINT -89.662080177 38.922059246
POLYGON_POINT -89.662091220 38.922102205
POLYGON_POINT -89.662047047 38.922149459
POLYGON_POINT -89.662002875 38.922162347
POLYGON_POINT -89.661909009 38.922213898
POLYGON_POINT -89.661848272 38.922166643
POLYGON_POINT -89.661820664 38.922248265
POLYGON_POINT -89.661831707 38.922265448
POLYGON_POINT -89.661804100 38.922338478
POLYGON_POINT -89.661870358 38.922385733
POLYGON_POINT -89.661925574 38.922347070
POLYGON_POINT -89.662019440 38.922261152
POLYGON_POINT -89.662036004 38.922252561
POLYGON_POINT -89.662135392 38.922274040
POLYGON_POINT -89.662140914 38.922347070
POLYGON_POINT -89.662041526 38.922390029
POLYGON_POINT -89.661925574 38.922437284
POLYGON_POINT -89.661853794 38.922493130
POLYGON_POINT -89.661881401 38.922548977
POLYGON_POINT -89.661975267 38.922544681
POLYGON_POINT -89.662063612 38.922531793
POLYGON_POINT -89.662102263 38.922441579
POLYGON_POINT -89.661991832 38.922471651
POLYGON_POINT -89.662151957 38.922527497
POLYGON_POINT -89.662174043 38.922557568
POLYGON_POINT -89.662218215 38.922626303
POLYGON_POINT -89.662146435 38.922652078
POLYGON_POINT -89.662036004 38.922652078
POLYGON_POINT -89.661975267 38.922647782
POLYGON_POINT -89.661947660 38.922716516
POLYGON_POINT -89.661920052 38.922819617
POLYGON_POINT -89.661931095 38.922841097
POLYGON_POINT -89.662063612 38.922823913
POLYGON_POINT -89.662063612 38.922720812
POLYGON_POINT -89.662251344 38.922720812
POLYGON_POINT -89.662312081 38.922733700
POLYGON_POINT -89.662334168 38.922780954
POLYGON_POINT -89.662350732 38.922845393
POLYGON_POINT -89.662245836 38.922866872
POLYGON_POINT -89.662102274 38.922896943
POLYGON_POINT -89.661997363 38.922965677
POLYGON_POINT -89.661947669 38.922957086
POLYGON_POINT -89.662129882 38.922823913
POLYGON_POINT -89.662234793 38.922836801
POLYGON_POINT -89.662350747 38.922961382
POLYGON_POINT -89.662389398 38.923021524
POLYGON_POINT -89.662278966 38.923047299
POLYGON_POINT -89.662163012 38.923025820
POLYGON_POINT -89.662096752 38.923043003
POLYGON_POINT -89.662080187 38.923124625
POLYGON_POINT -89.662080187 38.923219135
POLYGON_POINT -89.662118839 38.923249206
POLYGON_POINT -89.662207185 38.923201951
POLYGON_POINT -89.662323139 38.923201951
POLYGON_POINT -89.662405963 38.923133217
POLYGON_POINT -89.662466701 38.923116033
POLYGON_POINT -89.662510874 38.923223431
POLYGON_POINT -89.662389398 38.923270685
POLYGON_POINT -89.662262401 38.923287869
POLYGON_POINT -89.662190620 38.923348011
POLYGON_POINT -89.662196141 38.923395266
POLYGON_POINT -89.662245836 38.923455408
POLYGON_POINT -89.662372833 38.923429633
POLYGON_POINT -89.662444614 38.923352307
POLYGON_POINT -89.662499830 38.923412450
POLYGON_POINT -89.662599219 38.923537030
POLYGON_POINT -89.662405963 38.923558510
POLYGON_POINT -89.662273444 38.923631540
POLYGON_POINT -89.662273444 38.923665907
POLYGON_POINT -89.662422528 38.923708866
POLYGON_POINT -89.662273444 38.923528438
POLYGON_POINT -89.662389398 38.923519847
POLYGON_POINT -89.662566090 38.923610060
POLYGON_POINT -89.662604741 38.923726049
POLYGON_POINT -89.662588176 38.923811967
POLYGON_POINT -89.662510874 38.923683090
POLYGON_POINT -89.662444614 38.923756120
POLYGON_POINT -89.662383876 38.923786192
POLYGON_POINT -89.662378355 38.923842038
POLYGON_POINT -89.662439093 38.923867813
POLYGON_POINT -89.662560568 38.923867813
POLYGON_POINT -89.662693087 38.923816263
POLYGON_POINT -89.662709652 38.923717457
POLYGON_POINT -89.662637871 38.923756120
POLYGON_POINT -89.662654436 38.923923660
POLYGON_POINT -89.662709652 38.923949435
POLYGON_POINT -89.662764868 38.923897885
POLYGON_POINT -89.662604741 38.923932252
POLYGON_POINT -89.662477744 38.923932252
POLYGON_POINT -89.662472222 38.924005282
POLYGON_POINT -89.662549525 38.924056832
POLYGON_POINT -89.662698609 38.924035353
POLYGON_POINT -89.662759346 38.924039649
POLYGON_POINT -89.662792476 38.924104087
POLYGON_POINT -89.662659957 38.924116975
POLYGON_POINT -89.662555047 38.924108383
POLYGON_POINT -89.662577133 38.924194301
POLYGON_POINT -89.662687565 38.924241555
POLYGON_POINT -89.662814563 38.924224372
POLYGON_POINT -89.662742782 38.924177117
POLYGON_POINT -89.662742782 38.924288810
POLYGON_POINT -89.662654436 38.924284514
POLYGON_POINT -89.662858736 38.924340361
POLYGON_POINT -89.662770390 38.924370432
POLYGON_POINT -89.662969193 38.924348952
POLYGON_POINT -89.662963671 38.924452054
POLYGON_POINT -89.662936062 38.924495013
POLYGON_POINT -89.662985758 38.924516492
POLYGON_POINT -89.663134845 38.924447758
POLYGON_POINT -89.663013367 38.924391911
POLYGON_POINT -89.663096193 38.924486421
POLYGON_POINT -89.663167975 38.924473533
POLYGON_POINT -89.663223193 38.924464941
POLYGON_POINT -89.663344671 38.924499308
POLYGON_POINT -89.663311540 38.924602410
POLYGON_POINT -89.663377801 38.924580930
POLYGON_POINT -89.663466149 38.924546563
POLYGON_POINT -89.663582105 38.924542267
POLYGON_POINT -89.663609714 38.924593818
POLYGON_POINT -89.663565540 38.924684032
POLYGON_POINT -89.663394366 38.924744174
POLYGON_POINT -89.663554497 38.924752766
POLYGON_POINT -89.663626279 38.924714103
POLYGON_POINT -89.663703584 38.924628185
POLYGON_POINT -89.663786410 38.924662552
POLYGON_POINT -89.663791931 38.924722694
POLYGON_POINT -89.663797453 38.924787133
POLYGON_POINT -89.663869236 38.924791429
POLYGON_POINT -89.663935496 38.924769949
POLYGON_POINT -89.664056975 38.924774245
POLYGON_POINT -89.663902366 38.924688327
POLYGON_POINT -89.664051453 38.924774245
POLYGON_POINT -89.664178453 38.924804316
POLYGON_POINT -89.664051453 38.924894530
POLYGON_POINT -89.664018323 38.924950376
POLYGON_POINT -89.664156366 38.924933193
POLYGON_POINT -89.664250235 38.924907418
POLYGON_POINT -89.664344105 38.924817204
POLYGON_POINT -89.664388279 38.924855867
POLYGON_POINT -89.664421409 38.924885938
POLYGON_POINT -89.664625714 38.924881642
POLYGON_POINT -89.664620192 38.924954672
POLYGON_POINT -89.664570496 38.925074957
POLYGON_POINT -89.664747192 38.925001927
POLYGON_POINT -89.664868670 38.924980448
POLYGON_POINT -89.664923887 38.925036294
POLYGON_POINT -89.664912844 38.925019111
POLYGON_POINT -89.664725105 38.924958968
POLYGON_POINT -89.664962552 38.925083549
POLYGON_POINT -89.664868682 38.924924601
POLYGON_POINT -89.664697507 38.924916009
END_WINDING
END_POLYGON
BEGIN_POLYGON 4 255 2
BEGIN_WINDING
POLYGON_POINT -89.665011599 38.914008575
POLYGON_POINT -89.664026014 38.914038652
POLYGON_POINT -89.662885827 38.914008575
POLYGON_POINT -89.662576624 38.913016063
POLYGON_POINT -89.662112819 38.911166382
POLYGON_POINT -89.663001779 38.910609973
POLYGON_POINT -89.661397791 38.909722728
POLYGON_POINT -89.660895346 38.909256548
POLYGON_POINT -89.660431550 38.909843032
POLYGON_POINT -89.660702098 38.911422029
POLYGON_POINT -89.660547499 38.912534845
POLYGON_POINT -89.659909780 38.912955911
POLYGON_POINT -89.660837371 38.914113842
POLYGON_POINT -89.662054834 38.914399565
POLYGON_POINT -89.664972881 38.914324375
END_WINDING
END_POLYGON
BEGIN_POLYGON 3 255 2
BEGIN_WINDING
POLYGON_POINT -89.665032784 38.914025061
POLYGON_POINT -89.664047199 38.914055138
POLYGON_POINT -89.662907011 38.914025061
POLYGON_POINT -89.662597808 38.913032549
POLYGON_POINT -89.662134003 38.911182868
POLYGON_POINT -89.663022963 38.910626459
POLYGON_POINT -89.661418975 38.909739214
POLYGON_POINT -89.660916530 38.909273034
POLYGON_POINT -89.660452734 38.909859518
POLYGON_POINT -89.660723282 38.911438515
POLYGON_POINT -89.660568683 38.912551331
POLYGON_POINT -89.659930964 38.912972397
POLYGON_POINT -89.660858555 38.914130328
POLYGON_POINT -89.662076018 38.914416051
POLYGON_POINT -89.664994066 38.914340861
END_WINDING
END_POLYGON
BEGIN_POLYGON 3 255 2
BEGIN_WINDING
POLYGON_POINT -89.649362057 38.937062906
POLYGON_POINT -89.649950153 38.937117465
POLYGON_POINT -89.651115555 38.937130055
POLYGON_POINT -89.652604681 38.937088087
POLYGON_POINT -89.652908330 38.936922395
POLYGON_POINT -89.652846816 38.936197348
POLYGON_POINT -89.652787672 38.935472972
POLYGON_POINT -89.652786152 38.934560410
POLYGON_POINT -89.652579620 38.933307567
POLYGON_POINT -89.652253968 38.933294137
POLYGON_POINT -89.652022840 38.933531175
POLYGON_POINT -89.652079603 38.936723968
POLYGON_POINT -89.649311194 38.936764762
END_WINDING
END_POLYGON
BEGIN_POLYGON 4 255 2
BEGIN_WINDING
POLYGON_POINT -89.649360356 38.937065275
POLYGON_POINT -89.649948452 38.937119834
POLYGON_POINT -89.651113854 38.937132424
POLYGON_POINT -89.652602980 38.937090456
POLYGON_POINT -89.652906629 38.936924764
POLYGON_POINT -89.652845115 38.936199717
POLYGON_POINT -89.652785971 38.935475341
POLYGON_POINT -89.652784451 38.934562779
POLYGON_POINT -89.652577919 38.933309936
POLYGON_POINT -89.652252267 38.933296506
POLYGON_POINT -89.652021139 38.933533544
POLYGON_POINT -89.652077902 38.936726337
POLYGON_POINT -89.649309493 38.936767131
END_WINDING
END_POLYGON
BEGIN_POLYGON 3 255 2
BEGIN_WINDING
POLYGON_POINT -89.649347145 38.937070616
POLYGON_POINT -89.649935241 38.937125175
POLYGON_POINT -89.651100644 38.937137765
POLYGON_POINT -89.652589769 38.937095797
POLYGON_POINT -89.652893419 38.936930105
POLYGON_POINT -89.652831905 38.936205058
POLYGON_POINT -89.652772761 38.935480682
POLYGON_POINT -89.652771241 38.934568120
POLYGON_POINT -89.652564708 38.933315277
POLYGON_POINT -89.652239056 38.933301847
POLYGON_POINT -89.652007928 38.933538885
POLYGON_POINT -89.652064691 38.936731678
POLYGON_POINT -89.649296282 38.936772472
END_WINDING
END_POLYGON
BEGIN_POLYGON 3 229 2
BEGIN_WINDING
POLYGON_POINT -89.662257632 38.917986616
POLYGON_POINT -89.661866216 38.917404277
POLYGON_POINT -89.661295919 38.916911794
POLYGON_POINT -89.660808502 38.916561013
POLYGON_POINT -89.660611594 38.916157507
POLYGON_POINT -89.659671337 38.916045000
POLYGON_POINT -89.659182556 38.916080378
POLYGON_POINT -89.659309872 38.916452794
POLYGON_POINT -89.659809313 38.916536320
POLYGON_POINT -89.660094676 38.916847166
POLYGON_POINT -89.659917829 38.917168567
POLYGON_POINT -89.659903308 38.917397958
POLYGON_POINT -89.659748239 38.917584255
POLYGON_POINT -89.659550282 38.917868517
POLYGON_POINT -89.659633697 38.918018816
POLYGON_POINT -89.660889315 38.917994905
END_WINDING
END_POLYGON
BEGIN_POLYGON 4 229 2
BEGIN_WINDING
POLYGON_POINT -89.662261767 38.917984315
POLYGON_POINT -89.661870351 38.917401976
POLYGON_POINT -89.661300054 38.916909493
POLYGON_POINT -89.660812637 38.916558712
POLYGON_POINT -89.660615729 38.916155206
POLYGON_POINT -89.659675472 38.916042699
POLYGON_POINT -89.659186691 38.916078077
POLYGON_POINT -89.659314007 38.916450493
POLYGON_POINT -89.659813448 38.916534019
POLYGON_POINT -89.660098811 38.916844865
POLYGON_POINT -89.659921964 38.917166266
POLYGON_POINT -89.659907443 38.917395657
POLYGON_POINT -89.659752374 38.917581954
POLYGON_POINT -89.659554417 38.917866216
POLYGON_POINT -89.659637832 38.918016515
POLYGON_POINT -89.660893450 38.917992604
END_WINDING
END_POLYGON
BEGIN_POLYGON 4 229 2
BEGIN_WINDING
POLYGON_POINT -89.662261767 38.917984315
POLYGON_POINT -89.661870351 38.917401976
POLYGON_POINT -89.661300054 38.916909493
POLYGON_POINT -89.660812637 38.916558712
POLYGON_POINT -89.660615729 38.916155206
POLYGON_POINT -89.659675472 38.916042699
POLYGON_POINT -89.659186691 38.916078077
POLYGON_POINT -89.659314007 38.916450493
POLYGON_POINT -89.659813448 38.916534019
POLYGON_POINT -89.660098811 38.916844865
POLYGON_POINT -89.659921964 38.917166266
POLYGON_POINT -89.659907443 38.917395657
POLYGON_POINT -89.659752374 38.917581954
POLYGON_POINT -89.659554417 38.917866216
POLYGON_POINT -89.659637832 38.918016515
POLYGON_POINT -89.660893450 38.917992604
END_WINDING
END_POLYGON
BEGIN_POLYGON 3 229 2
BEGIN_WINDING
POLYGON_POINT -89.662259032 38.917986626
POLYGON_POINT -89.661867616 38.917404287
POLYGON_POINT -89.661297319 38.916911804
POLYGON_POINT -89.660809902 38.916561023
POLYGON_POINT -89.660612994 38.916157517
POLYGON_POINT -89.659672737 38.916045010
POLYGON_POINT -89.659183956 38.916080388
POLYGON_POINT -89.659311272 38.916452804
POLYGON_POINT -89.659810713 38.916536330
POLYGON_POINT -89.660096076 38.916847176
POLYGON_POINT -89.659919229 38.917168577
POLYGON_POINT -89.659904708 38.917397968
POLYGON_POINT -89.659749639 38.917584265
POLYGON_POINT -89.659551682 38.917868527
POLYGON_POINT -89.659635097 38.918018826
POLYGON_POINT -89.660890715 38.917994915
END_WINDING
END_POLYGON
FILTER -1
FILTER 0
FILTER -1
FILTER 0
FILTER -1
FILTER 0
FILTER -1
FILTER 0
FILTER -1
FILTER 0
OBJECT 0 -89.662769723 38.926507982 88.180000
OBJECT 1 -89.662908168 38.926421161 357.579987
OBJECT 2 -89.663109098 38.926415227 357.040009
OBJECT 3 -89.662955196 38.926420525 352.459991
OBJECT 4 -89.663161231 38.926413264 354.140015
OBJECT 5 -89.663283619 38.926396715 358.089996
OBJECT 6 -89.663333612 38.926406003 357.880005
OBJECT 7 -89.663387344 38.926404928 358.429993
OBJECT 8 -89.663427653 38.926403331 355.239990
OBJECT 9 -89.663781615 38.927027369 175.910004
OBJECT 10 -89.661799503 38.930298003 0.000000
OBJECT 11 -89.659677371 38.932798975 89.360001
OBJECT 11 -89.659083417 38.917396658 356.299988
OBJECT 12 -89.666233850 38.929447340 91.209999
OBJECT 13 -89.657771047 38.917547699 266.049988
OBJECT 13 -89.661516263 38.931216079 356.290009
OBJECT 14 -89.658412670 38.917705389 356.299988
OBJECT 15 -89.664707712 38.927202792 358.709991
OBJECT 16 -89.658055725 38.916998378 356.299988
OBJECT 16 -89.661484700 38.930166320 356.730011
OBJECT 16 -89.661038245 38.931865427 179.520004
OBJECT 16 -89.664229685 38.927199225 178.960007
OBJECT 17 -89.661094085 38.932175936 88.550003
OBJECT 18 -89.661527531 38.930958250 356.670013
OBJECT 19 -89.664611898 38.926902320 88.699997
OBJECT 20 -89.664537923 38.927157424 176.419998
OBJECT 21 -89.660158250 38.931858818 0.000000
OBJECT 21 -89.660859433 38.930574011 0.000000
OBJECT 21 -89.660825715 38.930716821 305.540009
OBJECT 22 -89.659816621 38.932140231 0.000000
OBJECT 21 -89.660512883 38.931830881 0.000000
OBJECT 21 -89.660368061 38.931824276 0.000000
OBJECT 21 -89.660332479 38.931694809 0.000000
OBJECT 21 -89.660472506 38.931707693 0.000000
OBJECT 23 -89.660511008 38.930617728 0.000000
OBJECT 23 -89.659700837 38.931485379 0.000000
OBJECT 23 -89.660187320 38.932033845 0.000000
OBJECT 23 -89.660111434 38.931664881 0.000000
OBJECT 22 -89.659281613 38.932196189 0.000000
OBJECT 24 -89.659238320 38.931770627 0.000000
OBJECT 24 -89.659735945 38.931796760 0.000000
OBJECT 25 -89.662203106 38.927117374 90.000000
OBJECT 26 -89.662202552 38.927164044 87.400002
OBJECT 27 -89.662680634 38.926510752 86.500000
OBJECT 27 -89.664676111 38.926979250 81.160004
OBJECT 27 -89.664544429 38.927051648 0.000000
OBJECT 27 -89.662215081 38.927275868 87.949997
OBJECT 28 -89.660203499 38.931342405 184.240005
OBJECT 28 -89.659958872 38.931370894 357.679993
OBJECT 29 -89.660002799 38.931387657 359.510010
OBJECT 30 -89.662204094 38.927221189 176.199997
OBJECT 30 -89.661484100 38.919383420 355.670013
OBJECT 31 -89.661482978 38.919433677 39.700001
OBJECT 32 -89.664150087 38.926939046 0.000000
OBJECT 26 -89.661472972 38.919324325 268.519989
OBJECT 25 -89.661473527 38.919299389 267.529999
OBJECT 33 -89.663863339 38.927207238 359.839996
OBJECT 34 -89.667261999 38.929662879 359.820007
OBJECT 35 -89.662546285 38.930865384 87.949997
OBJECT 35 -89.662549407 38.930960104 87.709999
OBJECT 34 -89.661023868 38.931051344 89.540001
OBJECT 34 -89.661022584 38.930970418 89.540001
OBJECT 34 -89.661101061 38.931560740 89.129997
OBJECT 34 -89.661102345 38.931644663 89.129997
OBJECT 36 -89.658732246 38.917032348 356.299988
OBJECT 36 -89.658517641 38.917352806 356.299988
OBJECT 36 -89.664240495 38.926999049 270.559998
OBJECT 36 -89.657633394 38.917333188 356.299988
OBJECT 36 -89.661802410 38.930297973 356.339996
OBJECT 37 -89.664431936 38.926726373 0.000000
OBJECT 37 -89.664289275 38.926728089 0.000000
OBJECT 37 -89.664292248 38.926807637 0.000000
OBJECT 37 -89.664432680 38.926806499 0.000000
OBJECT 38 -89.663973667 38.927049163 180.000000
OBJECT 38 -89.663925206 38.926398103 359.559998
OBJECT 38 -89.664632003 38.926621611 359.459991
OBJECT 39 -89.662918306 38.926860991 145.279999
OBJECT 39 -89.663192577 38.926869838 141.949997
OBJECT 10 -89.663588964 38.926983716 358.359985
OBJECT 40 -89.666399876 38.929266111 0.000000
OBJECT 40 -89.666140322 38.929448058 0.000000
OBJECT 40 -89.665989153 38.929250579 0.000000
OBJECT 40 -89.666119215 38.929247916 0.000000
OBJECT 40 -89.666591544 38.929578084 0.000000
OBJECT 40 -89.666742141 38.929551457 0.000000
OBJECT 41 -89.666629193 38.929476903 0.000000
OBJECT 41 -89.666379338 38.929618024 0.000000
OBJECT 41 -89.666218472 38.929580747 0.000000
OBJECT 41 -89.665999421 38.929514180 0.000000
OBJECT 38 -89.666916235 38.929221214 89.949997
BEGIN_POLYGON 5 1 3
BEGIN_WINDING
POLYGON_POINT -89.664435402 38.926722959 0.000000000
POLYGON_POINT -89.664285130 38.926725381 0.000000000
POLYGON_POINT -89.664287422 38.926811455 0.000000000
POLYGON_POINT -89.664437695 38.926809033 0.000000000
END_WINDING
END_POLYGON
BEGIN_POLYGON 6 1 3
BEGIN_WINDING
POLYGON_POINT -89.664097811 38.926954250 2.000000000
POLYGON_POINT -89.663849522 38.926952585 2.000000000
POLYGON_POINT -89.663850593 38.927169053 2.000000000
POLYGON_POINT -89.663893389 38.927168766 2.000000000
POLYGON_POINT -89.663894471 38.927289776 2.000000000
POLYGON_POINT -89.664074267 38.927290609 2.000000000
POLYGON_POINT -89.664073189 38.927167560 2.000000000
POLYGON_POINT -89.664098882 38.927167388 2.000000000
END_WINDING
END_POLYGON
BEGIN_POLYGON 6 1 3
BEGIN_WINDING
POLYGON_POINT -89.664744976 38.926515381 2.000000000
POLYGON_POINT -89.664744629 38.926454405 2.000000000
POLYGON_POINT -89.664514898 38.926455153 2.000000000
POLYGON_POINT -89.664515245 38.926516129 0.000000000
END_WINDING
END_POLYGON
OBJECT 42 -89.658244896 38.917072632 0.000000
OBJECT 41 -89.657126354 38.917145494 0.000000
OBJECT 41 -89.657802682 38.916807496 0.000000
OBJECT 41 -89.658177263 38.917687911 0.000000
OBJECT 41 -89.658070610 38.917932808 0.000000
OBJECT 40 -89.658400972 38.917827563 0.000000
OBJECT 40 -89.663722902 38.927513949 3.810000
OBJECT 40 -89.663783632 38.927416350 14.930000
OBJECT 40 -89.663868547 38.927509114 43.020000
OBJECT 40 -89.663957075 38.927495058 302.470001
OBJECT 40 -89.664087158 38.927510519 323.750000
OBJECT 40 -89.664168459 38.927482409 60.250000
OBJECT 40 -89.664276861 38.927524574 295.769989
OBJECT 40 -89.664359969 38.927473976 294.440002
OBJECT 40 -89.664455724 38.927461326 56.310001
OBJECT 40 -89.664679754 38.927419161 279.250000
OBJECT 40 -89.664665300 38.927355912 53.619999
OBJECT 40 -89.664820676 38.927358723 31.610001
OBJECT 40 -89.665085710 38.927316802 64.919998
OBJECT 40 -89.665044706 38.927230822 74.050003
OBJECT 40 -89.664871263 38.927177412 36.250000
OBJECT 40 -89.664938111 38.927176006 295.559998
OBJECT 40 -89.665082646 38.927052321 0.000000
OBJECT 40 -89.665236215 38.927014372 63.430000
OBJECT 41 -89.661576622 38.919865936 309.290009
OBJECT 41 -89.661614559 38.920052082 25.020000
OBJECT 41 -89.661675858 38.920913488 56.310001
OBJECT 41 -89.661553756 38.919355786 232.750000
OBJECT 41 -89.664250061 38.926854041 0.000000
OBJECT 43 -89.661019923 38.918179105 90.000000
OBJECT 43 -89.661364957 38.918114452 0.000000
OBJECT 43 -89.660779664 38.918138345 0.000000
OBJECT 43 -89.660445469 38.918142562 0.000000
OBJECT 42 -89.660983793 38.918129912 270.000000
OBJECT 42 -89.660505082 38.918138345 0.000000
OBJECT 42 -89.661518505 38.918195972 0.000000
OBJECT 42 -89.661534763 38.918125696 0.000000
OBJECT 42 -89.661419150 38.918135534 0.000000
OBJECT 41 -89.660472842 38.918179874 0.000000
OBJECT 41 -89.660719726 38.918123653 0.000000
OBJECT 41 -89.660882307 38.918143565 90.000000
OBJECT 41 -89.661181879 38.918133023 0.000000
OBJECT 41 -89.661242095 38.918111940 64.980003
OBJECT 40 -89.660371982 38.918135366 0.000000
OBJECT 40 -89.660591768 38.918152935 315.000000
OBJECT 40 -89.661108116 38.918135366 0.000000
OBJECT 40 -89.661323387 38.918127167 81.470001
OBJECT 44 -89.660603934 38.918160104 57.990002
OBJECT 44 -89.660769457 38.918168238 107.820000
OBJECT 44 -89.660839151 38.918097745 56.310001
OBJECT 44 -89.660951532 38.918114691 101.889999
OBJECT 44 -89.661022968 38.918137736 62.349998
OBJECT 44 -89.661076110 38.918092323 90.000000
OBJECT 44 -89.661182393 38.918141803 95.440002
OBJECT 44 -89.661291290 38.918079444 76.330002
OBJECT 44 -89.661381021 38.918127569 91.489998
FILTER -1
OBJECT_DEF lib/airport/Common_Elements/Vehicles/sailplane_trailer/sailplane_trailer_10m_open.obj
OBJECT_DEF lib/airport/Common_Elements/Vehicles/sailplane_trailer/sailplane_trailer_var9.obj
OBJECT_DEF lib/airport/Common_Elements/Vehicles/sailplane_trailer/sailplane_trailer_var8.obj
OBJECT_DEF lib/airport/Common_Elements/Vehicles/sailplane_trailer/sailplane_trailer_var7.obj
OBJECT_DEF lib/airport/Common_Elements/Vehicles/sailplane_trailer/sailplane_trailer_var6.obj
OBJECT_DEF lib/airport/Common_Elements/Vehicles/sailplane_trailer/sailplane_trailer_var5.obj
OBJECT_DEF lib/airport/Common_Elements/Vehicles/sailplane_trailer/sailplane_trailer_var4.obj
OBJECT_DEF lib/airport/Common_Elements/Vehicles/sailplane_trailer/sailplane_trailer_var3.obj
OBJECT_DEF lib/airport/Common_Elements/Vehicles/sailplane_trailer/sailplane_trailer_var2.obj
OBJECT_DEF lib/airport/Common_Elements/Vehicles/sailplane_trailer/sailplane_trailer.obj
OBJECT_DEF lib/airport/Common_Elements/Miscellaneous/Sm_Propane_Tank.obj
OBJECT_DEF lib/g10/US/industrial/light/Shed13x24.obj
OBJECT_DEF lib/g10/US/suburban/dB-RnchLHGry.obj
OBJECT_DEF lib/g10/US/suburban/dB-RnchLH.obj
OBJECT_DEF lib/g10/US/suburban/B-RnchLHGry.obj
OBJECT_DEF lib/g10/US/suburban/B-RnchLH.obj
OBJECT_DEF lib/g10/US/suburban/dSmlRnchGry.obj
OBJECT_DEF lib/g10/US/suburban/U-RnchLHGry.obj
OBJECT_DEF lib/g10/US/suburban/dGreenhse.obj
OBJECT_DEF lib/g10/US/suburban/dGdnShed.obj
OBJECT_DEF lib/g10/US/industrial/light/SiteOffice4x14.obj
OBJECT_DEF lib/airport/Common_Elements/Fuel_Storage/Sing_Tank_Small.obj
OBJECT_DEF lib/airport/Common_Elements/Fuel_Storage/Sing_Tank_Large.obj
OBJECT_DEF lib/airport/Common_Elements/Fuel_Storage/Sing_Tank_Medium.obj
OBJECT_DEF lib/airport/Common_Elements/Fuel_Storage/Single_Tank_Large.obj
OBJECT_DEF lib/cars/car_static_invar.obj
OBJECT_DEF lib/cars/car_static.obj
OBJECT_DEF lib/cars/car.obj
OBJECT_DEF lib/airport/Common_Elements/Vehicles/Cargo_Trailer.obj
OBJECT_DEF lib/airport/Common_Elements/Vehicles/Cargo_Truck_Long.agp
OBJECT_DEF lib/g10/EU/suburban/carport1_6x3.obj
OBJECT_DEF lib/airport/Ramp_Equipment/Luggage_Truck.obj
OBJECT_DEF lib/airport/Common_Elements/Miscellaneous/Flagpole.obj
OBJECT_DEF lib/airport/Common_Elements/Vehicles/caravans/caravan_new_8m_cover.obj
OBJECT_DEF lib/g10/US/industrial/light/TinShed10x30Dk.obj
OBJECT_DEF lib/g10/US/industrial/light/TinShed10x30Lt.obj
OBJECT_DEF lib/g10/US/industrial/light/WoodShed8x10.obj
OBJECT_DEF lib/airport/Modern_Airports/Terminal_kit/columns/column_4m_40a.obj
OBJECT_DEF lib/airport/European_Airports/hangars/25x20x5.obj
OBJECT_DEF lib/airport/aircraft/military/prop_a.obj
OBJECT_DEF lib/g10/forests/autogen_tree2.obj
OBJECT_DEF lib/g10/forests/autogen_tree3.obj
OBJECT_DEF lib/g10/forests/autogen_tree4.obj
OBJECT_DEF lib/g10/forests/autogen_tree_any.obj
OBJECT_DEF lib/g10/forests/autogen_tree1.obj
POLYGON_DEF lib/airport/pavement/asphalt_3D.pol
POLYGON_DEF lib/airport/pavement/asphalt_6L.pol
POLYGON_DEF lib/g10/terrain10/apt_tmp_wet.pol
POLYGON_DEF lib/g8/broad_tmp_wet.for
POLYGON_DEF lib/g10/forests/AG_trees_EU1.for
POLYGON_DEF lib/airport/Modern_Airports/Terminal_kit/term_building_Slab_01.fac
POLYGON_DEF lib/airport/Common_Elements/Misc_Buildings/White_Office.fac
PROPERTY sim/filter/aptid XK001R
PROPERTY sim/exclude_net -89.662818/38.927813/-89.661150/38.932865
PROPERTY sim/require_agpoint 1/0
PROPERTY sim/require_object 1/0
PROPERTY sim/require_facade 1/5
PROPERTY sim/require_facade 6/0
