PROPERTY sim/west -180
PROPERTY sim/east 180
PROPERTY sim/north 90
PROPERTY sim/south -90
PROPERTY sim/planet earth
PROPERTY sim/creation_agent WorldEditor2.2.0r2
PROPERTY laminar/internal_revision 0
PROPERTY sim/overlay 1
FILTER 0
BEGIN_POLYGON 0 0 2
BEGIN_WINDING
POLYGON_POINT 4.851395830 46.107678467
POLYGON_POINT 4.851465466 46.107900507
POLYGON_POINT 4.851160734 46.107913397
POLYGON_POINT 4.850728827 46.105198755
POLYGON_POINT 4.850742019 46.105072734
POLYGON_POINT 4.850916656 46.104445660
POLYGON_POINT 4.851414314 46.104586123
POLYGON_POINT 4.851734343 46.104857889
POLYGON_POINT 4.851744320 46.105235957
POLYGON_POINT 4.851345560 46.105142127
POLYGON_POINT 4.850993492 46.105142127
END_WINDING
END_POLYGON
FILTER -1
FILTER 0
FILTER -1
FILTER 0
FILTER -1
FILTER 0
FILTER -1
FILTER 0
FILTER -1
FILTER 0
OBJECT 0 4.850993589 46.105177367 96.000000
OBJECT 0 4.850735968 46.105197479 96.000000
OBJECT 0 4.851406574 46.107787247 96.000000
OBJECT 0 4.851149657 46.107805907 96.000000
OBJECT 1 4.851331304 46.107322895 6.000000
OBJECT 1 4.851074097 46.107344880 6.000000
OBJECT 1 4.851075851 46.105714286 6.000000
OBJECT 1 4.850820411 46.105732607 6.000000
OBJECT 1 4.851160416 46.106251710 6.000000
OBJECT 1 4.850906735 46.106271253 6.000000
OBJECT 1 4.851244976 46.106787913 6.000000
OBJECT 1 4.850991295 46.106805013 6.000000
OBJECT 2 4.851529626 46.110945224 92.199997
OBJECT 3 4.853610893 46.107231165 93.669998
OBJECT 3 4.853618222 46.107309420 93.669998
OBJECT 3 4.853625551 46.107401904 93.669998
OBJECT 4 4.853736758 46.107636781 3.945169
OBJECT 5 4.853647994 46.107585883 93.220001
OBJECT 6 4.854557434 46.107578465 186.070007
BEGIN_POLYGON 1 1 3
BEGIN_WINDING
POLYGON_POINT 4.851252284 46.104926507 7.000000000
POLYGON_POINT 4.851191399 46.104806247 0.000000000
POLYGON_POINT 4.851322164 46.104774421 0.000000000
POLYGON_POINT 4.851383049 46.104894682 0.000000000
END_WINDING
END_POLYGON
BEGIN_POLYGON 2 1 3
BEGIN_WINDING
POLYGON_POINT 4.851209806 46.105034006 8.000000000
POLYGON_POINT 4.851388921 46.105005536 0.000000000
POLYGON_POINT 4.851409926 46.105069063 0.000000000
POLYGON_POINT 4.851230811 46.105097533 0.000000000
END_WINDING
END_POLYGON
OBJECT 7 4.851577485 46.104987898 286.580017
OBJECT 8 4.851386540 46.104951279 196.169998
OBJECT 9 4.851846306 46.105179918 188.289993
OBJECT 10 4.851525570 46.105056502 15.090000
OBJECT 11 4.851320306 46.110625963 0.000000
OBJECT 11 4.850702909 46.110539850 0.000000
OBJECT 11 4.852678006 46.111021844 0.000000
OBJECT 11 4.852650099 46.111150240 0.000000
OBJECT 11 4.852642488 46.111313812 0.000000
OBJECT 11 4.852647562 46.111419343 0.000000
OBJECT 11 4.852660247 46.111596986 0.000000
OBJECT 11 4.852645025 46.111644475 0.000000
OBJECT 12 4.852221341 46.110891690 0.000000
OBJECT 12 4.852102102 46.110870584 0.000000
OBJECT 12 4.851980326 46.110849478 0.000000
OBJECT 12 4.851777061 46.110851799 90.000000
OBJECT 12 4.851716478 46.110898725 0.000000
OBJECT 12 4.851686846 46.110847086 90.000000
OBJECT 12 4.851724393 46.110805296 0.000000
OBJECT 12 4.851628799 46.110797064 0.000000
OBJECT 12 4.851797662 46.111018327 0.000000
OBJECT 12 4.851412038 46.111192452 0.000000
OBJECT 12 4.851457704 46.111275118 0.000000
OBJECT 12 4.851587091 46.111264565 0.000000
OBJECT 12 4.851693645 46.111264565 270.000000
OBJECT 12 4.851800199 46.111264565 225.000000
OBJECT 12 4.851947345 46.111261047 0.000000
OBJECT 12 4.852058973 46.111261047 270.000000
OBJECT 12 4.852147768 46.111278636 0.000000
OBJECT 12 4.852289840 46.111262806 0.000000
OBJECT 12 4.852317747 46.111188935 0.000000
OBJECT 12 4.852299988 46.111104510 0.000000
OBJECT 12 4.852317747 46.111009532 0.000000
OBJECT 12 4.852310136 46.110914555 0.000000
OBJECT 12 4.851554110 46.111078127 0.000000
OBJECT 12 4.851401890 46.111095716 270.000000
OBJECT 12 4.851295336 46.111030639 0.000000
OBJECT 12 4.851320706 46.110851237 0.000000
OBJECT 12 4.851103190 46.103177014 0.000000
OBJECT 12 4.851002197 46.103264546 0.000000
OBJECT 12 4.850901205 46.103352077 135.000000
OBJECT 12 4.850964325 46.103115742 0.000000
OBJECT 12 4.850875957 46.103168261 180.000000
OBJECT 12 4.850768652 46.103229533 90.000000
OBJECT 12 4.850686595 46.103325818 0.000000
OBJECT 12 4.850654523 46.104912125 0.000000
OBJECT 12 4.850619637 46.104531704 0.000000
OBJECT 12 4.850625548 46.104596164 0.000000
OBJECT 12 4.850637519 46.104726701 0.000000
OBJECT 11 4.848706913 46.105726088 0.000000
OBJECT 11 4.848694200 46.105546567 0.000000
OBJECT 11 4.849047771 46.105524766 0.000000
OBJECT 11 4.848978337 46.105564155 0.000000
OBJECT 11 4.849350755 46.105266549 0.000000
OBJECT 11 4.848978305 46.107905618 270.000000
OBJECT 11 4.848965680 46.108028162 0.000000
OBJECT 11 4.848870992 46.107984396 45.000000
OBJECT 11 4.848889930 46.108111317 180.000000
OBJECT 11 4.848984617 46.108102564 0.000000
OBJECT 11 4.848971992 46.108198848 0.000000
OBJECT 11 4.848984617 46.108299509 0.000000
OBJECT 11 4.849691615 46.110317106 0.000000
OBJECT 11 4.849733492 46.110151485 0.000000
OBJECT 11 4.849833498 46.109944875 0.000000
OBJECT 11 4.850158739 46.109411157 0.000000
OBJECT 11 4.850221864 46.109240471 0.000000
OBJECT 11 4.850259739 46.109144186 0.000000
OBJECT 11 4.850385989 46.108938488 0.000000
OBJECT 11 4.850455426 46.108846580 0.000000
OBJECT 11 4.850519603 46.108676988 0.000000
OBJECT 11 4.850145843 46.107520422 0.000000
OBJECT 11 4.849956912 46.107589718 0.000000
OBJECT 11 4.849998994 46.107706426 0.000000
OBJECT 11 4.850067378 46.107830429 0.000000
OBJECT 11 4.849972693 46.106842054 0.000000
OBJECT 11 4.849967387 46.106940527 0.000000
OBJECT 11 4.850004208 46.106185569 0.000000
OBJECT 11 4.849949955 46.105491254 0.000000
OBJECT 11 4.849949955 46.105565125 0.000000
OBJECT 11 4.849977859 46.105371652 0.000000
OBJECT 11 4.849820580 46.105378688 0.000000
OBJECT 11 4.849706426 46.105391000 0.000000
OBJECT 11 4.850607704 46.104401581 0.000000
OBJECT 11 4.850595465 46.104268113 0.000000
OBJECT 11 4.850581346 46.104114150 0.000000
OBJECT 11 4.850736326 46.104005031 180.000000
OBJECT 11 4.850562956 46.103913609 0.000000
OBJECT 11 4.850554337 46.103819622 0.000000
OBJECT 11 4.850545861 46.103727194 0.000000
OBJECT 11 4.850537043 46.103631039 0.000000
OBJECT 11 4.850519694 46.103441849 0.000000
OBJECT 11 4.850749010 46.103598738 0.000000
OBJECT 11 4.850776913 46.103690198 270.000000
OBJECT 11 4.850830183 46.103771104 270.000000
OBJECT 11 4.850873307 46.103880153 0.000000
OBJECT 11 4.850939260 46.104015584 165.960007
OBJECT 11 4.850987457 46.104105285 270.000000
OBJECT 11 4.851586764 46.104886037 0.000000
OBJECT 11 4.851529844 46.104818887 0.000000
OBJECT 11 4.851497561 46.104769408 0.000000
OBJECT 11 4.851444889 46.104736422 0.000000
OBJECT 11 4.851371827 46.104673985 0.000000
OBJECT 11 4.851299615 46.104700491 90.000000
OBJECT 11 4.851235049 46.104669862 0.000000
OBJECT 11 4.851281775 46.104639232 0.000000
OBJECT 11 4.851193421 46.104615671 0.000000
OBJECT 11 4.851530345 46.105222358 0.000000
OBJECT 11 4.851542090 46.105314982 0.000000
OBJECT 11 4.851555302 46.105377071 0.000000
OBJECT 11 4.851580259 46.105475802 0.000000
OBJECT 11 4.851602279 46.105559266 0.000000
OBJECT 11 4.851627237 46.105673265 0.000000
OBJECT 11 4.851653661 46.105776068 0.000000
OBJECT 11 4.851690363 46.105876835 0.000000
OBJECT 11 4.851700639 46.105978620 0.000000
OBJECT 11 4.851831472 46.106522387 0.000000
OBJECT 11 4.851921528 46.106547716 0.000000
OBJECT 11 4.852020079 46.106556551 0.000000
OBJECT 11 4.852109285 46.106562441 270.000000
OBJECT 11 4.852180649 46.106566565 0.000000
FILTER -1
OBJECT_DEF lib/airport/Common_Elements/Runway_Markers/Rectangular/White_Red.obj
OBJECT_DEF lib/airport/Common_Elements/Markers/Cones/Square_Black_White.obj
OBJECT_DEF lib/g10/US/suburban/dL-RnchLHGry.obj
OBJECT_DEF lib/g10/US/industrial/light/TinShed10x30Lt.obj
OBJECT_DEF lib/industrial_area/storage_tanks/silo_260_1.obj
OBJECT_DEF lib/g10/US/industrial/light/TinShed10x50.obj
OBJECT_DEF lib/g10/US/industrial/light/Shed13x24.obj
OBJECT_DEF lib/g10/US/industrial/light/SiteOffice6x12.obj
OBJECT_DEF lib/g10/US/industrial/light/SiteOffice3x10.obj
OBJECT_DEF lib/airport/Common_Elements/Parking_Items/Row_of_Cars_6.agp
OBJECT_DEF lib/airport/Common_Elements/Parking_Items/Row_of_Cars_4.agp
OBJECT_DEF lib/g10/forests/autogen_tree3.obj
OBJECT_DEF lib/g10/forests/autogen_tree1.obj
POLYGON_DEF lib/g10/terrain10/apt_tmp_wet.pol
POLYGON_DEF lib/airport/Modern_Airports/Terminal_kit/term_building_Ground_02.fac
POLYGON_DEF lib/airport/Modern_Airports/Terminal_kit/term_building_Ground_01.fac
PROPERTY sim/filter/aptid XLF00BQ
PROPERTY sim/exclude_obj 4.848678/46.103298/4.853313/46.109212
PROPERTY sim/exclude_fac 4.848678/46.103298/4.853313/46.109212
PROPERTY sim/exclude_for 4.848678/46.103298/4.853313/46.109212
PROPERTY sim/require_agpoint 1/0
PROPERTY sim/require_object 1/0
PROPERTY sim/require_facade 1/1
PROPERTY sim/require_facade 6/0
