PROPERTY sim/west -180
PROPERTY sim/east 180
PROPERTY sim/north 90
PROPERTY sim/south -90
PROPERTY sim/planet earth
PROPERTY sim/creation_agent WorldEditor2.1.0r1
PROPERTY laminar/internal_revision 0
PROPERTY sim/overlay 1
FILTER 0
BEGIN_POLYGON 0 255 2
BEGIN_WINDING
POLYGON_POINT 6.468562186 44.078089836
POLYGON_POINT 6.468020977 44.078032468
POLYGON_POINT 6.467852404 44.077904983
POLYGON_POINT 6.467887893 44.077407793
POLYGON_POINT 6.468544441 44.077050835
POLYGON_POINT 6.468890459 44.076438909
POLYGON_POINT 6.469768814 44.076018209
POLYGON_POINT 6.470886719 44.075654877
POLYGON_POINT 6.470975442 44.074520263
POLYGON_POINT 6.471144015 44.074207925
POLYGON_POINT 6.472004625 44.074539385
POLYGON_POINT 6.472661172 44.074520263
POLYGON_POINT 6.473131361 44.073863716
POLYGON_POINT 6.473441881 44.073933833
POLYGON_POINT 6.473024897 44.074564882
POLYGON_POINT 6.472590170 44.075782362
POLYGON_POINT 6.472031235 44.075788736
POLYGON_POINT 6.471898156 44.076113822
POLYGON_POINT 6.471348093 44.076177565
POLYGON_POINT 6.470478639 44.076904228
POLYGON_POINT 6.470877878 44.077101829
POLYGON_POINT 6.470194673 44.077465161
END_WINDING
END_POLYGON
BEGIN_POLYGON 1 0 4
BEGIN_WINDING
POLYGON_POINT 6.476736970 44.076163376 6.476736970 44.076163376
POLYGON_POINT 6.476336782 44.076294390 6.476336782 44.076294390
POLYGON_POINT 6.476393528 44.076356159 6.476393528 44.076356159
POLYGON_POINT 6.476725405 44.077068968 6.476725405 44.077068968
POLYGON_POINT 6.476900802 44.077220918 6.476950670 44.077235742
POLYGON_POINT 6.477012576 44.077235743 6.477012576 44.077235743
POLYGON_POINT 6.477860333 44.077169033 6.477860333 44.077169033
POLYGON_POINT 6.478228324 44.077114676 6.478228324 44.077114676
POLYGON_POINT 6.478763116 44.076996081 6.478763116 44.076996081
POLYGON_POINT 6.479535737 44.076893133 6.479535737 44.076893133
POLYGON_POINT 6.479544478 44.076915808 6.479544478 44.076915808
POLYGON_POINT 6.478771857 44.077018755 6.478771857 44.077018755
POLYGON_POINT 6.478237066 44.077137351 6.478237066 44.077137351
POLYGON_POINT 6.477865635 44.077192942 6.477865635 44.077192942
POLYGON_POINT 6.477014439 44.077259652 6.477014439 44.077259652
POLYGON_POINT 6.476880311 44.077242357 6.476806369 44.077216414
POLYGON_POINT 6.476691157 44.077080524 6.476691157 44.077080524
POLYGON_POINT 6.476359280 44.076367715 6.476359280 44.076367715
POLYGON_POINT 6.476316291 44.076331889 6.476316291 44.076331889
POLYGON_POINT 6.476261227 44.076323614 6.476261227 44.076323614
POLYGON_POINT 6.476193588 44.076341270 6.476193588 44.076341270
POLYGON_POINT 6.472810161 44.077620270 6.472810161 44.077620270
POLYGON_POINT 6.472810161 44.077620270 6.472760292 44.077643742
POLYGON_POINT 6.472689789 44.077701805 6.472689789 44.077701805
POLYGON_POINT 6.472089706 44.078301092 6.472089706 44.078301092
POLYGON_POINT 6.472091496 44.078316799 6.472091496 44.078316799
POLYGON_POINT 6.472762250 44.078574356 6.472762250 44.078574356
POLYGON_POINT 6.473153498 44.078686429 6.473153498 44.078686429
POLYGON_POINT 6.473635952 44.078786803 6.473635952 44.078786803
POLYGON_POINT 6.474282262 44.079018064 6.474282262 44.079018064
POLYGON_POINT 6.476980452 44.080323830 6.476980452 44.080323830
POLYGON_POINT 6.477416368 44.080489675 6.477416368 44.080489675
POLYGON_POINT 6.477807833 44.080660670 6.477807833 44.080660670
POLYGON_POINT 6.478147677 44.080833726 6.478147677 44.080833726
POLYGON_POINT 6.478124967 44.080856292 6.478124967 44.080856292
POLYGON_POINT 6.477785123 44.080683236 6.477785123 44.080683236
POLYGON_POINT 6.477393659 44.080512241 6.477393659 44.080512241
POLYGON_POINT 6.476957742 44.080346396 6.476957742 44.080346396
POLYGON_POINT 6.474259552 44.079040630 6.474259552 44.079040630
POLYGON_POINT 6.473620671 44.078811148 6.473620671 44.078811148
POLYGON_POINT 6.473138218 44.078710774 6.473138218 44.078710774
POLYGON_POINT 6.472746969 44.078598701 6.472746969 44.078598701
POLYGON_POINT 6.472054041 44.078333535 6.472054041 44.078333535
POLYGON_POINT 6.471409725 44.078106359 6.471409725 44.078106359
POLYGON_POINT 6.471416250 44.078081275 6.471416250 44.078081275
POLYGON_POINT 6.472049950 44.078297013 6.472049950 44.078297013
POLYGON_POINT 6.472659631 44.077685320 6.472659631 44.077685320
POLYGON_POINT 6.472789607 44.077595707 6.472856672 44.077561117
POLYGON_POINT 6.472789607 44.077595707 6.472789607 44.077595707
POLYGON_POINT 6.476172194 44.076310530 6.476172194 44.076310530
POLYGON_POINT 6.476727614 44.076136342 6.476727614 44.076136342
END_WINDING
END_POLYGON
BEGIN_POLYGON 2 0 2
BEGIN_WINDING
POLYGON_POINT 6.472049950 44.078297013
POLYGON_POINT 6.471250627 44.078023769
POLYGON_POINT 6.473070773 44.077018521
POLYGON_POINT 6.473933365 44.076332405
POLYGON_POINT 6.474900700 44.075779086
POLYGON_POINT 6.475424417 44.076119931
POLYGON_POINT 6.475726324 44.076487335
POLYGON_POINT 6.472789607 44.077595707
POLYGON_POINT 6.472659631 44.077685320
END_WINDING
END_POLYGON
FILTER -1
FILTER 0
FILTER -1
FILTER 0
FILTER -1
FILTER 0
FILTER -1
FILTER 0
FILTER -1
FILTER 0
OBJECT 0 6.475338194 44.076141816 33.000000
OBJECT 0 6.475474383 44.076294508 33.000000
OBJECT 0 6.472325138 44.077763322 33.000000
OBJECT 0 6.472186615 44.077613190 33.000000
OBJECT 1 6.474709127 44.076435752 33.000000
OBJECT 1 6.474844464 44.076587314 33.000000
OBJECT 1 6.472818374 44.077317955 33.000000
OBJECT 1 6.472953713 44.077469517 33.000000
OBJECT 1 6.473583635 44.077176402 33.000000
OBJECT 1 6.473448297 44.077024126 33.000000
OBJECT 1 6.474079211 44.076730297 33.000000
OBJECT 1 6.474214549 44.076881858 33.000000
OBJECT 2 6.475053035 44.074828950 0.000000
OBJECT 2 6.475145454 44.074803128 0.000000
OBJECT 2 6.475355965 44.074733041 0.000000
OBJECT 2 6.478965448 44.075419157 0.000000
OBJECT 2 6.479047598 44.075529821 0.000000
OBJECT 2 6.479016792 44.074847394 225.000000
OBJECT 2 6.478944910 44.074769929 0.000000
OBJECT 2 6.478898701 44.074799439 0.000000
OBJECT 2 6.478590637 44.074718286 0.000000
OBJECT 2 6.478477688 44.075769593 0.000000
OBJECT 2 6.478159353 44.075847057 0.000000
OBJECT 3 6.477887646 44.075350505 0.000000
OBJECT 4 6.476846492 44.075496519 0.000000
OBJECT 2 6.476246247 44.075344635 0.000000
OBJECT 4 6.473779347 44.075866940 0.000000
OBJECT 4 6.473725863 44.075900242 0.000000
OBJECT 4 6.473668813 44.075923297 0.000000
OBJECT 4 6.473601066 44.075954037 90.000000
OBJECT 4 6.473547582 44.075984776 180.000000
OBJECT 4 6.473490532 44.076015516 0.000000
OBJECT 4 6.471850337 44.076589329 270.000000
OBJECT 4 6.472920032 44.076791700 0.000000
OBJECT 4 6.471593810 44.077810156 0.000000
OBJECT 4 6.471536758 44.077858828 180.000000
OBJECT 4 6.471461878 44.077894691 180.000000
OBJECT 2 6.471358473 44.077448962 270.000000
OBJECT 2 6.471247936 44.077610347 0.000000
OBJECT 2 6.471165924 44.077587292 0.000000
OBJECT 2 6.471187318 44.077653895 0.000000
OBJECT 2 6.471073216 44.077620593 90.000000
OBJECT 2 6.471098176 44.077684635 270.000000
OBJECT 2 6.470994770 44.077648772 0.000000
OBJECT 2 6.470998336 44.077702567 135.000000
OBJECT 2 6.470902062 44.077717937 0.000000
FILTER -1
OBJECT_DEF lib/airport/Common_Elements/Runway_Markers/Rectangular/White_Red.obj
OBJECT_DEF lib/airport/Common_Elements/Markers/Cones/Square_Black_White.obj
OBJECT_DEF lib/g10/forests/autogen_tree3.obj
OBJECT_DEF lib/g10/forests/autogen_tree4.obj
OBJECT_DEF lib/g10/forests/autogen_tree1.obj
POLYGON_DEF lib/g8/broad_tmp_sdry.for
POLYGON_DEF lib/airport/pavement/asphalt_3L.pol
POLYGON_DEF lib/g10/terrain10/apt_tmp_wet.pol
PROPERTY sim/filter/aptid XLF00A3
PROPERTY sim/require_agpoint 1/0
PROPERTY sim/require_object 1/0
PROPERTY sim/require_facade 6/0
