PROPERTY sim/west -180
PROPERTY sim/east 180
PROPERTY sim/north 90
PROPERTY sim/south -90
PROPERTY sim/planet earth
PROPERTY sim/creation_agent WorldEditor2.0.0r4
PROPERTY laminar/internal_revision 0
PROPERTY sim/overlay 1
FILTER 0
BEGIN_POLYGON 0 0 4
BEGIN_WINDING
POLYGON_POINT 4.705943924 48.569279389 4.705943924 48.569279389
POLYGON_POINT 4.705523915 48.569730961 4.705523915 48.569730961
POLYGON_POINT 4.705429518 48.569751004 4.705429518 48.569751004
POLYGON_POINT 4.704816601 48.569561209 4.704816601 48.569561209
POLYGON_POINT 4.704525751 48.569527268 4.704525751 48.569527268
POLYGON_POINT 4.704158797 48.569441669 4.704158797 48.569441669
POLYGON_POINT 4.704146809 48.569477286 4.704146809 48.569477286
POLYGON_POINT 4.704560402 48.569660712 4.704560402 48.569660712
POLYGON_POINT 4.705047505 48.570094247 4.705047505 48.570094247
POLYGON_POINT 4.704940872 48.570390960 4.704940872 48.570390960
POLYGON_POINT 4.704561223 48.570580756 4.704561223 48.570580756
POLYGON_POINT 4.704324109 48.570784676 4.704324109 48.570784676
POLYGON_POINT 4.702762682 48.570342623 4.702762682 48.570342623
POLYGON_POINT 4.702326551 48.570037379 4.702326551 48.570037379
POLYGON_POINT 4.702777090 48.569637770 4.702777090 48.569637770
POLYGON_POINT 4.703478851 48.569289854 4.703478851 48.569289854
POLYGON_POINT 4.703431821 48.568896434 4.703431821 48.568896434
POLYGON_POINT 4.704054222 48.567988217 4.704054222 48.567988217
POLYGON_POINT 4.704277748 48.568087834 4.704277748 48.568087834
POLYGON_POINT 4.704458976 48.568350435 4.704458976 48.568350435
POLYGON_POINT 4.704857089 48.568486299 4.704857089 48.568486299
POLYGON_POINT 4.705399937 48.568757980 4.705399937 48.568757980
POLYGON_POINT 4.705669080 48.568978344 4.705669080 48.568978344
POLYGON_POINT 4.705874359 48.569005512 4.705874359 48.569005512
POLYGON_POINT 4.706595189 48.569224296 4.706595189 48.569224296
POLYGON_POINT 4.706520440 48.569379671 4.706520440 48.569379671
END_WINDING
BEGIN_WINDING
POLYGON_POINT 4.704170602 48.569104894 4.704170602 48.569104894
POLYGON_POINT 4.704326798 48.568845767 4.704326798 48.568845767
POLYGON_POINT 4.704159602 48.568593269 4.703850020 48.568539574
POLYGON_POINT 4.703759210 48.568685633 4.703759210 48.568685633
POLYGON_POINT 4.703603014 48.568947671 4.703603014 48.568947671
END_WINDING
END_POLYGON
FILTER -1
FILTER 0
FILTER -1
FILTER 0
FILTER -1
FILTER 0
FILTER -1
FILTER 0
FILTER -1
FILTER 0
OBJECT 0 4.727826379 48.564226185 225.000000
OBJECT 0 4.731033935 48.565209699 0.000000
OBJECT 0 4.731271130 48.567413446 0.000000
OBJECT 0 4.728506283 48.568653423 0.000000
OBJECT 0 4.725425482 48.567701170 0.000000
OBJECT 0 4.725164871 48.565537770 0.000000
OBJECT 0 4.724766758 48.566723383 0.000000
OBJECT 0 4.726108870 48.564640614 0.000000
OBJECT 0 4.729490832 48.564364722 0.000000
OBJECT 0 4.731540856 48.566163567 0.000000
OBJECT 0 4.730238006 48.568263727 270.000000
OBJECT 0 4.726836407 48.568528867 44.990002
BEGIN_POLYGON 1 1 3
BEGIN_WINDING
POLYGON_POINT 4.706595189 48.569224296 0.000000000
POLYGON_POINT 4.706032306 48.569048553 0.000000000
POLYGON_POINT 4.706031792 48.569039484 2.000000000
POLYGON_POINT 4.706610901 48.569219958 2.000000000
POLYGON_POINT 4.706524558 48.569388273 2.000000000
POLYGON_POINT 4.705948314 48.569291520 2.000000000
POLYGON_POINT 4.705531393 48.569735660 2.000000000
POLYGON_POINT 4.705428183 48.569758426 2.000000000
POLYGON_POINT 4.704607858 48.569518532 0.000000000
POLYGON_POINT 4.704613988 48.569510831 0.000000000
POLYGON_POINT 4.705429518 48.569751004 0.000000000
POLYGON_POINT 4.705523915 48.569730961 0.000000000
POLYGON_POINT 4.705943924 48.569279389 0.000000000
POLYGON_POINT 4.706520440 48.569379671 0.000000000
END_WINDING
END_POLYGON
BEGIN_POLYGON 2 0 3
BEGIN_WINDING
POLYGON_POINT 4.705887654 48.569450298 2.000000000
POLYGON_POINT 4.706449339 48.569727624 0.000000000
POLYGON_POINT 4.706428842 48.569745801 0.000000000
POLYGON_POINT 4.705867157 48.569468475 0.000000000
END_WINDING
END_POLYGON
OBJECT 1 4.705953182 48.569497064 233.080002
OBJECT 1 4.705713950 48.569772980 242.580002
BEGIN_POLYGON 2 0 3
BEGIN_WINDING
POLYGON_POINT 4.705639937 48.569734295 2.000000000
POLYGON_POINT 4.706141132 48.569910602 0.000000000
POLYGON_POINT 4.706124770 48.569930969 0.000000000
POLYGON_POINT 4.705623574 48.569754662 0.000000000
END_WINDING
END_POLYGON
OBJECT 2 4.706051146 48.571325065 0.000000
OBJECT 2 4.707299776 48.571805797 0.000000
OBJECT 2 4.708355435 48.572031140 0.000000
OBJECT 2 4.708991101 48.571347599 0.000000
OBJECT 2 4.709547309 48.570634012 270.000000
OBJECT 2 4.708446245 48.570085677 0.000000
OBJECT 3 4.706720685 48.569430883 0.000000
OBJECT 3 4.707107597 48.569574764 0.000000
OBJECT_MSL 4 4.705009193 48.569081143 175.000000000 44.999409
OBJECT 5 4.702959678 48.569385936 304.989990
OBJECT 6 4.703222479 48.569257485 306.330017
OBJECT 7 4.704171790 48.568794939 338.959991
OBJECT 8 4.704137471 48.568948668 67.669998
OBJECT 9 4.702878861 48.569356206 0.000000
OBJECT 9 4.702977700 48.569320988 180.000000
OBJECT 9 4.703049929 48.569303380 206.559998
OBJECT 9 4.703122158 48.569260615 180.000000
OBJECT 9 4.703270416 48.569225397 0.000000
OBJECT 9 4.705304219 48.569424127 0.000000
OBJECT 9 4.705250998 48.569487016 0.000000
OBJECT 9 4.705254799 48.569411549 0.000000
OBJECT 9 4.705349837 48.569436704 0.000000
OBJECT 9 4.706041709 48.569021636 0.000000
OBJECT 9 4.706265998 48.569092072 0.000000
OBJECT 9 4.706589125 48.569210304 0.000000
OBJECT 9 4.706513095 48.569401487 0.000000
OBJECT 10 4.704695991 48.568035534 90.000000
OBJECT 10 4.704798630 48.568095908 243.429993
OBJECT 10 4.704467904 48.567507266 0.000000
OBJECT 10 4.704285434 48.567816680 0.000000
OBJECT 10 4.704445095 48.567819196 90.000000
OBJECT 10 4.704456500 48.567957552 0.000000
OBJECT 10 4.704764417 48.567846867 0.000000
OBJECT 10 4.704631366 48.567778947 0.000000
OBJECT 10 4.704775821 48.567723604 0.000000
OBJECT 10 4.704981099 48.568010379 270.000000
OBJECT 10 4.705038121 48.568116033 270.000000
OBJECT 10 4.704920276 48.568178922 0.000000
OBJECT 10 4.704817637 48.568302184 180.000000
OBJECT 10 4.705053327 48.568329856 0.000000
OBJECT 10 4.705000107 48.568493367 135.000000
OBJECT 10 4.705163569 48.568478274 0.000000
OBJECT 10 4.705292818 48.568588959 0.000000
OBJECT 10 4.705315627 48.568654364 0.000000
OBJECT 10 4.705528508 48.568712222 0.000000
OBJECT 11 4.705695772 48.568926045 0.000000
OBJECT 11 4.705422068 48.568687066 0.000000
OBJECT 11 4.705239598 48.568523554 270.000000
OBJECT 11 4.704817637 48.568405323 0.000000
OBJECT 11 4.704623763 48.568297153 0.000000
OBJECT 11 4.704258824 48.567929881 0.000000
OBJECT 10 4.704015523 48.568355011 270.000000
OBJECT 10 4.703692395 48.568692097 0.000000
OBJECT 10 4.703745616 48.569159992 0.000000
OBJECT 9 4.703817845 48.569157477 0.000000
OBJECT 9 4.703893875 48.569190179 270.000000
OBJECT 9 4.703939493 48.568807813 0.000000
OBJECT 10 4.704509719 48.568883280 0.000000
OBJECT 10 4.703563143 48.570188859 0.000000
OBJECT 10 4.703255220 48.570138547 0.000000
OBJECT 10 4.703042335 48.570136032 116.570000
OBJECT 10 4.702742016 48.570103329 90.000000
OBJECT 9 4.702559543 48.570060565 90.000000
OBJECT 9 4.702844656 48.570108360 0.000000
OBJECT 9 4.703137373 48.570136032 270.000000
OBJECT 9 4.703449098 48.570178796 0.000000
OBJECT 9 4.702597558 48.569922209 0.000000
OBJECT 9 4.702684993 48.569854288 0.000000
OBJECT 9 4.703494716 48.569743603 0.000000
OBJECT 9 4.703395876 48.569959942 0.000000
OBJECT 10 4.703281831 48.570012769 0.000000
OBJECT 10 4.703023328 48.569778821 0.000000
OBJECT 10 4.703049938 48.569688261 0.000000
OBJECT 10 4.703175388 48.569695808 0.000000
OBJECT 10 4.703395876 48.569580092 0.000000
OBJECT 10 4.703589754 48.569424127 0.000000
OBJECT 10 4.703810242 48.569871897 0.000000
OBJECT 10 4.703882470 48.569942333 0.000000
OBJECT 11 4.703783631 48.570040440 0.000000
OBJECT 11 4.703852058 48.569786368 90.000000
OBJECT 11 4.703893875 48.569635434 0.000000
OBJECT 11 4.703441495 48.569494563 0.000000
OBJECT 10 4.704889880 48.570694487 270.000000
OBJECT 10 4.704802445 48.570777501 0.000000
OBJECT 10 4.704787238 48.570659269 0.000000
OBJECT 10 4.704600962 48.570586318 308.660004
OBJECT 10 4.704734017 48.570523429 0.000000
OBJECT 10 4.704908888 48.570359917 0.000000
OBJECT 10 4.704844262 48.570307090 0.000000
OBJECT 10 4.704901900 48.570249151 0.000000
OBJECT 10 4.704952500 48.570189464 0.000000
OBJECT 10 4.704950300 48.570100662 0.000000
OBJECT 10 4.704849101 48.570040976 90.000000
OBJECT 10 4.704772102 48.569968188 0.000000
OBJECT 10 4.704690702 48.569904134 0.000000
OBJECT 10 4.704598303 48.569851726 0.000000
OBJECT 10 4.704488304 48.569796407 0.000000
OBJECT 10 4.704400305 48.569735265 0.000000
OBJECT 10 4.704683484 48.569534194 0.000000
OBJECT 10 4.704762682 48.569559350 0.000000
OBJECT 10 4.704325506 48.569687225 0.000000
BEGIN_POLYGON 3 10 3
BEGIN_WINDING
POLYGON_POINT 4.704578269 48.569199246 0.000000000
POLYGON_POINT 4.704690305 48.569233787 0.000000000
POLYGON_POINT 4.704756508 48.569308766 0.000000000
POLYGON_POINT 4.704755235 48.569377005 0.000000000
POLYGON_POINT 4.704704310 48.569451983 0.000000000
END_WINDING
END_POLYGON
BEGIN_POLYGON 3 10 3
BEGIN_WINDING
POLYGON_POINT 4.704190974 48.569095489 0.000000000
POLYGON_POINT 4.704580631 48.569200305 0.000000000
END_WINDING
END_POLYGON
BEGIN_POLYGON 4 10 3
BEGIN_WINDING
POLYGON_POINT 4.705350751 48.569727634 0.000000000
POLYGON_POINT 4.704378172 48.569439921 0.000000000
END_WINDING
END_POLYGON
BEGIN_POLYGON 3 10 3
BEGIN_WINDING
POLYGON_POINT 4.703547759 48.569301621 0.000000000
POLYGON_POINT 4.702811392 48.569655284 0.000000000
END_WINDING
END_POLYGON
BEGIN_POLYGON 4 10 3
BEGIN_WINDING
POLYGON_POINT 4.703893778 48.569428184 0.000000000
POLYGON_POINT 4.703545304 48.569302406 0.000000000
END_WINDING
END_POLYGON
FILTER -1
OBJECT_DEF lib/airport/landscape/buoy.obj
OBJECT_DEF lib/constructions/piers/ramp_1_100cm.obj
OBJECT_DEF lib/airport/Common_Elements/Markers/Cones/Square_Yellow.obj
OBJECT_DEF lib/airport/Common_Elements/Markers/Cones/Square_Red_White_1.obj
OBJECT_DEF lib/airport/balloons/balloon4.obj
OBJECT_DEF lib/airport/Common_Elements/Parking_Items/Row_of_Cars_10.agp
OBJECT_DEF lib/airport/Common_Elements/Parking_Items/Row_of_Cars_6.agp
OBJECT_DEF lib/g10/EU/suburban/hRow1_L6.obj
OBJECT_DEF lib/g10/EU/suburban/hApt1_9x12.obj
OBJECT_DEF lib/g10/forests/autogen_tree1.obj
OBJECT_DEF lib/g10/forests/autogen_tree3.obj
OBJECT_DEF lib/g10/forests/autogen_tree4.obj
POLYGON_DEF lib/g10/terrain10/any_tmp_wet_grass.pol
POLYGON_DEF lib/constructions/piers/embankment_01.fac
POLYGON_DEF lib/constructions/piers/pier_wooden_01.fac
POLYGON_DEF lib/constructions/fencing/fence_HedgeSmall_02.fac
POLYGON_DEF lib/constructions/fencing/fence_Hedge_04.fac
PROPERTY sim/filter/aptid XLF000Y
PROPERTY sim/exclude_obj 4.703402/48.568619/4.706838/48.569912
PROPERTY sim/exclude_fac 4.703402/48.568619/4.706838/48.569912
PROPERTY sim/exclude_net 4.703402/48.568619/4.706838/48.569912
PROPERTY sim/require_agpoint 1/0
PROPERTY sim/require_object 1/0
PROPERTY sim/require_facade 1/1
PROPERTY sim/require_facade 6/0
