PROPERTY sim/west -180
PROPERTY sim/east 180
PROPERTY sim/north 90
PROPERTY sim/south -90
PROPERTY sim/planet earth
PROPERTY sim/creation_agent WorldEditor2.1.0r1
PROPERTY laminar/internal_revision 0
PROPERTY sim/overlay 1
FILTER 0
BEGIN_POLYGON 0 0 4
BEGIN_WINDING
POLYGON_POINT 2.348666008 48.386152631 2.348666008 48.386152631
POLYGON_POINT 2.348772718 48.386506871 2.348772718 48.386506871
POLYGON_POINT 2.349039286 48.387257211 2.349039286 48.387257211
POLYGON_POINT 2.349071788 48.387529505 2.349066579 48.387658642
POLYGON_POINT 2.348959282 48.388006019 2.348959282 48.388006019
POLYGON_POINT 2.348791770 48.388343066 2.348791770 48.388343066
POLYGON_POINT 2.348622110 48.388588788 2.348622110 48.388588788
POLYGON_POINT 2.347966872 48.389318229 2.347966872 48.389318229
POLYGON_POINT 2.347519782 48.389611284 2.347519782 48.389611284
POLYGON_POINT 2.347201141 48.390124372 2.347201141 48.390124372
POLYGON_POINT 2.346738591 48.390991064 2.346738591 48.390991064
POLYGON_POINT 2.345660458 48.392239233 2.345660458 48.392239233
POLYGON_POINT 2.344248774 48.393682797 2.344248774 48.393682797
POLYGON_POINT 2.344243653 48.393721467 2.344243653 48.393721467
POLYGON_POINT 2.344273037 48.393770607 2.344273037 48.393770607
POLYGON_POINT 2.344087783 48.393750435 2.344087783 48.393750435
POLYGON_POINT 2.344176163 48.393711106 2.344176163 48.393711106
POLYGON_POINT 2.344188913 48.393670643 2.344188913 48.393670643
POLYGON_POINT 2.345604070 48.392221314 2.345604070 48.392221314
POLYGON_POINT 2.346682203 48.390973145 2.346682203 48.390973145
POLYGON_POINT 2.347139753 48.390111434 2.347139753 48.390111434
POLYGON_POINT 2.347460894 48.389593366 2.347460894 48.389593366
POLYGON_POINT 2.347923900 48.389277250 2.347923900 48.389277250
POLYGON_POINT 2.348563152 48.388568605 2.348563152 48.388568605
POLYGON_POINT 2.348732456 48.388325784 2.348732456 48.388325784
POLYGON_POINT 2.348897468 48.387993718 2.348897468 48.387993718
POLYGON_POINT 2.349012474 48.387525505 2.349012474 48.387358319
POLYGON_POINT 2.348979972 48.387263173 2.348979972 48.387263173
POLYGON_POINT 2.348710864 48.386511413 2.348710864 48.386511413
POLYGON_POINT 2.348612282 48.386169563 2.348612282 48.386169563
END_WINDING
END_POLYGON
BEGIN_POLYGON 1 0 2
BEGIN_WINDING
POLYGON_POINT 2.349215386 48.389830687
POLYGON_POINT 2.347546610 48.389620194
POLYGON_POINT 2.347966872 48.389318229
POLYGON_POINT 2.348655351 48.388597277
POLYGON_POINT 2.349027023 48.387968100
POLYGON_POINT 2.349121200 48.387386831
POLYGON_POINT 2.348779952 48.386503989
POLYGON_POINT 2.348665273 48.386149283
POLYGON_POINT 2.350729143 48.386504885
POLYGON_POINT 2.350711929 48.388200493
POLYGON_POINT 2.350913253 48.388579781
POLYGON_POINT 2.349697530 48.388547648
END_WINDING
END_POLYGON
FILTER -1
FILTER 0
FILTER -1
FILTER 0
FILTER -1
FILTER 0
FILTER -1
FILTER 0
FILTER -1
FILTER 0
OBJECT 0 2.349815088 48.387072055 90.000000
OBJECT 0 2.350469109 48.387183629 90.000000
OBJECT 0 2.349890091 48.386860861 90.000000
OBJECT 0 2.350545945 48.386978884 0.000000
OBJECT 0 2.350257947 48.387755918 0.000000
OBJECT 0 2.349591913 48.387658291 0.000000
OBJECT 0 2.349453904 48.388036846 0.000000
OBJECT 0 2.350102533 48.388145859 0.000000
OBJECT 1 2.349963877 48.388515516 76.000000
OBJECT 1 2.350621980 48.386770318 76.000000
OBJECT 1 2.349966956 48.386657416 76.000000
OBJECT 1 2.349306925 48.388405742 76.000000
OBJECT 2 2.349310201 48.386408849 268.390015
OBJECT 2 2.348897144 48.386401435 88.389999
OBJECT 3 2.348889933 48.386217999 255.619995
OBJECT 4 2.350897609 48.388686657 0.000000
OBJECT 4 2.350854062 48.388839520 0.000000
OBJECT 4 2.350804294 48.389000646 90.000000
OBJECT 4 2.350754525 48.389157640 0.000000
OBJECT 4 2.350710978 48.389240269 0.000000
OBJECT 4 2.350704757 48.389343554 180.000000
OBJECT 4 2.350648768 48.389442709 0.000000
OBJECT 4 2.350617663 48.389541863 180.000000
OBJECT 4 2.350586557 48.389641017 0.000000
OBJECT 4 2.350536789 48.389744303 0.000000
OBJECT 4 2.350524347 48.389818669 0.000000
OBJECT 4 2.350493242 48.389926086 0.000000
OBJECT 4 2.350455915 48.389996320 0.000000
OBJECT 4 2.348490067 48.388537925 0.000000
OBJECT 4 2.348284772 48.388484217 0.000000
OBJECT 4 2.348452740 48.388480085 180.000000
OBJECT 4 2.348334541 48.388434640 0.000000
OBJECT 4 2.348210120 48.388401588 0.000000
OBJECT 4 2.348067036 48.388368537 90.000000
OBJECT 4 2.347637784 48.388298303 0.000000
OBJECT 4 2.347538247 48.388261120 0.000000
OBJECT 4 2.347370279 48.388215674 0.000000
OBJECT 4 2.347208532 48.388157834 0.000000
OBJECT 4 2.347077890 48.388124782 0.000000
OBJECT 4 2.346922364 48.388075205 0.000000
OBJECT 4 2.346810385 48.388038022 0.000000
OBJECT 4 2.346642417 48.387984314 90.000000
OBJECT 4 2.346511776 48.387943000 0.000000
OBJECT 4 2.346381134 48.387909948 0.000000
OBJECT 4 2.346244271 48.387868634 90.000000
OBJECT 4 2.346082524 48.387823188 0.000000
OBJECT 4 2.345914556 48.387777742 0.000000
OBJECT 4 2.345771472 48.387724034 0.000000
OBJECT 4 2.345541293 48.387666194 45.000000
OBJECT 4 2.345391988 48.387649668 0.000000
OBJECT 4 2.345317336 48.387707508 0.000000
OBJECT 5 2.348203899 48.388562714 0.000000
OBJECT 5 2.348303435 48.388587503 0.000000
OBJECT 5 2.348440298 48.388604028 0.000000
OBJECT 5 2.348346983 48.388670131 0.000000
OBJECT 5 2.348235004 48.388657737 0.000000
OBJECT 5 2.348116804 48.388599897 0.000000
OBJECT 5 2.348166572 48.388484217 0.000000
OBJECT 5 2.348023488 48.388447034 0.000000
OBJECT 5 2.348042152 48.388521400 0.000000
OBJECT 5 2.347992383 48.388616423 0.000000
OBJECT 5 2.347923952 48.388537925 0.000000
OBJECT 5 2.347880405 48.388463560 90.000000
OBJECT 5 2.347805752 48.388542057 0.000000
OBJECT 5 2.347749763 48.388467691 0.000000
OBJECT 5 2.347681331 48.388385063 0.000000
OBJECT 5 2.347631563 48.388504874 0.000000
OBJECT 5 2.347556910 48.388434640 0.000000
OBJECT 5 2.347469816 48.388467691 0.000000
OBJECT 5 2.347513363 48.388343748 0.000000
OBJECT 5 2.347370279 48.388413983 0.000000
OBJECT 5 2.347388942 48.388310697 0.000000
OBJECT 5 2.347239637 48.388360274 0.000000
OBJECT 5 2.347245858 48.388261120 0.000000
OBJECT 5 2.347102774 48.388298303 0.000000
OBJECT 5 2.347090332 48.388215674 0.000000
OBJECT 5 2.346972133 48.388252857 0.000000
OBJECT 5 2.346891259 48.388170228 0.000000
OBJECT 5 2.346754396 48.388236331 90.000000
OBJECT 5 2.346773059 48.388141308 0.000000
OBJECT 5 2.346661080 48.388170228 0.000000
OBJECT 5 2.346629975 48.388087600 0.000000
OBJECT 5 2.346530439 48.388141308 0.000000
OBJECT 5 2.346480670 48.388042154 0.000000
OBJECT 5 2.346387355 48.388075205 0.000000
OBJECT 5 2.346331365 48.388000840 0.000000
OBJECT 5 2.346225608 48.388038022 0.000000
OBJECT 5 2.346157176 48.387951262 0.000000
OBJECT 5 2.346032755 48.387976051 90.000000
OBJECT 5 2.345976766 48.387893422 0.000000
OBJECT 5 2.345864787 48.387922342 0.000000
OBJECT 5 2.345815019 48.387835582 0.000000
OBJECT 5 2.345696819 48.387872765 0.000000
OBJECT 5 2.345647051 48.387790137 0.000000
OBJECT 5 2.345503967 48.387819057 90.000000
OBJECT 5 2.345441756 48.387728165 0.000000
OBJECT 5 2.345354662 48.387773611 0.000000
OBJECT 5 2.349260790 48.386326095 0.000000
OBJECT 5 2.349009045 48.386494242 0.000000
OBJECT 5 2.349686865 48.386537925 0.000000
OBJECT 5 2.349576862 48.386581094 0.000000
OBJECT 5 2.349499360 48.386655809 0.000000
OBJECT 4 2.349655588 48.386357630 0.000000
OBJECT 4 2.349787591 48.386397477 0.000000
OBJECT 4 2.349916595 48.386425371 270.000000
OBJECT 4 2.349045321 48.386320032 0.000000
OBJECT 4 2.349135023 48.386493944 0.000000
OBJECT 4 2.350030598 48.386435333 0.000000
OBJECT 4 2.349757591 48.386515029 0.000000
OBJECT 4 2.349625587 48.386528976 0.000000
OBJECT 4 2.349733590 48.386592732 0.000000
OBJECT 4 2.349625587 48.386610664 0.000000
OBJECT 4 2.349514584 48.386572808 0.000000
OBJECT 4 2.349427582 48.386622618 0.000000
OBJECT 4 2.349562586 48.386670436 0.000000
OBJECT 4 2.349454583 48.386702314 270.000000
OBJECT 4 2.349553585 48.386742162 0.000000
OBJECT 4 2.349481583 48.386805918 0.000000
OBJECT 4 2.349517584 48.386885614 0.000000
OBJECT 4 2.349517584 48.386947378 0.000000
FILTER -1
OBJECT_DEF lib/airport/Common_Elements/Markers/Cones/Square_Red_White.obj
OBJECT_DEF lib/airport/Common_Elements/Runway_Markers/Rectangular/White_Red.obj
OBJECT_DEF lib/g10/US/industrial/light/Shed13x24.obj
OBJECT_DEF lib/airport/Common_Elements/Parking_Items/Row_of_Cars_4.agp
OBJECT_DEF lib/g10/forests/autogen_tree1.obj
OBJECT_DEF lib/g10/forests/autogen_tree3.obj
POLYGON_DEF lib/airport/pavement/asphalt_3L.pol
POLYGON_DEF lib/g10/terrain10/apt_tmp_wet.pol
PROPERTY sim/filter/aptid XLF0055
PROPERTY sim/exclude_obj 2.340836/48.381897/2.356883/48.394403
PROPERTY sim/exclude_fac 2.340836/48.381897/2.356883/48.394403
PROPERTY sim/exclude_for 2.340836/48.381897/2.356883/48.394403
PROPERTY sim/require_agpoint 1/0
PROPERTY sim/require_object 1/0
PROPERTY sim/require_facade 6/0
