PROPERTY sim/west -180
PROPERTY sim/east 180
PROPERTY sim/north 90
PROPERTY sim/south -90
PROPERTY sim/planet earth
PROPERTY sim/creation_agent WorldEditor2.1.0r1
PROPERTY laminar/internal_revision 0
PROPERTY sim/overlay 1
FILTER 0
BEGIN_POLYGON 0 0 2
BEGIN_WINDING
POLYGON_POINT 2.232939460 47.814916655
POLYGON_POINT 2.232724189 47.814778242
POLYGON_POINT 2.232408154 47.814707498
POLYGON_POINT 2.232252426 47.814609071
POLYGON_POINT 2.232192883 47.814476809
POLYGON_POINT 2.232252426 47.814390686
POLYGON_POINT 2.232403573 47.814421444
POLYGON_POINT 2.232481437 47.814329169
POLYGON_POINT 2.232316549 47.814252273
POLYGON_POINT 2.232115019 47.814307638
POLYGON_POINT 2.231918069 47.814209211
POLYGON_POINT 2.231954711 47.814067722
POLYGON_POINT 2.232169982 47.813886247
POLYGON_POINT 2.232334870 47.813886247
POLYGON_POINT 2.232650906 47.814012357
POLYGON_POINT 2.232985263 47.814080025
POLYGON_POINT 2.233168472 47.814193832
POLYGON_POINT 2.233200533 47.814295334
POLYGON_POINT 2.232994423 47.814363003
POLYGON_POINT 2.232875337 47.814353776
POLYGON_POINT 2.232783732 47.814402989
POLYGON_POINT 2.232788313 47.814504492
POLYGON_POINT 2.232921139 47.814516795
POLYGON_POINT 2.233081447 47.814458354
POLYGON_POINT 2.233173052 47.814399913
POLYGON_POINT 2.233342520 47.814390686
POLYGON_POINT 2.233415804 47.814482961
POLYGON_POINT 2.233429545 47.814698270
POLYGON_POINT 2.233150151 47.814836683
POLYGON_POINT 2.233040225 47.814913579
END_WINDING
END_POLYGON
BEGIN_POLYGON 1 0 4
BEGIN_WINDING
POLYGON_POINT 2.233510377 47.812957937 2.233510377 47.812957937
POLYGON_POINT 2.233522313 47.813028359 2.233517198 47.813068437
POLYGON_POINT 2.233476275 47.813094773 2.233476275 47.813094773
POLYGON_POINT 2.233210277 47.813318635 2.233210277 47.813318635
POLYGON_POINT 2.233164886 47.813430985 2.233168296 47.813473353
POLYGON_POINT 2.233255365 47.813532835 2.233255365 47.813532835
POLYGON_POINT 2.233744477 47.813777204 2.233804879 47.813775225
POLYGON_POINT 2.233744477 47.813777204 2.233744477 47.813777204
POLYGON_POINT 2.233844734 47.813775030 2.233844734 47.813775030
POLYGON_POINT 2.234078888 47.813703268 2.234078888 47.813703268
POLYGON_POINT 2.234235419 47.813633876 2.234235419 47.813633876
POLYGON_POINT 2.234581220 47.813510208 2.234581220 47.813510208
POLYGON_POINT 2.234830476 47.813402460 2.234830476 47.813402460
POLYGON_POINT 2.234920702 47.813378856 2.234972211 47.813374880
POLYGON_POINT 2.235020623 47.813412397 2.235020623 47.813412397
POLYGON_POINT 2.234990772 47.813425568 2.234990772 47.813425568
POLYGON_POINT 2.234923943 47.813405692 2.234885459 47.813408078
POLYGON_POINT 2.234846651 47.813420297 2.234846651 47.813420297
POLYGON_POINT 2.234593842 47.813527648 2.234593842 47.813527648
POLYGON_POINT 2.234248042 47.813651316 2.234248042 47.813651316
POLYGON_POINT 2.234095603 47.813719334 2.234095603 47.813719334
POLYGON_POINT 2.233884220 47.813793283 2.233884220 47.813793283
POLYGON_POINT 2.233886446 47.813817740 2.233886446 47.813817740
POLYGON_POINT 2.234149840 47.813844276 2.234149840 47.813844276
POLYGON_POINT 2.234327931 47.813843720 2.234327931 47.813843720
POLYGON_POINT 2.234520944 47.813813702 2.234520944 47.813813702
POLYGON_POINT 2.234762533 47.813738941 2.234762533 47.813738941
POLYGON_POINT 2.234832007 47.813833525 2.234832007 47.813833525
POLYGON_POINT 2.235130666 47.813733524 2.235130666 47.813733524
POLYGON_POINT 2.235184714 47.813622368 2.235125785 47.813559050
POLYGON_POINT 2.235184714 47.813622368 2.235184714 47.813622368
POLYGON_POINT 2.234990772 47.813425568 2.234990772 47.813425568
POLYGON_POINT 2.235020623 47.813412397 2.235020623 47.813412397
POLYGON_POINT 2.235218673 47.813607354 2.235218673 47.813607354
POLYGON_POINT 2.235218673 47.813607354 2.235295281 47.813690459
POLYGON_POINT 2.235272912 47.813765636 2.235272912 47.813765636
POLYGON_POINT 2.235294262 47.813886044 2.235294262 47.813886044
POLYGON_POINT 2.235314887 47.813985968 2.235314887 47.813985968
POLYGON_POINT 2.235285422 47.814168007 2.235285422 47.814168007
POLYGON_POINT 2.235164061 47.814279354 2.235063798 47.814299278
POLYGON_POINT 2.235164061 47.814279354 2.235164061 47.814279354
POLYGON_POINT 2.234745447 47.814365807 2.234693269 47.814384357
POLYGON_POINT 2.234539976 47.814436802 2.234539976 47.814436802
POLYGON_POINT 2.234429141 47.814466001 2.234429141 47.814466001
POLYGON_POINT 2.234209176 47.814464283 2.234039343 47.814453290
POLYGON_POINT 2.233997621 47.814355875 2.233997621 47.814355875
POLYGON_POINT 2.233914069 47.814109683 2.233914069 47.814109683
POLYGON_POINT 2.233950651 47.814101736 2.233950651 47.814101736
POLYGON_POINT 2.234035908 47.814351363 2.234035908 47.814351363
POLYGON_POINT 2.234207368 47.814442727 2.234308654 47.814449597
POLYGON_POINT 2.234427332 47.814445017 2.234427332 47.814445017
POLYGON_POINT 2.234529642 47.814418680 2.234529642 47.814418680
POLYGON_POINT 2.234735113 47.814347686 2.234764783 47.814338754
POLYGON_POINT 2.235153727 47.814261232 2.235153727 47.814261232
POLYGON_POINT 2.235153727 47.814261232 2.235226366 47.814246804
POLYGON_POINT 2.235251914 47.814167797 2.235251914 47.814167797
POLYGON_POINT 2.235281379 47.813985758 2.235281379 47.813985758
POLYGON_POINT 2.235260753 47.813888802 2.235260753 47.813888802
POLYGON_POINT 2.235241566 47.813775910 2.235241566 47.813775910
POLYGON_POINT 2.234986261 47.813859591 2.234986261 47.813859591
POLYGON_POINT 2.234956623 47.813824491 2.234956623 47.813824491
POLYGON_POINT 2.234853205 47.813862384 2.234853205 47.813862384
POLYGON_POINT 2.234527770 47.813843331 2.234527770 47.813843331
POLYGON_POINT 2.234339080 47.813872110 2.234339080 47.813872110
POLYGON_POINT 2.234148316 47.813867157 2.234148316 47.813867157
POLYGON_POINT 2.233914999 47.813847903 2.233914999 47.813847903
POLYGON_POINT 2.233830713 47.813888228 2.233830713 47.813888228
POLYGON_POINT 2.233950651 47.814101736 2.233950651 47.814101736
POLYGON_POINT 2.233914069 47.814109683 2.233914069 47.814109683
POLYGON_POINT 2.233777951 47.813897337 2.233777951 47.813897337
POLYGON_POINT 2.233726207 47.813803971 2.233726207 47.813803971
POLYGON_POINT 2.233726207 47.813803971 2.233628974 47.813791110
POLYGON_POINT 2.233222363 47.813556635 2.233222363 47.813556635
POLYGON_POINT 2.233114525 47.813429669 2.233111967 47.813354667
POLYGON_POINT 2.233172072 47.813297683 2.233172072 47.813297683
POLYGON_POINT 2.233438071 47.813073820 2.233438071 47.813073820
POLYGON_POINT 2.233470468 47.813027445 2.233477288 47.813002826
POLYGON_POINT 2.233461942 47.812975344 2.233461942 47.812975344
POLYGON_POINT 2.232732912 47.811872071 2.232732912 47.811872071
POLYGON_POINT 2.232732912 47.811872071 2.232722554 47.811860622
POLYGON_POINT 2.232680322 47.811869762 2.232662633 47.811879439
POLYGON_POINT 2.232680322 47.811869762 2.232680322 47.811869762
POLYGON_POINT 2.231952465 47.812306592 2.231952465 47.812306592
POLYGON_POINT 2.232128763 47.812150305 2.232128763 47.812150305
POLYGON_POINT 2.232641875 47.811843040 2.232641875 47.811843040
POLYGON_POINT 2.232699489 47.811735454 2.232699489 47.811735454
POLYGON_POINT 2.232706560 47.811563308 2.232706560 47.811563308
POLYGON_POINT 2.232748988 47.811430340 2.232748988 47.811430340
POLYGON_POINT 2.232833841 47.811293811 2.232833841 47.811293811
POLYGON_POINT 2.234440378 47.809327477 2.234440378 47.809327477
POLYGON_POINT 2.234673129 47.809101906 2.234673129 47.809101906
POLYGON_POINT 2.234666774 47.808964177 2.234647624 47.808935486
POLYGON_POINT 2.234787572 47.808948401 2.234775787 47.808965220
POLYGON_POINT 2.234725638 47.809120726 2.234725638 47.809120726
POLYGON_POINT 2.234492887 47.809346296 2.234492887 47.809346296
POLYGON_POINT 2.232886350 47.811312630 2.232886350 47.811312630
POLYGON_POINT 2.232806800 47.811440849 2.232806800 47.811440849
POLYGON_POINT 2.232771444 47.811563132 2.232771444 47.811563132
POLYGON_POINT 2.232764373 47.811735278 2.232764373 47.811735278
POLYGON_POINT 2.232801875 47.811843665 2.232801875 47.811843665
END_WINDING
END_POLYGON
BEGIN_POLYGON 2 0 4
BEGIN_WINDING
POLYGON_POINT 2.233783402 47.813788446 2.233783402 47.813788446
POLYGON_POINT 2.233270017 47.813544830 2.233093231 47.813416611
POLYGON_POINT 2.233219103 47.813314035 2.233219103 47.813314035
POLYGON_POINT 2.233494888 47.813078967 2.233542620 47.813042163
POLYGON_POINT 2.233530953 47.812959295 2.233530953 47.812959295
POLYGON_POINT 2.233787645 47.813272720 2.233787645 47.813272720
POLYGON_POINT 2.238114961 47.812207918 2.238114961 47.812207918
POLYGON_POINT 2.238401994 47.812795094 2.238401994 47.812795094
POLYGON_POINT 2.237948725 47.812907212 2.237948725 47.812907212
POLYGON_POINT 2.237414420 47.812722335 2.237414420 47.812722335
POLYGON_POINT 2.236380484 47.812983993 2.236380484 47.812983993
POLYGON_POINT 2.235864511 47.813107460 2.235864511 47.813107460
POLYGON_POINT 2.235959975 47.813373871 2.235959975 47.813373871
POLYGON_POINT 2.235515581 47.813859873 2.235515581 47.813859873
POLYGON_POINT 2.235454525 47.814340518 2.235454525 47.814340518
POLYGON_POINT 2.234024587 47.814605888 2.234024587 47.814605888
POLYGON_POINT 2.233647266 47.813790942 2.233647266 47.813790942
END_WINDING
END_POLYGON
FILTER -1
FILTER 0
FILTER -1
FILTER 0
FILTER -1
FILTER 0
FILTER -1
FILTER 0
FILTER -1
FILTER 0
OBJECT 0 2.238011696 47.812244890 20.000000
OBJECT 0 2.238128078 47.812455620 20.000000
OBJECT 0 2.233487487 47.813366808 20.000000
OBJECT 0 2.233603871 47.813576549 20.000000
OBJECT 1 2.237919164 47.812507833 20.000000
OBJECT 1 2.237800720 47.812296509 20.000000
OBJECT 1 2.237323056 47.812653148 20.000000
OBJECT 1 2.237204611 47.812441824 20.000000
OBJECT 1 2.236756644 47.812795614 20.000000
OBJECT 1 2.236638199 47.812584290 20.000000
OBJECT 1 2.236149926 47.812946628 20.000000
OBJECT 1 2.236031481 47.812735304 20.000000
OBJECT 1 2.235580820 47.813087197 20.000000
OBJECT 1 2.235462375 47.812875873 20.000000
OBJECT 1 2.234987440 47.813235137 20.000000
OBJECT 1 2.234868995 47.813023812 20.000000
OBJECT 1 2.234408002 47.813379551 20.000000
OBJECT 1 2.234282754 47.813408272 20.000000
OBJECT 1 2.234164308 47.813196948 20.000000
OBJECT 1 2.233878831 47.813509101 20.000000
OBJECT 1 2.233760385 47.813297777 20.000000
OBJECT 2 2.235788999 47.813231367 0.000000
OBJECT 2 2.235817121 47.813059684 0.000000
OBJECT 2 2.235689296 47.813098313 0.000000
OBJECT 2 2.235905320 47.813197889 0.000000
OBJECT 2 2.235951337 47.813371288 0.000000
OBJECT 2 2.235831181 47.813344677 0.000000
OBJECT 2 2.235560193 47.813476014 0.000000
OBJECT 2 2.235640723 47.813559280 0.000000
OBJECT 2 2.235285369 47.813677741 0.000000
OBJECT 2 2.235216308 47.813502482 0.000000
OBJECT 2 2.234929162 47.813415353 0.000000
OBJECT 2 2.235124309 47.813727529 0.000000
OBJECT 2 2.234835423 47.813823671 0.000000
OBJECT 2 2.234439389 47.813456447 0.000000
OBJECT 2 2.234348634 47.813482033 0.000000
OBJECT 2 2.234495468 47.813536942 0.000000
OBJECT 2 2.234405570 47.813567127 0.000000
OBJECT 2 2.234383737 47.813621461 0.000000
BEGIN_POLYGON 3 1 3
BEGIN_WINDING
POLYGON_POINT 2.234382833 47.813640333 7.000000000
POLYGON_POINT 2.234456494 47.813746825 0.000000000
POLYGON_POINT 2.234337215 47.813784033 0.000000000
POLYGON_POINT 2.234263554 47.813677541 0.000000000
END_WINDING
END_POLYGON
OBJECT 3 2.234847536 47.813635946 23.990000
OBJECT 4 2.235239957 47.813437251 123.339996
OBJECT 5 2.234382032 47.814164602 204.380005
OBJECT 5 2.234406471 47.814248714 114.839996
OBJECT 5 2.234559215 47.813760455 114.839996
OBJECT 6 2.234105876 47.814329231 191.250000
OBJECT 6 2.234989375 47.813862192 116.290001
OBJECT 7 2.234837761 47.818797139 0.000000
OBJECT 7 2.234963082 47.818752846 0.000000
OBJECT 7 2.231678360 47.819439375 0.000000
OBJECT 7 2.231513465 47.819417229 0.000000
OBJECT 7 2.231546444 47.819474809 0.000000
OBJECT 7 2.231599210 47.819390654 303.690002
OBJECT 7 2.231235168 47.812788596 0.000000
OBJECT 7 2.231109860 47.812903756 0.000000
OBJECT 7 2.230918599 47.813018916 0.000000
OBJECT 7 2.232690138 47.811944605 0.000000
OBJECT 7 2.233453483 47.812816095 0.000000
OBJECT 7 2.233488470 47.812867359 0.000000
OBJECT 7 2.233526637 47.812944255 0.000000
OBJECT 7 2.235218737 47.814127601 0.000000
OBJECT 8 2.232596426 47.819113586 0.000000
OBJECT 8 2.232368484 47.819190123 153.440002
OBJECT 8 2.232140541 47.819205430 270.000000
OBJECT 8 2.231867010 47.819190123 0.000000
OBJECT 8 2.231684656 47.819090625 0.000000
OBJECT 8 2.231559287 47.818968166 0.000000
OBJECT 8 2.232790178 47.819044703 90.000000
OBJECT 8 2.231422522 47.818746209 0.000000
OBJECT 8 2.231057813 47.818463023 0.000000
OBJECT 8 2.230989431 47.818371178 0.000000
OBJECT 8 2.230921048 47.818271680 0.000000
OBJECT 8 2.230761488 47.817781844 0.000000
OBJECT 8 2.230715899 47.817123627 0.000000
OBJECT 8 2.230772885 47.817284355 270.000000
OBJECT 8 2.230636119 47.817253740 90.000000
OBJECT 8 2.230681708 47.817376199 0.000000
OBJECT 8 2.233817076 47.815573605 225.000000
OBJECT 8 2.233876619 47.815530543 270.000000
OBJECT 8 2.234027768 47.815490557 0.000000
OBJECT 8 2.234174337 47.815447495 180.000000
OBJECT 8 2.234293423 47.815389054 0.000000
OBJECT 8 2.234714803 47.815256793 180.000000
OBJECT 8 2.234861369 47.815167593 0.000000
OBJECT 8 2.235159082 47.815059939 45.000000
OBJECT 8 2.235039997 47.815103000 315.000000
OBJECT 8 2.235447634 47.814983042 0.000000
OBJECT 8 2.235585040 47.814949208 0.000000
OBJECT 8 2.235740767 47.814899995 0.000000
OBJECT 8 2.235887333 47.814863084 0.000000
OBJECT 8 2.236125503 47.814783112 270.000000
OBJECT 8 2.236226267 47.814746202 315.000000
OBJECT 8 2.236395735 47.814696989 0.000000
OBJECT 8 2.236611004 47.814693913 0.000000
OBJECT 8 2.236533141 47.814635472 0.000000
OBJECT 8 2.236727286 47.814595091 305.619995
OBJECT 8 2.237030739 47.814523581 271.929993
OBJECT 8 2.237143788 47.814493320 271.929993
OBJECT 8 2.237261723 47.814469103 1.930000
OBJECT 8 2.237441890 47.814406544 271.929993
OBJECT 8 2.237592392 47.814483149 271.929993
OBJECT 8 2.237994186 47.814260219 0.000000
OBJECT 8 2.237765180 47.814223308 180.000000
OBJECT 8 2.237957545 47.814087971 0.000000
OBJECT 8 2.238035407 47.814032606 0.000000
OBJECT 8 2.238117850 47.813958786 0.000000
OBJECT 8 2.238200292 47.813888041 0.000000
OBJECT 8 2.238250673 47.813709642 0.000000
OBJECT 8 2.238236933 47.813608139 0.000000
OBJECT 8 2.238181971 47.813475878 0.000000
OBJECT 8 2.238145330 47.813386678 0.000000
OBJECT 8 2.238090369 47.813291327 0.000000
OBJECT 8 2.238049148 47.813205204 0.000000
OBJECT 8 2.237980446 47.813109852 0.000000
OBJECT 8 2.237861363 47.812983743 0.000000
OBJECT 8 2.237778921 47.812946833 0.000000
OBJECT 8 2.237668998 47.812888391 0.000000
OBJECT 8 2.237504114 47.812842254 0.000000
OBJECT 8 2.237036941 47.812829950 0.000000
OBJECT 8 2.236913278 47.812869936 0.000000
OBJECT 8 2.236597250 47.813036032 180.000000
OBJECT 8 2.236739234 47.812983743 0.000000
OBJECT 8 2.236478167 47.813057563 0.000000
OBJECT 8 2.236363664 47.813066791 180.000000
OBJECT 8 2.236258321 47.813066791 90.000000
OBJECT 8 2.236304122 47.813131383 180.000000
OBJECT 8 2.236148398 47.813082170 63.430000
OBJECT 8 2.236207940 47.813146763 0.000000
OBJECT 8 2.236267481 47.813189824 0.000000
OBJECT 8 2.236175879 47.813232886 0.000000
OBJECT 8 2.236010995 47.813177521 0.000000
OBJECT 8 2.236111757 47.813174445 0.000000
OBJECT 8 2.236038475 47.813109852 135.000000
OBJECT 8 2.235910232 47.813146763 108.440002
OBJECT 8 2.235960613 47.813202128 225.000000
OBJECT 8 2.236029315 47.813229810 180.000000
OBJECT 8 2.236098017 47.813285176 243.429993
OBJECT 8 2.235997254 47.813285176 0.000000
OBJECT 8 2.236006415 47.813405134 0.000000
OBJECT 8 2.235823225 47.813558926 180.000000
OBJECT 8 2.235768262 47.813638898 0.000000
OBJECT 8 2.235672078 47.813746552 135.000000
OBJECT 8 2.235571314 47.813924951 0.000000
OBJECT 8 2.235548413 47.813995696 180.000000
OBJECT 8 2.235539252 47.814238688 0.000000
OBJECT 8 2.235378945 47.814426314 0.000000
OBJECT 8 2.235204897 47.814432466 0.000000
OBJECT 8 2.234975887 47.814478604 180.000000
OBJECT 8 2.234696495 47.814509362 90.000000
OBJECT 8 2.234577409 47.814549348 90.000000
OBJECT 8 2.234146870 47.814623168 0.000000
OBJECT 8 2.233885798 47.814506286 0.000000
OBJECT 8 2.233830836 47.814395556 90.000000
OBJECT 8 2.233798774 47.814312508 0.000000
OBJECT 8 2.233766713 47.814238688 0.000000
OBJECT 8 2.233730071 47.814161792 0.000000
OBJECT 8 2.233698010 47.814075668 153.440002
OBJECT 8 2.233656788 47.813995696 0.000000
OBJECT 8 2.233615566 47.813912648 0.000000
OBJECT 8 2.232717851 47.812691537 0.000000
OBJECT 8 2.232626250 47.812642324 0.000000
OBJECT 8 2.232864414 47.812697689 0.000000
OBJECT 8 2.232983496 47.812703841 0.000000
OBJECT 8 2.232988076 47.812636172 0.000000
OBJECT 8 2.232855254 47.812617717 0.000000
OBJECT 8 2.232731592 47.812617717 0.000000
OBJECT 8 2.232800293 47.812313208 0.000000
OBJECT 8 2.232882734 47.812383953 296.570007
OBJECT 8 2.232781972 47.812402408 45.000000
OBJECT 8 2.232905635 47.812476228 0.000000
OBJECT 8 2.232804873 47.812479304 270.000000
OBJECT 8 2.233001816 47.812543897 0.000000
OBJECT 8 2.232891894 47.812534669 0.000000
OBJECT 8 2.232763652 47.812540821 90.000000
OBJECT 8 2.232653730 47.812562352 135.000000
OBJECT 8 2.232557548 47.812599262 135.000000
OBJECT 8 2.232511748 47.812648476 0.000000
OBJECT 8 2.232612509 47.812700765 270.000000
OBJECT 8 2.232507168 47.812719220 0.000000
OBJECT 8 2.232548388 47.812780737 0.000000
OBJECT 8 2.232672050 47.812746903 153.440002
OBJECT 8 2.232781972 47.812740751 243.429993
OBJECT 8 2.232919375 47.812753054 0.000000
OBJECT 8 2.233033877 47.812753054 0.000000
OBJECT 8 2.232855254 47.812786889 0.000000
OBJECT 8 2.233010976 47.812808419 0.000000
OBJECT 8 2.232745332 47.812805344 0.000000
OBJECT 8 2.232910215 47.812839178 0.000000
OBJECT 8 2.232635410 47.812823799 90.000000
OBJECT 8 2.232800293 47.812873012 0.000000
OBJECT 8 2.232905635 47.812909922 270.000000
OBJECT 8 2.233010976 47.812869936 180.000000
OBJECT 8 2.233125479 47.812842254 0.000000
OBJECT 8 2.233097998 47.812925302 0.000000
OBJECT 8 2.232983496 47.812940681 0.000000
OBJECT 8 2.232809453 47.812949908 180.000000
OBJECT 8 2.232690371 47.812906847 0.000000
OBJECT 8 2.232717851 47.812983743 206.559998
OBJECT 8 2.232887314 47.813002198 225.000000
OBJECT 8 2.233043037 47.813008349 270.000000
OBJECT 8 2.233116318 47.813088321 270.000000
OBJECT 8 2.232956016 47.813072942 0.000000
OBJECT 8 2.232800293 47.813054487 90.000000
OBJECT 8 2.233015557 47.813137535 0.000000
OBJECT 8 2.232827773 47.813119080 0.000000
OBJECT 8 2.232937695 47.813180597 0.000000
OBJECT 8 2.233180440 47.812974515 0.000000
OBJECT 8 2.233212500 47.813066791 0.000000
OBJECT 8 2.233102578 47.813180597 90.000000
OBJECT 8 2.233075098 47.813288251 180.000000
OBJECT 8 2.233020137 47.813217507 270.000000
OBJECT 8 2.232827773 47.813208279 90.000000
OBJECT 8 2.232942275 47.813288251 0.000000
OBJECT 8 2.232410986 47.813005274 0.000000
OBJECT 8 2.232346865 47.812876088 0.000000
OBJECT 8 2.232397246 47.812691537 0.000000
OBJECT 8 2.232443046 47.812777661 161.570007
OBJECT 8 2.232516328 47.812854557 0.000000
OBJECT 8 2.232571289 47.812922226 180.000000
OBJECT 8 2.232617089 47.812999122 0.000000
OBJECT 8 2.232681211 47.813072942 0.000000
OBJECT 8 2.232731592 47.813171369 180.000000
OBJECT 8 2.232809453 47.813288251 0.000000
OBJECT 8 2.232585029 47.813217507 135.000000
OBJECT 8 2.232539228 47.813294403 0.000000
OBJECT 8 2.232410986 47.813242114 0.000000
OBJECT 8 2.232291904 47.813235962 45.000000
OBJECT 8 2.232159081 47.813217507 0.000000
OBJECT 8 2.231998778 47.813199052 71.559998
OBJECT 8 2.231788095 47.813214431 135.000000
OBJECT 8 2.231563671 47.813199052 0.000000
OBJECT 8 2.232081220 47.812531593 270.000000
OBJECT 8 2.231934657 47.812571579 90.000000
OBJECT 8 2.232172822 47.812596186 198.429993
OBJECT 8 2.232369765 47.812614641 0.000000
OBJECT 8 2.232438466 47.812568504 0.000000
OBJECT 8 2.232479687 47.812476228 315.000000
OBJECT 8 2.232571289 47.812500835 0.000000
OBJECT 8 2.232598769 47.812383953 0.000000
OBJECT 8 2.232470527 47.812374725 135.000000
OBJECT 8 2.232557548 47.812291677 0.000000
OBJECT 8 2.232415566 47.812300905 135.000000
OBJECT 8 2.232282744 47.812282450 0.000000
OBJECT 8 2.232310224 47.812359346 90.000000
OBJECT 8 2.232346865 47.812442394 0.000000
OBJECT 8 2.232246103 47.812454697 90.000000
OBJECT 8 2.232090380 47.812457773 104.040001
OBJECT 8 2.232058319 47.812359346 0.000000
OBJECT 8 2.231980458 47.812423939 0.000000
OBJECT 8 2.231861376 47.812503911 270.000000
OBJECT 8 2.231751454 47.812571579 90.000000
OBJECT 8 2.231655272 47.812639248 0.000000
OBJECT 8 2.231554511 47.812713068 180.000000
OBJECT 8 2.231467489 47.812811495 180.000000
OBJECT 8 2.231435428 47.812891467 0.000000
OBJECT 8 2.231375887 47.813054487 0.000000
OBJECT 8 2.231421688 47.813168293 0.000000
OBJECT 8 2.232053755 47.813358996 0.000000
OBJECT 8 2.231902610 47.813352844 180.000000
OBJECT 8 2.231733144 47.813331313 135.000000
OBJECT 8 2.231403372 47.813322086 0.000000
OBJECT 8 2.231183524 47.813306706 0.000000
OBJECT 8 2.231069020 47.813300555 270.000000
OBJECT 8 2.230853753 47.813279024 0.000000
OBJECT 8 2.230620164 47.813334389 180.000000
OBJECT 8 2.230432378 47.813420513 0.000000
OBJECT 8 2.230336194 47.813478954 180.000000
OBJECT 8 2.230065965 47.813592760 0.000000
OBJECT 8 2.229878178 47.813675808 180.000000
OBJECT 8 2.229754514 47.813731173 0.000000
OBJECT 8 2.230267492 47.813389754 0.000000
OBJECT 8 2.229571307 47.813749628 0.000000
OBJECT 8 2.229452223 47.813814221 135.000000
OBJECT 8 2.229585047 47.813891117 180.000000
OBJECT 8 2.229594208 47.814078744 0.000000
OBJECT 8 2.229685811 47.814174095 180.000000
OBJECT 8 2.229754514 47.814254067 0.000000
OBJECT 8 2.229850697 47.814352494 0.000000
OBJECT 8 2.229901079 47.814420163 0.000000
OBJECT 8 2.230079676 47.814647775 0.000000
OBJECT 8 2.230217085 47.814810795 0.000000
OBJECT 8 2.230272048 47.814909222 0.000000
OBJECT 8 2.232837003 47.813456544 0.000000
OBJECT 8 2.232639366 47.813456544 0.000000
OBJECT 8 2.232426525 47.813461649 0.000000
OBJECT 8 2.232232510 47.814046078 0.000000
OBJECT 8 2.232126934 47.814114024 0.000000
OBJECT 8 2.232602029 47.814111070 180.000000
OBJECT 8 2.233011139 47.814235145 0.000000
OBJECT 8 2.232887966 47.814211512 0.000000
OBJECT 8 2.232707606 47.814143566 270.000000
OBJECT 8 2.232712005 47.814249916 0.000000
OBJECT 8 2.232544841 47.814190833 90.000000
OBJECT 8 2.232602029 47.814273549 270.000000
OBJECT 8 2.232430467 47.814226283 0.000000
OBJECT 8 2.232228111 47.814235145 135.000000
OBJECT 8 2.232430467 47.814300137 180.000000
OBJECT 8 2.232558039 47.814362175 180.000000
OBJECT 8 2.232694409 47.814353312 0.000000
OBJECT 8 2.232799985 47.814303091 270.000000
OBJECT 8 2.232949552 47.814288320 270.000000
OBJECT 8 2.233121114 47.814258779 0.000000
OBJECT 8 2.233024336 47.814173108 45.000000
OBJECT 8 2.232843976 47.814114024 68.199997
OBJECT 8 2.232628423 47.814046078 68.199997
OBJECT 8 2.232254506 47.813922003 0.000000
OBJECT 8 2.232104938 47.814028353 0.000000
OBJECT 8 2.232008160 47.814116978 135.000000
OBJECT 8 2.231994963 47.814208558 0.000000
OBJECT 8 2.232109338 47.814279458 0.000000
OBJECT 8 2.232272102 47.814436029 0.000000
OBJECT 8 2.232386476 47.814492158 0.000000
OBJECT 8 2.232549241 47.814563058 180.000000
OBJECT 8 2.232606428 47.814471479 0.000000
OBJECT 8 2.232716404 47.814557150 0.000000
OBJECT 8 2.233261883 47.814518746 0.000000
OBJECT 8 2.233270681 47.814604416 0.000000
OBJECT 8 2.233085922 47.814607371 0.000000
OBJECT 8 2.233187100 47.814672362 0.000000
OBJECT 8 2.232971547 47.814672362 180.000000
OBJECT 8 2.233059528 47.814719629 0.000000
OBJECT 8 2.232923158 47.814769850 90.000000
OBJECT 8 2.232799985 47.814698950 90.000000
OBJECT 8 2.232619625 47.814639867 90.000000
OBJECT 8 2.232434866 47.814592600 0.000000
OBJECT 8 2.232945153 47.814560104 0.000000
OBJECT 8 2.233107917 47.814503975 0.000000
OBJECT 8 2.233191499 47.814447845 0.000000
OBJECT 8 2.233319071 47.814444891 206.559998
OBJECT 8 2.233349864 47.814675317 0.000000
OBJECT 8 2.233292677 47.814731446 0.000000
OBJECT 8 2.233169504 47.814769850 0.000000
OBJECT 8 2.233041932 47.814843704 153.440002
OBJECT 8 2.232940754 47.814890971 0.000000
OBJECT 8 2.232795586 47.814811208 90.000000
OBJECT 8 2.232659216 47.814746217 0.000000
OBJECT 8 2.232465659 47.814693042 0.000000
OBJECT 8 2.232267703 47.814554196 0.000000
OBJECT 8 2.230521650 47.815162206 0.000000
OBJECT 8 2.230597664 47.815325560 0.000000
OBJECT 8 2.230726887 47.815458285 180.000000
OBJECT 8 2.230749691 47.815514438 90.000000
OBJECT 8 2.230825705 47.815585905 0.000000
OBJECT 8 2.230886516 47.815667582 0.000000
OBJECT 8 2.230962529 47.815739050 0.000000
OBJECT 8 2.231030942 47.815805412 0.000000
OBJECT 8 2.231091753 47.815927927 0.000000
OBJECT 8 2.231152564 47.815999395 0.000000
OBJECT 8 2.231099354 47.815371503 0.000000
OBJECT 8 2.230787698 47.815106054 0.000000
OBJECT 8 2.230362021 47.814993748 0.000000
OBJECT 8 2.229966750 47.814503686 0.000000
OBJECT 8 2.229579080 47.813993206 0.000000
OBJECT 8 2.229639891 47.813799223 0.000000
OBJECT 8 2.230156784 47.813549088 0.000000
OBJECT 8 2.230719286 47.813298952 0.000000
OBJECT 8 2.231555436 47.813350000 0.000000
OBJECT 8 2.232247159 47.813390839 0.000000
OBJECT 8 2.233014899 47.813482725 0.000000
OBJECT 8 2.233569800 47.813819642 0.000000
OBJECT 8 2.233957471 47.814615992 0.000000
OBJECT 8 2.234345142 47.814651726 0.000000
OBJECT 8 2.235523357 47.814406695 0.000000
OBJECT 8 2.235530959 47.814125931 315.000000
OBJECT 8 2.235591770 47.813860481 0.000000
OBJECT 8 2.235911028 47.813492935 0.000000
OBJECT 8 2.236405118 47.813130493 0.000000
OBJECT 8 2.236777586 47.812905882 0.000000
OBJECT 8 2.237157656 47.812803786 0.000000
OBJECT 8 2.237385697 47.812788471 0.000000
OBJECT 8 2.237932997 47.813043712 0.000000
OBJECT 8 2.238259857 47.813794118 0.000000
OBJECT 8 2.237864585 47.814125931 0.000000
OBJECT 8 2.237601786 47.814370125 1.930000
OBJECT 8 2.236851314 47.814571017 1.930000
OBJECT 8 2.236017447 47.814820184 270.000000
OBJECT 8 2.235333322 47.815044796 0.000000
OBJECT 8 2.234436359 47.815335770 0.000000
OBJECT 8 2.233653416 47.815596115 0.000000
OBJECT 8 2.234894547 47.813556066 0.000000
OBJECT 8 2.234936730 47.813610146 0.000000
OBJECT 8 2.234834469 47.813508853 0.000000
OBJECT 8 2.234769278 47.813579243 0.000000
OBJECT 8 2.234743713 47.813520871 0.000000
OBJECT 7 2.234422921 47.813821583 0.000000
OBJECT 7 2.234669346 47.813434954 0.000000
OBJECT 7 2.234608278 47.813417012 0.000000
OBJECT 8 2.235627788 47.813314996 0.000000
OBJECT 8 2.235539436 47.813254179 0.000000
OBJECT 8 2.235490843 47.813307579 0.000000
OBJECT 8 2.235532810 47.813363946 0.000000
OBJECT 8 2.235404700 47.813346146 0.000000
OBJECT 8 2.235400282 47.813282363 0.000000
OBJECT 8 2.235298678 47.813337246 0.000000
OBJECT 8 2.235334019 47.813406963 0.000000
OBJECT 8 2.235203700 47.813359496 0.000000
OBJECT 8 2.235232414 47.813273463 0.000000
OBJECT 8 2.235325183 47.813242313 0.000000
OBJECT 8 2.235428997 47.813217096 0.000000
OBJECT 8 2.235517349 47.813188913 0.000000
OBJECT 8 2.235625579 47.813234896 0.000000
OBJECT 8 2.235731602 47.813248246 0.000000
OBJECT 8 2.235780195 47.813320929 0.000000
OBJECT 8 2.235618953 47.813381746 0.000000
OBJECT 8 2.235453294 47.813411413 180.000000
OBJECT 8 2.235535019 47.813441080 0.000000
FILTER -1
OBJECT_DEF lib/airport/Common_Elements/Runway_Markers/Sheet_Metal/White_Red.obj
OBJECT_DEF lib/airport/Common_Elements/Markers/Cones/Square_Black_White.obj
OBJECT_DEF lib/airport/Common_Elements/Markers/Cones/Square_Yellow_Black.obj
OBJECT_DEF lib/g10/US/industrial/light/SiteOffice3x10.obj
OBJECT_DEF lib/g10/US/industrial/light/WoodShed8x10.obj
OBJECT_DEF lib/g10/US/industrial/light/WoodShed8x20.obj
OBJECT_DEF lib/airport/Common_Elements/Parking_Items/Row_of_Cars_6.agp
OBJECT_DEF lib/g10/forests/autogen_tree1.obj
OBJECT_DEF lib/g10/forests/autogen_tree3.obj
POLYGON_DEF lib/g10/terrain10/broad_tmp_wet_fl_md.pol
POLYGON_DEF lib/airport/pavement/asphalt_3L.pol
POLYGON_DEF lib/g10/terrain10/apt_tmp_wet.pol
POLYGON_DEF lib/airport/Modern_Airports/Terminal_kit/term_building_Ground_02.fac
PROPERTY sim/filter/aptid XLF005Z
PROPERTY sim/exclude_obj 2.229144/47.810725/2.241333/47.815805
PROPERTY sim/exclude_fac 2.229144/47.810725/2.241333/47.815805
PROPERTY sim/exclude_for 2.229144/47.810725/2.241333/47.815805
PROPERTY sim/require_agpoint 1/0
PROPERTY sim/require_object 1/0
PROPERTY sim/require_facade 1/3
PROPERTY sim/require_facade 6/0
