PROPERTY sim/west -180
PROPERTY sim/east 180
PROPERTY sim/north 90
PROPERTY sim/south -90
PROPERTY sim/planet earth
PROPERTY sim/creation_agent WorldEditor2.1.0r1
PROPERTY laminar/internal_revision 0
PROPERTY sim/overlay 1
FILTER 0
BEGIN_POLYGON 0 255 2
BEGIN_WINDING
POLYGON_POINT 5.886135610 43.258414783
POLYGON_POINT 5.884848025 43.258371889
POLYGON_POINT 5.884672168 43.258051694
POLYGON_POINT 5.883049489 43.257958546
POLYGON_POINT 5.882809684 43.257568491
POLYGON_POINT 5.881187005 43.257393839
POLYGON_POINT 5.881139044 43.257027071
POLYGON_POINT 5.880643447 43.257160971
POLYGON_POINT 5.880779337 43.257673282
POLYGON_POINT 5.879756169 43.257946903
POLYGON_POINT 5.879716202 43.258406819
POLYGON_POINT 5.880947200 43.258907487
POLYGON_POINT 5.881412102 43.260115858
POLYGON_POINT 5.881373732 43.260772548
POLYGON_POINT 5.880788595 43.261003089
POLYGON_POINT 5.881651912 43.261289517
POLYGON_POINT 5.882918160 43.263063978
POLYGON_POINT 5.882409739 43.264475163
POLYGON_POINT 5.881479233 43.264768578
POLYGON_POINT 5.880548726 43.264607898
POLYGON_POINT 5.878457485 43.263168769
POLYGON_POINT 5.877958657 43.261401294
POLYGON_POINT 5.876284490 43.258255273
POLYGON_POINT 5.879251430 43.257374023
POLYGON_POINT 5.880179635 43.256710068
POLYGON_POINT 5.881903421 43.256806643
POLYGON_POINT 5.885417163 43.255852961
POLYGON_POINT 5.886941995 43.257724109
END_WINDING
END_POLYGON
BEGIN_POLYGON 1 0 2
BEGIN_WINDING
POLYGON_POINT 5.887715362 43.258332699
POLYGON_POINT 5.882944702 43.260342107
POLYGON_POINT 5.882886696 43.260442841
POLYGON_POINT 5.882895620 43.260637809
POLYGON_POINT 5.883451146 43.261810868
POLYGON_POINT 5.883809232 43.262407688
POLYGON_POINT 5.883634464 43.262778669
POLYGON_POINT 5.883520678 43.263376572
POLYGON_POINT 5.883086949 43.264284344
POLYGON_POINT 5.883030058 43.264280878
POLYGON_POINT 5.883463787 43.263373106
POLYGON_POINT 5.883577574 43.262775203
POLYGON_POINT 5.883752342 43.262404222
POLYGON_POINT 5.883399834 43.261820942
POLYGON_POINT 5.882844307 43.260647883
POLYGON_POINT 5.882835383 43.260436667
POLYGON_POINT 5.882906775 43.260321311
POLYGON_POINT 5.883500796 43.260061363
POLYGON_POINT 5.883584305 43.259953407
POLYGON_POINT 5.883643735 43.259929120
POLYGON_POINT 5.883574219 43.260030419
POLYGON_POINT 5.887685914 43.258297605
END_WINDING
END_POLYGON
BEGIN_POLYGON 2 0 2
BEGIN_WINDING
POLYGON_POINT 5.883937815 43.259801097
POLYGON_POINT 5.883489861 43.259994818
POLYGON_POINT 5.883119007 43.259963373
POLYGON_POINT 5.883003093 43.259794438
POLYGON_POINT 5.882306667 43.259773186
POLYGON_POINT 5.882063963 43.259609332
POLYGON_POINT 5.882283347 43.259035904
POLYGON_POINT 5.881379619 43.258137347
POLYGON_POINT 5.881378374 43.257682152
POLYGON_POINT 5.881795964 43.257762259
END_WINDING
END_POLYGON
FILTER -1
FILTER 0
FILTER -1
FILTER 0
FILTER -1
FILTER 0
FILTER -1
FILTER 0
FILTER -1
FILTER 0
OBJECT 0 5.882024265 43.258238208 128.000000
OBJECT 0 5.881829266 43.258349047 128.000000
OBJECT 0 5.883546041 43.259656371 128.000000
OBJECT 0 5.883351037 43.259767211 128.000000
OBJECT 1 5.883165369 43.259302365 38.000000
OBJECT 1 5.882969616 43.259412278 38.000000
OBJECT 1 5.882404028 43.258592288 38.000000
OBJECT 1 5.882210518 43.258704377 38.000000
OBJECT 1 5.882785817 43.258947599 38.000000
OBJECT 1 5.882590065 43.259058055 38.000000
OBJECT 2 5.881664272 43.258140737 0.000000
OBJECT 2 5.881513685 43.258018882 0.000000
OBJECT 2 5.881591767 43.257837453 0.000000
OBJECT 2 5.881822296 43.257898381 0.000000
OBJECT 2 5.881840887 43.258078455 90.000000
OBJECT 3 5.883410360 43.262538141 239.139999
OBJECT 4 5.883936030 43.262206306 69.949997
OBJECT 4 5.883109452 43.260549759 50.709999
OBJECT 5 5.884568944 43.262519392 0.000000
OBJECT 5 5.884675348 43.262576666 270.000000
OBJECT 5 5.884592076 43.262623833 0.000000
OBJECT 5 5.884194218 43.262812500 0.000000
OBJECT 5 5.884180339 43.262657524 315.000000
OBJECT 5 5.884208096 43.262522761 0.000000
OBJECT 5 5.884504177 43.262573297 0.000000
OBJECT 5 5.884444035 43.262458750 0.000000
OBJECT 5 5.884370015 43.262431797 180.000000
OBJECT 5 5.883495653 43.262391368 0.000000
OBJECT 5 5.883398501 43.262344202 90.000000
OBJECT 5 5.883338360 43.262297035 0.000000
OBJECT 5 5.883796359 43.262286928 0.000000
OBJECT 5 5.883912016 43.262323987 0.000000
OBJECT 5 5.884087814 43.262364416 0.000000
OBJECT 5 5.884198844 43.262357678 0.000000
OBJECT 5 5.884175694 43.262189225 0.000000
OBJECT 5 5.884420881 43.262051094 0.000000
OBJECT 5 5.884434759 43.261720927 0.000000
OBJECT 5 5.884434759 43.261592903 0.000000
OBJECT 5 5.884407002 43.261535629 270.000000
OBJECT 5 5.884360740 43.261427820 0.000000
OBJECT 5 5.884235834 43.261138081 270.000000
OBJECT 5 5.883925880 43.260966260 0.000000
OBJECT 5 5.883703824 43.260868557 0.000000
OBJECT 5 5.883740833 43.260791069 0.000000
OBJECT 5 5.885503412 43.258349886 0.000000
OBJECT 5 5.885159693 43.258332421 45.000000
OBJECT 5 5.884919867 43.258280026 0.000000
OBJECT 5 5.884472237 43.258181056 90.000000
OBJECT 5 5.884472237 43.257988939 0.000000
OBJECT 5 5.884235051 43.257967284 0.000000
OBJECT 5 5.884048537 43.257952730 0.000000
OBJECT 5 5.883802072 43.257933324 90.000000
OBJECT 5 5.883575591 43.257933324 0.000000
OBJECT 5 5.883269175 43.257933324 90.000000
OBJECT 5 5.883095983 43.257923621 0.000000
OBJECT 5 5.882989404 43.257787781 0.000000
OBJECT 5 5.882776245 43.257676198 0.000000
OBJECT 6 5.882576408 43.257671347 135.000000
OBJECT 6 5.882549763 43.257758673 0.000000
OBJECT 6 5.882736277 43.257812038 180.000000
OBJECT 6 5.882716294 43.257899364 0.000000
OBJECT 6 5.882869502 43.257904216 0.000000
OBJECT 6 5.882576408 43.257870256 0.000000
OBJECT 6 5.881410695 43.257457884 0.000000
OBJECT 6 5.881450663 43.257564615 0.000000
OBJECT 6 5.881610532 43.257632535 180.000000
OBJECT 6 5.882183396 43.257617981 0.000000
OBJECT 6 5.882076817 43.257656792 153.440002
OBJECT 6 5.882150090 43.257724713 0.000000
OBJECT 6 5.882163413 43.257797484 0.000000
OBJECT 6 5.882036850 43.257724713 0.000000
OBJECT 6 5.882010205 43.257530655 0.000000
OBJECT 6 5.881850336 43.257550061 135.000000
OBJECT 6 5.881723773 43.257584021 0.000000
OBJECT 6 5.881690466 43.257710158 0.000000
OBJECT 6 5.881530597 43.257685901 0.000000
OBJECT 6 5.881410695 43.257656792 0.000000
OBJECT 6 5.881310777 43.257608278 0.000000
OBJECT 6 5.881257487 43.257511249 0.000000
OBJECT 6 5.881217520 43.257414221 0.000000
OBJECT 6 5.884288349 43.258229262 0.000000
OBJECT 6 5.884301671 43.258384508 0.000000
OBJECT 6 5.884348300 43.258530051 0.000000
OBJECT 5 5.884714669 43.258423319 0.000000
OBJECT 5 5.884701347 43.258680445 0.000000
OBJECT 5 5.884554799 43.258782325 0.000000
OBJECT 5 5.884694685 43.258995788 270.000000
OBJECT 5 5.881970218 43.259951521 0.000000
OBJECT 5 5.882163397 43.260082510 0.000000
OBJECT 5 5.881523910 43.258767771 0.000000
OBJECT 5 5.881550555 43.258889057 0.000000
OBJECT 5 5.881643814 43.259136480 0.000000
OBJECT 5 5.881630491 43.259306280 0.000000
OBJECT 5 5.881437313 43.259335389 45.000000
OBJECT 5 5.881390684 43.259180143 0.000000
OBJECT 5 5.881230812 43.259126777 0.000000
OBJECT 5 5.881317409 43.258859948 0.000000
OBJECT 5 5.881130892 43.259015194 0.000000
OBJECT 5 5.881210828 43.258796879 0.000000
OBJECT 5 5.880997666 43.258767771 0.000000
OBJECT 5 5.881130892 43.258554308 0.000000
OBJECT 5 5.881190844 43.258656188 0.000000
OBJECT 5 5.881390684 43.258607674 296.570007
OBJECT 5 5.881264119 43.258408765 0.000000
OBJECT 5 5.880984343 43.258394210 0.000000
OBJECT 5 5.881097586 43.258229262 0.000000
OBJECT 5 5.880824471 43.258263222 0.000000
OBJECT 5 5.880657938 43.258369953 0.000000
OBJECT 5 5.880471421 43.258355399 0.000000
OBJECT 5 5.880184985 43.258399062 0.000000
OBJECT 5 5.879865241 43.258408765 0.000000
OBJECT 6 5.881303101 43.258150557 0.000000
OBJECT 6 5.881354501 43.258078029 0.000000
OBJECT 6 5.881087863 43.257970406 0.000000
OBJECT 6 5.881662903 43.258613801 0.000000
OBJECT 6 5.882456390 43.258316670 0.000000
FILTER -1
OBJECT_DEF lib/airport/Common_Elements/Runway_Markers/Rectangular/White_Red.obj
OBJECT_DEF lib/airport/Common_Elements/Markers/Cones/Square_Black_White.obj
OBJECT_DEF lib/airport/Common_Elements/Markers/Cones/Square_Yellow_Black.obj
OBJECT_DEF lib/g10/US/suburban/B-RnchLH.obj
OBJECT_DEF lib/g10/US/industrial/light/WoodShed8x20.obj
OBJECT_DEF lib/g10/forests/autogen_tree3.obj
OBJECT_DEF lib/g10/forests/autogen_tree1.obj
POLYGON_DEF lib/g8/broad_vcld_rain.for
POLYGON_DEF lib/airport/pavement/asphalt_3L.pol
POLYGON_DEF lib/g10/terrain10/apt_tmp_dry.pol
PROPERTY sim/filter/aptid XLF009P
PROPERTY sim/require_agpoint 1/0
PROPERTY sim/require_object 1/0
PROPERTY sim/require_facade 6/0
