PROPERTY sim/west -180
PROPERTY sim/east 180
PROPERTY sim/north 90
PROPERTY sim/south -90
PROPERTY sim/planet earth
PROPERTY sim/creation_agent WorldEditor2.1.0r1
PROPERTY laminar/internal_revision 0
PROPERTY sim/overlay 1
FILTER 0
BEGIN_POLYGON 0 0 4
BEGIN_WINDING
POLYGON_POINT -3.025312480 48.724021115 -3.025312480 48.724021115
POLYGON_POINT -3.025331788 48.724073125 -3.025331788 48.724073125
POLYGON_POINT -3.026155585 48.724101783 -3.026155585 48.724101783
POLYGON_POINT -3.026155585 48.724101783 -3.026260169 48.724104967
POLYGON_POINT -3.026261777 48.724170776 -3.026261777 48.724170776
POLYGON_POINT -3.026269822 48.724314070 -3.026269822 48.724314070
POLYGON_POINT -3.026269822 48.724314070 -3.026271431 48.724351220
POLYGON_POINT -3.026215117 48.724351220 -3.026215117 48.724351220
POLYGON_POINT -3.026113751 48.724355466 -3.026113751 48.724355466
POLYGON_POINT -3.026120187 48.724386247 -3.026120187 48.724386247
POLYGON_POINT -3.026441622 48.724370563 -3.026441622 48.724370563
POLYGON_POINT -3.026432329 48.724270551 -3.026432329 48.724270551
POLYGON_POINT -3.026329354 48.724273735 -3.026329354 48.724273735
POLYGON_POINT -3.026322918 48.724165469 -3.026322918 48.724165469
POLYGON_POINT -3.026322918 48.724165469 -3.026318260 48.724092324
POLYGON_POINT -3.026564265 48.724087985 -3.026564265 48.724087985
POLYGON_POINT -3.026564265 48.724087985 -3.026586713 48.724086184
POLYGON_POINT -3.026594723 48.724050700 -3.026594723 48.724050700
POLYGON_POINT -3.026595384 48.723986938 -3.026595384 48.723986938
POLYGON_POINT -3.026549869 48.723986168 -3.026549869 48.723986168
POLYGON_POINT -3.026549184 48.724046420 -3.026549184 48.724046420
POLYGON_POINT -3.026157777 48.724057687 -3.026157777 48.724057687
END_WINDING
END_POLYGON
BEGIN_POLYGON 1 0 2
BEGIN_WINDING
POLYGON_POINT -3.026752646 48.724183282
POLYGON_POINT -3.026767059 48.724455852
POLYGON_POINT -3.027093753 48.724715744
POLYGON_POINT -3.027809596 48.725381322
POLYGON_POINT -3.027996964 48.725482743
POLYGON_POINT -3.028141094 48.725657062
POLYGON_POINT -3.028362093 48.725717280
POLYGON_POINT -3.028578287 48.725641214
POLYGON_POINT -3.028799286 48.725400339
POLYGON_POINT -3.028698395 48.725165802
POLYGON_POINT -3.029044306 48.724446344
POLYGON_POINT -3.027506924 48.724180112
POLYGON_POINT -3.027290739 48.723682514
POLYGON_POINT -3.027156220 48.723394096
POLYGON_POINT -3.027189850 48.723175407
POLYGON_POINT -3.026603732 48.722630267
POLYGON_POINT -3.025032743 48.723210270
POLYGON_POINT -3.025244130 48.723539890
POLYGON_POINT -3.025426692 48.724024811
POLYGON_POINT -3.026157777 48.724057687
POLYGON_POINT -3.026549184 48.724046420
END_WINDING
END_POLYGON
FILTER -1
FILTER 0
FILTER -1
FILTER 0
FILTER -1
FILTER 0
FILTER -1
FILTER 0
FILTER -1
FILTER 0
OBJECT 0 -3.028016666 48.724985399 61.599998
OBJECT 0 -3.027874036 48.725037148 61.599998
OBJECT 0 -3.027504982 48.724585514 61.599998
OBJECT 0 -3.027647612 48.724532588 61.599998
OBJECT 0 -3.026902383 48.723852785 61.599998
OBJECT 0 -3.027078883 48.723842199 61.599998
OBJECT 0 -3.026665266 48.723557576 61.599998
OBJECT 0 -3.026798976 48.723512883 61.599998
OBJECT 0 -3.026419239 48.723256486 61.599998
OBJECT 0 -3.026558297 48.723204737 61.599998
OBJECT 1 -3.026166915 48.722938596 61.599998
OBJECT 1 -3.026286742 48.722895378 61.599998
OBJECT 1 -3.028308008 48.725550143 61.599998
OBJECT 1 -3.028427987 48.725507721 61.599998
OBJECT 2 -3.028168276 48.725572767 0.000000
OBJECT 2 -3.025987969 48.723599644 0.000000
OBJECT 2 -3.026118900 48.723345600 0.000000
OBJECT 2 -3.026230501 48.723298002 0.000000
OBJECT 2 -3.026017909 48.723743583 0.000000
OBJECT 2 -3.025623906 48.723688304 0.000000
OBJECT 2 -3.025504457 48.723554226 270.000000
OBJECT 2 -3.025755834 48.723337817 0.000000
OBJECT 2 -3.025623906 48.723381334 0.000000
OBJECT 2 -3.025522285 48.723347226 0.000000
OBJECT 2 -3.025664913 48.723138110 0.000000
OBJECT 2 -3.025833995 48.723069707 0.000000
OBJECT 2 -3.025850325 48.722952047 0.000000
OBJECT 2 -3.026041087 48.722857956 0.000000
OBJECT 2 -3.026025470 48.722947530 0.000000
OBJECT 2 -3.026378037 48.723628322 0.000000
OBJECT 2 -3.026490355 48.723598918 0.000000
OBJECT 2 -3.026429702 48.723726066 0.000000
OBJECT 2 -3.026554537 48.723682424 0.000000
OBJECT 2 -3.026742402 48.723882008 0.000000
OBJECT 2 -3.026743515 48.723977633 0.000000
OBJECT 2 -3.026859400 48.723949405 0.000000
OBJECT 2 -3.026998459 48.724401040 0.000000
OBJECT 2 -3.027100082 48.724366932 0.000000
OBJECT 2 -3.027278367 48.724672726 0.000000
OBJECT 2 -3.027358596 48.724635090 0.000000
OBJECT 2 -3.027711602 48.725100838 0.000000
OBJECT 2 -3.027782918 48.725069082 0.000000
OBJECT 2 -3.028353935 48.725606037 0.000000
OBJECT 3 -3.026357419 48.723958191 267.850006
BEGIN_POLYGON 2 4 3
BEGIN_WINDING
POLYGON_POINT -3.025960351 48.723737485 0.000000000
POLYGON_POINT -3.025908415 48.723622576 0.000000000
POLYGON_POINT -3.025739479 48.723655805 0.000000000
POLYGON_POINT -3.025791415 48.723770714 0.000000000
POLYGON_POINT -3.025876506 48.723753977 9.000000000
END_WINDING
END_POLYGON
OBJECT 4 -3.025951381 48.723676067 73.480003
OBJECT 5 -3.025769615 48.723592476 341.049988
OBJECT 5 -3.025746141 48.723547117 161.050003
OBJECT 6 -3.026381591 48.724225755 357.049988
OBJECT 7 -3.026262338 48.724413044 176.050003
OBJECT 8 -3.026397424 48.724407302 265.989990
OBJECT 9 -3.026016478 48.724429748 269.649994
OBJECT 10 -3.025106837 48.725091351 58.340000
OBJECT 11 -3.025189895 48.724818255 59.759998
OBJECT 11 -3.023145716 48.723794183 60.020000
OBJECT 12 -3.024662370 48.722995180 258.500000
OBJECT 5 -3.024556295 48.722833330 347.429993
OBJECT 13 -3.028982494 48.720418079 0.000000
OBJECT 13 -3.029641702 48.720397850 270.000000
OBJECT 13 -3.029825667 48.720458536 225.000000
OBJECT 13 -3.029948311 48.720488879 270.000000
OBJECT 13 -3.030124610 48.720539450 0.000000
OBJECT 13 -3.030561527 48.720751851 0.000000
OBJECT 13 -3.031673027 48.723007338 0.000000
OBJECT 13 -3.031788009 48.722992167 180.000000
OBJECT 13 -3.031971980 48.722936538 0.000000
OBJECT 13 -3.032546889 48.723578796 0.000000
OBJECT 14 -3.032884168 48.723523167 0.000000
OBJECT 14 -3.032769187 48.723457424 0.000000
OBJECT 14 -3.032677201 48.723391681 270.000000
OBJECT 14 -3.032608212 48.723143881 0.000000
OBJECT 14 -3.032493230 48.723138824 270.000000
OBJECT 14 -3.032447238 48.723042738 0.000000
OBJECT 14 -3.032493230 48.722946653 0.000000
OBJECT 14 -3.032347587 48.722941595 0.000000
OBJECT 14 -3.032316925 48.722845510 0.000000
OBJECT 14 -3.032424241 48.722734252 0.000000
OBJECT 14 -3.032401245 48.722658395 0.000000
OBJECT 14 -3.032278598 48.722526909 0.000000
OBJECT 14 -3.032063965 48.722167852 0.000000
OBJECT 14 -3.032040969 48.722299338 180.000000
OBJECT 14 -3.032140620 48.722289223 0.000000
OBJECT 14 -3.031910656 48.722289223 0.000000
OBJECT 14 -3.031772678 48.722279109 0.000000
OBJECT 14 -3.031558045 48.722294281 0.000000
OBJECT 14 -3.031328082 48.722304395 0.000000
OBJECT 14 -3.031151777 48.722385309 270.000000
OBJECT 14 -3.031036795 48.722506681 180.000000
OBJECT 14 -3.030998467 48.722643224 90.000000
OBJECT 14 -3.031013798 48.722779767 180.000000
OBJECT 14 -3.031029129 48.722885967 180.000000
OBJECT 14 -3.031075122 48.722997224 146.309998
OBJECT 14 -3.030569202 48.723300653 0.000000
OBJECT 14 -3.030661188 48.723310767 0.000000
OBJECT 14 -3.030599864 48.723391681 0.000000
OBJECT 14 -3.030500213 48.723361339 153.440002
OBJECT 14 -3.030362235 48.723280424 0.000000
OBJECT 14 -3.030446555 48.723275367 0.000000
OBJECT 14 -3.030576868 48.723214681 0.000000
OBJECT 14 -3.030730177 48.723224796 0.000000
OBJECT 14 -3.030776169 48.723290539 0.000000
OBJECT 14 -3.030691849 48.723159053 270.000000
OBJECT 14 -3.030868155 48.723224796 90.000000
OBJECT 14 -3.030822162 48.723133767 0.000000
OBJECT 14 -3.030952475 48.723159053 0.000000
OBJECT 14 -3.031105784 48.723068024 90.000000
OBJECT 14 -3.031121115 48.723148938 0.000000
OBJECT 14 -3.031213100 48.723062967 90.000000
OBJECT 14 -3.031328082 48.723103424 0.000000
OBJECT 14 -3.031366409 48.723032624 90.000000
OBJECT 14 -3.031466060 48.723073081 0.000000
OBJECT 13 -3.030017285 48.723002281 0.000000
OBJECT 13 -3.029894638 48.722901138 0.000000
OBJECT 13 -3.029557359 48.722612881 0.000000
OBJECT 13 -3.029450044 48.722526909 0.000000
OBJECT 13 -3.029281404 48.722430824 0.000000
OBJECT 13 -3.029181754 48.722375195 0.000000
OBJECT 13 -3.029082104 48.722314509 0.000000
OBJECT 13 -3.028944126 48.722218423 0.000000
OBJECT 13 -3.028859806 48.722183023 0.000000
OBJECT 13 -3.028775487 48.722127395 0.000000
OBJECT 13 -3.028637509 48.722051537 0.000000
OBJECT 13 -3.028553190 48.721990852 0.000000
OBJECT 13 -3.028453539 48.721940280 0.000000
OBJECT 13 -3.028261904 48.721879594 0.000000
OBJECT 13 -3.028169919 48.721839137 0.000000
OBJECT 13 -3.028054937 48.721798680 0.000000
OBJECT 13 -3.027824975 48.721864423 0.000000
OBJECT 13 -3.024398578 48.720483822 0.000000
OBJECT 13 -3.024390913 48.720569793 0.000000
OBJECT 13 -3.024406243 48.720640593 0.000000
OBJECT 13 -3.024406243 48.720802422 0.000000
OBJECT 13 -3.024421574 48.720974365 225.000000
OBJECT 13 -3.023195119 48.720797365 0.000000
OBJECT 13 -3.023409749 48.720817594 0.000000
OBJECT 13 -3.023455741 48.720994594 0.000000
OBJECT 13 -3.023501733 48.721201937 0.000000
OBJECT 13 -3.023509398 48.721247451 0.000000
OBJECT 13 -3.023593717 48.721555937 0.000000
OBJECT 13 -3.023095562 48.722057142 0.000000
OBJECT 14 -3.023632044 48.722243709 0.000000
OBJECT 14 -3.023064809 48.722258881 0.000000
OBJECT 13 -3.023187454 48.722279109 270.000000
OBJECT 13 -3.022903836 48.722233595 0.000000
OBJECT 13 -3.023639709 48.722375195 0.000000
OBJECT 13 -3.023678036 48.722435881 0.000000
OBJECT 13 -3.023739359 48.722521852 0.000000
OBJECT 13 -3.023808347 48.722597709 0.000000
OBJECT 13 -3.023862004 48.722663452 0.000000
OBJECT 13 -3.023984650 48.722815167 90.000000
OBJECT 13 -3.024337255 48.722198195 0.000000
OBJECT 13 -3.024329590 48.721955452 0.000000
OBJECT 13 -3.024636204 48.721904880 0.000000
OBJECT 13 -3.024751184 48.721980737 180.000000
OBJECT 13 -3.024651534 48.721985795 0.000000
OBJECT 13 -3.026299583 48.721576166 0.000000
OBJECT 13 -3.023699282 48.727818384 0.000000
OBJECT 13 -3.023660952 48.727656556 0.000000
OBJECT 14 -3.024565555 48.727514956 90.000000
OBJECT 14 -3.024741876 48.727530127 0.000000
OBJECT 14 -3.024657549 48.727616099 0.000000
OBJECT 14 -3.024849202 48.727565527 0.000000
OBJECT 14 -3.024849202 48.727656556 0.000000
OBJECT 14 -3.024741876 48.727686899 0.000000
OBJECT 14 -3.024557889 48.727671727 0.000000
OBJECT 14 -3.024404567 48.727681841 0.000000
OBJECT 14 -3.024527225 48.727757699 0.000000
OBJECT 14 -3.024703546 48.727777927 0.000000
OBJECT 14 -3.024573221 48.727874013 0.000000
OBJECT 14 -3.024741876 48.727894242 0.000000
OBJECT 14 -3.024887533 48.727772870 90.000000
OBJECT 14 -3.024918197 48.727868956 0.000000
OBJECT 14 -3.025086852 48.727818384 0.000000
OBJECT 13 -3.024228245 48.727934699 0.000000
OBJECT 13 -3.023844939 48.728051013 0.000000
OBJECT 13 -3.024090255 48.728020670 90.000000
OBJECT 13 -3.025485491 48.727803213 0.000000
OBJECT 13 -3.025723141 48.727788042 90.000000
OBJECT 13 -3.025891796 48.727777927 90.000000
OBJECT 13 -3.026075783 48.727737470 0.000000
OBJECT 13 -3.032448408 48.726670330 206.559998
OBJECT 13 -3.032634738 48.726779199 270.000000
OBJECT 13 -3.032645386 48.726874021 270.000000
OBJECT 13 -3.032677328 48.726965330 206.559998
OBJECT 13 -3.032544235 48.726740568 0.000000
OBJECT 13 -3.032384523 48.726747592 0.000000
OBJECT 13 -3.032256754 48.726730032 0.000000
OBJECT 13 -3.032294020 48.726793247 0.000000
OBJECT 13 -3.032123661 48.726754616 0.000000
OBJECT 13 -3.032171574 48.726821342 0.000000
OBJECT 13 -3.031963949 48.726810806 0.000000
OBJECT 13 -3.032033157 48.726845925 0.000000
OBJECT 13 -3.031836180 48.726845925 0.000000
OBJECT 13 -3.031671144 48.726877533 0.000000
OBJECT 13 -3.031575317 48.726926699 0.000000
OBJECT 13 -3.031500785 48.726884556 0.000000
OBJECT 13 -3.031431577 48.726947771 0.000000
OBJECT 13 -3.031266541 48.727007473 0.000000
OBJECT 13 -3.031170714 48.726975866 270.000000
OBJECT 13 -3.031255880 48.728433308 0.000000
OBJECT 13 -3.031197317 48.728380629 0.000000
OBJECT 13 -3.031122783 48.728317415 0.000000
OBJECT 13 -3.031064221 48.728243665 0.000000
OBJECT 13 -3.030973716 48.728166403 315.000000
OBJECT 13 -3.030627671 48.727808188 0.000000
OBJECT 13 -3.030595729 48.727730926 0.000000
OBJECT 13 -3.030558462 48.727681759 0.000000
OBJECT 13 -3.030510548 48.727586938 0.000000
OBJECT 13 -3.030451987 48.727523724 180.000000
OBJECT 13 -3.030404073 48.727425390 0.000000
OBJECT 13 -3.030361482 48.727348128 90.000000
OBJECT 13 -3.030308245 48.727249795 63.430000
OBJECT 13 -3.030409396 48.727239259 0.000000
OBJECT 13 -3.030398749 48.727183069 0.000000
OBJECT 13 -3.030537167 48.727207652 0.000000
OBJECT 13 -3.030553139 48.727147949 90.000000
OBJECT 13 -3.030659614 48.727172533 90.000000
OBJECT 13 -3.030739471 48.727102295 90.000000
OBJECT 13 -3.030803356 48.727133902 0.000000
OBJECT 13 -3.030877889 48.727056640 90.000000
OBJECT 13 -3.030963070 48.727088247 0.000000
OBJECT 13 -3.031069545 48.727028545 63.430000
OBJECT 13 -3.031197316 48.727067176 0.000000
OBJECT 13 -3.031287820 48.727109318 0.000000
OBJECT 13 -3.031223935 48.727158485 0.000000
OBJECT 13 -3.031218611 48.727249795 90.000000
OBJECT 13 -3.031335735 48.727225211 71.559998
OBJECT 13 -3.031245230 48.727330569 248.199997
OBJECT 13 -3.031367677 48.727313009 116.570000
OBJECT 13 -3.031319763 48.727386759 0.000000
OBJECT 13 -3.031404944 48.727393783 90.000000
OBJECT 13 -3.031341058 48.727453485 0.000000
OBJECT 13 -3.031458182 48.727456997 108.440002
OBJECT 13 -3.031388972 48.727520212 63.430000
OBJECT 13 -3.031479477 48.727555331 90.000000
OBJECT 13 -3.031426239 48.727600986 180.000000
OBJECT 13 -3.031522067 48.727636105 0.000000
OBJECT 13 -3.031479477 48.727692295 0.000000
OBJECT 13 -3.031548686 48.727720390 0.000000
OBJECT 13 -3.031538038 48.727801164 180.000000
OBJECT 15 -3.030734147 48.727948664 0.000000
OBJECT 15 -3.030782061 48.727990807 0.000000
OBJECT 15 -3.030904508 48.728099676 158.199997
OBJECT 15 -3.032011855 48.728352534 0.000000
OBJECT 15 -3.031947969 48.728306879 0.000000
OBJECT 15 -3.031868113 48.728205034 0.000000
OBJECT 15 -3.031804227 48.728103188 0.000000
OBJECT 15 -3.031735018 48.728029438 0.000000
OBJECT 15 -3.031655161 48.727952176 0.000000
OBJECT 15 -3.031580629 48.727867891 0.000000
OBJECT 15 -3.032171568 48.727583426 0.000000
OBJECT 15 -3.032240777 48.727646640 0.000000
OBJECT 15 -3.032320634 48.727737950 0.000000
OBJECT 15 -3.032379196 48.727822236 0.000000
OBJECT 15 -3.032427110 48.727903010 0.000000
OBJECT 15 -3.032490995 48.727983783 0.000000
OBJECT 15 -3.032517614 48.728050510 0.000000
OBJECT 15 -3.029504353 48.727232235 0.000000
OBJECT 15 -3.029610829 48.727179557 0.000000
OBJECT 15 -3.029903636 48.727144438 0.000000
OBJECT 15 -3.030015435 48.727130390 0.000000
OBJECT 15 -3.030169825 48.727095271 0.000000
OBJECT 15 -3.030270976 48.727169021 0.000000
OBJECT 15 -3.029355288 48.726691401 0.000000
OBJECT 15 -3.029520325 48.726649259 0.000000
OBJECT 15 -3.029680038 48.726624675 0.000000
OBJECT 15 -3.026427214 48.727407831 0.000000
OBJECT 15 -3.026491099 48.727678248 0.000000
OBJECT 15 -3.026491099 48.727730926 0.000000
OBJECT 13 -3.027038551 48.728106700 90.000000
OBJECT 13 -3.027042987 48.728039389 0.000000
OBJECT 13 -3.027149463 48.728056948 0.000000
OBJECT 13 -3.027238193 48.728007196 63.430000
OBJECT 13 -3.027193828 48.727945738 0.000000
OBJECT 13 -3.027091789 48.727966224 0.000000
OBJECT 13 -3.026985313 48.727980857 0.000000
OBJECT 13 -3.026932074 48.728042315 135.000000
OBJECT 13 -3.026936511 48.728115480 0.000000
OBJECT 13 -3.026821162 48.728018903 0.000000
OBJECT 13 -3.026816725 48.728109627 0.000000
OBJECT 13 -3.026705813 48.728042315 90.000000
OBJECT 13 -3.026661448 48.728103774 0.000000
OBJECT 13 -3.027113971 48.728150599 90.000000
OBJECT 13 -3.027207138 48.728118407 90.000000
OBJECT 13 -3.027304741 48.728077434 90.000000
OBJECT 13 -3.027393471 48.728015976 0.000000
OBJECT 13 -3.027353542 48.727939885 0.000000
OBJECT 13 -3.027291431 48.727866720 90.000000
OBJECT 13 -3.027176082 48.727869646 270.000000
OBJECT 13 -3.027375725 48.727825748 0.000000
OBJECT 13 -3.027646352 48.727895986 90.000000
OBJECT 13 -3.027451146 48.727895986 0.000000
OBJECT 13 -3.027482201 48.727995490 0.000000
OBJECT 13 -3.027588677 48.727957444 90.000000
OBJECT 13 -3.027575368 48.727846234 0.000000
OBJECT 13 -3.027491074 48.727761363 90.000000
OBJECT 13 -3.027637479 48.727746730 0.000000
OBJECT 13 -3.027726209 48.727828674 0.000000
OBJECT 13 -3.027695153 48.727661859 90.000000
OBJECT 13 -3.027823812 48.727761363 0.000000
OBJECT 13 -3.027899233 48.727679418 90.000000
OBJECT 13 -3.027797193 48.727597474 90.000000
OBJECT 13 -3.027987963 48.727559428 0.000000
OBJECT 13 -3.028027891 48.727647226 0.000000
OBJECT 13 -3.028156550 48.727644299 153.440002
OBJECT 13 -3.028121058 48.727521382 90.000000
OBJECT 13 -3.028258590 48.727562355 104.040001
OBJECT 13 -3.028404994 48.727620886 116.570000
OBJECT 13 -3.028263026 48.727685271 206.559998
OBJECT 13 -3.028116621 48.727737950 90.000000
OBJECT 13 -3.027961344 48.727784775 0.000000
OBJECT 13 -3.027863741 48.727884279 225.000000
OBJECT 13 -3.027739518 48.727928178 0.000000
OBJECT 13 -3.027672971 48.727995490 270.000000
OBJECT 13 -3.027544312 48.728065728 180.000000
OBJECT 13 -3.027424527 48.728106700 116.570000
OBJECT 13 -3.027433400 48.728182792 90.000000
OBJECT 13 -3.027402344 48.728484230 0.000000
OBJECT 13 -3.027233757 48.728217911 323.130005
OBJECT 13 -3.027127281 48.728247177 0.000000
OBJECT 13 -3.027020805 48.728174012 0.000000
OBJECT 13 -3.026856654 48.728165232 0.000000
OBJECT 13 -3.026714686 48.728171085 0.000000
OBJECT 13 -3.026581591 48.728176938 0.000000
OBJECT 13 -3.026679194 48.728235470 0.000000
OBJECT 13 -3.026812289 48.728250103 0.000000
OBJECT 13 -3.026949820 48.728223764 0.000000
OBJECT 13 -3.026878836 48.728326194 0.000000
OBJECT 13 -3.026759051 48.728329121 180.000000
OBJECT 13 -3.026639265 48.728311562 0.000000
OBJECT 13 -3.026803416 48.728428625 0.000000
OBJECT 13 -3.026657011 48.728411066 0.000000
OBJECT 13 -3.026665884 48.728551542 0.000000
OBJECT 13 -3.026807852 48.727928178 0.000000
OBJECT 13 -3.026914328 48.727931105 90.000000
OBJECT 13 -3.027056297 48.727895986 0.000000
OBJECT 13 -3.027207138 48.727802335 0.000000
OBJECT 13 -3.027371289 48.727746730 0.000000
OBJECT 13 -3.027482201 48.727664785 0.000000
OBJECT 13 -3.027615296 48.727594547 0.000000
OBJECT 13 -3.027730645 48.727538942 0.000000
OBJECT 13 -3.027881487 48.727495043 0.000000
OBJECT 13 -3.028036764 48.727456997 90.000000
OBJECT 13 -3.028094439 48.727386759 270.000000
OBJECT 13 -3.027970217 48.727389686 0.000000
OBJECT 13 -3.027832685 48.727416025 0.000000
OBJECT 13 -3.027650788 48.727459924 180.000000
OBJECT 13 -3.027513257 48.727538942 270.000000
OBJECT 13 -3.027393471 48.727606253 243.429993
OBJECT 13 -3.027304741 48.727673565 0.000000
OBJECT 13 -3.027189392 48.727714537 0.000000
OBJECT 13 -3.027091789 48.727787702 0.000000
OBJECT 13 -3.026940947 48.727822821 0.000000
OBJECT 13 -3.026790106 48.727849160 270.000000
OBJECT 13 -3.026727995 48.727957444 243.429993
OBJECT 13 -3.026581591 48.728015976 270.000000
OBJECT 13 -3.026648138 48.727863793 0.000000
OBJECT 13 -3.026563845 48.727907692 0.000000
OBJECT 13 -3.026523916 48.727805262 0.000000
OBJECT 13 -3.026461805 48.727544795 0.000000
OBJECT 15 -3.027828251 48.727339934 90.000000
OBJECT 15 -3.027921417 48.727325301 0.000000
OBJECT 15 -3.027899235 48.727263842 90.000000
OBJECT 15 -3.028001274 48.727281402 90.000000
OBJECT 15 -3.027970219 48.727187751 90.000000
OBJECT 15 -3.028076694 48.727240430 90.000000
OBJECT 15 -3.028138805 48.727278475 315.000000
OBJECT 15 -3.028098877 48.727337007 0.000000
OBJECT 15 -3.028205353 48.727357493 0.000000
OBJECT 15 -3.028254154 48.727296035 90.000000
OBJECT 15 -3.028240845 48.727416025 0.000000
OBJECT 15 -3.028298519 48.727354567 90.000000
OBJECT 15 -3.028329574 48.727407245 0.000000
OBJECT 15 -3.028289646 48.727448218 0.000000
OBJECT 15 -3.028427177 48.727439438 180.000000
OBJECT 15 -3.028387249 48.727506749 270.000000
OBJECT 15 -3.028520343 48.727500896 90.000000
OBJECT 15 -3.028475978 48.727565281 0.000000
OBJECT 13 -3.028582454 48.726941918 135.000000
OBJECT 13 -3.028440487 48.726930211 0.000000
OBJECT 13 -3.028307392 48.726979963 180.000000
OBJECT 13 -3.028178734 48.727050201 0.000000
OBJECT 13 -3.028187607 48.727111660 180.000000
OBJECT 13 -3.028094440 48.727143852 26.559999
OBJECT 13 -3.028196480 48.727193604 180.000000
OBJECT 13 -3.028294082 48.727094100 90.000000
OBJECT 13 -3.028400558 48.727041422 90.000000
OBJECT 13 -3.028538089 48.727026789 63.430000
OBJECT 13 -3.028302955 48.727158485 90.000000
OBJECT 13 -3.028444923 48.727102880 90.000000
OBJECT 13 -3.028564708 48.727102880 0.000000
OBJECT 13 -3.028302955 48.727237503 90.000000
OBJECT 13 -3.028413868 48.727199457 90.000000
OBJECT 13 -3.028546962 48.727178971 0.000000
OBJECT 13 -3.028475978 48.727255063 0.000000
OBJECT 13 -3.028365066 48.727293108 0.000000
OBJECT 13 -3.028511470 48.727328227 180.000000
OBJECT 13 -3.028657875 48.727029715 99.459999
OBJECT 13 -3.028671184 48.727085320 90.000000
OBJECT 13 -3.028657875 48.727161412 90.000000
OBJECT 13 -3.028640129 48.727222870 0.000000
OBJECT 13 -3.029003921 48.727111660 0.000000
OBJECT 13 -3.028773223 48.727088247 0.000000
OBJECT 13 -3.028804279 48.726991670 60.250000
OBJECT 13 -3.028693366 48.726927285 0.000000
OBJECT 13 -3.028901881 48.726959477 71.559998
OBJECT 13 -3.029017230 48.726979963 0.000000
OBJECT 13 -3.028786533 48.727149705 0.000000
OBJECT 13 -3.028440487 48.727372126 0.000000
OBJECT 13 -3.028626819 48.727301888 0.000000
OBJECT 13 -3.028764350 48.727255063 90.000000
OBJECT 13 -3.028906318 48.727214090 0.000000
OBJECT 13 -3.028538089 48.727416025 90.000000
OBJECT 13 -3.028688930 48.727386759 90.000000
OBJECT 13 -3.028635692 48.727518456 90.000000
OBJECT 13 -3.028804280 48.727337007 90.000000
OBJECT 13 -3.028915192 48.727301888 0.000000
OBJECT 13 -3.029048286 48.727260916 90.000000
OBJECT 13 -3.029181380 48.727164338 90.000000
OBJECT 13 -3.029230181 48.727079467 0.000000
OBJECT 13 -3.029349965 48.727111660 0.000000
OBJECT 13 -3.029163634 48.727237503 0.000000
OBJECT 13 -3.029278982 48.727181898 0.000000
OBJECT 13 -3.029195470 48.726739819 0.000000
OBJECT 13 -3.028789170 48.726840962 0.000000
OBJECT 13 -3.028934825 48.726856133 0.000000
OBJECT 13 -3.029065148 48.726790390 90.000000
OBJECT 13 -3.029164806 48.726876362 0.000000
OBJECT 13 -3.029256798 48.726962333 0.000000
OBJECT 13 -3.029348791 48.727033133 0.000000
OBJECT 13 -3.029456115 48.727144391 90.000000
OBJECT 13 -3.029387121 48.727225305 0.000000
OBJECT 13 -3.029272130 48.727260705 0.000000
OBJECT 13 -3.029126476 48.727316334 0.000000
OBJECT 13 -3.029011485 48.727346677 270.000000
OBJECT 13 -3.028896495 48.727387134 270.000000
OBJECT 13 -3.028796836 48.727417477 90.000000
OBJECT 13 -3.032169863 48.725379446 0.000000
OBJECT 15 -3.031725238 48.726198704 0.000000
OBJECT 15 -3.031778899 48.726234104 0.000000
OBJECT 15 -3.032047208 48.726395933 0.000000
OBJECT 15 -3.032108536 48.726441447 0.000000
OBJECT 15 -3.032223525 48.726502133 0.000000
OBJECT 15 -3.029544042 48.725419763 90.000000
OBJECT 15 -3.029448219 48.725363573 0.000000
OBJECT 15 -3.030422420 48.724225714 0.000000
OBJECT 15 -3.030502273 48.724208155 90.000000
OBJECT 15 -3.030555508 48.724187083 153.440002
OBJECT 15 -3.032136589 48.723723512 270.000000
OBJECT 13 -3.031902354 48.723783214 180.000000
OBJECT 13 -3.031801208 48.723800774 135.000000
OBJECT 13 -3.031689414 48.723811309 90.000000
OBJECT 13 -3.031481797 48.723871012 270.000000
OBJECT 13 -3.031268857 48.723944762 90.000000
OBJECT 13 -3.031135770 48.723983393 180.000000
OBJECT 13 -3.031008006 48.724022024 90.000000
OBJECT 13 -3.030885565 48.724071190 90.000000
OBJECT 13 -3.030763124 48.724120357 90.000000
OBJECT 13 -3.030315950 48.724253810 0.000000
OBJECT 13 -3.030225450 48.724295953 63.430000
OBJECT 13 -3.030113657 48.724334584 0.000000
OBJECT 13 -3.029932658 48.724401310 0.000000
OBJECT 13 -3.029858128 48.724439941 90.000000
OBJECT 13 -3.029762305 48.724485596 0.000000
OBJECT 13 -3.029677129 48.724552322 153.440002
OBJECT 13 -3.029634541 48.724640120 0.000000
OBJECT 13 -3.029698423 48.724706846 0.000000
OBJECT 13 -3.029900717 48.724756012 0.000000
OBJECT 13 -3.029991216 48.724801667 0.000000
OBJECT 13 -3.030209480 48.724847322 0.000000
OBJECT 13 -3.030411773 48.724903513 0.000000
OBJECT 13 -3.030507596 48.724931608 0.000000
OBJECT 13 -3.030318429 48.725274818 135.000000
OBJECT 13 -3.029947543 48.725563197 0.000000
OBJECT 13 -3.027982004 48.726464624 0.000000
OBJECT 13 -3.028288640 48.726454509 0.000000
OBJECT 13 -3.026042528 48.725422851 0.000000
OBJECT 14 -3.023549796 48.726648367 0.000000
OBJECT 15 -3.024612968 48.726346245 270.000000
OBJECT 15 -3.024768243 48.726555984 90.000000
OBJECT 15 -3.024812607 48.726621832 0.000000
OBJECT 15 -3.024993761 48.726607199 0.000000
OBJECT 15 -3.025115763 48.726548667 90.000000
OBJECT 15 -3.024668424 48.726707191 270.000000
OBJECT 15 -3.024546422 48.726694997 270.000000
OBJECT 14 -3.024243267 48.726794989 0.000000
OBJECT 13 -3.025248856 48.726465747 0.000000
OBJECT 13 -3.024124981 48.725590209 0.000000
OBJECT 14 -3.024187830 48.725741416 0.000000
OBJECT 14 -3.024136072 48.725660935 90.000000
OBJECT 14 -3.024036254 48.725685323 270.000000
OBJECT 14 -3.024069527 48.725753611 0.000000
OBJECT 13 -3.023696150 48.725151221 0.000000
OBJECT 13 -3.023795967 48.725119516 0.000000
OBJECT 13 -3.025093591 48.724653701 0.000000
OBJECT 13 -3.025186014 48.724614679 0.000000
OBJECT 13 -3.024124994 48.725829214 0.000000
OBJECT 13 -3.024235902 48.725880429 90.000000
OBJECT 13 -3.024357901 48.725877991 0.000000
OBJECT 13 -3.024476203 48.725860919 0.000000
OBJECT 13 -3.024572323 48.725807265 0.000000
OBJECT 15 -3.024357901 48.725638986 0.000000
OBJECT 15 -3.024357901 48.725509728 0.000000
OBJECT 15 -3.025130560 48.725599965 90.000000
OBJECT 15 -3.025455891 48.725468268 0.000000
OBJECT 15 -3.025544617 48.725439002 0.000000
OBJECT 15 -3.025729464 48.725373154 0.000000
OBJECT 15 -3.024971592 48.725360960 90.000000
OBJECT 15 -3.025215590 48.725426808 116.570000
OBJECT 15 -3.024723899 48.724765887 180.000000
OBJECT 15 -3.023455856 48.724870756 90.000000
OBJECT 15 -3.023485431 48.724885389 0.000000
OBJECT 15 -3.023951243 48.725070740 0.000000
OBJECT 15 -3.024243316 48.724404940 0.000000
OBJECT 15 -3.024513187 48.724326898 0.000000
OBJECT 15 -3.024624093 48.724268366 0.000000
OBJECT 15 -3.024723908 48.724229345 90.000000
OBJECT 15 -3.024790452 48.724197640 0.000000
OBJECT 15 -3.024320950 48.723707437 90.000000
OBJECT 15 -3.023200759 48.723743699 0.000000
OBJECT 15 -3.023259908 48.723794914 0.000000
OBJECT 15 -3.023352329 48.723853446 0.000000
OBJECT 15 -3.023452143 48.723921733 0.000000
OBJECT 15 -3.023581532 48.723972948 0.000000
OBJECT 15 -3.024782996 48.723477867 0.000000
OBJECT 15 -3.024790389 48.723307149 180.000000
OBJECT 15 -3.024849538 48.723451040 0.000000
OBJECT 15 -3.024882809 48.723521766 0.000000
OBJECT 13 -3.023681349 48.723294955 0.000000
OBJECT 13 -3.023559355 48.723326660 0.000000
OBJECT 13 -3.024923474 48.724138789 0.000000
OBJECT 13 -3.025008502 48.724099767 0.000000
OBJECT 13 -3.025097226 48.724053430 0.000000
OBJECT 13 -3.024187802 48.723733944 0.000000
OBJECT 13 -3.024073200 48.723768087 0.000000
OBJECT 15 -3.025533452 48.724248536 90.000000
OBJECT 15 -3.025559330 48.724285118 0.000000
OBJECT 15 -3.025581512 48.724343650 0.000000
OBJECT 15 -3.025599996 48.724394865 0.000000
OBJECT 15 -3.025614784 48.724436325 270.000000
OBJECT 15 -3.025644359 48.724497296 0.000000
OBJECT 15 -3.025655449 48.724550950 270.000000
OBJECT 15 -3.025670237 48.724594849 0.000000
OBJECT 15 -3.025688721 48.724633870 0.000000
OBJECT 15 -3.025710902 48.724677769 180.000000
OBJECT 15 -3.026084287 48.724768005 90.000000
OBJECT 15 -3.026006653 48.724760689 0.000000
OBJECT 14 -3.025829203 48.724658258 0.000000
OBJECT 14 -3.025747871 48.724748495 0.000000
OBJECT 14 -3.025880959 48.724755811 0.000000
OBJECT 13 -3.025566724 48.723972948 0.000000
OBJECT 13 -3.025492787 48.724143666 0.000000
OBJECT 15 -3.025962290 48.724660697 0.000000
OBJECT 15 -3.025899443 48.724594849 0.000000
OBJECT 15 -3.025840293 48.724533878 0.000000
OBJECT 15 -3.025991865 48.724509490 0.000000
OBJECT 15 -3.026128650 48.724536317 0.000000
OBJECT 15 -3.026187800 48.724589971 0.000000
OBJECT 15 -3.026158225 48.724685085 0.000000
OBJECT 15 -3.026180406 48.724770444 0.000000
OBJECT 13 -3.025563035 48.724148544 0.000000
OBJECT 14 -3.025448433 48.723977826 0.000000
OBJECT 14 -3.025736786 48.724158299 0.000000
OBJECT 14 -3.025895750 48.724150983 0.000000
OBJECT 13 -3.026032533 48.724026603 0.000000
OBJECT 13 -3.025914234 48.723948560 0.000000
OBJECT 13 -3.026187800 48.723826619 0.000000
OBJECT 13 -3.026302402 48.723811986 0.000000
OBJECT 13 -3.025378193 48.723853446 0.000000
OBJECT 13 -3.025300560 48.723648585 0.000000
OBJECT 13 -3.025230320 48.723529082 0.000000
OBJECT 13 -3.025148989 48.723399825 270.000000
OBJECT 15 -3.027104971 48.722654493 0.000000
OBJECT 15 -3.026958640 48.722703608 270.000000
OBJECT 15 -3.027248735 48.722649412 0.000000
OBJECT 15 -3.027143479 48.722603684 0.000000
OBJECT 15 -3.027069030 48.722610459 153.440002
OBJECT 15 -3.026902161 48.722551182 0.000000
OBJECT 15 -3.027022820 48.722535939 0.000000
OBJECT 15 -3.027120374 48.722478356 0.000000
OBJECT 15 -3.027220496 48.722546101 0.000000
OBJECT 15 -3.027289811 48.722500373 0.000000
OBJECT 13 -3.027400201 48.722569812 270.000000
OBJECT 13 -3.027397634 48.722640944 270.000000
OBJECT 13 -3.027382231 48.722730706 0.000000
OBJECT 13 -3.027546533 48.722695140 90.000000
OBJECT 13 -3.027574772 48.722806920 0.000000
OBJECT 13 -3.027505457 48.722869584 0.000000
OBJECT 13 -3.027395067 48.722844179 0.000000
OBJECT 13 -3.027300080 48.722795064 0.000000
OBJECT 13 -3.027156315 48.722786596 0.000000
OBJECT 13 -3.027020253 48.722783209 0.000000
OBJECT 13 -3.026950938 48.722889907 0.000000
OBJECT 13 -3.026897026 48.722781515 0.000000
OBJECT 13 -3.026830279 48.722700221 0.000000
OBJECT 13 -3.027528562 48.723099917 0.000000
OBJECT 13 -3.027595310 48.723023704 0.000000
OBJECT 13 -3.027541398 48.722952572 0.000000
OBJECT 13 -3.027633819 48.722900069 45.000000
OBJECT 13 -3.027710836 48.722939023 74.050003
OBJECT 13 -3.027698000 48.722818775 90.000000
OBJECT 13 -3.027800689 48.722862809 0.000000
OBJECT 13 -3.027659491 48.722766273 0.000000
OBJECT 13 -3.027474650 48.722764579 0.000000
OBJECT 13 -3.027161447 48.722713770 0.000000
OBJECT 13 -3.027063892 48.722715464 0.000000
OBJECT 13 -3.026935530 48.722624008 270.000000
OBJECT 13 -3.026820005 48.722600297 0.000000
OBJECT 13 -3.026689076 48.722639250 180.000000
OBJECT 13 -3.027058758 48.722854341 0.000000
OBJECT 13 -3.027225628 48.722883133 0.000000
OBJECT 13 -3.027348856 48.722917005 0.000000
OBJECT 13 -3.027456680 48.722950878 0.000000
OBJECT 13 -3.027454112 48.723023704 90.000000
OBJECT 13 -3.027310347 48.723076207 270.000000
OBJECT 13 -3.027271838 48.723171050 0.000000
OBJECT 13 -3.027834063 48.722911925 180.000000
OBJECT 13 -3.027721105 48.723013542 116.570000
OBJECT 13 -3.027651790 48.723088062 165.960007
OBJECT 13 -3.027810958 48.722994912 270.000000
OBJECT 13 -3.027954723 48.722915312 0.000000
OBJECT 13 -3.027959858 48.722979670 0.000000
OBJECT 13 -3.027795555 48.723077900 0.000000
OBJECT 13 -3.028070249 48.723022010 0.000000
OBJECT 13 -3.027957291 48.723076207 0.000000
OBJECT 13 -3.027307780 48.722397062 0.000000
OBJECT 13 -3.027369393 48.722439402 0.000000
OBJECT 13 -3.027451545 48.722476662 90.000000
OBJECT 13 -3.027523428 48.722522390 270.000000
OBJECT 13 -3.027554235 48.722595216 90.000000
OBJECT 13 -3.027638953 48.722640944 90.000000
OBJECT 13 -3.027708269 48.722683285 90.000000
OBJECT 13 -3.027782719 48.722732400 45.000000
OBJECT 13 -3.027862303 48.722766273 0.000000
OBJECT 13 -3.027957291 48.722813694 270.000000
OBJECT 13 -3.028042009 48.722862809 270.000000
OBJECT 13 -3.028116459 48.722922086 63.430000
OBJECT 13 -3.028170371 48.722971202 90.000000
OBJECT 13 -3.028226851 48.723028785 45.000000
OBJECT 13 -3.028095921 48.723106692 0.000000
OBJECT 13 -3.028196044 48.723096530 0.000000
OBJECT 13 -3.028288464 48.723066045 0.000000
OBJECT 13 -3.028288464 48.723155807 0.000000
OBJECT 13 -3.028154968 48.723159194 0.000000
OBJECT 13 -3.028039442 48.723150726 0.000000
OBJECT 13 -3.027900811 48.723150726 0.000000
OBJECT 13 -3.027816093 48.723203229 0.000000
OBJECT 13 -3.027741643 48.723155807 0.000000
OBJECT 13 -3.027623550 48.723157501 165.960007
OBJECT 13 -3.027574772 48.723223552 0.000000
OBJECT 13 -3.027510591 48.723208310 0.000000
OBJECT 13 -3.027400200 48.723216778 0.000000
OBJECT 13 -3.027294944 48.723243876 0.000000
OBJECT 13 -3.027232906 48.723268836 0.000000
OBJECT 13 -3.027232906 48.723367169 0.000000
OBJECT 13 -3.027243552 48.723419848 0.000000
OBJECT 13 -3.027275492 48.723497110 0.000000
OBJECT 13 -3.027302109 48.723570860 0.000000
OBJECT 13 -3.028387223 48.723139540 0.000000
OBJECT 13 -3.028502750 48.723153089 90.000000
OBJECT 13 -3.028369252 48.723215753 0.000000
OBJECT 13 -3.028479644 48.723217447 0.000000
OBJECT 13 -3.028615709 48.723192043 0.000000
OBJECT 13 -3.028733802 48.723237771 0.000000
OBJECT 13 -3.028654218 48.723273337 0.000000
OBJECT 13 -3.028841627 48.723297048 0.000000
OBJECT 13 -3.029170235 48.723374954 0.000000
OBJECT 13 -3.029026469 48.723363099 0.000000
OBJECT 13 -3.028918645 48.723351244 0.000000
OBJECT 13 -3.028818522 48.723363099 0.000000
OBJECT 13 -3.028156170 48.723463023 116.570000
OBJECT 13 -3.028433434 48.723418989 90.000000
OBJECT 13 -3.028541258 48.723402053 0.000000
OBJECT 13 -3.028702995 48.723369874 0.000000
OBJECT 13 -3.028872434 48.723417295 0.000000
OBJECT 13 -3.029011066 48.723424070 180.000000
OBJECT 13 -3.029129159 48.723439312 0.000000
OBJECT 13 -3.029249820 48.723432538 0.000000
OBJECT 13 -3.029591268 48.723542624 135.000000
OBJECT 13 -3.029755572 48.723627305 0.000000
OBJECT 13 -3.029642613 48.723601901 0.000000
OBJECT 13 -3.029542490 48.723605288 0.000000
OBJECT 13 -3.029580999 48.723659484 0.000000
OBJECT 13 -3.029686256 48.723679808 0.000000
OBJECT 13 -3.029783812 48.723725536 90.000000
OBJECT 13 -3.029835158 48.723674727 0.000000
OBJECT 13 -3.029878801 48.723732310 0.000000
OBJECT 15 -3.029932714 48.723667952 0.000000
OBJECT 15 -3.030002030 48.723647629 0.000000
OBJECT 15 -3.030053375 48.723610369 90.000000
OBJECT 15 -3.030112422 48.723583271 0.000000
OBJECT 15 -3.030204843 48.723537543 90.000000
OBJECT 15 -3.030261323 48.723508751 0.000000
OBJECT 15 -3.030348610 48.723459636 0.000000
OBJECT 15 -3.030412792 48.723424070 90.000000
OBJECT 15 -3.030464137 48.723402053 0.000000
OBJECT 15 -3.027824975 48.724208220 0.000000
OBJECT 15 -3.027758225 48.724203139 0.000000
OBJECT 13 -3.029334547 48.724382663 0.000000
OBJECT 13 -3.029234422 48.724360646 0.000000
OBJECT 13 -3.029116326 48.724353872 0.000000
OBJECT 13 -3.029018769 48.724370808 0.000000
OBJECT 13 -3.028939183 48.724355565 0.000000
OBJECT 13 -3.028238310 48.724248867 270.000000
OBJECT 13 -3.028351271 48.724260722 0.000000
OBJECT 13 -3.028471934 48.724265803 0.000000
OBJECT 13 -3.028592597 48.724269190 0.000000
OBJECT 13 -3.028708126 48.724281046 0.000000
OBJECT 13 -3.028813385 48.724296288 135.000000
OBJECT 13 -3.028952019 48.724294595 135.000000
OBJECT 13 -3.029059846 48.724301369 0.000000
OBJECT 13 -3.029183076 48.724297982 0.000000
OBJECT 13 -3.029301172 48.724297982 0.000000
OBJECT 13 -3.029550200 48.723723842 0.000000
OBJECT 13 -3.029545065 48.723789893 0.000000
OBJECT 13 -3.029539931 48.723879656 0.000000
OBJECT 13 -3.029542498 48.723932158 0.000000
OBJECT 13 -3.029539931 48.724032082 0.000000
OBJECT 13 -3.029521960 48.724093053 201.800003
OBJECT 13 -3.029493719 48.724174347 0.000000
OBJECT 13 -3.029473181 48.724252254 0.000000
OBJECT 13 -3.029439806 48.724335242 0.000000
OBJECT 13 -3.029149701 48.724409761 0.000000
OBJECT 13 -3.027930234 48.724226850 0.000000
OBJECT 13 -3.028099676 48.724253948 0.000000
OBJECT 13 -3.028279387 48.724296288 0.000000
OBJECT 13 -3.028402617 48.724311531 0.000000
OBJECT 13 -3.028528415 48.724328467 0.000000
OBJECT 13 -3.028628540 48.724345404 0.000000
OBJECT 13 -3.028741501 48.724360646 90.000000
OBJECT 13 -3.028851895 48.724387744 0.000000
OBJECT 13 -3.028954587 48.724426698 0.000000
OBJECT 13 -3.029062413 48.724441940 0.000000
OBJECT 13 -3.029247259 48.724447021 180.000000
OBJECT 13 -3.029147134 48.724475813 90.000000
OBJECT 13 -3.029216451 48.724519847 90.000000
OBJECT 13 -3.029362791 48.724455489 0.000000
OBJECT 13 -3.029326848 48.724518154 0.000000
OBJECT 13 -3.029290906 48.724587592 90.000000
OBJECT 13 -3.029267800 48.724651950 0.000000
OBJECT 13 -3.029193348 48.724607916 0.000000
OBJECT 13 -3.029154838 48.724662112 0.000000
OBJECT 13 -3.029131732 48.724721389 0.000000
OBJECT 13 -3.029047010 48.724699372 0.000000
OBJECT 13 -3.029072684 48.724623159 63.430000
OBJECT 13 -3.029131732 48.724557107 0.000000
OBJECT 13 -3.029052145 48.724509685 0.000000
OBJECT 13 -3.029023904 48.724574043 0.000000
OBJECT 13 -3.028967423 48.724641788 0.000000
OBJECT 13 -3.028946885 48.724709534 0.000000
OBJECT 13 -3.028990529 48.724758649 180.000000
OBJECT 13 -3.029059847 48.724777279 0.000000
OBJECT 13 -3.029236992 48.724731551 0.000000
OBJECT 13 -3.029170242 48.724780666 0.000000
OBJECT 13 -3.028990529 48.724833168 0.000000
OBJECT 13 -3.028921212 48.724802683 135.000000
OBJECT 13 -3.028908375 48.724880590 0.000000
OBJECT 13 -3.029072684 48.724851798 0.000000
OBJECT 13 -3.029008501 48.724904301 270.000000
OBJECT 13 -3.029167674 48.724848411 90.000000
OBJECT 13 -3.029095789 48.724924624 0.000000
OBJECT 13 -3.028949452 48.724936480 0.000000
OBJECT 13 -3.028846759 48.724953416 0.000000
OBJECT 13 -3.028921212 48.725004225 0.000000
OBJECT 13 -3.029026472 48.724994063 0.000000
OBJECT 13 -3.028823654 48.725019468 0.000000
OBJECT 13 -3.028913511 48.725075357 0.000000
OBJECT 13 -3.029003367 48.725066889 0.000000
OBJECT 13 -3.028815952 48.725097375 180.000000
OBJECT 13 -3.028967425 48.725138022 0.000000
OBJECT 13 -3.028872433 48.725158345 90.000000
OBJECT 13 -3.028787711 48.725176975 0.000000
OBJECT 13 -3.028908376 48.725217622 0.000000
OBJECT 13 -3.028790279 48.725244720 0.000000
OBJECT 13 -3.028867299 48.725293835 0.000000
OBJECT 15 -3.028821087 48.725363274 0.000000
OBJECT 15 -3.027634977 48.725209154 0.000000
OBJECT 15 -3.027224208 48.724826394 0.000000
OBJECT 15 -3.026936669 48.724614690 0.000000
OBJECT 15 -3.026890457 48.724568962 0.000000
OBJECT 15 -3.026718447 48.724345404 0.000000
OBJECT 13 -3.026759524 48.724460570 0.000000
OBJECT 13 -3.026831409 48.724516460 0.000000
OBJECT 13 -3.027005986 48.724651950 0.000000
OBJECT 13 -3.026957207 48.724702759 0.000000
OBJECT 13 -3.027177996 48.724770504 0.000000
OBJECT 13 -3.027483507 48.725058421 90.000000
OBJECT 13 -3.027804997 48.725364262 0.000000
OBJECT 13 -3.027694458 48.725260763 0.000000
OBJECT 13 -3.028175836 48.725648886 0.000000
BEGIN_POLYGON 3 1 2
BEGIN_WINDING
POLYGON_POINT -3.025745506 48.722948568
POLYGON_POINT -3.025030896 48.723210258
POLYGON_POINT -3.025243348 48.723538594
POLYGON_POINT -3.025412717 48.723980623
END_WINDING
END_POLYGON
BEGIN_POLYGON 3 1 2
BEGIN_WINDING
POLYGON_POINT -3.028141094 48.725657062
POLYGON_POINT -3.027996964 48.725482743
POLYGON_POINT -3.027809596 48.725381322
POLYGON_POINT -3.026767059 48.724455852
POLYGON_POINT -3.026752646 48.724183282
END_WINDING
END_POLYGON
FILTER -1
OBJECT_DEF lib/airport/Common_Elements/Markers/Cones/Square_Black_White.obj
OBJECT_DEF lib/airport/Common_Elements/Runway_Markers/Rectangular/White_Red.obj
OBJECT_DEF lib/airport/Common_Elements/Markers/Cones/Square_Yellow.obj
OBJECT_DEF lib/airport/European_Airports/hangars/25x20x5.obj
OBJECT_DEF lib/airport/Common_Elements/Hangars/Sm_Gray_Hangar.agp
OBJECT_DEF lib/g10/US/industrial/light/WoodShed8x20.obj
OBJECT_DEF lib/g10/US/industrial/light/WoodShed8x10.obj
OBJECT_DEF lib/g10/US/suburban/SmlRnchGry.obj
OBJECT_DEF lib/g10/US/industrial/light/SiteOffice8x14.obj
OBJECT_DEF lib/g10/US/suburban/h-RnchRHGry.obj
OBJECT_DEF lib/g10/US/industrial/light/TinShed10x50.obj
OBJECT_DEF lib/g10/US/industrial/light/Warehse15x30Dk.obj
OBJECT_DEF lib/g10/EU/suburban/gar1_6x8.obj
OBJECT_DEF lib/g10/forests/autogen_tree3.obj
OBJECT_DEF lib/g10/forests/autogen_tree4.obj
OBJECT_DEF lib/g10/forests/autogen_tree1.obj
POLYGON_DEF lib/airport/pavement/asphalt_4D.pol
POLYGON_DEF lib/g10/terrain10/apt_tmp_wet.pol
POLYGON_DEF lib/airport/Modern_Airports/Terminal_kit/term_building_Ground_02.fac
POLYGON_DEF lib/constructions/fencing/fence_HedgeSmall_02.fac
PROPERTY sim/filter/aptid XLF003I
PROPERTY sim/exclude_net -3.026733/48.723751/-3.025618/48.724484
PROPERTY sim/exclude_for -3.032600/48.720386/-3.023790/48.728377
PROPERTY sim/exclude_obj -3.029535/48.722800/-3.025548/48.725939
PROPERTY sim/exclude_fac -3.029535/48.722800/-3.025548/48.725939
PROPERTY sim/require_agpoint 1/0
PROPERTY sim/require_object 1/0
PROPERTY sim/require_facade 1/2
PROPERTY sim/require_facade 6/0
