PROPERTY sim/west -180
PROPERTY sim/east 180
PROPERTY sim/north 90
PROPERTY sim/south -90
PROPERTY sim/planet earth
PROPERTY sim/creation_agent WorldEditor2.1.0r1
PROPERTY laminar/internal_revision 0
PROPERTY sim/overlay 1
FILTER 0
BEGIN_POLYGON 0 1 2
BEGIN_WINDING
POLYGON_POINT 1.879527675 49.105657776
POLYGON_POINT 1.879493776 49.105604203
POLYGON_POINT 1.879441919 49.105557193
POLYGON_POINT 1.879374899 49.105519279
POLYGON_POINT 1.879296330 49.105492506
POLYGON_POINT 1.879210448 49.105478316
POLYGON_POINT 1.879121882 49.105477475
POLYGON_POINT 1.879035407 49.105490028
POLYGON_POINT 1.878955685 49.105515298
POLYGON_POINT 1.878887014 49.105551923
POLYGON_POINT 1.878833095 49.105597929
POLYGON_POINT 1.878796836 49.105650835
POLYGON_POINT 1.878780191 49.105707789
POLYGON_POINT 1.878784058 49.105765721
POLYGON_POINT 1.878808229 49.105821507
POLYGON_POINT 1.878851399 49.105872141
POLYGON_POINT 1.878911242 49.105914892
POLYGON_POINT 1.878984532 49.105947456
POLYGON_POINT 1.879067317 49.105968077
POLYGON_POINT 1.879155135 49.105975643
POLYGON_POINT 1.879243251 49.105969748
POLYGON_POINT 1.879326915 49.105950707
POLYGON_POINT 1.879401617 49.105919549
POLYGON_POINT 1.879463329 49.105877952
POLYGON_POINT 1.879508725 49.105828160
POLYGON_POINT 1.879535357 49.105772856
POLYGON_POINT 1.879541789 49.105715022
END_WINDING
END_POLYGON
BEGIN_POLYGON 1 0 2
BEGIN_WINDING
POLYGON_POINT 1.879187670 49.105719390
POLYGON_POINT 1.879134783 49.105731858
END_WINDING
END_POLYGON
BEGIN_POLYGON 1 0 2
BEGIN_WINDING
POLYGON_POINT 1.879182794 49.105737422
POLYGON_POINT 1.879139659 49.105713826
END_WINDING
END_POLYGON
BEGIN_POLYGON 1 0 2
BEGIN_WINDING
POLYGON_POINT 1.879151690 49.105742933
POLYGON_POINT 1.879170762 49.105708316
END_WINDING
END_POLYGON
BEGIN_POLYGON 2 0 2
BEGIN_WINDING
POLYGON_POINT 1.878622461 49.106687238
POLYGON_POINT 1.878046463 49.105639332
POLYGON_POINT 1.879597226 49.104765472
POLYGON_POINT 1.880178762 49.105860516
END_WINDING
END_POLYGON
FILTER -1
FILTER 0
FILTER -1
FILTER 0
FILTER -1
FILTER 0
FILTER -1
FILTER 0
FILTER -1
FILTER 0
OBJECT 0 1.878514419 49.106154016 0.000000
OBJECT 0 1.879352367 49.106255970 0.000000
OBJECT 0 1.879756349 49.106056216 0.000000
OBJECT 0 1.880034852 49.105826834 0.000000
OBJECT 0 1.879981984 49.105530575 0.000000
OBJECT 0 1.879842541 49.105272517 0.000000
OBJECT 0 1.879514008 49.105094156 0.000000
OBJECT 0 1.878990643 49.105152047 0.000000
OBJECT 0 1.878547395 49.105383417 0.000000
OBJECT 0 1.878293365 49.105618747 0.000000
OBJECT 0 1.878362364 49.105916496 0.000000
OBJECT 0 1.878824761 49.106348509 0.000000
OBJECT 1 1.878169975 49.105639610 110.669998
OBJECT 2 1.878267132 49.105818553 200.000000
OBJECT 2 1.878527698 49.106285909 200.279999
OBJECT 2 1.878725290 49.106637934 201.470001
OBJECT 3 1.878205284 49.105587865 127.919998
OBJECT 4 1.884715077 49.097795924 0.000000
OBJECT 4 1.884981955 49.097770639 0.000000
OBJECT 4 1.884830446 49.097676654 0.000000
OBJECT 4 1.885061696 49.097650547 0.000000
OBJECT 4 1.885165360 49.097817632 270.000000
OBJECT 4 1.885053722 49.097901174 116.570000
OBJECT 4 1.884803570 49.097884954 0.000000
OBJECT 4 1.884918161 49.097969052 0.000000
OBJECT 4 1.884742730 49.097984716 0.000000
OBJECT 4 1.884655014 49.097681875 270.000000
OBJECT 4 1.884447686 49.097728868 270.000000
OBJECT 4 1.884580330 49.097876155 0.000000
OBJECT 4 1.884567298 49.097995159 180.000000
OBJECT 4 1.884383893 49.097854181 135.000000
OBJECT 4 1.884248332 49.097754975 0.000000
OBJECT 4 1.884351996 49.097979495 0.000000
OBJECT 4 1.884160616 49.097875067 0.000000
OBJECT 4 1.883977211 49.097807189 180.000000
OBJECT 4 1.884128720 49.098010823 225.000000
OBJECT 4 1.883937340 49.097916838 0.000000
OBJECT 4 1.883889495 49.098010823 0.000000
OBJECT 4 1.883777857 49.097869846 0.000000
OBJECT 4 1.881248871 49.098224099 0.000000
OBJECT 4 1.881468956 49.098130114 0.000000
OBJECT 4 1.881717748 49.098117582 0.000000
OBJECT 4 1.881813438 49.098004800 180.000000
OBJECT 4 1.882081368 49.097973472 0.000000
OBJECT 4 1.882358867 49.097942143 0.000000
OBJECT 4 1.882177057 49.097816830 0.000000
OBJECT 4 1.882387573 49.097747907 315.000000
OBJECT 4 1.882559814 49.097854424 0.000000
OBJECT 4 1.882837313 49.097898283 270.000000
OBJECT 4 1.882732055 49.097992269 0.000000
OBJECT 4 1.883038261 49.097917080 270.000000
OBJECT 4 1.882999985 49.097772970 0.000000
OBJECT 4 1.882751193 49.097779235 90.000000
OBJECT 4 1.882559814 49.097710313 0.000000
OBJECT 4 1.882320591 49.097610062 180.000000
OBJECT 4 1.882004816 49.097772970 180.000000
OBJECT 4 1.881813438 49.097866955 0.000000
OBJECT 4 1.881535939 49.098004800 180.000000
OBJECT 4 1.881277577 49.098111317 0.000000
OBJECT 4 1.881057492 49.098236630 0.000000
OBJECT 4 1.880904389 49.098493523 0.000000
OBJECT 4 1.880741717 49.098487257 0.000000
OBJECT 4 1.880866113 49.098643900 0.000000
OBJECT 4 1.881067061 49.098412069 0.000000
OBJECT 4 1.881373267 49.098318084 270.000000
OBJECT 4 1.881669904 49.098249162 270.000000
OBJECT 4 1.881918696 49.098148911 0.000000
OBJECT 4 1.882244039 49.098061191 0.000000
OBJECT 4 1.882578952 49.097992269 0.000000
OBJECT 4 1.883229639 49.097823095 0.000000
OBJECT 4 1.883172226 49.097967206 0.000000
OBJECT 4 1.882913865 49.098061191 0.000000
OBJECT 4 1.882712917 49.098186505 135.000000
OBJECT 4 1.883038261 49.098217833 198.429993
OBJECT 4 1.882866020 49.098349412 90.000000
OBJECT 4 1.883124381 49.098374475 0.000000
OBJECT 4 1.883076536 49.098512320 243.429993
OBJECT 4 1.883287053 49.098487257 0.000000
OBJECT 4 1.883200933 49.098662697 270.000000
OBJECT 4 1.883440156 49.098643900 0.000000
OBJECT 4 1.883344466 49.098825604 180.000000
OBJECT 4 1.883593259 49.098856933 180.000000
OBJECT 4 1.883449725 49.098994778 180.000000
OBJECT 4 1.883708086 49.099051169 90.000000
OBJECT 4 1.883641103 49.099170217 0.000000
OBJECT 4 1.883899464 49.099220342 0.000000
OBJECT 4 1.883832482 49.099358187 0.000000
OBJECT 4 1.884062136 49.099408313 0.000000
OBJECT 4 1.883947309 49.099539892 153.440002
OBJECT 4 1.884234377 49.099577486 225.000000
OBJECT 4 1.884129119 49.099740394 0.000000
OBJECT 4 1.884368342 49.099790519 0.000000
OBJECT 4 1.876637558 49.099104232 0.000000
OBJECT 4 1.876312205 49.099173154 90.000000
OBJECT 4 1.876465312 49.099254608 0.000000
OBJECT 4 1.876551435 49.099379922 0.000000
OBJECT 4 1.876312205 49.099323531 0.000000
OBJECT 4 1.876178236 49.099242077 45.000000
OBJECT 4 1.874915101 49.099254608 0.000000
OBJECT 4 1.874809840 49.099348593 0.000000
OBJECT 4 1.874608887 49.099467641 0.000000
OBJECT 4 1.875546669 49.099304733 0.000000
OBJECT 4 1.875709345 49.099217014 0.000000
OBJECT 4 1.876015560 49.099160623 270.000000
OBJECT 4 1.876187805 49.099060372 0.000000
OBJECT 4 1.876465312 49.099016512 0.000000
OBJECT 4 1.876752389 49.098972652 0.000000
OBJECT 4 1.877087311 49.098878667 0.000000
OBJECT 4 1.876991619 49.098985184 45.000000
OBJECT 4 1.877316972 49.099022778 180.000000
OBJECT 4 1.876857650 49.099116763 0.000000
OBJECT 4 1.877183003 49.099091700 0.000000
OBJECT 4 1.877479648 49.099135560 0.000000
OBJECT 4 1.877259556 49.099242077 270.000000
OBJECT 4 1.877001188 49.099235811 90.000000
OBJECT 4 1.876704543 49.099223280 0.000000
OBJECT 4 1.876915065 49.099348593 0.000000
OBJECT 4 1.877192572 49.099361125 0.000000
OBJECT 4 1.877431802 49.099386187 180.000000
OBJECT 4 1.878312169 49.099793457 0.000000
OBJECT 4 1.878072939 49.099824785 90.000000
OBJECT 4 1.877862416 49.099805988 90.000000
OBJECT 4 1.877632755 49.099768394 45.000000
OBJECT 4 1.877404601 49.099752208 0.000000
OBJECT 4 1.877249987 49.099912505 0.000000
OBJECT 4 1.877183003 49.099831051 0.000000
OBJECT 4 1.876943773 49.099812254 90.000000
OBJECT 4 1.876656697 49.099843582 90.000000
OBJECT 4 1.876379190 49.099918770 0.000000
OBJECT 4 1.876235651 49.100044084 0.000000
OBJECT 4 1.877140695 49.099697789 0.000000
OBJECT 4 1.876861681 49.099660543 0.000000
OBJECT 4 1.876551435 49.099661877 180.000000
OBJECT 4 1.881096795 49.099091700 0.000000
OBJECT 4 1.881383870 49.099223280 0.000000
OBJECT 4 1.881173348 49.099217014 0.000000
OBJECT 4 1.880914981 49.099141826 90.000000
OBJECT 4 1.881288178 49.099417516 0.000000
OBJECT 4 1.880981965 49.099317265 75.959999
OBJECT 4 1.880742736 49.099248342 0.000000
OBJECT 4 1.880493937 49.099198217 0.000000
OBJECT 4 1.880331261 49.099317265 180.000000
OBJECT 4 1.880771443 49.099436313 0.000000
OBJECT 4 1.881058518 49.099498970 0.000000
OBJECT 4 1.881469993 49.099367390 270.000000
OBJECT 4 1.881584823 49.099179420 0.000000
OBJECT 4 1.881441285 49.099022778 0.000000
OBJECT 4 1.881326455 49.098884933 333.440002
OBJECT 4 1.881211625 49.098991449 0.000000
OBJECT 4 1.880838427 49.099016512 0.000000
OBJECT 4 1.880637475 49.098978918 0.000000
OBJECT 4 1.880474799 49.099060372 225.000000
OBJECT 4 1.880178154 49.099085435 180.000000
OBJECT 4 1.880149447 49.099223280 0.000000
OBJECT 4 1.880627906 49.098740822 0.000000
OBJECT 4 1.880723597 49.098878667 201.800003
OBJECT 4 1.881077657 49.098872401 0.000000
OBJECT 4 1.881403009 49.098765885 270.000000
OBJECT 4 1.881508269 49.098859870 0.000000
OBJECT 4 1.881661376 49.099035309 0.000000
OBJECT 4 1.881833621 49.099204483 225.000000
OBJECT 4 1.881690084 49.099323531 0.000000
OBJECT 4 1.881584823 49.099498970 0.000000
OBJECT 4 1.881326455 49.099542829 90.000000
OBJECT 4 1.881106364 49.099630549 0.000000
OBJECT 4 1.880828858 49.099561626 0.000000
OBJECT 4 1.880570490 49.099561626 90.000000
OBJECT 4 1.880493937 49.099386187 0.000000
OBJECT 4 1.880130309 49.099398719 0.000000
OBJECT 4 1.880283415 49.099580423 180.000000
OBJECT 4 1.880436522 49.099705737 0.000000
OBJECT 4 1.879967633 49.099567892 0.000000
OBJECT 4 1.880025048 49.099705737 0.000000
OBJECT 4 1.880254708 49.099799722 270.000000
OBJECT 4 1.879718834 49.099661877 0.000000
OBJECT 4 1.879929356 49.099831051 0.000000
OBJECT 4 1.879489174 49.099655612 0.000000
OBJECT 4 1.879584866 49.099799722 0.000000
OBJECT 4 1.879718834 49.099893708 270.000000
OBJECT 4 1.879460466 49.099937567 0.000000
OBJECT 4 1.879316929 49.099818519 180.000000
OBJECT 4 1.879173391 49.099693206 180.000000
OBJECT 4 1.879058561 49.099793457 0.000000
OBJECT 4 1.879163822 49.099893708 180.000000
OBJECT 4 1.879202099 49.100025287 0.000000
OBJECT 4 1.879450897 49.100119272 0.000000
OBJECT 4 1.879623142 49.100150601 0.000000
OBJECT 4 1.879537020 49.100288446 180.000000
OBJECT 4 1.879766680 49.100238320 180.000000
OBJECT 4 1.879699696 49.100357368 90.000000
OBJECT 4 1.879967633 49.100288446 198.429993
OBJECT 4 1.879881510 49.100394962 0.000000
OBJECT 4 1.880101601 49.100388696 0.000000
OBJECT 4 1.880072893 49.100488947 180.000000
OBJECT 4 1.880350400 49.100476416 0.000000
OBJECT 4 1.880379107 49.100607995 0.000000
OBJECT 4 1.879594435 49.100564136 0.000000
OBJECT 4 1.879288221 49.100407493 108.440002
OBJECT 4 1.879364775 49.100595464 270.000000
OBJECT 4 1.880139878 49.100614261 180.000000
OBJECT 4 1.880589629 49.100633058 0.000000
OBJECT 4 1.880484368 49.100758372 0.000000
OBJECT 4 1.880082463 49.100733309 90.000000
OBJECT 4 1.879747542 49.100720778 0.000000
OBJECT 4 1.879441328 49.100733309 0.000000
OBJECT 4 1.879001146 49.100701981 0.000000
OBJECT 4 1.879163822 49.100795966 0.000000
OBJECT 4 1.878905454 49.100821028 0.000000
OBJECT 4 1.878618379 49.100852357 0.000000
OBJECT 4 1.878675794 49.100676918 0.000000
OBJECT 4 1.878867178 49.100576667 0.000000
OBJECT 4 1.878637517 49.100463885 0.000000
OBJECT 4 1.878446134 49.100576667 0.000000
OBJECT 4 1.878360011 49.100733309 0.000000
OBJECT 4 1.878350442 49.100877420 0.000000
OBJECT 4 1.877938968 49.100620527 0.000000
OBJECT 4 1.878034660 49.100814763 0.000000
OBJECT 4 1.877879080 49.100968167 0.000000
OBJECT 4 1.877740192 49.100760286 0.000000
OBJECT 4 1.877720351 49.100487444 0.000000
OBJECT 4 1.870150886 49.104526437 0.000000
OBJECT 4 1.870383498 49.104469872 0.000000
OBJECT 4 1.870562941 49.104604758 270.000000
OBJECT 4 1.870456604 49.104713537 0.000000
OBJECT 4 1.870629402 49.104826668 206.559998
OBJECT 4 1.870702508 49.104713537 180.000000
OBJECT 4 1.870935120 49.104831019 180.000000
OBJECT 4 1.870862014 49.104965905 180.000000
OBJECT 4 1.870682570 49.104935447 0.000000
OBJECT 4 1.871161086 49.104904989 270.000000
OBJECT 4 1.870994935 49.105039875 180.000000
OBJECT 4 1.870808845 49.105126898 0.000000
OBJECT 4 1.871008227 49.105174761 0.000000
OBJECT 4 1.871214254 49.105074684 0.000000
OBJECT 4 1.871229761 49.105188540 0.000000
OBJECT 4 1.871056965 49.105309647 0.000000
OBJECT 4 1.870862014 49.105414075 90.000000
OBJECT 4 1.870755677 49.105274838 0.000000
OBJECT 4 1.870627186 49.105067432 90.000000
OBJECT 4 1.870443312 49.104883233 0.000000
OBJECT 4 1.870297099 49.104683079 90.000000
OBJECT 4 1.870031257 49.104626514 0.000000
OBJECT 4 1.870223992 49.104822317 0.000000
OBJECT 4 1.870430020 49.105026822 251.559998
OBJECT 4 1.870547434 49.105206670 270.000000
OBJECT 4 1.870652663 49.105368388 180.000000
OBJECT 4 1.870784476 49.105525030 0.000000
OBJECT 4 1.871001581 49.105505450 0.000000
OBJECT 4 1.871174378 49.105396671 0.000000
OBJECT 4 1.871352714 49.105308197 0.000000
OBJECT 4 1.873310689 49.103929383 0.000000
OBJECT 4 1.873183089 49.103809291 0.000000
OBJECT 4 1.873103339 49.103986818 0.000000
OBJECT 4 1.872895990 49.104216560 0.000000
OBJECT 4 1.872848140 49.104075582 0.000000
OBJECT 4 1.872911940 49.103882390 0.000000
OBJECT 4 1.872991690 49.103694420 0.000000
OBJECT 4 1.872784341 49.103506449 0.000000
OBJECT 4 1.872688641 49.103704863 0.000000
OBJECT 4 1.872656741 49.103971154 0.000000
OBJECT 4 1.872656741 49.104180010 0.000000
OBJECT 4 1.872417492 49.104086025 135.000000
OBJECT 4 1.872457367 49.103809291 0.000000
OBJECT 4 1.872513192 49.103563885 0.000000
OBJECT 4 1.872529142 49.103381136 0.000000
OBJECT 4 1.872417492 49.103214051 0.000000
OBJECT 4 1.872297868 49.103449014 0.000000
OBJECT 4 1.872265968 49.103663091 90.000000
OBJECT 4 1.872250018 49.103918940 0.000000
OBJECT 4 1.872664716 49.104331431 180.000000
OBJECT 4 1.872449392 49.104284438 45.000000
OBJECT 4 1.872234068 49.104180010 90.000000
OBJECT 4 1.872401542 49.104435859 90.000000
OBJECT 4 1.872178243 49.104461966 0.000000
OBJECT 4 1.872106469 49.104294881 0.000000
OBJECT 4 1.872074569 49.104018147 0.000000
OBJECT 4 1.872106469 49.103757077 0.000000
OBJECT 4 1.872130393 49.103537778 0.000000
OBJECT 4 1.872202168 49.103308036 270.000000
OBJECT 4 1.872242043 49.103099180 0.000000
OBJECT 4 1.872034694 49.102921652 0.000000
OBJECT 4 1.872026719 49.103146173 0.000000
OBJECT 4 1.871986844 49.103323700 0.000000
OBJECT 4 1.871962919 49.103469900 0.000000
OBJECT 4 1.871915069 49.103689198 0.000000
OBJECT 4 1.871907094 49.103908497 0.000000
OBJECT 4 1.871875195 49.104096468 225.000000
OBJECT 4 1.871859245 49.104263553 0.000000
OBJECT 4 1.872242043 49.104587279 0.000000
OBJECT 4 1.871994819 49.104519401 90.000000
OBJECT 4 1.871827345 49.104451523 0.000000
OBJECT 4 1.872058619 49.104670822 0.000000
OBJECT 4 1.871811395 49.104623829 0.000000
OBJECT 4 1.871938994 49.104780471 0.000000
OBJECT 4 1.871667845 49.104785693 0.000000
OBJECT 4 1.871779495 49.104900564 180.000000
OBJECT 4 1.871643920 49.104968442 0.000000
OBJECT 4 1.874124219 49.099824028 0.000000
OBJECT 4 1.874008473 49.099921472 0.000000
OBJECT 4 1.874239965 49.099953954 0.000000
OBJECT 4 1.874091149 49.100083879 0.000000
OBJECT 4 1.874289571 49.100062225 0.000000
OBJECT 4 1.874239965 49.100202977 0.000000
OBJECT 4 1.874471458 49.100181323 0.000000
OBJECT 4 1.874421852 49.100343729 0.000000
OBJECT 4 1.874675164 49.100304982 0.000000
OBJECT 4 1.874665594 49.100449093 0.000000
OBJECT 4 1.874598609 49.100612001 180.000000
OBJECT 4 1.874971812 49.100605735 0.000000
OBJECT 4 1.875105782 49.100712251 0.000000
OBJECT 4 1.872904843 49.101332554 0.000000
OBJECT 4 1.873211061 49.101382679 270.000000
OBJECT 4 1.873412016 49.101207240 0.000000
OBJECT 4 1.873565125 49.101157115 0.000000
OBJECT 4 1.873785219 49.101075661 0.000000
OBJECT 4 1.873775650 49.101157115 0.000000
OBJECT 4 1.873584264 49.101363882 90.000000
OBJECT 4 1.873364170 49.101476665 270.000000
OBJECT 4 1.873153645 49.101576916 0.000000
OBJECT 4 1.872885705 49.101482930 0.000000
OBJECT 4 1.872856997 49.101620775 180.000000
OBJECT 4 1.872646472 49.101470399 90.000000
OBJECT 4 1.872646472 49.101326288 0.000000
OBJECT 4 1.872445517 49.101388945 0.000000
OBJECT 4 1.872502933 49.101545587 0.000000
OBJECT 4 1.872244562 49.101658369 135.000000
OBJECT 4 1.872062745 49.101733558 0.000000
OBJECT 4 1.871900067 49.101815011 0.000000
OBJECT 4 1.871699112 49.101871403 0.000000
OBJECT 4 1.871536433 49.101934059 0.000000
OBJECT 4 1.871392894 49.102002982 0.000000
OBJECT 4 1.871453041 49.105124179 0.000000
OBJECT 4 1.871492917 49.105004086 0.000000
OBJECT 4 1.871532792 49.104878773 0.000000
OBJECT 4 1.871612543 49.104654253 0.000000
OBJECT 4 1.871620518 49.104497611 270.000000
OBJECT 4 1.871580643 49.104304419 90.000000
OBJECT 4 1.871612543 49.104142555 0.000000
OBJECT 4 1.871684319 49.103944142 0.000000
OBJECT 4 1.871700270 49.103761393 90.000000
OBJECT 4 1.871700270 49.103578644 0.000000
OBJECT 4 1.871756096 49.103437666 0.000000
OBJECT 4 1.871803946 49.103218367 0.000000
OBJECT 4 1.871843822 49.103051282 315.000000
OBJECT 4 1.871891673 49.102837205 0.000000
OBJECT 4 1.871883697 49.102456043 0.000000
OBJECT 4 1.871955473 49.102633570 0.000000
OBJECT 4 1.872138901 49.102764105 270.000000
OBJECT 4 1.872274478 49.102910304 0.000000
OBJECT 4 1.872473856 49.103014732 0.000000
OBJECT 4 1.872633359 49.103134825 0.000000
OBJECT 4 1.872800836 49.103296688 0.000000
OBJECT 4 1.872976289 49.103422002 0.000000
OBJECT 4 1.873151741 49.103536873 0.000000
OBJECT 4 1.873303269 49.103662186 0.000000
OBJECT 4 1.873510622 49.103787500 0.000000
OBJECT 4 1.873619615 49.103913684 0.000000
OBJECT 4 1.873461872 49.104010724 0.000000
OBJECT 4 1.873301289 49.104109512 0.000000
OBJECT 4 1.873120294 49.104220857 90.000000
OBJECT 4 1.872952006 49.104324385 0.000000
OBJECT 4 1.872783462 49.104428070 0.000000
OBJECT 4 1.872627369 49.104524096 0.000000
OBJECT 4 1.872438414 49.104640337 0.000000
OBJECT 4 1.872265124 49.104746942 0.000000
OBJECT 4 1.872109031 49.104842968 0.000000
OBJECT 4 1.871923801 49.104956918 0.000000
OBJECT 4 1.871730355 49.105075922 0.000000
OBJECT 4 1.871506209 49.105213813 0.000000
OBJECT 4 1.877953632 49.109811692 0.000000
OBJECT 4 1.877776386 49.109779058 180.000000
OBJECT 4 1.877736435 49.109897406 135.000000
OBJECT 4 1.877604680 49.110127152 0.000000
OBJECT 4 1.877790387 49.110015133 0.000000
OBJECT 4 1.877948093 49.109931349 0.000000
OBJECT 4 1.878097644 49.109851578 0.000000
OBJECT 4 1.878274889 49.109757302 0.000000
OBJECT 4 1.878069949 49.109713791 0.000000
OBJECT 4 1.877920398 49.109648523 0.000000
OBJECT 4 1.877759770 49.109470851 0.000000
OBJECT 4 1.877732075 49.109576004 0.000000
OBJECT 4 1.877643452 49.109695661 0.000000
OBJECT 4 1.877565907 49.109840700 0.000000
OBJECT 4 1.877516057 49.109978487 0.000000
OBJECT 4 1.877427434 49.110123526 90.000000
OBJECT 4 1.877355428 49.110257687 0.000000
BEGIN_POLYGON 3 1 3
BEGIN_WINDING
POLYGON_POINT 1.878665393 49.106530201 0.000000000
POLYGON_POINT 1.878723207 49.106633483 0.000000000
END_WINDING
END_POLYGON
BEGIN_POLYGON 3 1 3
BEGIN_WINDING
POLYGON_POINT 1.878546867 49.106318684 0.000000000
POLYGON_POINT 1.878651901 49.106505656 0.000000000
END_WINDING
END_POLYGON
BEGIN_POLYGON 3 1 3
BEGIN_WINDING
POLYGON_POINT 1.878460260 49.106160611 0.000000000
POLYGON_POINT 1.878531823 49.106287006 0.000000000
END_WINDING
END_POLYGON
BEGIN_POLYGON 3 1 3
BEGIN_WINDING
POLYGON_POINT 1.878370807 49.106000909 0.000000000
POLYGON_POINT 1.878445703 49.106134082 0.000000000
END_WINDING
END_POLYGON
BEGIN_POLYGON 3 1 3
BEGIN_WINDING
POLYGON_POINT 1.878276014 49.105831122 0.000000000
POLYGON_POINT 1.878356915 49.105975913 0.000000000
END_WINDING
END_POLYGON
BEGIN_POLYGON 3 1 3
BEGIN_WINDING
POLYGON_POINT 1.878208564 49.105709415 0.000000000
POLYGON_POINT 1.878264360 49.105809030 0.000000000
END_WINDING
END_POLYGON
BEGIN_POLYGON 3 1 3
BEGIN_WINDING
POLYGON_POINT 1.878140335 49.105586343 0.000000000
POLYGON_POINT 1.878163630 49.105626446 0.000000000
END_WINDING
END_POLYGON
FILTER -1
OBJECT_DEF lib/airport/Common_Elements/Markers/Cones/Square_Red_White.obj
OBJECT_DEF lib/constructions/fencing/barriers/barrier_8m_01.obj
OBJECT_DEF lib/airport/Common_Elements/Parking_Items/Row_of_Cars_4.agp
OBJECT_DEF lib/airport/Common_Elements/Vehicles/caravans/caravan_blue_8m_cover.obj
OBJECT_DEF lib/g10/forests/autogen_tree3.obj
POLYGON_DEF lib/airport/lines/22_road_edge_dash.lin
POLYGON_DEF lib/airport/lines/20_road_edge.lin
POLYGON_DEF lib/g10/terrain10/apt_tmp_wet.pol
POLYGON_DEF lib/constructions/fencing/fence_Mesh_04.fac
PROPERTY sim/filter/aptid XLF0058
PROPERTY sim/exclude_obj 1.870806/49.097532/1.888164/49.110840
PROPERTY sim/exclude_fac 1.870806/49.097532/1.888164/49.110840
PROPERTY sim/exclude_for 1.870806/49.097532/1.888164/49.110840
PROPERTY sim/require_agpoint 1/0
PROPERTY sim/require_object 1/0
PROPERTY sim/require_facade 1/3
PROPERTY sim/require_facade 6/0
