PROPERTY sim/west -180
PROPERTY sim/east 180
PROPERTY sim/north 90
PROPERTY sim/south -90
PROPERTY sim/planet earth
PROPERTY sim/creation_agent WorldEditor2.1.0r1
PROPERTY laminar/internal_revision 0
PROPERTY sim/overlay 1
FILTER 0
BEGIN_POLYGON 0 0 2
BEGIN_WINDING
POLYGON_POINT -0.555543277 47.565991210
POLYGON_POINT -0.555656231 47.565837895
POLYGON_POINT -0.555541831 47.565853729
POLYGON_POINT -0.552153827 47.565168893
POLYGON_POINT -0.552112658 47.565098368
POLYGON_POINT -0.552015965 47.565040239
POLYGON_POINT -0.551795967 47.564935355
POLYGON_POINT -0.551675701 47.564929398
POLYGON_POINT -0.551625370 47.565258895
POLYGON_POINT -0.551872178 47.565276475
POLYGON_POINT -0.551962590 47.565270670
POLYGON_POINT -0.552078010 47.565253465
POLYGON_POINT -0.552147964 47.565198582
POLYGON_POINT -0.555494901 47.565911129
END_WINDING
END_POLYGON
BEGIN_POLYGON 1 0 2
BEGIN_WINDING
POLYGON_POINT -0.549736405 47.566897070
POLYGON_POINT -0.549986564 47.566929940
POLYGON_POINT -0.549843770 47.564512326
POLYGON_POINT -0.550362900 47.564625619
POLYGON_POINT -0.550384142 47.564316708
POLYGON_POINT -0.549515390 47.564186937
END_WINDING
END_POLYGON
FILTER -1
FILTER 0
FILTER -1
FILTER 0
FILTER -1
FILTER 0
FILTER -1
FILTER 0
FILTER -1
FILTER 0
BEGIN_POLYGON 2 10 3
BEGIN_WINDING
POLYGON_POINT -0.551044692 47.567045196 0.000000000
POLYGON_POINT -0.551508169 47.567110513 0.000000000
POLYGON_POINT -0.551640172 47.566582041 0.000000000
POLYGON_POINT -0.550590015 47.566459324 0.000000000
POLYGON_POINT -0.550302542 47.566985817 0.000000000
END_WINDING
END_POLYGON
BEGIN_POLYGON 2 10 3
BEGIN_WINDING
POLYGON_POINT -0.550360721 47.566995054 0.000000000
POLYGON_POINT -0.550117737 47.566953214 0.000000000
END_WINDING
END_POLYGON
OBJECT 0 -0.550947251 47.567057750 193.800003
OBJECT 0 -0.550509154 47.566984933 193.800003
OBJECT 0 -0.550677490 47.567013149 13.800000
OBJECT 1 -0.552348049 47.566882178 16.370001
OBJECT 2 -0.551736715 47.564379177 9.750000
OBJECT 3 -0.550037666 47.564423945 271.649994
OBJECT 4 -0.551585850 47.564739162 95.800003
OBJECT 4 -0.551892458 47.564939768 5.800000
OBJECT 4 -0.551769858 47.565271464 185.869995
OBJECT 5 -0.551670516 47.564924517 95.870003
OBJECT 5 -0.551619334 47.565261296 5.870000
OBJECT 6 -0.551645160 47.565092133 275.869995
OBJECT 7 -0.550633212 47.566224524 0.000000
OBJECT 7 -0.550690675 47.566163595 0.000000
OBJECT 7 -0.550780974 47.566185751 0.000000
OBJECT 7 -0.550817914 47.566119282 0.000000
OBJECT 7 -0.550904108 47.566182981 0.000000
OBJECT 7 -0.550957466 47.566110974 0.000000
OBJECT 7 -0.551072391 47.566149747 0.000000
OBJECT 7 -0.551261197 47.566094357 0.000000
OBJECT 7 -0.551220152 47.566160825 0.000000
OBJECT 7 -0.551084705 47.566210677 0.000000
OBJECT 7 -0.550969779 47.566235602 0.000000
OBJECT 7 -0.550842541 47.566243911 0.000000
OBJECT 7 -0.550702989 47.566263298 270.000000
OBJECT 7 -0.550760451 47.566321458 90.000000
OBJECT 7 -0.550871272 47.566329766 225.000000
OBJECT 7 -0.550982093 47.566318688 0.000000
OBJECT 7 -0.551105227 47.566271606 0.000000
OBJECT 7 -0.551232466 47.566241141 180.000000
OBJECT 7 -0.551355600 47.566205138 180.000000
OBJECT 7 -0.551273511 47.566307610 0.000000
OBJECT 7 -0.551388436 47.566277145 0.000000
OBJECT 7 -0.551404854 47.566363000 270.000000
OBJECT 7 -0.551170899 47.566343614 225.000000
OBJECT 7 -0.551088809 47.566426699 0.000000
OBJECT 7 -0.551252988 47.566399004 0.000000
OBJECT 7 -0.551064182 47.566365770 270.000000
OBJECT 7 -0.550986197 47.566440547 0.000000
OBJECT 7 -0.550863063 47.566399004 90.000000
OBJECT 7 -0.550711197 47.566401774 90.000000
OBJECT 7 -0.550571645 47.566360231 0.000000
OBJECT 7 -0.550612690 47.566299301 0.000000
OBJECT 7 -0.550444407 47.566296532 0.000000
OBJECT 7 -0.550518287 47.566241141 0.000000
OBJECT 7 -0.550411571 47.566213446 0.000000
OBJECT 7 -0.550567541 47.566171903 180.000000
OBJECT 7 -0.550489556 47.566108204 0.000000
OBJECT 7 -0.550661944 47.566091587 0.000000
OBJECT 7 -0.550793287 47.566041736 90.000000
OBJECT 7 -0.550953361 47.566050044 270.000000
OBJECT 7 -0.551117540 47.566052814 158.199997
OBJECT 7 -0.550797391 47.565917107 0.000000
OBJECT 7 -0.550924630 47.565955881 0.000000
OBJECT 7 -0.551060078 47.565958650 0.000000
OBJECT 7 -0.551150376 47.565817404 63.430000
OBJECT 7 -0.551179108 47.565942033 198.429993
OBJECT 7 -0.551269406 47.565892181 0.000000
OBJECT 7 -0.551285824 47.566005732 270.000000
OBJECT 7 -0.551433585 47.566036197 206.559998
OBJECT 7 -0.551384331 47.566122052 180.000000
OBJECT 7 -0.551491048 47.566230063 180.000000
OBJECT 7 -0.551515675 47.566335305 0.000000
OBJECT 7 -0.551712689 47.566227294 0.000000
OBJECT 7 -0.551544406 47.566122052 270.000000
OBJECT 7 -0.552049256 47.566307610 0.000000
OBJECT 7 -0.551954853 47.566368539 0.000000
OBJECT 7 -0.551770152 47.566296532 270.000000
OBJECT 7 -0.551922018 47.566252220 0.000000
OBJECT 7 -0.551725003 47.566138669 270.000000
OBJECT 7 -0.551581346 47.566019580 270.000000
OBJECT 7 -0.551917913 47.566141439 0.000000
OBJECT 7 -0.552086196 47.566227294 270.000000
OBJECT 7 -0.552160077 47.566363000 270.000000
OBJECT 7 -0.551663436 47.566318688 0.000000
OBJECT 7 -0.551798883 47.566412852 270.000000
OBJECT 7 -0.551663436 47.566504246 243.429993
OBJECT 8 -0.550609427 47.566575363 0.000000
OBJECT 8 -0.551281779 47.566632792 0.000000
OBJECT 8 -0.551188160 47.566931422 270.000000
OBJECT 8 -0.551409441 47.566977365 0.000000
OBJECT 8 -0.551469016 47.566891222 180.000000
OBJECT 8 -0.551477527 47.566770621 0.000000
OBJECT 8 -0.551494548 47.566615563 0.000000
OBJECT 8 -0.551103052 47.566661506 180.000000
OBJECT 8 -0.550847729 47.566730421 180.000000
OBJECT 8 -0.550983901 47.566598335 0.000000
OBJECT 8 -0.550788153 47.566558134 0.000000
OBJECT 8 -0.550532830 47.566810821 0.000000
OBJECT 8 -0.547396474 47.563222735 90.000000
OBJECT 8 -0.547299844 47.563511518 0.000000
OBJECT 8 -0.547176589 47.563774193 0.000000
OBJECT 8 -0.547112821 47.563652025 0.000000
OBJECT 8 -0.547144592 47.563308084 0.000000
OBJECT 8 -0.547283607 47.563229659 0.000000
OBJECT 8 -0.547266505 47.563333516 0.000000
OBJECT 8 -0.546913211 47.563269172 0.000000
OBJECT 8 -0.547064711 47.563153497 0.000000
OBJECT 8 -0.547136536 47.563105030 0.000000
OBJECT 8 -0.547016828 47.563086567 0.000000
OBJECT 8 -0.546941583 47.563132725 0.000000
OBJECT 8 -0.546986046 47.562911163 0.000000
OBJECT 8 -0.547102334 47.562925011 0.000000
OBJECT 8 -0.547187840 47.562989633 0.000000
OBJECT 8 -0.547239144 47.562929627 0.000000
OBJECT 8 -0.547382794 47.562957322 0.000000
OBJECT 8 -0.547481980 47.562985017 0.000000
OBJECT 8 -0.547468299 47.563042716 0.000000
OBJECT 8 -0.547533284 47.563040408 0.000000
OBJECT 8 -0.547492241 47.563100414 90.000000
OBJECT 8 -0.547382785 47.563432757 270.000000
OBJECT 8 -0.547403307 47.563545846 270.000000
OBJECT 8 -0.547406727 47.563695862 0.000000
OBJECT 8 -0.547425827 47.563788318 270.000000
OBJECT 8 -0.547684728 47.563917542 0.000000
OBJECT 8 -0.547582120 47.563922158 0.000000
OBJECT 8 -0.547465830 47.564035246 180.000000
OBJECT 8 -0.547565018 47.564039862 116.570000
OBJECT 8 -0.547660786 47.564032939 0.000000
OBJECT 8 -0.547746293 47.564039862 0.000000
OBJECT 8 -0.547811279 47.563917542 0.000000
OBJECT 8 -0.547924148 47.563945237 0.000000
OBJECT 8 -0.547895179 47.564053432 0.000000
OBJECT 8 -0.548106042 47.563952299 0.000000
OBJECT 8 -0.548067800 47.564069865 0.000000
OBJECT 8 -0.548208444 47.563969137 0.000000
OBJECT 8 -0.548358525 47.563998319 0.000000
OBJECT 8 -0.548471392 47.564229113 0.000000
OBJECT 8 -0.548563725 47.564750707 180.000000
OBJECT 8 -0.548584247 47.564833792 180.000000
OBJECT 8 -0.548522681 47.564898415 135.000000
OBJECT 8 -0.548464535 47.564958421 180.000000
OBJECT 8 -0.548560305 47.564995348 0.000000
OBJECT 8 -0.548498738 47.565053046 0.000000
OBJECT 8 -0.548402968 47.565043814 0.000000
OBJECT 8 -0.548447433 47.565126900 180.000000
OBJECT 8 -0.548365344 47.565156903 0.000000
OBJECT 8 -0.548426911 47.565207678 0.000000
OBJECT 8 -0.548543203 47.565124592 0.000000
OBJECT 8 -0.548611610 47.565209986 0.000000
OBJECT 8 -0.548710801 47.565186907 26.559999
OBJECT 8 -0.548662916 47.565133824 0.000000
OBJECT 8 -0.548597929 47.565073818 0.000000
OBJECT 8 -0.548597929 47.564933034 0.000000
OBJECT 8 -0.548652655 47.565027659 180.000000
OBJECT 8 -0.548727903 47.565080741 0.000000
OBJECT 8 -0.548816832 47.565124592 0.000000
OBJECT 7 -0.548543203 47.565263068 0.000000
OBJECT 7 -0.548361924 47.565420008 0.000000
OBJECT 7 -0.548300357 47.565306919 180.000000
OBJECT 7 -0.548416650 47.565311535 0.000000
OBJECT 7 -0.548666336 47.565281532 270.000000
OBJECT 7 -0.548833934 47.565214602 0.000000
OBJECT 7 -0.548929704 47.565163827 0.000000
OBJECT 7 -0.548813412 47.565290764 0.000000
OBJECT 7 -0.548984430 47.565235373 0.000000
OBJECT 7 -0.549117824 47.565256145 0.000000
OBJECT 7 -0.548926284 47.565325383 270.000000
OBJECT 7 -0.548751845 47.565357694 180.000000
OBJECT 7 -0.548587668 47.565350770 0.000000
OBJECT 8 -0.548430331 47.565443087 270.000000
OBJECT 8 -0.548283255 47.565426932 0.000000
OBJECT 8 -0.548351637 47.565660033 0.000000
OBJECT 8 -0.548392682 47.565756967 270.000000
OBJECT 8 -0.548228502 47.565803125 0.000000
OBJECT 8 -0.548423466 47.565833129 0.000000
OBJECT 8 -0.548478193 47.565904675 0.000000
OBJECT 8 -0.548553442 47.565980837 180.000000
OBJECT 8 -0.548601328 47.566054690 225.000000
OBJECT 8 -0.548591067 47.566151624 180.000000
OBJECT 8 -0.548673157 47.566105465 0.000000
OBJECT 8 -0.548758668 47.566167779 0.000000
OBJECT 8 -0.548792872 47.566232402 0.000000
OBJECT 8 -0.548851019 47.566313179 180.000000
OBJECT 8 -0.548840758 47.566387033 180.000000
OBJECT 8 -0.548768929 47.566451655 180.000000
OBJECT 8 -0.548580806 47.566719376 0.000000
OBJECT 8 -0.548464511 47.566767843 270.000000
OBJECT 8 -0.548467932 47.565673881 0.000000
OBJECT 8 -0.548498715 47.565752351 0.000000
OBJECT 8 -0.548550022 47.565830821 135.000000
OBJECT 8 -0.548587647 47.565904675 0.000000
OBJECT 8 -0.548649214 47.565980837 270.000000
OBJECT 8 -0.548734725 47.566047767 0.000000
OBJECT 8 -0.548929689 47.566043151 0.000000
OBJECT 8 -0.548929689 47.566043151 0.000000
OBJECT 8 -0.548820236 47.566117005 0.000000
OBJECT 8 -0.548905746 47.566190859 180.000000
OBJECT 8 -0.548922848 47.566264713 0.000000
OBJECT 8 -0.548946791 47.566347798 0.000000
OBJECT 8 -0.548919428 47.566423960 180.000000
OBJECT 8 -0.548871542 47.566477043 0.000000
OBJECT 8 -0.548837338 47.566550897 0.000000
OBJECT 8 -0.548892251 47.566632355 0.000000
OBJECT 8 -0.548914380 47.566699967 270.000000
OBJECT 8 -0.548969725 47.566759973 270.000000
OBJECT 7 -0.549086019 47.566787669 270.000000
OBJECT 7 -0.549212575 47.566803824 0.000000
OBJECT 7 -0.549335710 47.566810748 0.000000
OBJECT 7 -0.549448584 47.566829212 180.000000
OBJECT 7 -0.549578560 47.566838443 0.000000
OBJECT 9 -0.549245591 47.564117560 0.000000
OBJECT 9 -0.549437673 47.564107590 0.000000
OBJECT 9 -0.549506625 47.564110914 0.000000
OBJECT 8 -0.548506814 47.564017858 0.000000
OBJECT 8 -0.548625018 47.564034475 0.000000
OBJECT 8 -0.548743222 47.564051092 0.000000
OBJECT 8 -0.548861427 47.564077679 0.000000
OBJECT 8 -0.548964154 47.564092866 0.000000
OBJECT 8 -0.549063359 47.564107590 0.000000
OBJECT 8 -0.550209652 47.564180998 180.000000
OBJECT 8 -0.550317962 47.564200231 0.000000
OBJECT 8 -0.550429122 47.564219463 0.000000
OBJECT 8 -0.550565934 47.564257929 0.000000
OBJECT 8 -0.550679945 47.564271392 0.000000
OBJECT 8 -0.550822458 47.564306011 270.000000
OBJECT 8 -0.550936468 47.564325244 0.000000
OBJECT 8 -0.551064730 47.564354093 0.000000
OBJECT 8 -0.551153088 47.564171381 270.000000
OBJECT 8 -0.551252847 47.564357940 0.000000
OBJECT 8 -0.551309852 47.564398328 0.000000
OBJECT 8 -0.550201050 47.564515402 0.000000
OBJECT 8 -0.550283708 47.564517326 0.000000
OBJECT 8 -0.550372066 47.564523095 0.000000
OBJECT 8 -0.550357814 47.564576947 116.570000
OBJECT 8 -0.550260905 47.564578871 0.000000
OBJECT 8 -0.550354964 47.564634646 0.000000
OBJECT 8 -0.550437622 47.564651955 270.000000
OBJECT 8 -0.550454723 47.564575024 0.000000
OBJECT 8 -0.550403419 47.564478860 0.000000
OBJECT 8 -0.550503178 47.564503863 180.000000
OBJECT 8 -0.550568734 47.564551945 90.000000
OBJECT 8 -0.550662792 47.564553868 0.000000
OBJECT 8 -0.550788204 47.564575024 180.000000
OBJECT 8 -0.550711247 47.564609643 0.000000
OBJECT 8 -0.550873712 47.564607720 90.000000
OBJECT 8 -0.550822407 47.564648109 0.000000
OBJECT 8 -0.550905064 47.564669265 180.000000
OBJECT 8 -0.550964920 47.564617336 0.000000
OBJECT 8 -0.551010524 47.564715423 0.000000
OBJECT 8 -0.551153037 47.564690421 0.000000
OBJECT 8 -0.551244246 47.564613490 0.000000
OBJECT 8 -0.551358256 47.564646185 0.000000
OBJECT 8 -0.551144486 47.564596180 270.000000
OBJECT 8 -0.551004824 47.564561561 90.000000
OBJECT 8 -0.550902214 47.564542328 270.000000
OBJECT 8 -0.550808156 47.564503863 0.000000
OBJECT 8 -0.550708396 47.564496170 0.000000
OBJECT 8 -0.550620038 47.564467320 0.000000
OBJECT 8 -0.550540231 47.564444241 0.000000
OBJECT 8 -0.550420520 47.564415392 0.000000
OBJECT 8 -0.550109842 47.564339564 0.000000
OBJECT 8 -0.550226702 47.564343410 0.000000
OBJECT 8 -0.550313019 47.564354139 0.000000
OBJECT 8 -0.550459584 47.564374455 180.000000
OBJECT 8 -0.550573199 47.564390389 180.000000
OBJECT 8 -0.550682735 47.564407699 0.000000
OBJECT 8 -0.550791054 47.564421162 0.000000
OBJECT 8 -0.550868011 47.564450011 0.000000
OBJECT 8 -0.550964920 47.564471167 0.000000
OBJECT 8 -0.551058979 47.564492323 0.000000
OBJECT 8 -0.551147337 47.564521172 0.000000
OBJECT 8 -0.551241395 47.564548098 0.000000
OBJECT 8 -0.551346855 47.564571177 0.000000
OBJECT 8 -0.551452315 47.564594257 0.000000
OBJECT 8 -0.549508623 47.566981672 0.000000
OBJECT 8 -0.548839806 47.566872415 0.000000
OBJECT 8 -0.548670842 47.566872415 0.000000
OBJECT 8 -0.548540599 47.566889041 0.000000
OBJECT 8 -0.548354034 47.566851039 0.000000
OBJECT 8 -0.548199150 47.567048176 0.000000
OBJECT 8 -0.548149869 47.567136057 0.000000
OBJECT 8 -0.548090028 47.567231063 0.000000
OBJECT 8 -0.548037226 47.567304693 0.000000
OBJECT 8 -0.547956264 47.567406825 0.000000
OBJECT 8 -0.547928104 47.567497081 270.000000
OBJECT 7 -0.554186529 47.566111290 0.000000
OBJECT 7 -0.553978711 47.566090769 0.000000
OBJECT 7 -0.552873725 47.565847933 0.000000
OBJECT 7 -0.553061269 47.565882135 0.000000
OBJECT 7 -0.553233606 47.565950540 0.000000
OBJECT 7 -0.553421149 47.565995003 0.000000
OBJECT 7 -0.553674587 47.566053146 0.000000
OBJECT 7 -0.555210415 47.566183115 0.000000
OBJECT 7 -0.555392890 47.565998423 0.000000
OBJECT 7 -0.555570296 47.565646140 0.000000
OBJECT 7 -0.555012732 47.566135232 0.000000
OBJECT 7 -0.555195208 47.565950540 0.000000
OBJECT 7 -0.555372615 47.565598257 0.000000
OBJECT 7 -0.554825187 47.566094189 0.000000
OBJECT 7 -0.555007663 47.565909497 0.000000
OBJECT 7 -0.555185072 47.565557214 0.000000
OBJECT 7 -0.554617366 47.566053146 0.000000
OBJECT 7 -0.554799843 47.565868454 0.000000
OBJECT 7 -0.554977253 47.565516171 0.000000
OBJECT 7 -0.554424752 47.566005263 90.000000
OBJECT 7 -0.554607230 47.565820571 90.000000
OBJECT 7 -0.554784641 47.565468288 90.000000
OBJECT 7 -0.554151037 47.565950540 0.000000
OBJECT 7 -0.554333516 47.565765848 0.000000
OBJECT 7 -0.554510929 47.565413565 0.000000
OBJECT 7 -0.553902666 47.565892396 0.000000
OBJECT 7 -0.554085146 47.565707704 0.000000
OBJECT 7 -0.554262561 47.565355421 0.000000
OBJECT 7 -0.553720190 47.565844513 90.000000
OBJECT 7 -0.553902670 47.565659821 90.000000
OBJECT 7 -0.554080086 47.565307538 90.000000
OBJECT 7 -0.553542782 47.565796630 0.000000
OBJECT 7 -0.553725263 47.565611938 0.000000
OBJECT 7 -0.553902680 47.565259655 0.000000
OBJECT 7 -0.553345099 47.565759007 0.000000
OBJECT 7 -0.553527580 47.565574315 0.000000
OBJECT 7 -0.553704999 47.565222032 0.000000
OBJECT 7 -0.553289348 47.565526432 90.000000
OBJECT 7 -0.553466768 47.565174149 90.000000
OBJECT 7 -0.553071391 47.565471708 0.000000
OBJECT 7 -0.553248812 47.565119425 0.000000
OBJECT 7 -0.552868640 47.565420405 0.000000
OBJECT 7 -0.553046063 47.565068122 0.000000
OBJECT 7 -0.552721645 47.565375942 0.000000
OBJECT 7 -0.552899069 47.565023659 0.000000
OBJECT 7 -0.552640545 47.565533272 270.000000
OBJECT 7 -0.552817969 47.565180989 270.000000
OBJECT 7 -0.552797677 47.565564054 0.000000
OBJECT 7 -0.552975100 47.565211771 0.000000
OBJECT 7 -0.552985221 47.565591416 0.000000
OBJECT 7 -0.553162644 47.565239133 0.000000
OBJECT 7 -0.553218385 47.565632459 206.559998
OBJECT 7 -0.553395806 47.565280176 206.559998
OBJECT 7 -0.553279205 47.565871875 180.000000
OBJECT 7 -0.553461686 47.565687182 180.000000
OBJECT 7 -0.553639105 47.565334899 180.000000
OBJECT 7 -0.553466750 47.565909497 0.000000
OBJECT 7 -0.553649231 47.565724805 0.000000
OBJECT 7 -0.553826649 47.565372522 0.000000
OBJECT 7 -0.553669502 47.565957380 180.000000
OBJECT 7 -0.553851982 47.565772688 180.000000
OBJECT 7 -0.554029398 47.565420405 180.000000
OBJECT 7 -0.553857047 47.565981322 206.559998
OBJECT 7 -0.554039527 47.565796630 206.559998
OBJECT 7 -0.554216942 47.565444347 206.559998
OBJECT 7 -0.554110487 47.566032625 0.000000
OBJECT 7 -0.554292966 47.565847933 0.000000
OBJECT 7 -0.554470379 47.565495650 0.000000
OBJECT 7 -0.554348720 47.566090769 0.000000
OBJECT 7 -0.554531198 47.565906077 0.000000
OBJECT 7 -0.554708610 47.565553794 0.000000
OBJECT 7 -0.554561610 47.566135232 0.000000
OBJECT 7 -0.554744087 47.565950540 0.000000
OBJECT 7 -0.554921497 47.565598257 0.000000
OBJECT 7 -0.554764361 47.566176274 0.000000
OBJECT 7 -0.554946838 47.565991582 0.000000
OBJECT 7 -0.555124247 47.565639299 0.000000
OBJECT 7 -0.554956976 47.566224158 0.000000
OBJECT 7 -0.555139451 47.566039466 0.000000
OBJECT 7 -0.555316859 47.565687182 0.000000
OBJECT 7 -0.555134383 47.566278881 0.000000
OBJECT 7 -0.555316858 47.566094189 0.000000
OBJECT 7 -0.555494265 47.565741906 0.000000
OBJECT 8 -0.547983977 47.565941570 0.000000
OBJECT 8 -0.548289537 47.566035587 0.000000
OBJECT 8 -0.548157927 47.566125619 0.000000
OBJECT 8 -0.548153703 47.565985959 0.000000
OBJECT 8 -0.548043879 47.566023012 0.000000
OBJECT 8 -0.547929831 47.566003061 0.000000
OBJECT 8 -0.547803110 47.566025862 0.000000
OBJECT 8 -0.547752422 47.565968858 225.000000
OBJECT 8 -0.547883367 47.565931806 270.000000
OBJECT 8 -0.548056551 47.565946057 0.000000
OBJECT 8 -0.548229736 47.565991660 0.000000
OBJECT 8 -0.548267752 47.566088566 315.000000
OBJECT 8 -0.548343784 47.566003061 180.000000
OBJECT 8 -0.548386024 47.566065765 0.000000
OBJECT 8 -0.548483176 47.566122768 0.000000
OBJECT 8 -0.548255080 47.566610150 0.000000
OBJECT 8 -0.548394472 47.566573098 0.000000
OBJECT 8 -0.548504296 47.566536045 90.000000
OBJECT 8 -0.552658815 47.568825471 0.000000
OBJECT 8 -0.552810887 47.569056336 180.000000
OBJECT 8 -0.552358895 47.569173194 0.000000
OBJECT 8 -0.552472949 47.568751366 270.000000
OBJECT 8 -0.552510967 47.568668711 180.000000
OBJECT 8 -0.552789766 47.568711463 0.000000
OBJECT 8 -0.552941838 47.568739965 0.000000
OBJECT 8 -0.551541273 47.567467500 315.000000
OBJECT 8 -0.551583515 47.567526879 0.000000
OBJECT 8 -0.551382868 47.568054163 270.000000
OBJECT 8 -0.551382868 47.568156295 0.000000
OBJECT 8 -0.547653063 47.569086933 0.000000
OBJECT 8 -0.547653063 47.569008131 0.000000
FILTER -1
OBJECT_DEF lib/g10/US/suburban/dSmlRnchGry.obj
OBJECT_DEF lib/g10/US/industrial/light/FactB30x45.obj
OBJECT_DEF lib/g10/US/industrial/light/TinShed10x30Lt.obj
OBJECT_DEF lib/g10/US/industrial/light/Shed13x24.obj
OBJECT_DEF lib/g10/EU/urban_mid/midBlk_12x15Ga.obj
OBJECT_DEF lib/g10/EU/urban_mid/midBlk_Crn90.obj
OBJECT_DEF lib/g10/EU/urban_mid/midBlk_12x30Ga.obj
OBJECT_DEF lib/g10/forests/autogen_tree4.obj
OBJECT_DEF lib/g10/forests/autogen_tree3.obj
OBJECT_DEF lib/g10/forests/autogen_tree1.obj
POLYGON_DEF lib/airport/pavement/asphalt_3L.pol
POLYGON_DEF lib/g10/terrain10/apt_tmp_wet.pol
POLYGON_DEF lib/constructions/fencing/fence_Hedge_04.fac
PROPERTY sim/filter/aptid XLF0049
PROPERTY sim/exclude_obj -0.552945/47.562888/-0.547516/47.568992
PROPERTY sim/exclude_fac -0.552945/47.562888/-0.547516/47.568992
PROPERTY sim/exclude_for -0.552945/47.562888/-0.547516/47.568992
PROPERTY sim/require_agpoint 1/0
PROPERTY sim/require_object 1/0
PROPERTY sim/require_facade 1/2
PROPERTY sim/require_facade 6/0
