PROPERTY sim/west -180
PROPERTY sim/east 180
PROPERTY sim/north 90
PROPERTY sim/south -90
PROPERTY sim/planet earth
PROPERTY sim/creation_agent WorldEditor2.1.0r1
PROPERTY laminar/internal_revision 0
PROPERTY sim/overlay 1
FILTER 0
BEGIN_POLYGON 0 0 2
BEGIN_WINDING
POLYGON_POINT 0.988912985 49.178598223
POLYGON_POINT 0.988956764 49.178527456
POLYGON_POINT 0.989087737 49.178562080
POLYGON_POINT 0.989043958 49.178632847
END_WINDING
END_POLYGON
BEGIN_POLYGON 1 0 4
BEGIN_WINDING
POLYGON_POINT 0.988111399 49.177495314 0.988111399 49.177495314
POLYGON_POINT 0.988103938 49.177553935 0.988103938 49.177553935
POLYGON_POINT 0.988166639 49.177571517 0.988166639 49.177571517
POLYGON_POINT 0.988843084 49.177843577 0.988843084 49.177843577
POLYGON_POINT 0.988830233 49.177875351 0.988830233 49.177875351
POLYGON_POINT 0.988144447 49.177605527 0.988144447 49.177605527
POLYGON_POINT 0.988045549 49.177581149 0.988045549 49.177581149
POLYGON_POINT 0.988003263 49.177609193 0.987995603 49.177643246
POLYGON_POINT 0.988003263 49.177609193 0.988003263 49.177609193
POLYGON_POINT 0.987981606 49.177720962 0.987969349 49.177777050
POLYGON_POINT 0.987981606 49.177720962 0.987981606 49.177720962
POLYGON_POINT 0.987713046 49.178734804 0.987713046 49.178734804
POLYGON_POINT 0.987741886 49.178835000 0.987784275 49.178873226
POLYGON_POINT 0.987954326 49.178883092 0.987954326 49.178883092
POLYGON_POINT 0.987509114 49.178889384 0.987509114 49.178889384
POLYGON_POINT 0.987474433 49.178895918 0.987474433 49.178895918
POLYGON_POINT 0.987209332 49.178882965 0.987209332 49.178882965
POLYGON_POINT 0.987204839 49.178920012 0.987204839 49.178920012
POLYGON_POINT 0.987149638 49.178917553 0.987149638 49.178917553
POLYGON_POINT 0.987078084 49.178942559 0.987078084 49.178942559
POLYGON_POINT 0.987059089 49.178940905 0.987059089 49.178940905
POLYGON_POINT 0.987067501 49.178864480 0.987067501 49.178864480
POLYGON_POINT 0.987072416 49.178839666 0.987072416 49.178839666
POLYGON_POINT 0.987508252 49.178863455 0.987508252 49.178863455
POLYGON_POINT 0.987624742 49.178816727 0.987637510 49.178766649
POLYGON_POINT 0.987624742 49.178816727 0.987624742 49.178816727
POLYGON_POINT 0.987905359 49.177773113 0.987905359 49.177773113
POLYGON_POINT 0.987841685 49.177687123 0.987777337 49.177660081
POLYGON_POINT 0.987681736 49.177672003 0.987681736 49.177672003
END_WINDING
END_POLYGON
BEGIN_POLYGON 2 0 4
BEGIN_WINDING
POLYGON_POINT 0.987067501 49.178864480 0.987067501 49.178864480
POLYGON_POINT 0.986089195 49.178808073 0.986089195 49.178808073
POLYGON_POINT 0.986089195 49.178808073 0.986051956 49.178808073
POLYGON_POINT 0.985960304 49.178808765 0.985960304 49.178808765
POLYGON_POINT 0.986110387 49.178700245 0.986110387 49.178700245
POLYGON_POINT 0.986144792 49.178764805 0.986167845 49.178786830
POLYGON_POINT 0.986192447 49.178789035 0.986192447 49.178789035
POLYGON_POINT 0.987072416 49.178839666 0.987072416 49.178839666
END_WINDING
END_POLYGON
BEGIN_POLYGON 3 0 2
BEGIN_WINDING
POLYGON_POINT 0.996531365 49.178425193
POLYGON_POINT 0.997134001 49.178592955
POLYGON_POINT 0.997015261 49.178763221
POLYGON_POINT 0.996462419 49.178607144
END_WINDING
END_POLYGON
BEGIN_POLYGON 4 0 4
BEGIN_WINDING
POLYGON_POINT 0.991472658 49.177075423 0.991472658 49.177075423
POLYGON_POINT 0.991493440 49.177049611 0.991493440 49.177049611
POLYGON_POINT 0.990969748 49.176885228 0.990969748 49.176885228
POLYGON_POINT 0.991595267 49.176700466 0.991595267 49.176700466
POLYGON_POINT 0.999334775 49.178839653 0.999334775 49.178839653
POLYGON_POINT 0.999244963 49.179168333 0.999244963 49.179168333
POLYGON_POINT 0.997133211 49.178592149 0.997133211 49.178592149
POLYGON_POINT 0.996531520 49.178425943 0.996531520 49.178425943
POLYGON_POINT 0.991836590 49.177130656 0.991836590 49.177130656
POLYGON_POINT 0.989157708 49.177776233 0.989157708 49.177776233
POLYGON_POINT 0.989017658 49.177846660 0.989017658 49.177846660
POLYGON_POINT 0.988939340 49.178093809 0.988939340 49.178093809
POLYGON_POINT 0.989211864 49.178083425 0.989211864 49.178083425
POLYGON_POINT 0.989390469 49.178175145 0.989390469 49.178175145
POLYGON_POINT 0.989390469 49.178175145 0.989463206 49.178219977
POLYGON_POINT 0.989717032 49.178458129 0.989702226 49.178580977
POLYGON_POINT 0.989717032 49.178458129 0.989717032 49.178458129
POLYGON_POINT 0.989600156 49.178924843 0.989600156 49.178924843
POLYGON_POINT 0.988988266 49.178905934 0.988988266 49.178905934
POLYGON_POINT 0.988956764 49.178527456 0.988956764 49.178527456
POLYGON_POINT 0.988875836 49.178506325 0.988875836 49.178506325
POLYGON_POINT 0.988832513 49.178586501 0.988832513 49.178586501
POLYGON_POINT 0.988887675 49.178659749 0.988887675 49.178659749
POLYGON_POINT 0.988920611 49.178888326 0.988920611 49.178888326
POLYGON_POINT 0.988861171 49.178896980 0.988861171 49.178896980
POLYGON_POINT 0.988713854 49.178863881 0.988713854 49.178863881
POLYGON_POINT 0.988802184 49.178687084 0.988802184 49.178687084
POLYGON_POINT 0.988543627 49.178633091 0.988543627 49.178633091
POLYGON_POINT 0.988843084 49.177843577 0.988843084 49.177843577
POLYGON_POINT 0.988166639 49.177571517 0.988166639 49.177571517
POLYGON_POINT 0.988103938 49.177553935 0.988103938 49.177553935
POLYGON_POINT 0.988105551 49.177535288 0.988105551 49.177535288
POLYGON_POINT 0.988275820 49.177454058 0.988275820 49.177454058
POLYGON_POINT 0.989247016 49.177185748 0.989247016 49.177185748
POLYGON_POINT 0.989163742 49.177652432 0.989163742 49.177652432
END_WINDING
END_POLYGON
FILTER -1
FILTER 0
FILTER -1
FILTER 0
FILTER -1
FILTER 0
FILTER -1
FILTER 0
FILTER -1
FILTER 0
OBJECT 0 0.998489357 49.178615843 157.000000
OBJECT 0 0.997721968 49.178402809 157.000000
OBJECT 0 0.996962115 49.178193344 157.000000
OBJECT 0 0.996191628 49.177981760 157.000000
OBJECT 0 0.994700864 49.177570932 157.000000
OBJECT 0 0.993941031 49.177361466 157.000000
OBJECT 0 0.993176621 49.177149008 157.000000
OBJECT 0 0.992270314 49.176900642 157.000000
OBJECT 0 0.998304749 49.178902086 157.000000
OBJECT 0 0.997537362 49.178689053 157.000000
OBJECT 0 0.996777509 49.178479587 157.000000
OBJECT 0 0.996007023 49.178268003 157.000000
OBJECT 0 0.994516261 49.177857175 157.000000
OBJECT 0 0.993756429 49.177647709 157.000000
OBJECT 0 0.992992019 49.177435251 157.000000
OBJECT 0 0.992085713 49.177186885 157.000000
OBJECT 1 0.995441633 49.177767453 157.000000
OBJECT 1 0.995249542 49.178066824 157.000000
OBJECT 2 0.999245171 49.178821743 157.000000
OBJECT 2 0.991634319 49.176722924 157.000000
OBJECT 2 0.999057350 49.179111772 157.000000
OBJECT 2 0.991446506 49.177012953 157.000000
OBJECT 3 0.990748655 49.177282219 0.000000
OBJECT 3 0.991549374 49.177082597 0.000000
OBJECT 3 0.989964219 49.177477404 0.000000
OBJECT 3 0.990788053 49.177355807 0.000000
OBJECT 3 0.991588772 49.177156186 0.000000
OBJECT 3 0.990003618 49.177550992 0.000000
OBJECT 3 0.988832513 49.178586501 0.000000
OBJECT 3 0.988739579 49.178621110 0.000000
OBJECT 3 0.988623185 49.178499961 0.000000
OBJECT 3 0.989095055 49.178871884 0.000000
OBJECT 3 0.989545388 49.178884872 0.000000
OBJECT 3 0.989448251 49.178293210 0.000000
OBJECT 3 0.989633680 49.178512558 0.000000
OBJECT 3 0.989152448 49.178105610 0.000000
OBJECT 3 0.989163485 49.178564509 0.000000
OBJECT 3 0.988821065 49.178471164 0.000000
OBJECT 3 0.988762928 49.178091032 0.000000
OBJECT 3 0.988904596 49.178099958 0.000000
OBJECT 3 0.989130373 49.177454782 0.000000
OBJECT 3 0.988563053 49.177710207 0.000000
OBJECT 3 0.988249592 49.177535595 0.000000
OBJECT 3 0.988652545 49.177371287 0.000000
OBJECT 3 0.989128165 49.177280170 0.000000
OBJECT 3 0.989174522 49.177760715 0.000000
OBJECT 3 0.989075186 49.177664029 0.000000
OBJECT 3 0.988978058 49.177868946 0.000000
OBJECT 3 0.988847817 49.177821324 0.000000
BEGIN_POLYGON 5 10 3
BEGIN_WINDING
POLYGON_POINT 0.988802184 49.178687084 4.000000000
POLYGON_POINT 0.988635352 49.179026244 0.000000000
POLYGON_POINT 0.987954326 49.178883092 1.000000000
POLYGON_POINT 0.988074419 49.178638949 0.000000000
POLYGON_POINT 0.988496778 49.178727729 0.000000000
POLYGON_POINT 0.988543516 49.178632712 0.000000000
END_WINDING
END_POLYGON
OBJECT 4 0.989259556 49.179243286 175.639999
OBJECT 5 0.989501619 49.179136139 355.820007
OBJECT 6 0.988954286 49.178625350 337.760010
OBJECT 7 0.988980569 49.178654944 276.580017
OBJECT 8 0.988776374 49.179268223 87.050003
OBJECT 8 0.987797409 49.179237521 90.839996
OBJECT 8 0.987795877 49.179284594 90.839996
OBJECT 9 0.989561531 49.178392787 144.740005
OBJECT 10 0.989579846 49.179121060 175.250000
OBJECT 11 0.987206255 49.178939449 265.580017
OBJECT 12 0.989450286 49.178929504 267.760010
OBJECT 13 0.989643878 49.178403459 323.339996
OBJECT 14 0.987501446 49.179006038 355.709991
OBJECT 15 0.987746482 49.178688853 348.529999
OBJECT 16 0.988270569 49.179247460 177.800003
BEGIN_POLYGON 6 1 2
BEGIN_WINDING
POLYGON_POINT 0.988960675 49.178083637
POLYGON_POINT 0.988991317 49.177977471
POLYGON_POINT 0.989737455 49.178377095
POLYGON_POINT 0.989582718 49.179120255
END_WINDING
END_POLYGON
BEGIN_POLYGON 6 1 2
BEGIN_WINDING
POLYGON_POINT 0.988013323 49.178747961
POLYGON_POINT 0.987748575 49.178681618
POLYGON_POINT 0.988046417 49.177611467
POLYGON_POINT 0.988139078 49.177627331
POLYGON_POINT 0.988800948 49.177889821
POLYGON_POINT 0.988538406 49.178635466
END_WINDING
END_POLYGON
BEGIN_POLYGON 7 1 2
BEGIN_WINDING
POLYGON_POINT 0.987051505 49.178819687
POLYGON_POINT 0.986199017 49.178769496
POLYGON_POINT 0.986175190 49.178727959
POLYGON_POINT 0.987734555 49.177701653
POLYGON_POINT 0.987821922 49.177712037
POLYGON_POINT 0.987866929 49.177774342
POLYGON_POINT 0.987575706 49.178815058
POLYGON_POINT 0.987514814 49.178811033
POLYGON_POINT 0.987504224 49.178861223
END_WINDING
END_POLYGON
BEGIN_POLYGON 8 1 2
BEGIN_WINDING
POLYGON_POINT 0.987050908 49.178836320
POLYGON_POINT 0.987058262 49.178781034
POLYGON_POINT 0.987512385 49.178811081
END_WINDING
END_POLYGON
BEGIN_POLYGON 9 1 2
BEGIN_WINDING
POLYGON_POINT 0.989122438 49.179248462
POLYGON_POINT 0.988981481 49.179246459
POLYGON_POINT 0.988596914 49.179286521
POLYGON_POINT 0.988183237 49.179267491
POLYGON_POINT 0.988005509 49.179268493
END_WINDING
END_POLYGON
OBJECT 17 0.988268209 49.177767986 270.000000
OBJECT 17 0.987968951 49.178395631 270.000000
OBJECT 18 0.987934038 49.178314119 0.000000
OBJECT 18 0.987794384 49.178780369 0.000000
OBJECT 18 0.988086164 49.177820154 0.000000
OBJECT 18 0.989435310 49.178213043 270.000000
OBJECT 18 0.989517605 49.178260321 270.000000
OBJECT 17 0.989634814 49.178315749 0.000000
OBJECT 19 0.996976958 49.178621333 188.750000
OBJECT 19 0.996946316 49.178644702 127.410004
OBJECT 19 0.996928441 49.178663899 235.300003
OBJECT 19 0.996914396 49.178692277 0.000000
OBJECT 20 0.996853103 49.178675790 0.000000
OBJECT 20 0.996748408 49.178604846 0.000000
OBJECT 20 0.996720319 49.178645743 0.000000
OBJECT 21 0.996582278 49.184167408 0.000000
OBJECT 21 0.996495314 49.184141569 0.000000
OBJECT 21 0.996408349 49.184100226 0.000000
OBJECT 21 0.996400444 49.184157072 0.000000
OBJECT 21 0.996463690 49.184208751 0.000000
OBJECT 21 0.996305573 49.184162240 0.000000
OBJECT 21 0.996313479 49.184239758 90.000000
OBJECT 20 0.986107999 49.179630989 0.000000
OBJECT 20 0.986058590 49.179616634 0.000000
OBJECT 20 0.986009182 49.179598690 0.000000
OBJECT 20 0.985943304 49.179584334 180.000000
OBJECT 20 0.985855467 49.179566391 0.000000
OBJECT 20 0.985784100 49.179562802 90.000000
OBJECT 20 0.985723712 49.179555624 0.000000
OBJECT 20 0.985674303 49.179555624 0.000000
OBJECT 20 0.985602936 49.179544858 0.000000
OBJECT 20 0.985537058 49.179537680 0.000000
OBJECT 20 0.985487650 49.179526914 0.000000
OBJECT 20 0.985432751 49.179519736 270.000000
OBJECT 20 0.985350404 49.179516148 90.000000
OBJECT 20 0.985290016 49.179508970 0.000000
OBJECT 21 0.986953809 49.181383734 90.000000
OBJECT 21 0.987013101 49.181444025 0.000000
OBJECT 21 0.986901105 49.181413880 0.000000
OBJECT 21 0.986822049 49.181400960 0.000000
OBJECT 21 0.986782521 49.181336362 0.000000
OBJECT 21 0.986703465 49.181392347 71.559998
OBJECT 21 0.986835225 49.181452639 0.000000
OBJECT 21 0.986947221 49.181482784 0.000000
OBJECT 21 0.987059216 49.181521543 0.000000
OBJECT 21 0.986993337 49.181564609 0.000000
OBJECT 21 0.986894517 49.181534463 0.000000
OBJECT 21 0.986822049 49.181521543 0.000000
OBJECT 21 0.986716641 49.181478478 0.000000
OBJECT 21 0.986729817 49.181568915 0.000000
OBJECT 21 0.986828637 49.181599061 0.000000
OBJECT 21 0.986953809 49.181624900 0.000000
OBJECT 21 0.987046041 49.181633513 0.000000
OBJECT 21 0.987039453 49.181728257 0.000000
OBJECT 21 0.987039453 49.181788549 0.000000
OBJECT 20 0.986272393 49.178739626 0.000000
OBJECT 20 0.987388639 49.178670841 0.000000
OBJECT 20 0.987406938 49.178587103 0.000000
OBJECT 20 0.987539606 49.178637944 0.000000
OBJECT 20 0.987576205 49.178458505 0.000000
OBJECT 20 0.987617378 49.178362804 0.000000
OBJECT 20 0.987727172 49.177836449 0.000000
OBJECT 20 0.987384064 49.177991963 0.000000
OBJECT 20 0.987365765 49.178069720 0.000000
OBJECT 20 0.987512158 49.178219253 0.000000
OBJECT 20 0.987333741 49.178344860 0.000000
OBJECT 20 0.987283419 49.178527290 0.000000
OBJECT 20 0.987242246 49.178625981 0.000000
OBJECT 20 0.987105003 49.178685795 0.000000
OBJECT 20 0.987127876 49.178569159 0.000000
OBJECT 20 0.987164475 49.178470467 270.000000
OBJECT 20 0.987191923 49.178311963 0.000000
OBJECT 20 0.987219372 49.178204299 0.000000
OBJECT 20 0.987205648 49.178102617 0.000000
OBJECT 20 0.987040956 49.178335888 270.000000
OBJECT 20 0.987027231 49.178413645 0.000000
OBJECT 20 0.987027231 49.178503365 225.000000
OBJECT 20 0.986972334 49.178679813 0.000000
OBJECT 20 0.986940311 49.178799439 0.000000
OBJECT 20 0.986674974 49.178581122 0.000000
OBJECT 20 0.986674974 49.178688785 0.000000
OBJECT 20 0.985874366 49.179295888 0.000000
OBJECT 20 0.986011611 49.179289907 270.000000
OBJECT 20 0.986496543 49.179056636 0.000000
OBJECT 20 0.986743584 49.179262991 0.000000
OBJECT 20 0.986780183 49.179182243 0.000000
OBJECT 20 0.986876254 49.179271963 0.000000
OBJECT 20 0.986917428 49.179008785 0.000000
OBJECT 20 0.986780183 49.179089533 0.000000
OBJECT 20 0.987320013 49.179218131 0.000000
OBJECT 21 0.987461832 49.179134393 225.000000
OBJECT 21 0.987461832 49.179182243 180.000000
OBJECT 21 0.987498431 49.179242056 0.000000
OBJECT 20 0.987054672 49.178898131 0.000000
OBJECT 20 0.987045523 49.178945981 0.000000
OBJECT 20 0.987031798 49.178987851 0.000000
OBJECT 20 0.987040948 49.179032710 0.000000
OBJECT 20 0.987045523 49.179086542 225.000000
OBJECT 20 0.987031798 49.179128411 0.000000
OBJECT 20 0.987013499 49.179176262 0.000000
OBJECT 20 0.987013499 49.179230094 0.000000
OBJECT 20 0.987008924 49.179289907 0.000000
OBJECT 20 0.987082121 49.179289907 0.000000
OBJECT 20 0.987159894 49.179283925 0.000000
OBJECT 20 0.987233091 49.179286916 270.000000
OBJECT 20 0.987292564 49.179289907 0.000000
OBJECT 20 0.987356611 49.179292897 0.000000
OBJECT 20 0.987438958 49.179295888 270.000000
OBJECT 20 0.987493856 49.179292897 0.000000
OBJECT 21 1.002509792 49.177474408 0.000000
OBJECT 21 1.002633105 49.177381387 0.000000
OBJECT 21 1.002661562 49.177294567 0.000000
OBJECT 21 1.002794361 49.177182941 0.000000
OBJECT 21 1.002718476 49.177089920 0.000000
OBJECT 21 1.002652076 49.177195344 0.000000
OBJECT 21 1.002528763 49.177269761 90.000000
OBJECT 21 1.002462363 49.177368984 0.000000
OBJECT 21 1.002320079 49.177468206 0.000000
OBJECT 21 1.002187280 49.177437199 0.000000
OBJECT 21 1.002272651 49.177362782 0.000000
OBJECT 21 1.002348536 49.177275962 0.000000
OBJECT 21 1.002443392 49.177220150 0.000000
OBJECT 21 1.002528763 49.177127128 0.000000
OBJECT 21 1.002604648 49.177058913 0.000000
OBJECT 21 1.002661562 49.176953489 0.000000
OBJECT 21 1.002775389 49.176972093 0.000000
OBJECT 21 1.002898703 49.177021704 0.000000
OBJECT 21 1.002984073 49.177089920 0.000000
OBJECT 21 1.002927160 49.177176740 0.000000
OBJECT 21 1.002860760 49.177263560 0.000000
OBJECT 21 1.002803846 49.177319372 0.000000
OBJECT 21 1.002756418 49.177393789 0.000000
OBJECT 21 1.002680533 49.177462005 0.000000
OBJECT 21 1.002585677 49.177536422 0.000000
OBJECT 21 1.002519277 49.177610839 0.000000
OBJECT 21 1.002414935 49.177579832 0.000000
OBJECT 21 1.002272651 49.177536422 0.000000
OBJECT 21 1.002120880 49.177530221 0.000000
FILTER -1
OBJECT_DEF lib/airport/Common_Elements/Markers/Cones/Square_Red_White.obj
OBJECT_DEF lib/airport/Common_Elements/Runway_Markers/Rectangular/Small_Yellow_1_2.obj
OBJECT_DEF lib/airport/Common_Elements/Runway_Markers/Rectangular/White_Red.obj
OBJECT_DEF lib/airport/Common_Elements/Markers/Cones/Square_Yellow.obj
OBJECT_DEF lib/airport/European_Airports/hangars/25x20x5.obj
OBJECT_DEF lib/g10/US/industrial/light/Shed13x24.obj
OBJECT_DEF lib/airport/Common_Elements/Fueling_Stations/fuel_station_box_white_avgas100LL.obj
OBJECT_DEF lib/airport/Common_Elements/Fueling_Stations/fuel_station_white_avgas100LL.obj
OBJECT_DEF lib/g10/US/industrial/light/TinShed10x30Lt.obj
OBJECT_DEF lib/g10/US/industrial/light/GateHut3x3.obj
OBJECT_DEF lib/airport/Common_Elements/Parking_Items/Row_of_Cars_6.agp
OBJECT_DEF lib/g10/US/suburban/B-RnchLHGry.obj
OBJECT_DEF lib/airport/Common_Elements/Parking_Items/Row_of_Cars_10.agp
OBJECT_DEF lib/g10/EU/suburban/gar1_6x8.obj
OBJECT_DEF lib/airport/Common_Elements/Parking_Items/Row_of_Cars_4.agp
OBJECT_DEF lib/constructions/fencing/barriers/barrier_8m_01.obj
OBJECT_DEF lib/g10/US/suburban/dSmlRnchGry.obj
OBJECT_DEF lib/g10/forests/autogen_tree2.obj
OBJECT_DEF lib/g10/forests/autogen_tree_any.obj
OBJECT_DEF lib/g10/US/industrial/light/MineralsPile.obj
OBJECT_DEF lib/g10/forests/autogen_tree1.obj
OBJECT_DEF lib/g10/forests/autogen_tree3.obj
POLYGON_DEF lib/airport/markings/colored_area_green.pol
POLYGON_DEF lib/airport/pavement/asphalt_5L.pol
POLYGON_DEF lib/airport/pavement/asphalt_2L.pol
POLYGON_DEF lib/g10/terrain10/shrb_tmp_wet_fl.pol
POLYGON_DEF lib/g10/terrain10/apt_tmp_wet.pol
POLYGON_DEF lib/airport/Modern_Airports/Terminal_kit/term_building_Tall_02.fac
POLYGON_DEF lib/constructions/fencing/fence_Mesh_03.fac
POLYGON_DEF lib/constructions/fencing/fence_Mesh_04.fac
POLYGON_DEF lib/constructions/fencing/fence_Hedge_04.fac
POLYGON_DEF lib/constructions/fencing/fence_Wall-2m_03.fac
PROPERTY sim/filter/aptid XLF002M
PROPERTY sim/exclude_obj 0.984965/49.173900/1.004621/49.182393
PROPERTY sim/exclude_fac 0.984965/49.173900/1.004621/49.182393
PROPERTY sim/exclude_for 0.984965/49.173900/1.004621/49.182393
PROPERTY sim/require_agpoint 1/0
PROPERTY sim/require_object 1/0
PROPERTY sim/require_facade 1/5
PROPERTY sim/require_facade 6/0
