PROPERTY sim/west -180
PROPERTY sim/east 180
PROPERTY sim/north 90
PROPERTY sim/south -90
PROPERTY sim/planet earth
PROPERTY sim/creation_agent WorldEditor2.1.0r1
PROPERTY laminar/internal_revision 0
PROPERTY sim/overlay 1
FILTER 0
BEGIN_POLYGON 0 0 2
BEGIN_WINDING
POLYGON_POINT -2.015413316 47.421181460
POLYGON_POINT -2.015577291 47.420353000
POLYGON_POINT -2.009662718 47.420532540
POLYGON_POINT -2.009611117 47.421018757
POLYGON_POINT -2.013167552 47.420923491
POLYGON_POINT -2.013260515 47.421555518
POLYGON_POINT -2.014444924 47.421346317
POLYGON_POINT -2.014445797 47.420986610
END_WINDING
END_POLYGON
FILTER -1
FILTER 0
FILTER -1
FILTER 0
FILTER -1
FILTER 0
FILTER -1
FILTER 0
FILTER -1
FILTER 0
OBJECT 0 -2.009699666 47.420736124 87.500000
OBJECT 0 -2.009716288 47.421005744 87.500000
OBJECT 0 -2.009689202 47.420744222 177.500000
OBJECT 0 -2.009705100 47.420998747 177.500000
OBJECT 0 -2.014062575 47.420610239 87.500000
OBJECT 0 -2.014079705 47.420879924 87.500000
OBJECT 0 -2.014074004 47.420617178 177.500000
OBJECT 0 -2.014090251 47.420872283 177.500000
OBJECT 1 -2.013343961 47.420631061 0.000000
OBJECT 1 -2.013272056 47.420907548 0.000000
OBJECT 1 -2.013521560 47.420898908 0.000000
OBJECT 1 -2.010419792 47.420714809 0.000000
OBJECT 1 -2.010436983 47.420985092 0.000000
OBJECT 1 -2.011149786 47.420694509 0.000000
OBJECT 1 -2.011168204 47.420963593 0.000000
OBJECT 1 -2.012612315 47.420652047 180.000000
OBJECT 1 -2.012628687 47.420921592 0.000000
OBJECT 1 -2.011881733 47.420673740 0.000000
OBJECT 1 -2.011898786 47.420943285 0.000000
OBJECT 2 -2.013285834 47.421000641 0.000000
OBJECT 2 -2.013511695 47.421255003 0.000000
OBJECT 2 -2.013329146 47.421487666 0.000000
OBJECT 2 -2.013521760 47.421475653 0.000000
OBJECT 2 -2.013294041 47.421120156 0.000000
OBJECT 2 -2.013309129 47.421266747 0.000000
OBJECT 3 -2.014694970 47.421716208 356.109985
OBJECT 4 -2.013952655 47.421999380 176.500000
OBJECT 4 -2.014270641 47.422025632 266.500000
OBJECT 4 -2.014144512 47.422030417 266.500000
OBJECT 4 -2.014017205 47.422035202 266.500000
OBJECT 4 -2.014469658 47.422017069 266.500000
OBJECT 5 -2.013885935 47.421719618 267.220001
OBJECT 6 -2.013352724 47.422243971 268.019989
OBJECT 7 -2.012482201 47.422011718 266.209991
OBJECT 7 -2.013134826 47.421981950 266.209991
OBJECT 8 -2.014303118 47.421901796 267.510010
OBJECT 8 -2.014282594 47.421493807 354.959991
BEGIN_POLYGON 1 10 3
BEGIN_WINDING
POLYGON_POINT -2.013518496 47.421149122 0.000000000
POLYGON_POINT -2.013735207 47.421147018 7.000000000
POLYGON_POINT -2.013733467 47.421065706 0.000000000
POLYGON_POINT -2.013516756 47.421067810 7.000000000
END_WINDING
END_POLYGON
BEGIN_POLYGON 2 10 3
BEGIN_WINDING
POLYGON_POINT -2.013882943 47.420940256 0.000000000
POLYGON_POINT -2.013883925 47.420907024 0.000000000
POLYGON_POINT -2.013765067 47.420907024 0.000000000
POLYGON_POINT -2.013764084 47.420940256 0.000000000
END_WINDING
END_POLYGON
BEGIN_POLYGON 2 10 3
BEGIN_WINDING
POLYGON_POINT -2.013757208 47.421155596 0.000000000
POLYGON_POINT -2.013753279 47.421055237 0.000000000
END_WINDING
END_POLYGON
BEGIN_POLYGON 2 10 3
BEGIN_WINDING
POLYGON_POINT -2.014155039 47.421153602 0.000000000
POLYGON_POINT -2.013548241 47.421166986 0.000000000
POLYGON_POINT -2.013519558 47.421181076 0.000000000
POLYGON_POINT -2.013520119 47.421254231 0.000000000
POLYGON_POINT -2.014157267 47.421239298 0.000000000
POLYGON_POINT -2.014149015 47.420937821 0.000000000
POLYGON_POINT -2.013533703 47.420942606 0.000000000
POLYGON_POINT -2.013538178 47.421059926 0.000000000
POLYGON_POINT -2.014151373 47.421048283 0.000000000
END_WINDING
END_POLYGON
BEGIN_POLYGON 2 10 3
BEGIN_WINDING
POLYGON_POINT -2.013799068 47.421345232 0.000000000
POLYGON_POINT -2.013523363 47.421350361 0.000000000
END_WINDING
END_POLYGON
BEGIN_POLYGON 2 10 3
BEGIN_WINDING
POLYGON_POINT -2.013797703 47.421299285 0.000000000
POLYGON_POINT -2.013521431 47.421305360 0.000000000
END_WINDING
END_POLYGON
BEGIN_POLYGON 2 10 3
BEGIN_WINDING
POLYGON_POINT -2.013520119 47.421254231 0.000000000
POLYGON_POINT -2.013524251 47.421393717 0.000000000
POLYGON_POINT -2.013799823 47.421389980 0.000000000
POLYGON_POINT -2.013795689 47.421250444 0.000000000
END_WINDING
END_POLYGON
OBJECT 9 -2.006333128 47.420915918 0.000000
OBJECT 9 -2.006289338 47.420998881 0.000000
OBJECT 9 -2.006219274 47.421141104 180.000000
OBJECT 9 -2.006193000 47.421235918 0.000000
OBJECT 9 -2.006175484 47.421372215 0.000000
OBJECT 9 -2.006140452 47.421496659 0.000000
OBJECT 9 -2.006122936 47.421650733 270.000000
OBJECT 9 -2.006052872 47.421781104 0.000000
OBJECT 9 -2.006061630 47.421929252 180.000000
OBJECT 9 -2.005991566 47.422107030 0.000000
OBJECT 9 -2.005965292 47.422213696 0.000000
OBJECT 9 -2.005939018 47.422308511 0.000000
OBJECT 9 -2.005877712 47.422438881 0.000000
OBJECT 9 -2.005816406 47.422592955 0.000000
OBJECT 9 -2.005790132 47.422658141 0.000000
OBJECT 9 -2.005763858 47.422776659 0.000000
OBJECT 9 -2.005755100 47.422912955 0.000000
OBJECT 9 -2.005641245 47.423173696 0.000000
OBJECT 9 -2.005597455 47.423244807 0.000000
OBJECT 9 -2.005536149 47.423469992 0.000000
OBJECT 9 -2.005527391 47.423564807 0.000000
OBJECT 9 -2.005518633 47.423701104 0.000000
OBJECT 9 -2.006455741 47.423778141 0.000000
OBJECT 9 -2.006727239 47.423760363 0.000000
OBJECT 9 -2.007156382 47.423327770 0.000000
OBJECT 9 -2.009443769 47.422128231 0.000000
OBJECT 9 -2.009468097 47.422198190 0.000000
OBJECT 9 -2.009632313 47.422189959 0.000000
OBJECT 9 -2.009796528 47.422140577 0.000000
OBJECT 9 -2.010289175 47.422070618 0.000000
OBJECT 9 -2.010009400 47.422124116 0.000000
OBJECT 9 -2.010191862 47.422111770 0.000000
OBJECT 9 -2.010410816 47.422050042 0.000000
OBJECT 9 -2.010532457 47.422033581 0.000000
OBJECT 9 -2.010684508 47.422004774 0.000000
OBJECT 9 -2.010818314 47.421996544 270.000000
OBJECT 9 -2.010964283 47.421959507 90.000000
OBJECT 9 -2.011098088 47.421934815 0.000000
OBJECT 9 -2.011244058 47.421901893 0.000000
OBJECT 9 -2.011605099 47.421836736 0.000000
OBJECT 9 -2.011959886 47.421791011 0.000000
OBJECT 9 -2.012078148 47.421768149 71.559998
OBJECT 9 -2.012204858 47.421745286 45.000000
OBJECT 9 -2.012534303 47.421648121 0.000000
OBJECT 9 -2.012631447 47.421665268 0.000000
OBJECT 9 -2.012821512 47.421616685 0.000000
OBJECT 9 -2.012952445 47.421573818 0.000000
OBJECT 9 -2.013176299 47.421536667 225.000000
OBJECT 9 -2.013366363 47.421590965 0.000000
OBJECT 9 -2.013176299 47.421610970 0.000000
OBJECT 9 -2.013782162 47.421521121 0.000000
OBJECT 9 -2.013884339 47.421560627 0.000000
OBJECT 9 -2.014030306 47.421348281 90.000000
OBJECT 9 -2.013891637 47.421348281 0.000000
OBJECT 9 -2.014307644 47.421368034 0.000000
OBJECT 9 -2.014395224 47.421343343 0.000000
OBJECT 9 -2.014563086 47.421313713 0.000000
OBJECT 10 -2.011402885 47.421876676 0.000000
OBJECT 10 -2.011862684 47.421797664 0.000000
OBJECT 10 -2.012315183 47.421723590 180.000000
OBJECT 10 -2.012453853 47.421689022 90.000000
OBJECT 10 -2.012738490 47.421664331 0.000000
OBJECT 10 -2.012928248 47.421639639 0.000000
OBJECT 10 -2.013066917 47.421585318 0.000000
OBJECT 10 -2.013278570 47.421560627 0.000000
OBJECT 10 -2.013709175 47.421486553 0.000000
OBJECT 10 -2.013928126 47.421447047 270.000000
OBJECT 10 -2.014161674 47.421368034 0.000000
OBJECT 10 -2.012862562 47.421758158 0.000000
OBJECT 10 -2.012899054 47.421896429 180.000000
OBJECT 10 -2.012899054 47.422380380 0.000000
OBJECT 10 -2.012920949 47.422538405 0.000000
OBJECT 9 -2.012993933 47.422691491 0.000000
OBJECT 9 -2.013825949 47.421891491 180.000000
OBJECT 9 -2.013687279 47.422247047 0.000000
OBJECT 9 -2.013716473 47.422355689 0.000000
OBJECT 9 -2.013716473 47.422439639 0.000000
OBJECT 9 -2.013351554 47.422651985 0.000000
OBJECT 9 -2.013497522 47.422612479 0.000000
OBJECT 9 -2.013665384 47.422592726 0.000000
OBJECT 9 -2.013928126 47.422607540 0.000000
OBJECT 10 -2.014796634 47.422503837 0.000000
OBJECT 10 -2.014878357 47.421305812 0.000000
OBJECT 10 -2.014878357 47.421436182 0.000000
OBJECT 10 -2.014782019 47.421649516 0.000000
OBJECT 10 -2.014895873 47.421744331 0.000000
OBJECT 10 -2.015071032 47.421388775 0.000000
OBJECT 10 -2.015079790 47.421513219 180.000000
OBJECT 10 -2.015062274 47.421679145 0.000000
OBJECT 10 -2.015114821 47.421276182 0.000000
OBJECT 10 -2.015298739 47.421270257 0.000000
OBJECT 10 -2.015307497 47.421359145 0.000000
OBJECT 10 -2.015272465 47.421471738 0.000000
OBJECT 10 -2.015246191 47.421596182 165.960007
OBJECT 10 -2.015202401 47.421744331 0.000000
OBJECT 10 -2.014817051 47.421886553 0.000000
OBJECT 10 -2.015018484 47.421939886 0.000000
OBJECT 10 -2.015193643 47.421945812 0.000000
OBJECT 10 -2.014773261 47.422005071 0.000000
OBJECT 10 -2.014957178 47.422117664 270.000000
OBJECT 10 -2.015106064 47.422046553 180.000000
OBJECT 10 -2.015097306 47.422200627 0.000000
OBJECT 10 -2.014773261 47.422188775 0.000000
OBJECT 10 -2.014922146 47.422277664 206.559998
OBJECT 10 -2.015027242 47.422366553 0.000000
OBJECT 10 -2.014764503 47.422372479 180.000000
OBJECT 10 -2.014904631 47.422449516 0.000000
OBJECT 10 -2.015036000 47.422496923 206.559998
OBJECT 10 -2.014475491 47.422544331 180.000000
OBJECT 10 -2.014711956 47.422568034 90.000000
OBJECT 10 -2.014887115 47.422609516 180.000000
OBJECT 10 -2.015053516 47.422656923 0.000000
OBJECT 9 -2.011883110 47.422728034 90.000000
OBJECT 9 -2.010981033 47.422858405 90.000000
OBJECT 9 -2.010700776 47.422852479 0.000000
OBJECT 9 -2.010227841 47.422224331 0.000000
OBJECT 9 -2.010227841 47.422348775 180.000000
OBJECT 9 -2.010245357 47.422485071 0.000000
OBJECT 9 -2.010289147 47.422639145 0.000000
OBJECT 9 -2.010289147 47.422816923 0.000000
OBJECT 9 -2.010350454 47.422888034 0.000000
OBJECT 9 -2.010324180 47.423036182 0.000000
OBJECT 9 -2.010350454 47.423166553 0.000000
OBJECT 9 -2.010367970 47.423326553 0.000000
OBJECT 9 -2.010385486 47.423403590 0.000000
OBJECT 9 -2.010403002 47.423522108 0.000000
OBJECT 9 -2.010394244 47.423682108 0.000000
OBJECT 9 -2.007670490 47.423776923 0.000000
OBJECT 9 -2.008467473 47.423753219 0.000000
OBJECT 9 -2.008835311 47.423753219 0.000000
OBJECT 9 -2.009229423 47.423717664 146.309998
OBJECT 9 -2.009606033 47.423759145 0.000000
OBJECT 9 -2.009798710 47.423735442 0.000000
OBJECT 9 -2.009965112 47.423741368 0.000000
OBJECT 9 -2.010166547 47.423765071 0.000000
OBJECT 9 -2.010350466 47.423759145 0.000000
OBJECT 9 -2.010543142 47.423759145 90.000000
OBJECT 9 -2.010753335 47.423753219 0.000000
OBJECT 9 -2.011576590 47.423759145 90.000000
OBJECT 9 -2.012040766 47.423759145 0.000000
OBJECT 9 -2.012969117 47.422828775 0.000000
OBJECT 9 -2.012960359 47.422970997 0.000000
OBJECT 9 -2.012986633 47.423071738 0.000000
OBJECT 9 -2.013039182 47.423213960 0.000000
OBJECT 9 -2.013047940 47.423285071 0.000000
OBJECT 9 -2.013082972 47.423385812 180.000000
OBJECT 9 -2.013056698 47.423504331 0.000000
OBJECT 9 -2.013065456 47.423599145 0.000000
OBJECT 9 -2.013056698 47.423723590 270.000000
OBJECT 9 -2.013485841 47.423770997 0.000000
OBJECT 9 -2.013739824 47.423788775 180.000000
OBJECT 9 -2.013958775 47.423765071 0.000000
OBJECT 9 -2.014274064 47.423770997 0.000000
OBJECT 9 -2.014598111 47.423770997 0.000000
OBJECT 9 -2.015054917 47.422875195 206.559998
OBJECT 9 -2.015011126 47.422993713 315.000000
OBJECT 9 -2.014974634 47.423092479 0.000000
OBJECT 9 -2.014945441 47.423196182 0.000000
OBJECT 9 -2.014901650 47.423314701 0.000000
OBJECT 9 -2.014901650 47.423467787 0.000000
OBJECT 9 -2.014887053 47.423531985 180.000000
OBJECT 9 -2.014857859 47.423625812 0.000000
OBJECT 9 -2.014828666 47.423729516 0.000000
OBJECT 9 -2.016208073 47.422169022 0.000000
OBJECT 9 -2.016324847 47.422183837 0.000000
OBJECT 9 -2.016448920 47.422213466 0.000000
OBJECT 9 -2.016704364 47.422193713 225.000000
OBJECT 9 -2.016857631 47.422223343 180.000000
OBJECT 9 -2.016989002 47.422228281 90.000000
OBJECT 9 -2.017470697 47.422282602 0.000000
OBJECT 9 -2.017536382 47.422292479 180.000000
OBJECT 9 -2.017748036 47.422322108 180.000000
OBJECT 9 -2.017923198 47.422351738 0.000000
OBJECT 9 -2.018018077 47.422341861 180.000000
OBJECT 9 -2.018178642 47.422371491 0.000000
OBJECT 9 -2.018331908 47.422396182 180.000000
OBJECT 9 -2.018485175 47.422406059 270.000000
OBJECT 9 -2.018915781 47.422440627 0.000000
OBJECT 9 -2.017222551 47.422272726 0.000000
OBJECT 9 -2.017193357 47.422401121 315.000000
OBJECT 9 -2.017193357 47.422524578 0.000000
OBJECT 9 -2.017229849 47.422628281 0.000000
OBJECT 9 -2.017222551 47.422722108 225.000000
OBJECT 9 -2.017215253 47.422860380 180.000000
OBJECT 9 -2.017222551 47.422954207 180.000000
OBJECT 9 -2.017207954 47.423122108 206.559998
OBJECT 9 -2.017229849 47.423240627 180.000000
OBJECT 9 -2.017237148 47.423364084 0.000000
OBJECT 9 -2.017259043 47.423477664 180.000000
OBJECT 9 -2.017222551 47.423581368 0.000000
OBJECT 9 -2.017222551 47.423704824 0.000000
OBJECT 9 -2.016397831 47.423013466 0.000000
OBJECT 9 -2.015682588 47.423798652 0.000000
OBJECT 9 -2.015967226 47.423773960 104.040001
OBJECT 9 -2.016200775 47.423788775 135.000000
OBJECT 9 -2.016427025 47.423793713 0.000000
OBJECT 9 -2.016748155 47.423793713 0.000000
OBJECT 9 -2.016989002 47.423798652 99.459999
OBJECT 9 -2.017332027 47.423803590 135.000000
OBJECT 9 -2.017587471 47.423808528 0.000000
OBJECT 9 -2.017791827 47.423783837 90.000000
OBJECT 9 -2.018185940 47.423793713 0.000000
OBJECT 9 -2.018448683 47.423788775 0.000000
OBJECT 9 -2.018850095 47.423798652 0.000000
OBJECT 9 -2.019098241 47.423793713 0.000000
OBJECT 9 -2.019302596 47.423769022 0.000000
OBJECT 9 -2.015675389 47.420988775 0.000000
OBJECT 9 -2.015638898 47.421156676 270.000000
OBJECT 9 -2.015733774 47.421275195 180.000000
OBJECT 9 -2.015938122 47.421304824 243.429993
OBJECT 9 -2.016076786 47.421304824 180.000000
OBJECT 9 -2.016266537 47.421309763 0.000000
OBJECT 9 -2.016419798 47.421334454 0.000000
OBJECT 9 -2.016551164 47.421344331 0.000000
OBJECT 9 -2.016711723 47.421359145 0.000000
OBJECT 9 -2.016828493 47.421378898 135.000000
OBJECT 9 -2.016981753 47.421388775 0.000000
OBJECT 9 -2.017120418 47.421383837 0.000000
OBJECT 9 -2.017251784 47.421438158 0.000000
OBJECT 9 -2.017405045 47.421443096 135.000000
OBJECT 9 -2.017521815 47.421457911 90.000000
OBJECT 9 -2.017623988 47.421472726 0.000000
OBJECT 9 -2.017842932 47.421477664 0.000000
OBJECT 9 -2.017945106 47.421487540 0.000000
OBJECT 9 -2.018083770 47.421507294 90.000000
OBJECT 9 -2.018185944 47.421527047 270.000000
OBJECT 9 -2.018339204 47.421541861 180.000000
OBJECT 9 -2.018426782 47.421541861 0.000000
OBJECT 9 -2.018572744 47.421541861 180.000000
OBJECT 9 -2.018689514 47.421546800 0.000000
OBJECT 9 -2.018850073 47.421581368 0.000000
OBJECT 9 -2.015908929 47.419917170 90.000000
OBJECT 9 -2.016054892 47.419946800 225.000000
OBJECT 9 -2.016230047 47.419971491 90.000000
OBJECT 9 -2.016346817 47.419991244 270.000000
OBJECT 9 -2.016536568 47.420010997 0.000000
OBJECT 9 -2.016711723 47.420035689 0.000000
OBJECT 9 -2.016937965 47.420065318 225.000000
OBJECT 9 -2.017156908 47.420090010 180.000000
OBJECT 9 -2.017302871 47.420099886 0.000000
OBJECT 9 -2.017499920 47.420099886 0.000000
OBJECT 9 -2.017675075 47.420114701 0.000000
OBJECT 9 -2.017857528 47.420134454 0.000000
OBJECT 9 -2.018054578 47.420164084 108.440002
OBJECT 9 -2.018229733 47.420178898 120.959999
OBJECT 9 -2.018397589 47.420203590 0.000000
OBJECT 9 -2.018543552 47.420203590 180.000000
OBJECT 9 -2.018762496 47.420243096 0.000000
OBJECT 9 -2.018923054 47.420257911 270.000000
OBJECT 11 -2.005611447 47.420350591 270.000000
OBJECT 11 -2.005798972 47.420364309 270.000000
OBJECT 11 -2.006016908 47.420364309 0.000000
OBJECT 11 -2.006199365 47.420378026 0.000000
OBJECT 11 -2.006427437 47.420374597 0.000000
OBJECT 11 -2.006427437 47.420542635 180.000000
OBJECT 11 -2.006402096 47.420683239 0.000000
OBJECT 11 -2.006366618 47.420786120 0.000000
OBJECT 11 -2.007775747 47.420488836 0.000000
OBJECT 11 -2.007785884 47.420560852 0.000000
OBJECT 11 -2.007780816 47.420632869 0.000000
OBJECT 11 -2.007760542 47.420728890 180.000000
OBJECT 11 -2.007735200 47.420828342 213.690002
OBJECT 11 -2.007740269 47.420896929 0.000000
OBJECT 11 -2.007730132 47.420965516 0.000000
OBJECT 11 -2.007709858 47.421051250 0.000000
OBJECT 11 -2.007714927 47.421126696 0.000000
OBJECT 11 -2.007684516 47.421198712 0.000000
OBJECT 11 -2.007684516 47.421274158 0.000000
OBJECT 11 -2.007664243 47.421318740 270.000000
OBJECT 11 -2.007664243 47.421404473 0.000000
OBJECT 11 -2.007643969 47.421466202 0.000000
OBJECT 11 -2.007649038 47.421562224 180.000000
OBJECT 11 -2.007638901 47.421634240 180.000000
OBJECT 11 -2.007598354 47.421737121 191.309998
OBJECT 11 -2.007618627 47.421829714 0.000000
OBJECT 11 -2.007588217 47.421894871 0.000000
OBJECT 11 -2.007578080 47.421997752 0.000000
OBJECT 11 -2.007562875 47.422073198 0.000000
OBJECT 11 -2.007542602 47.422158932 0.000000
OBJECT 11 -2.007532451 47.422265242 180.000000
OBJECT 11 -2.007512177 47.422361264 180.000000
OBJECT 11 -2.007502040 47.422453856 0.000000
OBJECT 11 -2.007481767 47.422546449 0.000000
OBJECT 11 -2.007486835 47.422656188 0.000000
OBJECT 11 -2.007446287 47.422759069 0.000000
OBJECT 11 -2.007446287 47.422868808 180.000000
OBJECT 11 -2.007441219 47.422981977 0.000000
OBJECT 11 -2.007410808 47.423095146 0.000000
OBJECT 11 -2.007370261 47.423198026 0.000000
OBJECT 11 -2.007370261 47.423300907 180.000000
OBJECT 11 -2.007360124 47.423383211 0.000000
OBJECT 11 -2.007355055 47.423458657 0.000000
OBJECT 11 -2.007334782 47.423537532 0.000000
OBJECT 11 -2.007309439 47.423609549 0.000000
OBJECT 11 -2.007289166 47.423678136 0.000000
OBJECT 11 -2.006669950 47.420404194 0.000000
OBJECT 11 -2.007101764 47.420437115 0.000000
OBJECT 11 -2.006919307 47.420412424 0.000000
OBJECT 11 -2.007284221 47.420424770 0.000000
OBJECT 11 -2.007484923 47.420437115 0.000000
OBJECT 11 -2.007734280 47.420424770 0.000000
OBJECT 11 -2.007947146 47.420453576 0.000000
OBJECT 11 -2.008117439 47.420453576 0.000000
OBJECT 11 -2.008312060 47.420465922 0.000000
OBJECT 11 -2.008518844 47.420474152 0.000000
OBJECT 11 -2.008756037 47.420486498 0.000000
OBJECT 11 -2.008944576 47.420502959 0.000000
OBJECT 11 -2.009157442 47.420478268 0.000000
OBJECT 11 -2.009388554 47.420490613 0.000000
OBJECT 11 -2.009552765 47.420515305 0.000000
OBJECT 11 -2.007576170 47.418367157 0.000000
OBJECT 11 -2.007746458 47.418354811 0.000000
OBJECT 11 -2.008038379 47.418367157 0.000000
OBJECT 11 -2.008232993 47.418358926 270.000000
OBJECT 11 -2.008427607 47.418354811 180.000000
OBJECT 11 -2.008537078 47.418383618 0.000000
OBJECT 11 -2.008676957 47.418387733 0.000000
OBJECT 11 -2.008865489 47.418379502 90.000000
OBJECT 11 -2.009303371 47.418395963 0.000000
OBJECT 11 -2.009449332 47.418404194 0.000000
OBJECT 11 -2.009643946 47.418404194 0.000000
OBJECT 11 -2.009826397 47.418400078 0.000000
OBJECT 11 -2.009935867 47.418404194 0.000000
OBJECT 9 -2.007351147 47.417918597 0.000000
OBJECT 9 -2.007332902 47.418013247 270.000000
OBJECT 9 -2.007375474 47.418128473 0.000000
OBJECT 9 -2.007308576 47.418235469 0.000000
OBJECT 9 -2.007326821 47.418354811 0.000000
OBJECT 9 -2.007314657 47.418478268 0.000000
OBJECT 9 -2.007326821 47.418585264 0.000000
OBJECT 9 -2.007314657 47.418630531 0.000000
OBJECT 9 -2.007296412 47.418721066 0.000000
OBJECT 9 -2.007302494 47.418828062 0.000000
OBJECT 9 -2.007302494 47.418918597 0.000000
OBJECT 11 -2.013598028 47.421175157 40.099998
OBJECT 11 -2.013692709 47.421176062 39.560001
OBJECT 9 -2.013999402 47.420424605 270.000000
OBJECT 9 -2.014011121 47.420516533 0.000000
OBJECT 9 -2.013996469 47.420940596 0.000000
OBJECT 9 -2.014005268 47.421021964 0.000000
OBJECT 9 -2.013998448 47.421138371 0.000000
OBJECT 11 -2.014011089 47.420584481 46.040001
OBJECT 9 -2.007278167 47.419120243 0.000000
OBJECT 9 -2.007266004 47.419227239 270.000000
OBJECT 9 -2.007247759 47.419354811 270.000000
OBJECT 9 -2.007259922 47.419449461 135.000000
OBJECT 9 -2.007241677 47.419589379 0.000000
OBJECT 9 -2.007235595 47.419671683 0.000000
OBJECT 9 -2.007253840 47.419782794 0.000000
OBJECT 9 -2.007235595 47.419873329 180.000000
OBJECT 9 -2.007229514 47.419996786 225.000000
OBJECT 9 -2.007217350 47.420083206 0.000000
OBJECT 9 -2.014131129 47.417671168 0.000000
OBJECT 9 -2.014146333 47.417475695 0.000000
OBJECT 9 -2.014131129 47.417873500 180.000000
OBJECT 9 -2.014136197 47.417763761 0.000000
OBJECT 9 -2.012068439 47.417770619 0.000000
OBJECT 9 -2.012073507 47.418058685 180.000000
OBJECT 9 -2.012063371 47.418164995 0.000000
OBJECT 9 -2.012058303 47.418271305 225.000000
OBJECT 9 -2.012068439 47.418398192 0.000000
OBJECT 9 -2.012068439 47.418521648 0.000000
OBJECT 9 -2.012038030 47.418645105 0.000000
OBJECT 9 -2.012022826 47.418727410 0.000000
OBJECT 9 -2.012007622 47.418826861 0.000000
OBJECT 9 -2.012043098 47.418919454 270.000000
OBJECT 9 -2.012038030 47.419005187 180.000000
OBJECT 9 -2.012022826 47.419070345 0.000000
OBJECT 9 -2.012027894 47.419221237 0.000000
OBJECT 9 -2.012027894 47.419173226 0.000000
OBJECT 9 -2.012022826 47.419293253 206.559998
OBJECT 9 -2.012027894 47.419382416 225.000000
OBJECT 9 -2.011997485 47.419540167 0.000000
OBJECT 9 -2.012007622 47.419636189 0.000000
OBJECT 9 -2.011987349 47.419721923 0.000000
OBJECT 9 -2.011997485 47.419811086 0.000000
OBJECT 9 -2.011987349 47.419907108 0.000000
OBJECT 9 -2.011982281 47.419972266 0.000000
OBJECT 9 -2.011956941 47.420082005 0.000000
OBJECT 9 -2.011977213 47.420174598 0.000000
OBJECT 9 -2.010162852 47.418435914 270.000000
OBJECT 9 -2.010330098 47.418429056 270.000000
OBJECT 9 -2.010507480 47.418432485 180.000000
OBJECT 9 -2.010776087 47.418439344 0.000000
OBJECT 9 -2.010917992 47.418442773 0.000000
OBJECT 9 -2.011064966 47.418453061 180.000000
OBJECT 9 -2.011358913 47.418446202 0.000000
OBJECT 9 -2.011571771 47.418463349 0.000000
OBJECT 9 -2.011779561 47.418456491 0.000000
OBJECT 9 -2.011977216 47.418449632 0.000000
OBJECT 9 -2.012134325 47.418480496 0.000000
OBJECT 9 -2.012240754 47.418473637 0.000000
OBJECT 9 -2.012362388 47.418456491 0.000000
OBJECT 9 -2.012798231 47.418487355 0.000000
OBJECT 9 -2.012940137 47.418490784 0.000000
OBJECT 9 -2.013218881 47.418494213 90.000000
OBJECT 9 -2.013406399 47.418490784 0.000000
OBJECT 9 -2.013548305 47.418501072 0.000000
OBJECT 9 -2.013700347 47.418507931 180.000000
OBJECT 9 -2.013882797 47.418518219 0.000000
OBJECT 9 -2.014085520 47.418075832 180.000000
OBJECT 9 -2.014095656 47.418195860 0.000000
OBJECT 9 -2.014050044 47.418315887 0.000000
OBJECT 9 -2.014171677 47.418521648 0.000000
OBJECT 9 -2.014364264 47.418525078 0.000000
OBJECT 9 -2.014556850 47.418545654 0.000000
OBJECT 9 -2.014739301 47.418542224 0.000000
OBJECT 9 -2.014906547 47.418552512 0.000000
OBJECT 9 -2.015063657 47.418555942 0.000000
OBJECT 9 -2.015195427 47.418542224 0.000000
OBJECT 9 -2.015550191 47.418559371 0.000000
OBJECT 9 -2.015692097 47.418566230 270.000000
OBJECT 9 -2.016411762 47.417976381 0.000000
OBJECT 9 -2.016345878 47.418103267 0.000000
OBJECT 9 -2.016315469 47.418213006 0.000000
OBJECT 9 -2.016026589 47.418312458 135.000000
OBJECT 9 -2.016011385 47.418429056 180.000000
OBJECT 9 -2.015980977 47.418593665 0.000000
OBJECT 9 -2.014060159 47.418576518 0.000000
OBJECT 9 -2.014070295 47.418662252 0.000000
OBJECT 9 -2.014070295 47.418765133 90.000000
OBJECT 9 -2.014050022 47.418854296 0.000000
OBJECT 9 -2.014044954 47.418960606 180.000000
OBJECT 9 -2.014039886 47.419063486 0.000000
OBJECT 9 -2.014055090 47.419159508 0.000000
OBJECT 9 -2.014039886 47.419262389 180.000000
OBJECT 9 -2.014039886 47.419396134 0.000000
OBJECT 9 -2.014050022 47.419512732 0.000000
OBJECT 9 -2.014019613 47.419677341 270.000000
OBJECT 9 -2.013999341 47.419811086 0.000000
OBJECT 9 -2.013979068 47.419920825 0.000000
OBJECT 9 -2.013989204 47.420030565 0.000000
OBJECT 9 -2.014029750 47.420157451 0.000000
OBJECT 9 -2.015940445 47.418751415 270.000000
OBJECT 9 -2.015889763 47.418916024 0.000000
OBJECT 9 -2.015864422 47.419008617 0.000000
OBJECT 9 -2.015854286 47.419166367 180.000000
OBJECT 9 -2.015828945 47.419286395 0.000000
OBJECT 9 -2.015798536 47.419402993 0.000000
OBJECT 9 -2.015773196 47.419492156 0.000000
OBJECT 9 -2.015742787 47.419577890 0.000000
OBJECT 9 -2.015732650 47.419656765 0.000000
OBJECT 9 -2.015692105 47.419869385 0.000000
OBJECT 9 -2.012048153 47.420469065 180.000000
OBJECT 9 -2.009669548 47.420529932 0.000000
OBJECT 11 -2.010305500 47.420525748 45.000000
OBJECT 11 -2.010563138 47.420514317 0.000000
OBJECT 11 -2.010774317 47.420500028 0.000000
OBJECT 11 -2.011162886 47.420497170 270.000000
OBJECT 11 -2.011348723 47.420485739 0.000000
OBJECT 11 -2.011610585 47.420468592 0.000000
OBJECT 11 -2.011771081 47.420468592 0.000000
OBJECT 11 -2.012516175 47.420444261 90.000000
OBJECT 11 -2.012670161 47.420439299 0.000000
OBJECT 11 -2.012767930 47.420440953 180.000000
OBJECT 11 -2.013286105 47.420424415 0.000000
OBJECT 11 -2.013550080 47.420411185 0.000000
OBJECT 11 -2.013743173 47.420409531 0.000000
OBJECT 11 -2.014173356 47.420388031 0.000000
OBJECT 11 -2.014532656 47.420378108 0.000000
OBJECT 11 -2.014781966 47.420366532 0.000000
OBJECT 11 -2.015048386 47.420364878 0.000000
OBJECT 11 -2.009673944 47.420620518 0.000000
OBJECT 11 -2.009649306 47.420696726 270.000000
OBJECT 11 -2.009589463 47.421099199 0.000000
OBJECT 11 -2.009571865 47.421189696 0.000000
OBJECT 11 -2.009564825 47.421239707 0.000000
OBJECT 11 -2.009554266 47.421323060 0.000000
OBJECT 11 -2.009529628 47.421408794 270.000000
OBJECT 11 -2.009519069 47.421506435 0.000000
OBJECT 11 -2.009512030 47.421577880 0.000000
OBJECT 11 -2.009501471 47.421656469 0.000000
OBJECT 11 -2.009487392 47.421744585 0.000000
OBJECT 11 -2.009473313 47.421816029 0.000000
OBJECT 11 -2.009459234 47.421885093 0.000000
OBJECT 11 -2.009445155 47.421961301 0.000000
OBJECT 11 -2.009416998 47.422049416 0.000000
OBJECT 11 -2.015832917 47.420057409 0.000000
OBJECT 11 -2.015827849 47.420143143 0.000000
OBJECT 11 -2.015792371 47.420259741 180.000000
OBJECT 11 -2.015787302 47.420352334 0.000000
OBJECT 11 -2.015756892 47.420427779 0.000000
OBJECT 11 -2.015716346 47.420544378 0.000000
OBJECT 11 -2.015736619 47.420643829 135.000000
OBJECT 11 -2.015711278 47.420750139 0.000000
OBJECT 11 -2.015696073 47.420842731 0.000000
OBJECT 11 -2.015528819 47.420527231 180.000000
OBJECT 11 -2.015518682 47.420640400 180.000000
OBJECT 11 -2.015503477 47.420753568 206.559998
OBJECT 11 -2.015493341 47.420849590 0.000000
OBJECT 11 -2.015473068 47.420935324 0.000000
OBJECT 11 -2.015457863 47.421045063 225.000000
FILTER -1
OBJECT_DEF lib/airport/Common_Elements/Runway_Markers/Rectangular/White_Red.obj
OBJECT_DEF lib/airport/Common_Elements/Markers/Cones/Square_Black_White.obj
OBJECT_DEF lib/airport/Common_Elements/Markers/Cones/Square_Yellow.obj
OBJECT_DEF lib/g10/US/industrial/light/StorSml2p2.obj
OBJECT_DEF lib/g10/US/industrial/light/StorSml2p3.obj
OBJECT_DEF lib/g10/US/suburban/B-RnchLHGry.obj
OBJECT_DEF lib/airport/European_Airports/hangars/25x20x5.obj
OBJECT_DEF lib/g10/US/industrial/light/TinShed10x50.obj
OBJECT_DEF lib/g10/US/industrial/light/WoodShed8x20.obj
OBJECT_DEF lib/g10/forests/autogen_tree3.obj
OBJECT_DEF lib/g10/forests/autogen_tree4.obj
OBJECT_DEF lib/g10/forests/autogen_tree1.obj
POLYGON_DEF lib/g10/terrain10/apt_tmp_wet.pol
POLYGON_DEF lib/airport/Modern_Airports/Terminal_kit/term_building_Ground_02.fac
POLYGON_DEF lib/constructions/fencing/fence_MeshHigh_06.fac
PROPERTY sim/filter/aptid XLF0046
PROPERTY sim/exclude_obj -2.018908/47.418290/-2.005885/47.423840
PROPERTY sim/exclude_fac -2.018908/47.418290/-2.005885/47.423840
PROPERTY sim/exclude_for -2.018908/47.418290/-2.005885/47.423840
PROPERTY sim/require_agpoint 1/0
PROPERTY sim/require_object 1/0
PROPERTY sim/require_facade 1/1
PROPERTY sim/require_facade 6/0
