PROPERTY sim/west -180
PROPERTY sim/east 180
PROPERTY sim/north 90
PROPERTY sim/south -90
PROPERTY sim/planet earth
PROPERTY sim/creation_agent WorldEditor2.2.0r2
PROPERTY laminar/internal_revision 0
PROPERTY sim/overlay 1
FILTER 0
BEGIN_POLYGON 0 0 2
BEGIN_WINDING
POLYGON_POINT 3.199450251 46.072867232
POLYGON_POINT 3.199146982 46.071456983
POLYGON_POINT 3.198531575 46.071509802
POLYGON_POINT 3.198420923 46.070759185
POLYGON_POINT 3.198994801 46.070723451
POLYGON_POINT 3.198658734 46.069122705
POLYGON_POINT 3.199084789 46.069084515
POLYGON_POINT 3.199883992 46.072820537
END_WINDING
END_POLYGON
FILTER -1
FILTER 0
FILTER -1
FILTER 0
FILTER -1
FILTER 0
FILTER -1
FILTER 0
FILTER -1
FILTER 0
OBJECT 0 3.199054501 46.069102543 98.000000
OBJECT 0 3.198673961 46.069140706 98.000000
OBJECT 0 3.199836429 46.072812670 98.000000
OBJECT 0 3.199455714 46.072852163 98.000000
OBJECT 1 3.199742800 46.072366506 8.000000
OBJECT 1 3.199363110 46.072407722 8.000000
OBJECT 1 3.199147814 46.069545959 8.000000
OBJECT 1 3.198768141 46.069584428 8.000000
OBJECT 1 3.199239794 46.069991092 8.000000
OBJECT 1 3.198864034 46.070030934 8.000000
OBJECT 1 3.199648856 46.071920000 8.000000
OBJECT 1 3.199267210 46.071961216 8.000000
OBJECT 1 3.199335702 46.070436225 8.000000
OBJECT 1 3.198957978 46.070476067 8.000000
OBJECT 1 3.199552942 46.071476241 8.000000
OBJECT 1 3.199175218 46.071516083 8.000000
OBJECT 1 3.199445301 46.070961041 8.000000
OBJECT 1 3.199067576 46.071000884 8.000000
BEGIN_POLYGON 1 1 3
BEGIN_WINDING
POLYGON_POINT 3.198847348 46.070863236 0.000000000
POLYGON_POINT 3.198883155 46.071144336 7.000000000
POLYGON_POINT 3.198621019 46.071160408 0.000000000
POLYGON_POINT 3.198585212 46.070879308 7.000000000
END_WINDING
END_POLYGON
OBJECT 2 3.198755735 46.071010125 94.839035
OBJECT 3 3.200441445 46.074901782 93.439507
OBJECT 4 3.201015766 46.074853696 182.325439
OBJECT 5 3.201292559 46.074767704 2.337275
OBJECT 5 3.201167133 46.074772284 2.337275
OBJECT 6 3.200238226 46.067846769 0.000000
OBJECT 6 3.200115045 46.067798338 0.000000
OBJECT 6 3.199922061 46.067724268 0.000000
OBJECT 6 3.199897425 46.067616012 0.000000
OBJECT 6 3.199778350 46.067596070 90.000000
OBJECT 6 3.199540200 46.067596070 0.000000
OBJECT 6 3.199133703 46.067456477 0.000000
OBJECT 6 3.199014628 46.067373860 0.000000
OBJECT 6 3.198817538 46.068103165 0.000000
OBJECT 6 3.198735417 46.068117409 0.000000
OBJECT 6 3.198612236 46.068128805 90.000000
OBJECT 6 3.198521904 46.068128805 0.000000
OBJECT 6 3.198427465 46.068137351 0.000000
OBJECT 6 3.198316602 46.068151596 0.000000
OBJECT 6 3.198361768 46.067863862 0.000000
OBJECT 6 3.198316602 46.067923688 0.000000
OBJECT 6 3.198296072 46.067863862 0.000000
OBJECT 6 3.198723099 46.067701478 270.000000
OBJECT 6 3.198636873 46.067707175 0.000000
OBJECT 6 3.198526010 46.067715722 0.000000
OBJECT 6 3.198394617 46.067727117 0.000000
OBJECT 6 3.198415147 46.067618861 0.000000
OBJECT 6 3.198300178 46.067524849 0.000000
OBJECT 6 3.198361768 46.067405197 0.000000
OBJECT 6 3.198164679 46.067556186 90.000000
OBJECT 6 3.197926529 46.067453628 0.000000
OBJECT 6 3.197942953 46.067584675 180.000000
OBJECT 6 3.197979907 46.067672989 0.000000
OBJECT 6 3.197988119 46.067749908 0.000000
OBJECT 6 3.198020968 46.067872408 180.000000
OBJECT 6 3.198041498 46.067974967 0.000000
OBJECT 6 3.198074346 46.068071828 0.000000
OBJECT 6 3.201762438 46.068447047 270.000000
OBJECT 6 3.196339995 46.069320938 0.000000
OBJECT 6 3.196364517 46.069542110 180.000000
OBJECT 6 3.196376777 46.069678216 180.000000
OBJECT 6 3.195702442 46.069618669 0.000000
OBJECT 6 3.195910873 46.070222639 0.000000
OBJECT 6 3.195628878 46.070418291 0.000000
OBJECT 6 3.196229681 46.074748159 0.000000
OBJECT 6 3.196916309 46.073387100 0.000000
OBJECT 6 3.197958512 46.076160257 0.000000
OBJECT 6 3.200122108 46.074902609 0.000000
OBJECT 6 3.199830547 46.074808597 0.000000
OBJECT 6 3.199924996 46.074671852 0.000000
OBJECT 6 3.200060511 46.074637666 0.000000
OBJECT 6 3.200327433 46.074651910 270.000000
OBJECT 6 3.200561503 46.074654759 270.000000
OBJECT 6 3.200672378 46.074646212 0.000000
OBJECT 6 3.200770934 46.074683247 0.000000
OBJECT 6 3.201087133 46.074133420 0.000000
OBJECT 6 3.202620652 46.072551673 0.000000
OBJECT 6 3.202462969 46.072568766 0.000000
OBJECT 6 3.202295430 46.072582441 0.000000
OBJECT 6 3.202137746 46.072602952 0.000000
OBJECT 6 3.201970207 46.072623464 90.000000
OBJECT 6 3.201620348 46.072654232 0.000000
OBJECT 6 3.201497157 46.072678162 180.000000
OBJECT 6 3.201270487 46.072702092 0.000000
OBJECT 6 3.201004395 46.072722604 0.000000
OBJECT 6 3.200861494 46.072746534 0.000000
OBJECT 6 3.200620041 46.072760209 0.000000
OBJECT 6 3.200447574 46.072780721 0.000000
OBJECT 6 3.200329311 46.072787558 0.000000
OBJECT 6 3.200206121 46.072801232 0.000000
OBJECT 6 3.200073075 46.072811488 0.000000
OBJECT 6 3.199215668 46.072855930 270.000000
OBJECT 6 3.198875662 46.072873023 0.000000
OBJECT 6 3.198678558 46.072893535 0.000000
OBJECT 6 3.198442032 46.072910628 0.000000
OBJECT 6 3.198215362 46.072910628 0.000000
OBJECT 6 3.198067533 46.072917465 0.000000
OBJECT 6 3.197663469 46.072955070 270.000000
OBJECT 6 3.197111576 46.072992675 0.000000
OBJECT 6 3.196855340 46.072999512 0.000000
OBJECT 6 3.196549828 46.073013187 0.000000
OBJECT 6 3.196387216 46.073023442 0.000000
OBJECT 6 3.196190724 46.073037433 0.000000
OBJECT 6 3.196013330 46.073054527 0.000000
FILTER -1
OBJECT_DEF lib/airport/Common_Elements/Runway_Markers/Rectangular/White_Red.obj
OBJECT_DEF lib/airport/Common_Elements/Markers/Cones/Square_Black_White.obj
OBJECT_DEF lib/airport/European_Airports/hangars/25x20x5.obj
OBJECT_DEF lib/g10/US/industrial/light/WoodShed8x10.obj
OBJECT_DEF lib/g10/US/industrial/light/Shed13x24.obj
OBJECT_DEF lib/g10/US/industrial/light/TinShed10x30Lt.obj
OBJECT_DEF lib/g10/forests/autogen_tree1.obj
POLYGON_DEF lib/g10/terrain10/apt_tmp_wet.pol
POLYGON_DEF lib/airport/Modern_Airports/Terminal_kit/term_building_Ground_02.fac
PROPERTY sim/filter/aptid XLF00D4
PROPERTY sim/exclude_obj 3.194262/46.068642/3.204367/46.077219
PROPERTY sim/exclude_for 3.195463/46.067507/3.201974/46.075610
PROPERTY sim/require_agpoint 1/0
PROPERTY sim/require_object 1/0
PROPERTY sim/require_facade 1/1
PROPERTY sim/require_facade 6/0
