PROPERTY sim/west -180
PROPERTY sim/east 180
PROPERTY sim/north 90
PROPERTY sim/south -90
PROPERTY sim/planet earth
PROPERTY sim/creation_agent WorldEditor2.1.0r1
PROPERTY laminar/internal_revision 0
PROPERTY sim/overlay 1
FILTER 0
BEGIN_POLYGON 0 0 4
BEGIN_WINDING
POLYGON_POINT 3.047197690 47.667048529 3.047197690 47.667048529
POLYGON_POINT 3.046513639 47.667375572 3.046513639 47.667375572
POLYGON_POINT 3.046029376 47.667556089 3.046029376 47.667556089
POLYGON_POINT 3.045819207 47.667634433 3.045819207 47.667634433
POLYGON_POINT 3.045437327 47.667811742 3.045437327 47.667811742
POLYGON_POINT 3.045426177 47.667858942 3.045437719 47.667899926
POLYGON_POINT 3.045453083 47.667895304 3.045453083 47.667895304
POLYGON_POINT 3.045625133 47.667910458 3.045625133 47.667910458
POLYGON_POINT 3.045754561 47.667876774 3.045840602 47.667842150
POLYGON_POINT 3.045861200 47.667810423 3.045861200 47.667810423
POLYGON_POINT 3.045892325 47.667634829 3.045873438 47.667615750
POLYGON_POINT 3.045819207 47.667634433 3.045819207 47.667634433
POLYGON_POINT 3.046029376 47.667556089 3.046029376 47.667556089
POLYGON_POINT 3.045972085 47.667652337 3.045972085 47.667652337
POLYGON_POINT 3.045996791 47.667755209 3.045996791 47.667755209
POLYGON_POINT 3.046063936 47.667869524 3.046063936 47.667869524
POLYGON_POINT 3.045792430 47.667990674 3.045792430 47.667990674
POLYGON_POINT 3.045515551 47.668125042 3.045515551 47.668125042
POLYGON_POINT 3.045458169 47.668073359 3.045458169 47.668073359
POLYGON_POINT 3.045587409 47.668015828 3.045587409 47.668015828
POLYGON_POINT 3.045628991 47.668023749 3.045628991 47.668023749
POLYGON_POINT 3.045678842 47.668001012 3.045678842 47.668001012
POLYGON_POINT 3.045690915 47.667971153 3.045690915 47.667971153
POLYGON_POINT 3.045439625 47.667931345 3.045439625 47.667931345
POLYGON_POINT 3.045439625 47.667931345 3.045388210 47.667923572
POLYGON_POINT 3.045369975 47.667881945 3.045362630 47.667855800
POLYGON_POINT 3.045312021 47.667869923 3.045312021 47.667869923
POLYGON_POINT 3.045182793 47.667929924 3.045182793 47.667929924
POLYGON_POINT 3.045149359 47.667899838 3.045149359 47.667899838
POLYGON_POINT 3.045780334 47.667599462 3.045780334 47.667599462
POLYGON_POINT 3.046069907 47.667485146 3.046069907 47.667485146
POLYGON_POINT 3.046129086 47.667396112 3.046129086 47.667396112
POLYGON_POINT 3.046392243 47.667282487 3.046392243 47.667282487
POLYGON_POINT 3.046416962 47.667307132 3.046416962 47.667307132
POLYGON_POINT 3.046170173 47.667414821 3.046170173 47.667414821
POLYGON_POINT 3.046170173 47.667414821 3.046129881 47.667437715
POLYGON_POINT 3.046159415 47.667449810 3.046159415 47.667449810
POLYGON_POINT 3.046463887 47.667329612 3.046463887 47.667329612
POLYGON_POINT 3.047098476 47.667009847 3.047098476 47.667009847
END_WINDING
END_POLYGON
BEGIN_POLYGON 1 0 2
BEGIN_WINDING
POLYGON_POINT 3.046449807 47.667322776
POLYGON_POINT 3.046715429 47.667531108
POLYGON_POINT 3.046828220 47.667817218
POLYGON_POINT 3.046722948 47.668012178
POLYGON_POINT 3.046516165 47.667984326
POLYGON_POINT 3.046362018 47.668052689
POLYGON_POINT 3.045982289 47.668475524
POLYGON_POINT 3.045831901 47.668538823
POLYGON_POINT 3.045643916 47.668460332
POLYGON_POINT 3.045474730 47.668308415
POLYGON_POINT 3.045128838 47.668219797
POLYGON_POINT 3.044963412 47.668136243
POLYGON_POINT 3.043982132 47.667951411
POLYGON_POINT 3.044092422 47.667644162
POLYGON_POINT 3.044909389 47.668024948
END_WINDING
END_POLYGON
BEGIN_POLYGON 2 0 2
BEGIN_WINDING
POLYGON_POINT 3.042818730 47.664342698
POLYGON_POINT 3.043243524 47.664121074
POLYGON_POINT 3.044762011 47.665472165
POLYGON_POINT 3.046046530 47.666519195
POLYGON_POINT 3.046502530 47.666783162
POLYGON_POINT 3.046898700 47.667012495
POLYGON_POINT 3.046934963 47.667054011
POLYGON_POINT 3.046901068 47.667099204
POLYGON_POINT 3.046592282 47.667251819
POLYGON_POINT 3.046449807 47.667322776
POLYGON_POINT 3.044909389 47.668024948
POLYGON_POINT 3.043909569 47.667558057
POLYGON_POINT 3.045682496 47.666710872
END_WINDING
END_POLYGON
FILTER -1
FILTER 0
FILTER -1
FILTER 0
FILTER -1
FILTER 0
FILTER -1
FILTER 0
FILTER -1
FILTER 0
OBJECT 0 3.043176510 47.664611073 129.000000
OBJECT 0 3.043486614 47.664441207 129.000000
OBJECT 0 3.046008737 47.666539196 129.000000
OBJECT 0 3.045698340 47.666709043 129.000000
OBJECT 1 3.045503084 47.666119149 39.000000
OBJECT 1 3.045193347 47.666287890 39.000000
OBJECT 1 3.043990925 47.664859952 39.000000
OBJECT 1 3.043679934 47.665029541 39.000000
OBJECT 1 3.044495602 47.665280673 39.000000
OBJECT 1 3.044185029 47.665450262 39.000000
OBJECT 1 3.044999237 47.665699699 39.000000
OBJECT 1 3.044688662 47.665868581 39.000000
OBJECT 1 3.045753984 47.666330418 39.000000
OBJECT 1 3.045445903 47.666499215 39.000000
OBJECT 1 3.043740156 47.664649662 39.000000
OBJECT 1 3.043427488 47.664819957 39.000000
OBJECT 2 3.045551855 47.668173878 305.239990
OBJECT 3 3.045494516 47.668189442 215.279999
OBJECT 3 3.045878517 47.667218130 34.110001
OBJECT 4 3.046247784 47.667708370 288.130005
OBJECT 4 3.046167281 47.667268796 122.800003
OBJECT 5 3.046114546 47.667917268 304.109985
OBJECT 6 3.045178824 47.667638779 305.130005
OBJECT 6 3.045294140 47.667581634 305.130005
OBJECT 7 3.048585093 47.665217584 0.000000
OBJECT 7 3.048747502 47.665326964 0.000000
OBJECT 7 3.048882843 47.665399884 0.000000
OBJECT 7 3.049050665 47.665501972 0.000000
OBJECT 7 3.049186006 47.665585830 0.000000
OBJECT 8 3.049943232 47.666071419 0.000000
OBJECT 8 3.049793560 47.665983215 0.000000
OBJECT 8 3.049681306 47.665939113 0.000000
OBJECT 8 3.049550343 47.665863510 0.000000
OBJECT 8 3.049428735 47.665781606 90.000000
OBJECT 8 3.049325835 47.665693402 0.000000
OBJECT 8 3.048409095 47.665151576 0.000000
OBJECT 8 3.048278132 47.665044471 0.000000
OBJECT 8 3.048072334 47.664899564 45.000000
OBJECT 8 3.047857180 47.664779859 0.000000
OBJECT 8 3.047613964 47.664647553 0.000000
OBJECT 8 3.047426874 47.664515246 0.000000
OBJECT 8 3.047202366 47.664401841 0.000000
OBJECT 8 3.047015276 47.664294736 0.000000
OBJECT 8 3.046790769 47.664137229 45.000000
OBJECT 8 3.046594296 47.664004922 0.000000
OBJECT 8 3.046444629 47.663935619 63.430000
OBJECT 8 3.046294962 47.663860016 0.000000
OBJECT 8 3.046164004 47.663771812 0.000000
OBJECT 8 3.045995629 47.663671007 90.000000
OBJECT 8 3.045780483 47.663538701 0.000000
OBJECT 8 3.045593400 47.663437896 0.000000
OBJECT 8 3.045387609 47.663274088 45.000000
OBJECT 8 3.045228588 47.663185884 270.000000
OBJECT 8 3.045116338 47.663110281 26.559999
OBJECT 8 3.044873130 47.663028377 0.000000
OBJECT 8 3.044723463 47.663072479 161.570007
OBJECT 8 3.044573796 47.663135482 135.000000
OBJECT 8 3.044049963 47.663570202 0.000000
OBJECT 8 3.044732785 47.662839368 0.000000
OBJECT 8 3.044545706 47.662732263 0.000000
OBJECT 8 3.044358627 47.662606257 0.000000
OBJECT 8 3.044180901 47.662492852 0.000000
OBJECT 8 3.044003176 47.662385747 0.000000
OBJECT 8 3.043806743 47.662291242 0.000000
OBJECT 8 3.043638372 47.662177837 90.000000
OBJECT 8 3.043507416 47.662095933 0.000000
OBJECT 8 3.043339045 47.662007729 0.000000
OBJECT 8 3.043189382 47.661913224 0.000000
OBJECT 8 3.043058426 47.661831321 0.000000
OBJECT 8 3.042918117 47.661730516 0.000000
OBJECT 8 3.042749745 47.661636011 0.000000
OBJECT 8 3.042562666 47.661560408 90.000000
OBJECT 9 3.042263339 47.661409201 0.000000
OBJECT 9 3.042394295 47.661459603 0.000000
OBJECT 9 3.042151092 47.661465903 270.000000
OBJECT 9 3.042029490 47.661535207 0.000000
OBJECT 9 3.041889181 47.661459603 0.000000
OBJECT 9 3.041879827 47.661579309 270.000000
OBJECT 9 3.041992075 47.661636011 270.000000
OBJECT 9 3.041814349 47.661699014 0.000000
OBJECT 9 3.041702102 47.661610810 0.000000
OBJECT 9 3.041730164 47.661484804 45.000000
OBJECT 9 3.041589854 47.661636011 180.000000
OBJECT 9 3.041702102 47.661724215 0.000000
OBJECT 9 3.041814349 47.661799819 0.000000
OBJECT 9 3.041543084 47.661768318 0.000000
OBJECT 9 3.041636624 47.661869122 0.000000
OBJECT 9 3.041440191 47.661875423 90.000000
OBJECT 9 3.041552438 47.661976227 270.000000
OBJECT 9 3.041346651 47.661976227 180.000000
OBJECT 9 3.041440191 47.662070732 180.000000
OBJECT 9 3.041225050 47.662026630 0.000000
OBJECT 9 3.041356005 47.662140035 0.000000
OBJECT 9 3.041150218 47.662133735 0.000000
OBJECT 9 3.041215696 47.662209338 0.000000
OBJECT 9 3.041019263 47.662228239 180.000000
OBJECT 9 3.041084740 47.662316443 0.000000
OBJECT 8 3.040888307 47.662152636 0.000000
OBJECT 8 3.040738644 47.662001428 0.000000
OBJECT 8 3.040645104 47.661894323 90.000000
OBJECT 8 3.040523503 47.661736816 0.000000
OBJECT 8 3.040336423 47.661585609 0.000000
OBJECT 8 3.040617082 47.662410948 0.000000
OBJECT 8 3.040458059 47.662473951 0.000000
OBJECT 8 3.040299035 47.662568455 0.000000
OBJECT 8 3.040121303 47.662669260 0.000000
OBJECT 8 3.039999697 47.662763764 0.000000
OBJECT 8 3.039840674 47.662870869 90.000000
OBJECT 8 3.039691005 47.662984275 90.000000
OBJECT 9 3.039803256 47.661522606 0.000000
OBJECT 9 3.039672296 47.661623411 180.000000
OBJECT 9 3.039569398 47.661818720 0.000000
OBJECT 9 3.039550690 47.661995128 0.000000
OBJECT 9 3.039466501 47.662158936 161.570007
OBJECT 9 3.039485210 47.662316443 180.000000
OBJECT 9 3.039494564 47.662436149 180.000000
OBJECT 9 3.039494564 47.662574755 0.000000
OBJECT 9 3.039485210 47.662738563 0.000000
OBJECT 9 3.039447792 47.662921272 0.000000
OBJECT 9 3.039457147 47.663085079 270.000000
OBJECT 9 3.039447792 47.663267788 0.000000
OBJECT 9 3.039195226 47.663355992 0.000000
OBJECT 9 3.039307478 47.663444196 71.559998
OBJECT 9 3.039092328 47.663437896 0.000000
OBJECT 9 3.039129745 47.663570202 135.000000
OBJECT 9 3.038923950 47.663545001 0.000000
OBJECT 9 3.039026848 47.663664707 0.000000
OBJECT 9 3.038914596 47.663771812 0.000000
OBJECT 9 3.038783636 47.663696208 0.000000
OBJECT 9 3.038708801 47.663803313 0.000000
OBJECT 9 3.038849116 47.663897817 0.000000
OBJECT 9 3.038633966 47.663967121 104.040001
OBJECT 9 3.038503006 47.663954520 153.440002
OBJECT 9 3.038521715 47.664086826 0.000000
OBJECT 9 3.038400108 47.664080526 0.000000
OBJECT 9 3.038400108 47.664256934 0.000000
OBJECT 9 3.038213022 47.664244334 0.000000
OBJECT 9 3.038259794 47.664401841 0.000000
OBJECT 9 3.038053999 47.664445943 0.000000
OBJECT 9 3.038128833 47.664553048 0.000000
OBJECT 9 3.037904329 47.664609751 116.570000
OBJECT 9 3.037988518 47.664710556 0.000000
OBJECT 9 3.037820141 47.664767258 0.000000
OBJECT 7 3.038016581 47.665025570 0.000000
OBJECT 7 3.038138187 47.665075973 0.000000
OBJECT 7 3.038259794 47.665126375 0.000000
OBJECT 9 3.037894975 47.664874363 0.000000
OBJECT 9 3.037698534 47.664886964 0.000000
OBJECT 9 3.037764015 47.665038171 0.000000
OBJECT 9 3.037595637 47.665012970 0.000000
OBJECT 9 3.037623700 47.665208279 0.000000
OBJECT 9 3.037455322 47.665176777 0.000000
OBJECT 9 3.037511448 47.665334285 0.000000
OBJECT 9 3.037305653 47.665365786 0.000000
OBJECT 9 3.037184047 47.665548495 270.000000
OBJECT 9 3.037371133 47.665523294 225.000000
OBJECT 9 3.037258881 47.665680801 0.000000
OBJECT 9 3.037192474 47.666450344 0.000000
OBJECT 9 3.037395159 47.666550099 0.000000
OBJECT 9 3.037590049 47.666634103 180.000000
OBJECT 9 3.037816122 47.666712857 0.000000
OBJECT 9 3.038120150 47.666781110 0.000000
OBJECT 9 3.038244880 47.666891365 180.000000
OBJECT 9 3.038517726 47.666959618 0.000000
OBJECT 9 3.038720412 47.667048872 225.000000
OBJECT 9 3.038923097 47.667132876 225.000000
OBJECT 9 3.039086805 47.667195879 270.000000
OBJECT 9 3.039297286 47.667258882 0.000000
OBJECT 8 3.038463157 47.666203583 0.000000
OBJECT 8 3.038377405 47.666313838 0.000000
OBJECT 8 3.038252676 47.666471345 0.000000
OBJECT 8 3.038166924 47.666644604 180.000000
OBJECT 8 3.039071214 47.665594554 0.000000
OBJECT 8 3.038993258 47.665668058 0.000000
OBJECT 8 3.038876324 47.665778313 90.000000
OBJECT 8 3.038790572 47.665893818 0.000000
OBJECT 8 3.038681434 47.666014574 0.000000
OBJECT 8 3.038611273 47.666098578 0.000000
OBJECT 8 3.038743799 47.666156331 0.000000
OBJECT 8 3.038876324 47.666198333 0.000000
OBJECT 8 3.038993258 47.666256085 270.000000
OBJECT 8 3.039195943 47.666340089 0.000000
OBJECT 8 3.039281695 47.666387341 0.000000
OBJECT 8 3.039406425 47.666445094 0.000000
OBJECT 8 3.039554541 47.666497597 225.000000
OBJECT 8 3.039648088 47.666539599 0.000000
OBJECT 8 3.039765022 47.666597351 0.000000
OBJECT 8 3.039905343 47.666649854 0.000000
OBJECT 8 3.040014482 47.666691856 0.000000
OBJECT 8 3.039819592 47.665830815 0.000000
OBJECT 8 3.039983299 47.665920070 0.000000
OBJECT 8 3.040708290 47.666235084 0.000000
OBJECT 8 3.041581398 47.666592101 0.000000
OBJECT 9 3.038431974 47.665190285 180.000000
OBJECT 9 3.038658047 47.665284790 270.000000
OBJECT 9 3.038790572 47.665353043 0.000000
OBJECT 9 3.038954280 47.665416046 180.000000
OBJECT 9 3.039156965 47.665494800 0.000000
OBJECT 9 3.039367447 47.665620805 255.960007
OBJECT 9 3.039484381 47.665668058 0.000000
OBJECT 9 3.039702658 47.665762562 0.000000
OBJECT 9 3.040170394 47.666009324 0.000000
OBJECT 9 3.040341897 47.666093328 270.000000
OBJECT 9 3.040521196 47.666172081 213.690002
OBJECT 9 3.040864202 47.666303338 270.000000
OBJECT 9 3.040988932 47.666366340 0.000000
OBJECT 9 3.041261778 47.666487096 194.039993
OBJECT 9 3.041409894 47.666550099 180.000000
OBJECT 9 3.041729514 47.666702356 0.000000
OBJECT 9 3.041846448 47.666749608 0.000000
OBJECT 9 3.041978973 47.666817862 0.000000
OBJECT 9 3.042189455 47.666933367 0.000000
OBJECT 9 3.042306389 47.667001620 0.000000
OBJECT 9 3.042493483 47.667075124 0.000000
OBJECT 9 3.042657191 47.667185379 0.000000
OBJECT 9 3.042820898 47.667258882 0.000000
OBJECT 9 3.042961219 47.667327136 0.000000
OBJECT 9 3.043175921 47.667435932 270.000000
OBJECT 9 3.043045989 47.667512498 0.000000
OBJECT 9 3.042970196 47.667570834 0.000000
OBJECT 9 3.042856506 47.667629171 90.000000
OBJECT 9 3.042309710 47.667691153 0.000000
OBJECT 9 3.042168950 47.667709383 90.000000
OBJECT 9 3.042039018 47.667716675 0.000000
OBJECT 9 3.041887431 47.667734905 0.000000
OBJECT 9 3.041762913 47.667753135 0.000000
OBJECT 9 3.041627567 47.667760427 0.000000
OBJECT 9 3.041470566 47.667778657 0.000000
OBJECT 9 3.041335220 47.667800533 0.000000
OBJECT 9 3.041194460 47.667811471 0.000000
OBJECT 9 3.041069942 47.667822409 0.000000
OBJECT 9 3.040891286 47.667826055 0.000000
OBJECT 9 3.040696388 47.667818763 66.800003
OBJECT 8 3.040561042 47.667796887 0.000000
OBJECT 8 3.040409455 47.667738551 0.000000
OBJECT 8 3.040279523 47.667691153 0.000000
OBJECT 8 3.040165832 47.667640109 0.000000
OBJECT 8 3.040046728 47.667581772 0.000000
OBJECT 8 3.039927623 47.667519790 0.000000
OBJECT 8 3.039786864 47.667454162 0.000000
OBJECT 8 3.039678587 47.667392180 0.000000
OBJECT 8 3.039548655 47.667348428 0.000000
OBJECT 7 3.044787986 47.668254300 0.000000
OBJECT 7 3.044828591 47.668120613 0.000000
OBJECT 7 3.044774451 47.668305952 0.000000
OBJECT 7 3.044747381 47.668391025 0.000000
OBJECT 7 3.044715800 47.668476098 0.000000
OBJECT 7 3.043917241 47.667774243 90.000000
OBJECT 7 3.043817986 47.667752974 0.000000
OBJECT 7 3.043601427 47.667722591 0.000000
OBJECT 7 3.043380358 47.667670939 0.000000
OBJECT 7 3.043294637 47.667652709 0.000000
OBJECT 7 3.043199892 47.667631441 0.000000
OBJECT 8 3.043493148 47.667710438 270.000000
OBJECT 8 3.043696172 47.667725629 0.000000
OBJECT 8 3.044251102 47.667831971 225.000000
OBJECT 8 3.044390962 47.667853239 0.000000
OBJECT 8 3.044363893 47.667920083 143.130005
OBJECT 8 3.044612032 47.667923121 0.000000
OBJECT 8 3.044548870 47.667944389 0.000000
OBJECT 8 3.044603009 47.667977811 0.000000
OBJECT 8 3.044544358 47.668011233 225.000000
OBJECT 8 3.044643614 47.668026425 270.000000
OBJECT 8 3.044688730 47.667971735 0.000000
OBJECT 8 3.044756404 47.668023386 0.000000
OBJECT 8 3.044688733 47.668564210 0.000000
OBJECT 8 3.044661663 47.668621939 0.000000
OBJECT 8 3.044661663 47.668697897 270.000000
OBJECT 8 3.044634593 47.668776894 0.000000
OBJECT 8 3.044598500 47.668871082 0.000000
OBJECT 8 3.044580453 47.668950079 0.000000
OBJECT 8 3.044548871 47.669019961 0.000000
OBJECT 8 3.046078326 47.668302913 0.000000
OBJECT 8 3.045929441 47.668366718 116.570000
OBJECT 8 3.045933952 47.668473060 0.000000
OBJECT 7 3.045563994 47.668254300 0.000000
OBJECT 7 3.045509854 47.668312028 0.000000
OBJECT 7 3.045563994 47.668360642 0.000000
OBJECT 7 3.045654228 47.668415332 0.000000
OBJECT 7 3.045753485 47.668451792 270.000000
OBJECT 7 3.045830184 47.668488252 270.000000
OBJECT 7 3.045694833 47.668366718 0.000000
OBJECT 7 3.045803113 47.668308990 315.000000
OBJECT 7 3.046015163 47.668266453 0.000000
OBJECT 7 3.045961022 47.668154035 315.000000
OBJECT 7 3.045947487 47.668217840 0.000000
OBJECT 7 3.045852742 47.668169226 0.000000
OBJECT 7 3.045762508 47.668199610 0.000000
OBJECT 7 3.045356462 47.668150996 0.000000
OBJECT 7 3.045252695 47.668169226 0.000000
OBJECT 7 3.045175997 47.668172265 0.000000
OBJECT 7 3.045103811 47.668138843 0.000000
OBJECT 7 3.045081253 47.668075038 0.000000
OBJECT 7 3.045085764 47.668014271 0.000000
OBJECT 7 3.045748974 47.667792473 0.000000
OBJECT 7 3.045586556 47.667856278 0.000000
OBJECT 7 3.045582044 47.667807664 0.000000
OBJECT 7 3.045288788 47.667910968 0.000000
OBJECT 7 3.046457290 47.667446102 0.000000
OBJECT 7 3.046394128 47.667506869 0.000000
OBJECT 7 3.046344500 47.667485601 0.000000
OBJECT 7 3.046317431 47.667549406 0.000000
OBJECT 7 3.046191106 47.667570674 0.000000
OBJECT 7 3.046114409 47.667588904 0.000000
OBJECT 8 3.049223081 47.667534356 0.000000
OBJECT 8 3.049337642 47.667562580 0.000000
OBJECT 8 3.042062616 47.663050093 0.000000
OBJECT 8 3.041946076 47.662976666 90.000000
OBJECT 8 3.041810739 47.662885516 0.000000
OBJECT 8 3.041652846 47.662771578 90.000000
OBJECT 8 3.041494952 47.662655109 0.000000
OBJECT 8 3.041374653 47.662563959 0.000000
OBJECT 8 3.041246835 47.662477873 0.000000
OBJECT 8 3.042190434 47.663131115 0.000000
OBJECT 8 3.042300764 47.663207941 0.000000
OBJECT 8 3.042411719 47.663294390 0.000000
OBJECT 8 3.042448704 47.663221128 90.000000
OBJECT 8 3.042531376 47.663289995 270.000000
OBJECT 8 3.042483513 47.663353000 0.000000
OBJECT 8 3.042590117 47.663437985 0.000000
OBJECT 8 3.043012182 47.663697333 0.000000
OBJECT 8 3.043128942 47.663801651 0.000000
OBJECT 8 3.043233191 47.663936983 0.000000
OBJECT 8 3.044803224 47.668184691 0.000000
OBJECT 8 3.044509970 47.667799835 0.000000
OBJECT 8 3.044649078 47.667845410 0.000000
OBJECT 8 3.044791945 47.667906177 0.000000
OBJECT 8 3.044946092 47.667951752 0.000000
OBJECT 8 3.044314467 47.667746664 0.000000
OBJECT 8 3.044427257 47.667688430 0.000000
OBJECT 8 3.044547567 47.667632727 0.000000
OBJECT 8 3.044664117 47.667571960 0.000000
OBJECT 8 3.044784426 47.667508661 0.000000
OBJECT 8 3.044916015 47.667442831 0.000000
OBJECT 8 3.045040084 47.667387128 0.000000
OBJECT 8 3.046664256 47.667528917 0.000000
OBJECT 8 3.046701852 47.667625131 0.000000
OBJECT 8 3.046600341 47.667622599 0.000000
OBJECT 8 3.046731929 47.667708685 180.000000
OBJECT 8 3.046769526 47.667784644 0.000000
OBJECT 8 3.046607861 47.667974540 0.000000
OBJECT 8 3.045886004 47.666974420 0.000000
OBJECT 8 3.045776974 47.667030123 0.000000
OBJECT 8 3.045671705 47.667080762 0.000000
OBJECT 8 3.045280703 47.667275722 45.000000
OBJECT 7 3.045566435 47.667121273 0.000000
OBJECT 7 3.045464925 47.667164316 90.000000
OBJECT 7 3.045385972 47.667220019 0.000000
OBJECT 7 3.046340919 47.666581968 0.000000
OBJECT 7 3.046412352 47.666625012 0.000000
OBJECT 7 3.046528901 47.666700970 270.000000
OBJECT 7 3.046581536 47.666731353 90.000000
OBJECT 7 3.046871027 47.666883270 0.000000
OBJECT 7 3.047100365 47.667171912 0.000000
OBJECT 7 3.046784556 47.667154189 0.000000
BEGIN_POLYGON 3 1 3
BEGIN_WINDING
POLYGON_POINT 3.040904365 47.662410968 0.000000000
POLYGON_POINT 3.041338899 47.662714491 0.000000000
POLYGON_POINT 3.041787994 47.663028185 0.000000000
POLYGON_POINT 3.042161894 47.663289356 0.000000000
POLYGON_POINT 3.042561071 47.663589854 0.000000000
POLYGON_POINT 3.042841234 47.663794344 0.000000000
POLYGON_POINT 3.043243524 47.664121074 0.000000000
POLYGON_POINT 3.043654819 47.664484561 0.000000000
POLYGON_POINT 3.044067083 47.664853972 0.000000000
POLYGON_POINT 3.044408890 47.665158152 0.000000000
POLYGON_POINT 3.044761048 47.665471543 0.000000000
POLYGON_POINT 3.045211488 47.665838646 0.000000000
POLYGON_POINT 3.045612143 47.666165175 0.000000000
POLYGON_POINT 3.046046530 47.666519195 0.000000000
POLYGON_POINT 3.046502530 47.666783162 0.000000000
POLYGON_POINT 3.046898700 47.667012495 0.000000000
POLYGON_POINT 3.046934963 47.667054011 0.000000000
POLYGON_POINT 3.046901068 47.667099204 0.000000000
POLYGON_POINT 3.046592282 47.667251819 0.000000000
END_WINDING
END_POLYGON
BEGIN_POLYGON 3 1 3
BEGIN_WINDING
POLYGON_POINT 3.046182515 47.667431312 0.000000000
POLYGON_POINT 3.046449807 47.667322776 0.000000000
END_WINDING
END_POLYGON
FILTER -1
OBJECT_DEF lib/airport/Common_Elements/Runway_Markers/Rectangular/White_Red.obj
OBJECT_DEF lib/airport/Common_Elements/Markers/Cones/Square_Black_White.obj
OBJECT_DEF lib/g10/US/suburban/dB-RnchLH.obj
OBJECT_DEF lib/g10/US/industrial/light/WoodShed8x10.obj
OBJECT_DEF lib/airport/European_Airports/hangars/25x20x5.obj
OBJECT_DEF lib/g10/US/industrial/light/Shed13x24.obj
OBJECT_DEF lib/g10/US/industrial/light/FactB30x45.obj
OBJECT_DEF lib/g10/forests/autogen_tree1.obj
OBJECT_DEF lib/g10/forests/autogen_tree3.obj
OBJECT_DEF lib/g10/forests/autogen_tree4.obj
POLYGON_DEF lib/airport/pavement/asphalt_3D.pol
POLYGON_DEF lib/g10/terrain10/grass_tmp_wet_fl.pol
POLYGON_DEF lib/g10/terrain10/apt_tmp_wet.pol
POLYGON_DEF lib/constructions/fencing/fence_Hedge_04.fac
PROPERTY sim/filter/aptid XLF008H
PROPERTY sim/exclude_obj 3.040166/47.661651/3.049444/47.669664
PROPERTY sim/exclude_fac 3.040166/47.661651/3.049444/47.669664
PROPERTY sim/exclude_for 3.040166/47.661651/3.049444/47.669664
PROPERTY sim/require_agpoint 1/0
PROPERTY sim/require_object 1/0
PROPERTY sim/require_facade 1/3
PROPERTY sim/require_facade 6/0
