PROPERTY sim/west -180
PROPERTY sim/east 180
PROPERTY sim/north 90
PROPERTY sim/south -90
PROPERTY sim/planet earth
PROPERTY sim/creation_agent WorldEditor2.1.0r1
PROPERTY laminar/internal_revision 0
PROPERTY sim/overlay 1
FILTER 0
BEGIN_POLYGON 0 190 4
BEGIN_WINDING
POLYGON_POINT 0.144553477 49.127528708 0.144553477 49.127528708
POLYGON_POINT 0.144553477 49.127528708 0.144543995 49.127510093
POLYGON_POINT 0.144428495 49.127526193 0.144428495 49.127526193
POLYGON_POINT 0.144398120 49.127493121 0.144398120 49.127493121
POLYGON_POINT 0.144543191 49.127488407 0.144543191 49.127488407
POLYGON_POINT 0.144594586 49.127515020 0.144609487 49.127541613
POLYGON_POINT 0.144594586 49.127515020 0.144594586 49.127515020
POLYGON_POINT 0.145078572 49.128249480 0.145078572 49.128249480
POLYGON_POINT 0.145078572 49.128249480 0.145173396 49.128385103
POLYGON_POINT 0.145528218 49.128341348 0.145650134 49.128275753
POLYGON_POINT 0.145528218 49.128341348 0.145528218 49.128341348
POLYGON_POINT 0.145926617 49.128259102 0.146048793 49.128349471
POLYGON_POINT 0.145926617 49.128259102 0.145926617 49.128259102
POLYGON_POINT 0.146234117 49.128492547 0.146234117 49.128492547
POLYGON_POINT 0.146234117 49.128492547 0.146317954 49.128555600
POLYGON_POINT 0.146670026 49.128502564 0.146885411 49.128474198
POLYGON_POINT 0.146670026 49.128502564 0.146670026 49.128502564
POLYGON_POINT 0.146670159 49.128535565 0.146670159 49.128535565
POLYGON_POINT 0.146670159 49.128535565 0.146416844 49.128563931
POLYGON_POINT 0.146206350 49.128517401 0.146112714 49.128447579
POLYGON_POINT 0.146206350 49.128517401 0.146206350 49.128517401
POLYGON_POINT 0.145898051 49.128282504 0.145898051 49.128282504
POLYGON_POINT 0.145898051 49.128282504 0.145807091 49.128215891
POLYGON_POINT 0.145562240 49.128362872 0.145562240 49.128362872
POLYGON_POINT 0.145562240 49.128362872 0.145350919 49.128462152
POLYGON_POINT 0.145034786 49.128267558 0.144934544 49.128140799
POLYGON_POINT 0.145034786 49.128267558 0.145034786 49.128267558
END_WINDING
END_POLYGON
BEGIN_POLYGON 1 0 4
BEGIN_WINDING
POLYGON_POINT 0.147221535 49.129235393 0.147221535 49.129235393
POLYGON_POINT 0.145797761 49.128311643 0.145797761 49.128311643
POLYGON_POINT 0.145251711 49.128642499 0.145251711 49.128642499
POLYGON_POINT 0.144380840 49.127436491 0.144380840 49.127436491
POLYGON_POINT 0.144617012 49.127487737 0.144687233 49.127572289
POLYGON_POINT 0.145164860 49.128250692 0.145164860 49.128250692
POLYGON_POINT 0.145164860 49.128250692 0.145221038 49.128327892
POLYGON_POINT 0.145614917 49.128260783 0.145876444 49.128132105
POLYGON_POINT 0.146088987 49.128319583 0.146333361 49.128459278
POLYGON_POINT 0.146088987 49.128319583 0.146088987 49.128319583
POLYGON_POINT 0.146849412 49.127803447 0.146849412 49.127803447
POLYGON_POINT 0.138760270 49.122165657 0.138760270 49.122165657
POLYGON_POINT 0.138669033 49.122030961 0.138669033 49.122030961
POLYGON_POINT 0.139130107 49.122011474 0.139130107 49.122011474
POLYGON_POINT 0.139245589 49.122186832 0.139245589 49.122186832
POLYGON_POINT 0.147330603 49.127853738 0.147330603 49.127853738
POLYGON_POINT 0.147492394 49.127869619 0.147492394 49.127869619
END_WINDING
END_POLYGON
FILTER -1
FILTER 0
FILTER -1
FILTER 0
FILTER -1
FILTER 0
FILTER -1
FILTER 0
FILTER -1
FILTER 0
OBJECT 0 0.139079104 49.122087892 43.000000
OBJECT 0 0.147434412 49.127942094 43.000000
OBJECT 0 0.138795854 49.122146234 43.000000
OBJECT 0 0.147238456 49.128062282 43.000000
OBJECT 1 0.139369120 49.122287593 133.000000
OBJECT 1 0.147059262 49.127675784 133.000000
OBJECT 1 0.139168274 49.122410456 133.000000
OBJECT 1 0.146858395 49.127798646 133.000000
OBJECT 2 0.143219902 49.124979443 133.000000
OBJECT 2 0.143008542 49.125108599 133.000000
OBJECT 3 0.142237966 49.124299266 43.000000
OBJECT 3 0.141257741 49.123615496 43.000000
OBJECT 3 0.140285954 49.122931727 43.000000
OBJECT 3 0.144212508 49.125685186 43.000000
OBJECT 3 0.145111392 49.126312774 43.000000
OBJECT 3 0.146076010 49.126988613 43.000000
OBJECT 3 0.142041965 49.124419081 43.000000
OBJECT 3 0.141061742 49.123735311 43.000000
OBJECT 3 0.140089958 49.123051542 43.000000
OBJECT 3 0.144016501 49.125805001 43.000000
OBJECT 3 0.144915382 49.126432590 43.000000
OBJECT 3 0.145879998 49.127108428 43.000000
OBJECT 4 0.146903454 49.128798239 0.000000
OBJECT 4 0.146893701 49.128935458 0.000000
OBJECT 4 0.147209058 49.128941840 0.000000
OBJECT 4 0.147259447 49.128720589 0.000000
OBJECT 4 0.147340724 49.128345099 90.000000
OBJECT 4 0.147304962 49.128520611 0.000000
OBJECT 4 0.147386235 49.128034496 0.000000
OBJECT 4 0.147373231 49.128157886 0.000000
OBJECT 4 0.147249690 49.128103637 0.000000
OBJECT 4 0.146994481 49.127950463 0.000000
OBJECT 4 0.146866064 49.127841964 0.000000
OBJECT 4 0.146862813 49.128000457 0.000000
OBJECT 4 0.146684135 49.128094344 0.000000
OBJECT 4 0.146468953 49.128248387 0.000000
OBJECT 4 0.146484064 49.128435514 0.000000
OBJECT 4 0.146284123 49.128415304 0.000000
OBJECT 5 0.146787496 49.128673764 179.220001
OBJECT 6 0.147506977 49.128829702 348.109985
BEGIN_POLYGON 2 1 2
BEGIN_WINDING
POLYGON_POINT 0.147492394 49.127869619
POLYGON_POINT 0.147221535 49.129235393
POLYGON_POINT 0.146685123 49.128888756
END_WINDING
END_POLYGON
OBJECT 7 0.146433250 49.128599167 95.059998
OBJECT 8 0.149941700 49.127460604 0.000000
OBJECT 8 0.149875000 49.127305889 90.000000
OBJECT 8 0.149808795 49.127153839 90.000000
OBJECT 8 0.149533851 49.126955402 90.000000
OBJECT 8 0.149550306 49.127076408 135.000000
OBJECT 8 0.149645568 49.127268830 0.000000
OBJECT 8 0.149983635 49.127396571 270.000000
OBJECT 8 0.149752992 49.127446883 90.000000
OBJECT 8 0.150004603 49.127597817 90.000000
OBJECT 8 0.149798229 49.127686483 0.000000
OBJECT 8 0.150071303 49.127830034 0.000000
OBJECT 8 0.149403521 49.126692213 0.000000
OBJECT 8 0.149061055 49.126637328 225.000000
OBJECT 8 0.148732568 49.126605312 90.000000
OBJECT 8 0.148522895 49.126568721 0.000000
OBJECT 8 0.148313222 49.126536705 0.000000
OBJECT 8 0.145617517 49.122119927 0.000000
OBJECT 8 0.145285432 49.122139686 0.000000
OBJECT 8 0.144852713 49.122146272 90.000000
OBJECT 8 0.144621258 49.122126513 0.000000
OBJECT 8 0.144339487 49.122139686 90.000000
OBJECT 8 0.143947021 49.122159444 90.000000
OBJECT 8 0.143806135 49.122159444 90.000000
OBJECT 8 0.143604870 49.122146272 0.000000
OBJECT 8 0.143172151 49.122146272 90.000000
OBJECT 8 0.142900443 49.122139686 116.570000
OBJECT 8 0.142155763 49.122093582 90.000000
OBJECT 8 0.141994751 49.122067237 0.000000
OBJECT 8 0.141813612 49.122054065 90.000000
OBJECT 8 0.141360766 49.122054065 90.000000
OBJECT 8 0.141209818 49.122067237 180.000000
OBJECT 8 0.141018616 49.122040892 180.000000
OBJECT 8 0.140716719 49.122027720 0.000000
OBJECT 8 0.140585896 49.122034306 90.000000
OBJECT 8 0.140042481 49.122021134 0.000000
OBJECT 8 0.139931785 49.122014548 90.000000
OBJECT 8 0.139670141 49.122001375 0.000000
OBJECT 8 0.139408497 49.122014548 180.000000
OBJECT 9 0.139344461 49.123343817 0.000000
OBJECT 9 0.139451481 49.123429055 90.000000
OBJECT 9 0.139598234 49.123556206 0.000000
OBJECT 9 0.139724031 49.123654999 90.000000
OBJECT 9 0.139984018 49.123896493 90.000000
OBJECT 9 0.139908538 49.123803189 45.000000
OBJECT 9 0.140168522 49.124028217 153.440002
OBJECT 9 0.140680104 49.124450833 0.000000
OBJECT 9 0.140445280 49.124236781 45.000000
OBJECT 9 0.140906542 49.124604511 180.000000
OBJECT 9 0.141191685 49.124824051 0.000000
OBJECT 9 0.141116206 49.124708792 0.000000
OBJECT 9 0.141351030 49.124911867 180.000000
OBJECT 9 0.141493602 49.125005172 0.000000
OBJECT 9 0.141577468 49.125114942 225.000000
OBJECT 9 0.141669721 49.125213735 180.000000
OBJECT 9 0.141820679 49.125301551 0.000000
OBJECT 9 0.141938091 49.125405833 0.000000
OBJECT 9 0.142092879 49.125527634 90.000000
OBJECT 9 0.142185134 49.125626427 0.000000
OBJECT 9 0.142294163 49.125725220 90.000000
OBJECT 9 0.142494702 49.125901788 90.000000
OBJECT 9 0.142612863 49.125961226 116.570000
OBJECT 9 0.142406374 49.125828159 90.000000
OBJECT 9 0.142715091 49.126048943 135.000000
OBJECT 9 0.142798959 49.126136760 0.000000
OBJECT 9 0.142949922 49.126224576 90.000000
OBJECT 9 0.143033790 49.126334346 0.000000
OBJECT 9 0.143141244 49.126438726 0.000000
OBJECT 9 0.143250275 49.126510077 90.000000
OBJECT 9 0.143376079 49.126647290 90.000000
OBJECT 9 0.143535431 49.126768037 0.000000
OBJECT 9 0.143644461 49.126872318 90.000000
OBJECT 9 0.143753492 49.126976600 180.000000
OBJECT 9 0.143879296 49.127075393 0.000000
OBJECT 9 0.144002143 49.127126298 135.000000
OBJECT 9 0.144069555 49.127177030 0.000000
OBJECT 9 0.144140339 49.127221144 90.000000
OBJECT 9 0.144221234 49.127280698 0.000000
OBJECT 9 0.144285276 49.127355692 0.000000
OBJECT 9 0.144376283 49.127415246 0.000000
OBJECT 9 0.144544818 49.127598320 90.000000
OBJECT 9 0.144615602 49.127675520 0.000000
OBJECT 9 0.144683014 49.127757131 90.000000
OBJECT 9 0.144750428 49.127856388 153.440002
OBJECT 9 0.144787505 49.127940205 108.440002
OBJECT 9 0.144831324 49.128032844 270.000000
OBJECT 9 0.144908791 49.128169518 270.000000
OBJECT 9 0.144863976 49.128117153 90.000000
OBJECT 9 0.144942557 49.128235770 90.000000
OBJECT 9 0.144962781 49.128317381 0.000000
OBJECT 9 0.145020079 49.128416638 90.000000
OBJECT 9 0.145107717 49.128500455 0.000000
OBJECT 9 0.145192128 49.128577362 0.000000
OBJECT 9 0.145296762 49.128647214 0.000000
OBJECT 9 0.145375345 49.128604030 90.000000
OBJECT 9 0.145461642 49.128551186 0.000000
OBJECT 9 0.145626807 49.128460752 90.000000
OBJECT 9 0.145731300 49.128405609 0.000000
OBJECT 10 0.145778490 49.128489426 90.000000
OBJECT 10 0.145827399 49.128357222 0.000000
OBJECT 10 0.145940284 49.128485015 0.000000
OBJECT 10 0.145952606 49.128379941 0.000000
OBJECT 10 0.146209941 49.128537952 0.000000
OBJECT 10 0.146077275 49.128521669 90.000000
OBJECT 10 0.146213312 49.128630591 135.000000
OBJECT 10 0.146300950 49.128676911 0.000000
OBJECT 10 0.146375106 49.128732054 90.000000
OBJECT 10 0.146462745 49.128787197 0.000000
OBJECT 10 0.146550383 49.128840134 45.000000
OBJECT 10 0.146644763 49.128886453 0.000000
OBJECT 10 0.146712182 49.129091584 0.000000
OBJECT 10 0.147211055 49.129329801 90.000000
OBJECT 10 0.147170606 49.129413618 135.000000
OBJECT 10 0.147140269 49.129499640 0.000000
OBJECT 10 0.147318916 49.129014385 0.000000
OBJECT 10 0.147345882 49.128908511 0.000000
OBJECT 10 0.147389702 49.128813665 0.000000
OBJECT 10 0.147409926 49.128698968 0.000000
OBJECT 11 0.148227770 49.126437888 0.000000
OBJECT 11 0.145280711 49.125584120 0.000000
OBJECT 11 0.145373898 49.125667972 0.000000
OBJECT 11 0.145408844 49.125572685 0.000000
OBJECT 11 0.145589395 49.125603177 0.000000
OBJECT 11 0.145682582 49.125591743 0.000000
OBJECT 11 0.145822364 49.125576497 0.000000
OBJECT 11 0.145973793 49.125549817 0.000000
OBJECT 11 0.146142696 49.125538382 0.000000
OBJECT 11 0.146381489 49.125526948 0.000000
OBJECT 11 0.146556216 49.125519325 90.000000
OBJECT 11 0.146701821 49.125526948 90.000000
OBJECT 11 0.146859075 49.125523136 270.000000
OBJECT 11 0.147144462 49.125526948 0.000000
OBJECT 11 0.147301716 49.125546005 0.000000
OBJECT 11 0.147429849 49.125549817 270.000000
OBJECT 11 0.147645346 49.125557440 0.000000
OBJECT 11 0.148006447 49.125645103 90.000000
OBJECT 11 0.148239416 49.125664161 0.000000
OBJECT 11 0.148355901 49.125953832 90.000000
OBJECT 11 0.148396670 49.125839488 90.000000
OBJECT 11 0.148344252 49.126068176 0.000000
OBJECT 11 0.148297659 49.126270183 90.000000
OBJECT 11 0.148198644 49.126514117 0.000000
OBJECT 11 0.148157873 49.126639895 0.000000
OBJECT 11 0.148128752 49.126746616 0.000000
OBJECT 11 0.148099630 49.126815223 0.000000
OBJECT 11 0.148070508 49.126864772 135.000000
OBJECT 11 0.148070508 49.126910509 0.000000
OBJECT 11 0.148041387 49.126963870 0.000000
OBJECT 11 0.148000616 49.127043911 180.000000
OBJECT 11 0.147895778 49.127238295 90.000000
OBJECT 11 0.147948197 49.127184935 315.000000
OBJECT 11 0.147866657 49.127272598 0.000000
OBJECT 11 0.147855008 49.127345016 0.000000
OBJECT 11 0.147773468 49.127428868 0.000000
OBJECT 11 0.147732697 49.127497475 0.000000
OBJECT 11 0.147668630 49.127581327 0.000000
OBJECT 11 0.147622035 49.127649933 0.000000
OBJECT 11 0.147552143 49.127733786 0.000000
OBJECT 9 0.147552137 49.127798580 0.000000
OBJECT 10 0.149439233 49.128141612 0.000000
OBJECT 10 0.149270326 49.128111121 0.000000
OBJECT 10 0.149130541 49.128092063 90.000000
OBJECT 10 0.148979108 49.128053949 0.000000
OBJECT 10 0.148804377 49.128042514 0.000000
OBJECT 10 0.148658767 49.128019645 90.000000
OBJECT 10 0.148553929 49.127996777 90.000000
OBJECT 10 0.148402495 49.127977719 0.000000
OBJECT 10 0.148233589 49.127939605 0.000000
OBJECT 10 0.148093804 49.127928170 90.000000
OBJECT 10 0.147930721 49.127882433 90.000000
OBJECT 10 0.147761815 49.127848130 0.000000
OBJECT 9 0.149555720 49.128130178 0.000000
OBJECT 8 0.146438614 49.122035019 0.000000
OBJECT 8 0.146064815 49.122062979 0.000000
OBJECT 8 0.145861896 49.122083948 0.000000
OBJECT 9 0.141230280 49.127464804 0.000000
OBJECT 9 0.141742083 49.127178412 0.000000
OBJECT 9 0.141927518 49.127076476 0.000000
OBJECT 9 0.142075867 49.126974541 0.000000
OBJECT 9 0.142491243 49.126751252 0.000000
OBJECT 9 0.142810192 49.126591067 0.000000
OBJECT 9 0.137172614 49.125433681 0.000000
OBJECT 9 0.137364858 49.125042247 0.000000
OBJECT 9 0.137567782 49.124706733 0.000000
OBJECT 9 0.137738666 49.124315299 0.000000
OBJECT 9 0.137674585 49.122595786 0.000000
OBJECT 9 0.137482340 49.122756553 0.000000
OBJECT 9 0.137300776 49.122952270 90.000000
OBJECT 9 0.137428939 49.122973240 0.000000
OBJECT 9 0.137268736 49.123015179 0.000000
OBJECT 9 0.137097852 49.122966250 0.000000
OBJECT 9 0.137097852 49.123099058 0.000000
OBJECT 9 0.137247375 49.123120028 0.000000
OBJECT 9 0.137119212 49.123161967 0.000000
OBJECT 9 0.137332817 49.123224876 0.000000
OBJECT 9 0.137129893 49.123266815 90.000000
OBJECT 9 0.138037712 49.123497482 0.000000
OBJECT 9 0.137962951 49.123602330 0.000000
OBJECT 9 0.137952271 49.123735138 0.000000
OBJECT 9 0.137898869 49.123853966 0.000000
OBJECT 9 0.137856149 49.124000754 0.000000
OBJECT 8 0.138601909 49.122942174 0.000000
OBJECT 8 0.137872998 49.121983544 0.000000
OBJECT 8 0.138168087 49.121862597 0.000000
OBJECT 8 0.137953477 49.121973790 0.000000
OBJECT 8 0.142968994 49.124026842 0.000000
OBJECT 8 0.143004764 49.124193046 0.000000
OBJECT 8 0.143097765 49.124153250 0.000000
OBJECT 8 0.143087034 49.124239864 0.000000
OBJECT 8 0.143180035 49.124164955 0.000000
FILTER -1
OBJECT_DEF lib/airport/Common_Elements/Markers/Cones/Square_Black_White.obj
OBJECT_DEF lib/airport/Common_Elements/Runway_Markers/Rectangular/White_Red.obj
OBJECT_DEF lib/airport/Common_Elements/Runway_Markers/Rectangular/Small_Yellow_1_2.obj
OBJECT_DEF lib/airport/Common_Elements/Markers/Cones/Square_Red_White.obj
OBJECT_DEF lib/airport/Common_Elements/Markers/Cones/Square_Yellow.obj
OBJECT_DEF lib/airport/European_Airports/hangars/25x20x5.obj
OBJECT_DEF lib/g10/US/industrial/light/WoodShed8x20.obj
OBJECT_DEF lib/airport/Common_Elements/Parking_Items/Row_of_Cars_4.agp
OBJECT_DEF lib/g10/forests/autogen_tree1.obj
OBJECT_DEF lib/g10/forests/autogen_tree3.obj
OBJECT_DEF lib/g10/forests/autogen_tree2.obj
OBJECT_DEF lib/g10/forests/autogen_tree4.obj
POLYGON_DEF lib/airport/pavement/asphalt_3L.pol
POLYGON_DEF lib/g10/terrain10/apt_tmp_wet.pol
POLYGON_DEF lib/constructions/fencing/fence_HedgeSmall_02.fac
PROPERTY sim/filter/aptid XLF002Y
PROPERTY sim/exclude_for 0.137866/49.121898/0.148229/49.127952
PROPERTY sim/exclude_obj 0.146145/49.127309/0.147587/49.128996
PROPERTY sim/exclude_fac 0.146145/49.127309/0.147587/49.128996
PROPERTY sim/require_agpoint 1/0
PROPERTY sim/require_object 1/0
PROPERTY sim/require_facade 1/2
PROPERTY sim/require_facade 6/0
