PROPERTY sim/west -180
PROPERTY sim/east 180
PROPERTY sim/north 90
PROPERTY sim/south -90
PROPERTY sim/planet earth
PROPERTY sim/creation_agent WorldEditor2.1.0r1
PROPERTY laminar/internal_revision 0
PROPERTY sim/overlay 1
FILTER 0
BEGIN_POLYGON 0 255 2
BEGIN_WINDING
POLYGON_POINT -0.340231328 47.369008274
POLYGON_POINT -0.340558078 47.367969939
POLYGON_POINT -0.339387977 47.367534311
POLYGON_POINT -0.338868794 47.367450334
POLYGON_POINT -0.338303116 47.367214150
POLYGON_POINT -0.338078395 47.366993712
POLYGON_POINT -0.337621203 47.367796737
POLYGON_POINT -0.337435227 47.367728506
POLYGON_POINT -0.337063274 47.367744252
POLYGON_POINT -0.336900545 47.367891211
POLYGON_POINT -0.337078772 47.367948945
POLYGON_POINT -0.336984492 47.368102902
POLYGON_POINT -0.335057572 47.367588546
POLYGON_POINT -0.335064029 47.367429340
POLYGON_POINT -0.335335245 47.367355861
POLYGON_POINT -0.335373990 47.367109180
POLYGON_POINT -0.335645205 47.367166914
POLYGON_POINT -0.335707197 47.367082937
POLYGON_POINT -0.335180265 47.366899238
POLYGON_POINT -0.334830268 47.367575424
END_WINDING
END_POLYGON
BEGIN_POLYGON 1 0 2
BEGIN_WINDING
POLYGON_POINT -0.329434542 47.367322197
POLYGON_POINT -0.329882608 47.367492525
POLYGON_POINT -0.331226125 47.365539361
POLYGON_POINT -0.332262253 47.365706761
POLYGON_POINT -0.332132772 47.365968634
POLYGON_POINT -0.332914484 47.366103745
POLYGON_POINT -0.333998572 47.365127395
POLYGON_POINT -0.331170999 47.364692716
END_WINDING
END_POLYGON
FILTER -1
FILTER 0
FILTER -1
FILTER 0
FILTER -1
FILTER 0
FILTER -1
FILTER 0
FILTER -1
FILTER 0
OBJECT 0 -0.329860190 47.367322119 114.000000
OBJECT 0 -0.329618745 47.367247849 114.000000
OBJECT 0 -0.331000826 47.365202284 114.000000
OBJECT 0 -0.331241586 47.365276461 114.000000
OBJECT 1 -0.330966769 47.365686108 24.000000
OBJECT 1 -0.330724269 47.365611342 24.000000
OBJECT 1 -0.329895933 47.366838211 24.000000
OBJECT 1 -0.330135830 47.366913565 24.000000
OBJECT 1 -0.330413970 47.366505002 24.000000
OBJECT 1 -0.330171467 47.366428469 24.000000
OBJECT 1 -0.330447000 47.366019906 24.000000
OBJECT 1 -0.330689501 47.366094672 24.000000
OBJECT 0 -0.330910468 47.365228752 13.000000
OBJECT 0 -0.330851643 47.365404234 13.000000
OBJECT 0 -0.333240952 47.365586498 13.000000
OBJECT 0 -0.333183378 47.365761133 13.000000
OBJECT 1 -0.331127921 47.365448191 13.000000
OBJECT 1 -0.331492972 47.365318184 13.000000
OBJECT 1 -0.331433579 47.365493816 13.000000
OBJECT 1 -0.332658385 47.365496759 13.000000
OBJECT 1 -0.332599716 47.365672881 13.000000
OBJECT 1 -0.332075492 47.365407594 13.000000
OBJECT 1 -0.332016286 47.365582886 13.000000
OBJECT 2 -0.332245277 47.365638991 0.000000
OBJECT 2 -0.332277607 47.365410828 0.000000
OBJECT 2 -0.332372512 47.365353610 0.000000
OBJECT 2 -0.332596738 47.365383985 0.000000
OBJECT 2 -0.332794892 47.365414360 0.000000
OBJECT 2 -0.332987831 47.365444734 0.000000
OBJECT 2 -0.333216229 47.365479347 270.000000
OBJECT 2 -0.333442542 47.365519612 180.000000
OBJECT 2 -0.333412297 47.365599434 0.000000
OBJECT 2 -0.333191200 47.365809231 0.000000
OBJECT 2 -0.333134882 47.365866449 0.000000
OBJECT 2 -0.332975316 47.365922960 0.000000
OBJECT 2 -0.333049363 47.365930730 0.000000
OBJECT 2 -0.332907526 47.365910245 0.000000
OBJECT 2 -0.332828265 47.365897530 0.000000
OBJECT 2 -0.332276561 47.365703979 0.000000
BEGIN_POLYGON 2 10 3
BEGIN_WINDING
POLYGON_POINT -0.332727120 47.365932794 9.000000000
POLYGON_POINT -0.332744297 47.365881846 8.000000000
POLYGON_POINT -0.332483118 47.365841449 9.000000000
POLYGON_POINT -0.332465941 47.365892397 0.000000000
END_WINDING
END_POLYGON
OBJECT 3 -0.332431424 47.365944423 282.970001
OBJECT 4 -0.332902655 47.366092282 103.910004
OBJECT 5 -0.339005936 47.365812557 0.000000
OBJECT 5 -0.339033830 47.365692890 0.000000
OBJECT 5 -0.339126813 47.365692890 0.000000
OBJECT 5 -0.339108216 47.365579522 0.000000
OBJECT 5 -0.339201199 47.365472452 0.000000
OBJECT 5 -0.339405760 47.365182733 270.000000
OBJECT 5 -0.339349971 47.365081961 0.000000
OBJECT 5 -0.339489444 47.365113452 0.000000
OBJECT 5 -0.339396462 47.365012680 270.000000
OBJECT 5 -0.339535935 47.365031575 270.000000
OBJECT 5 -0.339442953 47.364924505 180.000000
OBJECT 5 -0.339573128 47.364943400 180.000000
OBJECT 5 -0.339861374 47.365000084 0.000000
OBJECT 5 -0.339917163 47.365113452 0.000000
OBJECT 5 -0.340019444 47.365063066 180.000000
OBJECT 5 -0.334538877 47.367644266 0.000000
OBJECT 5 -0.333300320 47.368188434 0.000000
OBJECT 5 -0.332932100 47.368445402 0.000000
OBJECT 5 -0.332630830 47.368702370 0.000000
OBJECT 5 -0.332285843 47.367700740 225.000000
OBJECT 5 -0.332270345 47.367763722 0.000000
OBJECT 5 -0.332347834 47.367768971 0.000000
OBJECT 5 -0.332324588 47.367858196 158.199997
OBJECT 5 -0.332402077 47.367863445 0.000000
OBJECT 5 -0.332479565 47.367810959 0.000000
OBJECT 5 -0.332541557 47.367868693 0.000000
OBJECT 5 -0.332471817 47.367915930 270.000000
OBJECT 5 -0.332371081 47.367926427 0.000000
OBJECT 5 -0.332208354 47.367921178 180.000000
OBJECT 5 -0.332130865 47.367994658 0.000000
OBJECT 5 -0.332030130 47.367942173 0.000000
OBJECT 5 -0.331859654 47.367999906 225.000000
OBJECT 5 -0.331534200 47.368089131 315.000000
OBJECT 5 -0.331766667 47.368419789 0.000000
OBJECT 5 -0.331689178 47.368482771 225.000000
OBJECT 5 -0.331828658 47.368530008 180.000000
OBJECT 5 -0.331929394 47.368577245 225.000000
OBJECT 5 -0.332030130 47.368613985 0.000000
OBJECT 5 -0.332123116 47.368671719 270.000000
OBJECT 5 -0.332278094 47.368724204 0.000000
OBJECT 5 -0.332363332 47.368802932 270.000000
OBJECT 5 -0.331348227 47.368278079 0.000000
OBJECT 5 -0.331348227 47.368157362 0.000000
OBJECT 5 -0.331239742 47.368262333 0.000000
OBJECT 5 -0.331170002 47.368188854 0.000000
OBJECT 5 -0.331038271 47.368136368 0.000000
OBJECT 5 -0.330960782 47.368078634 0.000000
OBJECT 5 -0.330829051 47.368041895 0.000000
OBJECT 5 -0.330449355 47.367810959 0.000000
OBJECT 5 -0.330697320 47.367947421 0.000000
OBJECT 5 -0.330627580 47.367884439 0.000000
OBJECT 5 -0.330534593 47.367831953 0.000000
OBJECT 5 -0.330309875 47.367779468 0.000000
OBJECT 5 -0.330325373 47.367684995 0.000000
OBJECT 5 -0.331115760 47.367468687 0.000000
OBJECT 5 -0.331833143 47.367276144 270.000000
OBJECT 5 -0.332673288 47.367349088 0.000000
OBJECT 5 -0.332929001 47.367354337 0.000000
OBJECT 5 -0.333417182 47.367307100 0.000000
OBJECT 5 -0.333572160 47.367296603 0.000000
OBJECT 5 -0.333727137 47.367244118 90.000000
OBJECT 5 -0.333858869 47.367212627 0.000000
OBJECT 5 -0.334486529 47.367039425 0.000000
OBJECT 5 -0.334796485 47.367028928 90.000000
OBJECT 5 -0.334657005 47.367049922 0.000000
OBJECT 5 -0.334641507 47.366976443 0.000000
OBJECT 5 -0.334757740 47.366960697 270.000000
OBJECT 5 -0.334889471 47.366929206 0.000000
OBJECT 5 -0.332431737 47.367394356 0.000000
FILTER -1
OBJECT_DEF lib/airport/Common_Elements/Runway_Markers/Rectangular/White_Red.obj
OBJECT_DEF lib/airport/Common_Elements/Markers/Cones/Square_Red_White.obj
OBJECT_DEF lib/airport/Common_Elements/Markers/Cones/Square_Yellow_Black.obj
OBJECT_DEF lib/g10/US/industrial/light/Shed13x24.obj
OBJECT_DEF lib/airport/Common_Elements/Parking_Items/Row_of_Cars_4.agp
OBJECT_DEF lib/g10/forests/autogen_tree3.obj
POLYGON_DEF lib/g8/mixed_tmp_wet.for
POLYGON_DEF lib/g10/terrain10/apt_tmp_wet.pol
POLYGON_DEF lib/airport/Modern_Airports/Terminal_kit/term_building_Ground_02.fac
PROPERTY sim/filter/aptid XLF004C
PROPERTY sim/exclude_obj -0.340317/47.362808/-0.326138/47.370124
PROPERTY sim/exclude_fac -0.340317/47.362808/-0.326138/47.370124
PROPERTY sim/exclude_for -0.340317/47.362808/-0.326138/47.370124
PROPERTY sim/require_agpoint 1/0
PROPERTY sim/require_object 1/0
PROPERTY sim/require_facade 1/2
PROPERTY sim/require_facade 6/0
