PROPERTY sim/west -180
PROPERTY sim/east 180
PROPERTY sim/north 90
PROPERTY sim/south -90
PROPERTY sim/planet earth
PROPERTY sim/creation_agent WorldEditor2.1.0r1
PROPERTY laminar/internal_revision 0
PROPERTY sim/overlay 1
FILTER 0
BEGIN_POLYGON 0 180 4
BEGIN_WINDING
POLYGON_POINT 119.898425785 12.055003550 119.898425785 12.055003550
POLYGON_POINT 119.898425785 12.055003550 119.898378632 12.054742239
POLYGON_POINT 119.898792531 12.054465556 119.898991621 12.054398947
POLYGON_POINT 119.899583654 12.053732860 119.899709395 12.053481796
POLYGON_POINT 119.900657693 12.052825956 119.901034161 12.052870433
POLYGON_POINT 119.901506184 12.052842023 119.901794341 12.052611454
POLYGON_POINT 119.901616470 12.052164993 119.901543121 12.051960043
POLYGON_POINT 119.901695058 12.052093260 119.901768407 12.052262344
POLYGON_POINT 119.902700988 12.053609890 119.902811208 12.053700714
POLYGON_POINT 119.903256344 12.053973676 119.903413520 12.054045408
POLYGON_POINT 119.903733113 12.053922439 119.903854181 12.053927587
POLYGON_POINT 119.903932203 12.054204245 119.903909418 12.054316967
POLYGON_POINT 119.903371607 12.054429690 119.903293019 12.054450185
POLYGON_POINT 119.902255654 12.054409195 119.901988454 12.054445061
POLYGON_POINT 119.900919654 12.054752486 119.900694368 12.054829342
POLYGON_POINT 119.900243795 12.055490306 119.899793222 12.055843845
POLYGON_POINT 119.899237866 12.055869464 119.899096407 12.055869464
POLYGON_POINT 119.898771575 12.055649142 119.898658357 12.055507677
POLYGON_POINT 119.898425785 12.055003550 119.898378632 12.054742239
END_WINDING
END_POLYGON
FILTER -1
FILTER 0
FILTER -1
FILTER 0
FILTER -1
FILTER 0
FILTER -1
FILTER 0
FILTER -1
FILTER 0
OBJECT 0 119.903924389 12.053942492 45.000000
BEGIN_POLYGON 1 0 3
BEGIN_WINDING
POLYGON_POINT 119.903830916 12.054057416 0.000000000
POLYGON_POINT 119.903902208 12.053989571 2.000000000
POLYGON_POINT 119.903849789 12.053938797 2.000000000
POLYGON_POINT 119.903923865 12.053871913 2.000000000
POLYGON_POINT 119.903972008 12.053919214 2.000000000
POLYGON_POINT 119.904576909 12.053328528 2.000000000
POLYGON_POINT 119.904620094 12.053370742 2.000000000
POLYGON_POINT 119.904011755 12.053961029 2.000000000
POLYGON_POINT 119.904062123 12.054011244 2.000000000
POLYGON_POINT 119.903992021 12.054076646 2.000000000
POLYGON_POINT 119.903941510 12.054026535 0.000000000
POLYGON_POINT 119.903870642 12.054095149 0.000000000
END_WINDING
END_POLYGON
OBJECT 1 119.903006276 12.054033992 230.630005
OBJECT 2 119.903494667 12.054097939 0.000000
OBJECT 2 119.903465189 12.054091762 0.000000
OBJECT 2 119.903486245 12.054114412 0.000000
OBJECT 2 119.903001971 12.053972333 0.000000
OBJECT 2 119.902964071 12.053990865 0.000000
OBJECT 2 119.902854583 12.054170008 0.000000
OBJECT 2 119.902717723 12.054149417 0.000000
OBJECT 2 119.902652452 12.054184422 0.000000
OBJECT 2 119.902654557 12.054128826 0.000000
OBJECT 2 119.902709301 12.054200895 0.000000
OBJECT 3 119.902951438 12.054071170 158.960007
OBJECT 3 119.902978810 12.054104116 151.389999
OBJECT 3 119.902317608 12.053523671 129.289993
OBJECT 4 119.902516781 12.054178855 173.660004
OBJECT 4 119.899049358 12.055719423 356.190002
OBJECT 4 119.903114301 12.053966363 163.610001
OBJECT 4 119.902951341 12.053922094 150.639999
OBJECT 4 119.901729142 12.052434649 126.870003
OBJECT 4 119.901991688 12.052655995 108.440002
OBJECT 4 119.901892102 12.052549749 106.699997
OBJECT 4 119.902471515 12.053470548 97.129997
OBJECT 5 119.904422892 12.054338349 0.000000
OBJECT 5 119.901875406 12.052013236 180.000000
OBJECT 5 119.901982756 12.051275347 207.649994
OBJECT 5 119.902850365 12.052824769 216.029999
OBJECT 5 119.904208361 12.053577345 144.460007
OBJECT 5 119.904110283 12.053673262 144.460007
OBJECT 6 119.901475658 12.054138764 206.289993
OBJECT 7 119.902090304 12.054160393 265.779999
OBJECT 7 119.901840270 12.054106243 355.640015
BEGIN_POLYGON 2 0 3
BEGIN_WINDING
POLYGON_POINT 119.901898901 12.054142090 3.000000000
POLYGON_POINT 119.901923945 12.053838919 3.000000000
POLYGON_POINT 119.902042758 12.053845034 3.000000000
POLYGON_POINT 119.902025390 12.054071248 2.000000000
POLYGON_POINT 119.902019011 12.054149595 3.000000000
END_WINDING
END_POLYGON
OBJECT 0 119.902449034 12.054130206 87.800003
OBJECT 8 119.903022257 12.053197476 126.529099
OBJECT 8 119.903380159 12.053578604 71.564873
OBJECT 9 119.902368635 12.051880927 24.623152
OBJECT 10 119.902399882 12.054256377 276.010010
OBJECT 10 119.902762034 12.054073115 301.660004
OBJECT 10 119.902602014 12.054266672 171.029999
OBJECT 10 119.902671496 12.054303736 250.020004
OBJECT 10 119.903246307 12.054314032 174.089996
OBJECT 10 119.903406328 12.054258436 4.760000
OBJECT 10 119.903360006 12.054338742 0.000000
OBJECT 10 119.903475811 12.054342860 260.540009
OBJECT 10 119.903551610 12.054071056 123.690002
OBJECT 10 119.903488444 12.054033992 288.440002
OBJECT 10 119.903416856 12.054085470 206.559998
OBJECT 10 119.901454471 12.054396843 279.459991
OBJECT 10 119.899300169 12.055672370 270.000000
OBJECT 10 119.899705653 12.055195786 270.000000
OBJECT 10 119.900155777 12.054726478 270.000000
OBJECT 10 119.900471979 12.054235342 270.000000
OBJECT 10 119.901189945 12.053849709 270.000000
OBJECT 10 119.902201794 12.053846071 270.000000
OBJECT 10 119.899757736 12.055443173 270.000000
OBJECT 10 119.900163219 12.054966589 270.000000
OBJECT 10 119.900613343 12.054497281 270.000000
OBJECT 10 119.900929544 12.054006145 270.000000
OBJECT 10 119.901647509 12.053620512 270.000000
OBJECT 10 119.899240648 12.055315842 270.000000
OBJECT 10 119.899646132 12.054839258 270.000000
OBJECT 10 119.900096256 12.054369949 270.000000
OBJECT 10 119.900412458 12.053878813 270.000000
OBJECT 10 119.901130424 12.053493180 270.000000
OBJECT 10 119.898738440 12.055064817 270.000000
OBJECT 10 119.899143925 12.054588232 270.000000
OBJECT 10 119.899143925 12.054588232 270.000000
OBJECT 10 119.899594050 12.054118924 270.000000
OBJECT 10 119.898719838 12.054708288 270.000000
OBJECT 10 119.900810504 12.054431796 270.000000
OBJECT 10 119.900230177 12.053376763 270.000000
OBJECT 10 119.899910253 12.053627788 270.000000
OBJECT 10 119.900628220 12.053242155 270.000000
OBJECT 10 119.898809121 12.055428621 270.000000
OBJECT 10 119.899214606 12.054952037 270.000000
OBJECT 10 119.899664731 12.054482729 270.000000
OBJECT 10 119.899664731 12.054482729 270.000000
OBJECT 10 119.899980934 12.053991593 270.000000
OBJECT 10 119.900698900 12.053605960 270.000000
OBJECT 10 119.901591319 12.054477807 9.460000
OBJECT 10 119.901271786 12.053951574 0.000000
OBJECT 10 119.902283635 12.053947936 0.000000
OBJECT 10 119.899839577 12.055545039 0.000000
OBJECT 10 119.900245060 12.055068455 0.000000
OBJECT 10 119.900720091 12.054726688 223.490005
OBJECT 10 119.900695184 12.054599146 0.000000
OBJECT 10 119.901011385 12.054108010 0.000000
OBJECT 10 119.901729350 12.053722377 0.000000
OBJECT 10 119.899322489 12.055417707 0.000000
OBJECT 10 119.899727973 12.054941123 0.000000
OBJECT 10 119.900178097 12.054471815 0.000000
OBJECT 10 119.900494299 12.053980678 0.000000
OBJECT 10 119.901212265 12.053595045 0.000000
OBJECT 10 119.898820281 12.055166682 0.000000
OBJECT 10 119.899225766 12.054690098 0.000000
OBJECT 10 119.899225766 12.054690098 0.000000
OBJECT 10 119.899675891 12.054220790 0.000000
OBJECT 10 119.899675891 12.054220790 0.000000
OBJECT 10 119.898801680 12.054810153 0.000000
OBJECT 10 119.900623149 12.054906903 223.490005
OBJECT 10 119.900892345 12.054533662 0.000000
OBJECT 10 119.900312018 12.053478628 0.000000
OBJECT 10 119.899992094 12.053729653 0.000000
OBJECT 10 119.900710060 12.053344020 0.000000
OBJECT 10 119.898890962 12.055530487 0.000000
OBJECT 10 119.899296447 12.055053902 0.000000
OBJECT 10 119.899746572 12.054584594 0.000000
OBJECT 10 119.899746572 12.054584594 0.000000
OBJECT 10 119.900062775 12.054093458 0.000000
OBJECT 10 119.900780741 12.053707825 0.000000
OBJECT 10 119.901693036 12.054486639 304.369995
OBJECT 10 119.901368507 12.053991593 294.899994
OBJECT 10 119.902380356 12.053987954 294.899994
OBJECT 10 119.899936299 12.055585057 294.899994
OBJECT 10 119.900341782 12.055108473 294.899994
OBJECT 10 119.900621760 12.054762759 158.400024
OBJECT 10 119.900791905 12.054639165 294.899994
OBJECT 10 119.901108106 12.054148029 294.899994
OBJECT 10 119.901826071 12.053762396 294.899994
OBJECT 10 119.899419211 12.055457726 294.899994
OBJECT 10 119.899824694 12.054981141 294.899994
OBJECT 10 119.900274819 12.054511833 294.899994
OBJECT 10 119.900591020 12.054020697 294.899994
OBJECT 10 119.901308986 12.053635064 294.899994
OBJECT 10 119.898917002 12.055206700 294.899994
OBJECT 10 119.899322487 12.054730116 294.899994
OBJECT 10 119.899322487 12.054730116 294.899994
OBJECT 10 119.899772612 12.054260808 294.899994
OBJECT 10 119.899772612 12.054260808 294.899994
OBJECT 10 119.898898401 12.054850172 294.899994
OBJECT 10 119.900524818 12.054942974 158.400024
OBJECT 10 119.900989066 12.054573680 294.899994
OBJECT 10 119.900408739 12.053518646 294.899994
OBJECT 10 119.900088815 12.053769672 294.899994
OBJECT 10 119.900806781 12.053384039 294.899994
OBJECT 10 119.898987684 12.055570505 294.899994
OBJECT 10 119.899393168 12.055093921 294.899994
OBJECT 10 119.899843293 12.054624613 294.899994
OBJECT 10 119.900159496 12.054133476 294.899994
OBJECT 10 119.900877462 12.053747843 294.899994
OBJECT 10 119.901918071 12.054229070 324.459991
OBJECT 10 119.899627534 12.055581419 315.000000
OBJECT 10 119.900033018 12.055104835 315.000000
OBJECT 10 119.900483142 12.054635527 315.000000
OBJECT 10 119.900799343 12.054144391 315.000000
OBJECT 10 119.901517308 12.053758758 315.000000
OBJECT 10 119.902529158 12.053755119 315.000000
OBJECT 10 119.901974872 12.053529561 315.000000
OBJECT 10 119.899568013 12.055224891 315.000000
OBJECT 10 119.899973496 12.054748306 315.000000
OBJECT 10 119.900423620 12.054278998 315.000000
OBJECT 10 119.900739822 12.053787862 315.000000
OBJECT 10 119.901457787 12.053402229 315.000000
OBJECT 10 119.899065804 12.054973865 315.000000
OBJECT 10 119.899471289 12.054497281 315.000000
OBJECT 10 119.899471289 12.054497281 315.000000
OBJECT 10 119.899921414 12.054027973 315.000000
OBJECT 10 119.899047203 12.054617337 315.000000
OBJECT 10 119.901137868 12.054340845 315.000000
OBJECT 10 119.900557540 12.053285811 315.000000
OBJECT 10 119.900237616 12.053536837 315.000000
OBJECT 10 119.900955582 12.053151204 315.000000
OBJECT 10 119.899136486 12.055337670 315.000000
OBJECT 10 119.899541970 12.054861086 315.000000
OBJECT 10 119.899992095 12.054391778 315.000000
OBJECT 10 119.900308297 12.053900641 315.000000
OBJECT 10 119.901026264 12.053515008 315.000000
OBJECT 10 119.902034312 12.054287576 131.470001
OBJECT 10 119.899698215 12.055657818 122.010002
OBJECT 10 119.900103699 12.055181234 122.010002
OBJECT 10 119.900553823 12.054711926 122.010002
OBJECT 10 119.900870024 12.054220790 122.010002
OBJECT 10 119.901587989 12.053835157 122.010002
OBJECT 10 119.902599839 12.053831518 122.010002
OBJECT 10 119.902045553 12.053605960 122.010002
OBJECT 10 119.899638694 12.055301290 122.010002
OBJECT 10 119.900044177 12.054824705 122.010002
OBJECT 10 119.900494301 12.054355397 122.010002
OBJECT 10 119.900810503 12.053864261 122.010002
OBJECT 10 119.901528468 12.053478628 122.010002
OBJECT 10 119.899136486 12.055050264 122.010002
OBJECT 10 119.899541970 12.054573680 122.010002
OBJECT 10 119.899541970 12.054573680 122.010002
OBJECT 10 119.899992095 12.054104372 122.010002
OBJECT 10 119.899117884 12.054693736 122.010002
OBJECT 10 119.901208549 12.054417244 122.010002
OBJECT 10 119.900628220 12.053362210 122.010002
OBJECT 10 119.900308297 12.053613236 122.010002
OBJECT 10 119.901026263 12.053227603 122.010002
OBJECT 10 119.899207167 12.055414069 122.010002
OBJECT 10 119.899612651 12.054937485 122.010002
OBJECT 10 119.900062776 12.054468177 122.010002
OBJECT 10 119.900378978 12.053977040 122.010002
OBJECT 10 119.901096944 12.053591407 122.010002
OBJECT 10 119.902108240 12.054360355 144.460007
OBJECT 10 119.901628910 12.053918832 135.000000
OBJECT 10 119.902640759 12.053915194 135.000000
OBJECT 10 119.902086473 12.053689635 135.000000
OBJECT 10 119.899679615 12.055384965 135.000000
OBJECT 10 119.900085098 12.054908380 135.000000
OBJECT 10 119.900535222 12.054439072 135.000000
OBJECT 10 119.900851423 12.053947936 135.000000
OBJECT 10 119.901569388 12.053562303 135.000000
OBJECT 10 119.899177406 12.055133939 135.000000
OBJECT 10 119.899582890 12.054657355 135.000000
OBJECT 10 119.899582890 12.054657355 135.000000
OBJECT 10 119.900033015 12.054188047 135.000000
OBJECT 10 119.899158804 12.054777411 135.000000
OBJECT 10 119.900387117 12.055171036 358.489990
OBJECT 10 119.901249470 12.054500919 135.000000
OBJECT 10 119.900669141 12.053445885 135.000000
OBJECT 10 119.900349217 12.053696911 135.000000
OBJECT 10 119.901067183 12.053311278 135.000000
OBJECT 10 119.899248088 12.055497744 135.000000
OBJECT 10 119.899653572 12.055021160 135.000000
OBJECT 10 119.900103697 12.054551852 135.000000
OBJECT 10 119.900419899 12.054060715 135.000000
OBJECT 10 119.901137865 12.053675082 135.000000
OBJECT 10 119.901910775 12.054400939 82.110001
OBJECT 10 119.901509868 12.053995231 72.650002
OBJECT 10 119.902521718 12.053991593 72.650002
OBJECT 10 119.901967432 12.053766034 72.650002
OBJECT 10 119.899560573 12.055461364 72.650002
OBJECT 10 119.899966056 12.054984779 72.650002
OBJECT 10 119.900416180 12.054515471 72.650002
OBJECT 10 119.900732382 12.054024335 72.650002
OBJECT 10 119.901450347 12.053638702 72.650002
OBJECT 10 119.899058364 12.055210338 72.650002
OBJECT 10 119.899463849 12.054733754 72.650002
OBJECT 10 119.899463849 12.054733754 72.650002
OBJECT 10 119.899913974 12.054264446 72.650002
OBJECT 10 119.899039763 12.054853810 72.650002
OBJECT 10 119.900419706 12.055035486 296.140015
OBJECT 10 119.901130428 12.054577318 72.650002
OBJECT 10 119.900550100 12.053522284 72.650002
OBJECT 10 119.900230176 12.053773310 72.650002
OBJECT 10 119.900948142 12.053387677 72.650002
OBJECT 10 119.899129046 12.055574143 72.650002
OBJECT 10 119.899534530 12.055097559 72.650002
OBJECT 10 119.899984655 12.054628251 72.650002
OBJECT 10 119.900300857 12.054137114 72.650002
OBJECT 10 119.901018823 12.053751481 72.650002
OBJECT 10 119.901682782 12.054226852 191.850006
OBJECT 10 119.899471292 12.055541401 182.389999
OBJECT 10 119.899876775 12.055064817 182.389999
OBJECT 10 119.900326900 12.054595508 182.389999
OBJECT 10 119.900643101 12.054104372 182.389999
OBJECT 10 119.901361067 12.053718739 182.389999
OBJECT 10 119.902372916 12.053715101 182.389999
OBJECT 10 119.899928859 12.055312204 182.389999
OBJECT 10 119.900334342 12.054835620 182.389999
OBJECT 10 119.900784465 12.054366311 182.389999
OBJECT 10 119.901100666 12.053875175 182.389999
OBJECT 10 119.901823798 12.053464278 182.389999
OBJECT 10 119.899411770 12.055184872 182.389999
OBJECT 10 119.899817254 12.054708288 182.389999
OBJECT 10 119.900267379 12.054238980 182.389999
OBJECT 10 119.900583580 12.053747843 182.389999
OBJECT 10 119.901301546 12.053362210 182.389999
OBJECT 10 119.898909562 12.054933847 182.389999
OBJECT 10 119.899315047 12.054457263 182.389999
OBJECT 10 119.899315047 12.054457263 182.389999
OBJECT 10 119.899765172 12.053987954 182.389999
OBJECT 10 119.898890961 12.054577318 182.389999
OBJECT 10 119.900981626 12.054300827 182.389999
OBJECT 10 119.900401298 12.053245793 182.389999
OBJECT 10 119.900081375 12.053496818 182.389999
OBJECT 10 119.900799341 12.053111185 182.389999
OBJECT 10 119.898980244 12.055297652 182.389999
OBJECT 10 119.899385728 12.054821067 182.389999
OBJECT 10 119.899835853 12.054351759 182.389999
OBJECT 10 119.898961642 12.054941123 182.389999
OBJECT 10 119.900414928 12.054919562 45.880005
OBJECT 10 119.901052307 12.054664631 182.389999
OBJECT 10 119.900471979 12.053609598 182.389999
OBJECT 10 119.900152056 12.053860623 182.389999
OBJECT 10 119.900870022 12.053474990 182.389999
OBJECT 10 119.901578412 12.054369264 288.079987
OBJECT 10 119.899385730 12.055665094 278.619995
OBJECT 10 119.899791214 12.055188510 278.619995
OBJECT 10 119.900241338 12.054719202 278.619995
OBJECT 10 119.900557540 12.054228066 278.619995
OBJECT 10 119.901275506 12.053842433 278.619995
OBJECT 10 119.902287355 12.053838795 278.619995
OBJECT 10 119.899843297 12.055435897 278.619995
OBJECT 10 119.900248780 12.054959313 278.619995
OBJECT 10 119.900794206 12.054808368 142.109985
OBJECT 10 119.900698904 12.054490005 278.619995
OBJECT 10 119.901015105 12.053998869 278.619995
OBJECT 10 119.901733070 12.053613236 278.619995
OBJECT 10 119.899326209 12.055308566 278.619995
OBJECT 10 119.899731693 12.054831981 278.619995
OBJECT 10 119.900181818 12.054362673 278.619995
OBJECT 10 119.900498019 12.053871537 278.619995
OBJECT 10 119.901215985 12.053485904 278.619995
OBJECT 10 119.898824001 12.055057540 278.619995
OBJECT 10 119.899229486 12.054580956 278.619995
OBJECT 10 119.899229486 12.054580956 278.619995
OBJECT 10 119.899679611 12.054111648 278.619995
OBJECT 10 119.898805400 12.054701012 278.619995
OBJECT 10 119.900896065 12.054424520 278.619995
OBJECT 10 119.900315738 12.053369486 278.619995
OBJECT 10 119.899995814 12.053620512 278.619995
OBJECT 10 119.900713780 12.053234879 278.619995
OBJECT 10 119.898894682 12.055421345 278.619995
OBJECT 10 119.899300167 12.054944761 278.619995
OBJECT 10 119.899750292 12.054475453 278.619995
OBJECT 10 119.899750292 12.054475453 278.619995
OBJECT 10 119.900066495 12.053984316 278.619995
OBJECT 10 119.900784461 12.053598683 278.619995
OBJECT 10 119.901768755 12.054271850 321.100006
OBJECT 10 119.899523373 12.055599609 311.630005
OBJECT 10 119.899928856 12.055123025 311.630005
OBJECT 10 119.900378980 12.054653717 311.630005
OBJECT 10 119.900695182 12.054162581 311.630005
OBJECT 10 119.901413147 12.053776948 311.630005
OBJECT 10 119.902424997 12.053773310 311.630005
OBJECT 10 119.901870711 12.053547751 311.630005
OBJECT 10 119.899463851 12.055243081 311.630005
OBJECT 10 119.899869335 12.054766497 311.630005
OBJECT 10 119.900319459 12.054297189 311.630005
OBJECT 10 119.900635661 12.053806052 311.630005
OBJECT 10 119.901353626 12.053420419 311.630005
OBJECT 10 119.898961643 12.054992056 311.630005
OBJECT 10 119.899367128 12.054515471 311.630005
OBJECT 10 119.899367128 12.054515471 311.630005
OBJECT 10 119.899817253 12.054046163 311.630005
OBJECT 10 119.898943041 12.054635527 311.630005
OBJECT 10 119.901033707 12.054359035 311.630005
OBJECT 10 119.900453379 12.053304002 311.630005
OBJECT 10 119.900133455 12.053555027 311.630005
OBJECT 10 119.900851422 12.053169394 311.630005
OBJECT 10 119.899032324 12.055355860 311.630005
OBJECT 10 119.899437809 12.054879276 311.630005
OBJECT 10 119.899887934 12.054409968 311.630005
OBJECT 10 119.900204136 12.053918832 311.630005
OBJECT 10 119.900922103 12.053533199 311.630005
OBJECT 10 119.901711528 12.054395513 165.160004
OBJECT 10 119.899471292 12.055712389 155.699997
OBJECT 10 119.899876775 12.055235805 155.699997
OBJECT 10 119.900326900 12.054766497 155.699997
OBJECT 10 119.900643101 12.054275360 155.699997
OBJECT 10 119.901361067 12.053889727 155.699997
OBJECT 10 119.902372916 12.053886089 155.699997
OBJECT 10 119.899928859 12.055483192 155.699997
OBJECT 10 119.900334342 12.055006608 155.699997
OBJECT 10 119.900698850 12.054831649 19.190002
OBJECT 10 119.900784465 12.054537300 155.699997
OBJECT 10 119.901100666 12.054046163 155.699997
OBJECT 10 119.901818631 12.053660530 155.699997
OBJECT 10 119.899411770 12.055355860 155.699997
OBJECT 10 119.899817254 12.054879276 155.699997
OBJECT 10 119.900267379 12.054409968 155.699997
OBJECT 10 119.900583580 12.053918832 155.699997
OBJECT 10 119.901301546 12.053533199 155.699997
OBJECT 10 119.898909562 12.055104835 155.699997
OBJECT 10 119.899315047 12.054628251 155.699997
OBJECT 10 119.899315047 12.054628251 155.699997
OBJECT 10 119.899765172 12.054158943 155.699997
OBJECT 10 119.899765172 12.054158943 155.699997
OBJECT 10 119.898890961 12.054748306 155.699997
OBJECT 10 119.900601908 12.055011864 19.190002
OBJECT 10 119.900981626 12.054471815 155.699997
OBJECT 10 119.900401298 12.053416781 155.699997
OBJECT 10 119.900081375 12.053667806 155.699997
OBJECT 10 119.900799341 12.053282173 155.699997
OBJECT 10 119.898980244 12.055468640 155.699997
OBJECT 10 119.899385728 12.054992056 155.699997
OBJECT 10 119.899835853 12.054522747 155.699997
OBJECT 10 119.900152056 12.054031611 155.699997
OBJECT 10 119.900870022 12.053645978 155.699997
OBJECT 11 119.901983687 12.054384345 58.860001
OBJECT 11 119.901543349 12.053922470 49.400002
OBJECT 11 119.902555198 12.053918832 49.400002
OBJECT 11 119.902000913 12.053693273 49.400002
OBJECT 11 119.899594053 12.055388603 49.400002
OBJECT 11 119.899999537 12.054912019 49.400002
OBJECT 11 119.900449661 12.054442710 49.400002
OBJECT 11 119.900765862 12.053951574 49.400002
OBJECT 11 119.901483828 12.053565941 49.400002
OBJECT 11 119.899091845 12.055137577 49.400002
OBJECT 11 119.899497329 12.054660993 49.400002
OBJECT 11 119.899497329 12.054660993 49.400002
OBJECT 11 119.899947454 12.054191685 49.400002
OBJECT 11 119.899073243 12.054781049 49.400002
OBJECT 11 119.900446627 12.055110806 272.890015
OBJECT 11 119.901163909 12.054504557 49.400002
OBJECT 11 119.900583580 12.053449523 49.400002
OBJECT 11 119.900263656 12.053700549 49.400002
OBJECT 11 119.900981623 12.053314916 49.400002
OBJECT 11 119.899162526 12.055501382 49.400002
OBJECT 11 119.899568011 12.055024798 49.400002
OBJECT 11 119.900018135 12.054555490 49.400002
OBJECT 11 119.900334338 12.054064353 49.400002
OBJECT 11 119.901052304 12.053678720 49.400002
OBJECT 11 119.901877719 12.054320477 52.490002
OBJECT 11 119.899590334 12.055665094 43.020000
OBJECT 11 119.899995817 12.055188510 43.020000
OBJECT 11 119.900445941 12.054719202 43.020000
OBJECT 11 119.900762143 12.054228066 43.020000
OBJECT 11 119.901480108 12.053842433 43.020000
OBJECT 11 119.902491957 12.053838795 43.020000
OBJECT 11 119.901937672 12.053613236 43.020000
OBJECT 11 119.899530812 12.055308566 43.020000
OBJECT 11 119.899936296 12.054831981 43.020000
OBJECT 11 119.900386420 12.054362673 43.020000
OBJECT 11 119.900702621 12.053871537 43.020000
OBJECT 11 119.901420587 12.053485904 43.020000
OBJECT 11 119.899028604 12.055057540 43.020000
OBJECT 11 119.899434088 12.054580956 43.020000
OBJECT 11 119.899434088 12.054580956 43.020000
OBJECT 11 119.899884213 12.054111648 43.020000
OBJECT 11 119.899010002 12.054701012 43.020000
OBJECT 11 119.901100668 12.054424520 43.020000
OBJECT 11 119.900520339 12.053369486 43.020000
OBJECT 11 119.900200416 12.053620512 43.020000
OBJECT 11 119.900918382 12.053234879 43.020000
OBJECT 11 119.899099285 12.055421345 43.020000
OBJECT 11 119.899504770 12.054944761 43.020000
OBJECT 11 119.899954895 12.054475453 43.020000
OBJECT 11 119.900271097 12.053984316 43.020000
OBJECT 11 119.900989063 12.053598683 43.020000
OBJECT 11 119.901830152 12.054435189 65.769997
OBJECT 11 119.901435468 12.053947936 56.310001
OBJECT 11 119.902447317 12.053944298 56.310001
OBJECT 11 119.901893032 12.053718739 56.310001
OBJECT 11 119.899486172 12.055414069 56.310001
OBJECT 11 119.899891655 12.054937485 56.310001
OBJECT 11 119.900341779 12.054468177 56.310001
OBJECT 11 119.900657981 12.053977040 56.310001
OBJECT 11 119.901375947 12.053591407 56.310001
OBJECT 11 119.898983963 12.055163044 56.310001
OBJECT 11 119.899389448 12.054686460 56.310001
OBJECT 11 119.899389448 12.054686460 56.310001
OBJECT 11 119.899839573 12.054217151 56.310001
OBJECT 11 119.898965362 12.054806515 56.310001
OBJECT 11 119.900506966 12.055019716 279.799988
OBJECT 11 119.901056027 12.054530024 56.310001
OBJECT 11 119.900475699 12.053474990 56.310001
OBJECT 11 119.900155775 12.053726015 56.310001
OBJECT 11 119.900873742 12.053340382 56.310001
OBJECT 11 119.899054645 12.055526849 56.310001
OBJECT 11 119.899460129 12.055050264 56.310001
OBJECT 11 119.899910254 12.054580956 56.310001
OBJECT 11 119.900226456 12.054089820 56.310001
OBJECT 11 119.900944423 12.053704187 56.310001
OBJECT 11 119.901592778 12.054289470 351.029999
OBJECT 11 119.899404330 12.055588695 341.570007
OBJECT 11 119.899809814 12.055112111 341.570007
OBJECT 11 119.900259939 12.054642803 341.570007
OBJECT 11 119.900576140 12.054151667 341.570007
OBJECT 11 119.901294106 12.053766034 341.570007
OBJECT 11 119.902305956 12.053762396 341.570007
OBJECT 11 119.899861898 12.055359498 341.570007
OBJECT 11 119.900267381 12.054882914 341.570007
OBJECT 11 119.900717504 12.054413606 341.570007
OBJECT 11 119.901033705 12.053922470 341.570007
OBJECT 11 119.901751670 12.053536837 341.570007
OBJECT 11 119.899344809 12.055232167 341.570007
OBJECT 11 119.899750293 12.054755582 341.570007
OBJECT 11 119.899750293 12.054755582 341.570007
OBJECT 11 119.900200418 12.054286274 341.570007
OBJECT 11 119.900516620 12.053795138 341.570007
OBJECT 11 119.901234585 12.053409505 341.570007
OBJECT 11 119.898842601 12.054981141 341.570007
OBJECT 11 119.899248086 12.054504557 341.570007
OBJECT 11 119.899248086 12.054504557 341.570007
OBJECT 11 119.899698211 12.054035249 341.570007
OBJECT 11 119.898824000 12.054624613 341.570007
OBJECT 11 119.900914665 12.054348121 341.570007
OBJECT 11 119.900334338 12.053293087 341.570007
OBJECT 11 119.900014414 12.053544113 341.570007
OBJECT 11 119.900732381 12.053158480 341.570007
OBJECT 11 119.898913282 12.055344946 341.570007
OBJECT 11 119.899318767 12.054868362 341.570007
OBJECT 11 119.899768892 12.054399054 341.570007
OBJECT 11 119.899768892 12.054399054 341.570007
OBJECT 11 119.900085095 12.053907917 341.570007
OBJECT 11 119.900803061 12.053522284 341.570007
OBJECT 11 119.901528573 12.054240923 99.459999
OBJECT 11 119.899367130 12.055530487 90.000000
OBJECT 11 119.899772614 12.055053902 90.000000
OBJECT 11 119.900222738 12.054584594 90.000000
OBJECT 11 119.900538940 12.054093458 90.000000
OBJECT 11 119.901256906 12.053707825 90.000000
OBJECT 11 119.902268755 12.053704187 90.000000
OBJECT 11 119.899824697 12.055301290 90.000000
OBJECT 11 119.900230180 12.054824705 90.000000
OBJECT 11 119.900680304 12.054355397 90.000000
OBJECT 11 119.900996505 12.053864261 90.000000
OBJECT 11 119.901714470 12.053478628 90.000000
OBJECT 11 119.899307609 12.055173958 90.000000
OBJECT 11 119.899713093 12.054697374 90.000000
OBJECT 11 119.899713093 12.054697374 90.000000
OBJECT 11 119.900163217 12.054228066 90.000000
OBJECT 11 119.900479419 12.053736929 90.000000
OBJECT 11 119.901197385 12.053351296 90.000000
OBJECT 11 119.898805401 12.054922933 90.000000
OBJECT 11 119.899210885 12.054446348 90.000000
OBJECT 11 119.899210885 12.054446348 90.000000
OBJECT 11 119.899661011 12.053977040 90.000000
OBJECT 11 119.898786799 12.054566404 90.000000
OBJECT 11 119.900877465 12.054289912 90.000000
OBJECT 11 119.900297138 12.053234879 90.000000
OBJECT 11 119.899977214 12.053485904 90.000000
OBJECT 11 119.900695180 12.053100271 90.000000
OBJECT 11 119.898876082 12.055286737 90.000000
OBJECT 11 119.899281567 12.054810153 90.000000
OBJECT 11 119.899731692 12.054340845 90.000000
OBJECT 11 119.899731692 12.054340845 90.000000
OBJECT 11 119.898857481 12.054930209 90.000000
OBJECT 11 119.900498173 12.054857368 313.489990
OBJECT 11 119.900948146 12.054653717 90.000000
OBJECT 11 119.900367818 12.053598683 90.000000
OBJECT 11 119.900047895 12.053849709 90.000000
OBJECT 11 119.900765861 12.053464076 90.000000
OBJECT 11 119.901450676 12.054308944 9.460000
OBJECT 11 119.899307609 12.055585057 0.000000
OBJECT 11 119.899713093 12.055108473 0.000000
OBJECT 11 119.900163217 12.054639165 0.000000
OBJECT 11 119.900479419 12.054148029 0.000000
OBJECT 11 119.901197385 12.053762396 0.000000
OBJECT 11 119.902209235 12.053758758 0.000000
OBJECT 11 119.899765176 12.055355860 0.000000
OBJECT 11 119.900170659 12.054879276 0.000000
OBJECT 11 119.900620783 12.054409968 0.000000
OBJECT 11 119.900936984 12.053918832 0.000000
OBJECT 11 119.901654949 12.053533199 0.000000
OBJECT 11 119.899248088 12.055228529 0.000000
OBJECT 11 119.899653572 12.054751944 0.000000
OBJECT 11 119.899653572 12.054751944 0.000000
OBJECT 11 119.900103697 12.054282636 0.000000
OBJECT 11 119.900419899 12.053791500 0.000000
OBJECT 11 119.901137865 12.053405867 0.000000
OBJECT 11 119.898745880 12.054977503 0.000000
OBJECT 11 119.899151365 12.054500919 0.000000
OBJECT 11 119.899151365 12.054500919 0.000000
OBJECT 11 119.899601490 12.054031611 0.000000
OBJECT 11 119.898727279 12.054620975 0.000000
OBJECT 11 119.900817944 12.054344483 0.000000
OBJECT 11 119.900237617 12.053289449 0.000000
OBJECT 11 119.899917693 12.053540475 0.000000
OBJECT 11 119.900635660 12.053154842 0.000000
OBJECT 11 119.898816561 12.055341308 0.000000
OBJECT 11 119.899222046 12.054864724 0.000000
OBJECT 11 119.899672171 12.054395416 0.000000
OBJECT 11 119.899672171 12.054395416 0.000000
OBJECT 11 119.899988374 12.053904279 0.000000
OBJECT 11 119.900706341 12.053518646 0.000000
FILTER -1
OBJECT_DEF lib/g10/US/industrial/light/WoodShed8x20.obj
OBJECT_DEF lib/garden/pools/pool_Small_7x10.obj
OBJECT_DEF lib/garden/furniture/GardenSet_09.obj
OBJECT_DEF lib/garden/furniture/Lounger_04.obj
OBJECT_DEF lib/garden/furniture/Lounger_03.obj
OBJECT_DEF lib/ships/sail/0_to_5mt/Sail_490_any.obj
OBJECT_DEF lib/g10/US/industrial/light/StorSml1p2.obj
OBJECT_DEF lib/g10/US/industrial/light/StorSml1p0.obj
OBJECT_DEF lib/ships/sail/over_10mt/Sail_1000_any.obj
OBJECT_DEF lib/ships/SailBoat.obj
OBJECT_DEF lib/g10/forests/autogen_tree4.obj
OBJECT_DEF lib/g10/forests/autogen_tree3.obj
POLYGON_DEF lib/g10/terrain10/sand_pol_rain_fl.pol
POLYGON_DEF lib/constructions/piers/pier_wooden_01.fac
POLYGON_DEF lib/buildings/facades/industrial/warehouse_03_60x60.fac
PROPERTY sim/filter/aptid XRP003W
PROPERTY sim/require_agpoint 1/0
PROPERTY sim/require_object 1/0
PROPERTY sim/require_facade 1/1
PROPERTY sim/require_facade 6/0
