PROPERTY sim/west -180
PROPERTY sim/east 180
PROPERTY sim/north 90
PROPERTY sim/south -90
PROPERTY sim/planet earth
PROPERTY sim/creation_agent WorldEditor1.7.0r3
PROPERTY laminar/internal_revision 0
PROPERTY sim/overlay 1
FILTER 0
FILTER -1
FILTER 0
FILTER -1
FILTER 0
FILTER -1
FILTER 0
FILTER -1
FILTER 0
FILTER -1
FILTER 0
OBJECT 0 151.618946171 -30.529554689 56.520000
OBJECT 1 151.616553343 -30.531589894 233.229996
OBJECT 2 151.616056465 -30.531333159 147.089996
OBJECT 2 151.615189658 -30.531762836 122.470001
OBJECT 2 151.614597963 -30.531758828 112.309998
OBJECT 3 151.616382521 -30.531489168 148.720001
BEGIN_POLYGON 0 10 3
BEGIN_WINDING
POLYGON_POINT 151.616444538 -30.531779061 0.000000000
POLYGON_POINT 151.616586204 -30.531694324 0.000000000
POLYGON_POINT 151.616758183 -30.531665735 0.000000000
POLYGON_POINT 151.616947922 -30.531553913 0.000000000
POLYGON_POINT 151.617150980 -30.531399082 0.000000000
POLYGON_POINT 151.617403964 -30.531206977 0.000000000
POLYGON_POINT 151.617650291 -30.531020607 0.000000000
POLYGON_POINT 151.617949881 -30.530799830 0.000000000
POLYGON_POINT 151.618214514 -30.530600557 0.000000000
POLYGON_POINT 151.618815951 -30.530163416 0.000000000
POLYGON_POINT 151.619225850 -30.529852897 0.000000000
POLYGON_POINT 151.619654183 -30.529509574 0.000000000
POLYGON_POINT 151.619817287 -30.529386283 0.000000000
POLYGON_POINT 151.620096898 -30.529175542 0.000000000
POLYGON_POINT 151.620269988 -30.529045082 0.000000000
POLYGON_POINT 151.620468043 -30.528895986 0.000000000
POLYGON_POINT 151.620749316 -30.528686678 0.000000000
POLYGON_POINT 151.621005621 -30.528496007 0.000000000
POLYGON_POINT 151.621396739 -30.528206416 0.000000000
POLYGON_POINT 151.621288559 -30.528074523 0.000000000
POLYGON_POINT 151.621175385 -30.527916826 0.000000000
POLYGON_POINT 151.621361788 -30.527807871 0.000000000
POLYGON_POINT 151.621554848 -30.527703217 0.000000000
POLYGON_POINT 151.621827795 -30.527542651 0.000000000
POLYGON_POINT 151.622074113 -30.527407891 0.000000000
POLYGON_POINT 151.622134028 -30.527499643 0.000000000
POLYGON_POINT 151.622325424 -30.527396422 0.000000000
POLYGON_POINT 151.622474931 -30.527413158 0.000000000
POLYGON_POINT 151.622610021 -30.527449466 0.000000000
POLYGON_POINT 151.622734844 -30.527615766 0.000000000
POLYGON_POINT 151.622832649 -30.527565398 0.000000000
POLYGON_POINT 151.623046235 -30.527413674 0.000000000
POLYGON_POINT 151.623433187 -30.527138897 0.000000000
POLYGON_POINT 151.624082259 -30.526682529 0.000000000
POLYGON_POINT 151.624542711 -30.526379080 0.000000000
POLYGON_POINT 151.624921335 -30.526130586 0.000000000
POLYGON_POINT 151.625324921 -30.525860588 0.000000000
POLYGON_POINT 151.625599526 -30.525414972 0.000000000
POLYGON_POINT 151.625873941 -30.525005914 0.000000000
END_WINDING
END_POLYGON
BEGIN_POLYGON 1 10 3
BEGIN_WINDING
POLYGON_POINT 151.615890841 -30.527068163 0.000000000
POLYGON_POINT 151.615991970 -30.527161082 0.000000000
POLYGON_POINT 151.616163408 -30.527026681 0.000000000
POLYGON_POINT 151.616069021 -30.526938739 0.000000000
POLYGON_POINT 151.615890841 -30.527068163 0.000000000
END_WINDING
END_POLYGON
OBJECT 4 151.615995191 -30.527074752 45.959999
OBJECT 5 151.615353337 -30.527737622 55.650002
OBJECT 6 151.616040195 -30.527165333 22.709999
OBJECT 6 151.615367829 -30.527816384 212.229996
OBJECT 7 151.615783824 -30.528577121 195.250000
OBJECT 7 151.615795094 -30.528568800 239.039993
OBJECT 7 151.615867545 -30.528539676 51.340000
OBJECT 7 151.615861105 -30.528546610 52.119999
OBJECT 7 151.614419960 -30.528451695 40.240002
OBJECT 7 151.614393000 -30.528457501 71.570000
OBJECT 7 151.614361547 -30.528478401 53.810001
OBJECT 7 151.614346719 -30.528510913 15.640000
OBJECT 7 151.614350314 -30.528548456 340.910004
OBJECT 7 151.614373230 -30.528577484 312.750000
OBJECT 7 151.614410075 -30.528593353 280.950012
OBJECT 7 151.614453211 -30.528590644 267.399994
OBJECT 7 151.614489157 -30.528575162 216.869995
OBJECT 7 151.614506232 -30.528545360 196.929993
OBJECT 7 151.614509827 -30.528518267 176.820007
OBJECT 7 151.614499941 -30.528491560 149.039993
OBJECT 7 151.614474779 -30.528467564 142.130005
OBJECT 7 151.614447370 -30.528454791 104.620003
OBJECT 7 151.614492453 -30.528613738 33.689999
OBJECT 7 151.614475228 -30.528631477 39.290001
OBJECT 7 151.614469237 -30.528659215 347.910004
OBJECT 7 151.614482717 -30.528686954 332.239990
OBJECT 7 151.614500690 -30.528699855 300.959991
OBJECT 7 151.614537386 -30.528702758 264.290009
OBJECT 7 151.614569214 -30.528686309 222.270004
OBJECT 7 151.614578575 -30.528664376 180.000000
OBJECT 7 151.614571460 -30.528634057 153.429993
OBJECT 7 151.614548994 -30.528610835 127.300003
OBJECT 7 151.614516417 -30.528606964 86.190002
OBJECT 7 151.614182247 -30.531649706 27.410000
OBJECT 7 151.614193930 -30.531691119 331.559998
OBJECT 7 151.614242010 -30.531695764 246.800003
OBJECT 7 151.614267174 -30.531658995 180.000000
OBJECT 7 151.614246054 -30.531628418 97.129997
OBJECT 7 151.614203816 -30.531629192 83.660004
OBJECT 7 151.614258636 -30.531726727 52.820000
OBJECT 7 151.614224935 -30.531763497 31.260000
OBJECT 7 151.614222688 -30.531809555 1.640000
OBJECT 7 151.614273465 -30.531845937 292.380005
OBJECT 7 151.614319747 -30.531840132 247.619995
OBJECT 7 151.614360189 -30.531806459 213.690002
OBJECT 7 151.614367378 -30.531760787 170.539993
OBJECT 7 151.614342215 -30.531730211 90.000000
OBJECT 7 151.614300875 -30.531718212 88.570000
OBJECT 8 151.616339888 -30.531412296 146.979996
OBJECT 8 151.616095158 -30.531374851 72.410004
OBJECT 8 151.616240064 -30.531297187 90.000000
OBJECT 8 151.616119309 -30.531132152 129.809998
OBJECT 8 151.616016265 -30.530974051 138.809998
OBJECT 8 151.615905171 -30.530820110 154.979996
OBJECT 8 151.615782807 -30.530657849 45.000000
OBJECT 8 151.615629852 -30.530741060 39.810001
OBJECT 8 151.615494607 -30.530802081 50.529999
OBJECT 8 151.615008367 -30.531358209 253.610001
OBJECT 8 151.615185474 -30.531254195 225.000000
OBJECT 8 151.615251487 -30.531208429 265.239990
OBJECT 8 151.615299788 -30.531129378 208.300003
OBJECT 8 151.615325549 -30.531042007 197.529999
OBJECT 8 151.615311059 -30.530964343 180.000000
OBJECT 8 151.615257927 -30.530879745 143.970001
OBJECT 8 151.615201575 -30.530797921 169.380005
OBJECT 8 151.615781196 -30.530602375 59.470001
OBJECT 8 151.617450823 -30.529713403 47.820000
OBJECT 8 151.616066179 -30.530452595 72.879997
OBJECT 8 151.619881972 -30.528401442 72.900002
OBJECT 8 151.619518106 -30.528609469 66.500000
OBJECT 8 151.619076957 -30.528866037 55.840000
OBJECT 8 151.618738849 -30.529071291 36.869999
OBJECT 8 151.618518274 -30.529169757 71.779999
OBJECT 8 151.618344391 -30.529262676 46.549999
OBJECT 8 151.617898411 -30.529481799 49.180000
OBJECT 8 151.620060683 -30.527848088 45.000000
OBJECT 8 151.620344047 -30.528218377 164.050003
OBJECT 8 151.620298966 -30.528183706 145.490005
OBJECT 8 151.623356377 -30.526641527 153.440002
OBJECT 8 151.623293587 -30.526555542 125.540001
OBJECT 8 151.623259777 -30.526501455 120.580002
OBJECT 8 151.625585753 -30.524872116 32.009998
OBJECT 8 151.624929662 -30.525233585 56.000000
OBJECT 8 151.623884089 -30.525818725 48.500000
OBJECT 8 151.622286738 -30.526673470 55.299999
OBJECT 8 151.620112084 -30.527817788 49.209999
OBJECT 8 151.619284410 -30.528267128 48.009998
OBJECT 8 151.618009269 -30.528918172 43.730000
OBJECT 8 151.616877863 -30.529547248 46.549999
OBJECT 8 151.615834552 -30.530100435 82.269997
OBJECT 8 151.615048591 -30.530583725 227.729996
OBJECT 8 151.615264208 -30.530459907 55.180000
OBJECT 8 151.614810142 -30.530722065 80.230003
OBJECT 8 151.613983740 -30.529392326 70.500000
OBJECT 8 151.613972133 -30.529400067 69.150002
OBJECT 8 151.613956406 -30.529407163 88.089996
OBJECT 8 151.614194179 -30.529273955 38.160000
OBJECT 8 151.614182946 -30.529281374 50.910000
OBJECT 8 151.614171713 -30.529287502 56.689999
OBJECT 8 151.613660522 -30.529060930 150.639999
OBJECT 8 151.613830472 -30.528954026 151.820007
OBJECT 8 151.613256895 -30.528645837 151.699997
OBJECT 8 151.613417898 -30.528531229 151.389999
OBJECT 8 151.612883457 -30.528214372 172.410004
OBJECT 8 151.613047815 -30.528104580 160.199997
OBJECT 8 151.612523439 -30.527711639 149.039993
OBJECT 8 151.612711275 -30.527628813 153.440002
OBJECT 8 151.612215971 -30.527209868 163.440002
OBJECT 8 151.612423931 -30.527112596 172.570007
OBJECT 8 151.612013603 -30.526704245 154.919998
OBJECT 8 151.612217090 -30.526625272 167.910004
OBJECT 8 151.611843660 -30.526184176 171.699997
OBJECT 8 151.612038200 -30.526146616 182.389999
OBJECT 8 151.611955464 -30.525770047 168.690002
OBJECT 8 151.611766514 -30.525805681 172.410004
OBJECT 8 151.611936457 -30.525480156 157.380005
OBJECT 8 151.611697196 -30.525511938 145.919998
OBJECT 8 151.611843999 -30.524896889 90.000000
OBJECT 8 151.611831598 -30.524897353 101.309998
OBJECT 8 151.611820275 -30.524897353 90.000000
OBJECT 8 151.611626711 -30.524894567 95.570000
OBJECT 8 151.611609457 -30.524894567 90.000000
OBJECT 8 151.611595977 -30.524892244 111.040001
OBJECT 9 151.609738387 -30.524386388 97.250000
OBJECT 9 151.609716026 -30.524383177 103.629997
OBJECT 9 151.609698324 -30.524380770 176.820007
OBJECT 9 151.609699256 -30.524360705 180.000000
OBJECT 9 151.609702982 -30.524343049 192.529999
OBJECT 9 151.609733729 -30.524180928 188.429993
OBJECT 9 151.609737456 -30.524158456 183.580002
OBJECT 9 151.609785905 -30.523770009 180.000000
OBJECT 9 151.609787769 -30.523753958 183.369995
OBJECT 9 151.609817582 -30.523574983 180.000000
OBJECT 9 151.609815719 -30.523559734 173.990005
OBJECT 9 151.609819446 -30.523545288 128.660004
OBJECT 9 151.609832489 -30.523548498 90.000000
OBJECT 9 151.609851123 -30.523547696 90.000000
OBJECT 9 151.611909219 -30.523761984 90.000000
OBJECT 9 151.611931579 -30.523765194 84.290001
OBJECT 9 151.611487161 -30.524566967 99.779999
OBJECT 9 151.611511385 -30.524570178 106.389999
OBJECT 9 151.611526292 -30.524572585 97.309998
OBJECT 9 151.611797415 -30.524600676 116.570000
OBJECT 9 151.611820707 -30.524603886 90.000000
OBJECT 9 151.611836546 -30.524604688 102.720001
OBJECT 9 151.613695276 -30.524802925 276.119995
OBJECT 9 151.613712978 -30.524803727 113.199997
OBJECT 9 151.613792175 -30.523967443 261.869995
OBJECT 9 151.613808014 -30.523967443 103.389999
OBJECT 9 151.615694689 -30.524169692 280.299988
OBJECT 9 151.615710528 -30.524172100 81.029999
OBJECT 9 151.615577296 -30.525006779 278.929993
OBJECT 9 151.615594067 -30.525005976 102.000000
OBJECT 9 151.617472373 -30.525205818 279.269989
OBJECT 9 151.617494734 -30.525209028 93.870003
OBJECT 9 151.617573928 -30.524372744 282.880005
OBJECT 9 151.617591630 -30.524376757 95.709999
OBJECT 9 151.619466203 -30.524574191 280.299988
OBJECT 9 151.619486700 -30.524574191 101.309998
OBJECT 9 151.619363716 -30.525408870 281.630005
OBJECT 9 151.619382350 -30.525409672 126.470001
OBJECT 9 151.621111383 -30.525595506 254.740005
OBJECT 9 151.621138431 -30.525600499 106.500000
OBJECT 9 151.621291055 -30.524771717 267.799988
OBJECT 9 151.621312306 -30.524775045 109.500000
OBJECT 9 151.622593940 -30.524910557 271.970001
OBJECT 9 151.622614429 -30.524910557 270.000000
OBJECT 9 151.622628986 -30.524915666 0.940000
OBJECT 9 151.622629526 -30.524933316 191.309998
OBJECT 9 151.625344635 -30.524811148 234.779999
OBJECT 9 151.625361537 -30.524800621 223.600006
OBJECT 9 151.625372458 -30.524791662 238.300003
OBJECT 9 151.625374538 -30.524775535 139.500000
OBJECT 9 151.625363097 -30.524763888 138.179993
OBJECT 9 151.625232307 -30.524567230 139.940002
OBJECT 9 151.625220866 -30.524549983 145.300003
OBJECT 9 151.625053674 -30.524313679 143.130005
OBJECT 9 151.625042493 -30.524297553 149.039993
OBJECT 9 151.624904944 -30.524087455 142.770004
OBJECT 9 151.624898443 -30.524075808 136.770004
OBJECT 9 151.624890383 -30.524069313 252.649994
OBJECT 9 151.624876862 -30.524077824 233.130005
OBJECT 9 151.624863861 -30.524084991 241.529999
OBJECT 9 151.624278892 -30.524389174 206.559998
OBJECT 9 151.624305939 -30.524377524 270.000000
OBJECT 9 151.624765743 -30.525109782 45.000000
OBJECT 9 151.624754151 -30.525121431 233.750000
OBJECT 9 151.623231767 -30.524958338 69.680000
OBJECT 9 151.623206652 -30.524974980 230.190002
OBJECT 9 151.622613540 -30.525158044 16.500000
OBJECT 9 151.622615472 -30.525181343 191.309998
OBJECT 9 151.623357344 -30.525853689 52.759998
OBJECT 9 151.623336415 -30.525867557 213.690002
OBJECT 9 151.621820548 -30.525673850 286.700012
OBJECT 9 151.621837370 -30.525673293 270.000000
OBJECT 9 151.621855487 -30.525673850 270.000000
OBJECT 9 151.621861957 -30.525686669 61.700001
OBJECT 9 151.621848370 -30.525693357 57.259998
OBJECT 9 151.621837970 -30.525698861 69.440002
OBJECT 9 151.621258368 -30.526005078 45.000000
OBJECT 9 151.621237116 -30.526015064 53.750000
OBJECT 9 151.621772278 -30.526695730 39.990002
OBJECT 9 151.621754890 -30.526709044 38.660000
OBJECT 9 151.619706970 -30.526830532 59.040001
OBJECT 9 151.619685718 -30.526847174 72.650002
OBJECT 9 151.620350328 -30.527449623 59.040001
OBJECT 9 151.620332940 -30.527459608 58.240002
OBJECT 9 151.618045440 -30.527707577 68.750000
OBJECT 9 151.618028052 -30.527720891 52.430000
OBJECT 9 151.618567084 -30.528398229 55.919998
OBJECT 9 151.618547763 -30.528408214 57.529999
OBJECT 9 151.616892023 -30.529290252 40.910000
OBJECT 9 151.616874635 -30.529295244 36.029999
OBJECT 9 151.616424471 -30.528582958 41.189999
OBJECT 9 151.616403218 -30.528592943 0.000000
OBJECT 9 151.614994761 -30.529333521 45.000000
OBJECT 9 151.614965780 -30.529338514 218.660004
OBJECT 9 151.615526073 -30.530019181 38.660000
OBJECT 9 151.615512549 -30.530022509 45.000000
OBJECT 9 151.615499025 -30.530035823 241.389999
OBJECT 9 151.615147803 -30.530219897 212.470001
OBJECT 9 151.615131032 -30.530228564 233.130005
OBJECT 9 151.615120969 -30.530241085 240.250000
OBJECT 9 151.614823556 -30.530392290 75.070000
OBJECT 9 151.614810139 -30.530403847 50.189999
OBJECT 9 151.614798958 -30.530409626 223.089996
OBJECT 9 151.614511608 -30.529592924 45.000000
OBJECT 9 151.614493719 -30.529600629 40.599998
OBJECT 9 151.614474711 -30.529607371 55.490002
OBJECT 9 151.614238793 -30.529741240 264.089996
OBJECT 9 151.614257801 -30.529729683 222.710007
OBJECT 9 151.614272336 -30.529720052 248.199997
OBJECT 9 151.613782611 -30.530947994 62.240002
OBJECT 9 151.613758013 -30.530961477 61.389999
OBJECT 9 151.613269404 -30.530252642 54.459999
OBJECT 9 151.613252632 -30.530259383 49.759998
OBJECT 9 151.612156892 -30.531820554 46.400002
OBJECT 9 151.612140120 -30.531831148 48.009998
OBJECT 9 151.611657098 -30.531108830 57.799999
OBJECT 9 151.611636972 -30.531120387 64.540001
OBJECT 9 151.610011110 -30.531979411 68.550003
OBJECT 9 151.609995581 -30.531989443 48.369999
OBJECT 9 151.610505443 -30.532688125 53.750000
OBJECT 9 151.610496082 -30.532694844 244.830002
OBJECT 9 151.609396201 -30.533251784 149.229996
OBJECT 9 151.608924878 -30.532589659 149.929993
OBJECT 9 151.608395535 -30.532846192 55.060001
OBJECT 9 151.608383255 -30.532851014 75.169998
OBJECT 9 151.608371517 -30.532858324 59.040001
OBJECT 9 151.608385241 -30.532888656 140.190002
OBJECT 9 151.608376573 -30.532877767 138.089996
OBJECT 9 151.608370433 -30.532870923 151.820007
OBJECT 9 151.608364474 -30.532865324 136.270004
OBJECT 9 151.608512319 -30.533070357 151.929993
OBJECT 9 151.608520407 -30.533079646 125.540001
OBJECT 9 151.608526249 -30.533087387 143.839996
OBJECT 9 151.608697902 -30.533332386 139.399994
OBJECT 9 151.608704193 -30.533340127 136.850006
OBJECT 9 151.608713629 -30.533350965 140.910004
OBJECT 9 151.608879319 -30.533551409 55.950001
OBJECT 9 151.608870959 -30.533556720 45.779999
OBJECT 9 151.608854761 -30.533554650 143.570007
OBJECT 9 151.608842220 -30.533541688 143.130005
OBJECT 9 151.608888403 -30.533546828 48.669998
OBJECT 9 151.608863314 -30.533560697 60.150002
OBJECT 9 151.608849459 -30.533548764 129.289993
OBJECT 9 151.608836353 -30.533532637 141.500000
OBJECT 10 151.616535534 -30.531764117 216.979996
BEGIN_POLYGON 2 10 3
BEGIN_WINDING
POLYGON_POINT 151.616172728 -30.532058607 0.000000000
POLYGON_POINT 151.616190589 -30.531992603 0.000000000
POLYGON_POINT 151.616032722 -30.531960842 0.000000000
END_WINDING
END_POLYGON
BEGIN_POLYGON 3 10 4
BEGIN_WINDING
POLYGON_POINT 151.616210019 -30.532228966 151.616210019 -30.532228966
POLYGON_POINT 151.616318099 -30.532154256 151.616318099 -30.532154256
POLYGON_POINT 151.616285297 -30.532122511 151.616285297 -30.532122511
POLYGON_POINT 151.616204621 -30.532188712 151.616204621 -30.532188712
POLYGON_POINT 151.616200783 -30.532202953 151.616201553 -30.532214571
POLYGON_POINT 151.616210019 -30.532228966 151.616210019 -30.532228966
END_WINDING
END_POLYGON
BEGIN_POLYGON 3 10 5
BEGIN_WINDING
POLYGON_POINT 151.615852685 -30.532290709 0.000000000 151.615852685 -30.532290709
POLYGON_POINT 151.615901343 -30.532329673 0.000000000 151.615901343 -30.532329673
POLYGON_POINT 151.615917814 -30.532334074 0.000000000 151.615926052 -30.532333594
POLYGON_POINT 151.615932151 -30.532328187 0.000000000 151.615932151 -30.532328187
POLYGON_POINT 151.615981060 -30.532286406 0.000000000 151.615981060 -30.532286406
POLYGON_POINT 151.615924781 -30.532249127 0.000000000 151.615924781 -30.532249127
POLYGON_POINT 151.615917624 -30.532247928 0.000000000 151.615912497 -30.532248300
POLYGON_POINT 151.615902404 -30.532252705 0.000000000 151.615902404 -30.532252705
POLYGON_POINT 151.615852685 -30.532290709 0.000000000 151.615852685 -30.532290709
END_WINDING
END_POLYGON
BEGIN_POLYGON 3 10 3
BEGIN_WINDING
POLYGON_POINT 151.615724096 -30.532167818 0.000000000
POLYGON_POINT 151.615779430 -30.532225274 0.000000000
POLYGON_POINT 151.615802382 -30.532200296 0.000000000
POLYGON_POINT 151.615780066 -30.532139431 0.000000000
POLYGON_POINT 151.615724096 -30.532167818 0.000000000
END_WINDING
END_POLYGON
OBJECT 11 151.616145868 -30.531951646 102.089996
OBJECT 11 151.616126048 -30.531947954 102.089996
OBJECT 11 151.616106135 -30.531944252 102.089996
OBJECT 12 151.616021101 -30.531853558 111.190002
OBJECT 13 151.616237025 -30.532334867 229.500000
OBJECT 14 151.612755471 -30.535002171 226.850006
OBJECT 14 151.623210719 -30.527831701 233.750000
OBJECT 15 151.616098025 -30.532013084 12.870000
BEGIN_POLYGON 0 10 3
BEGIN_WINDING
POLYGON_POINT 151.616210016 -30.531777322 0.000000000
POLYGON_POINT 151.616238854 -30.531761824 0.000000000
END_WINDING
END_POLYGON
BEGIN_POLYGON 0 10 3
BEGIN_WINDING
POLYGON_POINT 151.616008500 -30.531755160 0.000000000
POLYGON_POINT 151.615937413 -30.531802093 0.000000000
END_WINDING
END_POLYGON
OBJECT 16 151.616286756 -30.531546436 61.570000
OBJECT 17 151.615629006 -30.531950689 327.000000
OBJECT 18 151.615609837 -30.531960714 326.309998
OBJECT 19 151.616330752 -30.531503692 149.880005
OBJECT 20 151.616496284 -30.531676254 146.649994
OBJECT 20 151.616530900 -30.531654322 146.229996
OBJECT 21 151.616174910 -30.531721666 237.149994
OBJECT 22 151.616408565 -30.531884342 123.540001
OBJECT 23 151.616448330 -30.531718866 236.229996
OBJECT 24 151.616056525 -30.532178537 12.940000
OBJECT 24 151.615955545 -30.532158316 12.940000
OBJECT 24 151.616007804 -30.532168842 12.940000
OBJECT 24 151.616060866 -30.532162055 192.800003
OBJECT 24 151.615959887 -30.532141834 192.800003
OBJECT 24 151.616012145 -30.532152360 192.800003
OBJECT 25 151.616007814 -30.532159756 192.880005
OBJECT 6 151.616264431 -30.531968647 322.910004
OBJECT 6 151.616040973 -30.532165493 16.230000
OBJECT 6 151.615974955 -30.532155154 17.910000
OBJECT 26 151.614997168 -30.531964680 302.589996
OBJECT 26 151.614892870 -30.531963754 302.589996
OBJECT 26 151.614791530 -30.531961902 302.589996
OBJECT 26 151.614997348 -30.531932423 302.589996
OBJECT 26 151.614893050 -30.531931497 302.589996
OBJECT 26 151.614791710 -30.531929645 302.589996
OBJECT 26 151.614979291 -30.531966766 63.419998
OBJECT 26 151.614874994 -30.531965840 63.419998
OBJECT 26 151.614773653 -30.531963988 63.419998
OBJECT 26 151.614979471 -30.531934509 63.419998
OBJECT 26 151.614875174 -30.531933583 63.419998
OBJECT 26 151.614773833 -30.531931730 63.419998
BEGIN_POLYGON 4 10 3
BEGIN_WINDING
POLYGON_POINT 151.615109286 -30.532032924 0.000000000
POLYGON_POINT 151.615097727 -30.531960247 0.000000000
POLYGON_POINT 151.615097727 -30.531915447 0.000000000
POLYGON_POINT 151.614927821 -30.531916442 0.000000000
POLYGON_POINT 151.614785655 -30.531916442 0.000000000
POLYGON_POINT 151.614737111 -30.531915447 0.000000000
POLYGON_POINT 151.614734799 -30.531965225 0.000000000
POLYGON_POINT 151.614735955 -30.532014008 0.000000000
END_WINDING
END_POLYGON
BEGIN_POLYGON 3 10 2
BEGIN_WINDING
POLYGON_POINT 151.614948734 -30.532478153
POLYGON_POINT 151.614956912 -30.532509945
POLYGON_POINT 151.614986319 -30.532494824
POLYGON_POINT 151.614982418 -30.532478541
POLYGON_POINT 151.614948584 -30.532477054
END_WINDING
END_POLYGON
OBJECT 12 151.616056593 -30.531889219 359.170013
OBJECT 12 151.616279843 -30.532147727 0.000000
OBJECT 12 151.616229912 -30.532190736 36.029999
OBJECT 12 151.615918340 -30.532285355 180.000000
OBJECT 12 151.615762553 -30.532178694 123.690002
OBJECT 27 151.615495592 -30.532156329 48.369999
OBJECT 27 151.615432346 -30.532197904 116.570000
OBJECT 27 151.615409044 -30.532133391 168.690002
OBJECT 27 151.615417366 -30.532068879 190.619995
OBJECT 27 151.615179359 -30.532490362 57.720001
OBJECT 27 151.614962989 -30.532491796 90.000000
OBJECT 27 151.615129428 -30.532371372 146.309998
OBJECT 27 151.615009592 -30.532395743 129.809998
OBJECT 27 151.615766887 -30.532392876 141.339996
OBJECT 27 151.615688661 -30.532312593 132.880005
OBJECT 27 151.615252592 -30.532550574 165.259995
OBJECT 27 151.614886428 -30.532966323 139.399994
OBJECT 27 151.614828174 -30.532903244 170.309998
OBJECT 27 151.614778243 -30.532820094 231.339996
OBJECT 28 151.614563738 -30.532188582 180.419998
OBJECT 29 151.614530450 -30.532382120 90.000000
OBJECT 29 151.615761953 -30.532417642 229.039993
OBJECT 29 151.615537723 -30.532362886 53.470001
OBJECT 30 151.615039562 -30.532373837 78.269997
OBJECT 30 151.614951719 -30.532462442 14.590000
OBJECT 30 151.615000264 -30.532569964 324.730011
OBJECT 28 151.615140119 -30.532366868 90.809998
OBJECT 29 151.615408270 -30.532533128 270.820007
OBJECT 29 151.615170170 -30.532516203 140.050003
OBJECT 29 151.615219871 -30.532620738 48.849998
OBJECT 31 151.615579332 -30.532558017 228.600006
OBJECT 31 151.614336820 -30.532336005 0.900000
OBJECT 28 151.614333353 -30.532521181 0.910000
OBJECT 28 151.614472052 -30.532536114 90.330002
OBJECT 28 151.614739731 -30.532688038 269.239990
OBJECT 32 151.615053594 -30.532667902 56.230000
OBJECT 32 151.615002251 -30.532612565 236.889999
OBJECT 32 151.615501700 -30.532352780 0.770000
OBJECT 32 151.615409229 -30.532356485 180.929993
BEGIN_POLYGON 3 10 2
BEGIN_WINDING
POLYGON_POINT 151.615344383 -30.532181178
POLYGON_POINT 151.615436020 -30.532214018
POLYGON_POINT 151.615536352 -30.532161014
POLYGON_POINT 151.615459431 -30.532061342
POLYGON_POINT 151.615430669 -30.532016979
POLYGON_POINT 151.615378496 -30.532038872
POLYGON_POINT 151.615354416 -30.532046362
END_WINDING
END_POLYGON
BEGIN_POLYGON 3 10 4
BEGIN_WINDING
POLYGON_POINT 151.615768819 -30.532372811 151.615768819 -30.532372811
POLYGON_POINT 151.615767699 -30.532372232 151.615767699 -30.532372232
POLYGON_POINT 151.615755603 -30.532396351 151.615755603 -30.532396930
POLYGON_POINT 151.615769939 -30.532407542 151.615769939 -30.532407542
POLYGON_POINT 151.615778004 -30.532400403 151.615778004 -30.532400403
POLYGON_POINT 151.615785844 -30.532391141 151.615785844 -30.532390948
POLYGON_POINT 151.615769491 -30.532373583 151.615769491 -30.532373583
END_WINDING
END_POLYGON
BEGIN_POLYGON 3 10 4
BEGIN_WINDING
POLYGON_POINT 151.615662864 -30.532300456 151.615662864 -30.532300456
POLYGON_POINT 151.615675184 -30.532315120 151.615675632 -30.532317049
POLYGON_POINT 151.615692433 -30.532329977 151.615692433 -30.532329977
POLYGON_POINT 151.615716177 -30.532328433 151.615716177 -30.532328433
POLYGON_POINT 151.615709905 -30.532318207 151.615709905 -30.532318207
POLYGON_POINT 151.615693777 -30.532301035 151.615693777 -30.532301035
POLYGON_POINT 151.615664208 -30.532298719 151.615664208 -30.532298719
END_WINDING
END_POLYGON
BEGIN_POLYGON 3 10 4
BEGIN_WINDING
POLYGON_POINT 151.615245195 -30.532543913 151.615245195 -30.532543913
POLYGON_POINT 151.615239751 -30.532549004 151.615239751 -30.532549004
POLYGON_POINT 151.615242551 -30.532563475 151.615242551 -30.532563475
POLYGON_POINT 151.615260285 -30.532565217 151.615260285 -30.532565217
POLYGON_POINT 151.615265885 -30.532558250 151.615265885 -30.532558250
POLYGON_POINT 151.615261685 -30.532545655 151.615261685 -30.532545655
POLYGON_POINT 151.615245507 -30.532542305 151.615245040 -30.532542707
POLYGON_POINT 151.615245507 -30.532542305 151.615245507 -30.532542305
END_WINDING
END_POLYGON
BEGIN_POLYGON 3 10 4
BEGIN_WINDING
POLYGON_POINT 151.615163526 -30.532484287 151.615163526 -30.532484287
POLYGON_POINT 151.615168659 -30.532493532 151.615168659 -30.532493532
POLYGON_POINT 151.615184838 -30.532503715 151.615184838 -30.532503715
POLYGON_POINT 151.615198838 -30.532497686 151.615198838 -30.532497686
POLYGON_POINT 151.615196038 -30.532485224 151.615196038 -30.532485224
POLYGON_POINT 151.615163215 -30.532482411 151.615161504 -30.532482143
POLYGON_POINT 151.615163215 -30.532482411 151.615163215 -30.532482411
END_WINDING
END_POLYGON
BEGIN_POLYGON 3 10 4
BEGIN_WINDING
POLYGON_POINT 151.615138308 -30.532364343 151.615138308 -30.532364343
POLYGON_POINT 151.615112831 -30.532363412 151.615112831 -30.532363412
POLYGON_POINT 151.615117872 -30.532381945 151.615117872 -30.532383031
POLYGON_POINT 151.615140648 -30.532383185 151.615140648 -30.532383185
POLYGON_POINT 151.615139838 -30.532364808 151.615139838 -30.532364808
END_WINDING
END_POLYGON
BEGIN_POLYGON 3 10 2
BEGIN_WINDING
POLYGON_POINT 151.615028569 -30.532376672
POLYGON_POINT 151.614986978 -30.532394351
POLYGON_POINT 151.615020827 -30.532412108
POLYGON_POINT 151.615038741 -30.532404199
POLYGON_POINT 151.615030459 -30.532376594
END_WINDING
END_POLYGON
BEGIN_POLYGON 0 10 3
BEGIN_WINDING
POLYGON_POINT 151.615346797 -30.532042311 0.000000000
POLYGON_POINT 151.615375923 -30.532036338 0.000000000
POLYGON_POINT 151.615456368 -30.531999303 0.000000000
POLYGON_POINT 151.615571488 -30.531938374 0.000000000
POLYGON_POINT 151.615611711 -30.531984967 0.000000000
END_WINDING
END_POLYGON
BEGIN_POLYGON 0 10 3
BEGIN_WINDING
POLYGON_POINT 151.610072137 -30.528905455 0.000000000
POLYGON_POINT 151.610368935 -30.528941128 0.000000000
POLYGON_POINT 151.610624319 -30.528964910 0.000000000
POLYGON_POINT 151.610572552 -30.529300831 0.000000000
POLYGON_POINT 151.610448311 -30.529966727 0.000000000
POLYGON_POINT 151.610296448 -30.530843688 0.000000000
POLYGON_POINT 151.610206712 -30.531286627 0.000000000
POLYGON_POINT 151.609709735 -30.531554174 0.000000000
POLYGON_POINT 151.609147185 -30.531857395 0.000000000
POLYGON_POINT 151.608519045 -30.532214125 0.000000000
POLYGON_POINT 151.607832241 -30.532573827 0.000000000
POLYGON_POINT 151.607295925 -30.532874739 0.000000000
POLYGON_POINT 151.607199739 -30.532924685 0.000000000
POLYGON_POINT 151.606993491 -30.533040645 0.000000000
POLYGON_POINT 151.606898000 -30.533462213 0.000000000
POLYGON_POINT 151.606836033 -30.533757521 0.000000000
POLYGON_POINT 151.606919735 -30.533864664 0.000000000
POLYGON_POINT 151.607154423 -30.534179775 0.000000000
POLYGON_POINT 151.607392561 -30.534480023 0.000000000
POLYGON_POINT 151.607882644 -30.534548396 0.000000000
POLYGON_POINT 151.608286445 -30.534355167 0.000000000
POLYGON_POINT 151.608862824 -30.534046002 0.000000000
POLYGON_POINT 151.609494401 -30.533710081 0.000000000
POLYGON_POINT 151.610191552 -30.533347406 0.000000000
POLYGON_POINT 151.610405529 -30.533377133 0.000000000
POLYGON_POINT 151.610892154 -30.533445506 0.000000000
POLYGON_POINT 151.611389132 -30.533513880 0.000000000
POLYGON_POINT 151.611910267 -30.533597117 0.000000000
POLYGON_POINT 151.612200171 -30.533374160 0.000000000
POLYGON_POINT 151.612534942 -30.533124449 0.000000000
POLYGON_POINT 151.613049178 -30.532752856 0.000000000
POLYGON_POINT 151.613535804 -30.532396126 0.000000000
POLYGON_POINT 151.613880928 -30.532149388 0.000000000
POLYGON_POINT 151.614129771 -30.531966391 0.000000000
POLYGON_POINT 151.614732942 -30.531986162 0.000000000
POLYGON_POINT 151.614735773 -30.532033905 0.000000000
END_WINDING
END_POLYGON
OBJECT 33 151.615271948 -30.532033305 0.190000
OBJECT 33 151.615181176 -30.532033014 0.190000
OBJECT 34 151.615138567 -30.532211429 180.220001
OBJECT 34 151.615048368 -30.532211129 180.220001
OBJECT 34 151.614958719 -30.532210732 180.220001
OBJECT 34 151.614868530 -30.532210435 180.220001
OBJECT 34 151.614779048 -30.532210150 180.220001
BEGIN_POLYGON 5 4 3
BEGIN_WINDING
POLYGON_POINT 151.614733094 -30.532183859 0.000000000
POLYGON_POINT 151.615355360 -30.532186341 0.000000000
POLYGON_POINT 151.615357241 -30.532036420 0.000000000
POLYGON_POINT 151.614734975 -30.532033938 0.000000000
END_WINDING
END_POLYGON
OBJECT 35 151.614927580 -30.532107593 0.000000
OBJECT 36 151.615791898 -30.531836385 232.509995
OBJECT 37 151.615511535 -30.531871174 323.850006
OBJECT 38 151.618174341 -30.529888477 56.790001
OBJECT 39 151.616010641 -30.531707992 240.880005
OBJECT 40 151.615890948 -30.531815178 239.910004
OBJECT 41 151.615898476 -30.531791290 240.220001
OBJECT 41 151.615911946 -30.531804599 241.229996
OBJECT 42 151.615661586 -30.531872199 148.130005
OBJECT 43 151.613279496 -30.533560074 326.549988
BEGIN_POLYGON 6 10 3
BEGIN_WINDING
POLYGON_POINT 151.613088068 -30.532997185 0.000000000
POLYGON_POINT 151.613308904 -30.533311380 0.000000000
POLYGON_POINT 151.614020706 -30.532926704 0.000000000
POLYGON_POINT 151.613797898 -30.532617603 0.000000000
END_WINDING
END_POLYGON
OBJECT 44 151.616418581 -30.531487888 145.619995
OBJECT 45 151.615528694 -30.531899068 144.479996
OBJECT 46 151.615881821 -30.531909340 57.750000
OBJECT 46 151.615745344 -30.531983378 57.849998
OBJECT 47 151.615728930 -30.531912650 147.619995
OBJECT 6 151.615883263 -30.532018449 318.630005
OBJECT 6 151.615816578 -30.532054635 140.889999
OBJECT 6 151.615793571 -30.532066123 146.809998
OBJECT 6 151.615774233 -30.532082781 146.059998
OBJECT 48 151.616789053 -30.531232697 150.770004
OBJECT 49 151.616591526 -30.531086203 60.520000
OBJECT 50 151.616990353 -30.531532131 48.369999
OBJECT 50 151.616902730 -30.531460690 332.820007
OBJECT 50 151.616954902 -30.531482583 41.049999
OBJECT 50 151.616875975 -30.531525794 2.290000
OBJECT 50 151.616893366 -30.531569004 26.969999
OBJECT 50 151.616831160 -30.531602420 56.730000
OBJECT 50 151.616764273 -30.531638717 71.029999
OBJECT 50 151.616704743 -30.531708430 39.610001
BEGIN_POLYGON 1 1 5
BEGIN_WINDING
POLYGON_POINT 151.625873941 -30.525005914 0.000000000 151.625873941 -30.525005914
POLYGON_POINT 151.625737852 -30.524820669 0.000000000 151.625737852 -30.524820669
POLYGON_POINT 151.625609660 -30.524642226 0.000000000 151.625609660 -30.524642226
POLYGON_POINT 151.625444776 -30.524408970 0.000000000 151.625444776 -30.524408970
POLYGON_POINT 151.625211616 -30.524086493 0.000000000 151.625211616 -30.524086493
POLYGON_POINT 151.624999357 -30.523792022 0.000000000 151.624999357 -30.523792022
POLYGON_POINT 151.624781990 -30.523498351 0.000000000 151.624781990 -30.523498351
POLYGON_POINT 151.624410422 -30.523693598 0.000000000 151.624410422 -30.523693598
POLYGON_POINT 151.623988227 -30.523916852 0.000000000 151.623988227 -30.523916852
POLYGON_POINT 151.623580429 -30.524138905 0.000000000 151.623580429 -30.524138905
POLYGON_POINT 151.623241371 -30.524313747 0.000000000 151.623239978 -30.524313747
POLYGON_POINT 151.623025567 -30.524429031 0.000000000 151.623025567 -30.524429031
POLYGON_POINT 151.622176158 -30.524334544 0.000000000 151.622176158 -30.524334544
POLYGON_POINT 151.621586924 -30.524272897 0.000000000 151.621586924 -30.524272897
POLYGON_POINT 151.620762264 -30.524189933 0.000000000 151.620762264 -30.524189933
POLYGON_POINT 151.619520257 -30.524049355 0.000000000 151.619520257 -30.524049355
POLYGON_POINT 151.618755792 -30.523973305 0.000000000 151.618755792 -30.523973305
POLYGON_POINT 151.617999780 -30.523889189 0.000000000 151.617999780 -30.523889189
POLYGON_POINT 151.617197194 -30.523808529 0.000000000 151.617197194 -30.523808529
POLYGON_POINT 151.616199313 -30.523708281 0.000000000 151.616199313 -30.523708281
POLYGON_POINT 151.615523804 -30.523630503 0.000000000 151.615523804 -30.523630503
POLYGON_POINT 151.614768706 -30.523551572 0.000000000 151.614768706 -30.523551572
POLYGON_POINT 151.613995549 -30.523469184 0.000000000 151.613995549 -30.523469184
POLYGON_POINT 151.613198316 -30.523381611 0.000000000 151.613198316 -30.523381611
POLYGON_POINT 151.612522140 -30.523310746 0.000000000 151.612522140 -30.523310746
POLYGON_POINT 151.611797140 -30.523232967 0.000000000 151.611797140 -30.523232967
POLYGON_POINT 151.611074148 -30.523146546 0.000000000 151.611074148 -30.523146546
POLYGON_POINT 151.610395967 -30.523080866 0.000000000 151.610395967 -30.523080866
POLYGON_POINT 151.609617463 -30.522992717 0.000000000 151.609617463 -30.522992717
POLYGON_POINT 151.609575326 -30.523331487 0.000000000 151.609575326 -30.523331487
POLYGON_POINT 151.609524494 -30.523690997 0.000000000 151.609524494 -30.523690997
POLYGON_POINT 151.609458948 -30.524115611 0.000000000 151.609458948 -30.524115611
POLYGON_POINT 151.609403434 -30.524503353 0.000000000 151.609403434 -30.524503353
POLYGON_POINT 151.609347250 -30.524885909 0.000000000 151.609347250 -30.524885909
POLYGON_POINT 151.609824794 -30.524945251 0.000000000 151.609824794 -30.524945251
POLYGON_POINT 151.610375241 -30.525006898 0.000000000 151.610375241 -30.525006898
POLYGON_POINT 151.610830715 -30.525060479 0.000000000 151.610830715 -30.525060479
POLYGON_POINT 151.610771189 -30.525391758 0.000000000 151.610771189 -30.525391758
POLYGON_POINT 151.610705643 -30.525731680 0.000000000 151.610705643 -30.525731680
POLYGON_POINT 151.610628727 -30.526094647 0.000000000 151.610628727 -30.526094647
POLYGON_POINT 151.610559167 -30.526448973 0.000000000 151.610559167 -30.526448973
POLYGON_POINT 151.610456164 -30.526950213 0.000000000 151.610456164 -30.526950213
POLYGON_POINT 151.610359180 -30.527448573 0.000000000 151.610359180 -30.527448573
POLYGON_POINT 151.610268215 -30.527918702 0.000000000 151.610268215 -30.527918702
POLYGON_POINT 151.610194640 -30.528306444 0.000000000 151.610194640 -30.528306444
POLYGON_POINT 151.610137118 -30.528592785 0.000000000 151.610137118 -30.528592785
POLYGON_POINT 151.610080264 -30.528903899 0.000000000 151.610080264 -30.528903899
END_WINDING
END_POLYGON
OBJECT 50 151.616585014 -30.531600692 343.179993
OBJECT 50 151.616626484 -30.531654849 156.800003
OBJECT 50 151.616678656 -30.531575342 176.570007
OBJECT 51 151.616776312 -30.531558057 57.389999
OBJECT 52 151.622363264 -30.527357131 146.699997
OBJECT 53 151.618768386 -30.529884143 327.330017
OBJECT 53 151.619843990 -30.529103928 138.740005
OBJECT 54 151.619907153 -30.529166762 318.709991
OBJECT 55 151.619202216 -30.529608500 319.429993
OBJECT 56 151.619405624 -30.529297349 139.259995
OBJECT 57 151.618630486 -30.530115642 328.089996
OBJECT 58 151.618394462 -30.529780430 148.240005
OBJECT 59 151.618028889 -30.529958031 148.759995
OBJECT 49 151.617437369 -30.530231640 149.889999
OBJECT 60 151.617613908 -30.530564278 148.850006
OBJECT 60 151.617941761 -30.530573638 58.000000
OBJECT 61 151.615811807 -30.532589444 0.000000
OBJECT 62 151.615097158 -30.531913485 0.000000
OBJECT 62 151.615999731 -30.531747384 240.070007
FILTER -1
OBJECT_DEF lib/airport/Common_Elements/Miscellaneous/Const_Trailer.agp
OBJECT_DEF lib/airport/Common_Elements/Miscellaneous/Blue_Dumpster.obj
OBJECT_DEF lib/airport/Ramp_Equipment/Chocks_3.obj
OBJECT_DEF lib/airport/Ramp_Equipment/Cargo_Dolly_1.obj
OBJECT_DEF lib/g10/EU/suburban/gar1_6x12.obj
OBJECT_DEF lib/g10/US/industrial/light/SiteOffice6x12.obj
OBJECT_DEF lib/cars/car.obj
OBJECT_DEF lib/airport/Common_Elements/Runway_Markers/Rectangular/White_Red.obj
OBJECT_DEF lib/airport/Common_Elements/Runway_Markers/Rectangular/Yellow_Black.obj
OBJECT_DEF lib/airport/Common_Elements/Runway_Markers/Rectangular/White_Black.obj
OBJECT_DEF lib/airport/Common_Elements/Vehicles/Cargo_Truck.obj
OBJECT_DEF lib/airport/Common_Elements/Miscellaneous/Sm_Propane_Tank.obj
OBJECT_DEF lib/g10/forests/autogen_tree1.obj
OBJECT_DEF lib/g10/US/commercial/sign_prices_ozgas.obj
OBJECT_DEF lib/g10/US/commercial/sign_ozgas.obj
OBJECT_DEF lib/g10/US/commercial/store_ozgas.obj
OBJECT_DEF lib/airport/Ramp_Equipment/GPU_1.obj
OBJECT_DEF lib/airport/Ramp_Equipment/Cargo_Palette_2.obj
OBJECT_DEF lib/airport/Ramp_Equipment/Cargo_Palette_1.obj
OBJECT_DEF lib/airport/Ramp_Equipment/Cargo_Loader_1.obj
OBJECT_DEF lib/airport/Common_Elements/vehicles/Fuel_Truck_Small.obj
OBJECT_DEF lib/airport/Common_Elements/Fueling_Stations/Covered_Station.agp
OBJECT_DEF lib/g10/US/urban_mid/Gge5x6.obj
OBJECT_DEF lib/airport/Common_Elements/Fuel_Storage/Single_Vert_Tank.agp
OBJECT_DEF lib/g10/US/commercial/fuel_pump_ozgas.obj
OBJECT_DEF lib/g10/US/commercial/canopy_ozgas.obj
OBJECT_DEF lib/g10/global_objects/LawnGrpMed.obj
OBJECT_DEF lib/g10/forests/autogen_tree4.obj
OBJECT_DEF lib/airport/Common_Elements/Parking_Items/Row_of_Cars_6.agp
OBJECT_DEF lib/airport/Common_Elements/Parking_Items/Row_of_Cars_4.agp
OBJECT_DEF lib/airport/Common_Elements/Parking_Items/Row_of_Cars_2.agp
OBJECT_DEF lib/airport/Common_Elements/Parking_Items/Row_of_Cars_10.agp
OBJECT_DEF lib/g10/US/industrial/light/SecBarrier.obj
OBJECT_DEF lib/airport/Modern_Airports/Terminal_kit/entrances/entrance_2_8m.obj
OBJECT_DEF lib/airport/Modern_Airports/Terminal_kit/entrances/entrance_3_8m.obj
OBJECT_DEF lib/g10/US/urban_mid/ProjRdAmenities.obj
OBJECT_DEF lib/airport/Ramp_Equipment/Cargo_Container_6.obj
OBJECT_DEF lib/airport/Ramp_Equipment/Towbar_1.obj
OBJECT_DEF lib/airport/Ramp_Equipment/Tow_Tractor_1.obj
OBJECT_DEF lib/airport/Ramp_Equipment/Luggage_Truck.obj
OBJECT_DEF lib/airport/Ramp_Equipment/Luggage_Cart_1.obj
OBJECT_DEF lib/airport/Ramp_Equipment/Luggage_Cart.obj
OBJECT_DEF lib/airport/Ramp_Equipment/Lugg_Train_Straight2.obj
OBJECT_DEF lib/g10/US/industrial/light/Shed13x24.obj
OBJECT_DEF lib/airport/Ramp_Equipment/Belt_Loader.obj
OBJECT_DEF lib/airport/Ramp_Equipment/Air_Start_2.obj
OBJECT_DEF lib/g10/US/industrial/light/FactA15x22.obj
OBJECT_DEF lib/g10/US/industrial/light/FactCLoading.obj
OBJECT_DEF lib/g10/US/industrial/light/TinShed10x30Lt.obj
OBJECT_DEF lib/airport/Common_Elements/Hangars/Sm_Blue_Hangar.agp
OBJECT_DEF lib/g10/forests/autogen_tree_any.obj
OBJECT_DEF lib/g10/US/industrial/light/WoodShed8x10.obj
OBJECT_DEF lib/airport/Common_Elements/Hangars/Sm_Orange_Hangar.agp
OBJECT_DEF lib/airport/European_Airports/hangars/25x20x5.obj
OBJECT_DEF lib/airport/European_Airports/hangars/25x20x5_solar.obj
OBJECT_DEF lib/airport/European_Airports/hangars/28x26x6_Poland.obj
OBJECT_DEF lib/airport/Common_Elements/Hangars/Med_Blue_Hangar.agp
OBJECT_DEF lib/airport/Common_Elements/Miscellaneous/Hangar_Construct.obj
OBJECT_DEF lib/airport/Common_Elements/Miscellaneous/Hangar_Construct.agp
OBJECT_DEF lib/airport/Common_Elements/Hangars/Med_Gray_Hangar.agp
OBJECT_DEF lib/airport/Common_Elements/Hangars/Sm_Gray_Hangar.agp
OBJECT_DEF lib/airport/Common_Elements/Miscellaneous/Flagpole.obj
OBJECT_DEF lib/airport/Common_Elements/Miscellaneous/container_fire_extinguisher_metal.obj
POLYGON_DEF lib/airport/Common_Elements/Fence_Facades/Fence.fac
POLYGON_DEF lib/g10/global_objects/fencing_Industrial_1.fac
POLYGON_DEF lib/g10/global_objects/hedge_res.fac
POLYGON_DEF lib/g10/global_objects/fencing_SmallHedge_1.fac
POLYGON_DEF lib/g10/global_objects/fencing_SmallHedge_2.fac
POLYGON_DEF lib/airport/Classic_Airports/Facades/classic1.fac
POLYGON_DEF lib/g10/autogen/ind_low_solid_7x90b.fac
PROPERTY sim/filter/aptid YARM
PROPERTY sim/exclude_for 151.609664/-30.531891/151.616334/-30.526202
PROPERTY sim/exclude_for 151.608220/-30.533116/151.614956/-30.531778
PROPERTY sim/exclude_for 151.606974/-30.534736/151.609314/-30.532117
PROPERTY sim/exclude_for 151.620949/-30.527276/151.622895/-30.526390
PROPERTY sim/exclude_for 151.616247/-30.530780/151.617471/-30.530271
PROPERTY sim/exclude_for 151.616028/-30.530215/151.618259/-30.529216
PROPERTY sim/exclude_for 151.616115/-30.529254/151.619811/-30.528104
PROPERTY sim/exclude_for 151.616181/-30.528180/151.620992/-30.526428
PROPERTY sim/exclude_for 151.609533/-30.526390/151.624141/-30.523696
PROPERTY sim/require_agpoint 1/0
PROPERTY sim/require_object 1/0
PROPERTY sim/require_facade 1/0
