PROPERTY sim/west -180
PROPERTY sim/east 180
PROPERTY sim/north 90
PROPERTY sim/south -90
PROPERTY sim/planet earth
PROPERTY sim/creation_agent WorldEditor1.7.21r1
PROPERTY laminar/internal_revision 0
PROPERTY sim/overlay 1
FILTER 0
FILTER -1
FILTER 0
FILTER -1
FILTER 0
FILTER -1
FILTER 0
FILTER -1
FILTER 0
FILTER -1
FILTER 0
OBJECT 0 144.429199092 -37.729738403 289.000000
OBJECT 1 144.429073682 -37.730057889 19.000000
OBJECT 1 144.429270619 -37.729438468 198.000000
OBJECT 1 144.428245880 -37.729788472 107.000000
OBJECT 1 144.427997921 -37.728656920 194.000000
OBJECT 1 144.427970741 -37.728740368 194.000000
OBJECT 1 144.427745193 -37.728606374 194.000000
OBJECT 1 144.427717536 -37.728694591 194.000000
OBJECT 1 144.427427138 -37.728560121 194.000000
OBJECT 1 144.427399481 -37.728648814 194.000000
OBJECT 1 144.427141032 -37.728516728 194.000000
OBJECT 1 144.427114328 -37.728607328 194.000000
OBJECT 1 144.427983139 -37.729032197 282.000000
OBJECT 1 144.427872511 -37.729014076 282.000000
OBJECT 1 144.427898260 -37.729299706 282.000000
OBJECT 1 144.427787156 -37.729281109 282.000000
OBJECT 1 144.427322709 -37.728187228 14.000000
OBJECT 1 144.427573053 -37.728236820 14.000000
OBJECT 1 144.427951190 -37.728314069 14.000000
OBJECT 1 144.428264000 -37.728284028 283.000000
OBJECT 1 144.427303635 -37.727805753 14.000000
OBJECT 1 144.427541581 -37.727851530 14.000000
OBJECT 1 144.427745193 -37.727893969 14.000000
OBJECT 1 144.427951190 -37.727934024 14.000000
OBJECT 1 144.428154803 -37.727973125 14.000000
OBJECT 1 144.428503376 -37.728043698 14.000000
OBJECT 1 144.428627356 -37.728067540 14.000000
OBJECT 1 144.428752766 -37.728092336 14.000000
OBJECT 1 144.428877222 -37.728117132 14.000000
OBJECT 1 144.429002155 -37.728140974 14.000000
OBJECT 1 144.429127089 -37.728165293 14.000000
OBJECT 1 144.428660735 -37.728468090 14.000000
OBJECT 1 144.428998341 -37.728533417 14.000000
OBJECT 1 144.429240578 -37.728703174 14.000000
OBJECT 1 144.429268711 -37.728615911 14.000000
OBJECT 1 144.430420291 -37.731123636 194.000000
OBJECT 1 144.430543793 -37.731148909 194.000000
OBJECT 1 144.430889029 -37.731250477 194.000000
OBJECT 1 144.431012055 -37.731274796 194.000000
OBJECT 1 144.432276646 -37.731345846 194.000000
OBJECT 1 144.434198329 -37.734968910 283.000000
OBJECT 1 144.434087701 -37.734950313 283.000000
OBJECT 1 144.433977550 -37.734928378 283.000000
OBJECT 1 144.433867399 -37.734908350 283.000000
OBJECT 1 144.430380236 -37.735662718 24.000000
OBJECT 1 144.430485618 -37.735206378 24.000000
OBJECT 1 144.434917887 -37.734637503 196.000000
OBJECT 1 144.435119593 -37.734680419 196.000000
OBJECT 1 144.435237373 -37.734706645 196.000000
OBJECT 1 144.435686561 -37.735164893 14.000000
OBJECT 1 144.435816739 -37.734792954 196.000000
OBJECT 1 144.435938811 -37.734820611 196.000000
OBJECT 1 144.436062314 -37.734847791 196.000000
OBJECT 2 144.428379873 -37.728018425 15.000000
OBJECT 3 144.431339647 -37.731365873 16.000000
OBJECT 4 144.431805047 -37.731595712 285.000000
OBJECT 4 144.431328202 -37.734483005 285.000000
OBJECT 4 144.434108682 -37.734567407 194.000000
OBJECT 5 144.432133593 -37.731367304 0.000000
OBJECT 6 144.431996262 -37.731374456 0.000000
OBJECT 6 144.431970035 -37.731445506 0.000000
OBJECT 6 144.431956683 -37.731530385 0.000000
OBJECT 6 144.432058251 -37.731507973 0.000000
OBJECT 6 144.432374399 -37.731605726 0.000000
OBJECT 6 144.432275216 -37.731697757 0.000000
OBJECT 6 144.432238022 -37.731746872 0.000000
OBJECT 6 144.431142710 -37.731183719 0.000000
OBJECT 6 144.429199569 -37.729329747 0.000000
OBJECT 6 144.429122797 -37.729365034 0.000000
OBJECT 6 144.429108015 -37.729430838 0.000000
OBJECT 6 144.429137579 -37.729287785 0.000000
OBJECT 6 144.437137598 -37.733193141 0.000000
OBJECT 6 144.437455177 -37.733334287 0.000000
OBJECT 6 144.437280652 -37.734240291 0.000000
OBJECT 6 144.436974994 -37.733332380 0.000000
OBJECT 6 144.436939708 -37.733561742 0.000000
OBJECT 6 144.436973564 -37.733449207 0.000000
OBJECT 6 144.436908713 -37.733722915 0.000000
OBJECT 6 144.437002651 -37.733809701 0.000000
OBJECT 6 144.436947814 -37.734009976 0.000000
OBJECT 6 144.437153334 -37.733841650 0.000000
OBJECT 6 144.437094682 -37.733649004 0.000000
OBJECT 6 144.437348363 -37.733866922 0.000000
OBJECT 6 144.437198634 -37.734060998 0.000000
OBJECT 6 144.437485218 -37.734313725 0.000000
OBJECT 6 144.437406062 -37.733609426 0.000000
OBJECT 6 144.437155241 -37.733350977 0.000000
OBJECT 6 144.437298772 -37.734525444 0.000000
OBJECT 6 144.436990730 -37.734402419 0.000000
OBJECT 6 144.436851015 -37.734449149 0.000000
OBJECT 6 144.436758984 -37.734595541 0.000000
OBJECT 6 144.437307355 -37.734630827 0.000000
OBJECT 6 144.437427043 -37.734534504 0.000000
OBJECT 6 144.435652228 -37.734703784 0.000000
OBJECT 6 144.436205367 -37.734846838 0.000000
OBJECT 6 144.435612173 -37.734782940 0.000000
OBJECT 6 144.435572595 -37.734905966 0.000000
OBJECT 6 144.435966945 -37.735086213 0.000000
OBJECT 6 144.435501545 -37.735352293 0.000000
OBJECT 6 144.435594053 -37.735369459 0.000000
OBJECT 6 144.435235466 -37.734960327 0.000000
OBJECT 6 144.435131514 -37.734960327 0.000000
OBJECT 6 144.435037098 -37.734930762 0.000000
OBJECT 6 144.434845407 -37.734883555 0.000000
OBJECT 6 144.434750515 -37.734792477 0.000000
OBJECT 6 144.434578851 -37.734684234 0.000000
OBJECT 6 144.436428054 -37.734671836 0.000000
OBJECT 6 144.436335069 -37.734649901 0.000000
OBJECT 6 144.436449512 -37.734797723 0.000000
OBJECT 6 144.436363680 -37.735302701 0.000000
OBJECT 6 144.436339361 -37.735389010 0.000000
OBJECT 6 144.436354620 -37.735522049 0.000000
OBJECT 6 144.436334592 -37.735647936 0.000000
OBJECT 6 144.436299306 -37.735805772 0.000000
OBJECT 6 144.436239700 -37.735879683 0.000000
OBJECT 6 144.436107137 -37.735854887 0.000000
OBJECT 6 144.435917830 -37.735852502 0.000000
OBJECT 6 144.435162032 -37.735695144 0.000000
OBJECT 6 144.435510128 -37.735759041 0.000000
OBJECT 6 144.434831579 -37.735613603 0.000000
OBJECT 6 144.434538796 -37.735554475 0.000000
OBJECT 6 144.434677081 -37.735578794 0.000000
OBJECT 6 144.435476272 -37.734247921 0.000000
OBJECT 6 144.433076791 -37.735450523 0.000000
OBJECT 6 144.433143072 -37.735242618 0.000000
OBJECT 6 144.432648585 -37.735170615 0.000000
OBJECT 6 144.432501717 -37.735154879 0.000000
OBJECT 6 144.432924678 -37.735412375 0.000000
OBJECT 6 144.432703422 -37.735378042 0.000000
OBJECT 6 144.432531281 -37.735331312 0.000000
OBJECT 6 144.432336252 -37.735292687 0.000000
OBJECT 6 144.432159819 -37.735251202 0.000000
OBJECT 6 144.432022011 -37.735237373 0.000000
OBJECT 6 144.431766899 -37.735173476 0.000000
OBJECT 6 144.431637675 -37.735169661 0.000000
OBJECT 6 144.431516556 -37.735142481 0.000000
OBJECT 6 144.431408789 -37.735108148 0.000000
OBJECT 6 144.432161250 -37.735068570 0.000000
OBJECT 6 144.431953346 -37.735047589 0.000000
OBJECT 6 144.431784543 -37.735027085 0.000000
OBJECT 6 144.431573777 -37.734946498 0.000000
OBJECT 6 144.431365873 -37.734933146 0.000000
OBJECT 6 144.431203269 -37.734887846 0.000000
OBJECT 6 144.431041619 -37.734862097 0.000000
OBJECT 6 144.430890459 -37.734822042 0.000000
OBJECT 6 144.430749313 -37.734807259 0.000000
OBJECT 6 144.430601015 -37.734753376 0.000000
OBJECT 6 144.430468929 -37.734707599 0.000000
OBJECT 6 144.430312047 -37.734969387 0.000000
OBJECT 6 144.430771725 -37.734298943 0.000000
OBJECT 6 144.430569066 -37.734307527 0.000000
OBJECT 6 144.430898089 -37.734163043 0.000000
OBJECT 6 144.430722133 -37.734105344 0.000000
OBJECT 6 144.431137465 -37.735111009 0.000000
OBJECT 6 144.431040188 -37.735187304 0.000000
OBJECT 6 144.430662528 -37.735076200 0.000000
OBJECT 6 144.430564775 -37.735385672 0.000000
OBJECT 6 144.430209525 -37.735351339 0.000000
OBJECT 6 144.430293927 -37.735375658 0.000000
OBJECT 6 144.430384527 -37.735458152 0.000000
OBJECT 6 144.430855173 -37.735531109 0.000000
OBJECT 6 144.430533303 -37.735481994 0.000000
OBJECT 6 144.430731670 -37.735390440 0.000000
OBJECT 6 144.430972000 -37.735316529 0.000000
OBJECT 6 144.430903334 -37.735408560 0.000000
OBJECT 6 144.430281529 -37.734734779 0.000000
OBJECT 6 144.430557622 -37.735803864 0.000000
OBJECT 6 144.430716411 -37.735813401 0.000000
OBJECT 6 144.429984932 -37.735554952 0.000000
OBJECT 6 144.430092699 -37.735799096 0.000000
OBJECT 6 144.429922942 -37.735695621 0.000000
OBJECT 6 144.430521859 -37.734403849 0.000000
OBJECT 6 144.430450809 -37.734512570 0.000000
OBJECT 6 144.430333982 -37.734610800 0.000000
OBJECT 6 144.430953880 -37.733723392 0.000000
OBJECT 6 144.431172274 -37.733728161 0.000000
OBJECT 6 144.431249523 -37.733679046 0.000000
OBJECT 6 144.431046387 -37.733947986 0.000000
OBJECT 6 144.430991550 -37.734095331 0.000000
OBJECT 6 144.431569009 -37.733738174 0.000000
OBJECT 6 144.431445506 -37.733681430 0.000000
OBJECT 6 144.429900053 -37.734334707 0.000000
OBJECT 6 144.420704585 -37.740498875 0.000000
OBJECT 6 144.421650645 -37.740331502 0.000000
OBJECT 6 144.421886206 -37.740659571 0.000000
OBJECT 6 144.421448939 -37.740425441 0.000000
OBJECT 6 144.420701724 -37.740639544 0.000000
OBJECT 6 144.420835241 -37.740742065 0.000000
OBJECT 6 144.421015488 -37.740856508 0.000000
OBJECT 6 144.421194305 -37.740735866 0.000000
OBJECT 6 144.421238174 -37.740990978 0.000000
OBJECT 6 144.421694514 -37.740941386 0.000000
OBJECT 6 144.421513313 -37.741123064 0.000000
OBJECT 6 144.423854143 -37.741005760 0.000000
OBJECT 6 144.423785954 -37.741140707 0.000000
OBJECT 6 144.423914225 -37.741128786 0.000000
OBJECT 6 144.421109903 -37.741117342 0.000000
OBJECT 6 144.420758469 -37.740923743 0.000000
OBJECT 6 144.421379320 -37.741219863 0.000000
OBJECT 6 144.421278229 -37.740557050 0.000000
OBJECT 6 144.421452754 -37.741419184 0.000000
OBJECT 6 144.416936561 -37.738293469 0.000000
OBJECT 6 144.416469730 -37.738809415 0.000000
OBJECT 6 144.415866522 -37.738774128 0.000000
OBJECT 6 144.415981918 -37.738885710 0.000000
OBJECT 6 144.415902762 -37.739260986 0.000000
OBJECT 6 144.416086347 -37.739313439 0.000000
OBJECT 6 144.414908064 -37.738287270 0.000000
OBJECT 6 144.414440280 -37.739190414 0.000000
OBJECT 6 144.414209964 -37.738967727 0.000000
OBJECT 6 144.414257172 -37.739219501 0.000000
OBJECT 6 144.414010643 -37.739260986 0.000000
OBJECT 6 144.415692473 -37.740046349 0.000000
OBJECT 6 144.415824083 -37.732208934 0.000000
OBJECT 6 144.415705348 -37.732571336 0.000000
OBJECT 6 144.416060121 -37.733275635 0.000000
OBJECT 6 144.411712253 -37.735896849 0.000000
OBJECT 6 144.421821832 -37.729196708 0.000000
OBJECT 6 144.421752689 -37.728072786 0.000000
OBJECT 6 144.422652018 -37.727875849 0.000000
OBJECT 6 144.423217079 -37.726904994 0.000000
OBJECT 6 144.432090200 -37.728714618 0.000000
OBJECT 6 144.432065881 -37.728835737 0.000000
OBJECT 6 144.432037270 -37.728968776 0.000000
OBJECT 6 144.432036793 -37.729081788 0.000000
OBJECT 6 144.432026303 -37.729192893 0.000000
OBJECT 6 144.431984340 -37.729296845 0.000000
OBJECT 6 144.431990539 -37.729449435 0.000000
OBJECT 6 144.432151236 -37.729570077 0.000000
OBJECT 6 144.431871328 -37.729725528 0.000000
OBJECT 6 144.431818399 -37.729957275 0.000000
OBJECT 6 144.431976711 -37.730105097 0.000000
OBJECT 6 144.432331483 -37.730201419 0.000000
OBJECT 6 144.432468338 -37.730223354 0.000000
OBJECT 6 144.432591363 -37.730179007 0.000000
OBJECT 6 144.432672904 -37.730077916 0.000000
OBJECT 6 144.432741569 -37.729972057 0.000000
OBJECT 6 144.432742046 -37.729860952 0.000000
OBJECT 6 144.432667182 -37.729740311 0.000000
OBJECT 6 144.432583257 -37.729705501 0.000000
OBJECT 6 144.432466430 -37.729671168 0.000000
OBJECT 6 144.437504292 -37.733435378 0.000000
OBJECT 6 144.437821870 -37.733404383 0.000000
OBJECT 6 144.437705520 -37.733508335 0.000000
OBJECT 6 144.437659743 -37.733822576 0.000000
OBJECT 6 144.437510014 -37.733778229 0.000000
OBJECT 6 144.437684062 -37.733312829 0.000000
OBJECT 6 144.437528611 -37.734013790 0.000000
OBJECT 6 144.437684062 -37.733312829 0.000000
OBJECT 6 144.437613966 -37.733318074 0.000000
OBJECT 7 144.429266804 -37.729231518 0.000000
OBJECT 7 144.429290169 -37.729221027 0.000000
OBJECT 7 144.429281586 -37.729263943 0.000000
OBJECT 7 144.429167144 -37.729111353 0.000000
OBJECT 7 144.429189555 -37.729116598 0.000000
OBJECT 7 144.429170005 -37.729139487 0.000000
OBJECT 7 144.429198615 -37.729143778 0.000000
OBJECT 8 144.432417792 -37.734996090 15.000000
OBJECT 8 144.431790265 -37.734822995 15.000000
OBJECT 9 144.436248283 -37.735111963 19.000000
OBJECT 10 144.434892615 -37.735545415 22.990000
OBJECT 10 144.434848745 -37.735524434 22.990000
OBJECT 10 144.434796769 -37.735519665 22.990000
OBJECT 10 144.434751469 -37.735482471 22.990000
OBJECT 10 144.434695678 -37.735499638 22.990000
OBJECT 10 144.434664683 -37.735459106 22.990000
OBJECT 10 144.434622721 -37.735438125 22.990000
OBJECT 10 144.434557393 -37.735453861 22.990000
OBJECT 10 144.434493973 -37.735445754 22.990000
OBJECT 10 144.434328985 -37.734812028 22.990000
OBJECT 10 144.434363317 -37.734873541 22.990000
OBJECT 10 144.434430552 -37.734854944 22.990000
OBJECT 10 144.434484436 -37.734884985 22.990000
OBJECT 10 144.434534981 -37.734904059 22.990000
OBJECT 10 144.434665160 -37.734960803 22.990000
OBJECT 10 144.434386206 -37.735436694 22.990000
OBJECT 10 144.434291791 -37.735416190 22.990000
OBJECT 10 144.434165427 -37.735375181 22.990000
OBJECT 10 144.434122511 -37.735360399 22.990000
OBJECT 10 144.434077687 -37.735348955 22.990000
OBJECT 10 144.434041924 -37.735335126 16.000000
OBJECT 10 144.433993286 -37.735315576 22.990000
OBJECT 10 144.433950370 -37.735317960 22.990000
OBJECT 10 144.433915560 -37.735307946 16.000000
OBJECT 10 144.433879797 -37.735300793 16.000000
OBJECT 10 144.433745327 -37.735276951 16.000000
OBJECT 10 144.433701457 -37.735288872 16.000000
OBJECT 10 144.433662356 -37.735276951 16.000000
OBJECT 10 144.436029412 -37.735714694 22.990000
OBJECT 10 144.435990787 -37.735695621 22.990000
OBJECT 10 144.435934997 -37.735669871 22.990000
OBJECT 10 144.435873484 -37.735649844 22.990000
OBJECT 10 144.435833906 -37.735636969 22.990000
OBJECT 10 144.435777161 -37.735663672 22.990000
OBJECT 10 144.436147192 -37.735543507 7.000000
OBJECT 10 144.436107137 -37.735543507 7.000000
OBJECT 10 144.436059453 -37.735530632 7.000000
OBJECT 10 144.436022736 -37.735514897 7.000000
OBJECT 10 144.435974575 -37.735510128 7.000000
OBJECT 10 144.435855840 -37.735479133 14.000000
OBJECT 10 144.435819123 -37.735478656 14.000000
OBJECT 10 144.435778115 -37.735486286 14.000000
OBJECT 10 144.435731861 -37.735479610 14.000000
OBJECT 10 144.435686084 -37.735473888 14.000000
OBJECT 10 144.435541123 -37.735521096 14.000000
OBJECT 10 144.435511082 -37.735495346 14.000000
OBJECT 10 144.431500343 -37.733866445 16.000000
OBJECT 10 144.431459812 -37.733865492 16.000000
OBJECT 10 144.431423571 -37.733845941 16.000000
OBJECT 10 144.431381132 -37.733846895 16.000000
OBJECT 10 144.431348230 -37.733826390 16.000000
OBJECT 10 144.431315328 -37.733800164 16.000000
OBJECT 10 144.431273365 -37.733809701 16.000000
OBJECT 10 144.431243324 -37.733791581 16.000000
OBJECT 10 144.431224727 -37.733835927 296.000000
OBJECT 10 144.431223297 -37.733879320 296.000000
OBJECT 10 144.431199931 -37.733905547 296.000000
OBJECT 10 144.430967708 -37.733835927 227.000000
OBJECT 10 144.430928130 -37.733914130 227.000000
OBJECT 11 144.435709926 -37.734944591 16.000000
OBJECT 11 144.435738060 -37.734948882 16.000000
OBJECT 11 144.435765240 -37.734955081 16.000000
OBJECT 12 144.435840105 -37.734711414 16.000000
OBJECT 12 144.431565671 -37.733454929 16.000000
OBJECT 12 144.431298161 -37.733392462 16.000000
OBJECT 13 144.431445983 -37.733316644 293.000000
OBJECT 13 144.431095979 -37.733334764 293.000000
OBJECT 13 144.431309129 -37.733379587 293.000000
OBJECT 14 144.432332437 -37.733520256 0.000000
OBJECT 14 144.431188487 -37.733024815 299.000000
OBJECT 14 144.431300069 -37.733025292 299.000000
OBJECT 14 144.431366827 -37.733111601 299.000000
OBJECT 14 144.430839914 -37.733202201 0.000000
FILTER -1
OBJECT_DEF lib/airport/Common_Elements/Misc_Buildings/Small_Office_1.agp
OBJECT_DEF lib/airport/Common_Elements/Hangars/Sm_Gray_Hangar.agp
OBJECT_DEF lib/airport/Common_Elements/Hangars/Sm_Blue_Hangar.agp
OBJECT_DEF lib/airport/Common_Elements/Fueling_Stations/Covered_Station.agp
OBJECT_DEF lib/airport/Common_Elements/Hangars/Med_Blue_Hangar.agp
OBJECT_DEF lib/industrial_area/storage_tanks/silo_260_2.obj
OBJECT_DEF lib/airport/Common_Elements/Miscellaneous/Tree.obj
OBJECT_DEF lib/airport/Ramp_Equipment/Cargo_Palette_1.obj
OBJECT_DEF lib/airport/Vintage_Airports/Hangars/Corrugated_Row.agp
OBJECT_DEF lib/airport/Common_Elements/Miscellaneous/Const_Trailer.agp
OBJECT_DEF lib/airport/Common_Elements/Vehicles/Cargo_Trailer.obj
OBJECT_DEF lib/industrial_area/storage_tanks/oiltank_m13_1.obj
OBJECT_DEF lib/airport/Common_Elements/Parking_Items/7_Single_Spaces.agp
OBJECT_DEF lib/airport/Common_Elements/Vehicles/sailplane_trailer/sailplane_trailer_10m.obj
OBJECT_DEF lib/airport/aircraft/cargo/prop_a.obj
PROPERTY sim/filter/aptid YBSS
PROPERTY sim/require_agpoint 1/0
PROPERTY sim/require_object 1/0
