PROPERTY sim/west -180
PROPERTY sim/east 180
PROPERTY sim/north 90
PROPERTY sim/south -90
PROPERTY sim/planet earth
PROPERTY sim/creation_agent WorldEditor1.7.0r3
PROPERTY laminar/internal_revision 0
PROPERTY sim/overlay 1
FILTER 0
BEGIN_POLYGON 0 0 4
BEGIN_WINDING
POLYGON_POINT 151.282601068 -31.806645376 151.282601068 -31.806645376
POLYGON_POINT 151.282601068 -31.806645376 151.284459218 -31.810751994
POLYGON_POINT 151.295241851 -31.815271832 151.300023871 -31.818088637
POLYGON_POINT 151.303244192 -31.814098534 151.300618069 -31.811045965
POLYGON_POINT 151.303244192 -31.814098534 151.303244192 -31.814098534
POLYGON_POINT 151.303244192 -31.814098534 151.302706382 -31.813327751
POLYGON_POINT 151.303293032 -31.811934651 151.303778416 -31.811811448
POLYGON_POINT 151.303293032 -31.811934651 151.303293032 -31.811934651
POLYGON_POINT 151.303293032 -31.811934651 151.303631270 -31.811848797
POLYGON_POINT 151.304910957 -31.811880714 151.305531290 -31.812251934
POLYGON_POINT 151.304910957 -31.811880714 151.304910957 -31.811880714
POLYGON_POINT 151.304910957 -31.811880714 151.305586557 -31.812285007
POLYGON_POINT 151.306690466 -31.813532047 151.307152143 -31.813652747
POLYGON_POINT 151.306690466 -31.813532047 151.306690466 -31.813532047
POLYGON_POINT 151.306690466 -31.813532047 151.307560979 -31.813759634
POLYGON_POINT 151.307544099 -31.812649916 151.307570420 -31.812627545
POLYGON_POINT 151.307544099 -31.812649916 151.307544099 -31.812649916
POLYGON_POINT 151.307544099 -31.812649916 151.307615589 -31.812589154
POLYGON_POINT 151.313594025 -31.809888710 151.315361808 -31.809274202
POLYGON_POINT 151.321267961 -31.804832402 151.321267961 -31.804832402
POLYGON_POINT 151.308192338 -31.784374456 151.297434904 -31.780677820
POLYGON_POINT 151.308192338 -31.784374456 151.308192338 -31.784374456
POLYGON_POINT 151.308192338 -31.784374456 151.302465289 -31.781846221
POLYGON_POINT 151.287241321 -31.782286801 151.278153270 -31.783088502
POLYGON_POINT 151.287241321 -31.782286801 151.287241321 -31.782286801
POLYGON_POINT 151.287241321 -31.782286801 151.285043480 -31.782689979
POLYGON_POINT 151.282024241 -31.794679815 151.282024241 -31.794679815
POLYGON_POINT 151.282601068 -31.806645376 151.284459218 -31.810751994
END_WINDING
END_POLYGON
BEGIN_POLYGON 0 0 4
BEGIN_WINDING
POLYGON_POINT 151.305559021 -31.828953466 151.305559021 -31.828953466
POLYGON_POINT 151.305434884 -31.830236914 151.305434884 -31.830236914
POLYGON_POINT 151.305186610 -31.830922591 151.305186610 -31.830922591
POLYGON_POINT 151.305062473 -31.831766502 151.305062473 -31.831766502
POLYGON_POINT 151.305683158 -31.832311528 151.305683158 -31.832311528
POLYGON_POINT 151.307027976 -31.832293946 151.307027976 -31.832293946
POLYGON_POINT 151.307896935 -31.831959898 151.307896935 -31.831959898
POLYGON_POINT 151.308621068 -31.830817103 151.308621068 -31.830817103
POLYGON_POINT 151.308848653 -31.829744633 151.308775371 -31.829103191
POLYGON_POINT 151.308848653 -31.828900722 151.308848653 -31.828900722
POLYGON_POINT 151.310067338 -31.827842497 151.310622393 -31.827497203
POLYGON_POINT 151.312746097 -31.826619205 151.312716186 -31.825534068
POLYGON_POINT 151.313982638 -31.824963800 151.313982638 -31.824963800
POLYGON_POINT 151.315814454 -31.824852634 151.315814454 -31.824852634
POLYGON_POINT 151.321218400 -31.825204835 151.321218400 -31.825204835
POLYGON_POINT 151.324423318 -31.823564491 151.324727183 -31.823300568
POLYGON_POINT 151.323292103 -31.816546689 151.323361163 -31.814885925
POLYGON_POINT 151.321199727 -31.814290517 151.321199727 -31.814255354
POLYGON_POINT 151.320270672 -31.814086144 151.320270672 -31.814086144
POLYGON_POINT 151.318952179 -31.814732715 151.318952179 -31.814732715
POLYGON_POINT 151.317612461 -31.815033834 151.317612461 -31.815033834
POLYGON_POINT 151.315489567 -31.814475517 151.315489567 -31.814475517
POLYGON_POINT 151.313810896 -31.814527489 151.313033523 -31.814511911
POLYGON_POINT 151.313810896 -31.814527489 151.313810896 -31.814527489
POLYGON_POINT 151.313810896 -31.814527489 151.313242389 -31.814516097
POLYGON_POINT 151.312347859 -31.814370214 151.312256800 -31.814368020
POLYGON_POINT 151.312347859 -31.814370214 151.312347859 -31.814370214
POLYGON_POINT 151.312347859 -31.814370214 151.312265106 -31.814405377
POLYGON_POINT 151.309605565 -31.813563103 151.309605565 -31.813563103
POLYGON_POINT 151.308722504 -31.813935751 151.308660439 -31.813988495
POLYGON_POINT 151.307511640 -31.814499521 151.307511640 -31.814499521
POLYGON_POINT 151.306077216 -31.814492632 151.306077216 -31.814492632
POLYGON_POINT 151.304791576 -31.812913989 151.304791576 -31.812913989
POLYGON_POINT 151.304094866 -31.812783178 151.304094866 -31.812783178
POLYGON_POINT 151.303941697 -31.813422531 151.303941697 -31.813422531
POLYGON_POINT 151.304848024 -31.815235766 151.304848024 -31.815235766
POLYGON_POINT 151.304824078 -31.815815710 151.304800132 -31.815836059
POLYGON_POINT 151.304273310 -31.816517748 151.304273310 -31.816517748
POLYGON_POINT 151.303483078 -31.817189263 151.303483078 -31.817209612
POLYGON_POINT 151.303052042 -31.817931999 151.303052042 -31.817931999
POLYGON_POINT 151.303064015 -31.818613688 151.303064015 -31.818613688
POLYGON_POINT 151.302956817 -31.820428416 151.302956817 -31.820428416
POLYGON_POINT 151.302840406 -31.821424666 151.302840406 -31.821467060
POLYGON_POINT 151.303106489 -31.822187751 151.303106489 -31.822187751
POLYGON_POINT 151.304062726 -31.822541031 151.304062726 -31.822541031
POLYGON_POINT 151.304992226 -31.822735106 151.304992226 -31.822739195
POLYGON_POINT 151.305608181 -31.822955906 151.305608181 -31.822955906
POLYGON_POINT 151.306033212 -31.823845825 151.306033212 -31.823845825
POLYGON_POINT 151.305950056 -31.824474664 151.305950056 -31.824474664
POLYGON_POINT 151.306049843 -31.825082305 151.306049843 -31.825082305
POLYGON_POINT 151.305883531 -31.826120948 151.305883531 -31.826120948
END_WINDING
END_POLYGON
FILTER -1
FILTER 0
FILTER -1
FILTER 0
FILTER -1
FILTER 0
FILTER -1
FILTER 0
FILTER -1
FILTER 0
OBJECT 0 151.308082664 -31.824226626 103.180000
BEGIN_POLYGON 1 10 3
BEGIN_WINDING
POLYGON_POINT 151.305518905 -31.821930455 0.000000000
POLYGON_POINT 151.305398217 -31.821928444 0.000000000
POLYGON_POINT 151.305402950 -31.822165710 0.000000000
POLYGON_POINT 151.305483408 -31.822539705 0.000000000
POLYGON_POINT 151.305540202 -31.822851368 0.000000000
POLYGON_POINT 151.305798142 -31.823054452 0.000000000
POLYGON_POINT 151.306226464 -31.822976033 0.000000000
POLYGON_POINT 151.306602725 -31.822760885 0.000000000
POLYGON_POINT 151.306903260 -31.822583941 0.000000000
POLYGON_POINT 151.307047611 -31.822507534 0.000000000
POLYGON_POINT 151.307151734 -31.822366783 0.000000000
POLYGON_POINT 151.307128070 -31.822290375 0.000000000
END_WINDING
END_POLYGON
BEGIN_POLYGON 1 10 3
BEGIN_WINDING
POLYGON_POINT 151.308571012 -31.826504809 0.000000000
POLYGON_POINT 151.308690282 -31.826134191 0.000000000
POLYGON_POINT 151.308761843 -31.825911241 0.000000000
POLYGON_POINT 151.308843628 -31.825656442 0.000000000
POLYGON_POINT 151.308922005 -31.825392956 0.000000000
POLYGON_POINT 151.309041275 -31.825031025 0.000000000
POLYGON_POINT 151.309123060 -31.824787807 0.000000000
POLYGON_POINT 151.309228699 -31.824457726 0.000000000
POLYGON_POINT 151.309327522 -31.824171077 0.000000000
POLYGON_POINT 151.309439977 -31.823864159 0.000000000
POLYGON_POINT 151.309501315 -31.823684641 0.000000000
POLYGON_POINT 151.309095798 -31.823696223 0.000000000
POLYGON_POINT 151.308772067 -31.823719387 0.000000000
POLYGON_POINT 151.308444309 -31.823725969 0.000000000
POLYGON_POINT 151.308207011 -31.823734130 0.000000000
POLYGON_POINT 151.307989656 -31.823740032 0.000000000
END_WINDING
END_POLYGON
BEGIN_POLYGON 1 10 3
BEGIN_WINDING
POLYGON_POINT 151.308571012 -31.826504809 0.000000000
POLYGON_POINT 151.308363142 -31.826475854 0.000000000
POLYGON_POINT 151.308022372 -31.826426631 0.000000000
POLYGON_POINT 151.307800871 -31.826391886 0.000000000
POLYGON_POINT 151.307582778 -31.826357141 0.000000000
POLYGON_POINT 151.307316977 -31.826322395 0.000000000
END_WINDING
END_POLYGON
BEGIN_POLYGON 1 10 3
BEGIN_WINDING
POLYGON_POINT 151.305855072 -31.826116818 0.000000000
POLYGON_POINT 151.306124280 -31.826157355 0.000000000
POLYGON_POINT 151.306465051 -31.826200786 0.000000000
POLYGON_POINT 151.306809229 -31.826250009 0.000000000
POLYGON_POINT 151.307003468 -31.826281859 0.000000000
POLYGON_POINT 151.307105699 -31.825890973 0.000000000
POLYGON_POINT 151.307221561 -31.825419015 0.000000000
POLYGON_POINT 151.307337423 -31.824987593 0.000000000
POLYGON_POINT 151.307434769 -31.824600848 0.000000000
END_WINDING
END_POLYGON
BEGIN_POLYGON 1 10 3
BEGIN_WINDING
POLYGON_POINT 151.307316977 -31.826322395 0.000000000
POLYGON_POINT 151.307432839 -31.825879392 0.000000000
POLYGON_POINT 151.307555516 -31.825410329 0.000000000
POLYGON_POINT 151.307638153 -31.825090796 0.000000000
POLYGON_POINT 151.307759126 -31.824627289 0.000000000
POLYGON_POINT 151.307990796 -31.824672864 0.000000000
POLYGON_POINT 151.308060412 -31.824416869 0.000000000
POLYGON_POINT 151.308117473 -31.824204509 0.000000000
POLYGON_POINT 151.307881238 -31.824161843 0.000000000
POLYGON_POINT 151.307989656 -31.823740032 0.000000000
POLYGON_POINT 151.308063836 -31.823479188 0.000000000
POLYGON_POINT 151.308037587 -31.823472401 0.000000000
POLYGON_POINT 151.308076281 -31.823313196 0.000000000
POLYGON_POINT 151.308099313 -31.823228303 0.000000000
POLYGON_POINT 151.308147145 -31.823119437 0.000000000
END_WINDING
END_POLYGON
BEGIN_POLYGON 1 10 3
BEGIN_WINDING
POLYGON_POINT 151.305886947 -31.824464021 0.000000000
POLYGON_POINT 151.306099929 -31.824488150 0.000000000
POLYGON_POINT 151.306438333 -31.824514289 0.000000000
POLYGON_POINT 151.306809869 -31.824548472 0.000000000
POLYGON_POINT 151.307145907 -31.824582654 0.000000000
POLYGON_POINT 151.307434769 -31.824600848 0.000000000
POLYGON_POINT 151.307532026 -31.824200162 0.000000000
POLYGON_POINT 151.307620768 -31.823863365 0.000000000
POLYGON_POINT 151.307725286 -31.823454516 0.000000000
POLYGON_POINT 151.307652320 -31.823439436 0.000000000
END_WINDING
END_POLYGON
OBJECT 1 151.307921151 -31.823121114 38.160000
OBJECT 1 151.307908710 -31.823130902 36.869999
OBJECT 1 151.307895193 -31.823132468 230.190002
OBJECT 1 151.307882291 -31.823128683 107.820000
OBJECT 2 151.307548386 -31.823194641 146.889999
OBJECT 3 151.307685976 -31.823351765 338.630005
OBJECT 3 151.307917128 -31.823126367 43.070000
OBJECT 4 151.307896765 -31.823118418 151.410004
OBJECT 5 151.307580918 -31.823155520 152.550003
OBJECT 6 151.307748613 -31.823161361 91.430000
OBJECT 6 151.310370616 -31.823332272 149.350006
OBJECT 6 151.310235730 -31.823406669 344.980011
OBJECT 6 151.310195500 -31.823402648 153.970001
OBJECT 7 151.307287922 -31.823283882 301.190002
OBJECT 8 151.307220228 -31.823306328 112.290001
OBJECT 9 151.307244444 -31.823207190 187.500000
OBJECT 10 151.307321494 -31.823340465 293.109985
OBJECT 11 151.306746524 -31.822530181 255.679993
OBJECT 12 151.305769114 -31.822583212 265.250000
OBJECT 12 151.305950120 -31.822542857 355.320007
OBJECT 13 151.305578671 -31.822047380 356.380005
OBJECT 11 151.307914506 -31.824431310 282.940002
OBJECT 11 151.307935048 -31.824352766 102.949997
OBJECT 14 151.307624116 -31.823336759 192.600006
OBJECT 14 151.307548212 -31.823255284 279.179993
OBJECT 11 151.311867252 -31.822628395 198.410004
OBJECT 11 151.311751747 -31.822595186 198.410004
OBJECT 11 151.311642049 -31.822563470 198.410004
OBJECT 15 151.311225811 -31.822846564 17.150000
OBJECT 15 151.311338667 -31.822540047 197.309998
OBJECT 16 151.311285827 -31.822683823 197.270004
OBJECT 11 151.309904126 -31.823824670 16.459999
OBJECT 17 151.310031904 -31.823526197 196.490005
OBJECT 18 151.309999542 -31.823613737 288.760010
OBJECT 19 151.310244455 -31.823775159 16.230000
OBJECT 19 151.310261336 -31.823721576 16.230000
OBJECT 19 151.310278534 -31.823672053 16.230000
OBJECT 15 151.310096182 -31.823762157 16.230000
OBJECT 15 151.310143707 -31.823623448 16.230000
OBJECT 20 151.309958694 -31.822695988 139.130005
OBJECT 21 151.314630225 -31.815057214 173.539993
OBJECT 22 151.315907181 -31.815248302 167.759995
OBJECT 12 151.314753370 -31.815387068 81.989998
OBJECT 23 151.315304843 -31.815355220 80.779999
OBJECT 24 151.315023753 -31.815555407 169.419998
OBJECT 25 151.316002152 -31.817354114 241.720001
OBJECT 25 151.316200260 -31.817925102 250.610001
OBJECT 25 151.316280574 -31.818284529 252.179993
OBJECT 25 151.316751749 -31.818022921 252.039993
OBJECT 25 151.317303239 -31.818000172 64.180000
OBJECT 25 151.317102454 -31.818653055 226.770004
OBJECT 25 151.316735687 -31.818887365 244.139999
OBJECT 25 151.316315377 -31.819092101 232.710007
OBJECT 25 151.316425139 -31.818639406 52.580002
OBJECT 25 151.316031601 -31.818819119 67.150002
OBJECT 26 151.314114778 -31.818325476 209.410004
OBJECT 26 151.314296822 -31.818434669 117.760002
OBJECT 26 151.314414615 -31.818509739 113.699997
OBJECT 26 151.314556503 -31.818580260 111.800003
OBJECT 26 151.314687681 -31.818634856 114.059998
OBJECT 26 151.314875080 -31.818625757 112.559998
OBJECT 26 151.315041061 -31.818880540 104.040001
OBJECT 26 151.315204366 -31.818593909 200.300003
OBJECT 26 151.315118698 -31.818214009 111.599998
OBJECT 26 151.313192921 -31.817881027 209.050003
OBJECT 26 151.313725865 -31.817854698 98.029999
OBJECT 26 151.313464041 -31.818062699 211.660004
OBJECT 26 151.313693331 -31.818152219 30.879999
OBJECT 26 151.314824288 -31.818092978 107.849998
OBJECT 26 151.314500493 -31.818060066 289.179993
OBJECT 26 151.314319230 -31.818045585 110.269997
OBJECT 26 151.314049659 -31.818033737 293.059998
OBJECT 26 151.313984591 -31.817870495 112.150002
OBJECT 26 151.313580235 -31.817832318 106.989998
OBJECT 26 151.313199118 -31.817704621 197.860001
OBJECT 26 151.313482632 -31.817707254 127.389999
OBJECT 26 151.313775441 -31.817551911 16.420000
OBJECT 26 151.313848256 -31.817330745 192.690002
OBJECT 26 151.313628262 -31.817407100 106.730003
OBJECT 27 151.313344748 -31.817205680 116.779999
OBJECT 27 151.313726379 -31.817174122 117.040001
OBJECT 27 151.313831814 -31.816952882 199.669998
OBJECT 27 151.314036229 -31.816993108 106.389999
OBJECT 27 151.313945856 -31.816790153 288.440002
OBJECT 27 151.313782324 -31.816577141 128.009995
OBJECT 27 151.313510507 -31.816848649 202.850006
OBJECT 27 151.313648218 -31.816741686 125.050003
OBJECT 27 151.313528797 -31.816619182 118.519997
OBJECT 27 151.313274390 -31.816711302 109.480003
OBJECT 28 151.313907000 -31.819715051 106.349998
OBJECT 22 151.311434928 -31.815400587 177.910004
OBJECT 29 151.311668469 -31.815445146 88.080002
OBJECT 11 151.310100805 -31.813927364 277.420013
OBJECT 24 151.309590029 -31.813840010 97.690002
OBJECT 30 151.311889629 -31.818210632 196.100006
OBJECT 30 151.311977010 -31.817954712 106.150002
OBJECT 30 151.311798531 -31.818468133 107.360001
OBJECT 30 151.311240130 -31.819937103 196.100006
OBJECT 30 151.311327510 -31.819681182 106.150002
OBJECT 30 151.311149031 -31.820194604 107.360001
OBJECT 11 151.310550214 -31.821185391 180.800003
OBJECT 24 151.307732737 -31.820235676 181.940002
OBJECT 24 151.307762711 -31.819992441 3.310000
OBJECT 31 151.308921626 -31.820012346 147.250000
OBJECT 32 151.309250627 -31.820419022 100.579987
OBJECT 32 151.309103153 -31.820396102 100.579987
OBJECT 32 151.308797976 -31.820347518 100.579987
OBJECT 32 151.308492483 -31.820298891 100.579987
OBJECT 33 151.310924072 -31.821348167 98.750000
OBJECT 13 151.304819156 -31.817575628 190.850006
OBJECT 34 151.304254283 -31.817564254 195.699997
OBJECT 34 151.304366722 -31.817325395 201.889999
OBJECT 35 151.304439004 -31.817998751 185.289993
OBJECT 12 151.304578215 -31.817655248 188.300003
OBJECT 21 151.308435589 -31.814911295 221.679993
OBJECT 36 151.306051601 -31.821041296 0.000000
OBJECT 36 151.305971144 -31.821075479 26.559999
OBJECT 36 151.305893053 -31.821141833 0.000000
OBJECT 36 151.305852825 -31.821210198 0.000000
OBJECT 36 151.305829161 -31.821294648 0.000000
OBJECT 36 151.305817329 -31.821395185 353.660004
OBJECT 36 151.305798398 -31.821459528 11.310000
OBJECT 36 151.305817329 -31.821541968 315.000000
OBJECT 36 151.305822062 -31.821624408 0.000000
OBJECT 36 151.305876489 -31.821706848 320.190002
OBJECT 36 151.305938014 -31.821773202 306.869995
OBJECT 36 151.305994807 -31.821837545 326.309998
OBJECT 36 151.306087096 -31.821891835 0.000000
OBJECT 36 151.306219613 -31.821936071 0.000000
OBJECT 36 151.306311902 -31.821972264 0.000000
OBJECT 36 151.306418389 -31.822014489 270.000000
OBJECT 36 151.306524876 -31.822046661 270.000000
OBJECT 36 151.306633729 -31.822090897 0.000000
OBJECT 36 151.306742583 -31.822125079 285.950012
OBJECT 36 151.306841971 -31.822161272 296.570007
OBJECT 36 151.306934259 -31.822201487 304.989990
OBJECT 36 151.307036014 -31.822235669 270.000000
OBJECT 36 151.307140134 -31.822263819 270.000000
OBJECT 36 151.307234786 -31.822304034 0.000000
OBJECT 36 151.307312877 -31.822344249 0.000000
OBJECT 36 151.307443028 -31.822378431 0.000000
OBJECT 36 151.307540050 -31.822428699 0.000000
OBJECT 36 151.307646537 -31.822466903 0.000000
OBJECT 36 151.307741193 -31.822517171 288.440002
OBJECT 36 151.307831115 -31.822547332 292.380005
OBJECT 36 151.307935236 -31.822575482 300.959991
OBJECT 36 151.308034625 -31.822603633 0.000000
OBJECT 36 151.308155310 -31.822643847 270.000000
OBJECT 36 151.308252332 -31.822676019 302.010010
OBJECT 36 151.308389583 -31.822728298 300.579987
OBJECT 36 151.308522100 -31.822768512 270.000000
OBJECT 36 151.308635687 -31.822806716 0.000000
OBJECT 36 151.308746907 -31.822834866 296.570007
OBJECT 36 151.308874692 -31.822858995 296.570007
OBJECT 36 151.308976447 -31.822869049 270.000000
OBJECT 36 151.309149193 -31.822867038 254.050003
OBJECT 36 151.309293543 -31.822832856 250.020004
OBJECT 36 151.309392931 -31.822812748 249.440002
OBJECT 36 151.309518349 -31.822732319 231.339996
OBJECT 36 151.309613005 -31.822649879 209.740005
OBJECT 36 151.309707660 -31.822569450 225.000000
OBJECT 36 151.309754988 -31.822458860 198.429993
OBJECT 36 151.309781018 -31.822380442 243.429993
OBJECT 36 151.309210719 -31.821548000 108.440002
OBJECT 36 151.309061634 -31.821509796 0.000000
OBJECT 36 151.308096153 -31.821236337 135.000000
OBJECT 36 151.307892644 -31.821190090 0.000000
OBJECT 36 151.307774325 -31.821155908 90.000000
OBJECT 36 151.307696235 -31.821127758 90.000000
OBJECT 36 151.307483261 -31.821067436 0.000000
OBJECT 36 151.307379141 -31.821039286 0.000000
OBJECT 36 151.307275020 -31.821023200 0.000000
OBJECT 36 151.307147236 -31.821001082 90.000000
OBJECT 36 151.307033650 -31.820982985 90.000000
OBJECT 36 151.306931896 -31.820974942 81.870003
OBJECT 36 151.306830141 -31.820960867 0.000000
OBJECT 36 151.306723654 -31.820966900 0.000000
OBJECT 36 151.306579306 -31.820962878 90.000000
OBJECT 36 151.306487017 -31.820966900 90.000000
OBJECT 36 151.306361599 -31.820984996 0.000000
OBJECT 36 151.306255112 -31.820997060 80.540001
OBJECT 36 151.306117862 -31.821037275 30.959999
OBJECT 36 151.306361599 -31.821103629 45.000000
OBJECT 36 151.306463353 -31.821087543 90.000000
OBJECT 36 151.306316638 -31.821113683 0.000000
OBJECT 36 151.306248013 -31.821121726 0.000000
OBJECT 36 151.306139160 -31.821149876 0.000000
OBJECT 36 151.306098931 -31.821194112 18.430000
OBJECT 36 151.306023207 -31.821256444 270.000000
OBJECT 36 151.305961681 -31.821354970 23.200001
OBJECT 36 151.305947483 -31.821425346 0.000000
OBJECT 36 151.305956949 -31.821507785 329.040009
OBJECT 36 151.305990078 -31.821606311 318.369995
OBJECT 36 151.306046864 -31.821678697 0.000000
OBJECT 36 151.306108390 -31.821737009 333.440002
OBJECT 36 151.306181748 -31.821785266 315.000000
OBJECT 36 151.306245640 -31.821815427 315.000000
OBJECT 36 151.306359227 -31.821859663 0.000000
OBJECT 36 151.306468081 -31.821891835 279.459991
OBJECT 36 151.306581667 -31.821942103 0.000000
OBJECT 36 151.306655025 -31.821974275 321.339996
OBJECT 36 151.306773345 -31.822014489 306.029999
OBJECT 36 151.306872733 -31.822046661 180.000000
OBJECT 36 151.307002884 -31.822088886 323.970001
OBJECT 36 151.307123570 -31.822123068 298.809998
OBJECT 36 151.307239523 -31.822167304 288.440002
OBJECT 36 151.307350743 -31.822209530 0.000000
OBJECT 36 151.307504558 -31.822261809 315.000000
OBJECT 36 151.307589748 -31.822306045 0.000000
OBJECT 36 151.307703334 -31.822340227 320.190002
OBJECT 36 151.307835852 -31.822386474 303.690002
OBJECT 36 151.307921042 -31.822430710 0.000000
OBJECT 36 151.308046461 -31.822468914 333.440002
OBJECT 36 151.308169513 -31.822519182 302.470001
OBJECT 36 151.308292565 -31.822547332 315.000000
OBJECT 36 151.308396686 -31.822593579 0.000000
OBJECT 36 151.308515005 -31.822633793 333.440002
OBJECT 36 151.308614393 -31.822667976 296.570007
OBJECT 36 151.308739812 -31.822712212 326.309998
OBJECT 36 151.308822635 -31.822730308 0.000000
OBJECT 36 151.308948054 -31.822736341 0.000000
OBJECT 36 151.309078205 -31.822736341 270.000000
OBJECT 36 151.309165761 -31.822724276 270.000000
OBJECT 36 151.309407133 -31.822629772 0.000000
OBJECT 36 151.309506521 -31.822561407 225.000000
OBJECT 36 151.309558581 -31.822472935 180.000000
OBJECT 36 151.309608276 -31.822414624 180.000000
OBJECT 36 151.309631939 -31.822259798 0.000000
OBJECT 36 151.309634306 -31.822185401 180.000000
OBJECT 36 151.309622474 -31.822086875 0.000000
OBJECT 36 151.309572780 -31.822006446 135.000000
OBJECT 36 151.309518353 -31.821934060 180.000000
OBJECT 36 151.309449728 -31.821873738 120.959999
OBJECT 36 151.309383469 -31.821811406 90.000000
OBJECT 36 151.309291180 -31.821769180 108.440002
OBJECT 36 151.309208356 -31.821716901 124.699997
OBJECT 36 151.309061640 -31.821650547 111.800003
OBJECT 36 151.308940955 -31.821618376 111.800003
OBJECT 36 151.308784773 -31.821570118 102.089996
OBJECT 36 151.308685385 -31.821541968 108.440002
OBJECT 36 151.308583630 -31.821503764 119.750000
OBJECT 36 151.308467677 -31.821469582 90.000000
OBJECT 36 151.308373022 -31.821443442 109.980003
OBJECT 36 151.308264168 -31.821415292 118.070000
OBJECT 36 151.308152948 -31.821391163 0.000000
OBJECT 36 151.308065392 -31.821363013 110.559998
OBJECT 36 151.307949439 -31.821328831 90.000000
OBJECT 36 151.307857150 -31.821310734 97.589996
OBJECT 36 151.307760128 -31.821270520 116.570000
OBJECT 36 151.307682037 -31.821250412 108.440002
OBJECT 36 151.307580282 -31.821224273 99.459999
OBJECT 36 151.307485627 -31.821202155 77.470001
OBJECT 36 151.307381506 -31.821169983 97.129997
OBJECT 36 151.307275019 -31.821141833 98.750000
OBJECT 36 151.307130669 -31.821111672 108.440002
OBJECT 36 151.307014716 -31.821105640 95.190002
OBJECT 36 151.306917694 -31.821097597 97.589996
OBJECT 36 151.306823039 -31.821085533 94.760002
OBJECT 36 151.306626629 -31.821075479 81.870003
OBJECT 36 151.306550904 -31.821081511 90.000000
OBJECT 37 151.305504488 -31.822198513 187.119995
OBJECT 37 151.306125004 -31.822030114 270.000000
OBJECT 37 151.306233465 -31.822049663 0.000000
OBJECT 37 151.306097067 -31.821942145 161.570007
OBJECT 37 151.305983676 -31.821939352 107.099998
OBJECT 37 151.306036263 -31.822011962 257.470001
OBJECT 37 151.306060913 -31.822645900 104.930000
OBJECT 37 151.305753607 -31.822918186 219.809998
OBJECT 37 151.305960669 -31.822662656 240.250000
OBJECT 37 151.305730600 -31.822673827 177.610001
OBJECT 37 151.305645146 -31.822581668 270.000000
OBJECT 37 151.305597489 -31.822620766 153.440002
OBJECT 37 151.304811245 -31.821891433 0.000000
OBJECT 37 151.305032740 -31.822088323 0.000000
OBJECT 37 151.304985033 -31.822013041 0.000000
OBJECT 37 151.305134968 -31.822201246 0.000000
OBJECT 37 151.305421207 -31.823489720 204.440002
OBJECT 37 151.305506398 -31.823234921 146.309998
OBJECT 37 151.305482544 -31.823177012 161.570007
OBJECT 37 151.305455283 -31.823153848 90.000000
OBJECT 37 151.305387131 -31.823078567 0.000000
OBJECT 37 151.305387131 -31.823064089 180.000000
OBJECT 37 151.305387131 -31.823026449 180.000000
OBJECT 37 151.305370093 -31.822965644 180.000000
OBJECT 37 151.305363278 -31.822907735 180.000000
OBJECT 37 151.305370093 -31.822849826 180.000000
OBJECT 37 151.305244012 -31.822722426 134.059998
OBJECT 37 151.305213343 -31.822629772 165.960007
OBJECT 37 151.305203120 -31.822545804 180.000000
OBJECT 37 151.305209935 -31.822508163 180.000000
OBJECT 37 151.305162229 -31.822450254 145.490005
OBJECT 37 151.305121338 -31.822351809 180.000000
OBJECT 37 151.305175859 -31.822302586 203.199997
OBJECT 37 151.305077039 -31.822180977 136.009995
OBJECT 37 151.305094077 -31.822062264 216.869995
OBJECT 37 151.304995256 -31.821931969 142.429993
OBJECT 37 151.304988441 -31.821995669 0.000000
OBJECT 37 151.304964587 -31.821955132 160.350006
OBJECT 37 151.304886212 -31.821830628 126.870003
OBJECT 37 151.304927120 -31.822838244 116.570000
OBJECT 37 151.304787406 -31.822806394 110.379997
OBJECT 37 151.304470495 -31.822719531 114.029999
OBJECT 37 151.304259221 -31.822655831 95.709999
OBJECT 37 151.303925271 -31.822528431 117.239998
OBJECT 37 151.303696958 -31.822461836 107.739998
OBJECT 37 151.303325525 -31.822308377 119.519997
OBJECT 37 151.305022534 -31.823035135 120.959999
OBJECT 37 151.304852152 -31.822983017 120.070000
OBJECT 37 151.304654508 -31.822942481 110.769997
OBJECT 37 151.304231959 -31.822864303 104.040001
OBJECT 37 151.303918456 -31.822815081 113.290001
OBJECT 37 151.303867341 -31.822803499 116.570000
OBJECT 37 151.303686736 -31.822806394 180.000000
OBJECT 37 151.303673105 -31.822820872 30.959999
OBJECT 37 151.303543614 -31.822751381 134.119995
OBJECT 37 151.303519761 -31.822728217 135.000000
OBJECT 37 151.303342563 -31.822652936 123.430000
OBJECT 37 151.303294856 -31.822595027 156.039993
OBJECT 37 151.303158550 -31.822577654 102.879997
OBJECT 37 151.303032467 -31.822450254 138.690002
OBJECT 37 151.302824600 -31.822360495 135.000000
OBJECT 37 151.303744666 -31.823087253 45.000000
OBJECT 37 151.303921863 -31.823258085 353.660004
OBJECT 37 151.304099061 -31.823472348 130.759995
OBJECT 36 151.304099061 -31.825088008 146.309998
OBJECT 36 151.304085430 -31.824998249 180.000000
OBJECT 36 151.304034316 -31.824917177 180.000000
OBJECT 36 151.304013870 -31.824815836 180.000000
OBJECT 36 151.304000239 -31.824737659 161.570007
OBJECT 36 151.303976386 -31.824668168 163.300003
OBJECT 36 151.303972978 -31.824581305 180.000000
OBJECT 36 151.303928679 -31.824335192 180.000000
OBJECT 36 151.303775334 -31.824051438 172.880005
OBJECT 36 151.303628805 -31.823454975 144.460007
OBJECT 36 151.303621990 -31.823356530 90.000000
OBJECT 36 151.303584506 -31.823205966 180.000000
OBJECT 36 151.303979812 -31.825664203 0.000000
OBJECT 36 151.303894620 -31.825693157 0.000000
OBJECT 36 151.303945735 -31.825808975 0.000000
OBJECT 36 151.303809428 -31.825791602 153.440002
OBJECT 36 151.303526589 -31.825846616 0.000000
OBJECT 36 151.303373243 -31.825736589 90.000000
OBJECT 36 151.303233528 -31.825803184 0.000000
OBJECT 36 151.303100628 -31.825901629 0.000000
OBJECT 36 151.302977951 -31.825780021 0.000000
OBJECT 36 151.302834828 -31.825945061 333.440002
OBJECT 36 151.302684889 -31.825898734 0.000000
OBJECT 36 151.302558804 -31.825858198 0.000000
OBJECT 36 151.302596289 -31.825927689 0.000000
OBJECT 36 151.302477020 -31.825942166 0.000000
OBJECT 36 151.302364566 -31.825753962 180.000000
OBJECT 36 151.302279374 -31.825423880 180.000000
OBJECT 36 151.302245297 -31.825261735 171.250000
OBJECT 36 151.302204404 -31.825079322 165.960007
OBJECT 36 151.302183958 -31.824908490 180.000000
OBJECT 36 151.302115804 -31.824752136 180.000000
OBJECT 36 151.302071504 -31.824575514 161.570007
OBJECT 36 151.302034020 -31.824413369 153.440002
OBJECT 36 151.302010166 -31.824233851 153.440002
OBJECT 36 151.301976089 -31.824068810 0.000000
OBJECT 36 151.301931789 -31.823903770 180.000000
OBJECT 36 151.301887489 -31.823727147 155.559998
OBJECT 36 151.301853412 -31.823573688 173.289993
OBJECT 36 151.301809112 -31.823371007 163.300003
OBJECT 36 151.301386558 -31.824077497 145.009995
OBJECT 36 151.301318404 -31.823782161 146.309998
OBJECT 36 151.301277512 -31.823625807 243.429993
OBJECT 36 151.301379743 -31.823507093 245.559998
OBJECT 37 151.300088227 -31.826605224 124.290001
OBJECT 37 151.301216174 -31.826376483 213.690002
OBJECT 37 151.300408550 -31.826185383 153.440002
OBJECT 37 151.300159789 -31.826133265 126.870003
OBJECT 37 151.300585750 -31.826052193 216.869995
OBJECT 37 151.300722058 -31.825849511 180.000000
OBJECT 37 151.300766358 -31.825545489 172.880005
OBJECT 37 151.300452850 -31.825568653 151.699997
OBJECT 37 151.300238166 -31.825186454 129.289993
OBJECT 37 151.300101858 -31.825102486 139.899994
OBJECT 37 151.300173420 -31.824850581 209.050003
OBJECT 37 151.300306320 -31.824766613 200.559998
OBJECT 37 151.300309727 -31.824630527 176.419998
OBJECT 37 151.300834512 -31.824161465 151.389999
OBJECT 37 151.300919704 -31.824685541 53.130001
OBJECT 37 151.300766358 -31.824589991 116.570000
OBJECT 37 151.300820881 -31.824679750 158.199997
OBJECT 37 151.300623235 -31.824691332 59.040001
OBJECT 37 151.300405143 -31.824934549 0.000000
OBJECT 37 151.300435812 -31.825067740 149.039993
OBJECT 37 151.300289281 -31.824943236 132.270004
OBJECT 37 151.300865181 -31.825334121 141.339996
OBJECT 37 151.300773173 -31.825334121 180.000000
OBJECT 37 151.301287735 -31.825415194 282.450012
OBJECT 37 151.301267289 -31.825337017 167.470001
OBJECT 37 151.301021935 -31.825140126 131.789993
OBJECT 37 151.300613012 -31.825215408 205.020004
OBJECT 37 151.300701612 -31.825108276 217.300003
OBJECT 37 151.300837920 -31.824940340 240.940002
OBJECT 37 151.301076458 -31.824917177 241.929993
OBJECT 37 151.301454712 -31.824951922 199.979996
OBJECT 37 151.301608058 -31.825111172 172.880005
OBJECT 37 151.301376335 -31.824841895 137.860001
OBJECT 37 151.301240027 -31.824506023 236.309998
OBJECT 37 151.301049197 -31.824323610 118.070000
OBJECT 37 151.300987858 -31.824083287 216.380005
OBJECT 37 151.314318508 -31.830585360 201.800003
OBJECT 37 151.314335548 -31.830389918 186.119995
OBJECT 37 151.314398027 -31.829849434 180.000000
OBJECT 37 151.314412226 -31.829487503 194.419998
OBJECT 37 151.314378150 -31.829130397 159.570007
OBJECT 37 151.314366791 -31.829026644 180.000000
OBJECT 37 151.314378150 -31.828804659 183.899994
OBJECT 37 151.314426428 -31.828519940 203.750000
OBJECT 37 151.315045520 -31.829219674 155.559998
OBJECT 37 151.315056879 -31.829070075 206.559998
OBJECT 37 151.315139235 -31.828937367 156.800003
OBJECT 37 151.315142075 -31.828855330 231.339996
OBJECT 37 151.315218752 -31.828763640 135.000000
OBJECT 37 151.315204553 -31.828671951 212.000000
OBJECT 37 151.315275549 -31.828500637 166.500000
OBJECT 37 151.315150595 -31.828447554 171.029999
OBJECT 37 151.315170474 -31.827984282 203.199997
OBJECT 37 151.315190353 -31.827866051 148.389999
OBJECT 37 151.315159115 -31.828242460 152.449997
OBJECT 37 151.315633640 -31.826638118 206.559998
OBJECT 37 151.315602402 -31.826611576 108.440002
OBJECT 37 151.315179273 -31.827509165 0.000000
OBJECT 37 151.315116798 -31.827740801 0.000000
OBJECT 37 151.315219031 -31.827709434 145.710007
OBJECT 37 151.315023085 -31.827511578 171.470001
OBJECT 37 151.315201992 -31.827504339 191.979996
OBJECT 37 151.315210511 -31.827320961 180.000000
OBJECT 37 151.315045803 -31.827115867 182.600006
OBJECT 37 151.315068522 -31.826968681 180.000000
OBJECT 37 151.315025925 -31.826794954 168.470001
OBJECT 37 151.315031604 -31.826667072 180.000000
OBJECT 37 151.314989007 -31.826556080 155.559998
OBJECT 37 151.314835659 -31.826297902 145.649994
OBJECT 37 151.315028765 -31.826307554 194.619995
OBJECT 37 151.315113958 -31.826133827 177.399994
OBJECT 37 151.314429569 -31.825979403 109.029999
OBJECT 37 151.314046197 -31.825752593 123.019997
OBJECT 37 151.314847018 -31.826071092 158.630005
OBJECT 37 151.314852697 -31.825967338 182.050003
OBJECT 37 151.314685150 -31.825919081 80.129997
OBJECT 37 151.314429569 -31.825853933 113.500000
OBJECT 37 151.314247822 -31.825764657 113.199997
OBJECT 37 151.314352894 -31.825680206 270.000000
OBJECT 37 151.314568718 -31.825578866 193.389999
OBJECT 37 151.314463646 -31.825561976 67.379997
OBJECT 37 151.314196706 -31.825549911 108.059998
OBJECT 37 151.314156949 -31.825448571 143.839996
OBJECT 37 151.313921246 -31.825446158 94.180000
OBJECT 37 151.314068926 -31.826314792 90.000000
OBJECT 37 151.313597516 -31.826034899 34.509998
OBJECT 37 151.313432806 -31.826167607 39.400002
OBJECT 37 151.313236858 -31.826375114 37.750000
OBJECT 37 151.313092027 -31.826577796 8.750000
OBJECT 37 151.313092027 -31.826828735 0.000000
OBJECT 37 151.313421447 -31.827176188 18.969999
OBJECT 37 151.313268096 -31.827340264 48.990002
OBJECT 37 151.313106226 -31.827513991 41.630001
OBJECT 37 151.312788166 -31.827634635 90.000000
OBJECT 37 151.312153599 -31.827764737 87.400002
OBJECT 37 151.311940611 -31.827805756 90.000000
OBJECT 37 151.310716637 -31.827808168 67.169998
OBJECT 37 151.310395735 -31.827933638 51.709999
OBJECT 37 151.311645297 -31.828792621 191.309998
OBJECT 37 151.310994961 -31.828896375 96.339996
OBJECT 37 151.310921124 -31.828881897 105.949997
OBJECT 37 151.311176715 -31.828872246 160.020004
OBJECT 37 151.309106432 -31.828271440 157.250000
OBJECT 37 151.308288543 -31.828959109 155.300003
OBJECT 37 151.310154353 -31.828032566 23.200001
OBJECT 37 151.309955560 -31.828160448 40.599998
OBJECT 37 151.309751088 -31.828452406 23.200001
OBJECT 37 151.309614773 -31.828522379 356.529999
OBJECT 37 151.309523896 -31.828638197 50.910000
OBJECT 37 151.309359183 -31.828749189 47.490002
OBJECT 37 151.309160390 -31.828860182 54.459999
OBJECT 37 151.308933198 -31.828901200 213.690002
OBJECT 37 151.308921836 -31.829248654 45.000000
OBJECT 37 151.308918996 -31.829357234 303.690002
OBJECT 37 151.308992834 -31.829514070 270.000000
OBJECT 37 151.308978635 -31.829728816 202.619995
OBJECT 37 151.308930356 -31.830300667 150.259995
OBJECT 37 151.309160390 -31.830228281 206.559998
OBJECT 37 151.309200158 -31.830812197 170.539993
OBJECT 37 151.309217198 -31.830652947 246.800003
OBJECT 37 151.309475635 -31.830616754 0.000000
OBJECT 37 151.309549475 -31.830877344 53.970001
OBJECT 37 151.309464275 -31.830821848 30.580000
OBJECT 37 151.309393276 -31.831005227 32.279999
OBJECT 37 151.309302397 -31.831186192 20.059999
OBJECT 37 151.309134839 -31.831364745 189.460007
OBJECT 37 151.309214358 -31.831277882 197.240005
OBJECT 37 151.307774493 -31.831232037 250.869995
OBJECT 37 151.307675094 -31.831162064 184.570007
OBJECT 37 151.307922171 -31.831934183 215.220001
OBJECT 37 151.309452916 -31.833087537 157.169998
OBJECT 37 151.309029760 -31.832327482 180.000000
OBJECT 37 151.308055650 -31.832349198 131.259995
OBJECT 37 151.307748933 -31.832573595 103.470001
OBJECT 37 151.307978971 -31.834204698 55.900002
OBJECT 37 151.306442523 -31.833512203 117.550003
OBJECT 37 151.306360163 -31.833000674 128.199997
OBJECT 37 151.306411283 -31.832530163 69.440002
OBJECT 37 151.306118764 -31.832460190 90.000000
OBJECT 37 151.304096689 -31.832452951 135.000000
OBJECT 37 151.304633465 -31.831779759 86.050003
OBJECT 37 151.304298352 -31.831750805 171.869995
OBJECT 37 151.304676064 -31.832308179 171.869995
OBJECT 37 151.304542587 -31.832189948 159.229996
OBJECT 37 151.304366511 -31.831374396 342.299988
OBJECT 37 151.305675724 -31.832332308 309.290009
OBJECT 37 151.305505327 -31.832310592 105.459999
OBJECT 37 151.305190094 -31.832163406 120.769997
OBJECT 37 151.305042417 -31.832062066 139.029999
OBJECT 37 151.304866340 -31.831854558 147.880005
OBJECT 37 151.304894740 -31.831212734 184.759995
OBJECT 37 151.305246900 -31.830631231 210.960007
OBJECT 37 151.305280979 -31.830486459 180.000000
OBJECT 37 151.305369016 -31.830271713 180.000000
OBJECT 37 151.305606589 -31.828167000 79.110001
OBJECT 37 151.305561151 -31.828439655 47.119999
OBJECT 37 151.305495833 -31.828789522 358.029999
OBJECT 37 151.305464594 -31.828948771 39.290001
OBJECT 37 151.305450395 -31.829206949 0.000000
OBJECT 37 151.305421996 -31.829387914 189.460007
OBJECT 37 151.305413476 -31.829650918 152.449997
OBJECT 37 151.305042427 -31.829485116 164.929993
OBJECT 37 151.305090706 -31.829210048 215.750000
OBJECT 37 151.305212838 -31.828732299 217.869995
OBJECT 37 151.304718703 -31.828421038 156.800003
OBJECT 37 151.305283834 -31.828418626 253.649994
OBJECT 37 151.305295216 -31.827424521 174.089996
OBJECT 37 151.305320774 -31.826715136 165.960007
OBJECT 37 151.305394609 -31.826355618 208.710007
OBJECT 37 151.305411660 -31.826003339 178.529999
OBJECT 37 151.305309428 -31.825680013 191.630005
OBJECT 37 151.305877380 -31.825856153 165.500000
OBJECT 37 151.305550808 -31.825725858 198.429993
OBJECT 37 151.305553648 -31.825445965 163.910004
OBJECT 37 151.305528090 -31.825236045 198.429993
OBJECT 37 151.305914306 -31.825178136 162.470001
OBJECT 37 151.305579220 -31.824973041 180.000000
OBJECT 37 151.305951223 -31.824886178 193.320007
OBJECT 37 151.305902947 -31.824615936 161.570007
OBJECT 37 151.305547983 -31.824608697 211.830002
OBJECT 37 151.305590579 -31.824116471 193.320007
OBJECT 37 151.305917146 -31.824169554 186.630005
OBJECT 37 151.305954062 -31.823834165 151.699997
OBJECT 37 151.305738244 -31.823720760 139.639999
OBJECT 37 151.305624655 -31.823426389 147.009995
OBJECT 37 151.305405997 -31.823631483 175.490005
OBJECT 37 151.305478082 -31.820908573 0.000000
OBJECT 37 151.305505342 -31.821059137 0.000000
OBJECT 37 151.305529195 -31.821174954 336.799988
OBJECT 37 151.305512158 -31.821316831 0.000000
OBJECT 37 151.305546233 -31.821429754 0.000000
OBJECT 37 151.305546233 -31.821557154 0.000000
OBJECT 37 151.305570086 -31.821696135 0.000000
OBJECT 37 151.305597347 -31.821806162 0.000000
OBJECT 37 151.305607570 -31.821878549 180.000000
OBJECT 37 151.305566679 -31.822848524 0.000000
OBJECT 37 151.305812025 -31.823019356 153.440002
OBJECT 37 151.305767726 -31.822964342 210.580002
OBJECT 37 151.305665499 -31.822906433 143.750000
OBJECT 37 151.305324741 -31.822066753 133.880005
OBJECT 37 151.305610977 -31.822237584 235.300003
OBJECT 37 151.305478082 -31.822350507 152.350006
OBJECT 37 151.305713205 -31.822446057 246.369995
OBJECT 37 151.305617793 -31.822472116 174.809998
OBJECT 37 151.306282271 -31.822408416 85.239998
OBJECT 37 151.306643475 -31.822538711 199.649994
OBJECT 37 151.306807039 -31.822451848 0.000000
OBJECT 37 151.306800223 -31.822379461 173.660004
OBJECT 37 151.306329977 -31.822162303 180.000000
OBJECT 37 151.306449242 -31.822110185 270.000000
OBJECT 37 151.306527617 -31.822217316 0.000000
OBJECT 37 151.306704811 -31.822159407 248.199997
OBJECT 37 151.306725257 -31.822211525 144.460007
OBJECT 37 151.306984233 -31.822454743 0.000000
OBJECT 37 151.307093275 -31.822312866 198.429993
OBJECT 37 151.307008086 -31.822382357 225.000000
OBJECT 37 151.307021716 -31.822289702 193.130005
OBJECT 37 151.307192095 -31.822457638 351.869995
OBJECT 37 151.307232986 -31.822527129 0.000000
OBJECT 37 151.307021716 -31.822498175 90.000000
OBJECT 37 151.306994456 -31.822585038 0.000000
OBJECT 37 151.306943342 -31.822506861 145.710007
OBJECT 37 151.306882005 -31.822532920 27.900000
OBJECT 37 151.306844522 -31.822596620 146.309998
OBJECT 37 151.306779778 -31.822611097 45.000000
OBJECT 37 151.306769555 -31.822726915 158.199997
OBJECT 37 151.306691181 -31.822651633 72.650002
OBJECT 37 151.306595768 -31.822729811 78.690002
OBJECT 37 151.306619622 -31.822666111 206.559998
OBJECT 37 151.306500356 -31.822695065 0.000000
OBJECT 37 151.306490133 -31.822755870 63.430000
OBJECT 37 151.306442427 -31.822836942 45.000000
OBJECT 37 151.306289086 -31.822935387 90.000000
OBJECT 37 151.306381091 -31.822524234 206.559998
OBJECT 37 151.306381091 -31.822654529 28.610001
OBJECT 37 151.306190266 -31.822721124 74.050003
OBJECT 37 151.306152783 -31.822674797 90.000000
OBJECT 37 151.306152783 -31.822567665 189.779999
OBJECT 37 151.306159598 -31.822460534 178.089996
OBJECT 37 151.306272048 -31.822463429 213.690002
OBJECT 37 151.306261825 -31.822330239 163.500000
OBJECT 37 151.306200489 -31.822376566 195.949997
OBJECT 37 151.306091446 -31.822338925 130.460007
OBJECT 37 151.305982404 -31.822246271 119.199997
OBJECT 37 151.305927883 -31.822156512 120.959999
OBJECT 37 151.305822247 -31.822052276 128.160004
OBJECT 37 151.305784764 -31.821968308 157.380005
OBJECT 37 151.305754096 -31.821875653 45.000000
OBJECT 37 151.305723428 -31.821751149 138.809998
OBJECT 37 151.305692759 -31.821357368 206.559998
OBJECT 37 151.305679129 -31.821232863 143.130005
OBJECT 37 151.305662091 -31.821111255 158.199997
OBJECT 37 151.305665499 -31.821027287 45.000000
OBJECT 37 151.305641646 -31.820908573 154.979996
OBJECT 37 151.306895636 -31.821238654 180.000000
OBJECT 37 151.306718441 -31.821284982 132.710007
OBJECT 37 151.306503764 -31.821209700 0.000000
OBJECT 37 151.306408352 -31.821316831 37.869999
OBJECT 37 151.306289086 -31.821267609 11.310000
OBJECT 37 151.306251603 -31.821412381 14.740000
OBJECT 37 151.306149375 -31.821397904 90.000000
OBJECT 37 151.306265233 -31.821516617 315.000000
OBJECT 37 151.306275456 -31.821583213 0.000000
OBJECT 37 151.306343607 -31.821687449 354.809998
OBJECT 37 151.306425389 -31.821733776 296.570007
OBJECT 37 151.306507171 -31.821754044 0.000000
OBJECT 37 151.306735479 -31.821794581 0.000000
OBJECT 37 151.306899043 -31.821988576 0.000000
OBJECT 37 151.307045569 -31.821864071 263.290009
OBJECT 37 151.307130759 -31.822032007 49.400002
OBJECT 37 151.307086460 -31.821953830 180.000000
OBJECT 37 151.307597599 -31.821956726 149.039993
OBJECT 37 151.307590784 -31.821869862 308.160004
OBJECT 37 151.307730495 -31.821976994 0.000000
OBJECT 37 151.307682788 -31.821907503 212.000000
OBJECT 37 151.307757755 -31.821840908 199.649994
OBJECT 37 151.307904281 -31.821869862 313.359985
OBJECT 37 151.308074661 -31.821884340 270.000000
OBJECT 37 151.308302969 -31.821884340 0.000000
OBJECT 37 151.308173481 -31.821895921 100.779999
OBJECT 37 151.308292746 -31.821794581 190.300003
OBJECT 37 151.309192349 -31.822677693 296.570007
OBJECT 37 151.309301391 -31.822697961 274.399994
OBJECT 37 151.309250278 -31.822616888 90.000000
OBJECT 37 151.309304799 -31.822472116 180.000000
OBJECT 37 151.309209387 -31.822405520 90.000000
OBJECT 37 151.309369543 -31.822547397 336.799988
OBJECT 37 151.309451325 -31.822422893 168.690002
OBJECT 37 151.309359320 -31.822275225 97.129997
OBJECT 37 151.308960633 -31.822101498 131.630005
OBJECT 37 151.309117382 -31.822104394 140.199997
OBJECT 37 151.309294576 -31.821910399 173.289993
OBJECT 37 151.309284353 -31.821855385 228.809998
OBJECT 37 151.309025377 -31.821829326 178.029999
OBJECT 37 151.308282523 -31.821284982 104.040001
OBJECT 37 151.308391566 -31.821305250 285.709991
OBJECT 37 151.308633505 -31.821366054 270.000000
OBJECT 37 151.308769808 -31.821406590 275.709991
OBJECT 37 151.308882258 -31.821426859 149.039993
OBJECT 37 151.309456379 -31.821570867 90.000000
OBJECT 37 151.309395246 -31.821585947 170.539993
OBJECT 37 151.309685131 -31.821788696 155.770004
OBJECT 37 151.309742320 -31.821751832 260.910004
OBJECT 37 151.309994737 -31.821770264 11.310000
OBJECT 37 151.309815284 -31.821887557 0.000000
OBJECT 37 151.309900080 -31.821859071 311.190002
OBJECT 37 151.310000653 -31.821969661 354.290009
OBJECT 37 151.309864584 -31.821936149 161.570007
OBJECT 37 151.309765984 -31.821942852 151.190002
OBJECT 37 151.309917828 -31.822090305 0.000000
OBJECT 37 151.309927688 -31.822187490 243.429993
OBJECT 37 151.309967128 -31.822093656 199.979996
OBJECT 37 151.309827116 -31.822147276 168.309998
OBJECT 37 151.311879975 -31.821810479 0.000000
OBJECT 37 151.311816871 -31.821818857 45.000000
OBJECT 37 151.311726159 -31.822105386 345.959991
OBJECT 37 151.311765599 -31.822026632 21.799999
OBJECT 37 151.311686719 -31.822018254 171.869995
OBJECT 37 151.311033984 -31.822003174 249.440002
OBJECT 37 151.311152305 -31.821946203 180.000000
OBJECT 37 151.311185829 -31.821864098 249.779999
OBJECT 37 151.311217381 -31.821932798 0.000000
OBJECT 37 151.311227241 -31.822009876 198.429993
OBJECT 37 151.311308093 -31.822045064 327.989990
OBJECT 37 151.311379086 -31.822157329 262.869995
OBJECT 37 151.311406694 -31.822227705 0.000000
OBJECT 37 151.311286401 -31.822192517 123.690002
OBJECT 37 151.311207521 -31.822219327 147.990005
OBJECT 37 151.311128641 -31.822118790 26.559999
OBJECT 37 151.311154277 -31.822261217 339.440002
OBJECT 37 151.310962992 -31.822226029 116.570000
OBJECT 37 151.310984684 -31.822091981 190.889999
OBJECT 37 151.310892000 -31.822157329 90.000000
OBJECT 37 151.310864392 -31.822090305 228.809998
OBJECT 37 151.310909748 -31.821981391 165.529999
OBJECT 37 151.310880168 -31.821889232 163.300003
OBJECT 37 151.310544927 -31.821911015 255.960007
OBJECT 37 151.310671135 -31.821947879 270.000000
OBJECT 37 151.310781567 -31.821988093 309.809998
OBJECT 37 151.310742127 -31.822065171 90.000000
OBJECT 37 151.310645499 -31.822023281 125.540001
OBJECT 37 151.310546899 -31.821996471 217.869995
OBJECT 37 151.310793422 -31.822592545 245.559998
OBJECT 37 151.310734262 -31.822548979 138.470001
OBJECT 37 151.310535088 -31.822327799 162.899994
OBJECT 37 151.310483816 -31.822285909 0.000000
OBJECT 37 151.310541004 -31.822255748 167.910004
OBJECT 37 151.310024336 -31.822840535 141.070007
OBJECT 37 151.310302390 -31.822840535 262.410004
OBJECT 37 151.310416767 -31.822533899 0.000000
OBJECT 37 151.310308306 -31.822537250 270.000000
OBJECT 37 151.310138713 -31.822626057 152.589996
OBJECT 37 151.309464283 -31.822894154 275.709991
OBJECT 37 151.309691065 -31.822750052 356.190002
OBJECT 37 151.309817274 -31.822842210 0.000000
OBJECT 37 151.309913903 -31.822894154 61.700001
OBJECT 37 151.310085468 -31.822946098 352.880005
OBJECT 37 151.310221537 -31.822927666 148.710007
OBJECT 37 151.310411561 -31.823093039 225.000000
OBJECT 37 151.310703259 -31.823113984 144.460007
OBJECT 37 151.311057953 -31.823211728 142.130005
OBJECT 37 151.310753929 -31.823319945 123.690002
OBJECT 37 151.310614243 -31.823337399 154.649994
OBJECT 37 151.310536183 -31.823628303 105.709999
OBJECT 37 151.310406083 -31.823620157 149.929993
OBJECT 37 151.309948679 -31.823080240 0.000000
OBJECT 37 151.310050020 -31.823117475 315.000000
OBJECT 37 151.309963743 -31.823138420 84.430000
OBJECT 37 151.309913073 -31.823187292 0.000000
OBJECT 37 151.309944571 -31.823250128 156.800003
OBJECT 37 151.309902117 -31.823273400 175.600006
OBJECT 37 151.310266397 -31.823404889 262.500000
OBJECT 37 151.310010305 -31.823343217 0.000000
OBJECT 37 151.309974699 -31.823356017 180.000000
OBJECT 37 151.309700805 -31.823511941 12.090000
OBJECT 37 151.309678893 -31.823392089 72.900002
OBJECT 37 151.309518665 -31.823408379 355.029999
OBJECT 37 151.309567966 -31.823467724 5.190000
OBJECT 37 151.309488536 -31.823493323 277.130005
OBJECT 37 151.309563857 -31.823567795 151.389999
OBJECT 37 151.309614525 -31.823791209 285.950012
OBJECT 37 151.309665195 -31.823836590 0.000000
OBJECT 37 151.309691216 -31.823922698 4.090000
OBJECT 37 151.309706280 -31.823985533 221.190002
OBJECT 37 151.309570701 -31.823959933 64.059998
OBJECT 37 151.309489902 -31.823971570 180.000000
OBJECT 37 151.309402255 -31.823918043 121.610001
OBJECT 37 151.309411842 -31.823851717 190.949997
OBJECT 37 151.309473468 -31.823788882 175.240005
OBJECT 37 151.309470729 -31.823722556 4.760000
OBJECT 37 151.309546051 -31.823758628 228.949997
OBJECT 37 151.309600830 -31.823715574 39.810001
OBJECT 37 151.309702171 -31.823731865 276.339996
OBJECT 37 151.309772015 -31.823720228 249.440002
OBJECT 37 151.309762428 -31.823635284 168.020004
OBJECT 37 151.309791187 -31.823548013 228.580002
OBJECT 37 151.309835011 -31.823477033 194.529999
OBJECT 37 151.309874726 -31.823401398 205.460007
OBJECT 37 151.309899376 -31.823437470 324.459991
OBJECT 37 151.309919919 -31.823511941 326.309998
OBJECT 37 151.309934983 -31.823556159 191.889999
OBJECT 37 151.309893898 -31.823561977 165.259995
OBJECT 37 151.309840489 -31.823609685 275.489990
OBJECT 37 151.309856922 -31.823738846 16.190001
OBJECT 37 151.309826794 -31.823792373 0.000000
OBJECT 37 151.309782971 -31.823850553 271.589996
OBJECT 37 151.309891159 -31.823905243 144.089996
OBJECT 37 151.309944569 -31.824061168 180.000000
OBJECT 37 151.310086995 -31.823958770 252.259995
OBJECT 37 151.310160947 -31.824061168 261.029999
OBJECT 37 151.310302003 -31.824056513 5.190000
OBJECT 37 151.310234899 -31.824023932 131.630005
OBJECT 37 151.310158208 -31.823964588 120.959999
OBJECT 37 151.310842857 -31.822941825 180.000000
OBJECT 37 151.310941781 -31.822959837 341.570007
OBJECT 37 151.311026573 -31.823109937 180.000000
OBJECT 37 151.311132563 -31.823175981 215.839996
OBJECT 37 151.312277258 -31.822731684 29.740000
OBJECT 37 151.311825033 -31.823091925 20.559999
OBJECT 37 151.312397380 -31.823572245 293.200012
OBJECT 37 151.312453908 -31.823878449 0.000000
OBJECT 37 151.312213664 -31.824442825 0.000000
OBJECT 37 151.312432710 -31.824472845 218.660004
OBJECT 37 151.312708285 -31.824202665 219.800003
OBJECT 37 151.312623492 -31.824040557 146.309998
OBJECT 37 151.312037013 -31.824142625 0.000000
OBJECT 37 151.312234862 -31.824040557 4.760000
OBJECT 37 151.312135937 -31.824190657 45.000000
OBJECT 37 151.311704910 -31.824544893 63.430000
OBJECT 37 151.311627184 -31.824670977 15.940000
OBJECT 37 151.311782637 -31.824755034 0.000000
OBJECT 37 151.312015815 -31.824670977 163.610001
OBJECT 37 151.301926375 -31.828413575 197.350006
OBJECT 37 151.303000427 -31.828449599 270.000000
OBJECT 37 151.302456335 -31.829200100 0.000000
OBJECT 37 151.302258483 -31.829242128 0.000000
OBJECT 37 151.302406872 -31.829128052 180.000000
OBJECT 37 151.303678775 -31.829776484 33.689999
OBJECT 37 151.303954353 -31.829764476 180.000000
OBJECT 37 151.303813031 -31.829422248 163.740005
OBJECT 37 151.303961420 -31.829440260 248.630005
OBJECT 37 151.304618569 -31.829572348 0.000000
OBJECT 37 151.304328858 -31.829818512 205.020004
OBJECT 37 151.304350057 -31.829542328 184.240005
OBJECT 37 151.304576173 -31.828389559 167.199997
OBJECT 37 151.308257624 -31.828857871 216.869995
OBJECT 37 151.308490806 -31.828905903 36.869999
OBJECT 37 151.311345521 -31.825903902 198.429993
OBJECT 37 151.308964237 -31.826714442 116.570000
OBJECT 37 151.307890223 -31.826912658 0.000000
OBJECT 37 151.307796169 -31.826999521 303.690002
OBJECT 37 151.307857509 -31.827058588 291.799988
OBJECT 37 151.307857509 -31.827135028 0.000000
OBJECT 37 151.307743008 -31.827562397 135.000000
OBJECT 37 151.307616240 -31.827454686 255.960007
OBJECT 37 151.307710294 -31.827402568 180.000000
OBJECT 37 151.307775723 -31.827346975 270.000000
OBJECT 37 151.307947473 -31.827326128 0.000000
OBJECT 37 151.307955652 -31.827600616 14.040000
OBJECT 37 151.308029259 -31.827621464 279.459991
OBJECT 37 151.307967920 -31.827718751 180.000000
OBJECT 37 151.307869776 -31.827722225 45.000000
OBJECT 37 151.307669401 -31.827635362 107.239998
OBJECT 37 151.307583525 -31.827697904 29.049999
OBJECT 37 151.307779812 -31.827750022 276.980011
OBJECT 37 151.307763455 -31.827892478 3.950000
OBJECT 37 151.307579436 -31.827979341 90.000000
OBJECT 37 151.307653044 -31.827899427 258.690002
OBJECT 37 151.307882044 -31.827861207 249.619995
OBJECT 37 151.307890223 -31.827986290 0.000000
OBJECT 37 151.307816616 -31.828125272 0.000000
OBJECT 37 151.307702115 -31.828104425 5.710000
OBJECT 37 151.307845241 -31.828163492 290.320007
OBJECT 37 151.307808437 -31.828285101 37.869999
OBJECT 37 151.307710294 -31.828396286 18.430000
OBJECT 37 151.307648954 -31.828288575 257.899994
OBJECT 37 151.307935205 -31.828410184 320.200012
OBJECT 37 151.307796169 -31.828458828 7.120000
OBJECT 37 151.307616240 -31.828514420 0.000000
OBJECT 37 151.307419953 -31.828458828 180.000000
OBJECT 37 151.307518097 -31.828371964 194.039993
OBJECT 37 151.307546722 -31.828212135 203.960007
OBJECT 37 151.307428132 -31.828191288 192.990005
OBJECT 37 151.307407686 -31.828094001 188.130005
OBJECT 37 151.307509918 -31.828000188 244.800003
OBJECT 37 151.307342257 -31.827968918 164.750000
OBJECT 37 151.307244114 -31.827718751 184.399994
OBJECT 37 151.307428132 -31.827791716 239.039993
OBJECT 37 151.307436311 -31.827708327 257.899994
OBJECT 37 151.307436311 -31.827604091 180.000000
OBJECT 37 151.307518097 -31.827621464 287.350006
OBJECT 37 151.307579436 -31.827520702 194.039993
OBJECT 37 151.307718472 -31.827496380 287.100006
OBJECT 37 151.307886134 -31.827576295 253.009995
OBJECT 37 151.308029259 -31.827399093 39.799999
OBJECT 37 151.308004723 -31.827513753 19.980000
OBJECT 37 151.307943384 -31.827402568 168.690002
OBJECT 37 151.307845241 -31.827274010 315.000000
OBJECT 37 151.307865687 -31.827423415 180.000000
OBJECT 37 151.307976098 -31.827242739 180.000000
OBJECT 37 151.307984277 -31.827016894 174.289993
OBJECT 37 151.307935205 -31.827103757 0.000000
OBJECT 37 151.307771633 -31.827135028 111.800003
OBJECT 37 151.307689847 -31.827082910 0.000000
OBJECT 37 151.307648954 -31.827180197 10.300000
OBJECT 37 151.307722562 -31.827284433 330.260010
OBJECT 37 151.307595793 -31.827364348 90.000000
OBJECT 37 151.307485382 -31.827381721 116.570000
OBJECT 37 151.307350435 -31.827433839 180.000000
OBJECT 37 151.307321810 -31.827367822 180.000000
OBJECT 37 151.307280917 -31.827145452 194.039993
OBJECT 37 151.307244114 -31.827089859 173.160004
OBJECT 37 151.307350435 -31.826999521 180.000000
OBJECT 37 151.307485382 -31.826902234 0.000000
OBJECT 37 151.307534454 -31.827020369 345.260010
OBJECT 37 151.307673490 -31.826968250 183.369995
OBJECT 37 151.307632597 -31.826829269 180.000000
OBJECT 37 151.307612151 -31.826933505 198.429993
OBJECT 37 151.307743008 -31.826881387 212.000000
OBJECT 37 151.307857509 -31.826968250 280.950012
OBJECT 37 151.308041527 -31.826947403 247.169998
OBJECT 37 151.307947473 -31.826857065 169.380005
OBJECT 37 151.307910669 -31.826770202 214.380005
OBJECT 37 151.307783901 -31.826721558 160.020004
OBJECT 37 151.307595793 -31.826582577 180.000000
OBJECT 37 151.307644865 -31.826738931 180.000000
OBJECT 37 151.307550811 -31.826679864 180.000000
OBJECT 37 151.307669401 -31.826620797 217.869995
OBJECT 37 151.307497650 -31.826586051 137.910004
OBJECT 37 151.307550811 -31.826492239 190.300003
OBJECT 37 151.307710294 -31.826520035 259.380005
OBJECT 37 151.307894312 -31.826502662 174.809998
OBJECT 37 151.308029259 -31.826568678 236.309998
OBJECT 37 151.308090599 -31.826429697 180.000000
OBJECT 37 151.308012902 -31.826349783 180.000000
OBJECT 37 151.307980188 -31.826221225 154.800003
OBJECT 37 151.307648954 -31.826304614 195.639999
OBJECT 37 151.307629981 -31.825319003 146.979996
OBJECT 37 151.307902597 -31.825548226 90.000000
OBJECT 37 151.307814564 -31.825545813 90.000000
OBJECT 37 151.307698135 -31.825495142 155.229996
OBJECT 37 151.307700974 -31.825422756 315.000000
OBJECT 37 151.307737891 -31.825350370 165.960007
OBJECT 37 151.308081501 -31.824809886 216.869995
OBJECT 37 151.308200770 -31.824901575 171.250000
OBJECT 37 151.307948033 -31.825203185 90.000000
OBJECT 37 151.307962231 -31.825109083 194.929993
OBJECT 37 151.307970751 -31.825282810 234.460007
OBJECT 37 151.308070142 -31.825475839 173.990005
OBJECT 37 151.308609694 -31.825823293 146.309998
OBJECT 37 151.308842553 -31.825618199 240.940002
OBJECT 37 151.308623893 -31.825379325 156.039993
OBJECT 37 151.308885150 -31.825169404 255.070007
OBJECT 37 151.308967502 -31.824945007 169.990005
OBJECT 37 151.309018618 -31.824546883 226.910004
OBJECT 37 151.308655130 -31.824764042 157.750000
OBJECT 37 151.308544380 -31.824846079 173.289993
OBJECT 37 151.308138296 -31.824496213 0.000000
OBJECT 37 151.308200770 -31.824549296 180.000000
OBJECT 37 151.308112738 -31.824621682 161.570007
OBJECT 37 151.307260813 -31.824698894 226.550003
OBJECT 37 151.307317608 -31.824286293 148.570007
OBJECT 37 151.308908585 -31.823609401 241.190002
OBJECT 37 151.309164947 -31.823420057 180.000000
OBJECT 37 151.308959857 -31.823466974 195.949997
OBJECT 37 151.309222136 -31.823205580 194.039993
OBJECT 37 151.309103815 -31.823249145 241.389999
OBJECT 37 151.309121563 -31.823163689 153.440002
OBJECT 37 151.309005214 -31.823156987 158.199997
OBJECT 37 151.308912529 -31.823059802 199.440002
OBJECT 37 151.308918445 -31.822925753 164.050003
OBJECT 37 151.308756739 -31.823173743 174.809998
OBJECT 37 151.308776459 -31.823058126 214.990005
OBJECT 37 151.308662082 -31.822929104 145.009995
OBJECT 37 151.308533901 -31.822937482 270.000000
OBJECT 37 151.308451076 -31.823011209 121.610001
OBJECT 37 151.307321109 -31.823884200 192.529999
OBJECT 37 151.307423654 -31.823897605 180.000000
OBJECT 37 151.306578597 -31.823429351 326.630005
OBJECT 37 151.306657341 -31.823421593 21.799999
OBJECT 37 151.306852490 -31.822880512 134.000000
OBJECT 37 151.306713261 -31.823034691 120.959999
OBJECT 37 151.306749780 -31.823102569 251.559998
OBJECT 37 151.306850208 -31.823100629 182.050003
OBJECT 37 151.306891292 -31.823060872 98.970001
OBJECT 37 151.306967754 -31.823115174 177.399994
OBJECT 37 151.306991719 -31.823207294 281.309998
OBJECT 37 151.307063616 -31.823176264 150.360001
OBJECT 37 151.307004273 -31.823040509 167.240005
OBJECT 37 151.307077311 -31.822977480 248.630005
OBJECT 37 151.307151491 -31.822946450 43.919998
OBJECT 37 151.307174315 -31.823081236 159.229996
OBJECT 37 151.307112689 -31.823059903 43.320000
OBJECT 37 151.307226811 -31.823084145 261.630005
OBJECT 37 151.307308979 -31.823067660 196.699997
OBJECT 37 151.307312403 -31.823023055 250.559998
OBJECT 37 151.307266754 -31.822925117 149.419998
OBJECT 37 151.307378594 -31.822946450 252.259995
OBJECT 37 151.307412831 -31.822928996 153.440002
OBJECT 37 151.307388865 -31.822889239 271.880005
OBJECT 37 151.307417396 -31.822852391 138.369995
OBJECT 37 151.307273602 -31.822759302 255.259995
OBJECT 37 151.307366041 -31.822774817 141.630005
OBJECT 37 151.307455056 -31.822792271 150.259995
OBJECT 37 151.307563472 -31.822728272 272.200012
OBJECT 37 151.307625098 -31.822645849 162.259995
OBJECT 37 151.307765469 -31.822736029 251.570007
OBJECT 37 151.307836225 -31.822823301 142.429993
OBJECT 37 151.307770034 -31.822896027 139.399994
OBJECT 37 151.307718679 -31.822861118 243.429993
OBJECT 37 151.307676453 -31.822775786 172.869995
OBJECT 37 151.307622816 -31.822854330 148.240005
OBJECT 37 151.307572602 -31.822844634 225.000000
OBJECT 37 151.307512117 -31.822910572 156.800003
OBJECT 37 151.307480163 -31.822923178 153.440002
OBJECT 37 151.307538365 -31.823010449 220.600006
OBJECT 37 151.307619392 -31.823094811 125.129997
OBJECT 37 151.307669606 -31.823049236 209.360001
OBJECT 37 151.307717537 -31.823082205 313.149994
OBJECT 37 151.307667324 -31.823115174 159.100006
OBJECT 37 151.307729515 -31.823148896 352.190002
OBJECT 37 151.307579083 -31.823151234 27.900000
OBJECT 37 151.303365026 -31.821352694 164.059998
OBJECT 37 151.303338255 -31.821268525 153.440002
OBJECT 37 151.303314160 -31.821168431 165.960007
OBJECT 37 151.303282034 -31.821013741 171.869995
OBJECT 37 151.303263294 -31.820993268 0.000000
OBJECT 37 151.303241876 -31.820893174 180.000000
OBJECT 37 151.303228491 -31.820793081 167.470001
OBJECT 37 151.303207073 -31.820711186 174.289993
OBJECT 37 151.303207073 -31.820656589 180.000000
OBJECT 37 151.303207073 -31.820617917 180.000000
OBJECT 37 151.303212427 -31.820538297 188.130005
OBJECT 37 151.303228491 -31.820431379 0.000000
OBJECT 37 151.303279817 -31.818860920 33.689999
OBJECT 37 151.303263754 -31.818986037 0.000000
OBJECT 37 151.303250369 -31.819108879 3.810000
OBJECT 37 151.303400287 -31.819272668 137.860001
OBJECT 37 151.303424381 -31.819165750 201.410004
OBJECT 37 151.303437767 -31.819052007 0.000000
OBJECT 37 151.303437767 -31.819036083 180.000000
OBJECT 37 151.303437767 -31.818935990 180.000000
OBJECT 37 151.303437767 -31.818867744 180.000000
OBJECT 37 151.303443121 -31.818747177 180.000000
OBJECT 37 151.303475246 -31.818640259 180.000000
OBJECT 37 151.303480601 -31.818610686 194.039993
OBJECT 37 151.303502017 -31.818531066 190.009995
OBJECT 37 151.303539497 -31.818424148 200.220001
OBJECT 37 151.303593039 -31.818335429 203.500000
OBJECT 37 151.303643905 -31.818230786 201.800003
OBJECT 37 151.303684061 -31.818137517 199.289993
OBJECT 37 151.303740281 -31.818030599 201.800003
OBJECT 37 151.303785792 -31.817932780 206.559998
OBJECT 37 151.303836657 -31.817878184 220.600006
OBJECT 37 151.303874137 -31.817812213 198.429993
OBJECT 37 151.303892876 -31.817757616 195.949997
OBJECT 37 151.303916970 -31.817693921 202.380005
OBJECT 37 151.303959804 -31.817616576 200.220001
OBJECT 37 151.304034763 -31.817571079 206.559998
OBJECT 37 151.304152557 -31.817434587 210.580002
OBJECT 37 151.304109718 -31.816979617 0.000000
OBJECT 37 151.304171292 -31.817407289 0.000000
OBJECT 37 151.304163261 -31.817491459 12.990000
OBJECT 37 151.304085624 -31.817573353 180.000000
OBJECT 37 151.304524672 -31.817518757 27.760000
OBJECT 37 151.304481838 -31.817498283 188.130005
OBJECT 37 151.304896793 -31.817689371 153.440002
OBJECT 37 151.304961044 -31.817582453 214.110001
OBJECT 37 151.305019940 -31.817461886 192.259995
OBJECT 37 151.304936949 -31.817511932 47.730000
OBJECT 37 151.305025295 -31.817641599 315.000000
OBJECT 37 151.304979783 -31.817794014 19.650000
OBJECT 37 151.304845927 -31.817800839 93.370003
OBJECT 37 151.304778999 -31.817778090 137.289993
OBJECT 37 151.304725457 -31.817718944 138.809998
OBJECT 37 151.304704040 -31.817773540 0.000000
OBJECT 37 151.304524672 -31.817994201 0.000000
OBJECT 37 151.304505932 -31.818035148 24.770000
OBJECT 37 151.304540735 -31.818114768 0.000000
OBJECT 37 151.304637112 -31.818069271 186.339996
OBJECT 37 151.304613017 -31.817953254 176.820007
OBJECT 37 151.305153371 -31.820285523 0.000000
OBJECT 37 151.305322995 -31.820308453 284.040009
OBJECT 37 151.305612125 -31.820439485 341.570007
OBJECT 37 151.305346125 -31.820534482 30.580000
OBJECT 37 151.305141806 -31.820524655 158.199997
OBJECT 37 151.303792529 -31.820901371 225.000000
OBJECT 37 151.303915891 -31.820888267 0.000000
OBJECT 37 151.304116355 -31.820760512 214.990005
OBJECT 37 151.304440182 -31.820694996 241.929993
OBJECT 37 151.304609805 -31.820721202 341.570007
OBJECT 37 151.304929777 -31.820731030 270.000000
OBJECT 37 151.304794849 -31.820770339 67.379997
OBJECT 37 151.304420906 -31.820835855 78.309998
OBJECT 37 151.304297544 -31.820891543 53.750000
OBJECT 37 151.304031544 -31.821002920 99.459999
OBJECT 37 151.304135631 -31.820924301 0.000000
OBJECT 37 151.303885051 -31.821091366 45.000000
OBJECT 37 151.303599775 -31.821111021 74.050003
OBJECT 37 151.303457137 -31.821061884 135.000000
OBJECT 37 151.303572789 -31.820829303 183.809998
OBJECT 37 151.303611340 -31.820596722 191.309998
OBJECT 37 151.303726992 -31.820586895 276.119995
OBJECT 37 151.303430151 -31.820521379 124.220001
OBJECT 37 151.304058556 -31.820115182 239.039993
OBJECT 37 151.304459478 -31.820203628 135.000000
OBJECT 37 151.304347683 -31.820105354 140.910004
OBJECT 37 151.304224322 -31.820023460 116.570000
OBJECT 37 151.303981455 -31.820161043 73.300003
OBJECT 37 151.303630648 -31.820043114 90.000000
OBJECT 37 151.303461027 -31.820033287 102.529999
OBJECT 37 151.303680763 -31.819971047 206.559998
OBJECT 37 151.303854240 -31.819935013 261.029999
OBJECT 37 151.304525014 -31.819558298 167.470001
OBJECT 37 151.304393943 -31.819528816 101.309998
OBJECT 37 151.304089396 -31.819650020 116.570000
OBJECT 37 151.303885080 -31.819617262 97.430000
OBJECT 37 151.303711604 -31.819538643 116.570000
OBJECT 37 151.304108671 -31.819551746 165.960007
OBJECT 37 151.303684618 -31.819528816 122.470001
OBJECT 37 151.303557403 -31.819273304 189.089996
OBJECT 37 151.303942905 -31.819260201 266.910004
OBJECT 37 151.304170352 -31.819312614 261.869995
OBJECT 37 151.304016151 -31.819211064 98.839996
OBJECT 37 151.303711604 -31.819030896 145.100006
OBJECT 37 151.303900500 -31.818952277 228.809998
OBJECT 37 151.304081686 -31.819066930 290.559998
OBJECT 37 151.304255162 -31.818958829 211.220001
OBJECT 37 151.304008440 -31.818729524 145.490005
OBJECT 37 151.304683070 -31.818775385 221.190002
OBJECT 37 151.304401653 -31.818503494 185.710007
OBJECT 37 151.304551999 -31.818588665 313.730011
OBJECT 37 151.304521159 -31.818677111 68.959999
OBJECT 37 151.304270582 -31.818736075 113.959999
OBJECT 37 151.304262872 -31.818470736 180.000000
OBJECT 37 151.304139511 -31.818179191 234.460007
OBJECT 37 151.304220467 -31.818352808 0.000000
OBJECT 37 151.304505739 -31.818362635 180.000000
OBJECT 37 151.304748605 -31.818333153 260.540009
OBJECT 37 151.304871966 -31.818637802 201.800003
OBJECT 37 151.305272907 -31.817943335 180.000000
OBJECT 37 151.305253632 -31.817812303 135.000000
OBJECT 37 151.305191953 -31.817992472 7.590000
OBJECT 37 151.304798748 -31.818575562 243.429993
OBJECT 37 151.304964511 -31.818444530 228.009995
OBJECT 37 151.305053175 -31.818388842 220.600006
OBJECT 37 151.305107144 -31.818287292 193.240005
OBJECT 37 151.305161114 -31.818241431 243.429993
OBJECT 37 151.305272907 -31.818077642 225.000000
OBJECT 37 151.305342296 -31.817966265 203.199997
OBJECT 37 151.305511914 -31.817890922 254.050003
OBJECT 37 151.305639128 -31.817825406 90.000000
OBJECT 37 151.305461800 -31.817776270 118.610001
OBJECT 37 151.305311457 -31.817681272 124.989998
OBJECT 37 151.305157259 -31.817582998 117.760002
OBJECT 37 151.305084014 -31.817527310 135.000000
OBJECT 37 151.304879702 -31.817396278 118.389999
OBJECT 37 151.304598290 -31.817212834 137.729996
OBJECT 37 151.304478787 -31.817140767 118.300003
OBJECT 37 151.304359283 -31.817035942 131.419998
OBJECT 37 151.304262910 -31.816852498 180.000000
OBJECT 37 151.304289894 -31.816744397 191.309998
OBJECT 37 151.304463367 -31.816633020 239.039993
OBJECT 37 151.304606035 -31.816423369 180.000000
OBJECT 37 151.304756375 -31.816328372 219.800003
OBJECT 37 151.304883587 -31.816108894 195.250000
OBJECT 37 151.305022363 -31.815987690 228.369995
OBJECT 37 151.305276785 -31.815610974 237.720001
OBJECT 37 151.305373157 -31.815496322 156.039993
OBJECT 37 151.305577467 -31.815362014 230.710007
OBJECT 37 151.305535063 -31.815263741 167.740005
OBJECT 37 151.305527353 -31.815348911 180.000000
OBJECT 37 151.305766356 -31.815201501 198.429993
OBJECT 37 151.305743227 -31.814916507 180.000000
OBJECT 37 151.305897422 -31.814923059 0.000000
OBJECT 37 151.306016924 -31.814942714 0.000000
OBJECT 37 151.313006743 -31.816197534 225.000000
OBJECT 37 151.312862416 -31.816140928 45.000000
OBJECT 37 151.312801355 -31.814834282 167.470001
OBJECT 37 151.313151070 -31.815004099 135.000000
OBJECT 37 151.313090008 -31.814947494 140.199997
OBJECT 37 151.312740293 -31.814820131 120.959999
OBJECT 37 151.311918741 -31.814277661 148.000000
OBJECT 37 151.311841027 -31.814287095 63.430000
OBJECT 37 151.309509595 -31.813574808 116.570000
OBJECT 37 151.309393023 -31.813659716 104.040001
OBJECT 37 151.309187635 -31.813636131 90.000000
OBJECT 37 151.309037757 -31.813758776 49.400002
OBJECT 37 151.308793512 -31.813919159 0.000000
OBJECT 37 151.308649185 -31.814169167 0.000000
OBJECT 37 151.307733265 -31.814353135 270.000000
OBJECT 37 151.307960858 -31.814362569 264.559998
OBJECT 37 151.308255062 -31.814338983 257.470001
OBJECT 37 151.308843471 -31.814183318 270.000000
OBJECT 37 151.308726900 -31.814461629 18.430000
OBJECT 37 151.308288368 -31.814565406 87.709999
OBJECT 37 151.308071878 -31.814565406 90.000000
OBJECT 37 151.307883143 -31.814758808 0.000000
OBJECT 37 151.308010817 -31.814805980 270.000000
OBJECT 37 151.308155144 -31.814895605 0.000000
OBJECT 37 151.308177348 -31.815339016 0.000000
OBJECT 37 151.308138491 -31.815381470 45.000000
OBJECT 37 151.308199552 -31.815386187 212.470001
OBJECT 37 151.308221756 -31.815272976 180.000000
OBJECT 37 151.308338328 -31.815159765 0.000000
OBJECT 37 151.308149593 -31.815239956 180.000000
OBJECT 37 151.308144042 -31.815070139 180.000000
OBJECT 37 151.308194001 -31.814952211 0.000000
OBJECT 37 151.308449348 -31.814744657 180.000000
OBJECT 37 151.308754655 -31.814834282 0.000000
OBJECT 37 151.309781595 -31.814117278 0.000000
OBJECT 37 151.309548452 -31.814070107 90.000000
OBJECT 37 151.309309758 -31.814202187 0.000000
OBJECT 37 151.309226492 -31.814277661 0.000000
OBJECT 37 151.309121023 -31.814409740 0.000000
OBJECT 37 151.309054410 -31.814485215 206.559998
OBJECT 37 151.309126574 -31.814084258 180.000000
OBJECT 37 151.309170982 -31.813947461 188.130005
OBJECT 37 151.309404125 -31.813838967 243.429993
OBJECT 37 151.309520697 -31.813739907 225.000000
OBJECT 37 151.309620615 -31.813744625 270.000000
OBJECT 37 151.309753840 -31.813768210 279.459991
OBJECT 37 151.309931473 -31.813838967 225.000000
OBJECT 37 151.309914820 -31.813758776 180.000000
OBJECT 37 151.309953677 -31.813716322 180.000000
OBJECT 37 151.310081351 -31.813725756 288.440002
OBJECT 37 151.310292290 -31.813815382 0.000000
OBJECT 37 151.310292290 -31.813947461 357.140015
OBJECT 37 151.310303392 -31.814022935 0.000000
OBJECT 37 151.310064698 -31.814013501 92.730003
OBJECT 37 151.312290660 -31.814942776 90.000000
OBJECT 37 151.311713353 -31.814692768 107.099998
OBJECT 37 151.311585679 -31.814659748 107.650002
OBJECT 37 151.311585679 -31.814522952 153.440002
OBJECT 37 151.311513516 -31.814518234 90.000000
OBJECT 37 151.311408046 -31.814555972 90.000000
OBJECT 37 151.311330332 -31.814485215 149.039993
OBJECT 37 151.311241516 -31.814461629 119.750000
OBJECT 37 151.311102740 -31.814438043 93.809998
OBJECT 37 151.310914005 -31.814381438 124.699997
OBJECT 37 151.310775229 -31.814334266 0.000000
OBJECT 37 151.311480210 -31.814725788 119.360001
OBJECT 37 151.311241516 -31.814678617 108.440002
OBJECT 37 151.311047230 -31.814607860 138.369995
OBJECT 37 151.310747474 -31.814456912 123.690002
OBJECT 37 151.310658658 -31.814442760 90.000000
OBJECT 37 151.310497678 -31.814372003 123.690002
OBJECT 37 151.311036128 -31.815522984 116.570000
OBJECT 37 151.311019474 -31.815414490 180.000000
OBJECT 37 151.311074985 -31.815258824 180.000000
OBJECT 37 151.311413598 -31.815103159 168.690002
OBJECT 37 151.311224863 -31.815032402 0.000000
OBJECT 37 151.311230414 -31.814961645 225.000000
OBJECT 37 151.311408046 -31.814890888 0.000000
OBJECT 37 151.311552373 -31.814966362 275.709991
OBJECT 37 151.311657843 -31.815032402 0.000000
OBJECT 37 151.311535720 -31.814928625 180.000000
OBJECT 37 151.311757761 -31.814895605 257.470001
OBJECT 37 151.311757761 -31.814989948 0.000000
OBJECT 37 151.311785516 -31.815093725 270.000000
OBJECT 37 151.311846578 -31.815244673 90.000000
OBJECT 37 151.311580128 -31.815711669 0.000000
OBJECT 37 151.311885435 -31.815565438 270.000000
OBJECT 37 151.311663394 -31.815541852 180.000000
OBJECT 37 151.311918741 -31.815541852 270.000000
OBJECT 37 151.311874333 -31.815848466 336.500000
OBJECT 37 151.312013109 -31.815688084 0.000000
OBJECT 37 151.312829110 -31.816339048 0.000000
OBJECT 37 151.312351721 -31.816188100 0.000000
OBJECT 37 151.312501599 -31.816471128 0.000000
OBJECT 37 151.312246252 -31.816622076 71.559998
OBJECT 37 151.312174088 -31.816678682 0.000000
OBJECT 37 151.312240701 -31.816815478 0.000000
OBJECT 37 151.312240701 -31.816947558 0.000000
OBJECT 37 151.312157435 -31.816994730 15.940000
OBJECT 37 151.312074170 -31.817122092 0.000000
OBJECT 37 151.311924292 -31.817188132 0.000000
OBJECT 37 151.310181269 -31.817258889 353.660004
OBJECT 37 151.310308943 -31.817763622 0.000000
OBJECT 37 151.309909269 -31.818405152 18.430000
OBJECT 37 151.309892616 -31.818697615 315.000000
OBJECT 37 151.310203473 -31.818758937 180.000000
OBJECT 37 151.310042493 -31.818527798 153.440002
OBJECT 37 151.310580943 -31.818773089 270.000000
OBJECT 37 151.310481025 -31.818626858 180.000000
OBJECT 37 151.310603147 -31.818513647 158.199997
OBJECT 37 151.310603147 -31.818357981 270.000000
OBJECT 37 151.310653107 -31.817961742 172.880005
OBJECT 37 151.310553188 -31.817400403 0.000000
OBJECT 37 151.310725270 -31.817433423 0.000000
OBJECT 37 151.310703066 -31.817556068 90.000000
OBJECT 37 151.310769678 -31.817721168 319.399994
OBJECT 37 151.310797433 -31.817782491 90.000000
OBJECT 37 151.310947311 -31.817810794 201.800003
OBJECT 37 151.310897352 -31.817494746 0.000000
OBJECT 37 151.311408046 -31.817447574 0.000000
OBJECT 37 151.311557924 -31.817386252 0.000000
OBJECT 37 151.311435802 -31.817353232 0.000000
OBJECT 37 151.311591230 -31.817225869 0.000000
OBJECT 37 151.311674496 -31.817178698 0.000000
OBJECT 37 151.311779965 -31.817056052 159.440002
OBJECT 37 151.311779965 -31.816952275 0.000000
OBJECT 37 151.311807721 -31.816862650 0.000000
OBJECT 37 151.311702251 -31.816914538 0.000000
OBJECT 37 151.311718904 -31.816773024 0.000000
OBJECT 37 151.311591230 -31.816848498 45.000000
OBJECT 37 151.311569026 -31.816966427 14.040000
OBJECT 37 151.311491312 -31.817027749 18.430000
OBJECT 37 151.311435802 -31.817159829 0.000000
OBJECT 37 151.311335883 -31.817296626 0.000000
OBJECT 37 151.311158250 -31.817263606 109.650002
OBJECT 37 151.311247067 -31.817178698 0.000000
OBJECT 37 151.311352536 -31.817093789 270.000000
OBJECT 37 151.311191556 -31.817046618 180.000000
OBJECT 37 151.311285924 -31.816905104 180.000000
OBJECT 37 151.311480210 -31.816777741 270.000000
OBJECT 37 151.311929843 -31.816438108 153.440002
OBJECT 37 151.311824374 -31.816381502 0.000000
OBJECT 37 151.311657843 -31.816405088 90.000000
OBJECT 37 151.311258169 -31.816315462 180.000000
OBJECT 37 151.311180454 -31.816230554 165.960007
OBJECT 37 151.311224863 -31.816112626 90.000000
OBJECT 37 151.311163801 -31.816089040 116.570000
OBJECT 37 151.311202658 -31.815706952 0.000000
OBJECT 37 151.311091638 -31.815716386 135.000000
OBJECT 37 151.311008372 -31.815706952 90.000000
OBJECT 37 151.310919556 -31.815754123 66.800003
OBJECT 37 151.310963964 -31.815829598 270.000000
OBJECT 37 151.311063883 -31.815820163 0.000000
OBJECT 37 151.311163801 -31.815872052 303.690002
OBJECT 37 151.311247067 -31.815952243 0.000000
OBJECT 37 151.311130495 -31.815952243 0.000000
OBJECT 37 151.310897352 -31.816004132 0.000000
OBJECT 37 151.310830740 -31.815914506 153.440002
OBJECT 37 151.310669760 -31.815928657 63.430000
OBJECT 37 151.310536535 -31.815919223 0.000000
OBJECT 37 151.310419963 -31.815881486 90.000000
OBJECT 37 151.310364453 -31.816041869 5.710000
OBJECT 37 151.310231228 -31.816037151 180.000000
OBJECT 37 151.310519882 -31.816206968 0.000000
OBJECT 37 151.310419963 -31.816518299 270.000000
OBJECT 37 151.310736372 -31.816617359 90.000000
OBJECT 37 151.310308943 -31.816466411 108.440002
OBJECT 37 151.310525433 -31.816683399 0.000000
OBJECT 37 151.310580943 -31.816810761 326.309998
OBJECT 37 151.309659472 -31.816938124 0.000000
OBJECT 37 151.309587309 -31.816872084 0.000000
OBJECT 37 151.309787146 -31.816631510 170.539993
OBJECT 37 151.309998085 -31.816419239 0.000000
OBJECT 37 151.309986983 -31.816513582 15.940000
OBJECT 37 151.309925922 -31.816815478 0.000000
OBJECT 37 151.310009187 -31.816839064 0.000000
OBJECT 37 151.310059147 -31.816702267 180.000000
OBJECT 37 151.310103555 -31.816546602 0.000000
OBJECT 37 151.310209024 -31.816626793 309.809998
OBJECT 37 151.310264535 -31.816688116 336.040009
OBJECT 37 151.310214575 -31.816763590 0.000000
OBJECT 37 151.310136861 -31.816886235 0.000000
OBJECT 37 151.310053595 -31.816956992 0.000000
OBJECT 37 151.310020289 -31.817041901 90.000000
OBJECT 37 151.309870412 -31.816961710 110.559998
OBJECT 37 151.311312281 -31.820501094 153.440002
OBJECT 37 151.311217909 -31.820458640 90.000000
OBJECT 37 151.311068024 -31.820510528 71.559998
OBJECT 37 151.310984755 -31.820614305 0.000000
OBJECT 37 151.311090229 -31.820722799 270.000000
OBJECT 37 151.311245665 -31.820741668 296.570007
OBJECT 37 151.312200486 -31.821029413 56.310001
OBJECT 37 151.312039499 -31.821034130 90.000000
OBJECT 37 151.311850756 -31.821100170 11.310000
OBJECT 37 151.311639807 -31.821180361 85.239998
OBJECT 37 151.311362242 -31.821491692 348.690002
OBJECT 37 151.311317832 -31.821086019 216.869995
OBJECT 37 151.311412204 -31.820982242 0.000000
OBJECT 37 151.311029165 -31.820869030 0.000000
OBJECT 37 151.310890383 -31.820831293 153.440002
OBJECT 37 151.310868178 -31.820930353 180.000000
OBJECT 37 151.311001409 -31.820925636 0.000000
OBJECT 37 151.311140191 -31.820986959 0.000000
OBJECT 37 151.311117986 -31.821086019 0.000000
OBJECT 37 151.311040268 -31.821199230 26.559999
OBJECT 37 151.311112435 -31.821340744 73.300003
OBJECT 37 151.311001409 -31.821482258 90.000000
OBJECT 37 151.310873729 -31.821501126 90.000000
OBJECT 37 151.310790460 -31.821453955 90.000000
OBJECT 37 151.307537407 -31.820321843 0.000000
OBJECT 37 151.307859382 -31.820062401 90.000000
OBJECT 37 151.307720600 -31.820114289 156.800003
OBJECT 37 151.307665087 -31.820062401 0.000000
OBJECT 37 151.307604023 -31.820114289 157.169998
OBJECT 37 151.307448587 -31.819864281 171.869995
OBJECT 37 151.307737253 -31.819727484 0.000000
OBJECT 37 151.307670638 -31.819732201 0.000000
OBJECT 37 151.307631779 -31.819807675 0.000000
OBJECT 37 151.307587369 -31.819925604 11.310000
OBJECT 37 151.307581817 -31.819968058 180.000000
OBJECT 37 151.307587369 -31.819840695 180.000000
OBJECT 37 151.307970407 -31.819817110 0.000000
OBJECT 37 151.307959305 -31.819902018 180.000000
OBJECT 37 151.307948202 -31.819751070 176.630005
OBJECT 37 151.307909343 -31.819515213 183.580002
OBJECT 37 151.307765010 -31.819482193 90.000000
OBJECT 37 151.307542958 -31.819458607 156.250000
OBJECT 37 151.307626228 -31.818873683 258.690002
OBJECT 37 151.307715048 -31.818581221 171.029999
OBJECT 37 151.308042574 -31.818868966 165.960007
OBJECT 37 151.307842728 -31.818765189 137.490005
OBJECT 37 151.307903792 -31.818515181 200.559998
OBJECT 37 151.308086984 -31.818397252 222.710007
OBJECT 37 151.308153600 -31.818317061 170.539993
OBJECT 37 151.308403408 -31.818189699 0.000000
OBJECT 37 151.308464472 -31.818034033 206.559998
OBJECT 37 151.308631010 -31.818015165 270.000000
OBJECT 37 151.308703177 -31.817854782 194.929993
OBJECT 37 151.308847510 -31.817585905 185.190002
OBJECT 37 151.308825305 -31.817477411 198.429993
OBJECT 37 151.309008498 -31.817364200 225.000000
OBJECT 37 151.309152831 -31.817430240 0.000000
OBJECT 37 151.309419293 -31.817156646 0.000000
OBJECT 37 151.309585831 -31.817364200 15.950000
OBJECT 37 151.309369331 -31.817486846 56.310001
OBJECT 37 151.309241652 -31.817656662 33.689999
OBJECT 37 151.309052908 -31.817831196 11.310000
OBJECT 37 151.308825305 -31.817986862 63.430000
OBJECT 37 151.308653215 -31.818203850 20.139999
OBJECT 37 151.309430395 -31.818590655 270.000000
OBJECT 37 151.309563626 -31.818567069 261.869995
OBJECT 37 151.309774575 -31.818331213 199.649994
OBJECT 37 151.309891152 -31.818128376 185.190002
OBJECT 37 151.310102101 -31.817835914 212.279999
OBJECT 37 151.310274191 -31.817585905 172.410004
OBJECT 37 151.309824537 -31.817472694 74.050003
OBJECT 37 151.309624690 -31.817684965 29.360001
OBJECT 37 151.309391536 -31.817963276 26.559999
OBJECT 37 151.309241652 -31.818118942 36.869999
OBJECT 37 151.309141729 -31.818232153 189.460007
OBJECT 37 151.308997395 -31.818434990 19.090000
OBJECT 37 151.311495473 -31.818567069 153.440002
OBJECT 37 151.311378896 -31.818557635 0.000000
OBJECT 37 151.311867409 -31.818920854 0.000000
OBJECT 37 151.311811897 -31.819057651 7.120000
OBJECT 37 151.311745281 -31.819062368 18.430000
OBJECT 37 151.311728627 -31.819269922 0.000000
OBJECT 37 151.311489922 -31.819279356 75.959999
OBJECT 37 151.311534332 -31.819406719 56.310001
OBJECT 37 151.311273422 -31.819411436 90.000000
OBJECT 37 151.311201255 -31.819416153 0.000000
OBJECT 37 151.311101332 -31.819444456 83.660004
OBJECT 37 151.310590614 -31.819378416 116.570000
OBJECT 37 151.310701640 -31.819590687 213.690002
OBJECT 37 151.310512896 -31.819741635 0.000000
OBJECT 37 151.310274191 -31.820170895 0.000000
OBJECT 37 151.310140960 -31.820402034 63.430000
OBJECT 37 151.309746819 -31.819779373 213.690002
OBJECT 37 151.310063242 -31.820052966 191.309998
OBJECT 37 151.310113203 -31.819486910 162.899994
OBJECT 37 151.310079896 -31.819392568 186.339996
OBJECT 37 151.310079896 -31.819194448 108.440002
OBJECT 37 151.310002178 -31.819208599 0.000000
OBJECT 37 151.309685754 -31.819463325 75.070000
OBJECT 37 151.309508113 -31.819656727 0.000000
OBJECT 37 151.309552524 -31.819760504 0.000000
OBJECT 37 151.309591383 -31.819859564 0.000000
OBJECT 37 151.309552524 -31.819968058 0.000000
OBJECT 37 151.308880818 -31.819439739 0.000000
OBJECT 37 151.308864164 -31.819335962 180.000000
OBJECT 37 151.308869716 -31.819189731 180.000000
OBJECT 37 151.308736485 -31.819048217 141.710007
OBJECT 37 151.308680972 -31.818986894 135.000000
OBJECT 37 151.308553292 -31.818944440 122.010002
OBJECT 37 151.308414510 -31.818944440 90.000000
OBJECT 37 151.308270177 -31.819067085 36.869999
OBJECT 37 151.308142497 -31.819199165 23.200001
OBJECT 37 151.308914126 -31.819609556 90.000000
OBJECT 37 151.308847510 -31.819590687 116.570000
OBJECT 37 151.308764241 -31.819571819 0.000000
OBJECT 37 151.308697626 -31.819562384 135.000000
OBJECT 37 151.308636562 -31.819548233 0.000000
OBJECT 37 151.308558844 -31.819543516 90.000000
OBJECT 37 151.308531087 -31.819534082 0.000000
OBJECT 37 151.308442267 -31.819515213 0.000000
OBJECT 37 151.308342344 -31.819496345 90.000000
OBJECT 37 151.308264626 -31.819486910 0.000000
OBJECT 37 151.308170254 -31.819463325 0.000000
OBJECT 37 151.308031472 -31.819458607 92.050003
OBJECT 37 151.308925228 -31.819524647 0.000000
OBJECT 37 151.308803100 -31.819496345 0.000000
OBJECT 37 151.308736485 -31.819482193 270.000000
OBJECT 37 151.308631010 -31.819453890 90.000000
OBJECT 37 151.308536638 -31.819435022 108.440002
OBJECT 37 151.308442267 -31.819402002 90.000000
OBJECT 37 151.308381202 -31.819397285 90.000000
OBJECT 37 151.308281279 -31.819383133 94.089996
OBJECT 37 151.308148049 -31.819354831 90.000000
OBJECT 37 151.308070331 -31.819359548 0.000000
OBJECT 37 151.307809420 -31.818859532 0.000000
OBJECT 37 151.307864933 -31.818958591 0.000000
OBJECT 37 151.307604023 -31.818920854 0.000000
OBJECT 37 151.307681741 -31.819048217 18.430000
OBJECT 37 151.307459689 -31.819062368 0.000000
OBJECT 37 151.307498548 -31.819255771 180.000000
OBJECT 37 151.307304253 -31.819189731 90.000000
OBJECT 37 151.307287599 -31.819326528 0.000000
OBJECT 37 151.307420830 -31.819387850 0.000000
OBJECT 37 151.307187676 -31.819444456 0.000000
OBJECT 37 151.307315356 -31.819590687 0.000000
OBJECT 37 151.307126612 -31.819784090 0.000000
OBJECT 37 151.307287599 -31.819670878 153.440002
OBJECT 37 151.307082202 -31.819675596 180.000000
OBJECT 37 151.307193228 -31.819850130 135.000000
OBJECT 37 151.306815740 -31.819807675 180.000000
OBJECT 37 151.306960074 -31.819831261 161.570007
OBJECT 37 151.306610343 -31.819685030 0.000000
OBJECT 37 151.306582586 -31.819845412 0.000000
OBJECT 37 151.306438253 -31.819911452 90.000000
OBJECT 37 151.309680203 -31.820831293 0.000000
OBJECT 37 151.310007729 -31.821001110 0.000000
OBJECT 37 151.310190921 -31.820982242 90.000000
OBJECT 37 151.310007729 -31.821222815 51.340000
OBJECT 37 151.310318601 -31.821189795 23.959999
OBJECT 37 151.310301947 -31.821331309 0.000000
OBJECT 37 151.310157614 -31.821425652 84.809998
OBJECT 37 151.309913357 -31.821189795 0.000000
OBJECT 37 151.309891152 -31.821269987 22.830000
OBJECT 37 151.309780126 -31.821373764 0.000000
OBJECT 37 151.309558075 -31.821350178 0.000000
OBJECT 37 151.309435947 -31.821303007 293.959991
OBJECT 37 151.309497011 -31.821185078 194.929993
OBJECT 37 151.309374882 -31.820944505 168.110001
OBJECT 37 151.309158382 -31.820656759 243.429993
OBJECT 37 151.309641344 -31.820953939 172.410004
OBJECT 37 151.309336023 -31.820727516 180.000000
OBJECT 37 151.309458152 -31.820642608 233.130005
OBJECT 37 151.309707960 -31.820802991 210.960007
OBJECT 37 151.309741267 -31.820746385 208.610001
OBJECT 37 151.309741267 -31.820581285 180.000000
OBJECT 37 151.309713511 -31.820411468 135.000000
OBJECT 37 151.309580280 -31.820364297 141.339996
OBJECT 37 151.309519216 -31.820302974 156.800003
OBJECT 37 151.309524767 -31.820208632 153.440002
OBJECT 37 151.309447049 -31.820137875 153.440002
OBJECT 37 151.309280511 -31.820081269 160.020004
OBJECT 37 151.309097318 -31.820062401 180.000000
OBJECT 37 151.309064011 -31.819935038 135.000000
OBJECT 37 151.308958536 -31.819845412 165.960007
OBJECT 37 151.308758690 -31.819949189 229.080002
OBJECT 37 151.308253523 -31.819958624 270.000000
OBJECT 37 151.308336792 -31.820038815 0.000000
OBJECT 37 151.308247972 -31.820104855 0.000000
OBJECT 37 151.308303485 -31.820166178 258.690002
OBJECT 37 151.308203561 -31.820449206 0.000000
OBJECT 37 151.308236869 -31.820378449 270.000000
OBJECT 37 151.308198010 -31.820279389 170.539993
OBJECT 37 151.308037023 -31.820203915 155.770004
OBJECT 37 151.307864933 -31.820317126 180.000000
OBJECT 37 151.307848279 -31.820538831 225.000000
OBJECT 37 151.308891921 -31.820628457 0.000000
OBJECT 37 151.308830857 -31.820604871 90.000000
OBJECT 37 151.308764241 -31.820609588 71.559998
OBJECT 37 151.308664318 -31.820581285 180.000000
OBJECT 37 151.308525536 -31.820567134 116.570000
OBJECT 37 151.308414510 -31.820552982 90.000000
OBJECT 37 151.308347895 -31.820543548 90.000000
OBJECT 37 151.308281279 -31.820534114 0.000000
OBJECT 37 151.308153600 -31.820656759 0.000000
OBJECT 37 151.308314587 -31.820920919 90.000000
OBJECT 37 151.308836408 -31.821062433 0.000000
OBJECT 37 151.309208344 -31.821005827 0.000000
OBJECT 37 151.309058459 -31.821166210 0.000000
OBJECT 37 151.308997395 -31.821232250 90.000000
OBJECT 37 151.308897472 -31.821208664 123.690002
OBJECT 37 151.308825305 -31.821189795 180.000000
OBJECT 37 151.308719831 -31.821142624 135.000000
OBJECT 37 151.308686523 -31.821137907 90.000000
OBJECT 37 151.308547741 -31.821076584 120.580002
OBJECT 37 151.308464472 -31.821067150 135.000000
OBJECT 37 151.308364549 -31.821043564 90.000000
OBJECT 37 151.308247972 -31.821005827 119.750000
OBJECT 37 151.307776112 -31.820892616 90.000000
OBJECT 37 151.307726151 -31.820887899 116.570000
OBJECT 37 151.307648433 -31.820864313 116.570000
OBJECT 37 151.307615125 -31.820845445 116.570000
OBJECT 37 151.307559612 -31.820817142 123.690002
OBJECT 37 151.307465240 -31.820812425 75.959999
OBJECT 37 151.307876036 -31.820769971 0.000000
OBJECT 37 151.307753907 -31.820741668 0.000000
OBJECT 37 151.307592920 -31.820736951 315.000000
OBJECT 37 151.307470792 -31.820689779 0.000000
OBJECT 37 151.307387523 -31.820656759 0.000000
OBJECT 37 151.307204330 -31.820600154 135.000000
OBJECT 37 151.307137715 -31.820534114 0.000000
OBJECT 37 151.307015586 -31.820439771 0.000000
OBJECT 37 151.306926766 -31.820604871 0.000000
OBJECT 37 151.306782432 -31.820420903 0.000000
OBJECT 37 151.306626996 -31.820185046 206.559998
OBJECT 37 151.306887907 -31.820067118 0.000000
OBJECT 37 151.306710266 -31.819953906 0.000000
OBJECT 37 151.306615894 -31.819986926 0.000000
OBJECT 37 151.306521522 -31.820133158 348.690002
OBJECT 37 151.306382740 -31.820156743 0.000000
OBJECT 37 151.306410496 -31.820274672 0.000000
OBJECT 37 151.306077419 -31.820218066 0.000000
OBJECT 37 151.306210650 -31.820274672 0.000000
OBJECT 37 151.306216201 -31.820364297 0.000000
OBJECT 37 151.306343881 -31.820392600 0.000000
OBJECT 37 151.306626996 -31.820581285 0.000000
OBJECT 37 151.306493766 -31.820562417 135.000000
OBJECT 37 151.306393843 -31.820548265 0.000000
OBJECT 37 151.306266163 -31.820590720 0.000000
OBJECT 37 151.306193996 -31.820543548 0.000000
OBJECT 37 151.306094073 -31.820543548 0.000000
OBJECT 37 151.306121830 -31.820425620 0.000000
OBJECT 37 151.305949740 -31.820534114 0.000000
OBJECT 37 151.305688829 -31.820628457 90.000000
OBJECT 37 151.305822060 -31.820505811 255.960007
OBJECT 37 151.305977496 -31.820468074 0.000000
OBJECT 37 151.305983047 -31.820354863 135.000000
OBJECT 37 151.305722137 -31.820255803 0.000000
OBJECT 37 151.305844265 -31.820265237 90.000000
OBJECT 37 151.304695149 -31.819732201 0.000000
OBJECT 37 151.304473098 -31.819949189 0.000000
OBJECT 37 151.304711803 -31.820137875 90.000000
OBJECT 37 151.304845034 -31.820076552 270.000000
OBJECT 37 151.305028226 -31.820076552 0.000000
OBJECT 37 151.305183662 -31.820156743 180.000000
OBJECT 37 151.305544496 -31.820057683 180.000000
FILTER -1
OBJECT_DEF lib/airport/beacons/beacon_airport.obj
OBJECT_DEF lib/airport/Common_Elements/Markers/Cones/Red_White_Closed_2.obj
OBJECT_DEF lib/airport/Ramp_Equipment/Chocks_3.obj
OBJECT_DEF lib/airport/Ramp_Equipment/Chocks_1.obj
OBJECT_DEF lib/airport/Common_Elements/Fueling_Stations/fuel_station_white_avgasUL91.obj
OBJECT_DEF lib/airport/Common_Elements/Miscellaneous/Blue_Dumpster.obj
OBJECT_DEF lib/cars/car_static.obj
OBJECT_DEF lib/airport/Common_Elements/Vehicles/sailplane_trailer/sailplane_trailer_var10.obj
OBJECT_DEF lib/airport/Common_Elements/Vehicles/sailplane_trailer/sailplane_trailer_old.obj
OBJECT_DEF lib/airport/Common_Elements/Vehicles/sailplane_trailer/sailplane_trailer_10m.obj
OBJECT_DEF lib/airport/Common_Elements/Vehicles/sailplane_trailer/sailplane_trailer_10m_open.obj
OBJECT_DEF lib/g10/US/industrial/light/WoodShed8x10.obj
OBJECT_DEF lib/g10/US/suburban/L-RnchLHRd.obj
OBJECT_DEF lib/g10/US/industrial/light/TinShed10x30Lt.obj
OBJECT_DEF lib/airport/Common_Elements/Hangars/Sm_Gray_Hangar.agp
OBJECT_DEF lib/airport/European_Airports/hangars/25x20x5.obj
OBJECT_DEF lib/airport/European_Airports/hangars/25x20x5_solar.obj
OBJECT_DEF lib/g10/US/industrial/light/SiteOffice4x14.obj
OBJECT_DEF lib/airport/European_Airports/silos/16m_tan_white.obj
OBJECT_DEF lib/airport/European_Airports/silos/12m_wood.obj
OBJECT_DEF lib/airport/European_Airports/hangars/22m_carousel.obj
OBJECT_DEF lib/g10/US/suburban/Z-RnchRHRd.obj
OBJECT_DEF lib/g10/US/suburban/T-RnchRHRd.obj
OBJECT_DEF lib/g10/global_objects/ResPoolSmall.obj
OBJECT_DEF lib/g10/US/industrial/light/Shed13x24.obj
OBJECT_DEF lib/g10/US/industrial/light/SiteOffice8x14.obj
OBJECT_DEF lib/g10/US/suburban/TrailerSnglLong.obj
OBJECT_DEF lib/g10/US/suburban/TrailerSnglShrtPtch.obj
OBJECT_DEF lib/g10/US/industrial/light/FactA60x30.obj
OBJECT_DEF lib/g10/US/suburban/dGrgSmlWht.obj
OBJECT_DEF lib/g10/US/industrial/light/TinShed10x50.obj
OBJECT_DEF lib/airport/European_Airports/hangars/22m_carousel_green.obj
OBJECT_DEF lib/g10/US/industrial/light/FactB30x45.obj
OBJECT_DEF lib/g10/US/industrial/light/FactA15x22.obj
OBJECT_DEF lib/g10/US/industrial/light/WoodShed8x20.obj
OBJECT_DEF lib/g10/US/suburban/TrailerDblLong.obj
OBJECT_DEF lib/g10/forests/autogen_tree1.obj
OBJECT_DEF lib/g10/forests/autogen_tree_any.obj
POLYGON_DEF lib/g10/terrain10/broad_hot_sdry_fl_tp.pol
POLYGON_DEF lib/g10/global_objects/fencing_Industrial_1.fac
PROPERTY sim/filter/aptid YESN
PROPERTY sim/exclude_obj 151.299042/-31.832554/151.310287/-31.820370
PROPERTY sim/exclude_obj 151.313349/-31.821497/151.319444/-31.814078
PROPERTY sim/exclude_obj 151.292280/-31.824319/151.313578/-31.798553
PROPERTY sim/require_agpoint 1/0
PROPERTY sim/require_object 1/0
PROPERTY sim/require_facade 1/1
PROPERTY sim/require_facade 6/0
