PROPERTY sim/west -180
PROPERTY sim/east 180
PROPERTY sim/north 90
PROPERTY sim/south -90
PROPERTY sim/planet earth
PROPERTY sim/creation_agent WorldEditor1.7.0r3
PROPERTY laminar/internal_revision 0
PROPERTY sim/overlay 1
FILTER 0
FILTER -1
FILTER 0
FILTER -1
FILTER 0
FILTER -1
FILTER 0
FILTER -1
FILTER 0
FILTER -1
FILTER 0
OBJECT 0 147.387957928 -29.072795923 16.750000
OBJECT 1 147.388081447 -29.073104899 126.980003
OBJECT 2 147.387874339 -29.072835778 46.590000
OBJECT 3 147.387828159 -29.073251585 351.769989
OBJECT 4 147.388052050 -29.073091509 41.500000
OBJECT 5 147.388044518 -29.073084029 0.000000
OBJECT 6 147.387974380 -29.072741759 137.119995
BEGIN_POLYGON 0 1 3
BEGIN_WINDING
POLYGON_POINT 147.387862534 -29.072152219 0.000000000
POLYGON_POINT 147.387441546 -29.071906491 0.000000000
POLYGON_POINT 147.387135373 -29.071732809 0.000000000
END_WINDING
END_POLYGON
BEGIN_POLYGON 0 1 3
BEGIN_WINDING
POLYGON_POINT 147.387678537 -29.072994899 0.000000000
POLYGON_POINT 147.387365002 -29.073280509 0.000000000
POLYGON_POINT 147.387070600 -29.073542962 0.000000000
POLYGON_POINT 147.386902791 -29.073694773 0.000000000
END_WINDING
END_POLYGON
BEGIN_POLYGON 0 1 3
BEGIN_WINDING
POLYGON_POINT 147.387795437 -29.072917060 0.000000000
POLYGON_POINT 147.387783600 -29.072927652 0.000000000
POLYGON_POINT 147.387770849 -29.072916679 0.000000000
POLYGON_POINT 147.387718281 -29.072958876 0.000000000
END_WINDING
END_POLYGON
OBJECT 7 147.387826926 -29.072826856 333.619995
OBJECT 7 147.387586928 -29.072948296 176.100006
BEGIN_POLYGON 0 1 3
BEGIN_WINDING
POLYGON_POINT 147.387821620 -29.072888403 0.000000000
POLYGON_POINT 147.387830200 -29.072880700 0.000000000
POLYGON_POINT 147.387816398 -29.072869989 0.000000000
POLYGON_POINT 147.388173159 -29.072557665 0.000000000
POLYGON_POINT 147.388331879 -29.072421609 0.000000000
POLYGON_POINT 147.387913713 -29.072176175 0.000000000
END_WINDING
END_POLYGON
OBJECT 8 147.387387850 -29.072317834 48.720001
OBJECT 8 147.387347340 -29.072361967 341.570007
OBJECT 8 147.387388706 -29.072392635 312.649994
OBJECT 8 147.387431498 -29.072427044 219.809998
OBJECT 8 147.387473149 -29.072388646 233.699997
OBJECT 8 147.387511948 -29.072349500 136.850006
OBJECT 8 147.387467444 -29.072311850 123.019997
OBJECT 8 147.387426934 -29.072280932 122.080002
OBJECT 8 147.387450327 -29.072049046 90.000000
OBJECT 8 147.387422654 -29.072057524 45.000000
OBJECT 8 147.387394982 -29.072077720 45.810001
OBJECT 8 147.387378150 -29.072106394 18.430000
OBJECT 8 147.387377009 -29.072138310 353.209991
OBJECT 8 147.387389562 -29.072165986 332.779999
OBJECT 8 147.387410958 -29.072180199 303.690002
OBJECT 8 147.387437489 -29.072189175 270.000000
OBJECT 8 147.387470582 -29.072196655 252.979996
OBJECT 8 147.387514230 -29.072181445 220.600006
OBJECT 8 147.387537623 -29.072162496 193.630005
OBJECT 8 147.387545896 -29.072131578 188.529999
OBJECT 8 147.387542758 -29.072096919 164.050003
OBJECT 8 147.387525070 -29.072069243 135.690002
OBJECT 8 147.387491122 -29.072052787 112.989998
OBJECT 9 147.387195893 -29.073923641 125.750000
OBJECT 9 147.386966968 -29.073741344 139.190002
OBJECT 9 147.387808903 -29.073181115 150.949997
OBJECT 9 147.388315082 -29.073258925 219.470001
OBJECT 9 147.387574891 -29.074068144 237.089996
OBJECT 9 147.387747856 -29.073879178 228.809998
OBJECT 9 147.387951345 -29.073656865 225.000000
OBJECT 9 147.387783467 -29.073525700 216.869995
OBJECT 9 147.387567260 -29.073761352 216.250000
OBJECT 9 147.387333248 -29.073985888 208.070007
OBJECT 10 147.380064761 -29.069721472 127.089996
OBJECT 10 147.380052693 -29.069709683 136.740005
OBJECT 10 147.380036367 -29.069698516 125.220001
OBJECT 10 147.380048434 -29.069683625 223.089996
OBJECT 10 147.380060502 -29.069673078 222.710007
OBJECT 10 147.380237965 -29.069480743 228.949997
OBJECT 10 147.380250742 -29.069464612 228.009995
OBJECT 10 147.380436724 -29.069282824 223.570007
OBJECT 10 147.380454470 -29.069268554 239.350006
OBJECT 10 147.380619155 -29.069098555 212.199997
OBJECT 10 147.380634772 -29.069086146 227.729996
OBJECT 10 147.380642581 -29.069078081 143.619995
OBJECT 10 147.380658907 -29.069090489 126.419998
OBJECT 10 147.380670265 -29.069101037 130.720001
OBJECT 10 147.381841766 -29.069980059 133.059998
OBJECT 10 147.381822631 -29.069971053 129.389999
OBJECT 10 147.381229431 -29.070605314 124.879997
OBJECT 10 147.381213240 -29.070591163 131.500000
OBJECT 10 147.382599823 -29.071643547 133.220001
OBJECT 10 147.382577744 -29.071628109 128.070007
OBJECT 10 147.383229829 -29.071040163 127.690002
OBJECT 10 147.383210693 -29.071022151 129.669998
OBJECT 10 147.383967286 -29.072686926 127.000000
OBJECT 10 147.383943734 -29.072668915 126.379997
OBJECT 10 147.384598769 -29.072080969 129.020004
OBJECT 10 147.384578162 -29.072064244 142.130005
OBJECT 10 147.386005994 -29.073160370 132.880005
OBJECT 10 147.385964778 -29.073135926 128.020004
OBJECT 10 147.385395111 -29.073753462 128.520004
OBJECT 10 147.385370087 -29.073736738 132.979996
OBJECT 10 147.387251316 -29.074086675 136.330002
OBJECT 10 147.387223348 -29.074067377 125.750000
OBJECT 10 147.387425015 -29.074219188 126.250000
OBJECT 10 147.387407351 -29.074208895 128.449997
OBJECT 10 147.386739054 -29.074782690 129.669998
OBJECT 10 147.386709613 -29.074764678 140.080002
OBJECT 10 147.388682128 -29.075176369 129.160004
OBJECT 10 147.388664463 -29.075163504 120.849998
OBJECT 10 147.388090371 -29.075820922 129.809998
OBJECT 10 147.388074179 -29.075808057 137.490005
OBJECT 10 147.388926571 -29.076458750 309.040009
OBJECT 10 147.388935130 -29.076467685 311.880005
OBJECT 10 147.388946304 -29.076478489 325.679993
OBJECT 10 147.388960331 -29.076483061 226.039993
OBJECT 10 147.388972456 -29.076470178 219.809998
OBJECT 10 147.388984105 -29.076458542 221.759995
OBJECT 10 147.389169546 -29.076275902 226.770004
OBJECT 10 147.389182384 -29.076261772 229.669998
OBJECT 10 147.389372104 -29.076070820 212.830002
OBJECT 10 147.389385179 -29.076056899 226.970001
OBJECT 10 147.389551124 -29.075903971 221.350006
OBJECT 10 147.389560634 -29.075893374 228.529999
OBJECT 10 147.389576087 -29.075879453 232.429993
OBJECT 10 147.389583219 -29.075866155 142.910004
OBJECT 10 147.389567528 -29.075853272 133.330002
OBJECT 10 147.389548984 -29.075841844 126.419998
OBJECT 11 147.388012768 -29.073037588 123.690002
OBJECT 11 147.387980725 -29.073079237 128.660004
OBJECT 11 147.387898152 -29.073008146 159.440002
OBJECT 11 147.387916639 -29.072974395 142.429993
OBJECT 11 147.387827904 -29.072946749 167.910004
OBJECT 11 147.387850088 -29.072919102 147.990005
OBJECT 12 147.387778900 -29.072909049 42.250000
OBJECT 13 147.387792582 -29.072891086 42.570000
OBJECT 14 147.387816707 -29.072893397 161.190002
OBJECT 13 147.387767285 -29.072871037 221.949997
OBJECT 15 147.387779798 -29.072858437 131.580002
OBJECT 12 147.387810929 -29.072877520 222.710007
OBJECT 15 147.387756677 -29.072882211 131.960007
OBJECT 16 147.383648401 -29.072017737 32.005341
FILTER -1
OBJECT_DEF lib/airport/Ramp_Equipment/Tow_Tractor_1.obj
OBJECT_DEF lib/airport/Ramp_Equipment/Towbar_1.obj
OBJECT_DEF lib/airport/Common_Elements/Miscellaneous/Sm_Propane_Tank.obj
OBJECT_DEF lib/airport/Ramp_Equipment/Chocks_3.obj
OBJECT_DEF lib/airport/Ramp_Equipment/Chocks_2.obj
OBJECT_DEF lib/airport/Ramp_Equipment/Chocks_1.obj
OBJECT_DEF lib/airport/Common_Elements/Miscellaneous/Blue_Dumpster.obj
OBJECT_DEF lib/cars/car.obj
OBJECT_DEF lib/airport/Common_Elements/Runway_Markers/Rectangular/White_Red.obj
OBJECT_DEF lib/airport/Common_Elements/Runway_Markers/Rectangular/Yellow_Black.obj
OBJECT_DEF lib/airport/Common_Elements/Runway_Markers/Rectangular/White_Black.obj
OBJECT_DEF lib/airport/Common_Elements/Markers/Poles/Thin_Red_White.obj
OBJECT_DEF lib/g10/global_objects/park_bench_1.obj
OBJECT_DEF lib/g10/EU/suburban/carport1_6x3.obj
OBJECT_DEF lib/airport/Common_Elements/Miscellaneous/Barrel_Trash_Can.obj
OBJECT_DEF lib/airport/Common_Elements/Miscellaneous/Picnic_Table.obj
OBJECT_DEF lib/airport/Common_Elements/Miscellaneous/One_Traffic_Cone.obj
POLYGON_DEF lib/g10/global_objects/fencing_Industrial_1.fac
PROPERTY sim/filter/aptid YGDA
PROPERTY sim/require_agpoint 1/0
PROPERTY sim/require_object 1/0
PROPERTY sim/require_facade 1/0
