PROPERTY sim/west -180
PROPERTY sim/east 180
PROPERTY sim/north 90
PROPERTY sim/south -90
PROPERTY sim/planet earth
PROPERTY sim/creation_agent WorldEditor1.7.0r3
PROPERTY laminar/internal_revision 0
PROPERTY sim/overlay 1
FILTER 0
FILTER -1
FILTER 0
FILTER -1
FILTER 0
FILTER -1
FILTER 0
FILTER -1
FILTER 0
FILTER -1
FILTER 0
OBJECT 0 151.194523124 -32.602631585 91.120003
OBJECT 0 151.195538767 -32.602812304 110.230003
OBJECT 0 151.195878581 -32.602901863 103.129997
OBJECT 0 151.195869089 -32.603103372 189.289993
OBJECT 0 151.195155290 -32.602735538 95.440002
OBJECT 0 151.194917991 -32.602677964 101.099998
OBJECT 0 151.194712964 -32.602636383 268.359985
OBJECT 0 151.194862938 -32.602417282 205.429993
OBJECT 0 151.194973044 -32.602468459 201.800003
OBJECT 0 151.195098338 -32.602230166 198.429993
OBJECT 0 151.194971146 -32.602180588 202.990005
OBJECT 1 151.193569791 -32.601549159 118.440002
OBJECT 1 151.193548157 -32.601539117 117.070000
OBJECT 1 151.191681426 -32.600718059 118.760002
OBJECT 1 151.191659704 -32.600706008 116.870003
OBJECT 1 151.189792695 -32.599886101 119.139999
OBJECT 1 151.189773093 -32.599874496 119.629997
OBJECT 1 151.188447055 -32.598702580 117.580002
OBJECT 1 151.188435135 -32.598704440 205.460007
OBJECT 1 151.188330060 -32.598890039 116.260002
OBJECT 1 151.188332709 -32.598875161 206.559998
OBJECT 1 151.187882222 -32.599032472 124.739998
OBJECT 1 151.187899340 -32.599041297 124.290001
OBJECT 1 151.187915436 -32.599051413 123.080002
OBJECT 1 151.187934854 -32.599062391 122.260002
OBJECT 1 151.187884893 -32.599025232 31.709999
OBJECT 1 151.187895573 -32.599011092 30.219999
OBJECT 1 151.187906254 -32.598996310 31.940001
OBJECT 1 151.188309422 -32.598350103 210.339996
OBJECT 1 151.188317516 -32.598337395 210.860001
OBJECT 1 151.188325610 -32.598324687 209.449997
OBJECT 1 151.188332233 -32.598315388 120.739998
OBJECT 1 151.188353939 -32.598325927 120.129997
OBJECT 1 151.188371599 -32.598334915 118.570000
OBJECT 1 151.188388155 -32.598343594 116.980003
OBJECT 1 151.190211445 -32.599142666 295.119995
OBJECT 1 151.190227923 -32.599155623 119.839996
OBJECT 1 151.192100993 -32.599984879 297.790009
OBJECT 1 151.192114176 -32.599992283 119.089996
OBJECT 1 151.193981774 -32.600828017 300.660004
OBJECT 1 151.194001549 -32.600837272 117.919998
OBJECT 1 151.195869168 -32.601666528 294.839996
OBJECT 1 151.195881252 -32.601671156 119.379997
OBJECT 1 151.197699360 -32.602475886 297.760010
OBJECT 1 151.197715839 -32.602482056 297.140015
OBJECT 1 151.197729572 -32.602489768 297.100006
OBJECT 1 151.197743305 -32.602498252 297.339996
OBJECT 1 151.197750629 -32.602502880 209.559998
OBJECT 1 151.197740558 -32.602518305 209.320007
OBJECT 1 151.197730488 -32.602533730 208.550003
OBJECT 1 151.197717670 -32.602547613 207.460007
OBJECT 1 151.197210475 -32.602829893 300.260010
OBJECT 1 151.197324914 -32.602640935 298.010010
OBJECT 1 151.197330408 -32.602647876 30.070000
OBJECT 1 151.197217799 -32.602828350 204.119995
OBJECT 1 151.197336997 -32.603201336 28.709999
OBJECT 1 151.197326842 -32.603213238 206.570007
OBJECT 1 151.195452979 -32.602379824 119.050003
OBJECT 1 151.195435496 -32.602370005 119.150002
OBJECT 2 151.196970276 -32.603335279 103.120003
OBJECT 3 151.197079040 -32.603374150 101.730003
OBJECT 3 151.194377579 -32.602697124 188.440002
OBJECT 4 151.195662474 -32.603104000 190.929993
OBJECT 4 151.195539784 -32.603083912 190.929993
OBJECT 4 151.195417200 -32.603064137 190.929993
OBJECT 5 151.188237366 -32.601176550 201.300003
OBJECT 6 151.188567682 -32.601516237 188.729996
OBJECT 7 151.188699844 -32.601674878 276.200012
OBJECT 7 151.188906276 -32.601704682 185.270004
OBJECT 6 151.190520371 -32.601901088 104.040001
OBJECT 8 151.191195026 -32.602076575 186.830002
OBJECT 3 151.191457872 -32.601916031 98.129997
BEGIN_POLYGON 0 10 3
BEGIN_WINDING
POLYGON_POINT 151.191406508 -32.601906898 0.000000000
POLYGON_POINT 151.191432142 -32.601790438 0.000000000
POLYGON_POINT 151.191184956 -32.601752646 0.000000000
END_WINDING
END_POLYGON
OBJECT 9 151.191294816 -32.601855995 189.419998
OBJECT 8 151.191200519 -32.601999449 277.630005
OBJECT 10 151.194218113 -32.602557027 97.339996
OBJECT 11 151.191466190 -32.602008353 97.180000
OBJECT 11 151.196946556 -32.603375765 282.200012
OBJECT 11 151.195751961 -32.603189385 178.570007
OBJECT 11 151.195318492 -32.603126747 209.050003
OBJECT 11 151.194228036 -32.602643026 175.600006
OBJECT 11 151.194182260 -32.602632229 199.059998
OBJECT 12 151.194032116 -32.602528880 187.119995
OBJECT 13 151.195265462 -32.603125276 5.190000
OBJECT 14 151.194394172 -32.602631289 93.559998
OBJECT 11 151.188573795 -32.601700714 277.309998
OBJECT 11 151.188927105 -32.601809554 175.520004
OBJECT 15 151.194149302 -32.602434787 162.649994
OBJECT 15 151.189115426 -32.601342458 108.440002
OBJECT 15 151.189291145 -32.601858204 160.559998
OBJECT 15 151.188701638 -32.601466619 0.000000
OBJECT 15 151.199522482 -32.603973716 0.000000
OBJECT 15 151.199613176 -32.603949839 212.470001
OBJECT 15 151.199426119 -32.603925962 132.399994
OBJECT 15 151.198955641 -32.603763598 267.140015
OBJECT 15 151.198876283 -32.603730170 126.870003
OBJECT 15 151.197555544 -32.603715843 135.000000
OBJECT 15 151.197697254 -32.603563030 246.369995
OBJECT 15 151.197697254 -32.603534377 90.000000
OBJECT 15 151.193173880 -32.598415124 247.380005
OBJECT 15 151.193599003 -32.598300514 220.910004
OBJECT 15 151.193457295 -32.598701650 174.809998
OBJECT 15 151.193542319 -32.598577489 12.530000
OBJECT 15 151.193406280 -32.598563163 131.990005
OBJECT 15 151.193219226 -32.598486756 240.639999
OBJECT 15 151.193332592 -32.598319616 180.000000
OBJECT 15 151.190345892 -32.602067808 171.869995
OBJECT 15 151.190396010 -32.601954579 212.009995
OBJECT 15 151.190414234 -32.601864379 174.429993
OBJECT 15 151.190853900 -32.602012153 15.950000
OBJECT 15 151.190739997 -32.602094676 22.830000
OBJECT 15 151.190828842 -32.602250125 98.129997
OBJECT 15 151.190717217 -32.602205985 101.769997
OBJECT 15 151.190683046 -32.602150330 155.559998
OBJECT 15 151.190703548 -32.602021748 209.479996
OBJECT 15 151.190708104 -32.601929630 193.630005
OBJECT 15 151.191783350 -32.602344163 0.000000
OBJECT 15 151.191667169 -32.602146492 147.800003
OBJECT 15 151.191626164 -32.602085080 144.830002
OBJECT 15 151.191487202 -32.602190632 33.689999
OBJECT 15 151.191380133 -32.602294266 101.820000
OBJECT 15 151.191243449 -32.602209824 100.779999
OBJECT 15 151.191200166 -32.602271236 104.040001
OBJECT 15 151.191020199 -32.601852865 192.800003
OBJECT 15 151.191079429 -32.601850945 208.809998
OBJECT 15 151.191446197 -32.601707010 0.000000
OBJECT 15 151.191348240 -32.601703172 148.740005
OBJECT 15 151.191685393 -32.601921953 244.979996
OBJECT 15 151.191687671 -32.601799129 167.009995
OBJECT 15 151.191979263 -32.602146492 153.440002
OBJECT 15 151.191874473 -32.602144573 88.639999
OBJECT 15 151.192667238 -32.602666578 264.809998
OBJECT 15 151.192619399 -32.602580217 270.000000
OBJECT 15 151.192503218 -32.602584055 145.979996
OBJECT 15 151.191956483 -32.602614761 138.809998
OBJECT 15 151.191806131 -32.602397899 158.199997
OBJECT 15 151.191774238 -32.602290427 180.000000
OBJECT 15 151.192036215 -32.602524562 10.740000
OBJECT 15 151.191915478 -32.602369112 150.070007
OBJECT 15 151.191838627 -32.602233140 43.090000
OBJECT 15 151.191802922 -32.602132876 129.089996
OBJECT 15 151.191740667 -32.602071176 24.360001
OBJECT 15 151.191659187 -32.601980167 143.330002
OBJECT 15 151.190949671 -32.601940833 86.190002
OBJECT 15 151.190954248 -32.602024900 180.000000
OBJECT 15 151.190914882 -32.602188407 18.809999
OBJECT 15 151.190883754 -32.602281729 13.880000
OBJECT 15 151.190971643 -32.602311808 35.220001
OBJECT 15 151.191042137 -32.602169897 141.559998
OBJECT 15 151.191066855 -32.602053437 217.059998
OBJECT 15 151.191099814 -32.601937748 104.930000
OBJECT 15 151.191151082 -32.601818203 192.850006
BEGIN_POLYGON 1 10 3
BEGIN_WINDING
POLYGON_POINT 151.187697347 -32.601970545 0.000000000
POLYGON_POINT 151.187760339 -32.601648868 0.000000000
POLYGON_POINT 151.187980774 -32.600488175 0.000000000
POLYGON_POINT 151.188205145 -32.599350696 0.000000000
END_WINDING
END_POLYGON
BEGIN_POLYGON 1 10 3
BEGIN_WINDING
POLYGON_POINT 151.190291347 -32.600269301 0.000000000
POLYGON_POINT 151.190098464 -32.601317241 0.000000000
POLYGON_POINT 151.189897708 -32.602365181 0.000000000
POLYGON_POINT 151.191909205 -32.602633798 0.000000000
END_WINDING
END_POLYGON
BEGIN_POLYGON 1 10 3
BEGIN_WINDING
POLYGON_POINT 151.191247891 -32.600673886 0.000000000
POLYGON_POINT 151.190976280 -32.601934066 0.000000000
END_WINDING
END_POLYGON
BEGIN_POLYGON 1 10 3
BEGIN_WINDING
POLYGON_POINT 151.187646149 -32.598969325 0.000000000
POLYGON_POINT 151.187736684 -32.599128506 0.000000000
POLYGON_POINT 151.190322849 -32.600269301 0.000000000
POLYGON_POINT 151.191259694 -32.600673886 0.000000000
POLYGON_POINT 151.193220023 -32.601536115 0.000000000
POLYGON_POINT 151.192983840 -32.602792979 0.000000000
POLYGON_POINT 151.192094215 -32.602657012 0.000000000
END_WINDING
END_POLYGON
BEGIN_POLYGON 1 10 3
BEGIN_WINDING
POLYGON_POINT 151.198161524 -32.603607261 0.000000000
POLYGON_POINT 151.199211447 -32.603779992 0.000000000
POLYGON_POINT 151.198850934 -32.603441892 0.000000000
POLYGON_POINT 151.198504025 -32.602949069 0.000000000
POLYGON_POINT 151.197919042 -32.602307252 0.000000000
POLYGON_POINT 151.197184359 -32.601539364 0.000000000
POLYGON_POINT 151.196402128 -32.600782937 0.000000000
POLYGON_POINT 151.195715125 -32.600060893 0.000000000
POLYGON_POINT 151.194905686 -32.599241431 0.000000000
POLYGON_POINT 151.194259464 -32.598645458 0.000000000
POLYGON_POINT 151.193620083 -32.598209939 0.000000000
POLYGON_POINT 151.192824258 -32.597946336 0.000000000
POLYGON_POINT 151.192218887 -32.597808804 0.000000000
POLYGON_POINT 151.191321032 -32.597722846 0.000000000
POLYGON_POINT 151.190137501 -32.597860379 0.000000000
POLYGON_POINT 151.188053524 -32.598183793 0.000000000
POLYGON_POINT 151.187605217 -32.598262093 0.000000000
POLYGON_POINT 151.187214316 -32.598326576 0.000000000
POLYGON_POINT 151.187471272 -32.598715777 0.000000000
POLYGON_POINT 151.187646221 -32.598969103 0.000000000
END_WINDING
END_POLYGON
FILTER -1
OBJECT_DEF lib/airport/Common_Elements/Runway_Markers/Sheet_Metal/Yellow_Black_Bent.obj
OBJECT_DEF lib/airport/Common_Elements/Runway_Markers/Barrels/White_Black.obj
OBJECT_DEF lib/g10/US/industrial/light/SiteOffice3x10.obj
OBJECT_DEF lib/g10/US/industrial/light/WoodShed8x10.obj
OBJECT_DEF lib/airport/Common_Elements/Hangars/Sm_Gray_Hangar.agp
OBJECT_DEF lib/g10/US/suburban/dGrgSmlWht.obj
OBJECT_DEF lib/g10/US/industrial/light/WoodShed8x20.obj
OBJECT_DEF lib/g10/US/suburban/L-RnchLHRd.obj
OBJECT_DEF lib/g10/US/suburban/T-RnchRHRd.obj
OBJECT_DEF lib/g10/global_objects/ResPoolSmall.obj
OBJECT_DEF lib/g10/US/industrial/light/TinShed10x30Lt.obj
OBJECT_DEF lib/cars/car_static.obj
OBJECT_DEF lib/airport/Common_Elements/Vehicles/caravans/caravan_new_10m_double.obj
OBJECT_DEF lib/airport/Common_Elements/Fueling_Stations/fuel_station_white_avgasUL91.obj
OBJECT_DEF lib/airport/Common_Elements/Miscellaneous/Blue_Dumpster.obj
OBJECT_DEF lib/g10/forests/autogen_tree_any.obj
POLYGON_DEF lib/g10/global_objects/fence_res_mid.fac
POLYGON_DEF lib/g10/global_objects/fencing_Industrial_1.fac
PROPERTY sim/filter/aptid YSGT
PROPERTY sim/exclude_obj 151.193849/-32.604157/151.198316/-32.597661
PROPERTY sim/exclude_for 151.193849/-32.604157/151.198316/-32.597661
PROPERTY sim/exclude_obj 151.190159/-32.603394/151.194672/-32.597770
PROPERTY sim/exclude_for 151.190159/-32.603394/151.194672/-32.597770
PROPERTY sim/exclude_obj 151.187114/-32.602721/151.191075/-32.598136
PROPERTY sim/exclude_for 151.187114/-32.602721/151.191075/-32.598136
PROPERTY sim/require_agpoint 1/0
PROPERTY sim/require_object 1/0
PROPERTY sim/require_facade 1/0
