PROPERTY sim/west -180
PROPERTY sim/east 180
PROPERTY sim/north 90
PROPERTY sim/south -90
PROPERTY sim/planet earth
PROPERTY sim/creation_agent WorldEditor1.6.1r1
PROPERTY laminar/internal_revision 0
PROPERTY sim/overlay 1
FILTER 0
FILTER -1
FILTER 0
FILTER -1
FILTER 0
FILTER -1
FILTER 0
FILTER -1
FILTER 0
FILTER -1
FILTER 0
OBJECT 0 115.910288100 28.868226736 256.760010
OBJECT 1 115.910264713 28.868227371 87.209999
OBJECT 0 115.910320281 28.867829272 256.760010
OBJECT 1 115.910296894 28.867829907 87.209999
OBJECT 0 115.914366297 28.864821881 311.239990
OBJECT 1 115.914352788 28.864839128 141.690002
OBJECT 0 115.914040697 28.864549276 311.239990
OBJECT 1 115.914027188 28.864566523 141.690002
OBJECT 0 115.911182976 28.865723687 72.680000
OBJECT 1 115.911206824 28.865724783 263.130005
OBJECT 0 115.911145214 28.866176683 72.680000
OBJECT 1 115.911169062 28.866177780 263.130005
OBJECT 0 115.911106286 28.866749796 72.680000
OBJECT 1 115.911130134 28.866750892 263.130005
OBJECT 0 115.911060588 28.867358301 72.680000
OBJECT 1 115.911084436 28.867359397 263.130005
OBJECT 0 115.911030955 28.867796634 72.680000
OBJECT 1 115.911054803 28.867797730 263.130005
OBJECT 0 115.910960088 28.868764976 72.680000
OBJECT 1 115.910983936 28.868766072 263.130005
OBJECT 0 115.910985299 28.868409741 72.680000
OBJECT 1 115.911009147 28.868410838 263.130005
OBJECT 1 115.910755058 28.868893552 210.070007
OBJECT 1 115.910755058 28.868893552 210.070007
OBJECT 0 115.910824556 28.868996397 19.620001
OBJECT 1 115.910837888 28.869013315 210.070007
OBJECT 1 115.910520995 28.868903711 175.600006
OBJECT 1 115.910520995 28.868903711 175.600006
OBJECT 0 115.910511887 28.869022565 345.149994
OBJECT 1 115.910511956 28.869043056 175.600006
OBJECT 1 115.910347210 28.868860257 139.690002
OBJECT 1 115.910347210 28.868860257 139.690002
OBJECT 0 115.910260218 28.868951834 309.239990
OBJECT 1 115.910246548 28.868968464 139.690002
OBJECT 0 115.910258156 28.868661136 256.760010
OBJECT 1 115.910234769 28.868661771 87.209999
OBJECT 0 115.910348655 28.867222802 256.760010
OBJECT 1 115.910325268 28.867223437 87.209999
OBJECT 0 115.910375139 28.866833411 256.760010
OBJECT 1 115.910351752 28.866834046 87.209999
OBJECT 0 115.910409618 28.866364491 256.760010
OBJECT 1 115.910386231 28.866365126 87.209999
OBJECT 0 115.910442659 28.865790008 256.760010
OBJECT 1 115.910419272 28.865791009 87.209999
BEGIN_POLYGON 0 10 4
BEGIN_WINDING
POLYGON_POINT 115.911595003 28.858971101 115.911595003 28.858971101
POLYGON_POINT 115.910794272 28.861343882 115.909480493 28.861718515
POLYGON_POINT 115.908814680 28.860041481 115.908814680 28.860041481
END_WINDING
END_POLYGON
BEGIN_POLYGON 0 10 2
BEGIN_WINDING
POLYGON_POINT 115.909790411 28.863641266
POLYGON_POINT 115.910660060 28.863950337
POLYGON_POINT 115.910597042 28.864998972
POLYGON_POINT 115.909172834 28.864469136
END_WINDING
END_POLYGON
BEGIN_POLYGON 1 10 2
BEGIN_WINDING
POLYGON_POINT 115.911120709 28.864633496
POLYGON_POINT 115.910813158 28.868789743
POLYGON_POINT 115.910401780 28.868743750
POLYGON_POINT 115.910664362 28.864596736
END_WINDING
END_POLYGON
BEGIN_POLYGON 1 10 4
BEGIN_WINDING
POLYGON_POINT 115.911089138 28.864540864 115.911089138 28.864540864
POLYGON_POINT 115.910775499 28.863985118 115.910811969 28.863812645
POLYGON_POINT 115.912117585 28.863621009 115.912496870 28.863448536
POLYGON_POINT 115.912810509 28.863212184 115.912810509 28.863212184
POLYGON_POINT 115.913153325 28.863026936 115.913284616 28.863014160
POLYGON_POINT 115.913299204 28.863129142 115.913299204 28.863129142
POLYGON_POINT 115.913423201 28.863518803 115.913596635 28.863508334
POLYGON_POINT 115.913620137 28.863416596 115.913620137 28.863416596
POLYGON_POINT 115.914262004 28.863997894 115.914262004 28.863997894
POLYGON_POINT 115.914167183 28.864298124 115.914167183 28.864298124
POLYGON_POINT 115.914575644 28.864662234 115.914575644 28.864662234
POLYGON_POINT 115.914480823 28.864745276 115.914480823 28.864745276
POLYGON_POINT 115.913619136 28.864023394 115.913619136 28.864023394
POLYGON_POINT 115.912525050 28.864687734 115.912058239 28.864841043
POLYGON_POINT 115.911095444 28.864949637 115.911095444 28.864949637
END_WINDING
END_POLYGON
OBJECT 0 115.907486118 28.862454005 305.000000
OBJECT 0 115.907318268 28.862070622 305.000000
OBJECT 0 115.907105119 28.861638124 305.000000
OBJECT 0 115.906605386 28.860593835 305.000000
OBJECT 0 115.907485641 28.862454005 305.000000
OBJECT 0 115.907318268 28.862070622 305.000000
OBJECT 0 115.907104642 28.861637647 305.000000
OBJECT 0 115.906605386 28.860593835 305.000000
OBJECT 0 115.914366029 28.864821537 311.200012
OBJECT 0 115.914040344 28.864548782 311.200012
OBJECT 0 115.914366029 28.864821537 311.200012
OBJECT 0 115.914040344 28.864549259 311.200012
OBJECT 1 115.914352677 28.864838227 141.699997
OBJECT 1 115.914026516 28.864565949 141.699997
OBJECT 1 115.914352677 28.864838704 141.699997
OBJECT 1 115.914026993 28.864566426 141.699997
OBJECT 2 115.905727515 28.862160745 101.000000
OBJECT 2 115.905727039 28.862160745 101.000000
OBJECT 3 115.906122819 28.862984256 101.000000
OBJECT 3 115.905717502 28.862119260 101.000000
OBJECT 3 115.906122819 28.862984256 101.000000
OBJECT 3 115.904531590 28.859194773 101.000000
OBJECT 3 115.905092835 28.860534229 101.000000
OBJECT 3 115.904628389 28.860590497 101.000000
OBJECT 3 115.905717025 28.862119260 101.000000
OBJECT 3 115.907293949 28.862595151 101.000000
OBJECT 3 115.906901029 28.863021450 101.000000
OBJECT 3 115.906444689 28.862437315 101.000000
OBJECT 3 115.907293472 28.862594674 101.000000
OBJECT 3 115.906901029 28.863020973 101.000000
OBJECT 3 115.906444213 28.862437315 101.000000
OBJECT 4 115.906845716 28.861104058 296.000000
OBJECT 4 115.906845716 28.861103581 296.000000
BEGIN_POLYGON 1 10 3
BEGIN_WINDING
POLYGON_POINT 115.907535709 28.861936152 0.000000000
POLYGON_POINT 115.906947760 28.860753578 1.000000000
POLYGON_POINT 115.907738368 28.860489883 0.000000000
POLYGON_POINT 115.908255745 28.861604745 1.000000000
END_WINDING
END_POLYGON
BEGIN_POLYGON 1 10 3
BEGIN_WINDING
POLYGON_POINT 115.907535233 28.861936152 0.000000000
POLYGON_POINT 115.906947283 28.860753101 1.000000000
POLYGON_POINT 115.907737891 28.860489406 0.000000000
POLYGON_POINT 115.908255745 28.861604268 1.000000000
END_WINDING
END_POLYGON
BEGIN_POLYGON 2 10 3
BEGIN_WINDING
POLYGON_POINT 115.906553410 28.860511817 0.000000000
POLYGON_POINT 115.906778004 28.860417402 1.000000000
POLYGON_POINT 115.907816571 28.862470217 0.000000000
POLYGON_POINT 115.907557644 28.862559387 1.000000000
END_WINDING
END_POLYGON
BEGIN_POLYGON 2 10 3
BEGIN_WINDING
POLYGON_POINT 115.906553410 28.860511817 0.000000000
POLYGON_POINT 115.906778004 28.860416925 1.000000000
POLYGON_POINT 115.907816571 28.862470217 0.000000000
POLYGON_POINT 115.907557167 28.862559387 1.000000000
END_WINDING
END_POLYGON
OBJECT 5 115.911228517 28.873075184 289.669983
BEGIN_POLYGON 3 10 2
BEGIN_WINDING
POLYGON_POINT 115.912045661 28.878349733
POLYGON_POINT 115.911865957 28.877874458
POLYGON_POINT 115.912514661 28.877696485
POLYGON_POINT 115.912698402 28.878169724
END_WINDING
END_POLYGON
OBJECT 0 115.910288396 28.868227379 256.799988
OBJECT 0 115.910320344 28.867829690 256.799988
OBJECT 0 115.914366369 28.864822232 311.200012
OBJECT 0 115.914040684 28.864549954 311.200012
OBJECT 0 115.911182956 28.865723945 72.699997
OBJECT 0 115.911145285 28.866176947 72.699997
OBJECT 0 115.911106184 28.866750114 72.699997
OBJECT 0 115.911060883 28.867358568 72.699997
OBJECT 0 115.911030842 28.867797265 72.699997
OBJECT 0 115.910960269 28.868765259 72.699997
OBJECT 0 115.910985542 28.868410010 72.699997
OBJECT 0 115.910824846 28.868997005 19.600000
OBJECT 0 115.910512036 28.869023232 345.100006
OBJECT 0 115.910260262 28.868952182 309.200012
OBJECT 0 115.910258354 28.868661784 256.799988
OBJECT 0 115.910348955 28.867223144 256.799988
OBJECT 0 115.910375181 28.866834039 256.799988
OBJECT 0 115.910409514 28.866364824 256.799988
OBJECT 0 115.910442893 28.865790227 256.799988
OBJECT 0 115.907485981 28.862454700 305.000000
OBJECT 0 115.907318608 28.862071317 305.000000
OBJECT 0 115.907104982 28.861638342 305.000000
OBJECT 0 115.906605726 28.860594530 305.000000
OBJECT 0 115.907485504 28.862454700 305.000000
OBJECT 0 115.907318608 28.862071317 305.000000
OBJECT 0 115.907104505 28.861637865 305.000000
OBJECT 0 115.906605726 28.860594530 305.000000
OBJECT 0 115.914366369 28.864822232 311.200012
OBJECT 0 115.914040684 28.864549001 311.200012
OBJECT 0 115.914366369 28.864822232 311.200012
OBJECT 0 115.914040684 28.864549477 311.200012
OBJECT 1 115.910265030 28.868227855 87.199997
OBJECT 1 115.910296979 28.867830167 87.199997
OBJECT 1 115.914353017 28.864839399 141.699997
OBJECT 1 115.914027333 28.864567121 141.699997
OBJECT 1 115.911206798 28.865725376 263.100006
OBJECT 1 115.911169127 28.866178378 263.100006
OBJECT 1 115.911130026 28.866751545 263.100006
OBJECT 1 115.911084726 28.867359998 263.100006
OBJECT 1 115.911054685 28.867798219 263.100006
OBJECT 1 115.910984112 28.868766690 263.100006
OBJECT 1 115.911009384 28.868411440 263.100006
OBJECT 1 115.910755226 28.868894007 210.089996
OBJECT 1 115.910755226 28.868894007 210.089996
OBJECT 1 115.910838197 28.869013695 210.089996
OBJECT 1 115.910521096 28.868904021 175.600006
OBJECT 1 115.910521096 28.868904021 175.600006
OBJECT 1 115.910512036 28.869043736 175.600006
OBJECT 1 115.910347524 28.868860628 139.699997
OBJECT 1 115.910347524 28.868860628 139.699997
OBJECT 1 115.910246433 28.868968872 139.699997
OBJECT 1 115.910234989 28.868662261 87.199997
OBJECT 1 115.910325589 28.867224098 87.199997
OBJECT 1 115.910351816 28.866834516 87.199997
OBJECT 1 115.910386149 28.866365778 87.199997
OBJECT 1 115.910419528 28.865791657 87.199997
OBJECT 1 115.914353017 28.864838445 141.699997
OBJECT 1 115.914026379 28.864566167 141.699997
OBJECT 1 115.914353017 28.864838922 141.699997
OBJECT 1 115.914026856 28.864566644 141.699997
OBJECT 2 115.905727379 28.862161440 101.000000
OBJECT 2 115.905726902 28.862161440 101.000000
OBJECT 2 115.901299878 28.859701877 0.000000
OBJECT 2 115.901128691 28.859498741 0.000000
OBJECT 2 115.901267929 28.859925517 0.000000
OBJECT 2 115.901268883 28.860145342 0.000000
OBJECT 2 115.901341363 28.860224975 0.000000
OBJECT 2 115.901225013 28.860404269 0.000000
OBJECT 2 115.900237945 28.859856851 28.000000
OBJECT 2 115.904380770 28.867355230 0.000000
OBJECT 2 115.905196651 28.867941272 0.000000
OBJECT 2 115.905603876 28.868300336 0.000000
OBJECT 2 115.904917697 28.867769131 0.000000
OBJECT 2 115.905374990 28.868044747 0.000000
OBJECT 2 115.904654955 28.867562181 0.000000
OBJECT 2 115.905374990 28.868044747 0.000000
OBJECT 2 115.905820840 28.868058576 0.000000
OBJECT 2 115.905642023 28.868206397 0.000000
OBJECT 2 115.905882353 28.868461986 0.000000
OBJECT 2 115.905642023 28.868206397 0.000000
OBJECT 2 115.904647803 28.867516880 0.000000
OBJECT 2 115.905184730 28.867930781 0.000000
OBJECT 2 115.905980583 28.867854963 0.000000
OBJECT 2 115.904921988 28.867723831 0.000000
OBJECT 2 115.906145571 28.868296044 0.000000
OBJECT 2 115.906008240 28.869977398 0.000000
OBJECT 2 115.905499447 28.869540131 0.000000
OBJECT 2 115.906071183 28.870006962 0.000000
OBJECT 2 115.905084592 28.869287881 0.000000
OBJECT 2 115.905817979 28.869863909 0.000000
OBJECT 2 115.905877108 28.869766632 0.000000
OBJECT 2 115.905550946 28.869701781 0.000000
OBJECT 2 115.905281052 28.869450008 0.000000
OBJECT 2 115.905288205 28.869494831 0.000000
OBJECT 2 115.906237125 28.870232986 0.000000
OBJECT 2 115.907071126 28.868416209 21.000000
OBJECT 2 115.906610971 28.867815385 21.000000
OBJECT 2 115.907026780 28.868625067 21.000000
OBJECT 2 115.906275273 28.870139525 0.000000
OBJECT 2 115.906275273 28.870139525 0.000000
OBJECT 2 115.906613832 28.869788090 0.000000
OBJECT 2 115.906454089 28.869991226 0.000000
OBJECT 2 115.906778820 28.870229171 0.000000
OBJECT 3 115.906123159 28.862984951 101.000000
OBJECT 3 115.905717365 28.862119955 101.000000
OBJECT 3 115.906123159 28.862984951 101.000000
OBJECT 3 115.904531930 28.859194991 101.000000
OBJECT 3 115.904787041 28.861920157 101.000000
OBJECT 3 115.904628252 28.860591192 101.000000
OBJECT 3 115.905716888 28.862119955 101.000000
OBJECT 3 115.905579080 28.864072156 101.000000
OBJECT 3 115.907293812 28.862595369 101.000000
OBJECT 3 115.906901369 28.863021668 101.000000
OBJECT 3 115.906444553 28.862438010 101.000000
OBJECT 3 115.907293336 28.862594892 101.000000
OBJECT 3 115.906901369 28.863021668 101.000000
OBJECT 3 115.906444076 28.862438010 101.000000
OBJECT 3 115.906915198 28.865136950 101.000000
OBJECT 3 115.907236114 28.864590009 101.000000
OBJECT 3 115.908085851 28.864747368 101.000000
OBJECT 3 115.906508927 28.864271954 101.000000
OBJECT 3 115.907952335 28.866042954 101.000000
OBJECT 3 115.908273251 28.865496014 101.000000
OBJECT 3 115.909122988 28.865653372 101.000000
OBJECT 3 115.907546063 28.865177958 101.000000
OBJECT 3 115.906616217 28.864978161 101.000000
OBJECT 3 115.908201247 28.867528801 101.000000
OBJECT 3 115.908522164 28.866981861 101.000000
OBJECT 3 115.909371901 28.867139220 101.000000
OBJECT 3 115.907794976 28.866663806 101.000000
OBJECT 3 115.906865129 28.866464008 101.000000
OBJECT 3 115.908947986 28.869413291 101.000000
OBJECT 3 115.909268902 28.868866350 101.000000
OBJECT 3 115.910118639 28.869023709 101.000000
OBJECT 3 115.908541714 28.868548295 101.000000
OBJECT 3 115.907611868 28.868348497 101.000000
OBJECT 3 115.909819181 28.871225299 101.000000
OBJECT 3 115.910140097 28.870678359 101.000000
OBJECT 3 115.910989834 28.870835718 101.000000
OBJECT 3 115.909412909 28.870360304 101.000000
OBJECT 3 115.908483062 28.870160506 101.000000
OBJECT 3 115.912392710 28.867297532 172.000000
OBJECT 3 115.911982624 28.866815919 172.000000
OBJECT 3 115.912405585 28.866063935 172.000000
OBJECT 3 115.911443790 28.867399100 172.000000
OBJECT 3 115.910950732 28.868214981 172.000000
OBJECT 3 115.910737106 28.871020256 172.000000
OBJECT 3 115.911768997 28.869621195 172.000000
OBJECT 3 115.912179084 28.870102808 172.000000
OBJECT 3 115.911230163 28.870204376 172.000000
OBJECT 3 115.912191958 28.868869211 172.000000
OBJECT 3 115.910636492 28.874853609 97.000000
OBJECT 3 115.907498379 28.868397135 101.000000
OBJECT 3 115.911406119 28.875948444 289.000000
OBJECT 4 115.906846056 28.861104276 296.000000
OBJECT 4 115.906846056 28.861103799 296.000000
OBJECT 6 115.896028363 28.850362879 0.000000
OBJECT 6 115.896358816 28.850219348 0.000000
OBJECT 6 115.896649691 28.850096323 0.000000
OBJECT 6 115.896929599 28.849983787 0.000000
OBJECT 6 115.896968223 28.851294156 0.000000
OBJECT 6 115.896637770 28.851437686 0.000000
OBJECT 6 115.897259098 28.851171130 0.000000
OBJECT 6 115.897192817 28.851339933 27.000000
OBJECT 6 115.897420748 28.851061933 27.000000
OBJECT 6 115.897823205 28.850592241 27.000000
OBJECT 6 115.897624361 28.850819696 27.000000
OBJECT 6 115.912176699 28.865454051 0.000000
OBJECT 7 115.899336709 28.855132277 0.000000
OBJECT 7 115.899049649 28.855188544 0.000000
OBJECT 7 115.899394884 28.854988746 0.000000
OBJECT 7 115.901416228 28.858495937 0.000000
OBJECT 7 115.898659590 28.855168517 0.000000
OBJECT 7 115.898705367 28.855485618 0.000000
OBJECT 7 115.913116560 28.865393015 0.000000
OBJECT 7 115.913942454 28.869905871 0.000000
OBJECT 7 115.913711662 28.870006008 21.990000
OBJECT 7 115.913208591 28.871083200 0.000000
OBJECT 7 115.912977798 28.871183337 21.990000
OBJECT 7 115.912624933 28.871258679 0.000000
OBJECT 7 115.912394141 28.871358816 21.990000
OBJECT 7 115.911862936 28.871507115 180.000000
OBJECT 7 115.911510071 28.871586271 202.000000
OBJECT 7 115.911280232 28.871688315 180.000000
OBJECT 7 115.912092775 28.871405070 202.000000
OBJECT 7 115.909303235 28.872318227 202.000000
OBJECT 7 115.909073396 28.872420272 180.000000
OBJECT 7 115.911001755 28.871815156 0.000000
OBJECT 7 115.909885939 28.872137026 202.000000
OBJECT 7 115.910187304 28.872090772 21.990000
OBJECT 7 115.910418097 28.871990635 0.000000
OBJECT 7 115.909656100 28.872239071 180.000000
OBJECT 7 115.906521801 28.866776341 21.000000
OBJECT 7 115.906665332 28.870358396 0.000000
OBJECT 7 115.907158389 28.870494774 0.000000
OBJECT 7 115.906770714 28.870089933 0.000000
OBJECT 7 115.908662833 28.874890803 31.000000
OBJECT 7 115.909111067 28.874420634 31.000000
OBJECT 7 115.908786812 28.874584668 31.000000
OBJECT 7 115.909465839 28.874755379 31.000000
OBJECT 7 115.909141585 28.874919413 31.000000
OBJECT 7 115.909321832 28.874857424 115.000000
OBJECT 7 115.908751526 28.873398280 115.000000
OBJECT 7 115.909075780 28.874300469 0.000000
OBJECT 7 115.908784905 28.873661021 0.000000
OBJECT 7 115.908895533 28.873841268 0.000000
OBJECT 7 115.909046216 28.874056325 50.000000
OBJECT 7 115.909346628 28.873162242 115.000000
OBJECT 7 115.909670882 28.874064431 0.000000
OBJECT 7 115.909380007 28.873424983 0.000000
OBJECT 7 115.909490635 28.873605230 0.000000
OBJECT 7 115.909641318 28.873820287 50.000000
OBJECT 7 115.908321412 28.872156100 115.000000
OBJECT 7 115.908645666 28.873058289 0.000000
OBJECT 7 115.908354791 28.872418841 0.000000
OBJECT 7 115.908465419 28.872599088 0.000000
OBJECT 7 115.908616102 28.872814145 50.000000
OBJECT 7 115.908808747 28.872095064 115.000000
OBJECT 7 115.909133001 28.872997253 0.000000
OBJECT 7 115.908842126 28.872357805 0.000000
OBJECT 7 115.908952754 28.872538052 0.000000
OBJECT 7 115.909103437 28.872753109 50.000000
OBJECT 7 115.907672427 28.871186198 115.000000
OBJECT 7 115.907996681 28.872088388 0.000000
OBJECT 7 115.907705806 28.871448939 0.000000
OBJECT 7 115.907816434 28.871629187 0.000000
OBJECT 7 115.907967117 28.871844244 50.000000
OBJECT 7 115.908343824 28.870860037 115.000000
OBJECT 7 115.908668078 28.871762226 0.000000
OBJECT 7 115.908377203 28.871122778 0.000000
OBJECT 7 115.908487831 28.871303025 0.000000
OBJECT 7 115.908638514 28.871518082 50.000000
OBJECT 7 115.907030117 28.870075628 115.000000
OBJECT 7 115.907354372 28.870977817 0.000000
OBJECT 7 115.907063497 28.870338369 0.000000
OBJECT 7 115.907174125 28.870518616 0.000000
OBJECT 7 115.907324807 28.870733673 50.000000
OBJECT 7 115.907976177 28.869882506 115.000000
OBJECT 7 115.908300431 28.870784695 0.000000
OBJECT 7 115.908009556 28.870145247 0.000000
OBJECT 7 115.908120184 28.870325494 0.000000
OBJECT 7 115.908270867 28.870540551 50.000000
OBJECT 7 115.908338579 28.875054837 31.000000
OBJECT 7 115.910162985 28.877378977 31.000000
OBJECT 7 115.910517758 28.877713722 31.000000
OBJECT 7 115.910487240 28.877214942 31.000000
OBJECT 7 115.909714752 28.877849145 31.000000
OBJECT 7 115.910039006 28.877685111 31.000000
OBJECT 7 115.910234989 28.876861124 0.000000
OBJECT 7 115.910205425 28.876616979 50.000000
OBJECT 7 115.910054742 28.876401923 0.000000
OBJECT 7 115.909944114 28.876221675 0.000000
OBJECT 7 115.909910735 28.875958934 115.000000
OBJECT 7 115.909646086 28.875759613 0.000000
OBJECT 7 115.909355211 28.875120165 0.000000
OBJECT 7 115.909465839 28.875300412 0.000000
OBJECT 7 115.909616522 28.875515469 50.000000
OBJECT 8 115.901538300 28.859125372 0.000000
OBJECT 8 115.901060025 28.860989834 0.000000
OBJECT 8 115.913534276 28.864965763 0.000000
OBJECT 8 115.912872892 28.865148871 0.000000
OBJECT 8 115.912839036 28.870366503 0.000000
OBJECT 8 115.914723526 28.869576848 0.000000
OBJECT 8 115.907083524 28.869231613 21.000000
OBJECT 8 115.906860838 28.867319944 21.000000
OBJECT 9 115.908740715 28.863809213 328.820007
BEGIN_POLYGON 0 10 3
BEGIN_WINDING
POLYGON_POINT 115.909790570 28.863641566 0.000000000
POLYGON_POINT 115.910660334 28.863950561 0.000000000
POLYGON_POINT 115.910596914 28.864999619 0.000000000
POLYGON_POINT 115.909173056 28.864469368 0.000000000
END_WINDING
END_POLYGON
BEGIN_POLYGON 1 10 3
BEGIN_WINDING
POLYGON_POINT 115.911120966 28.864633879 0.000000000
POLYGON_POINT 115.910813401 28.868790055 0.000000000
POLYGON_POINT 115.910401884 28.868744278 0.000000000
POLYGON_POINT 115.910664626 28.864597162 0.000000000
END_WINDING
END_POLYGON
BEGIN_POLYGON 1 10 3
BEGIN_WINDING
POLYGON_POINT 115.907535573 28.861936847 0.000000000
POLYGON_POINT 115.906947623 28.860753796 1.000000000
POLYGON_POINT 115.907738231 28.860490101 0.000000000
POLYGON_POINT 115.908256085 28.861604963 1.000000000
END_WINDING
END_POLYGON
BEGIN_POLYGON 1 10 3
BEGIN_WINDING
POLYGON_POINT 115.907535096 28.861936847 0.000000000
POLYGON_POINT 115.906947147 28.860753319 1.000000000
POLYGON_POINT 115.907737755 28.860489624 0.000000000
POLYGON_POINT 115.908256085 28.861604486 1.000000000
END_WINDING
END_POLYGON
BEGIN_POLYGON 2 10 3
BEGIN_WINDING
POLYGON_POINT 115.906553750 28.860512512 0.000000000
POLYGON_POINT 115.906778344 28.860417620 1.000000000
POLYGON_POINT 115.907816911 28.862470912 0.000000000
POLYGON_POINT 115.907557507 28.862560082 1.000000000
END_WINDING
END_POLYGON
BEGIN_POLYGON 2 10 3
BEGIN_WINDING
POLYGON_POINT 115.906553750 28.860512512 0.000000000
POLYGON_POINT 115.906778344 28.860417144 1.000000000
POLYGON_POINT 115.907816911 28.862470912 0.000000000
POLYGON_POINT 115.907557031 28.862560082 1.000000000
END_WINDING
END_POLYGON
BEGIN_POLYGON 0 10 5
BEGIN_WINDING
POLYGON_POINT 115.911594949 28.858971351 0.000000000 115.911594949 28.858971351
POLYGON_POINT 115.910794327 28.861344129 0.000000000 115.909480621 28.861718929
POLYGON_POINT 115.908814946 28.860041867 0.000000000 115.908814946 28.860041867
END_WINDING
END_POLYGON
BEGIN_POLYGON 1 10 5
BEGIN_WINDING
POLYGON_POINT 115.911089017 28.864541371 0.000000000 115.911089017 28.864541371
POLYGON_POINT 115.910775731 28.863985370 0.000000000 115.910811971 28.863813229
POLYGON_POINT 115.912117571 28.863621538 0.000000000 115.912497139 28.863448920
POLYGON_POINT 115.912810426 28.863212406 0.000000000 115.912810426 28.863212406
POLYGON_POINT 115.913153277 28.863027390 0.000000000 115.913284886 28.863014515
POLYGON_POINT 115.913299191 28.863129435 0.000000000 115.913299191 28.863129435
POLYGON_POINT 115.913423171 28.863519493 0.000000000 115.913596742 28.863509002
POLYGON_POINT 115.913620108 28.863416972 0.000000000 115.913620108 28.863416972
POLYGON_POINT 115.914261940 28.863998245 0.000000000 115.914261940 28.863998245
POLYGON_POINT 115.914167048 28.864298657 0.000000000 115.914167048 28.864298657
POLYGON_POINT 115.914575704 28.864662490 0.000000000 115.914575704 28.864662490
POLYGON_POINT 115.914480812 28.864745937 0.000000000 115.914480812 28.864745937
POLYGON_POINT 115.913619154 28.864023995 0.000000000 115.913619154 28.864023995
POLYGON_POINT 115.912525273 28.864688239 0.000000000 115.912058442 28.864841306
POLYGON_POINT 115.911095693 28.864950027 0.000000000 115.911095693 28.864950027
END_WINDING
END_POLYGON
FILTER -1
OBJECT_DEF lib/airport/Ramp_Equipment/500cm_Jetway_Group.agp
OBJECT_DEF lib/airport/Ramp_Equipment/JetWayEx_16m.obj
OBJECT_DEF lib/airport/Common_Elements/Parking/Grunge2_Med.obj
OBJECT_DEF lib/airport/Common_Elements/Parking/Grunge2_XXLg.obj
OBJECT_DEF lib/airport/Ramp_Equipment/400cm_Jetway_Group.agp
OBJECT_DEF lib/airport/Common_Elements/Misc_Buildings/Small_Office_1.agp
OBJECT_DEF lib/airport/Common_Elements/Parking/Grunge1_Med.obj
OBJECT_DEF lib/airport/Common_Elements/Parking/Grunge2_Lg.obj
OBJECT_DEF lib/airport/Common_Elements/Parking/Grunge2_XLg.obj
OBJECT_DEF lib/airport/Classic_Airports/Control_Towers/Classic_Tower_2.agp
POLYGON_DEF lib/airport/Common_Elements/Fence_Facades/Fenced_Parking.fac
POLYGON_DEF lib/airport/Classic_Airports/Facades/classic1.fac
POLYGON_DEF lib/airport/Classic_Airports/Facades/classic2.fac
POLYGON_DEF lib/airport/Common_Elements/Misc_Buildings/Blue_Warehouse.fac
PROPERTY sim/filter/aptid ZSCN
PROPERTY sim/exclude_fac 115.895294/28.841596/115.916542/28.880470
PROPERTY sim/exclude_for 115.894592/28.841071/115.916458/28.880595
PROPERTY sim/exclude_obj 115.894966/28.841161/115.916679/28.881425
PROPERTY sim/exclude_fac 115.895294/28.841596/115.916542/28.880470
PROPERTY sim/exclude_for 115.894592/28.841071/115.916458/28.880595
PROPERTY sim/exclude_obj 115.894966/28.841161/115.916679/28.881425
PROPERTY sim/exclude_net 115.897430/28.859966/115.905327/28.866328
PROPERTY sim/exclude_net 115.894340/28.858835/115.902244/28.865197
PROPERTY sim/exclude_net 115.893387/28.857194/115.901283/28.863557
PROPERTY sim/exclude_net 115.892799/28.855685/115.900695/28.862048
PROPERTY sim/exclude_net 115.891838/28.853914/115.899734/28.860276
PROPERTY sim/exclude_net 115.891357/28.852798/115.899254/28.859163
PROPERTY sim/exclude_net 115.890236/28.850633/115.898132/28.856998
PROPERTY sim/exclude_net 115.898727/28.864312/115.915362/28.877998
PROPERTY sim/exclude_net 115.901504/28.858739/115.907272/28.865995
PROPERTY sim/exclude_net 115.906540/28.862113/115.908470/28.864122
PROPERTY sim/exclude_fac 115.895294/28.841597/115.916542/28.880470
PROPERTY sim/exclude_for 115.894592/28.841072/115.916458/28.880596
PROPERTY sim/exclude_obj 115.894966/28.841162/115.916679/28.881426
PROPERTY sim/exclude_fac 115.895294/28.841597/115.916542/28.880470
PROPERTY sim/exclude_for 115.894592/28.841072/115.916458/28.880596
PROPERTY sim/exclude_obj 115.894966/28.841162/115.916679/28.881426
PROPERTY sim/exclude_net 115.897430/28.859966/115.905327/28.866329
PROPERTY sim/exclude_net 115.894341/28.857928/115.902911/28.865198
PROPERTY sim/exclude_net 115.893387/28.856521/115.901653/28.863558
PROPERTY sim/exclude_net 115.892799/28.855167/115.900933/28.862049
PROPERTY sim/exclude_net 115.891838/28.853668/115.900031/28.860277
PROPERTY sim/exclude_net 115.891357/28.851722/115.899698/28.859163
PROPERTY sim/exclude_net 115.890236/28.849259/115.898665/28.856998
PROPERTY sim/exclude_net 115.902130/28.864443/115.915337/28.881302
PROPERTY sim/exclude_net 115.901505/28.858740/115.907272/28.865995
PROPERTY sim/exclude_net 115.906540/28.862114/115.908470/28.864122
PROPERTY sim/require_agpoint 1/0
PROPERTY sim/require_object 1/0
PROPERTY sim/require_facade 1/0
